0 -0.00392241
0.02 -0.00338878
0.04 -0.00102738
0.06 -0.000850876
0.08 -0.0052573
0.1 -0.00213721
0.12 0.00251281
0.14 0.0012631
0.16 -0.000547687
0.18 -0.00392015
0.2 -0.00603502
0.22 -0.00592227
0.24 -0.00688059
0.26 -0.0102972
0.28 -0.0161791
0.3 -0.0168582
0.32 -0.0127851
0.34 -0.00770123
0.36 -0.0068688
0.38 -0.0100695
0.4 -0.00938613
0.42 -0.00742781
0.44 -0.00557868
0.46 -0.0024383
0.48 0.00156901
0.5 0.00563441
0.52 0.00885009
0.54 0.00405666
0.56 -0.00595106
0.58 -0.00498161
0.6 0.00232301
0.62 0.00416036
0.64 -0.000824102
0.66 -0.00213867
0.68 0.00364795
0.7 0.0060379
0.72 0.00927746
0.74 0.0120743
0.76 0.0101678
0.78 0.00690979
0.8 0.0116118
0.82 0.0152754
0.84 0.00453955
0.86 -0.00306289
0.88 -0.0027716
0.9 -0.00709893
0.92 -0.0122944
0.94 -0.000137574
0.96 0.00865008
0.98 0.00214278
1 0.00159018
1.02 0.00137616
1.04 0.000921362
1.06 0.00226477
1.08 0.00531866
1.1 0.00288388
1.12 -0.00418074
1.14 -0.00409828
1.16 -0.00144548
1.18 -0.00490763
1.2 -0.0147152
1.22 -0.023657
1.24 -0.0186941
1.26 -0.00436458
1.28 0.00317777
1.3 0.00434404
1.32 0.00224219
1.34 0.00101645
1.36 0.00824749
1.38 0.0146798
1.4 0.0158101
1.42 0.0137192
1.44 0.00860495
1.46 0.00668632
1.48 0.00622316
1.5 0.00618122
1.52 0.00161654
1.54 -0.00153855
1.56 -0.0016796
1.58 -0.000844558
1.6 -0.00479847
1.62 -0.00512021
1.64 0.00330959
1.66 0.0112457
1.68 0.0134105
1.7 0.00897592
1.72 0.00648438
1.74 0.00653666
1.76 0.00648179
1.78 0.00963681
1.8 0.0101459
1.82 0.00330379
1.84 -0.00436558
1.86 -0.00329259
1.88 0.00860664
1.9 0.013478
1.92 0.0107136
1.94 0.00951792
1.96 0.00877608
1.98 0.00176629
2 -0.00698163
2.02 0.00114936
2.04 0.00273292
2.06 -0.011416
2.08 -0.0189504
2.1 -0.0150067
2.12 0.000518054
2.14 0.0123146
2.16 0.0120986
2.18 0.0175364
2.2 0.0247418
2.22 0.0187759
2.24 0.0128202
2.26 0.000609733
2.28 -0.0156155
2.3 -0.0136694
2.32 -0.0104413
2.34 -0.0175907
2.36 -0.024989
2.38 -0.0222312
2.4 -0.0103618
2.42 -0.0100634
2.44 -0.0199292
2.46 -0.0211262
2.48 -0.0128851
2.5 -0.00573042
2.52 0.00191079
2.54 0.0121907
2.56 0.0164628
2.58 0.0150799
2.6 0.0197058
2.62 0.0147926
2.64 -0.00476884
2.66 -0.0120098
2.68 -0.0160448
2.7 -0.0207563
2.72 -0.0195711
2.74 -0.028994
2.76 -0.0300019
2.78 -0.00321483
2.8 0.0278643
2.82 0.0428448
2.84 0.0491593
2.86 0.0442843
2.88 0.0311534
2.9 0.0268292
2.92 0.0293889
2.94 0.0285682
2.96 0.0160308
2.98 0.0126132
3 0.0197637
3.02 0.00858377
3.04 -0.0223179
3.06 -0.0439305
3.08 -0.035195
3.1 -0.00420118
3.12 0.0178197
3.14 0.027981
3.16 0.0304228
3.18 0.0173923
3.2 0.00972078
3.22 0.0110548
3.24 0.0155681
3.26 0.0186238
3.28 0.0176526
3.3 0.00643327
3.32 -0.013912
3.34 -0.0309974
3.36 -0.0448524
3.38 -0.0477293
3.4 -0.0439945
3.42 -0.0246294
3.44 0.00449308
3.46 0.0125984
3.48 0.0150916
3.5 0.00880367
3.52 -0.00528633
3.54 -0.00559516
3.56 -0.00549805
3.58 -0.0144963
3.6 -0.0245861
3.62 -0.0325573
3.64 -0.0295064
3.66 -0.0188811
3.68 -0.0111811
3.7 0.00354252
3.72 0.00935743
3.74 0.0154773
3.76 0.0234096
3.78 0.0294764
3.8 0.0184519
3.82 -0.00587434
3.84 -0.0101005
3.86 0.00161685
3.88 0.0097489
3.9 0.00251256
3.92 -0.00428724
3.94 0.00245035
3.96 0.0141043
3.98 0.026922
4 0.0469777
4.02 0.0620608
4.04 0.0759841
4.06 0.0867219
4.08 0.107168
4.1 0.131297
4.12 0.141795
4.14 0.100909
4.16 0.0272067
4.18 -0.0387199
4.2 -0.094774
4.22 -0.0978748
4.24 -0.0744393
4.26 -0.0792405
4.28 -0.115383
4.3 -0.160196
4.32 -0.212815
4.34 -0.231
4.36 -0.222195
4.38 -0.075225
4.4 0.0133311
4.42 -0.00117978
4.44 0.0245606
4.46 0.102094
4.48 0.176318
4.5 0.218356
4.52 0.237742
4.54 0.230039
4.56 0.19058
4.58 0.0530424
4.6 -0.0185123
4.62 -0.0945764
4.64 -0.13934
4.66 -0.0848818
4.68 -0.0208929
4.7 -0.0121829
4.72 -0.0278091
4.74 0.0136132
4.76 0.062762
4.78 0.0851399
4.8 0.0183442
4.82 -0.0930521
4.84 -0.15461
4.86 -0.201792
4.88 -0.190086
4.9 -0.114281
4.92 -0.0327481
4.94 0.0215616
4.96 0.0649471
4.98 0.0928714
5 0.134901
5.02 0.199561
5.04 0.243941
5.06 0.241126
5.08 0.237729
5.1 0.226728
5.12 0.208671
5.14 0.145046
5.16 0.0654115
5.18 0.000132969
5.2 -0.0147708
5.22 0.00552147
5.24 0.0398683
5.26 0.130484
5.28 0.142751
5.3 0.121859
5.32 0.11507
5.34 0.0753464
5.36 -0.00625031
5.38 -0.123494
5.4 -0.190166
5.42 -0.135175
5.44 -0.0743205
5.46 -0.12378
5.48 -0.218385
5.5 -0.281684
5.52 -0.324758
5.54 -0.346015
5.56 -0.363435
5.58 -0.38542
5.6 -0.347475
5.62 -0.247501
5.64 -0.121271
5.66 0.0141311
5.68 0.0396533
5.7 0.0115602
5.72 0.0107184
5.74 0.0102683
5.76 0.0747004
5.78 0.114101
5.8 0.070692
5.82 -0.0611903
5.84 -0.171996
5.86 -0.175093
5.88 -0.113563
5.9 0.012312
5.92 0.0885769
5.94 0.120739
5.96 0.128416
5.98 0.146593
6 0.176246
6.02 0.200087
6.04 0.125692
6.06 -0.0436309
6.08 -0.118109
6.1 -0.143831
6.12 -0.0243827
6.14 0.162156
6.16 0.218312
6.18 0.220857
6.2 0.189341
6.22 0.125112
6.24 0.0566826
6.26 0.0108092
6.28 -0.0671616
6.3 -0.133014
6.32 -0.183803
6.34 -0.161752
6.36 -0.0124255
6.38 0.0570222
6.4 0.115716
6.42 0.15241
6.44 0.154686
6.46 0.126918
6.48 0.0244416
6.5 -0.0547677
6.52 -0.100698
6.54 -0.125386
6.56 -0.0876931
6.58 0.0271321
6.6 0.0847903
6.62 0.0888975
6.64 0.0545037
6.66 0.0112788
6.68 -0.000513848
6.7 0.0192849
6.72 0.0704334
6.74 0.0940418
6.76 0.0325741
6.78 -0.0603892
6.8 -0.121852
6.82 -0.173412
6.84 -0.21014
6.86 -0.221875
6.88 -0.192901
6.9 -0.162263
6.92 -0.152374
6.94 -0.141834
6.96 -0.0812977
6.98 -0.00771669
7 0.0423462
7.02 0.0643734
7.04 0.0229432
7.06 -0.0522642
7.08 -0.0638247
7.1 -0.0209651
7.12 0.0246025
7.14 0.0712911
7.16 0.108765
7.18 0.0923227
7.2 0.0218591
7.22 -0.0103514
7.24 -0.0146017
7.26 -0.0163214
7.28 0.00335541
7.3 0.0312677
7.32 0.0386514
7.34 0.0407975
7.36 0.0726377
7.38 0.10152
7.4 0.11734
7.42 0.106928
7.44 0.0249359
7.46 -0.0450607
7.48 -0.0914505
7.5 -0.138714
7.52 -0.161099
7.54 -0.166397
7.56 -0.112946
7.58 -0.00659069
7.6 0.0792267
7.62 0.162872
7.64 0.221063
7.66 0.237541
7.68 0.23058
7.7 0.174867
7.72 0.106833
7.74 0.0428572
7.76 -0.0087195
7.78 -0.029479
7.8 -0.0402394
7.82 -0.0466036
7.84 -0.0442693
7.86 -0.0216493
7.88 -0.000146164
7.9 -0.0191166
7.92 -0.0609851
7.94 -0.0866132
7.96 -0.0793146
7.98 -0.065994
8 -0.0374591
8.02 0.00230293
8.04 0.014832
8.06 0.00649895
8.08 -0.0136396
8.1 -0.0464373
8.12 -0.0800715
8.14 -0.0985291
8.16 -0.113162
8.18 -0.117481
8.2 -0.107479
8.22 -0.0826864
8.24 -0.0682052
8.26 -0.0776991
8.28 -0.0837903
8.3 -0.0726344
8.32 -0.0421179
8.34 -0.0115105
8.36 0.0149515
8.38 0.0447764
8.4 0.0636547
8.42 0.0749166
8.44 0.071969
8.46 0.0475258
8.48 -0.00104043
8.5 -0.0503543
8.52 -0.0939195
8.54 -0.130419
8.56 -0.159282
8.58 -0.172559
8.6 -0.178854
8.62 -0.153042
8.64 -0.0342005
8.66 0.0555677
8.68 0.118844
8.7 0.197156
8.72 0.236058
8.74 0.234358
8.76 0.165362
8.78 0.0748534
8.8 0.0372142
8.82 0.0262889
8.84 0.0291682
8.86 0.0410143
8.88 0.0510398
8.9 0.0545943
8.92 0.0537251
8.94 0.0499396
8.96 0.0376382
8.98 0.00159223
9 -0.0440234
9.02 -0.0688607
9.04 -0.0899147
9.06 -0.0740897
9.08 -0.0154032
9.1 0.0351364
9.12 0.0725304
9.14 0.0914409
9.16 0.0802481
9.18 0.0402801
9.2 -0.000226485
9.22 -0.0270069
9.24 -0.0358905
9.26 -0.0187803
9.28 0.0202476
9.3 0.0661635
9.32 0.101993
9.34 0.130869
9.36 0.147696
9.38 0.150377
9.4 0.111963
9.42 0.0520187
9.44 0.00984125
9.46 -0.0134978
9.48 -0.0249866
9.5 -0.0259785
9.52 -0.0227272
9.54 -0.0131999
9.56 -0.00406117
9.58 -0.00640666
9.6 -0.0141622
9.62 -0.0282449
9.64 -0.0418492
9.66 -0.050179
9.68 -0.0468238
9.7 -0.0324791
9.72 -0.0159556
9.74 -0.0175076
9.76 -0.0343005
9.78 -0.0518563
9.8 -0.0626424
9.82 -0.0608365
9.84 -0.0444733
9.86 -0.0334028
9.88 -0.0299814
9.9 -0.0292609
9.92 -0.0214524
9.94 -0.010588
9.96 -0.0102011
9.98 -0.0263952
10 -0.0363368
10.02 -0.023
10.04 0.00287773
10.06 0.0246795
10.08 0.0473667
10.1 0.0593388
10.12 0.0752337
10.14 0.0906472
10.16 0.108124
10.18 0.104583
10.2 0.0137585
10.22 -0.0202389
10.24 -0.0367463
10.26 -0.0452049
10.28 -0.0323965
10.3 -0.0241516
10.32 -0.0148316
10.34 -0.0143509
10.36 0.00287505
10.38 0.0265056
10.4 0.0511225
10.42 0.065976
10.44 0.0771289
10.46 0.0773831
10.48 0.0718967
10.5 0.0484093
10.52 0.0167722
10.54 -0.00572474
10.56 -0.0215723
10.58 -0.0274065
10.6 -0.0194728
10.62 -0.00588929
10.64 0.0106665
10.66 0.0268296
10.68 0.0308771
10.7 0.0246991
10.72 0.00524171
10.74 -0.0246288
10.76 -0.0466413
10.78 -0.0560578
10.8 -0.0578702
10.82 -0.0589421
10.84 -0.0557841
10.86 -0.0413357
10.88 -0.0227339
10.9 -0.00121582
10.92 0.0135131
10.94 0.0211499
10.96 0.0269956
10.98 0.0269029
11 0.0151393
11.02 0.000771699
11.04 -0.0152779
11.06 -0.0368121
11.08 -0.0551944
11.1 -0.0711156
11.12 -0.0804944
11.14 -0.0783227
11.16 -0.0682747
11.18 -0.0390496
11.2 0.0131429
11.22 0.0437572
11.24 0.0561074
11.26 0.0561666
11.28 0.0445244
11.3 0.027368
11.32 -0.00891128
11.34 -0.0373611
11.36 -0.0529874
11.38 -0.0566543
11.4 -0.05037
11.42 -0.00685989
11.44 0.0290125
11.46 0.0327662
11.48 0.0203038
11.5 -0.0183113
11.52 -0.0436675
11.54 -0.0507493
11.56 -0.0445671
11.58 -0.028244
11.6 -0.0116711
11.62 -0.00206264
11.64 0.00853721
11.66 0.0126305
11.68 0.00972553
11.7 0.00383401
11.72 0.000953534
11.74 0.00501212
11.76 0.0142758
11.78 0.0257467
11.8 0.0355366
11.82 0.0432662
11.84 0.0486069
11.86 0.0468882
11.88 0.0434375
11.9 0.0493342
11.92 0.0578338
11.94 0.0641119
11.96 0.0714488
11.98 0.07544
12 0.0671219
12.02 0.0415168
12.04 0.0191768
12.06 0.00664914
12.08 0.00832193
12.1 0.0191441
12.12 0.026892
12.14 0.0342778
12.16 0.0412322
12.18 0.0408283
12.2 0.0344145
12.22 0.0326203
12.24 0.0361271
12.26 0.0409894
12.28 0.0302406
12.3 0.00394093
12.32 -0.0209471
12.34 -0.0375098
12.36 -0.0501834
12.38 -0.0540604
12.4 -0.0523835
12.42 -0.0404873
12.44 -0.0323711
12.46 -0.0312593
12.48 -0.0291061
12.5 -0.0265439
12.52 -0.021094
12.54 -0.0169783
12.56 -0.0101514
12.58 -0.00177928
12.6 0.00622161
12.62 0.00676323
12.64 -0.00849188
12.66 -0.0289969
12.68 -0.0428791
12.7 -0.0502098
12.72 -0.0552711
12.74 -0.0570367
12.76 -0.0509493
12.78 -0.0415327
12.8 -0.0273536
12.82 -0.0165334
12.84 -0.00938016
12.86 -0.00461266
12.88 -0.00204529
12.9 -0.000865125
12.92 -0.0107642
12.94 -0.0241894
12.96 -0.038553
12.98 -0.0497434
13 -0.0453278
13.02 -0.023668
13.04 0.000992541
13.06 0.0130061
13.08 0.0224606
13.1 0.0308165
13.12 0.0381319
13.14 0.0431524
13.16 0.0432086
13.18 0.0348763
13.2 0.0228648
13.22 0.0160564
13.24 0.0119173
13.26 0.0134178
13.28 0.0164054
13.3 0.021632
13.32 0.0246156
13.34 0.0270249
13.36 0.028763
13.38 0.0256175
13.4 0.0198658
13.42 0.0207084
13.44 0.0261277
13.46 0.0330761
13.48 0.0402978
13.5 0.0375082
13.52 0.0334721
13.54 0.0344035
13.56 0.0369577
13.58 0.0368854
13.6 0.0277168
13.62 0.00672325
13.64 -0.0119528
13.66 -0.0206594
13.68 -0.0275371
13.7 -0.0339059
13.72 -0.0400767
13.74 -0.0486017
13.76 -0.0555304
13.78 -0.0555854
13.8 -0.0472559
13.82 -0.0372128
13.84 -0.0308846
13.86 -0.0317218
13.88 -0.0291808
13.9 -0.0284585
13.92 -0.0343008
13.94 -0.0300391
13.96 -0.01459
13.98 0.00543487
14 0.0242918
14.02 0.0390555
14.04 0.0437008
14.06 0.0360734
14.08 0.0153493
14.1 -0.0122874
14.12 -0.0262632
14.14 -0.0280673
14.16 -0.0238932
14.18 -0.0175731
14.2 -0.00739528
14.22 0.0136333
14.24 0.0295782
14.26 0.0345173
14.28 0.0332303
14.3 0.0230061
14.32 0.00532061
14.34 -0.00731283
14.36 -0.00765118
14.38 -0.00633917
14.4 -0.00939785
14.42 -0.0160775
14.44 -0.0266087
14.46 -0.0339208
14.48 -0.0282095
14.5 -0.0228562
14.52 -0.0202029
14.54 -0.00866429
14.56 0.00369029
14.58 0.0165355
14.6 0.0302375
14.62 0.0374105
14.64 0.025179
14.66 0.00805257
14.68 -0.00327416
14.7 -0.0108055
14.72 -0.0112937
14.74 -0.0135148
14.76 -0.0206922
14.78 -0.0195167
14.8 0.000445073
14.82 0.0345012
14.84 0.0636992
14.86 0.075399
14.88 0.0701015
14.9 0.0450293
14.92 0.017144
14.94 0.00298278
14.96 -0.00599684
14.98 -0.0161178
15 -0.032726
15.02 -0.0480052
15.04 -0.0504313
15.06 -0.0271095
15.08 0.00702121
15.1 0.0162792
15.12 0.00570029
15.14 -0.0135405
15.16 -0.0307769
15.18 -0.0344658
15.2 -0.0330688
15.22 -0.0338731
15.24 -0.0321253
15.26 -0.024893
15.28 -0.0180115
15.3 -0.00919199
15.32 0.00180723
15.34 0.00238513
15.36 -0.00475531
15.38 -0.0137052
15.4 -0.019743
15.42 -0.0173546
15.44 -0.0104139
15.46 -0.0111926
15.48 -0.0162634
15.5 -0.0148389
15.52 -0.0122821
15.54 -0.0194725
15.56 -0.0262518
15.58 -0.0256534
15.6 -0.0165859
15.62 -0.00132096
15.64 0.00935504
15.66 0.0171006
15.68 0.0180274
15.7 0.0135901
15.72 0.0090661
15.74 0.0102235
15.76 0.0166441
15.78 0.0156299
15.8 0.0110203
15.82 0.0123888
15.84 0.0165716
15.86 0.0154513
15.88 0.00350994
15.9 -0.0230134
15.92 -0.0418755
15.94 -0.0401856
15.96 -0.0203978
15.98 0.0103479
16 0.0337566
16.02 0.0494767
16.04 0.0502078
16.06 0.0358471
16.08 0.0173359
16.1 0.00993972
16.12 0.00545665
16.14 -0.00429981
16.16 -0.0229445
16.18 -0.0389036
16.2 -0.043101
16.22 -0.0211324
16.24 0.015463
16.26 0.0319594
16.28 0.0438494
16.3 0.0517931
16.32 0.0584373
16.34 0.0626314
16.36 0.0594428
16.38 0.0324617
16.4 -0.00125954
16.42 -0.0124031
16.44 -0.00808854
16.46 0.00483279
16.48 0.0203653
16.5 0.0287956
16.52 0.0364721
16.54 0.0513621
16.56 0.0532562
16.58 0.0185487
16.6 -0.0369617
16.62 -0.067781
16.64 -0.0795926
16.66 -0.0498922
16.68 0.0153267
16.7 0.0588216
16.72 0.0841646
16.74 0.0869503
16.76 0.0573428
16.78 0.00927439
16.8 -0.0194191
16.82 -0.0281492
16.84 -0.0216323
16.86 -0.00354757
16.88 0.0102766
16.9 0.0208297
16.92 0.0194773
16.94 0.00169888
16.96 -0.0185
16.98 -0.0289752
17 -0.031933
17.02 -0.0268665
17.04 -0.0218581
17.06 -0.0231013
17.08 -0.0290691
17.1 -0.0304204
17.12 -0.0262555
17.14 -0.017676
17.16 -0.0107652
17.18 -0.00510501
17.2 0.00665178
17.22 0.0255435
17.24 0.035601
17.26 0.0259337
17.28 0.010023
17.3 -0.012739
17.32 -0.0339618
17.34 -0.0465728
17.36 -0.0442529
17.38 -0.0277347
17.4 -0.0119264
17.42 -0.00634663
17.44 -0.00775386
17.46 -0.0132615
17.48 -0.0157305
17.5 -0.00500073
17.52 0.00968972
17.54 0.0233796
17.56 0.032306
17.58 0.0351634
17.6 0.0313664
17.62 0.022038
17.64 0.00949956
17.66 0.00528641
17.68 0.0157786
17.7 0.0261902
17.72 0.0151849
17.74 -0.00713319
17.76 -0.0163514
17.78 -0.0005297
17.8 0.0258725
17.82 0.0393758
17.84 0.0284991
17.86 -0.00045103
17.88 -0.0174304
17.9 -0.0266588
17.92 -0.0312523
17.94 -0.0308906
17.96 -0.030533
17.98 -0.0308088
18 -0.0314987
18.02 -0.0297509
18.04 -0.0241729
18.06 -0.00861621
18.08 0.0115488
18.1 0.0206805
18.12 0.0139982
18.14 0.00183636
18.16 -0.00740517
18.18 -0.0153074
18.2 -0.0191919
18.22 -0.0181916
18.24 -0.0123911
18.26 -0.00240564
18.28 0.0129441
18.3 0.0288374
18.32 0.0404397
18.34 0.0488534
18.36 0.0456177
18.38 0.0272881
18.4 0.00354736
18.42 -0.00342557
18.44 -0.00388478
18.46 -0.00180723
18.48 0.00505616
18.5 0.0166248
18.52 0.0276274
18.54 0.0289481
18.56 0.0203912
18.58 0.00351821
18.6 -0.00767439
18.62 -0.0180204
18.64 -0.0273678
18.66 -0.0331768
18.68 -0.0337909
18.7 -0.0264725
18.72 -0.0224732
18.74 -0.0274845
18.76 -0.0328936
18.78 -0.031024
18.8 -0.0224601
18.82 -0.0116023
18.84 -0.00206939
18.86 -0.00127381
18.88 -0.00709292
18.9 -0.0102794
18.92 -0.00266203
18.94 0.0234286
18.96 0.0458135
18.98 0.0529668
19 0.0508504
19.02 0.0430474
19.04 0.0225455
19.06 -0.00252198
19.08 -0.0228138
19.1 -0.0389062
19.12 -0.0485859
19.14 -0.053593
19.16 -0.0530258
19.18 -0.0524718
19.2 -0.0446248
19.22 -0.032097
19.24 -0.0132779
19.26 0.0147417
19.28 0.0339128
19.3 0.0376706
19.32 0.0307011
19.34 0.0273833
19.36 0.0242541
19.38 0.0141227
19.4 0.00408508
19.42 0.00607023
19.44 0.00913659
19.46 0.00208252
19.48 -0.00202681
19.5 -0.00482542
19.52 -0.0112206
19.54 -0.0143374
19.56 -0.000607891
19.58 0.0170272
19.6 0.0218592
19.62 0.0275246
19.64 0.0502087
19.66 0.0645329
19.68 0.0745884
19.7 0.0577149
19.72 -0.00736274
19.74 -0.0583134
19.76 -0.0873371
19.78 -0.0941289
19.8 -0.0609112
19.82 -0.0134798
19.84 -0.00137503
19.86 -0.0155393
19.88 -0.03737
19.9 -0.034029
19.92 -0.00185371
19.94 0.0235315
19.96 0.0461382
19.98 0.0583032
20 0.059694
20.02 0.0425972
20.04 0.00473938
20.06 -0.0250808
20.08 -0.0394113
20.1 -0.0581441
20.12 -0.0477151
20.14 0.0125715
20.16 0.0634466
20.18 0.0885025
20.2 0.0984011
20.22 0.0587206
20.24 -0.0136876
20.26 -0.0665515
20.28 -0.0959667
20.3 -0.103175
20.32 -0.0719251
20.34 -0.00213608
20.36 0.0434157
20.38 0.053956
20.4 0.0385271
20.42 0.00256055
20.44 -0.0174277
20.46 -0.0150657
20.48 -0.00262617
20.5 -0.00852209
20.52 -0.0369549
20.54 -0.0585252
20.56 -0.059572
20.58 -0.0476923
20.6 -0.0370775
20.62 -0.0384905
20.64 -0.0386886
20.66 -0.0363317
20.68 -0.0195172
20.7 0.00673836
20.72 0.0201878
20.74 0.0184281
20.76 0.0183473
20.78 0.0322558
20.8 0.0465917
20.82 0.0541007
20.84 0.0435986
20.86 0.0157688
20.88 -0.0143
20.9 -0.0370747
20.92 -0.0491547
20.94 -0.0444445
20.96 -0.0341274
20.98 -0.0186765
21 0.00592065
21.02 0.0183258
21.04 0.00878356
21.06 -0.0102753
21.08 -0.0233823
21.1 -0.0236395
21.12 -0.0187313
21.14 -0.0137354
21.16 -0.00711161
21.18 0.00348511
21.2 0.0150111
21.22 0.0206139
21.24 0.0170194
21.26 0.00981099
21.28 0.00578605
21.3 0.00351144
21.32 0.00189983
21.34 -0.000426785
21.36 -0.00783401
21.38 -0.0244416
21.4 -0.0429373
21.42 -0.0401526
21.44 0.0033912
21.46 0.0420248
21.48 0.0428123
21.5 0.00349641
21.52 -0.0314212
21.54 -0.0228296
21.56 0.0107743
21.58 0.0314182
21.6 0.0274189
21.62 0.0184756
21.64 0.0170549
21.66 0.0267277
21.68 0.0264932
21.7 0.0103008
21.72 -0.00966249
21.74 -0.00912379
21.76 0.0142782
21.78 0.0377057
21.8 0.0405986
21.82 0.0300459
21.84 0.00910648
21.86 -0.0125714
21.88 -0.0241655
21.9 -0.0298263
21.92 -0.0330401
21.94 -0.0246759
21.96 -0.00141564
21.98 0.0157247
22 0.0186054
22.02 0.00639928
22.04 -0.0095441
22.06 -0.0062676
22.08 0.00177535
22.1 -0.0033458
22.12 -0.0141942
22.14 -0.0201681
22.16 -0.0161603
22.18 -0.000242857
22.2 0.0234643
22.22 0.0385371
22.24 0.0400205
22.26 0.035339
22.28 0.0350099
22.3 0.0317105
22.32 0.0214833
22.34 -0.00174379
22.36 -0.0288989
22.38 -0.0447096
22.4 -0.0425621
22.42 -0.0211285
22.44 -0.00479486
22.46 -0.00919578
22.48 -0.0241833
22.5 -0.0273214
22.52 -0.0132695
22.54 -0.00254484
22.56 0.00145906
22.58 0.00466533
22.6 0.00801135
22.62 0.013174
22.64 0.0149043
22.66 0.0102821
22.68 -8.36939e-05
22.7 -0.00627465
22.72 -0.00588966
22.74 -0.00327291
22.76 -0.00353663
22.78 -0.00143292
22.8 0.00597173
22.82 0.00807442
22.84 0.00536884
22.86 -0.000751689
22.88 -0.00796566
22.9 -0.00869956
22.92 -0.00426002
22.94 -0.00170645
22.96 -0.0019742
22.98 -0.00289883
23 -0.000607384
23.02 0.00382096
23.04 0.00747819
23.06 0.00922089
23.08 0.00661839
23.1 0.00307239
23.12 0.00158885
23.14 0.00223302
23.16 0.00569138
23.18 0.010283
23.2 0.0163882
23.22 0.0211818
23.24 0.0231907
23.26 0.0212564
23.28 0.0132755
23.3 0.00679906
23.32 0.00508912
23.34 0.00649324
23.36 0.00726802
23.38 0.00573047
23.4 0.00109722
23.42 -0.00606562
23.44 -0.0145636
23.46 -0.0196467
23.48 -0.0185985
23.5 -0.0148147
23.52 -0.0104189
23.54 -0.00629542
23.56 -0.00392532
23.58 -0.00347485
23.6 -0.00360578
23.62 -0.00276668
23.64 -0.00163178
23.66 0.000731201
23.68 0.00358583
23.7 0.00555408
23.72 0.00722041
23.74 0.00965583
23.76 0.0155633
23.78 0.0195644
23.8 0.0177067
23.82 0.0101257
23.84 0.00508966
23.86 0.00624296
23.88 0.0092598
23.9 0.00634024
23.92 -0.00341433
23.94 -0.0119735
23.96 -0.0188649
23.98 -0.0240305
24 -0.0254149
24.02 -0.0189239
24.04 -0.00751962
24.06 -0.00348887
24.08 -0.00817097
24.1 -0.0126103
24.12 -0.0099545
24.14 0.00232704
24.16 0.014224
24.18 0.0207324
24.2 0.0266083
24.22 0.0326801
24.24 0.0330481
24.26 0.0197602
24.28 0.00232818
24.3 -0.00618909
24.32 -0.00526319
24.34 0.00206423
24.36 0.00954261
24.38 0.0119914
24.4 0.015505
24.42 0.0195735
24.44 0.0204393
24.46 0.0165844
24.48 0.0070472
24.5 -0.000678525
24.52 -0.00366635
24.54 -0.00322289
24.56 -0.00518765
24.58 -0.00782255
24.6 -0.00753311
24.62 -0.00734159
24.64 -0.0111597
24.66 -0.0194127
24.68 -0.0236215
24.7 -0.0180535
24.72 -0.00731521
24.74 -0.0014433
24.76 -0.00214631
24.78 -0.0029401
24.8 -0.00305354
24.82 -0.00266515
24.84 -0.00611705
24.86 -0.0143354
24.88 -0.0188328
24.9 -0.0147388
24.92 -0.00469402
24.94 0.00315873
24.96 0.00486905
24.98 -5.74823e-06
25 -0.00470409
25.02 -0.00741445
25.04 -0.00589793
25.06 0.000523773
25.08 0.00561335
25.1 0.00573452
25.12 0.00158086
25.14 -0.000269643
25.16 0.00285542
25.18 0.00693214
25.2 0.0061149
25.22 0.00367178
25.24 0.00164992
25.26 -0.00105636
25.28 -0.00573736
25.3 -0.0072023
25.32 -0.0030297
25.34 0.00382448
25.36 0.00986368
25.38 0.011879
25.4 0.00891769
25.42 0.00136742
25.44 -0.00344312
25.46 -0.00835057
25.48 -0.0171208
25.5 -0.0257614
25.52 -0.0324518
25.54 -0.0340208
25.56 -0.0265699
25.58 -0.0137508
25.6 -0.0052014
25.62 0.000351241
25.64 0.00638226
25.66 0.0106589
25.68 0.0127843
25.7 0.0118885
25.72 0.00991458
25.74 0.0084384
25.76 0.00583613
25.78 0.00119488
25.8 0.000482669
25.82 0.00258056
25.84 0.00137364
25.86 -0.00102871
25.88 -0.00168993
25.9 0.00121273
25.92 0.00526492
25.94 0.0076076
25.96 0.00749717
25.98 0.00603932
26 0.00373589
26.02 0.00141919
26.04 -0.000847527
26.06 -0.00153937
26.08 0.000139268
26.1 0.00211166
26.12 0.00410547
26.14 0.00495484
26.16 0.00309611
26.18 -0.00105865
26.2 -0.00357836
26.22 -0.00728126
26.24 -0.0106761
26.26 -0.012899
26.28 -0.0108196
26.3 -0.00564133
26.32 -0.00189315
26.34 0.000824821
26.36 0.00256359
26.38 0.00270402
26.4 0.00149192
26.42 0.00551446
26.44 0.0128969
26.46 0.0200386
26.48 0.0232288
26.5 0.0201378
26.52 0.00998234
26.54 -0.00216623
26.56 -0.0106846
26.58 -0.0142723
26.6 -0.0133047
26.62 -0.00994727
26.64 -0.00931322
26.66 -0.0107732
26.68 -0.013241
26.7 -0.0160791
26.72 -0.0163936
26.74 -0.0125344
26.76 -0.00616384
26.78 5.16165e-05
26.8 0.00748291
26.82 0.0170307
26.84 0.026709
26.86 0.0300634
26.88 0.0269142
26.9 0.0153949
26.92 -7.4902e-05
26.94 -0.0122073
26.96 -0.0167151
26.98 -0.0126437
27 -0.00383243
27.02 0.0045627
27.04 0.00917056
27.06 0.0113355
27.08 0.0121816
27.1 0.0109316
27.12 0.00926951
27.14 0.00547152
27.16 -0.00086627
27.18 -0.00685931
27.2 -0.0109868
27.22 -0.0111454
27.24 -0.0102096
27.26 -0.00999599
27.28 -0.0111247
27.3 -0.0124798
27.32 -0.0114278
27.34 -0.00966171
27.36 -0.00956439
27.38 -0.00972514
27.4 -0.00779999
27.42 -0.00295154
27.44 0.00403279
27.46 0.0100563
27.48 0.010533
27.5 0.00842604
27.52 0.00463506
27.54 0.00194364
27.56 0.00214186
27.58 0.0032642
27.6 0.00366641
27.62 0.00158593
27.64 -0.00196846
27.66 -0.00413566
27.68 -0.0022606
27.7 0.00456043
27.72 0.0117843
27.74 0.015272
27.76 0.0137259
27.78 0.00912497
27.8 0.00203315
27.82 -0.00839407
27.84 -0.0187489
27.86 -0.0259815
27.88 -0.0274032
27.9 -0.0260749
27.92 -0.0191122
27.94 -0.00695669
27.96 0.0027957
27.98 0.00785608
28 0.0108632
28.02 0.0134929
28.04 0.0142866
28.06 0.0129556
28.08 0.0102323
28.1 0.00836378
28.12 0.00855155
28.14 0.00846901
28.16 0.00887504
28.18 0.0124461
28.2 0.0153889
28.22 0.0150289
28.24 0.0144546
28.26 0.0162539
28.28 0.0179145
28.3 0.0159357
28.32 0.0105817
28.34 0.00530827
28.36 0.00202384
28.38 -1.62085e-05
28.4 -0.00296305
28.42 -0.0069146
28.44 -0.00917194
28.46 -0.00981973
28.48 -0.00793283
28.5 -0.00365303
28.52 0.00256987
28.54 0.00758303
28.56 0.0102471
28.58 0.0128928
28.6 0.0132344
28.62 0.0118184
28.64 0.00771985
28.66 0.00418636
28.68 0.00386484
28.7 0.00217242
28.72 0.00117155
28.74 0.00178737
28.76 0.00166776
28.78 -0.000190971
28.8 -0.00433043
28.82 -0.00853824
28.84 -0.00980541
28.86 -0.00879697
28.88 -0.00938688
28.9 -0.0117353
28.92 -0.0150384
28.94 -0.0158538
28.96 -0.0125535
28.98 -0.00980909
29 -0.00753288
29.02 -0.00492621
29.04 -0.00424327
29.06 -0.00447121
29.08 -0.00648008
29.1 -0.00798202
29.12 -0.00753068
29.14 -0.00809936
29.16 -0.00904442
29.18 -0.0106851
29.2 -0.00820814
29.22 -0.000656655
29.24 0.00560554
29.26 0.0092861
29.28 0.0101117
29.3 0.00893699
29.32 0.00689122
29.34 0.00441194
29.36 3.95213e-05
29.38 -0.00260299
29.4 -0.00230282
29.42 0.0022895
29.44 0.00970617
29.46 0.0156959
29.48 0.0196353
29.5 0.0180862
29.52 0.0151579
29.54 0.0117003
29.56 0.0100114
29.58 0.00721364
29.6 0.00233511
29.62 -0.00283005
29.64 -0.00874698
29.66 -0.0132726
29.68 -0.0153024
29.7 -0.0136153
29.72 -0.0122403
29.74 -0.0100656
29.76 -0.0103655
29.78 -0.0127635
29.8 -0.0128849
29.82 -0.0114468
29.84 -0.00836649
29.86 -0.00695286
29.88 -0.00688769
29.9 -0.00701532
29.92 -0.00567315
29.94 0.000186589
29.96 0.00504773
29.98 0.00728234
30 0.0079135
30.02 0.00578351
30.04 0.00135747
30.06 -0.00338887
30.08 -0.00568314
30.1 -0.00347821
30.12 -0.000509326
30.14 0.00133754
30.16 0.00239593
30.18 0.003949
30.2 0.00448817
30.22 0.00360952
30.24 0.00244219
30.26 0.00150129
30.28 0.00162218
30.3 0.00177671
30.32 0.00372336
30.34 0.00528342
30.36 0.00707295
30.38 0.0057994
30.4 0.00221043
30.42 -0.000745137
30.44 -0.000796786
30.46 0.00365688
30.48 0.00833289
30.5 0.0106731
30.52 0.0101287
30.54 0.00734741
30.56 0.00448248
30.58 0.000618943
30.6 -0.00344045
30.62 -0.00711023
30.64 -0.00939386
30.66 -0.0103913
30.68 -0.012371
30.7 -0.0128921
30.72 -0.0123219
30.74 -0.00674547
30.76 -4.70986e-05
30.78 0.00527119
30.8 0.0101978
30.82 0.0125172
30.84 0.0118093
30.86 0.00956212
30.88 0.00739656
30.9 0.00533296
30.92 0.00673225
30.94 0.0109936
30.96 0.0145022
30.98 0.0136727
31 0.009159
31.02 0.00251445
31.04 -0.0039353
31.06 -0.00853072
31.08 -0.0112463
31.1 -0.0130919
31.12 -0.011501
31.14 -0.00896369
31.16 -0.00627235
31.18 -0.00083825
31.2 0.0024681
31.22 0.000631591
31.24 -0.00390081
31.26 -0.00789059
31.28 -0.0121027
31.3 -0.0133447
31.32 -0.0114655
31.34 -0.00785024
31.36 -0.00648209
31.38 -0.00571576
31.4 -0.00425892
31.42 -0.00205444
31.44 -0.000318173
31.46 -0.00102891
31.48 -0.000747209
31.5 -0.00188538
31.52 -0.00402929
31.54 -0.00633439
31.56 -0.00512256
31.58 0.00125657
31.6 0.00906673
31.62 0.0110363
31.64 0.00594141
31.66 0.000665909
31.68 -0.000669358
31.7 0.00159391
31.72 0.00735473
31.74 0.0143436
31.76 0.0198616
31.78 0.0231152
31.8 0.023273
31.82 0.0142417
31.84 0.00103031
31.86 -0.00895888
31.88 -0.0141969
31.9 -0.0125041
31.92 -0.0074729
31.94 -0.00119933
31.96 0.00348505
31.98 0.00607636
32 0.006544
32.02 0.00667604
32.04 0.00647042
32.06 0.0054498
32.08 0.00534919
32.1 0.0082453
32.12 0.0121216
32.14 0.0133122
32.16 0.0111215
32.18 0.00944282
32.2 0.0095246
32.22 0.00652494
32.24 0.00283165
32.26 -0.000126253
32.28 -0.00201115
32.3 -0.00358293
32.32 -0.00574022
32.34 -0.00632369
32.36 -0.00462137
32.38 -0.00198883
32.4 0.000963967
32.42 8.44251e-05
32.44 -0.00364126
32.46 -0.0098569
32.48 -0.0152495
32.5 -0.0189905
32.52 -0.0210141
32.54 -0.02012
32.56 -0.0163041
32.58 -0.0110937
32.6 -0.00563481
32.62 -0.00141203
32.64 9.36862e-05
32.66 0.00129621
32.68 0.00230779
32.7 0.00281963
32.72 0.00346567
32.74 0.0048534
32.76 0.00495546
32.78 0.00631137
32.8 0.0101573
32.82 0.0130752
32.84 0.0141141
32.86 0.014185
32.88 0.0128682
32.9 0.012429
32.92 0.0124533
32.94 0.010605
32.96 0.00604909
32.98 0.000632607
33 -0.00376688
33.02 -0.00660816
33.04 -0.00728008
33.06 -0.00692396
33.08 -0.00706346
33.1 -0.00607307
33.12 -0.000912506
33.14 0.00365273
33.16 0.00745147
33.18 0.00856918
33.2 0.0082247
33.22 0.00798253
33.24 0.00884697
33.26 0.0102093
33.28 0.00982497
33.3 0.00781473
33.32 0.00461808
33.34 0.00255764
33.36 0.00135546
33.38 0.000404375
33.4 0.000499976
33.42 0.00111515
33.44 0.00118609
33.46 0.00102258
33.48 -0.00146373
33.5 -0.0034401
33.52 -0.00409074
33.54 -0.00581887
33.56 -0.00617453
33.58 -0.00719231
33.6 -0.00814043
33.62 -0.006233
33.64 -0.00404298
33.66 -0.00297513
33.68 -0.00242991
33.7 -0.00322581
33.72 -0.00502819
33.74 -0.00631716
33.76 -0.00625999
33.78 -0.00539988
33.8 -0.0043641
33.82 -0.00189979
33.84 0.000615939
33.86 0.0027264
33.88 0.00427925
33.9 0.00528262
33.92 0.00493436
33.94 0.00232624
33.96 -0.00159624
33.98 -0.00562873
34 -0.00754264
34.02 -0.00801823
34.04 -0.00750008
34.06 -0.00686903
34.08 -0.00557861
34.1 -0.00384198
34.12 -0.00234766
34.14 -0.00178941
34.16 -0.00132658
34.18 -0.000231424
34.2 0.000455662
34.22 0.000852995
34.24 0.000573408
34.26 0.000482803
34.28 0.000154209
34.3 -0.00108763
34.32 -0.001608
34.34 -0.00134295
34.36 -0.000799251
34.38 -0.000600671
34.4 -0.00120173
34.42 -0.00183198
34.44 -0.00260623
34.46 -0.00322882
34.48 -0.00395053
34.5 -0.00320205
34.52 -0.00267703
34.54 -0.00275169
34.56 -0.00365751
34.58 -0.00497649
34.6 -0.00531016
34.62 -0.00572988
34.64 -0.00558352
34.66 -0.00518681
34.68 -0.00497151
34.7 -0.0042609
34.72 -0.00360631
34.74 -0.00333463
34.76 -0.00302865
34.78 -0.0022792
34.8 -0.00118515
34.82 -0.00030763
34.84 0.000125399
34.86 5.68007e-05
34.88 8.34521e-05
34.9 5.84148e-05
34.92 -0.000181655
34.94 -0.000883831
34.96 -0.00139535
34.98 -0.00144903
35 -0.0011775
35.02 -0.000647701
35.04 -0.000511133
35.06 -0.000532159
35.08 -0.0003589
35.1 -0.000370174
35.12 -0.000460928
35.14 -0.000327796
35.16 -0.000415535
35.18 -0.000424914
35.2 -0.000236544
35.22 9.40549e-05
35.24 0.000339532
35.26 0.000401508
35.28 0.00047118
35.3 0.000378895
35.32 0.000255087
35.34 0.000353048
35.36 0.00052444
35.38 0.000778571
35.4 0.00093983
35.42 0.00101518
35.44 0.00110868
35.46 0.00118401
35.48 0.00128116
35.5 0.00135617
35.52 0.00146755
35.54 0.00152704
35.56 0.00155418
35.58 0.00156615
35.6 0.00157527
35.62 0.00162615
35.64 0.00169043
35.66 0.0017359
35.68 0.00172579
35.7 0.00168961
35.72 0.00164543
35.74 0.00162209
35.76 0.00159189
35.78 0.00154811
35.8 0.00151553
35.82 0.00149108
35.84 0.00148463
35.86 0.00148776
35.88 0.00149948
35.9 0.00151041
35.92 0.00151436
35.94 0.00151737
35.96 0.00151991
35.98 0.00152017
