0 0.002449986
0.005 0.002443861
0.01 0.002437417
0.015 0.00243068
0.02 0.002423675
0.025 0.002416473
0.03 0.002409153
0.035 0.002401875
0.04 0.002394747
0.045 0.002387762
0.05 0.002380806
0.055 0.002373899
0.06 0.002366985
0.065 0.002360026
0.07 0.002353183
0.075 0.002346746
0.08 0.00234081
0.085 0.002335224
0.09 0.002329368
0.095 0.00232185
0.1 0.002311021
0.105 0.002296359
0.11 0.002278887
0.115 0.002260859
0.12 0.002244599
0.125 0.002231381
0.13 0.002221099
0.135 0.002212559
0.14 0.00220422
0.145 0.002194423
0.15 0.002181757
0.155 0.002166451
0.16 0.002150593
0.165 0.002136762
0.17 0.002126285
0.175 0.002117843
0.18 0.00210836
0.185 0.002095205
0.19 0.00207777
0.195 0.002056828
0.2 0.00203144
0.205 0.002001013
0.21 0.001969111
0.215 0.001940086
0.22 0.00191538
0.225 0.001895626
0.23 0.001881936
0.235 0.001875302
0.24 0.001876015
0.245 0.001883378
0.25 0.001895518
0.255 0.001910654
0.26 0.001929444
0.265 0.001952336
0.27 0.001972836
0.275 0.001981898
0.28 0.001976484
0.285 0.001960614
0.29 0.00194124
0.295 0.001920422
0.3 0.001894448
0.305 0.001859449
0.31 0.00181263
0.315 0.001752666
0.32 0.00168085
0.325 0.001602081
0.33 0.00152453
0.335 0.001456091
0.34 0.001398733
0.345 0.001351405
0.35 0.001314624
0.355 0.001289951
0.36 0.001278478
0.365 0.001279233
0.37 0.00128483
0.375 0.00128015
0.38 0.001258092
0.385 0.001228988
0.39 0.001201753
0.395 0.001174948
0.4 0.001145076
0.405 0.00110924
0.41 0.001064486
0.415 0.001008665
0.42 0.0009415313
0.425 0.0008660591
0.43 0.0007893041
0.435 0.0007225242
0.44 0.00067954
0.445 0.0006717446
0.45 0.0006983814
0.455 0.0007469485
0.46 0.0008103122
0.465 0.0008884867
0.47 0.000975306
0.475 0.001056263
0.48 0.001110744
0.485 0.001116486
0.49 0.0010642
0.495 0.0009803569
0.5 0.0009060547
0.505 0.0008457455
0.51 0.0007793613
0.515 0.000693764
0.52 0.0005940127
0.525 0.0004969284
0.53 0.00040682
0.535 0.0003162498
0.54 0.0002222855
0.545 0.0001287482
0.55 4.479597e-05
0.555 -1.568528e-05
0.56 -3.672753e-05
0.565 -5.988791e-06
0.57 7.193294e-05
0.575 0.0001663826
0.58 0.0002424973
0.585 0.000280953
0.59 0.0002694186
0.595 0.0002060962
0.6 0.0001151598
0.605 2.834933e-05
0.61 -4.368719e-05
0.615 -0.0001023228
0.62 -0.0001489104
0.625 -0.0001859721
0.63 -0.0002180639
0.635 -0.0002507757
0.64 -0.0002891846
0.645 -0.0003363526
0.65 -0.0003919236
0.655 -0.0004513198
0.66 -0.000505648
0.665 -0.0005424834
0.67 -0.0005478368
0.675 -0.0005091274
0.68 -0.000419044
0.685 -0.0002797288
0.69 -0.0001065377
0.695 7.008932e-05
0.7 0.0002067792
0.705 0.0002588849
0.71 0.0002050225
0.715 5.846096e-05
0.72 -0.0001481227
0.725 -0.0003703026
0.73 -0.0005580366
0.735 -0.0006769777
0.74 -0.0007250281
0.745 -0.0007185325
0.75 -0.0006807912
0.755 -0.000642115
0.76 -0.000636037
0.765 -0.0006869332
0.77 -0.0007879326
0.775 -0.0009018832
0.78 -0.00100639
0.785 -0.001105801
0.79 -0.001204806
0.795 -0.001304096
0.8 -0.001403471
0.805 -0.001500862
0.81 -0.001591615
0.815 -0.001667992
0.82 -0.001721381
0.825 -0.001750488
0.83 -0.001780328
0.835 -0.001860787
0.84 -0.002014871
0.845 -0.002215997
0.85 -0.002414366
0.855 -0.002548984
0.86 -0.002560857
0.865 -0.002426495
0.87 -0.002176893
0.875 -0.001876416
0.88 -0.0015934
0.885 -0.001371171
0.89 -0.001236476
0.895 -0.001210753
0.9 -0.001283727
0.905 -0.00141933
0.91 -0.001613369
0.915 -0.001895601
0.92 -0.002289596
0.925 -0.002800574
0.93 -0.003410091
0.935 -0.00406979
0.94 -0.004714927
0.945 -0.005298152
0.95 -0.00579985
0.955 -0.006219516
0.96 -0.006552169
0.965 -0.006769762
0.97 -0.00682878
0.975 -0.006698709
0.98 -0.006395036
0.985 -0.005947855
0.99 -0.005362627
0.995 -0.004655797
1 -0.003886681
1.005 -0.003151643
1.01 -0.00253667
1.015 -0.002056595
1.02 -0.001694138
1.025 -0.001454155
1.03 -0.001356716
1.035 -0.001406673
1.04 -0.001556072
1.045 -0.001719557
1.05 -0.001824247
1.055 -0.001846769
1.06 -0.001822407
1.065 -0.001809401
1.07 -0.001847955
1.075 -0.001931161
1.08 -0.002046462
1.085 -0.002222359
1.09 -0.002490206
1.095 -0.002832123
1.1 -0.003151372
1.105 -0.003320276
1.11 -0.003269608
1.115 -0.003007695
1.12 -0.002589303
1.125 -0.002053
1.13 -0.001421679
1.135 -0.000736594
1.14 -3.258055e-05
1.145 0.0006754381
1.15 0.001358316
1.155 0.001977973
1.16 0.002521031
1.165 0.002976707
1.17 0.003323716
1.175 0.003567978
1.18 0.003740974
1.185 0.003856167
1.19 0.003904648
1.195 0.003863099
1.2 0.003699651
1.205 0.003384245
1.21 0.002901801
1.215 0.00226707
1.22 0.001535078
1.225 0.0008006675
1.23 0.000154417
1.235 -0.00038328
1.24 -0.0007938528
1.245 -0.0009869771
1.25 -0.0008976131
1.255 -0.0005604447
1.26 -8.696885e-05
1.265 0.0004177907
1.27 0.0009226215
1.275 0.00137975
1.28 0.001690368
1.285 0.001800373
1.29 0.001731265
1.295 0.001538756
1.3 0.001221796
1.305 0.00073343
1.31 0.0001401645
1.315 -0.0004083159
1.32 -0.0008410668
1.325 -0.001211097
1.33 -0.001646799
1.335 -0.002224046
1.34 -0.002928844
1.345 -0.00369408
1.35 -0.004406105
1.355 -0.004944495
1.36 -0.005271323
1.365 -0.005429798
1.37 -0.005463853
1.375 -0.005412739
1.38 -0.00532127
1.385 -0.005235247
1.39 -0.005193731
1.395 -0.005212322
1.4 -0.005252409
1.405 -0.005224828
1.41 -0.005071866
1.415 -0.004799318
1.42 -0.004438852
1.425 -0.004040975
1.43 -0.003662179
1.435 -0.003324068
1.44 -0.003008527
1.445 -0.002698924
1.45 -0.002386881
1.455 -0.002054949
1.46 -0.001648073
1.465 -0.001085896
1.47 -0.0003308879
1.475 0.0005587648
1.48 0.001428228
1.485 0.002128338
1.49 0.002568316
1.495 0.002659189
1.5 0.002338268
1.505 0.001630214
1.51 0.0006364926
1.515 -0.0005037826
1.52 -0.001653268
1.525 -0.002693645
1.53 -0.003532653
1.535 -0.004112457
1.54 -0.004401007
1.545 -0.004362866
1.55 -0.003960365
1.555 -0.003186195
1.56 -0.002113345
1.565 -0.000902164
1.57 0.0002777551
1.575 0.001313031
1.58 0.002176102
1.585 0.002874424
1.59 0.00340455
1.595 0.003787817
1.6 0.004069561
1.605 0.004269322
1.61 0.004378287
1.615 0.004385679
1.62 0.004317282
1.625 0.004209164
1.63 0.00403136
1.635 0.003722223
1.64 0.00326072
1.645 0.002711094
1.65 0.002189308
1.655 0.001767254
1.66 0.001455465
1.665 0.001224014
1.67 0.001038297
1.675 0.0008773369
1.68 0.0007352697
1.685 0.0006247459
1.69 0.0005783195
1.695 0.0006451744
1.7 0.0008816575
1.705 0.00133641
1.71 0.002031319
1.715 0.002941814
1.72 0.003981553
1.725 0.005001048
1.73 0.0058224
1.735 0.006328674
1.74 0.006525851
1.745 0.006517452
1.75 0.006462123
1.755 0.006513956
1.76 0.006766302
1.765 0.007228128
1.77 0.007853503
1.775 0.008574876
1.78 0.009325576
1.785 0.01001585
1.79 0.01053353
1.795 0.01079626
1.8 0.01075761
1.805 0.01039593
1.81 0.009756076
1.815 0.008942782
1.82 0.008029072
1.825 0.007011501
1.83 0.005839062
1.835 0.004550004
1.84 0.003313783
1.845 0.002300163
1.85 0.001587487
1.855 0.00113657
1.86 0.0008685955
1.865 0.0007275372
1.87 0.00067675
1.875 0.0006954519
1.88 0.0007784047
1.885 0.0009326656
1.89 0.001169383
1.895 0.00149328
1.9 0.001890631
1.905 0.002321057
1.91 0.002716739
1.915 0.003008328
1.92 0.003168571
1.925 0.003198772
1.93 0.003097674
1.935 0.00286698
1.94 0.002521721
1.945 0.002095246
1.95 0.001639185
1.955 0.001206523
1.96 0.0008138275
1.965 0.0004449536
1.97 9.936648e-05
1.975 -0.0001973661
1.98 -0.000400049
1.985 -0.0004526156
1.99 -0.0003237829
1.995 -5.483555e-05
2 0.0002618589
2.005 0.0005388475
2.01 0.0007377752
2.015 0.0008681321
2.02 0.0009463639
2.025 0.0009932227
2.03 0.001039499
2.035 0.001123918
2.04 0.00129149
2.045 0.001598152
2.05 0.002127861
2.055 0.00296929
2.06 0.004122618
2.065 0.005494872
2.07 0.006979625
2.075 0.008462512
2.08 0.009814125
2.085 0.01090183
2.09 0.01161002
2.095 0.01186488
2.1 0.01164806
2.105 0.01099497
2.11 0.009978846
2.115 0.008707451
2.12 0.00730661
2.125 0.005854386
2.13 0.00434116
2.135 0.002725032
2.14 0.0009740559
2.145 -0.000910467
2.15 -0.002848558
2.155 -0.004679154
2.16 -0.006249183
2.165 -0.007490906
2.17 -0.008443703
2.175 -0.009152031
2.18 -0.009597707
2.185 -0.009812579
2.19 -0.009880887
2.195 -0.00981889
2.2 -0.009619418
2.205 -0.009306836
2.21 -0.008878366
2.215 -0.008317862
2.22 -0.007682121
2.225 -0.007058624
2.23 -0.006488114
2.235 -0.005960799
2.24 -0.005443903
2.245 -0.004918953
2.25 -0.004368307
2.255 -0.003776008
2.26 -0.003202763
2.265 -0.002782267
2.27 -0.002616903
2.275 -0.002739657
2.28 -0.003118631
2.285 -0.003681086
2.29 -0.004350088
2.295 -0.005077535
2.3 -0.005825118
2.305 -0.006541687
2.31 -0.007198058
2.315 -0.007793895
2.32 -0.008321924
2.325 -0.008784626
2.33 -0.009220858
2.335 -0.009672642
2.34 -0.01017233
2.345 -0.01076337
2.35 -0.0114476
2.355 -0.01212765
2.36 -0.01267499
2.365 -0.01299728
2.37 -0.01304619
2.375 -0.01279977
2.38 -0.01224035
2.385 -0.01137726
2.39 -0.01026596
2.395 -0.008996283
2.4 -0.00763673
2.405 -0.006171935
2.41 -0.004541803
2.415 -0.002712327
2.42 -0.0007248629
2.425 0.001329438
2.43 0.003370891
2.435 0.005304463
2.44 0.007010814
2.445 0.008397435
2.45 0.009408559
2.455 0.01000419
2.46 0.01018109
2.465 0.009998099
2.47 0.009581263
2.475 0.009074709
2.48 0.00855482
2.485 0.008025036
2.49 0.00746443
2.495 0.006903933
2.5 0.006407309
2.505 0.005979929
2.51 0.005560563
2.515 0.005054355
2.52 0.004383259
2.525 0.003519105
2.53 0.002496332
2.535 0.00141598
2.54 0.0004091653
2.545 -0.0004445061
2.55 -0.001115561
2.555 -0.001556212
2.56 -0.001734092
2.565 -0.001669342
2.57 -0.001406823
2.575 -0.001003054
2.58 -0.0005322078
2.585 -8.472543e-05
2.59 0.0002548905
2.595 0.0004520284
2.6 0.0005227257
2.605 0.0004898878
2.61 0.000378075
2.615 0.0002183355
2.62 4.631465e-05
2.625 -9.99278e-05
2.63 -0.0001842141
2.635 -0.0001804981
2.64 -9.60786e-05
2.645 -6.035918e-06
2.65 -1.502289e-05
2.655 -0.0001658674
2.66 -0.0004495523
2.665 -0.0008371115
2.67 -0.001280397
2.675 -0.001735787
2.68 -0.002199959
2.685 -0.002683011
2.69 -0.00317529
2.695 -0.003651602
2.7 -0.004099585
2.705 -0.004549435
2.71 -0.005040452
2.715 -0.005582864
2.72 -0.006158078
2.725 -0.006743661
2.73 -0.007340889
2.735 -0.007941935
2.74 -0.008499994
2.745 -0.008945552
2.75 -0.009248139
2.755 -0.00946604
2.76 -0.009652786
2.765 -0.00978569
2.77 -0.009809303
2.775 -0.009665623
2.78 -0.009317595
2.785 -0.008795206
2.79 -0.00819311
2.795 -0.00759799
2.8 -0.007085873
2.805 -0.00674561
2.81 -0.00663547
2.815 -0.00675914
2.82 -0.007094459
2.825 -0.007595678
2.83 -0.008183549
2.835 -0.008747569
2.84 -0.009174336
2.845 -0.009396428
2.85 -0.00939101
2.855 -0.009165643
2.86 -0.008792257
2.865 -0.008373929
2.87 -0.007942215
2.875 -0.007534439
2.88 -0.007284935
2.885 -0.007279674
2.89 -0.007480442
2.895 -0.007807611
2.9 -0.008165292
2.905 -0.008452037
2.91 -0.008602515
2.915 -0.00860179
2.92 -0.008460607
2.925 -0.00820928
2.93 -0.007895775
2.935 -0.007577545
2.94 -0.007291446
2.945 -0.007011909
2.95 -0.006675499
2.955 -0.006228886
2.96 -0.005645997
2.965 -0.004944816
2.97 -0.004196166
2.975 -0.003485338
2.98 -0.002878331
2.985 -0.002454836
2.99 -0.002297557
2.995 -0.00243434
3 -0.002843025
3.005 -0.003473824
3.01 -0.004242841
3.015 -0.005048123
3.02 -0.005805754
3.025 -0.006429569
3.03 -0.00682118
3.035 -0.006918469
3.04 -0.006705709
3.045 -0.006182723
3.05 -0.005375128
3.055 -0.004353422
3.06 -0.003237632
3.065 -0.002172325
3.07 -0.00127466
3.075 -0.0006163998
3.08 -0.0002140673
3.085 -2.113864e-05
3.09 5.058619e-05
3.095 8.538419e-05
3.1 0.000151468
3.105 0.0002952208
3.11 0.0005303495
3.115 0.0008301122
3.12 0.001124707
3.125 0.001305912
3.13 0.001242467
3.135 0.0008087252
3.14 -6.034454e-05
3.145 -0.00131845
3.15 -0.002843448
3.155 -0.00447176
3.16 -0.005977154
3.165 -0.007148227
3.17 -0.007925312
3.175 -0.00837006
3.18 -0.008585502
3.185 -0.008670709
3.19 -0.008679899
3.195 -0.008599746
3.2 -0.008411668
3.205 -0.008142389
3.21 -0.007828531
3.215 -0.007482767
3.22 -0.007087406
3.225 -0.006663019
3.23 -0.006297335
3.235 -0.006065629
3.24 -0.006007877
3.245 -0.006151171
3.25 -0.006472197
3.255 -0.006891317
3.26 -0.007344676
3.265 -0.007791821
3.27 -0.008171421
3.275 -0.008405662
3.28 -0.008435572
3.285 -0.008270106
3.29 -0.007984326
3.295 -0.007675362
3.3 -0.007447039
3.305 -0.007380676
3.31 -0.007480081
3.315 -0.007668404
3.32 -0.007828625
3.325 -0.007816429
3.33 -0.007476929
3.335 -0.006682751
3.34 -0.005396196
3.345 -0.003722673
3.35 -0.001864982
3.355 -4.354305e-05
3.36 0.001555527
3.365 0.002790766
3.37 0.003563413
3.375 0.003870994
3.38 0.003823557
3.385 0.00356731
3.39 0.003226868
3.395 0.002884994
3.4 0.002635246
3.405 0.002596368
3.41 0.002823642
3.415 0.003285821
3.42 0.003905469
3.425 0.004565602
3.43 0.005130082
3.435 0.005492885
3.44 0.005586382
3.445 0.00536596
3.45 0.004850948
3.455 0.004132103
3.46 0.003300276
3.465 0.002436842
3.47 0.001644371
3.475 0.001009015
3.48 0.0005560316
3.485 0.0002458242
3.49 2.166263e-06
3.495 -0.0002395887
3.5 -0.0005184803
3.505 -0.0008427538
3.51 -0.001182711
3.515 -0.001473358
3.52 -0.001634961
3.525 -0.001620507
3.53 -0.001442466
3.535 -0.001146513
3.54 -0.0007972592
3.545 -0.0004678513
3.55 -0.0002020413
3.555 3.671298e-06
3.56 0.0001658879
3.565 0.0002971231
3.57 0.0004075124
3.575 0.0005029631
3.58 0.0005846081
3.585 0.0006531046
3.59 0.0007320894
3.595 0.0008852239
3.6 0.001150322
3.605 0.001482693
3.61 0.001788915
3.615 0.001976533
3.62 0.001998318
3.625 0.001844861
3.63 0.001513632
3.635 0.001012105
3.64 0.0003516687
3.645 -0.000480196
3.65 -0.001503802
3.655 -0.002689147
3.66 -0.003939788
3.665 -0.005118846
3.67 -0.006119937
3.675 -0.00691219
3.68 -0.007510886
3.685 -0.007942377
3.69 -0.008215356
3.695 -0.008344442
3.7 -0.008364852
3.705 -0.008274142
3.71 -0.00802449
3.715 -0.007607185
3.72 -0.007050928
3.725 -0.006353128
3.73 -0.005514144
3.735 -0.004593064
3.74 -0.003712977
3.745 -0.003032742
3.75 -0.002688007
3.755 -0.002750251
3.76 -0.00319894
3.765 -0.00390391
3.77 -0.004660518
3.775 -0.005297991
3.78 -0.005716971
3.785 -0.005830466
3.79 -0.005583829
3.795 -0.005009012
3.8 -0.0042023
3.805 -0.003260261
3.81 -0.002208018
3.815 -0.001010887
3.82 0.0003290881
3.825 0.001741708
3.83 0.003110974
3.835 0.004336632
3.84 0.005378858
3.845 0.006230995
3.85 0.006905356
3.855 0.007434632
3.86 0.007848689
3.865 0.008141447
3.87 0.008277759
3.875 0.008227694
3.88 0.0080183
3.885 0.007737812
3.89 0.007488056
3.895 0.007348624
3.9 0.007354584
3.905 0.007522847
3.91 0.007889638
3.915 0.008529417
3.92 0.009501026
3.925 0.0107542
3.93 0.01216188
3.935 0.01358676
3.94 0.0148889
3.945 0.01594788
3.95 0.0167091
3.955 0.01715865
3.96 0.01725042
3.965 0.01691623
3.97 0.01611192
3.975 0.01487382
3.98 0.01332076
3.985 0.01158267
3.99 0.009764484
3.995 0.007940458
4 0.006208549
4.005 0.004701796
4.01 0.00347724
4.015 0.002507296
4.02 0.001794372
4.025 0.001363641
4.03 0.001199751
4.035 0.001234897
4.04 0.001376353
4.045 0.001569679
4.05 0.001784897
4.055 0.001939354
4.06 0.001939182
4.065 0.001757081
4.07 0.001414445
4.075 0.0009549011
4.08 0.0004448095
4.085 -4.808798e-05
4.09 -0.0004944744
4.095 -0.0008832121
4.1 -0.001185016
4.105 -0.001356989
4.11 -0.001369422
4.115 -0.001244956
4.12 -0.001036354
4.125 -0.0007571952
4.13 -0.000424818
4.135 -0.0001200882
4.14 7.255615e-05
4.145 0.0001171167
4.15 1.710568e-06
4.155 -0.0002572374
4.16 -0.0005862283
4.165 -0.0009236463
4.17 -0.001310394
4.175 -0.001809236
4.18 -0.002432079
4.185 -0.003197443
4.19 -0.004144289
4.195 -0.005277707
4.2 -0.006566679
4.205 -0.007973791
4.21 -0.009445151
4.215 -0.01088775
4.22 -0.01215602
4.225 -0.01311071
4.23 -0.01375112
4.235 -0.01418239
4.24 -0.01446774
4.245 -0.01461662
4.25 -0.01460649
4.255 -0.01438452
4.26 -0.01387919
4.265 -0.01302154
4.27 -0.01177361
4.275 -0.01015252
4.28 -0.008231434
4.285 -0.006127158
4.29 -0.004005789
4.295 -0.002064405
4.3 -0.0004717837
4.305 0.0006913681
4.31 0.001469513
4.315 0.001945578
4.32 0.002123982
4.325 0.001990907
4.33 0.001579285
4.335 0.000946354
4.34 0.0001647456
4.345 -0.0006698405
4.35 -0.00145677
4.355 -0.002120779
4.36 -0.002600044
4.365 -0.002856309
4.37 -0.002943736
4.375 -0.00299336
4.38 -0.003096809
4.385 -0.00329301
4.39 -0.003612717
4.395 -0.004081117
4.4 -0.004726659
4.405 -0.005613166
4.41 -0.006851096
4.415 -0.00856989
4.42 -0.01085605
4.425 -0.01367607
4.43 -0.01686497
4.435 -0.02016509
4.44 -0.02329114
4.445 -0.02598772
4.45 -0.02805574
4.455 -0.02936103
4.46 -0.0298239
4.465 -0.02942519
4.47 -0.02820241
4.475 -0.02624828
4.48 -0.02370147
4.485 -0.02072832
4.49 -0.01748225
4.495 -0.01404462
4.5 -0.01045711
4.505 -0.006785472
4.51 -0.003129277
4.515 0.0004201083
4.52 0.003873389
4.525 0.007299615
4.53 0.01064919
4.535 0.01373895
4.54 0.016339
4.545 0.01826235
4.55 0.01941582
4.555 0.01974647
4.56 0.01924417
4.565 0.01801045
4.57 0.0162053
4.575 0.01391551
4.58 0.0111885
4.585 0.008089162
4.59 0.004686964
4.595 0.001040256
4.6 -0.002805643
4.605 -0.006751111
4.61 -0.01057407
4.615 -0.01401756
4.62 -0.01688705
4.625 -0.01904439
4.63 -0.0204007
4.635 -0.02091897
4.64 -0.02064454
4.645 -0.01968871
4.65 -0.01812509
4.655 -0.01599426
4.66 -0.01344557
4.665 -0.01071729
4.67 -0.008005436
4.675 -0.00542234
4.68 -0.002997881
4.685 -0.0007210513
4.69 0.001415304
4.695 0.003377719
4.7 0.005117892
4.705 0.00660216
4.71 0.007794344
4.715 0.008671621
4.72 0.009277379
4.725 0.00969557
4.73 0.009995248
4.735 0.01025605
4.74 0.0105628
4.745 0.01092669
4.75 0.0112996
4.755 0.01165555
4.76 0.01197355
4.765 0.01220303
4.77 0.01227671
4.775 0.01214695
4.78 0.01182756
4.785 0.0113561
4.79 0.01073862
4.795 0.009986889
4.8 0.009157775
4.805 0.008350585
4.81 0.007675619
4.815 0.007202636
4.82 0.006946999
4.825 0.006881034
4.83 0.006965336
4.835 0.007165086
4.84 0.007449092
4.845 0.00779256
4.85 0.008192874
4.855 0.00869983
4.86 0.00940766
4.865 0.01039316
4.87 0.01167711
4.875 0.01321283
4.88 0.01489873
4.885 0.01659687
4.89 0.01813907
4.895 0.01936166
4.9 0.02016416
4.905 0.02050811
4.91 0.0203872
4.915 0.01981089
4.92 0.01880441
4.925 0.01742147
4.93 0.01573598
4.935 0.01381934
4.94 0.01175249
4.945 0.009640539
4.95 0.007610038
4.955 0.005761305
4.96 0.004102855
4.965 0.002626019
4.97 0.001374727
4.975 0.0003715158
4.98 -0.0004190667
4.985 -0.001044352
4.99 -0.001529356
4.995 -0.001860237
5 -0.002017145
5.005 -0.001976597
5.01 -0.001655546
5.015 -0.0009560822
5.02 0.0001229039
5.025 0.00148241
5.03 0.002977459
5.035 0.004481255
5.04 0.005896233
5.045 0.007104991
5.05 0.007946761
5.055 0.008235774
5.06 0.007857608
5.065 0.006820452
5.07 0.005204872
5.075 0.003137968
5.08 0.0007784975
5.085 -0.001680868
5.09 -0.004045478
5.095 -0.006199811
5.1 -0.008106352
5.105 -0.009722672
5.11 -0.0110019
5.115 -0.01193435
5.12 -0.01259979
5.125 -0.01317977
5.13 -0.01390639
5.135 -0.01499878
5.14 -0.01657912
5.145 -0.01860521
5.15 -0.02091012
5.155 -0.0233518
5.16 -0.02580757
5.165 -0.02811222
5.17 -0.03012186
5.175 -0.03172576
5.18 -0.0327443
5.185 -0.03294177
5.19 -0.03213483
5.195 -0.03028593
5.2 -0.0275316
5.205 -0.02411118
5.21 -0.02031656
5.215 -0.01644498
5.22 -0.01272711
5.225 -0.009273323
5.23 -0.006098834
5.235 -0.003172606
5.24 -0.0004714379
5.245 0.001986467
5.25 0.00416337
5.255 0.006110308
5.26 0.007973276
5.265 0.009856837
5.27 0.01178412
5.275 0.01368896
5.28 0.01539243
5.285 0.01666266
5.29 0.01736785
5.295 0.01749834
5.3 0.01710581
5.305 0.01629337
5.31 0.01521492
5.315 0.01406894
5.32 0.01304193
5.325 0.01223192
5.33 0.01168715
5.335 0.01143831
5.34 0.01144963
5.345 0.01161433
5.35 0.01180035
5.355 0.01186255
5.36 0.011652
5.365 0.01103834
5.37 0.009937978
5.375 0.008344798
5.38 0.00635343
5.385 0.004146063
5.39 0.001925866
5.395 -0.0001140061
5.4 -0.001780349
5.405 -0.002948926
5.41 -0.003628357
5.415 -0.003884696
5.42 -0.003798207
5.425 -0.0035086
5.43 -0.003199643
5.435 -0.0030299
5.44 -0.003076675
5.445 -0.003314616
5.45 -0.003643444
5.455 -0.003906054
5.46 -0.003909084
5.465 -0.003475757
5.47 -0.002472225
5.475 -0.0007740474
5.48 0.001700321
5.485 0.004911582
5.49 0.008711434
5.495 0.01287623
5.5 0.01709537
5.505 0.02100876
5.51 0.024297
5.515 0.02667063
5.52 0.02785937
5.525 0.02770598
5.53 0.02621954
5.535 0.02354039
5.54 0.01991584
5.545 0.01564896
5.55 0.01104856
5.555 0.006401694
5.56 0.001968554
5.565 -0.002046314
5.57 -0.005535798
5.575 -0.008475011
5.58 -0.01090305
5.585 -0.01291891
5.59 -0.01461696
5.595 -0.01600376
5.6 -0.01709537
5.605 -0.01800099
5.61 -0.01885713
5.615 -0.01976179
5.62 -0.02072954
5.625 -0.02168469
5.63 -0.0224826
5.635 -0.02295867
5.64 -0.02297614
5.645 -0.02245338
5.65 -0.02137063
5.655 -0.01976248
5.66 -0.01773138
5.665 -0.01541329
5.67 -0.01287443
5.675 -0.01012118
5.68 -0.007201218
5.685 -0.004204043
5.69 -0.001231033
5.695 0.001595874
5.7 0.004134658
5.705 0.006243057
5.71 0.007829198
5.715 0.008892673
5.72 0.00948553
5.725 0.009659004
5.73 0.009448877
5.735 0.00890697
5.74 0.00814409
5.745 0.007283895
5.75 0.006402082
5.755 0.005531476
5.76 0.004695792
5.765 0.003948255
5.77 0.003355817
5.775 0.002965247
5.78 0.002821934
5.785 0.002963092
5.79 0.0033626
5.795 0.003926241
5.8 0.004539088
5.805 0.00509939
5.81 0.005534546
5.815 0.00577825
5.82 0.005784405
5.825 0.005577061
5.83 0.005235171
5.835 0.004839829
5.84 0.004439184
5.845 0.004061686
5.85 0.003776544
5.855 0.00363382
5.86 0.003552961
5.865 0.003382968
5.87 0.00300955
5.875 0.002417196
5.88 0.001698667
5.885 0.001010394
5.89 0.0005291134
5.895 0.0004003764
5.9 0.000706408
5.905 0.001457587
5.91 0.002610062
5.915 0.004081374
5.92 0.005770973
5.925 0.007553723
5.93 0.009273335
5.935 0.01074777
5.94 0.01178711
5.945 0.01222995
5.95 0.01200447
5.955 0.01115298
5.96 0.009765628
5.965 0.007981194
5.97 0.006064155
5.975 0.00431568
5.98 0.002920145
5.985 0.001972035
5.99 0.001514927
5.995 0.001512587
6 0.001826746
6.005 0.002228801
6.01 0.002468346
6.015 0.002339605
6.02 0.001678146
6.025 0.0003723192
6.03 -0.001594567
6.035 -0.004112149
6.04 -0.006958264
6.045 -0.009889504
6.05 -0.01269443
6.055 -0.01515557
6.06 -0.01702193
6.065 -0.01801397
6.07 -0.01790573
6.075 -0.01663195
6.08 -0.01435873
6.085 -0.01139277
6.09 -0.007944263
6.095 -0.004175845
6.1 -0.0002965273
6.105 0.003525663
6.11 0.007196091
6.115 0.01060244
6.12 0.0135886
6.125 0.01598875
6.13 0.017698
6.135 0.01874323
6.14 0.01931864
6.145 0.01973565
6.15 0.02029319
6.155 0.0212396
6.16 0.02275619
6.165 0.02492608
6.17 0.02772604
6.175 0.03104365
6.18 0.0347228
6.185 0.03861415
6.19 0.04253877
6.195 0.04626193
6.2 0.04953782
6.205 0.05214554
6.21 0.05391336
6.215 0.05472506
6.22 0.0545198
6.225 0.05330487
6.23 0.05117103
6.235 0.04829419
6.24 0.0449348
6.245 0.04138937
6.25 0.03790048
6.255 0.03462131
6.26 0.03168635
6.265 0.02921662
6.27 0.02727915
6.275 0.02592516
6.28 0.02521756
6.285 0.02517089
6.29 0.02573818
6.295 0.02686476
6.3 0.02846079
6.305 0.03035375
6.31 0.03228309
6.315 0.03396774
6.32 0.03524622
6.325 0.03611433
6.33 0.03667653
6.335 0.03708521
6.34 0.03748279
6.345 0.03798666
6.35 0.03868261
6.355 0.0396263
6.36 0.04088464
6.365 0.04254423
6.37 0.04458789
6.375 0.04685809
6.38 0.04918015
6.385 0.05140374
6.39 0.05338991
6.395 0.05499567
6.4 0.05608774
6.405 0.05660892
6.41 0.0566022
6.415 0.05618047
6.42 0.05550413
6.425 0.05474401
6.43 0.05404286
6.435 0.05350996
6.44 0.05324505
6.445 0.05330948
6.45 0.05367993
6.455 0.05426593
6.46 0.05493573
6.465 0.05552389
6.47 0.05586772
6.475 0.0558721
6.48 0.05553133
6.485 0.05490937
6.49 0.05407729
6.495 0.05309703
6.5 0.05205722
6.505 0.05104906
6.51 0.05010497
6.515 0.04916811
6.52 0.04813835
6.525 0.04700466
6.53 0.04584516
6.535 0.04472938
6.54 0.04370586
6.545 0.04280619
6.55 0.04202844
6.555 0.04132402
6.56 0.0405903
6.565 0.03968227
6.57 0.03845667
6.575 0.03686425
6.58 0.03496645
6.585 0.03284526
6.59 0.03062028
6.595 0.02850543
6.6 0.02670288
6.605 0.02529962
6.61 0.02428253
6.615 0.02359432
6.62 0.02319962
6.625 0.02305843
6.63 0.0230953
6.635 0.02323565
6.64 0.02342861
6.645 0.02364725
6.65 0.02388752
6.655 0.02418117
6.66 0.02461864
6.665 0.02532012
6.67 0.02634929
6.675 0.02774555
6.68 0.02959822
6.685 0.03196131
6.69 0.03477464
6.695 0.0378879
6.7 0.04111555
6.705 0.04429841
6.71 0.04726446
6.715 0.049832
6.72 0.05194727
6.725 0.05372294
6.73 0.05534464
6.735 0.05701984
6.74 0.05893056
6.745 0.06119516
6.75 0.06381859
6.755 0.06664695
6.76 0.06943915
6.765 0.07198918
6.77 0.07413605
6.775 0.07578556
6.78 0.07697275
6.785 0.07782264
6.79 0.07844537
6.795 0.07895849
6.8 0.07951739
6.805 0.08029122
6.81 0.08138366
6.815 0.0827401
6.82 0.08418414
6.825 0.08549484
6.83 0.08643013
6.835 0.08677916
6.84 0.08643281
6.845 0.0853771
6.85 0.08363847
6.855 0.08127945
6.86 0.0784062
6.865 0.07518
6.87 0.07177927
6.875 0.0683576
6.88 0.06509507
6.885 0.06219779
6.89 0.05975979
6.895 0.0577709
6.9 0.05620767
6.905 0.05498653
6.91 0.05388846
6.915 0.0525516
6.92 0.05050931
6.925 0.0472931
6.93 0.0425317
6.935 0.03603119
6.94 0.02776387
6.945 0.01787841
6.95 0.006712527
6.955 -0.005252242
6.96 -0.0175518
6.965 -0.02990806
6.97 -0.04225466
6.975 -0.05452132
6.98 -0.06653318
6.985 -0.07801567
6.99 -0.08870709
6.995 -0.09846399
7 -0.1072875
7.005 -0.1152682
7.01 -0.1224886
7.015 -0.1290253
7.02 -0.1349597
7.025 -0.1403354
7.03 -0.1452077
7.035 -0.1497448
7.04 -0.154198
7.045 -0.1587656
7.05 -0.1634762
7.055 -0.1681498
7.06 -0.1724973
7.065 -0.176203
7.07 -0.1790103
7.075 -0.1807876
7.08 -0.1815548
7.085 -0.1814474
7.09 -0.1806777
7.095 -0.1794653
7.1 -0.1780053
7.105 -0.1764452
7.11 -0.174879
7.115 -0.1733589
7.12 -0.1719184
7.125 -0.1705714
7.13 -0.1692959
7.135 -0.1680075
7.14 -0.1665941
7.145 -0.1650139
7.15 -0.1633173
7.155 -0.1615851
7.16 -0.1597929
7.165 -0.1577834
7.17 -0.1554347
7.175 -0.1527204
7.18 -0.1496697
7.185 -0.1463536
7.19 -0.1428732
7.195 -0.139359
7.2 -0.135925
7.205 -0.1325908
7.21 -0.129326
7.215 -0.1261343
7.22 -0.123064
7.225 -0.1202047
7.23 -0.1176759
7.235 -0.1155853
7.24 -0.1139795
7.245 -0.1128557
7.25 -0.1122091
7.255 -0.112092
7.26 -0.112612
7.265 -0.1138793
7.27 -0.1159283
7.275 -0.1186699
7.28 -0.1219257
7.285 -0.1254695
7.29 -0.1290815
7.295 -0.1326382
7.3 -0.1361689
7.305 -0.13974
7.31 -0.1433277
7.315 -0.1467651
7.32 -0.1497796
7.325 -0.1520881
7.33 -0.1534375
7.335 -0.1536327
7.34 -0.1525521
7.345 -0.1501323
7.35 -0.1463199
7.355 -0.1411569
7.36 -0.134811
7.365 -0.1274576
7.37 -0.1192294
7.375 -0.1102938
7.38 -0.1009298
7.385 -0.09154278
7.39 -0.0825357
7.395 -0.07419707
7.4 -0.0666714
7.405 -0.05997175
7.41 -0.05403662
7.415 -0.04884719
7.42 -0.04447955
7.425 -0.04101086
7.43 -0.03848274
7.435 -0.03695863
7.44 -0.03650505
7.445 -0.03716776
7.45 -0.03894171
7.455 -0.04176911
7.46 -0.04556605
7.465 -0.05021156
7.47 -0.05553867
7.475 -0.06133869
7.48 -0.06739366
7.485 -0.07354205
7.49 -0.07968221
7.495 -0.08573247
7.5 -0.09155621
7.505 -0.09693894
7.51 -0.1016739
7.515 -0.105612
7.52 -0.1086546
7.525 -0.1107973
7.53 -0.112145
7.535 -0.112872
7.54 -0.1131521
7.545 -0.1130791
7.55 -0.1126331
7.555 -0.1116978
7.56 -0.1101532
7.565 -0.1079421
7.57 -0.1050302
7.575 -0.1014063
7.58 -0.09710216
7.585 -0.09225593
7.59 -0.08709664
7.595 -0.08180471
7.6 -0.07645001
7.605 -0.07104415
7.61 -0.06554857
7.615 -0.05989294
7.62 -0.05398628
7.625 -0.04774547
7.63 -0.0411211
7.635 -0.03413448
7.64 -0.02688231
7.645 -0.01949289
7.65 -0.01201972
7.655 -0.004348438
7.66 0.003740633
7.665 0.01235849
7.67 0.02148157
7.675 0.03098991
7.68 0.0407168
7.685 0.05044895
7.69 0.05994163
7.695 0.0690338
7.7 0.07780813
7.705 0.08649089
7.71 0.09534944
7.715 0.1046897
7.72 0.1147703
7.725 0.1256523
7.73 0.1372927
7.735 0.1496477
7.74 0.1626069
7.745 0.175983
7.75 0.1896272
7.755 0.2034208
7.76 0.2172224
7.765 0.230806
7.77 0.2438622
7.775 0.2560499
7.78 0.2670625
7.785 0.2766849
7.79 0.2848662
7.795 0.2917219
7.8 0.2974439
7.805 0.3022345
7.81 0.3062793
7.815 0.3096769
7.82 0.3123874
7.825 0.3143145
7.83 0.3153332
7.835 0.3151908
7.84 0.3135651
7.845 0.3102149
7.85 0.3050828
7.855 0.2983716
7.86 0.2906021
7.865 0.2824318
7.87 0.2742472
7.875 0.2661313
7.88 0.2579932
7.885 0.2497147
7.89 0.2412367
7.895 0.2325394
7.9 0.2235951
7.905 0.2143042
7.91 0.2044775
7.915 0.193884
7.92 0.1823623
7.925 0.1698882
7.93 0.1565432
7.935 0.1424442
7.94 0.1276862
7.945 0.1124526
7.95 0.09707603
7.955 0.08198371
7.96 0.06756809
7.965 0.05407775
7.97 0.04172414
7.975 0.030751
7.98 0.02130547
7.985 0.01341744
7.99 0.007094484
7.995 0.002343444
8 -0.0008053218
8.005 -0.002258268
8.01 -0.001892799
8.015 0.0003760231
8.02 0.004597126
8.025 0.01084016
8.03 0.01914739
8.035 0.02944604
8.04 0.0414671
8.045 0.05484229
8.05 0.06931381
8.055 0.08455488
8.06 0.1000867
8.065 0.1155923
8.07 0.1310084
8.075 0.146328
8.08 0.1615477
8.085 0.1766198
8.09 0.1913105
8.095 0.2052075
8.1 0.2179616
8.105 0.2293939
8.11 0.2394836
8.115 0.2483274
8.12 0.256053
8.125 0.2627278
8.13 0.268292
8.135 0.272513
8.14 0.2750417
8.145 0.2755231
8.15 0.2737221
8.155 0.2696086
8.16 0.263345
8.165 0.2552149
8.17 0.2454604
8.175 0.2343081
8.18 0.2219871
8.185 0.2086963
8.19 0.1946598
8.195 0.1802496
8.2 0.1659009
8.205 0.1519696
8.21 0.1387647
8.215 0.1265518
8.22 0.1154252
8.225 0.1053077
8.23 0.09606037
8.235 0.08755976
8.24 0.079709
8.245 0.07235215
8.25 0.06525071
8.255 0.05820787
8.26 0.0510742
8.265 0.04370865
8.27 0.03591405
8.275 0.02749436
8.28 0.01845855
8.285 0.009112993
8.29 -4.569063e-05
8.295 -0.008606617
8.3 -0.01646601
8.305 -0.02364945
8.31 -0.03013988
8.315 -0.03581032
8.32 -0.0405568
8.325 -0.04444287
8.33 -0.04762822
8.335 -0.0502735
8.34 -0.05258158
8.345 -0.05480234
8.35 -0.0571944
8.355 -0.05998234
8.36 -0.06333489
8.365 -0.06737162
8.37 -0.07218563
8.375 -0.07783402
8.38 -0.0842884
8.385 -0.09139929
8.39 -0.09899953
8.395 -0.1069707
8.4 -0.1151981
8.405 -0.1235667
8.41 -0.1320268
8.415 -0.1405183
8.42 -0.1488991
8.425 -0.1569733
8.43 -0.1645788
8.435 -0.1716752
8.44 -0.178307
8.445 -0.1844854
8.45 -0.1901958
8.455 -0.1954022
8.46 -0.2000356
8.465 -0.203986
8.47 -0.2071202
8.475 -0.2093837
8.48 -0.2108725
8.485 -0.211738
8.49 -0.2121267
8.495 -0.2121935
8.5 -0.2120901
8.505 -0.2119203
8.51 -0.2117287
8.515 -0.2114911
8.52 -0.2111016
8.525 -0.2103453
8.53 -0.2088648
8.535 -0.2061927
8.54 -0.2018267
8.545 -0.1953349
8.55 -0.1864626
8.555 -0.1752101
8.56 -0.16182
8.565 -0.1466345
8.57 -0.1299573
8.575 -0.1120556
8.58 -0.09341984
8.585 -0.07476133
8.59 -0.05670439
8.595 -0.0398368
8.6 -0.02481165
8.605 -0.01221044
8.61 -0.002412633
8.615 0.004425596
8.62 0.008428564
8.625 0.009998189
8.63 0.009727592
8.635 0.008249018
8.64 0.00611395
8.645 0.003740425
8.65 0.001402116
8.655 -0.0007325608
8.66 -0.002566365
8.665 -0.004103168
8.67 -0.005483283
8.675 -0.00698578
8.68 -0.008905442
8.685 -0.01139613
8.69 -0.01452164
8.695 -0.01831157
8.7 -0.02271988
8.705 -0.02769321
8.71 -0.03332562
8.715 -0.03978489
8.72 -0.04718175
8.725 -0.05552609
8.73 -0.06476929
8.735 -0.0749082
8.74 -0.0859227
8.745 -0.09767106
8.75 -0.1099116
8.755 -0.122372
8.76 -0.134817
8.765 -0.1469692
8.77 -0.1583353
8.775 -0.1681653
8.78 -0.1755238
8.785 -0.1794924
8.79 -0.1793957
8.795 -0.174961
8.8 -0.1662924
8.805 -0.1536861
8.81 -0.1375378
8.815 -0.1183194
8.82 -0.0965986
8.825 -0.07309545
8.83 -0.04865382
8.835 -0.02416889
8.84 -0.0004109322
8.845 0.02216667
8.85 0.04339026
8.855 0.06310557
8.86 0.08125292
8.865 0.09799773
8.87 0.1136852
8.875 0.1287247
8.88 0.1434664
8.885 0.1581655
8.89 0.1730067
8.895 0.1880984
8.9 0.2034878
8.905 0.219172
8.91 0.2350131
8.915 0.2505889
8.92 0.2653321
8.925 0.2787771
8.93 0.2907221
8.935 0.301252
8.94 0.3106108
8.945 0.3190935
8.95 0.3269205
8.955 0.3341584
8.96 0.3406498
8.965 0.3459584
8.97 0.3493645
8.975 0.3499088
8.98 0.3464242
8.985 0.3376384
8.99 0.32243
8.995 0.3000786
9 0.2703769
9.005 0.2337707
9.01 0.1912555
9.015 0.1441654
9.02 0.09400994
9.025 0.04254926
9.03 -0.008191647
9.035 -0.05609872
9.04 -0.09939189
9.045 -0.1370263
9.05 -0.1688346
9.055 -0.1953344
9.06 -0.2172748
9.065 -0.2354726
9.07 -0.2507128
9.075 -0.2637053
9.08 -0.2750708
9.085 -0.2852698
9.09 -0.2946613
9.095 -0.3035449
9.1 -0.3121802
9.105 -0.3207567
9.11 -0.3293685
9.115 -0.3379599
9.12 -0.3462642
9.125 -0.3537793
9.13 -0.3598072
9.135 -0.3635285
9.14 -0.3641835
9.145 -0.3612949
9.15 -0.3547198
9.155 -0.3445533
9.16 -0.3310339
9.165 -0.3144838
9.17 -0.2952729
9.175 -0.2738542
9.18 -0.2507676
9.185 -0.2266597
9.19 -0.2023285
9.195 -0.1787561
9.2 -0.1568465
9.205 -0.1370963
9.21 -0.1198036
9.215 -0.1052638
9.22 -0.09362852
9.225 -0.08488177
9.23 -0.07896473
9.235 -0.07578959
9.24 -0.07519866
9.245 -0.07687013
9.25 -0.08028834
9.255 -0.08487545
9.26 -0.09011835
9.265 -0.09567382
9.27 -0.1013028
9.275 -0.1067912
9.28 -0.1119056
9.285 -0.1163517
9.29 -0.1197641
9.295 -0.1217796
9.3 -0.1221082
9.305 -0.1205662
9.31 -0.1170924
9.315 -0.1117592
9.32 -0.1048563
9.325 -0.09686193
9.33 -0.0882375
9.335 -0.07938986
9.34 -0.07069331
9.345 -0.06245883
9.35 -0.05490092
9.355 -0.04814156
9.36 -0.04218136
9.365 -0.03690117
9.37 -0.03218908
9.375 -0.02800829
9.38 -0.02423786
9.385 -0.02069524
9.39 -0.0173211
9.395 -0.01410101
9.4 -0.01095767
9.405 -0.007814516
9.41 -0.004634429
9.415 -0.00141768
9.42 0.001805358
9.425 0.004987413
9.43 0.008100918
9.435 0.01113482
9.44 0.01404959
9.445 0.01676156
9.45 0.01915254
9.455 0.02107838
9.46 0.02238983
9.465 0.02295489
9.47 0.02266871
9.475 0.02144258
9.48 0.01921253
9.485 0.01594415
9.49 0.01163
9.495 0.006257843
9.5 -0.0002281397
9.505 -0.007804015
9.51 -0.01626343
9.515 -0.02526195
9.52 -0.03447026
9.525 -0.04376577
9.53 -0.05306816
9.535 -0.06217161
9.54 -0.0708828
9.545 -0.07907891
9.55 -0.0866351
9.555 -0.09345129
9.56 -0.09949423
9.565 -0.1047617
9.57 -0.1092452
9.575 -0.1129157
9.58 -0.115742
9.585 -0.1176857
9.59 -0.1186323
9.595 -0.1183893
9.6 -0.116789
9.605 -0.1137232
9.61 -0.1090898
9.615 -0.1027748
9.62 -0.0946752
9.625 -0.0847952
9.63 -0.07329164
9.635 -0.06042549
9.64 -0.04647196
9.645 -0.03168134
9.65 -0.01635014
9.655 -0.0008294257
9.66 0.01453717
9.665 0.02929976
9.67 0.04292239
9.675 0.05509296
9.68 0.06577998
9.685 0.07499802
9.69 0.08280578
9.695 0.08930928
9.7 0.09461089
9.705 0.09885407
9.71 0.1023232
9.715 0.1053329
9.72 0.108051
9.725 0.1104611
9.73 0.1124028
9.735 0.1136455
9.74 0.1139474
9.745 0.1130864
9.75 0.1108691
9.755 0.1071723
9.76 0.1020192
9.765 0.09559371
9.77 0.08817106
9.775 0.08001035
9.78 0.07130309
9.785 0.06221881
9.79 0.05298986
9.795 0.04394
9.8 0.03532517
9.805 0.02724807
9.81 0.01976206
9.815 0.01288376
9.82 0.006566197
9.825 0.0007863379
9.83 -0.004381471
9.835 -0.008786243
9.84 -0.01224243
9.845 -0.0145832
9.85 -0.01576254
9.855 -0.01589595
9.86 -0.01517779
9.865 -0.0138174
9.87 -0.01199894
9.875 -0.00991822
9.88 -0.007777812
9.885 -0.005680954
9.89 -0.003645316
9.895 -0.001718382
9.9 9.417424e-05
9.905 0.001904963
9.91 0.003864169
9.915 0.006094193
9.92 0.008681171
9.925 0.01167957
9.93 0.01510895
9.935 0.0189008
9.94 0.02291082
9.945 0.02701488
9.95 0.03116363
9.955 0.03538023
9.96 0.03967222
9.965 0.04398797
9.97 0.04827365
9.975 0.05250083
9.98 0.05666056
9.985 0.06069967
9.99 0.0645159
9.995 0.06803939
10 0.07122152
10.005 0.0739786
10.01 0.07624063
10.015 0.07798829
10.02 0.07922943
10.025 0.0799756
10.03 0.08022096
10.035 0.07995018
10.04 0.07912253
10.045 0.07761872
10.05 0.07526903
10.055 0.07192795
10.06 0.06747683
10.065 0.06183059
10.07 0.05500452
10.075 0.0471397
10.08 0.03845105
10.085 0.02919551
10.09 0.01961471
10.095 0.009889315
10.1 0.0001953132
10.105 -0.009180334
10.11 -0.01793644
10.115 -0.02585949
10.12 -0.03272099
10.125 -0.03827218
10.13 -0.04238266
10.135 -0.04504977
10.14 -0.0463423
10.145 -0.04641859
10.15 -0.04550733
10.155 -0.04381797
10.16 -0.04151464
10.165 -0.03870487
10.17 -0.03543345
10.175 -0.03169684
10.18 -0.0274827
10.185 -0.0228126
10.19 -0.01775457
10.195 -0.01238663
10.2 -0.006757488
10.205 -0.0008975555
10.21 0.005185313
10.215 0.01151058
10.22 0.01804882
10.225 0.02466823
10.23 0.03119971
10.235 0.0374798
10.24 0.04335865
10.245 0.04872383
10.25 0.05351839
10.255 0.05772965
10.26 0.06138921
10.265 0.06457732
10.27 0.06737859
10.275 0.06981539
10.28 0.07184839
10.285 0.07338028
10.29 0.07424851
10.295 0.07428659
10.3 0.0734086
10.305 0.0716327
10.31 0.0690559
10.315 0.06579331
10.32 0.0618999
10.325 0.0573039
10.33 0.05189953
10.335 0.04566958
10.34 0.03872296
10.345 0.03123631
10.35 0.02331858
10.355 0.01504678
10.36 0.006501997
10.365 -0.002279296
10.37 -0.01128086
10.375 -0.02040662
10.38 -0.02951298
10.385 -0.03847659
10.39 -0.04719455
10.395 -0.05557174
10.4 -0.06351168
10.405 -0.07087019
10.41 -0.07742508
10.415 -0.08293877
10.42 -0.08722183
10.425 -0.09014161
10.43 -0.09162716
10.435 -0.09165582
10.44 -0.09028147
10.445 -0.08762309
10.45 -0.08379689
10.455 -0.07891487
10.46 -0.07310579
10.465 -0.06652304
10.47 -0.05930532
10.475 -0.05150475
10.48 -0.043123
10.485 -0.03423725
10.49 -0.02507353
10.495 -0.01597637
10.5 -0.007233394
10.505 0.000963473
10.51 0.008408985
10.515 0.01491468
10.52 0.0203501
10.525 0.02457672
10.53 0.02743444
10.535 0.02880098
10.54 0.02863765
10.545 0.02700058
10.55 0.02404604
10.555 0.0199542
10.56 0.01477432
10.565 0.008465058
10.57 0.00103017
10.575 -0.007387656
10.58 -0.01645752
10.585 -0.02567512
10.59 -0.03450582
10.595 -0.04261786
10.6 -0.04993643
10.605 -0.05656284
10.61 -0.06259853
10.615 -0.06804352
10.62 -0.07280125
10.625 -0.07678541
10.63 -0.07999543
10.635 -0.08242126
10.64 -0.08405296
10.645 -0.08501072
10.65 -0.08551205
10.655 -0.08573763
10.66 -0.08575666
10.665 -0.0855125
10.67 -0.08487188
10.675 -0.08366465
10.68 -0.08171629
10.685 -0.07889463
10.69 -0.07512344
10.695 -0.07035522
10.7 -0.06456524
10.705 -0.05775634
10.71 -0.04997951
10.715 -0.04133594
10.72 -0.03194862
10.725 -0.02200015
10.73 -0.01178715
10.735 -0.001660848
10.74 0.008085402
10.745 0.01723995
10.75 0.0256908
10.755 0.03343179
10.76 0.04050529
10.765 0.04692081
10.77 0.0527003
10.775 0.05789444
10.78 0.06252579
10.785 0.06658705
10.79 0.07007087
10.795 0.07297357
10.8 0.07530247
10.805 0.07709865
10.81 0.07841629
10.815 0.07925092
10.82 0.07954603
10.825 0.07920755
10.83 0.07809524
10.835 0.0760431
10.84 0.07289853
10.845 0.06853358
10.85 0.06284977
10.855 0.05585335
10.86 0.04769629
10.865 0.03864062
10.87 0.0289997
10.875 0.01905964
10.88 0.009082816
10.885 -0.0006711532
10.89 -0.009955188
10.895 -0.01857112
10.9 -0.0264206
10.905 -0.03347312
10.91 -0.03973468
10.915 -0.04527398
10.92 -0.05022846
10.925 -0.05474832
10.93 -0.05891647
10.935 -0.06269916
10.94 -0.06604429
10.945 -0.06894226
10.95 -0.07139853
10.955 -0.07341695
10.96 -0.0749786
10.965 -0.07602742
10.97 -0.07647704
10.975 -0.07624376
10.98 -0.07528528
10.985 -0.07361801
10.99 -0.07128816
10.995 -0.06833784
11 -0.06480637
11.005 -0.06078118
11.01 -0.05644414
11.015 -0.0520106
11.02 -0.0476717
11.025 -0.04365414
11.03 -0.04017778
11.035 -0.03731474
11.04 -0.03502261
11.045 -0.03323875
11.05 -0.03186508
11.055 -0.03076897
11.06 -0.02982336
11.065 -0.02893633
11.07 -0.02805082
11.075 -0.02707696
11.08 -0.0258716
11.085 -0.02432339
11.09 -0.02237064
11.095 -0.01997659
11.1 -0.01714879
11.105 -0.01396693
11.11 -0.01058297
11.115 -0.007150972
11.12 -0.003719615
11.125 -0.00028968
11.13 0.003113106
11.135 0.006431635
11.14 0.009588896
11.145 0.01251764
11.15 0.01523503
11.155 0.01785252
11.16 0.02046514
11.165 0.02312162
11.17 0.02587205
11.175 0.02876386
11.18 0.03182705
11.185 0.03505985
11.19 0.03841703
11.195 0.04179895
11.2 0.04505265
11.205 0.04799697
11.21 0.05048411
11.215 0.05243109
11.22 0.05380605
11.225 0.05455036
11.23 0.05453959
11.235 0.05365876
11.24 0.05187012
11.245 0.04922554
11.25 0.04581946
11.255 0.04176395
11.26 0.03725027
11.265 0.03251524
11.27 0.02771976
11.275 0.02294234
11.28 0.01821787
11.285 0.01358527
11.29 0.00911002
11.295 0.004883023
11.3 0.001007707
11.305 -0.002439545
11.31 -0.005473377
11.315 -0.008210039
11.32 -0.01081243
11.325 -0.0134204
11.33 -0.01610733
11.335 -0.01890352
11.34 -0.02179753
11.345 -0.02471465
11.35 -0.02752119
11.355 -0.030051
11.36 -0.03214761
11.365 -0.03369084
11.37 -0.03460166
11.375 -0.03484541
11.38 -0.0344407
11.385 -0.0334837
11.39 -0.03212422
11.395 -0.03050088
11.4 -0.02875043
11.405 -0.02704397
11.41 -0.02560906
11.415 -0.02465431
11.42 -0.02424596
11.425 -0.02436645
11.43 -0.02498493
11.435 -0.02602955
11.44 -0.02735053
11.445 -0.0287039
11.45 -0.02975129
11.455 -0.03012036
11.46 -0.02952263
11.465 -0.02781419
11.47 -0.02498243
11.475 -0.02112503
11.48 -0.01640109
11.485 -0.01098503
11.49 -0.00506107
11.495 0.00117397
11.5 0.007562964
11.505 0.01402779
11.51 0.02054487
11.515 0.02706448
11.52 0.03343664
11.525 0.03946805
11.53 0.04503286
11.535 0.05012881
11.54 0.05486268
11.545 0.05936583
11.55 0.06375699
11.555 0.06810208
11.56 0.07238638
11.565 0.07657858
11.57 0.08073525
11.575 0.08491661
11.58 0.08910444
11.585 0.09323815
11.59 0.09723961
11.595 0.1010108
11.6 0.1044416
11.605 0.1074196
11.61 0.1098458
11.615 0.111626
11.62 0.11264
11.625 0.1127343
11.63 0.1117241
11.635 0.1094166
11.64 0.105692
11.645 0.1005844
11.65 0.09421216
11.655 0.08668447
11.66 0.07816165
11.665 0.0689083
11.67 0.05927482
11.675 0.04965493
11.68 0.04040934
11.685 0.031818
11.69 0.02408018
11.695 0.01735992
11.7 0.0117378
11.705 0.00718089
11.71 0.003635724
11.715 0.001057103
11.72 -0.0006728753
11.725 -0.001747913
11.73 -0.002378918
11.735 -0.002769043
11.74 -0.003068642
11.745 -0.003309338
11.75 -0.003446331
11.755 -0.003443649
11.76 -0.003263496
11.765 -0.002847345
11.77 -0.002128269
11.775 -0.001027266
11.78 0.0005531269
11.785 0.002672619
11.79 0.005311874
11.795 0.008394404
11.8 0.01183407
11.805 0.01558667
11.81 0.01960504
11.815 0.02378186
11.82 0.02794806
11.825 0.03194073
11.83 0.03569785
11.835 0.03915128
11.84 0.04213263
11.845 0.04447243
11.85 0.04610435
11.855 0.04710163
11.86 0.04758205
11.865 0.04758805
11.87 0.0470979
11.875 0.04606308
11.88 0.04443917
11.885 0.042222
11.89 0.03945911
11.895 0.03622034
11.9 0.03260763
11.905 0.02880189
11.91 0.02499958
11.915 0.02131422
11.92 0.01780475
11.925 0.01453119
11.93 0.01158799
11.935 0.009084462
11.94 0.007119724
11.945 0.005828202
11.95 0.005383144
11.955 0.005919778
11.96 0.007514729
11.965 0.01020521
11.97 0.0139371
11.975 0.01855296
11.98 0.02386347
11.985 0.02965139
11.99 0.0356589
11.995 0.04163234
12 0.04735605
12.005 0.05261663
12.01 0.0571983
12.015 0.06091252
12.02 0.06363595
12.025 0.06532538
12.03 0.0659991
12.035 0.06577447
12.04 0.06491124
12.045 0.06368943
12.05 0.06227435
12.055 0.06075973
12.06 0.05923452
12.065 0.05781443
12.07 0.05659001
12.075 0.0555688
12.08 0.05470682
12.085 0.0539379
12.09 0.05318295
12.095 0.05238568
12.1 0.0515534
12.105 0.05075483
12.11 0.05006993
12.115 0.04950392
12.12 0.04899279
12.125 0.04849004
12.13 0.04797381
12.135 0.04742644
12.14 0.04680793
12.145 0.04605803
12.15 0.04514279
12.155 0.04406166
12.16 0.04282883
12.165 0.04152802
12.17 0.04032179
12.175 0.03930816
12.18 0.03843831
12.185 0.03759012
12.19 0.03662921
12.195 0.03546008
12.2 0.03404404
12.205 0.03238609
12.21 0.03048198
12.215 0.02830557
12.22 0.02586114
12.225 0.02320927
12.23 0.02044977
12.235 0.01766392
12.24 0.01486051
12.245 0.01200937
12.25 0.009073778
12.255 0.006022832
12.26 0.00284375
12.265 -0.0004421729
12.27 -0.00377416
12.275 -0.007074663
12.28 -0.01031222
12.285 -0.01348423
12.29 -0.01650495
12.295 -0.01921937
12.3 -0.02150163
12.305 -0.02325726
12.31 -0.02441238
12.315 -0.02493977
12.32 -0.0248548
12.325 -0.02416579
12.33 -0.02288624
12.335 -0.02107475
12.34 -0.01886383
12.345 -0.01645077
12.35 -0.01403151
12.355 -0.01173651
12.36 -0.009594575
12.365 -0.007573257
12.37 -0.005662662
12.375 -0.003880307
12.38 -0.002231537
12.385 -0.000645517
12.39 0.001000158
12.395 0.002750475
12.4 0.004558718
12.405 0.006345937
12.41 0.008042399
12.415 0.009610916
12.42 0.0110318
12.425 0.0123153
12.43 0.01354435
12.435 0.01483513
12.44 0.01625813
12.445 0.01784961
12.45 0.01963892
12.455 0.02164368
12.46 0.02389649
12.465 0.02649346
12.47 0.02950824
12.475 0.03285616
12.48 0.03631957
12.485 0.03962612
12.49 0.04250711
12.495 0.04474297
12.5 0.04619108
12.505 0.04679844
12.51 0.04658347
12.515 0.0456064
12.52 0.04394725
12.525 0.04172612
12.53 0.03908641
12.535 0.03613067
12.54 0.03292321
12.545 0.02952008
12.55 0.02598716
12.555 0.02240259
12.56 0.01883167
12.565 0.01532067
12.57 0.01190795
12.575 0.008653737
12.58 0.005659155
12.585 0.003025913
12.59 0.0008195459
12.595 -0.0009194316
12.6 -0.002184852
12.605 -0.003026308
12.61 -0.003543922
12.615 -0.003851816
12.62 -0.004048243
12.625 -0.004193874
12.63 -0.004312273
12.635 -0.004396188
12.64 -0.004422664
12.645 -0.004386213
12.65 -0.004315596
12.655 -0.004212906
12.66 -0.004024061
12.665 -0.003684619
12.67 -0.003149271
12.675 -0.002402195
12.68 -0.001468701
12.685 -0.0004110886
12.69 0.0006998967
12.695 0.001806044
12.7 0.002857859
12.705 0.00379454
12.71 0.004530051
12.715 0.005019559
12.72 0.005307437
12.725 0.005466102
12.73 0.005549156
12.735 0.005592825
12.74 0.005616516
12.745 0.005621871
12.75 0.005593692
12.755 0.005505451
12.76 0.005327227
12.765 0.005037013
12.77 0.004631309
12.775 0.004135701
12.78 0.00360878
12.785 0.003135011
12.79 0.002781272
12.795 0.002519342
12.8 0.002252546
12.805 0.001945973
12.81 0.00162203
12.815 0.001303658
12.82 0.0009798323
12.825 0.000601769
12.83 0.0001229098
12.835 -0.0004787464
12.84 -0.001205405
12.845 -0.002059742
12.85 -0.003059422
12.855 -0.004197956
12.86 -0.005429165
12.865 -0.006702193
12.87 -0.007977618
12.875 -0.009225125
12.88 -0.01042574
12.885 -0.01157292
12.89 -0.01267521
12.895 -0.0137528
12.9 -0.01482995
12.905 -0.01590643
12.91 -0.01693329
12.915 -0.01786632
12.92 -0.01870532
12.925 -0.01942688
12.93 -0.01994586
12.935 -0.02014221
12.94 -0.01993661
12.945 -0.01936255
12.95 -0.0185007
12.955 -0.01739798
12.96 -0.01608246
12.965 -0.01460584
12.97 -0.01309031
12.975 -0.01170944
12.98 -0.01062373
12.985 -0.009923261
12.99 -0.009601471
12.995 -0.009590324
13 -0.009817506
13.005 -0.01026892
13.01 -0.01096108
13.015 -0.01187002
13.02 -0.01288846
13.025 -0.01385019
13.03 -0.01464619
13.035 -0.0152576
13.04 -0.01570562
13.045 -0.01601814
13.05 -0.01620325
13.055 -0.01625194
13.06 -0.01616509
13.065 -0.01599086
13.07 -0.0157949
13.075 -0.01558218
13.08 -0.01532171
13.085 -0.01499658
13.09 -0.01461571
13.095 -0.01422002
13.1 -0.01388801
13.105 -0.01373062
13.11 -0.0138667
13.115 -0.01436908
13.12 -0.01522846
13.125 -0.01637121
13.13 -0.01769161
13.135 -0.01909017
13.14 -0.02048506
13.145 -0.02182857
13.15 -0.02314337
13.155 -0.02449951
13.16 -0.02592552
13.165 -0.02739766
13.17 -0.02887634
13.175 -0.03030754
13.18 -0.03163717
13.185 -0.03284804
13.19 -0.03393189
13.195 -0.03481275
13.2 -0.03537779
13.205 -0.0355374
13.21 -0.03524632
13.215 -0.03450247
13.22 -0.0333213
13.225 -0.03172121
13.23 -0.02971138
13.235 -0.02731353
13.24 -0.02458838
13.245 -0.02164921
13.25 -0.01862788
13.255 -0.01561748
13.26 -0.01272038
13.265 -0.01006757
13.27 -0.007705309
13.275 -0.005589369
13.28 -0.003712336
13.285 -0.002125156
13.29 -0.0008964197
13.295 -6.023431e-05
13.3 0.0004136441
13.305 0.0005970987
13.31 0.0005813027
13.315 0.0004495358
13.32 0.0002805803
13.325 0.0001539553
13.33 0.0001463517
13.335 0.0003210995
13.34 0.0007078174
13.345 0.001263524
13.35 0.001860175
13.355 0.002356742
13.36 0.002662525
13.365 0.002746775
13.37 0.002623616
13.375 0.002321358
13.38 0.001881765
13.385 0.001348372
13.39 0.0007324026
13.395 2.58092e-05
13.4 -0.0007419032
13.405 -0.001489039
13.41 -0.002095431
13.415 -0.002438727
13.42 -0.002408522
13.425 -0.001891661
13.43 -0.0008129896
13.435 0.000815259
13.44 0.002932015
13.445 0.005480263
13.45 0.008424389
13.455 0.01171729
13.46 0.01525623
13.465 0.01892513
13.47 0.02265667
13.475 0.02642685
13.48 0.03023686
13.485 0.03408584
13.49 0.037911
13.495 0.04155916
13.5 0.04491857
13.505 0.04798597
13.51 0.05076156
13.515 0.05321007
13.52 0.05528518
13.525 0.05694717
13.53 0.0581696
13.535 0.05892955
13.54 0.05923625
13.545 0.05917883
13.55 0.05887161
13.555 0.05837907
13.56 0.05777464
13.565 0.05714227
13.57 0.05645997
13.575 0.05561466
13.58 0.05450807
13.585 0.05308728
13.59 0.05134061
13.595 0.04927896
13.6 0.04691167
13.605 0.04422922
13.61 0.04123678
13.615 0.0379821
13.62 0.03450629
13.625 0.03084755
13.63 0.0271129
13.635 0.02341018
13.64 0.01973017
13.645 0.01606608
13.65 0.01251182
13.655 0.009186678
13.66 0.006182293
13.665 0.00356185
13.67 0.001370176
13.675 -0.0003566281
13.68 -0.001617701
13.685 -0.002470822
13.69 -0.003032737
13.695 -0.003406927
13.7 -0.00359922
13.705 -0.003581062
13.71 -0.003351927
13.715 -0.002915911
13.72 -0.002279615
13.725 -0.001462482
13.73 -0.0004870518
13.735 0.0006235119
13.74 0.001800536
13.745 0.002923845
13.75 0.00386904
13.755 0.004531148
13.76 0.004838061
13.765 0.00477105
13.77 0.004362556
13.775 0.003672514
13.78 0.002778913
13.785 0.001763473
13.79 0.0006534982
13.795 -0.0006001912
13.8 -0.002040619
13.805 -0.003662234
13.81 -0.005437233
13.815 -0.007304589
13.82 -0.00915357
13.825 -0.01082376
13.83 -0.0121378
13.835 -0.01296103
13.84 -0.01321887
13.845 -0.01287606
13.85 -0.01193988
13.855 -0.01048212
13.86 -0.008687198
13.865 -0.006786906
13.87 -0.004894153
13.875 -0.00302798
13.88 -0.001186358
13.885 0.0006741104
13.89 0.002611443
13.895 0.004607287
13.9 0.006582775
13.905 0.008479783
13.91 0.01026836
13.915 0.01192586
13.92 0.01340587
13.925 0.01463332
13.93 0.01552117
13.935 0.01599411
13.94 0.01601393
13.945 0.01560522
13.95 0.01485533
13.955 0.01388136
13.96 0.01279731
13.965 0.01167929
13.97 0.01055714
13.975 0.009418593
13.98 0.008215182
13.985 0.006894853
13.99 0.005436773
13.995 0.00381234
14 0.001960818
14.005 -0.0001315946
14.01 -0.002438685
14.015 -0.004989858
14.02 -0.00780357
14.025 -0.0107878
14.03 -0.01382401
14.035 -0.01683008
14.04 -0.01972104
14.045 -0.02239373
14.05 -0.02474517
14.055 -0.02669538
14.06 -0.02822809
14.065 -0.02944029
14.07 -0.03050184
14.075 -0.031521
14.08 -0.03252055
14.085 -0.03347452
14.09 -0.03437743
14.095 -0.0352558
14.1 -0.03609655
14.105 -0.03684986
14.11 -0.03747468
14.115 -0.03792381
14.12 -0.03813959
14.125 -0.03810261
14.13 -0.0378448
14.135 -0.0374143
14.14 -0.03687194
14.145 -0.03628383
14.15 -0.03568837
14.155 -0.03508999
14.16 -0.03449576
14.165 -0.03390796
14.17 -0.03329495
14.175 -0.032626
14.18 -0.03191372
14.185 -0.031216
14.19 -0.03060616
14.195 -0.03011901
14.2 -0.02973151
14.205 -0.02937097
14.21 -0.02894714
14.215 -0.02838339
14.22 -0.02762795
14.225 -0.02666183
14.23 -0.0254897
14.235 -0.02409177
14.24 -0.02240658
14.245 -0.02041778
14.25 -0.01819261
14.255 -0.01584185
14.26 -0.01348372
14.265 -0.01120776
14.27 -0.009062386
14.275 -0.007050245
14.28 -0.005125204
14.285 -0.003217693
14.29 -0.001273886
14.295 0.0007539567
14.3 0.00289997
14.305 0.005109222
14.31 0.007257432
14.315 0.009275123
14.32 0.01113725
14.325 0.01280211
14.33 0.01425122
14.335 0.01551408
14.34 0.01663104
14.345 0.01761655
14.35 0.01844181
14.355 0.01909678
14.36 0.01963737
14.365 0.02012148
14.37 0.02056517
14.375 0.02095517
14.38 0.02128279
14.385 0.02157373
14.39 0.02185824
14.395 0.02213813
14.4 0.02238323
14.405 0.02253553
14.41 0.02251931
14.415 0.02227583
14.42 0.0217745
14.425 0.0209568
14.43 0.01972424
14.435 0.0179972
14.44 0.01572484
14.445 0.01286191
14.45 0.009368665
14.455 0.005243217
14.46 0.0005833434
14.465 -0.004456628
14.47 -0.00979844
14.475 -0.01535545
14.48 -0.02094336
14.485 -0.02637394
14.49 -0.03152061
14.495 -0.03628985
14.5 -0.04064243
14.505 -0.04461323
14.51 -0.04822918
14.515 -0.05144375
14.52 -0.05418514
14.525 -0.05638117
14.53 -0.05795548
14.535 -0.05888423
14.54 -0.05923264
14.545 -0.05908516
14.55 -0.05850195
14.555 -0.0575444
14.56 -0.05630039
14.565 -0.05488635
14.57 -0.05342065
14.575 -0.05197826
14.58 -0.05055446
14.585 -0.0490796
14.59 -0.04748452
14.595 -0.04575148
14.6 -0.04393257
14.605 -0.04209519
14.61 -0.040291
14.615 -0.03858794
14.62 -0.03705157
14.625 -0.03569745
14.63 -0.03450602
14.635 -0.03345205
14.64 -0.03250627
14.645 -0.0316531
14.65 -0.03091945
14.655 -0.03033023
14.66 -0.02986163
14.665 -0.02952554
14.67 -0.02941239
14.675 -0.0296014
14.68 -0.03012476
14.685 -0.03099402
14.69 -0.03218553
14.695 -0.03363117
14.7 -0.03524363
14.705 -0.0369492
14.71 -0.03871104
14.715 -0.04048112
14.72 -0.04213301
14.725 -0.04351835
14.73 -0.04452849
14.735 -0.04507767
14.74 -0.04510266
14.745 -0.04458649
14.75 -0.04356016
14.755 -0.04209117
14.76 -0.04029106
14.765 -0.03827621
14.77 -0.03606776
14.775 -0.03363512
14.78 -0.03102979
14.785 -0.02835218
14.79 -0.02566549
14.795 -0.02296891
14.8 -0.02022861
14.805 -0.01745868
14.81 -0.01469648
14.815 -0.01194664
14.82 -0.009237109
14.825 -0.006650163
14.83 -0.004246677
14.835 -0.002063622
14.84 -0.0001775078
14.845 0.001348063
14.85 0.002517096
14.855 0.003317863
14.86 0.003681905
14.865 0.003548216
14.87 0.002908194
14.875 0.001809415
14.88 0.0003180189
14.885 -0.001522188
14.89 -0.003674469
14.895 -0.00610442
14.9 -0.008793864
14.905 -0.01169905
14.91 -0.01470009
14.915 -0.01762104
14.92 -0.02027808
14.925 -0.02252533
14.93 -0.02424517
14.935 -0.02530685
14.94 -0.02564944
14.945 -0.0253527
14.95 -0.02456029
14.955 -0.0234032
14.96 -0.02197149
14.965 -0.02031841
14.97 -0.01847344
14.975 -0.01645872
14.98 -0.01430517
14.985 -0.01206597
14.99 -0.00980347
14.995 -0.007551021
15 -0.005305662
15.005 -0.003034966
15.01 -0.0006839788
15.015 0.00179388
15.02 0.004386999
15.025 0.007022905
15.03 0.0096083
15.035 0.01203527
15.04 0.01418615
15.045 0.01594754
15.05 0.01721516
15.055 0.01788845
15.06 0.01792133
15.065 0.01737688
15.07 0.01639251
15.075 0.01511986
15.08 0.01369365
15.085 0.01222121
15.09 0.01078117
15.095 0.009418166
15.1 0.008126141
15.105 0.006821114
15.11 0.005368825
15.115 0.003681781
15.12 0.00174062
15.125 -0.0004436893
15.13 -0.002849382
15.135 -0.005440371
15.14 -0.008126471
15.145 -0.01076772
15.15 -0.01323831
15.155 -0.0154759
15.16 -0.01750135
15.165 -0.01936457
15.17 -0.02111597
15.175 -0.02284033
15.18 -0.02463727
15.185 -0.02655225
15.19 -0.02853637
15.195 -0.03046865
15.2 -0.03227179
15.205 -0.03394349
15.21 -0.03548816
15.215 -0.03693146
15.22 -0.03834147
15.225 -0.03975958
15.23 -0.04115982
15.235 -0.04248986
15.24 -0.04371415
15.245 -0.04483745
15.25 -0.04585279
15.255 -0.04669772
15.26 -0.04729998
15.265 -0.04761767
15.27 -0.04764666
15.275 -0.04740647
15.28 -0.04691553
15.285 -0.0461973
15.29 -0.0452738
15.295 -0.04414033
15.3 -0.04278683
15.305 -0.04124753
15.31 -0.03958236
15.315 -0.03783198
15.32 -0.03598607
15.325 -0.03399654
15.33 -0.03183032
15.335 -0.02949341
15.34 -0.0270251
15.345 -0.02447321
15.35 -0.02186967
15.355 -0.01923237
15.36 -0.01656643
15.365 -0.01386754
15.37 -0.0111227
15.375 -0.008318474
15.38 -0.005447945
15.385 -0.002520858
15.39 0.000430043
15.395 0.003343501
15.4 0.006133119
15.405 0.008698467
15.41 0.01096175
15.415 0.01291912
15.42 0.01462539
15.425 0.01611405
15.43 0.01740023
15.435 0.01851329
15.44 0.0195345
15.445 0.02057729
15.45 0.02170616
15.455 0.0229304
15.46 0.02423325
15.465 0.02554489
15.47 0.02675278
15.475 0.02778788
15.48 0.02865036
15.485 0.02936216
15.49 0.0299392
15.495 0.03037914
15.5 0.03069426
15.505 0.03091653
15.51 0.03105523
15.515 0.03108495
15.52 0.03095486
15.525 0.03059996
15.53 0.02995963
15.535 0.0289994
15.54 0.02773375
15.545 0.02623692
15.55 0.0246223
15.555 0.02299513
15.56 0.02141237
15.565 0.0198783
15.57 0.01838351
15.575 0.01692106
15.58 0.01548792
15.585 0.01409024
15.59 0.01274711
15.595 0.01149124
15.6 0.01036457
15.605 0.00940943
15.61 0.008655624
15.615 0.008107013
15.62 0.007731697
15.625 0.007474841
15.63 0.007296687
15.635 0.007185124
15.64 0.00715216
15.645 0.00722944
15.65 0.00745952
15.655 0.007881896
15.66 0.008514873
15.665 0.009336841
15.67 0.0102731
15.675 0.01120261
15.68 0.01199653
15.685 0.01255617
15.69 0.01283114
15.695 0.01283172
15.7 0.01262001
15.705 0.01225339
15.71 0.01174084
15.715 0.01107954
15.72 0.01028321
15.725 0.009378114
15.73 0.008378183
15.735 0.007255584
15.74 0.005951227
15.745 0.00441195
15.75 0.002638618
15.755 0.0006662135
15.76 -0.001501677
15.765 -0.003860266
15.77 -0.006368098
15.775 -0.0089702
15.78 -0.01159486
15.785 -0.01412302
15.79 -0.01644177
15.795 -0.01852296
15.8 -0.02040548
15.805 -0.02214807
15.81 -0.02379056
15.815 -0.02533815
15.82 -0.02676307
15.825 -0.02801235
15.83 -0.02903457
15.835 -0.0298267
15.84 -0.03042656
15.845 -0.03084479
15.85 -0.0310769
15.855 -0.03113132
15.86 -0.0309783
15.865 -0.03054162
15.87 -0.02978783
15.875 -0.02873554
15.88 -0.02739247
15.885 -0.02579431
15.89 -0.02404549
15.895 -0.02228734
15.9 -0.02064547
15.905 -0.01917655
15.91 -0.01785002
15.915 -0.01657184
15.92 -0.01525367
15.925 -0.01386308
15.93 -0.01239782
15.935 -0.01087692
15.94 -0.009347531
15.945 -0.007881641
15.95 -0.006551029
15.955 -0.005383987
15.96 -0.004371206
15.965 -0.003533635
15.97 -0.00290436
15.975 -0.002469278
15.98 -0.002152087
15.985 -0.00183091
15.99 -0.00137749
15.995 -0.0006834054
16 0.0003356776
16.005 0.001745678
16.01 0.003592568
16.015 0.00584677
16.02 0.008398095
16.025 0.01111996
16.03 0.01387034
16.035 0.01648446
16.04 0.0188764
16.045 0.02108737
16.05 0.02317978
16.055 0.02517428
16.06 0.02706278
16.065 0.02884118
16.07 0.03054724
16.075 0.03225748
16.08 0.03404284
16.085 0.03589132
16.09 0.03773774
16.095 0.03955214
16.1 0.04134724
16.105 0.04313557
16.11 0.04486079
16.115 0.04641062
16.12 0.04771194
16.125 0.04873323
16.13 0.04946042
16.135 0.04991403
16.14 0.05016932
16.145 0.05035989
16.15 0.05064723
16.155 0.05115447
16.16 0.05191555
16.165 0.05286643
16.17 0.05391283
16.175 0.05497273
16.18 0.05598181
16.185 0.05689961
16.19 0.05770711
16.195 0.05838643
16.2 0.05894011
16.205 0.05946
16.21 0.06007275
16.215 0.06080495
16.22 0.06159492
16.225 0.06236786
16.23 0.06311002
16.235 0.063867
16.24 0.06466425
16.245 0.06551261
16.25 0.06643245
16.255 0.06741127
16.26 0.06836656
16.265 0.06915396
16.27 0.06962905
16.275 0.0697337
16.28 0.06946691
16.285 0.06884666
16.29 0.06794528
16.295 0.06685073
16.3 0.06553682
16.305 0.06386378
16.31 0.06164072
16.315 0.0586647
16.32 0.05476569
16.325 0.0498661
16.33 0.04398944
16.335 0.03722479
16.34 0.02972501
16.345 0.02167422
16.35 0.01320463
16.355 0.004408107
16.36 -0.0045606
16.365 -0.01346934
16.37 -0.0220787
16.375 -0.03021366
16.38 -0.03779582
16.385 -0.04478394
16.39 -0.05116648
16.395 -0.05697776
16.4 -0.06226113
16.405 -0.06701853
16.41 -0.07123851
16.415 -0.07493206
16.42 -0.07816164
16.425 -0.08104054
16.43 -0.0837025
16.435 -0.08626829
16.44 -0.08880223
16.445 -0.09126717
16.45 -0.09353563
16.455 -0.09544445
16.46 -0.09682202
16.465 -0.09750127
16.47 -0.09732855
16.475 -0.09618941
16.48 -0.09405014
16.485 -0.09095179
16.49 -0.08695054
16.495 -0.08208796
16.5 -0.07640397
16.505 -0.07001697
16.51 -0.06309396
16.515 -0.05571904
16.52 -0.04796042
16.525 -0.03996606
16.53 -0.03192012
16.535 -0.02400843
16.54 -0.01642173
16.545 -0.00935108
16.55 -0.00296384
16.555 0.002622365
16.56 0.007342711
16.565 0.01114381
16.57 0.01397277
16.575 0.01578502
16.58 0.0165944
16.585 0.01650327
16.59 0.01567683
16.595 0.01429274
16.6 0.01248789
16.605 0.01035819
16.61 0.007973304
16.615 0.005366676
16.62 0.002547913
16.625 -0.0004433258
16.63 -0.003548524
16.635 -0.006753349
16.64 -0.01004946
16.645 -0.01338134
16.65 -0.01663853
16.655 -0.01968209
16.66 -0.02238856
16.665 -0.02464341
16.67 -0.02632432
16.675 -0.02732668
16.68 -0.02757898
16.685 -0.02703317
16.69 -0.0256686
16.695 -0.0235032
16.7 -0.02062966
16.705 -0.01721742
16.71 -0.01345059
16.715 -0.009489201
16.72 -0.005430127
16.725 -0.001291296
16.73 0.002949133
16.735 0.007230172
16.74 0.0114383
16.745 0.01555772
16.75 0.01959941
16.755 0.02349721
16.76 0.02715044
16.765 0.03046914
16.77 0.03339911
16.775 0.03594452
16.78 0.03817899
16.785 0.04022277
16.79 0.04220567
16.795 0.04422655
16.8 0.04636031
16.805 0.04867103
16.81 0.051166
16.815 0.05374938
16.82 0.05622712
16.825 0.05836912
16.83 0.06000004
16.835 0.06098197
16.84 0.06120273
16.845 0.06065088
16.85 0.05942785
16.855 0.05766699
16.86 0.05548184
16.865 0.052941
16.87 0.05011726
16.875 0.0471166
16.88 0.04405453
16.885 0.04106268
16.89 0.03830132
16.895 0.0359566
16.9 0.03422046
16.905 0.0332553
16.91 0.03314637
16.915 0.03386233
16.92 0.03524882
16.925 0.03707973
16.93 0.03915518
16.935 0.04131725
16.94 0.04340901
16.945 0.04530315
16.95 0.04694323
16.955 0.04834142
16.96 0.04952858
16.965 0.05048009
16.97 0.05115701
16.975 0.05156164
16.98 0.05167858
16.985 0.05143563
16.99 0.05072772
16.995 0.04945455
17 0.04755908
17.005 0.04506585
17.01 0.04207598
17.015 0.03871064
17.02 0.03507791
17.025 0.03127197
17.03 0.02743214
17.035 0.02373947
17.04 0.02026816
17.045 0.01699914
17.05 0.01397464
17.055 0.01123601
17.06 0.008745295
17.065 0.006486995
17.07 0.004512875
17.075 0.002890936
17.08 0.001695734
17.085 0.001007097
17.09 0.0008449792
17.095 0.001147815
17.1 0.00182512
17.105 0.002764418
17.11 0.003824077
17.115 0.004864224
17.12 0.005777926
17.125 0.006501328
17.13 0.007015591
17.135 0.007341977
17.14 0.007509178
17.145 0.007523114
17.15 0.00736611
17.155 0.007006773
17.16 0.00641178
17.165 0.005565385
17.17 0.004487412
17.175 0.00324547
17.18 0.001921061
17.185 0.0005456385
17.19 -0.000851001
17.195 -0.002174797
17.2 -0.003308363
17.205 -0.004171897
17.21 -0.004766455
17.215 -0.005135445
17.22 -0.005295323
17.225 -0.005240703
17.23 -0.004981571
17.235 -0.004581647
17.24 -0.004123848
17.245 -0.003641164
17.25 -0.003143034
17.255 -0.002635684
17.26 -0.002091851
17.265 -0.001470007
17.27 -0.0007740395
17.275 -7.116161e-05
17.28 0.000510192
17.285 0.0007977971
17.29 0.0006481356
17.295 5.1657e-05
17.3 -0.0008950978
17.305 -0.002077733
17.31 -0.003425986
17.315 -0.004894241
17.32 -0.00637474
17.325 -0.007709304
17.33 -0.008743875
17.335 -0.009351535
17.34 -0.00947335
17.345 -0.009164879
17.35 -0.008540643
17.355 -0.007680184
17.36 -0.006656592
17.365 -0.00555441
17.37 -0.004427546
17.375 -0.003288221
17.38 -0.00212682
17.385 -0.0009477725
17.39 0.0002338111
17.395 0.001457405
17.4 0.002790151
17.405 0.004236185
17.41 0.005753121
17.415 0.007303851
17.42 0.008886499
17.425 0.01049801
17.43 0.01205675
17.435 0.01345006
17.44 0.01458496
17.445 0.01533703
17.45 0.01557206
17.455 0.01525306
17.46 0.01443104
17.465 0.01319097
17.47 0.01165965
17.475 0.009984977
17.48 0.00826005
17.485 0.006472878
17.49 0.004508085
17.495 0.002270906
17.5 -0.0002285865
17.505 -0.002913523
17.51 -0.005697597
17.515 -0.008527471
17.52 -0.01132634
17.525 -0.01397245
17.53 -0.0163904
17.535 -0.01857278
17.54 -0.02053426
17.545 -0.0222843
17.55 -0.02382735
17.555 -0.02520039
17.56 -0.0264543
17.565 -0.02758643
17.57 -0.02860143
17.575 -0.02957957
17.58 -0.03064273
17.585 -0.03189641
17.59 -0.03337455
17.595 -0.03502541
17.6 -0.03675243
17.605 -0.03851139
17.61 -0.04031839
17.615 -0.04213157
17.62 -0.04386709
17.625 -0.04547649
17.63 -0.0469235
17.635 -0.04815412
17.64 -0.0491065
17.645 -0.04972817
17.65 -0.04999485
17.655 -0.04992842
17.66 -0.04959596
17.665 -0.04907933
17.67 -0.04844001
17.675 -0.04768875
17.68 -0.04681466
17.685 -0.0458164
17.69 -0.04467948
17.695 -0.04338717
17.7 -0.04196887
17.705 -0.04048661
17.71 -0.03897924
17.715 -0.03742408
17.72 -0.03573641
17.725 -0.03382035
17.73 -0.03159986
17.735 -0.02904006
17.74 -0.02616912
17.745 -0.02307914
17.75 -0.01989187
17.755 -0.01671955
17.76 -0.01362623
17.765 -0.01064657
17.77 -0.007796505
17.775 -0.005041713
17.78 -0.002325236
17.785 0.0003425561
17.79 0.002899015
17.795 0.005290346
17.8 0.00751392
17.805 0.009600982
17.81 0.01154039
17.815 0.01326712
17.82 0.01469973
17.825 0.01579431
17.83 0.0165766
17.835 0.01712291
17.84 0.01755858
17.845 0.01805168
17.85 0.01877181
17.855 0.01983735
17.86 0.02128702
17.865 0.0230596
17.87 0.02499948
17.875 0.02691959
17.88 0.02868141
17.885 0.03021545
17.89 0.03151175
17.895 0.03258946
17.9 0.03349558
17.905 0.03430744
17.91 0.03512164
17.915 0.03601785
17.92 0.03700045
17.925 0.03797983
17.93 0.03880129
17.935 0.03932242
17.94 0.03945177
17.945 0.03909721
17.95 0.03816249
17.955 0.03658688
17.96 0.03437708
17.965 0.03160584
17.97 0.0283654
17.975 0.02477356
17.98 0.02100862
17.985 0.01723315
17.99 0.01350183
17.995 0.009798018
18 0.006096667
18.005 0.002414278
18.01 -0.00119583
18.015 -0.004660307
18.02 -0.007855442
18.025 -0.01061089
18.03 -0.01277826
18.035 -0.0142771
18.04 -0.01509443
18.045 -0.01522362
18.05 -0.01463158
18.055 -0.01332531
18.06 -0.01136247
18.065 -0.008795027
18.07 -0.005691962
18.075 -0.002164689
18.08 0.001648219
18.085 0.005605055
18.09 0.009594107
18.095 0.01353423
18.1 0.01737009
18.105 0.02107202
18.11 0.02463547
18.115 0.02807283
18.12 0.03138599
18.125 0.0345416
18.13 0.03750561
18.135 0.04025987
18.14 0.04277117
18.145 0.04498974
18.15 0.04686896
18.155 0.04838177
18.16 0.04951982
18.165 0.05027094
18.17 0.05061897
18.175 0.05055283
18.18 0.05005319
18.185 0.04908258
18.19 0.04760472
18.195 0.04559212
18.2 0.0430108
18.205 0.03984622
18.21 0.03611024
18.215 0.03180759
18.22 0.02695578
18.225 0.02166226
18.23 0.01612941
18.235 0.01059954
18.24 0.005278275
18.245 0.0003015085
18.25 -0.004246048
18.255 -0.008334603
18.26 -0.01200066
18.265 -0.0153223
18.27 -0.01838415
18.275 -0.02124522
18.28 -0.02395836
18.285 -0.02659317
18.29 -0.02918525
18.295 -0.03171606
18.3 -0.03419172
18.305 -0.03663257
18.31 -0.03899555
18.315 -0.04119605
18.32 -0.04314231
18.325 -0.04471858
18.33 -0.04583525
18.335 -0.04651715
18.34 -0.04684472
18.345 -0.04685727
18.35 -0.04656033
18.355 -0.04594897
18.36 -0.0450248
18.365 -0.04381457
18.37 -0.04237665
18.375 -0.0407828
18.38 -0.0391069
18.385 -0.03742633
18.39 -0.0358024
18.395 -0.03426823
18.4 -0.03288719
18.405 -0.03176027
18.41 -0.03093396
18.415 -0.03038131
18.42 -0.03004752
18.425 -0.02987898
18.43 -0.02983904
18.435 -0.02989832
18.44 -0.03000321
18.445 -0.03005186
18.45 -0.02995592
18.455 -0.02969825
18.46 -0.02930449
18.465 -0.02882181
18.47 -0.02831099
18.475 -0.02781427
18.48 -0.02733081
18.485 -0.02684462
18.49 -0.02632575
18.495 -0.02569924
18.5 -0.02488096
18.505 -0.02384975
18.51 -0.02268915
18.515 -0.02152726
18.52 -0.020381
18.525 -0.01918904
18.53 -0.01792817
18.535 -0.01659395
18.54 -0.01517094
18.545 -0.01365002
18.55 -0.01206425
18.555 -0.010511
18.56 -0.009082782
18.565 -0.007797372
18.57 -0.00659518
18.575 -0.005395743
18.58 -0.004182195
18.585 -0.002992375
18.59 -0.001900712
18.595 -0.00104855
18.6 -0.0006019805
18.605 -0.0006508585
18.61 -0.001222127
18.615 -0.002323802
18.62 -0.003918755
18.625 -0.005914678
18.63 -0.008189115
18.635 -0.01059226
18.64 -0.0129699
18.645 -0.01523431
18.65 -0.01737354
18.655 -0.01937353
18.66 -0.0212169
18.665 -0.02291339
18.67 -0.02446542
18.675 -0.02583688
18.68 -0.02695832
18.685 -0.02774578
18.69 -0.02813263
18.695 -0.02811864
18.7 -0.02775443
18.705 -0.02702944
18.71 -0.02590392
18.715 -0.02442923
18.72 -0.02263939
18.725 -0.02046069
18.73 -0.01783859
18.735 -0.01479077
18.74 -0.01134148
18.745 -0.007537158
18.75 -0.003480065
18.755 0.0006602145
18.76 0.004689803
18.765 0.008477705
18.77 0.01196111
18.775 0.01511366
18.78 0.01795011
18.785 0.02049606
18.79 0.02272448
18.795 0.02459629
18.8 0.02613535
18.805 0.02738158
18.81 0.02834798
18.815 0.02903633
18.82 0.02945822
18.825 0.02963806
18.83 0.02959447
18.835 0.02932415
18.84 0.02881522
18.845 0.02806303
18.85 0.02707563
18.855 0.02586017
18.86 0.02442511
18.865 0.02282908
18.87 0.02118438
18.875 0.01959219
18.88 0.01807531
18.885 0.01656101
18.89 0.01499337
18.895 0.01339709
18.9 0.01185053
18.905 0.01049839
18.91 0.009538286
18.915 0.00909663
18.92 0.00918243
18.925 0.009780894
18.93 0.01086363
18.935 0.01235406
18.94 0.01411893
18.945 0.01601845
18.95 0.01801187
18.955 0.02011483
18.96 0.02227902
18.965 0.02443365
18.97 0.02654948
18.975 0.02862732
18.98 0.030659
18.985 0.03257752
18.99 0.03425748
18.995 0.03555147
19 0.03635432
19.005 0.03664987
19.01 0.03651047
19.015 0.03602544
19.02 0.03522547
19.025 0.03412
19.03 0.03271727
19.035 0.03099404
19.04 0.02890658
19.045 0.02642327
19.05 0.0235529
19.055 0.02035472
19.06 0.01692052
19.065 0.01337793
19.07 0.009884725
19.075 0.006588079
19.08 0.003582698
19.085 0.0008976077
19.09 -0.001491763
19.095 -0.00363155
19.1 -0.005588547
19.105 -0.007436305
19.11 -0.009213665
19.115 -0.0109079
19.12 -0.01247131
19.125 -0.01386275
19.13 -0.01508233
19.135 -0.01615139
19.14 -0.0170974
19.145 -0.01795377
19.15 -0.01873635
19.155 -0.01941812
19.16 -0.0199599
19.165 -0.02032745
19.17 -0.0204659
19.175 -0.02032404
19.18 -0.01990527
19.185 -0.01925299
19.19 -0.01840737
19.195 -0.0173727
19.2 -0.01611095
19.205 -0.01456521
19.21 -0.01270556
19.215 -0.0105562
19.22 -0.00814986
19.225 -0.005522961
19.23 -0.002770862
19.235 -3.088718e-05
19.24 0.002588947
19.245 0.005047868
19.25 0.007363095
19.255 0.009540853
19.26 0.01157715
19.265 0.01351005
19.27 0.01542564
19.275 0.0174302
19.28 0.01960149
19.285 0.02195444
19.29 0.02443935
19.295 0.02696481
19.3 0.02943474
19.305 0.03175803
19.31 0.03385685
19.315 0.03567492
19.32 0.03716752
19.325 0.03828934
19.33 0.03903747
19.335 0.03946164
19.34 0.03960262
19.345 0.03949267
19.35 0.03919488
19.355 0.0387576
19.36 0.03817156
19.365 0.03741721
19.37 0.03650604
19.375 0.03548522
19.38 0.03441748
19.385 0.03335073
19.39 0.03232035
19.395 0.03137037
19.4 0.03057757
19.405 0.03000191
19.41 0.02961426
19.415 0.02934734
19.42 0.02916022
19.425 0.02904107
19.43 0.02900366
19.435 0.02908638
19.44 0.02934516
19.445 0.02984003
19.45 0.03061573
19.455 0.03168126
19.46 0.03299717
19.465 0.03448982
19.47 0.03608143
19.475 0.03769513
19.48 0.03927289
19.485 0.04081057
19.49 0.04232183
19.495 0.0437747
19.5 0.04514646
19.505 0.04647426
19.51 0.04781463
19.515 0.04921267
19.52 0.05068524
19.525 0.05218837
19.53 0.05361092
19.535 0.05485098
19.54 0.05585416
19.545 0.05658584
19.55 0.05703174
19.555 0.0572023
19.56 0.05710791
19.565 0.05674246
19.57 0.0560912
19.575 0.05514439
19.58 0.05389878
19.585 0.05234195
19.59 0.05043872
19.595 0.04815283
19.6 0.04547159
19.605 0.0424224
19.61 0.03905753
19.615 0.03542393
19.62 0.03153983
19.625 0.0274142
19.63 0.02308883
19.635 0.0186105
19.64 0.01399575
19.645 0.009308581
19.65 0.004676415
19.655 0.0002058207
19.66 -0.004048535
19.665 -0.008057977
19.67 -0.01176903
19.675 -0.01510344
19.68 -0.01805142
19.685 -0.02066478
19.69 -0.02298739
19.695 -0.02505258
19.7 -0.02688767
19.705 -0.02848872
19.71 -0.02984685
19.715 -0.03100003
19.72 -0.03202375
19.725 -0.03300111
19.73 -0.0340219
19.735 -0.03515374
19.74 -0.03639609
19.745 -0.03769113
19.75 -0.03894561
19.755 -0.04000777
19.76 -0.04071028
19.765 -0.0409815
19.77 -0.04086863
19.775 -0.04050038
19.78 -0.04005574
19.785 -0.03971388
19.79 -0.0395942
19.795 -0.03972772
19.8 -0.04007035
19.805 -0.04056104
19.81 -0.04115507
19.815 -0.04178696
19.82 -0.04236531
19.825 -0.04281243
19.83 -0.04314064
19.835 -0.04345562
19.84 -0.04382357
19.845 -0.04422992
19.85 -0.04464271
19.855 -0.04504672
19.86 -0.04545346
19.865 -0.04586961
19.87 -0.04629825
19.875 -0.04676691
19.88 -0.04727486
19.885 -0.0477502
19.89 -0.04812427
19.895 -0.04838625
19.9 -0.04857155
19.905 -0.04870648
19.91 -0.04876517
19.915 -0.04873522
19.92 -0.04865167
19.925 -0.0485454
19.93 -0.04840007
19.935 -0.04814257
19.94 -0.0477087
19.945 -0.04707054
19.95 -0.04617042
19.955 -0.04492962
19.96 -0.04330327
19.965 -0.04127562
19.97 -0.03884645
19.975 -0.03604835
19.98 -0.03293885
19.985 -0.02956073
19.99 -0.02592073
19.995 -0.02199933
20 -0.01780898
20.005 -0.01343871
20.01 -0.009045823
20.015 -0.004796561
20.02 -0.0007871143
20.025 0.002968341
20.03 0.006500058
20.035 0.009811484
20.04 0.012896
20.045 0.01577213
20.05 0.01845825
20.055 0.02095116
20.06 0.0232384
20.065 0.02531389
20.07 0.02719348
20.075 0.0289245
20.08 0.0305737
20.085 0.03218572
20.09 0.03376483
20.095 0.03526289
20.1 0.03655965
20.105 0.03750521
20.11 0.03805308
20.115 0.03825717
20.12 0.03815354
20.125 0.037759
20.13 0.03709669
20.135 0.03620096
20.14 0.03510362
20.145 0.03381158
20.15 0.03234365
20.155 0.03074561
20.16 0.02903289
20.165 0.02721517
20.17 0.02538179
20.175 0.0236569
20.18 0.02213792
20.185 0.02091715
20.19 0.02006503
20.195 0.01958229
20.2 0.01943797
20.205 0.01962424
20.21 0.02014214
20.215 0.02097589
20.22 0.02207256
20.225 0.02332528
20.23 0.02457924
20.235 0.02567277
20.24 0.02648863
20.245 0.02699441
20.25 0.02719815
20.255 0.02708662
20.26 0.02663194
20.265 0.02581367
20.27 0.02463529
20.275 0.02314297
20.28 0.02142536
20.285 0.01958527
20.29 0.01769646
20.295 0.01576298
20.3 0.01372085
20.305 0.01148658
20.31 0.009044073
20.315 0.006465031
20.32 0.003831014
20.325 0.001216031
20.33 -0.001312647
20.335 -0.003702353
20.34 -0.005928751
20.345 -0.008006507
20.35 -0.009995035
20.355 -0.01198187
20.36 -0.01403905
20.365 -0.016186
20.37 -0.01838793
20.375 -0.02057852
20.38 -0.02268856
20.385 -0.02462603
20.39 -0.02628842
20.395 -0.02762897
20.4 -0.02869199
20.405 -0.0295966
20.41 -0.03047467
20.415 -0.03142971
20.42 -0.03255879
20.425 -0.03392367
20.43 -0.03550186
20.435 -0.0372035
20.44 -0.03890189
20.445 -0.04044713
20.45 -0.0417098
20.455 -0.04263226
20.46 -0.04321899
20.465 -0.04350251
20.47 -0.04352085
20.475 -0.04333734
20.48 -0.04306564
20.485 -0.04280676
20.49 -0.0426042
20.495 -0.04247965
20.5 -0.04245314
20.505 -0.04253946
20.51 -0.04274603
20.515 -0.04306978
20.52 -0.04349265
20.525 -0.04397625
20.53 -0.04445985
20.535 -0.04486781
20.54 -0.04515015
20.545 -0.0453528
20.55 -0.04555506
20.555 -0.04572534
20.56 -0.04582033
20.565 -0.04587546
20.57 -0.0458917
20.575 -0.04579868
20.58 -0.04552392
20.585 -0.04504199
20.59 -0.04437754
20.595 -0.04353897
20.6 -0.04248662
20.605 -0.04115692
20.61 -0.0395086
20.615 -0.03756292
20.62 -0.03538477
20.625 -0.03304692
20.63 -0.03059585
20.635 -0.02804874
20.64 -0.02541198
20.645 -0.02271714
20.65 -0.02002026
20.655 -0.01733505
20.66 -0.01462127
20.665 -0.01184862
20.67 -0.009041002
20.675 -0.006288385
20.68 -0.003683772
20.685 -0.00130059
20.69 0.0007532988
20.695 0.002378732
20.7 0.003584808
20.705 0.004461331
20.71 0.005125766
20.715 0.005723594
20.72 0.006405814
20.725 0.007269651
20.73 0.008335732
20.735 0.009550911
20.74 0.01081762
20.745 0.01202303
20.75 0.01305198
20.755 0.01380332
20.76 0.01421215
20.765 0.01426896
20.77 0.01402006
20.775 0.0135374
20.78 0.01288223
20.785 0.01207441
20.79 0.01112097
20.795 0.01006634
20.8 0.008998541
20.805 0.008010632
20.81 0.007128473
20.815 0.006327875
20.82 0.005615994
20.825 0.005012007
20.83 0.004518595
20.835 0.004150675
20.84 0.003931145
20.845 0.003845188
20.85 0.003850074
20.855 0.003913935
20.86 0.00402173
20.865 0.00418862
20.87 0.004488421
20.875 0.005007506
20.88 0.005746386
20.885 0.006628347
20.89 0.007563952
20.895 0.008516705
20.9 0.009499273
20.905 0.0104906
20.91 0.01143426
20.915 0.0122702
20.92 0.01290926
20.925 0.01322996
20.93 0.01313643
20.935 0.01259985
20.94 0.01166257
20.945 0.01039654
20.95 0.008850479
20.955 0.007057865
20.96 0.005053237
20.965 0.002877796
20.97 0.000565254
20.975 -0.001871592
20.98 -0.004399843
20.985 -0.00694052
20.99 -0.009402545
20.995 -0.01170438
21 -0.01378162
21.005 -0.01559949
21.01 -0.0171671
21.015 -0.01854182
21.02 -0.01979231
21.025 -0.02092071
21.03 -0.02186984
21.035 -0.02257937
21.04 -0.0230084
21.045 -0.02315107
21.05 -0.02305197
21.055 -0.02277646
21.06 -0.0223504
21.065 -0.02181103
21.07 -0.02125973
21.075 -0.02079071
21.08 -0.02042903
21.085 -0.02012917
21.09 -0.01980454
21.095 -0.01937522
21.1 -0.01878563
21.105 -0.01801603
21.11 -0.01709409
21.115 -0.01607965
21.12 -0.01502303
21.125 -0.01395873
21.13 -0.01291887
21.135 -0.01195734
21.14 -0.01112719
21.145 -0.01040148
21.15 -0.009696229
21.155 -0.008964447
21.16 -0.008210227
21.165 -0.007467885
21.17 -0.006764264
21.175 -0.006098159
21.18 -0.005446359
21.185 -0.004793773
21.19 -0.004169266
21.195 -0.003643628
21.2 -0.003296607
21.205 -0.003162677
21.21 -0.003204055
21.215 -0.003324763
21.22 -0.003430499
21.225 -0.003479011
21.23 -0.003452437
21.235 -0.003338355
21.24 -0.00313524
21.245 -0.00285347
21.25 -0.002501578
21.255 -0.002058311
21.26 -0.001488794
21.265 -0.0008229318
21.27 -0.0001378035
21.275 0.0005345657
21.28 0.001218451
21.285 0.001968467
21.29 0.002832628
21.295 0.003843109
21.3 0.00504079
21.305 0.006442715
21.31 0.007999945
21.315 0.009622316
21.32 0.01122673
21.325 0.01277639
21.33 0.0142724
21.335 0.01570789
21.34 0.01706092
21.345 0.01829562
21.35 0.0193579
21.355 0.02016042
21.36 0.02056856
21.365 0.02047081
21.37 0.01986787
21.375 0.01884182
21.38 0.01749958
21.385 0.01594858
21.39 0.01429137
21.395 0.01262073
21.4 0.01099425
21.405 0.009433136
21.41 0.007988796
21.415 0.00674569
21.42 0.005734829
21.425 0.004930715
21.43 0.00430176
21.435 0.003837329
21.44 0.003544311
21.445 0.003401451
21.45 0.003355384
21.455 0.003360515
21.46 0.003380043
21.465 0.003378403
21.47 0.003321187
21.475 0.003177027
21.48 0.002921808
21.485 0.002544659
21.49 0.002053958
21.495 0.001480155
21.5 0.0008614441
21.505 0.0002100252
21.51 -0.0004795988
21.515 -0.001189083
21.52 -0.001893303
21.525 -0.002580505
21.53 -0.003215101
21.535 -0.003714706
21.54 -0.00397153
21.545 -0.003921504
21.55 -0.003610278
21.555 -0.003120429
21.56 -0.002501147
21.565 -0.001804935
21.57 -0.001090234
21.575 -0.0003812694
21.58 0.0003136343
21.585 0.0009766403
21.59 0.001610579
21.595 0.002245084
21.6 0.002898036
21.605 0.003583145
21.61 0.004341579
21.615 0.005212357
21.62 0.006209309
21.625 0.00735121
21.63 0.008674476
21.635 0.01021238
21.64 0.01195469
21.645 0.01382362
21.65 0.01572961
21.655 0.01760774
21.66 0.01938611
21.665 0.02099763
21.67 0.02242752
21.675 0.023697
21.68 0.02483092
21.685 0.0258587
21.69 0.02681677
21.695 0.02774027
21.7 0.02863501
21.705 0.02944926
21.71 0.03010922
21.715 0.03056406
21.72 0.0307982
21.725 0.0308196
21.73 0.03062706
21.735 0.03021331
21.74 0.02957697
21.745 0.02872763
21.75 0.02767245
21.755 0.02638475
21.76 0.02480444
21.765 0.02287029
21.77 0.02056687
21.775 0.01793359
21.78 0.01498304
21.785 0.01170047
21.79 0.008139449
21.795 0.004411421
21.8 0.0006224655
21.805 -0.003101152
21.81 -0.006620423
21.815 -0.009866197
21.82 -0.01284297
21.825 -0.01555514
21.83 -0.01802906
21.835 -0.02033164
21.84 -0.02250527
21.845 -0.02453609
21.85 -0.02639666
21.855 -0.02804618
21.86 -0.02941355
21.865 -0.03044484
21.87 -0.03114651
21.875 -0.03156754
21.88 -0.0317706
21.885 -0.03179969
21.89 -0.03168078
21.895 -0.03143139
21.9 -0.03106867
21.905 -0.03061825
21.91 -0.03012336
21.915 -0.02964845
21.92 -0.0292694
21.925 -0.0290345
21.93 -0.02892408
21.935 -0.02884821
21.94 -0.02869652
21.945 -0.02842798
21.95 -0.02808095
21.955 -0.02773477
21.96 -0.02750183
21.965 -0.02750108
21.97 -0.02780039
21.975 -0.02839604
21.98 -0.02923688
21.985 -0.03022333
21.99 -0.03122767
21.995 -0.03216413
22 -0.03300866
22.005 -0.03372991
22.01 -0.03428725
22.015 -0.03467398
22.02 -0.03489824
22.025 -0.03496534
22.03 -0.0349101
22.035 -0.03477866
22.04 -0.03455095
22.045 -0.03415652
22.05 -0.03354603
22.055 -0.03273786
22.06 -0.03180236
22.065 -0.03076279
22.07 -0.02959905
22.075 -0.02834411
22.08 -0.02707767
22.085 -0.02589716
22.09 -0.02493445
22.095 -0.02430772
22.1 -0.02399462
22.105 -0.0238746
22.11 -0.02387832
22.115 -0.0239493
22.12 -0.02399611
22.125 -0.02396791
22.13 -0.02389075
22.135 -0.02382644
22.14 -0.02384666
22.145 -0.02401097
22.15 -0.02431908
22.155 -0.02468209
22.16 -0.02496019
22.165 -0.02503865
22.17 -0.02491191
22.175 -0.02464511
22.18 -0.02426451
22.185 -0.02378061
22.19 -0.02323182
22.195 -0.02267906
22.2 -0.02217449
22.205 -0.02171299
22.21 -0.02122067
22.215 -0.02058523
22.22 -0.01972942
22.225 -0.01865977
22.23 -0.01741332
22.235 -0.01602335
22.24 -0.01452911
22.245 -0.01298313
22.25 -0.01144988
22.255 -0.01000039
22.26 -0.008690428
22.265 -0.007523919
22.27 -0.006471305
22.275 -0.005547298
22.28 -0.004801944
22.285 -0.00426733
22.29 -0.003944332
22.295 -0.003811985
22.3 -0.003852674
22.305 -0.004061349
22.31 -0.004433268
22.315 -0.004952034
22.32 -0.005580249
22.325 -0.006256013
22.33 -0.006908672
22.335 -0.007500924
22.34 -0.008052226
22.345 -0.008633104
22.35 -0.00933015
22.355 -0.01019498
22.36 -0.01122665
22.365 -0.01237887
22.37 -0.01358871
22.375 -0.0147939
22.38 -0.01593516
22.385 -0.01696286
22.39 -0.01784559
22.395 -0.01857597
22.4 -0.01916012
22.405 -0.01958925
22.41 -0.01984997
22.415 -0.01996998
22.42 -0.02000591
22.425 -0.020006
22.43 -0.02000817
22.435 -0.0200435
22.44 -0.02013378
22.445 -0.02028896
22.45 -0.02050359
22.455 -0.02075481
22.46 -0.02100209
22.465 -0.02119312
22.47 -0.0212858
22.475 -0.02128681
22.48 -0.02122772
22.485 -0.02109365
22.49 -0.02086262
22.495 -0.02056443
22.5 -0.02022239
22.505 -0.01981386
22.51 -0.01931282
22.515 -0.01871759
22.52 -0.01804855
22.525 -0.01732798
22.53 -0.01656248
22.535 -0.01577733
22.54 -0.0150309
22.545 -0.01437932
22.55 -0.01387643
22.555 -0.01360384
22.56 -0.01363554
22.565 -0.01399347
22.57 -0.01465787
22.575 -0.01558131
22.58 -0.01668269
22.585 -0.01788459
22.59 -0.01917969
22.595 -0.02057762
22.6 -0.02203055
22.605 -0.02345658
22.61 -0.02476297
22.615 -0.02584677
22.62 -0.02660294
22.625 -0.02694227
22.63 -0.02681207
22.635 -0.02620018
22.64 -0.0251168
22.645 -0.02361015
22.65 -0.02177331
22.655 -0.01971893
22.66 -0.01754001
22.665 -0.015272
22.67 -0.01289484
22.675 -0.01036839
22.68 -0.007689651
22.685 -0.004934336
22.69 -0.002248841
22.695 0.0002121319
22.7 0.002358929
22.705 0.00415687
22.71 0.00561763
22.715 0.006800921
22.72 0.007769348
22.725 0.008537357
22.73 0.009113563
22.735 0.009537324
22.74 0.009878315
22.745 0.01020942
22.75 0.01057396
22.755 0.01098579
22.76 0.01145298
22.765 0.01200113
22.77 0.01262223
22.775 0.01322741
22.78 0.01372244
22.785 0.01406902
22.79 0.01428583
22.795 0.01442087
22.8 0.01451695
22.805 0.0146047
22.81 0.01470097
22.815 0.01480138
22.82 0.01487684
22.825 0.01487374
22.83 0.01472073
22.835 0.01434125
22.84 0.01367224
22.845 0.01268649
22.85 0.01141363
22.855 0.009950002
22.86 0.008419878
22.865 0.006894249
22.87 0.005399929
22.875 0.003961652
22.88 0.002604566
22.885 0.001353152
22.89 0.0002408324
22.895 -0.0006684241
22.9 -0.001287212
22.905 -0.001593782
22.91 -0.001672292
22.915 -0.001652792
22.92 -0.001615413
22.925 -0.001533695
22.93 -0.001381672
22.935 -0.001214243
22.94 -0.001138894
22.945 -0.001219854
22.95 -0.001406647
22.955 -0.00162694
22.96 -0.00182177
22.965 -0.0018857
22.97 -0.001741454
22.975 -0.001425682
22.98 -0.000997142
22.985 -0.0004836361
22.99 8.044796e-05
22.995 0.0006705439
23 0.001298746
23.005 0.001976255
23.01 0.002685
23.015 0.003383323
23.02 0.004039545
23.025 0.004669498
23.03 0.005337205
23.035 0.006121212
23.04 0.007059997
23.045 0.008129975
23.05 0.009258038
23.055 0.01035487
23.06 0.01134434
23.065 0.01217338
23.07 0.01282523
23.075 0.01332861
23.08 0.01375665
23.085 0.01417795
23.09 0.01457849
23.095 0.01489767
23.1 0.01509636
23.105 0.01513333
23.11 0.014952
23.115 0.01450834
23.12 0.01382021
23.125 0.01299123
23.13 0.01214824
23.135 0.01138253
23.14 0.01074039
23.145 0.01021793
23.15 0.009768968
23.155 0.009341183
23.16 0.008910057
23.165 0.008486714
23.17 0.008118435
23.175 0.007872636
23.18 0.007794569
23.185 0.007883822
23.19 0.008120155
23.195 0.00846926
23.2 0.008874053
23.205 0.009255766
23.21 0.009539627
23.215 0.009700481
23.22 0.009763466
23.225 0.009762462
23.23 0.009736177
23.235 0.009730264
23.24 0.00979214
23.245 0.009963128
23.25 0.01027082
23.255 0.0107199
23.26 0.01128677
23.265 0.01191892
23.27 0.01255977
23.275 0.01318834
23.28 0.01380326
23.285 0.01440104
23.29 0.01501058
23.295 0.01569227
23.3 0.01649345
23.305 0.01745286
23.31 0.01861272
23.315 0.01997106
23.32 0.02146362
23.325 0.02299915
23.33 0.02447332
23.335 0.0257734
23.34 0.02679855
23.345 0.02750043
23.35 0.02793446
23.355 0.02822719
23.36 0.02849449
23.365 0.02882454
23.37 0.0292751
23.375 0.02985896
23.38 0.03053849
23.385 0.03123715
23.39 0.03188243
23.395 0.03244556
23.4 0.03294907
23.405 0.03344099
23.41 0.03394915
23.415 0.03446837
23.42 0.03496138
23.425 0.03536471
23.43 0.03564187
23.435 0.03584943
23.44 0.03605506
23.445 0.03624608
23.45 0.03636352
23.455 0.03633665
23.46 0.03610219
23.465 0.03564942
23.47 0.03505155
23.475 0.03442999
23.48 0.03387981
23.485 0.03338925
23.49 0.03287921
23.495 0.03228514
23.5 0.03157107
23.505 0.03073435
23.51 0.02980925
23.515 0.02884293
23.52 0.02785773
23.525 0.02684554
23.53 0.02577145
23.535 0.02458504
23.54 0.02325743
23.545 0.02181914
23.55 0.02033768
23.555 0.01888935
23.56 0.01754922
23.565 0.01636024
23.57 0.01530722
23.575 0.01437217
23.58 0.01356865
23.585 0.01289665
23.59 0.01232044
23.595 0.01178214
23.6 0.01123612
23.605 0.01068247
23.61 0.01016562
23.615 0.009747528
23.62 0.009461596
23.625 0.0093114
23.63 0.009293987
23.635 0.009369332
23.64 0.009446472
23.645 0.009451913
23.65 0.009370894
23.655 0.009217077
23.66 0.009016648
23.665 0.008804153
23.67 0.008596164
23.675 0.008376305
23.68 0.008151258
23.685 0.00797472
23.69 0.007873559
23.695 0.007825575
23.7 0.007803394
23.705 0.007789889
23.71 0.007786635
23.715 0.007838103
23.72 0.008012721
23.725 0.008300773
23.73 0.008619411
23.735 0.008960846
23.74 0.009372957
23.745 0.009835071
23.75 0.01029825
23.755 0.01075363
23.76 0.01120679
23.765 0.01166613
23.77 0.01217773
23.775 0.0128133
23.78 0.01361336
23.785 0.0145668
23.79 0.01561394
23.795 0.01666934
23.8 0.01765267
23.805 0.01850794
23.81 0.01921375
23.815 0.0197822
23.82 0.02024184
23.825 0.02061328
23.83 0.02092312
23.835 0.02119979
23.84 0.02141352
23.845 0.02147935
23.85 0.02134833
23.855 0.02103235
23.86 0.02058178
23.865 0.02011372
23.87 0.0198077
23.875 0.01979351
23.88 0.02008403
23.885 0.02062661
23.89 0.02132499
23.895 0.02203633
23.9 0.02260469
23.905 0.02291523
23.91 0.02291737
23.915 0.02262345
23.92 0.02208249
23.925 0.02134758
23.93 0.0204434
23.935 0.0193862
23.94 0.0182216
23.945 0.0170039
23.95 0.01576554
23.955 0.01452096
23.96 0.01327385
23.965 0.01202295
23.97 0.01076801
23.975 0.00952361
23.98 0.008345172
23.985 0.00733136
23.99 0.006546445
23.995 0.005967405
24 0.005509144
24.005 0.005061388
24.01 0.004525714
24.015 0.003816285
24.02 0.002879015
24.025 0.001807467
24.03 0.0008332123
24.035 5.818693e-05
24.04 -0.0005986964
24.045 -0.001178714
24.05 -0.001670894
24.055 -0.002102936
24.06 -0.00251684
24.065 -0.002923635
24.07 -0.003301766
24.075 -0.003620152
24.08 -0.003879307
24.085 -0.004105024
24.09 -0.004306543
24.095 -0.004472952
24.1 -0.004581279
24.105 -0.00460308
24.11 -0.004525306
24.115 -0.004381689
24.12 -0.004230963
24.125 -0.004092843
24.13 -0.003960632
24.135 -0.003833115
24.14 -0.003715272
24.145 -0.00361549
24.15 -0.003545141
24.155 -0.00351649
24.16 -0.003538354
24.165 -0.003607529
24.17 -0.003690004
24.175 -0.003690417
24.18 -0.003475561
24.185 -0.002968742
24.19 -0.002176161
24.195 -0.001150635
24.2 2.62518e-05
24.205 0.001249789
24.21 0.002364274
24.215 0.003191304
24.22 0.003636233
24.225 0.00369776
24.23 0.003413829
24.235 0.002916029
24.24 0.002431969
24.245 0.002106369
24.25 0.001942733
24.255 0.001951007
24.26 0.00214661
24.265 0.002459578
24.27 0.002789376
24.275 0.003076554
24.28 0.003274394
24.285 0.003324811
24.29 0.003166971
24.295 0.002749904
24.3 0.002045366
24.305 0.001063482
24.31 -0.0001353845
24.315 -0.001441655
24.32 -0.002757813
24.325 -0.004106473
24.33 -0.005551138
24.335 -0.007017919
24.34 -0.008346912
24.345 -0.009410479
24.35 -0.0101752
24.355 -0.01069966
24.36 -0.0110659
24.365 -0.01136461
24.37 -0.01169808
24.375 -0.01214237
24.38 -0.01273648
24.385 -0.01354838
24.39 -0.01468264
24.395 -0.01620283
24.4 -0.01810726
24.405 -0.02032449
24.41 -0.02265801
24.415 -0.02482196
24.42 -0.02666151
24.425 -0.0281991
24.43 -0.02945809
24.435 -0.03047639
24.44 -0.03138715
24.445 -0.03231339
24.45 -0.03326999
24.455 -0.03421295
24.46 -0.03508616
24.465 -0.03583288
24.47 -0.03066407
24.475 -0.03094873
24.48 -0.03085432
24.485 -0.03023357
24.49 -0.02888983
24.495 -0.02665102
24.5 -0.02351168
24.505 -0.0196564
24.51 -0.01538968
24.515 -0.01107121
24.52 -0.007036873
24.525 -0.003540007
24.53 -0.0007033179
24.535 0.00150723
24.54 0.003248119
24.545 0.004695149
24.55 0.005938841
24.555 0.006965713
24.56 0.007802914
24.565 0.008567554
24.57 0.009390493
24.575 0.01037432
24.58 0.011572
24.585 0.01300321
24.59 0.0146571
24.595 0.0164486
24.6 0.01824025
24.605 0.01992263
24.61 0.02140497
24.615 0.02259511
24.62 0.02343906
24.625 0.02398545
24.63 0.02442453
24.635 0.02493806
24.64 0.02554781
24.645 0.02616061
24.65 0.02663683
24.655 0.02683584
24.66 0.02663208
24.665 0.02592924
24.67 0.02469146
24.675 0.02294882
24.68 0.02077323
24.685 0.0182929
24.69 0.01569623
24.695 0.01319782
24.7 0.01098178
24.705 0.009131517
24.71 0.007621637
24.715 0.006382324
24.72 0.005425996
24.725 0.004813339
24.73 0.004482236
24.735 0.004299498
24.74 0.00416594
24.745 0.004017937
24.75 0.00382103
24.755 0.003572712
24.76 0.003304643
24.765 0.00307913
24.77 0.002978563
24.775 0.003068968
24.78 0.003352686
24.785 0.003787279
24.79 0.004338125
24.795 0.005020633
24.8 0.005927833
24.805 0.007213725
24.81 0.008956558
24.815 0.01105898
24.82 0.01334592
24.825 0.01561122
24.83 0.01761279
24.835 0.01919972
24.84 0.02039308
24.845 0.02124246
24.85 0.02176624
24.855 0.02200305
24.86 0.02199872
24.865 0.02177586
24.87 0.02134246
24.875 0.02074507
24.88 0.02014733
24.885 0.01983116
24.89 0.0201119
24.895 0.02116974
24.9 0.02290006
24.905 0.0248828
24.91 0.02667524
24.915 0.02809553
24.92 0.02912397
24.925 0.02978591
24.93 0.03010468
24.935 0.03013215
24.94 0.02997264
24.945 0.02974061
24.95 0.02953302
24.955 0.02942262
24.96 0.02945289
24.965 0.02963185
24.97 0.02992947
24.975 0.03027909
24.98 0.03059194
24.985 0.03079327
24.99 0.03084789
24.995 0.0307394
25 0.0304787
25.005 0.03013263
25.01 0.02977168
25.015 0.02941732
25.02 0.02907073
25.025 0.02873473
25.03 0.02841313
25.035 0.02811261
25.04 0.02784576
25.045 0.0276327
25.05 0.02749943
25.055 0.02747301
25.06 0.02757318
25.065 0.02780226
25.07 0.02813498
25.075 0.02851322
25.08 0.02885417
25.085 0.02908495
25.09 0.02918034
25.095 0.02917043
25.1 0.02911863
25.105 0.02907873
25.11 0.02908212
25.115 0.02913274
25.12 0.02919844
25.125 0.02921104
25.13 0.02908034
25.135 0.02873403
25.14 0.02814469
25.145 0.02731349
25.15 0.02626428
25.155 0.02504534
25.16 0.02370598
25.165 0.02227342
25.17 0.02075359
25.175 0.0191398
25.18 0.01742107
25.185 0.01559506
25.19 0.01368053
25.195 0.01172885
25.2 0.009824839
25.205 0.008064843
25.21 0.006496449
25.215 0.005110159
25.22 0.003921547
25.225 0.002960486
25.23 0.002205239
25.235 0.001621175
25.24 0.001190139
25.245 0.0008756348
25.25 0.0006246876
25.255 0.0004021688
25.26 0.0001923921
25.265 -5.762256e-06
25.27 -0.0001819611
25.275 -0.0003184861
25.28 -0.0003967797
25.285 -0.0004039583
25.29 -0.0003418228
25.295 -0.0002326494
25.3 -0.0001235703
25.305 -8.460793e-05
25.31 -0.0001992698
25.315 -0.0005338366
25.32 -0.001093861
25.325 -0.001825601
25.33 -0.002653306
25.335 -0.003507238
25.34 -0.004337121
25.345 -0.005103363
25.35 -0.005766884
25.355 -0.006297727
25.36 -0.006729623
25.365 -0.007159532
25.37 -0.007665781
25.375 -0.00825344
25.38 -0.008848126
25.385 -0.009364142
25.39 -0.009755422
25.395 -0.01001217
25.4 -0.01015045
25.405 -0.01019676
25.41 -0.01018013
25.415 -0.0101139
25.42 -0.009977248
25.425 -0.009756858
25.43 -0.009491454
25.435 -0.009242392
25.44 -0.009038094
25.445 -0.008828007
25.45 -0.008540644
25.455 -0.008145534
25.46 -0.007614198
25.465 -0.006912937
25.47 -0.006042742
25.475 -0.005032345
25.48 -0.003929485
25.485 -0.002833259
25.49 -0.001863621
25.495 -0.001078924
25.5 -0.0005176958
25.505 -0.0002432266
25.51 -0.0002901506
25.515 -0.0006518285
25.52 -0.001321976
25.525 -0.00228517
25.53 -0.003496993
25.535 -0.004875634
25.54 -0.006324758
25.545 -0.007776814
25.55 -0.009178169
25.555 -0.01048117
25.56 -0.01168203
25.565 -0.01281552
25.57 -0.01391345
25.575 -0.01499474
25.58 -0.01606571
25.585 -0.01711631
25.59 -0.01812225
25.595 -0.01905476
25.6 -0.01990604
25.605 -0.02069936
25.61 -0.02146666
25.615 -0.02221939
25.62 -0.02293103
25.625 -0.02356686
25.63 -0.02411482
25.635 -0.02454965
25.64 -0.02481906
25.645 -0.02487953
25.65 -0.02471817
25.655 -0.02435013
25.66 -0.02379536
25.665 -0.02307335
25.67 -0.0222499
25.675 -0.02142531
25.68 -0.02066215
25.685 -0.01999506
25.69 -0.01945028
25.695 -0.01898887
25.7 -0.01850795
25.705 -0.01794039
25.71 -0.01728387
25.715 -0.01656705
25.72 -0.01581823
25.725 -0.01505371
25.73 -0.01431394
25.735 -0.01365919
25.74 -0.01312168
25.745 -0.01271855
25.75 -0.01248164
25.755 -0.01243152
25.76 -0.01255026
25.765 -0.0127767
25.77 -0.01302256
25.775 -0.01321019
25.78 -0.01331351
25.785 -0.0133752
25.79 -0.0134649
25.795 -0.01362612
25.8 -0.01384052
25.805 -0.01407167
25.81 -0.01432966
25.815 -0.01463834
25.82 -0.01499797
25.825 -0.01538351
25.83 -0.01574931
25.835 -0.01604224
25.84 -0.01623689
25.845 -0.01635651
25.85 -0.01644179
25.855 -0.01652611
25.86 -0.01663387
25.865 -0.01677682
25.87 -0.01695021
25.875 -0.01713166
25.88 -0.0172912
25.885 -0.01741102
25.89 -0.01748625
25.895 -0.01751132
25.9 -0.0174927
25.905 -0.01745302
25.91 -0.01740134
25.915 -0.01733061
25.92 -0.01725063
25.925 -0.01717479
25.93 -0.01709451
25.935 -0.01700529
25.94 -0.01692638
25.945 -0.01688108
25.95 -0.0168759
25.955 -0.01688844
25.96 -0.01689041
25.965 -0.01687171
25.97 -0.01682869
25.975 -0.01675408
25.98 -0.01664034
25.985 -0.01648402
25.99 -0.01629331
25.995 -0.01609981
26 -0.01595314
26.005 -0.0158856
26.01 -0.01589411
26.015 -0.01594466
26.02 -0.01599599
26.025 -0.01602704
26.03 -0.01604051
26.035 -0.01605388
26.04 -0.01608404
26.045 -0.01613989
26.05 -0.0162204
26.055 -0.01631212
26.06 -0.01639458
26.065 -0.01645399
26.07 -0.01649055
26.075 -0.01651568
26.08 -0.01654176
26.085 -0.01656956
26.09 -0.01658862
26.095 -0.01658523
26.1 -0.0165569
26.105 -0.01651664
26.11 -0.01648843
26.115 -0.0164948
26.12 -0.01654447
26.125 -0.01662899
26.13 -0.01672818
26.135 -0.01682123
26.14 -0.01689001
26.145 -0.01691935
26.15 -0.01689987
26.155 -0.01682983
26.16 -0.01671602
26.165 -0.01656813
26.17 -0.01639037
26.175 -0.01618803
26.18 -0.01597407
26.185 -0.01576022
26.19 -0.01555097
26.195 -0.01534542
26.2 -0.01514449
26.205 -0.01495767
26.21 -0.01479521
26.215 -0.01465842
26.22 -0.01453889
26.225 -0.01442332
26.23 -0.01430269
26.235 -0.01417317
26.24 -0.01403213
26.245 -0.01387144
26.25 -0.01367731
26.255 -0.0134401
26.26 -0.01315968
26.265 -0.01284477
26.27 -0.01250802
26.275 -0.01216021
26.28 -0.01181025
26.285 -0.01146558
26.29 -0.01113194
26.295 -0.01081292
26.3 -0.01050969
26.305 -0.01022067
26.31 -0.009941395
26.315 -0.009664641
26.32 -0.009381322
26.325 -0.009082895
26.33 -0.008767065
26.335 -0.008442001
26.34 -0.008120679
26.345 -0.007812707
26.35 -0.007518549
26.355 -0.007233962
26.36 -0.006959426
26.365 -0.006693054
26.37 -0.006424971
26.375 -0.006147545
26.38 -0.005860137
26.385 -0.005564209
26.39 -0.005262149
26.395 -0.004957999
26.4 -0.004656998
26.405 -0.004363309
26.41 -0.004076072
26.415 -0.003792784
26.42 -0.003517526
26.425 -0.003256029
26.43 -0.003008044
26.435 -0.00277039
26.44 -0.002540062
26.445 -0.002314078
26.45 -0.002089259
26.455 -0.001862516
26.46 -0.00163124
26.465 -0.001393837
26.47 -0.001150233
26.475 -0.0009022584
26.48 -0.0006533677
26.485 -0.0004067457
26.49 -0.0001632217
26.495 7.620422e-05
26.5 0.0003090182
26.505 0.0005336318
26.51 0.0007490291
26.515 0.0009520782
26.52 0.001139553
26.525 0.001311293
26.53 0.001470544
26.535 0.001622416
26.54 0.001771206
26.545 0.001919247
26.55 0.002066889
26.555 0.002212509
26.56 0.002353574
26.565 0.002488629
26.57 0.002617626
26.575 0.002740162
26.58 0.002856474
26.585 0.002968823
26.59 0.003079783
26.595 0.00319035
26.6 0.003299699
26.605 0.003405315
26.61 0.00350399
26.615 0.003594369
26.62 0.003678644
26.625 0.003759841
26.63 0.003839632
26.635 0.003918153
26.64 0.003994071
26.645 0.004064942
26.65 0.004128552
26.655 0.004184109
26.66 0.004232461
26.665 0.004275452
26.67 0.004314786
26.675 0.004351768
26.68 0.004387369
26.685 0.004422096
26.69 0.004455983
26.695 0.004488574
26.7 0.004519085
26.705 0.004546742
26.71 0.004571461
26.715 0.004593889
26.72 0.004614177
26.725 0.00463195
26.73 0.004647681
26.735 0.004662067
26.74 0.004674842
26.745 0.004685309
26.75 0.004693055
26.755 0.004698085
26.76 0.004700898
26.765 0.004702426
26.77 0.004703684
26.775 0.004705332
26.78 0.004707649
26.785 0.004710582
26.79 0.004713845
26.795 0.004717199
26.8 0.004720749
26.805 0.004724647
26.81 0.004728785
26.815 0.004732813
26.82 0.004736354
26.825 0.004739292
26.83 0.004741758
26.835 0.004743925
26.84 0.00474575
26.845 0.004746897
26.85 0.004746966
26.855 0.004745585
26.86 0.004742462
26.865 0.004737532
26.87 0.004731009
26.875 0.00472319
26.88 0.004714253
26.885 0.004704145
26.89 0.004692774
26.895 0.004680217
26.9 0.004666623
26.905 0.004652085
26.91 0.004636642
26.915 0.004620278
26.92 0.004602942
26.925 0.004584585
26.93 0.004565197
26.935 0.004544731
26.94 0.004523094
26.945 0.004500216
26.95 0.004476081
26.955 0.004450711
26.96 0.004424175
26.965 0.004396578
26.97 0.004368059
26.975 0.004338756
26.98 0.004308766
26.985 0.004278145
26.99 0.004246926
26.995 0.004215143
27 0.004182827
27.005 0.004149988
27.01 0.004116611
27.015 0.004082668
27.02 0.004048137
27.025 0.004013018
27.03 0.003977339
27.035 0.00394114
27.04 0.003904455
27.045 0.00386731
27.05 0.003829733
27.055 0.003791751
27.06 0.003753386
27.065 0.003714653
27.07 0.003675561
27.075 0.003636119
27.08 0.003596336
27.085 0.00355622
27.09 0.003515777
27.095 0.003475016
27.1 0.003433944
27.105 0.003392565
27.11 0.003350885
27.115 0.003308907
27.12 0.003266633
27.125 0.003224065
27.13 0.003181205
27.135 0.003138054
27.14 0.003094617
27.145 0.003050894
27.15 0.003006889
27.155 0.002962604
27.16 0.002918043
27.165 0.002873208
27.17 0.002828103
27.175 0.00278273
27.18 0.002737093
