0 0.0002539006
0.01 0.0002540933
0.02 0.0002543094
0.03 0.0002544899
0.04 0.0002547123
0.05 0.0002548024
0.06 0.0002551108
0.07 0.0002552466
0.08 0.0002554629
0.09 0.0002555236
0.1 0.0002557608
0.11 0.0002559887
0.12 0.0002562283
0.13 0.0002560573
0.14 0.0002563781
0.15 0.0002564168
0.16 0.0002569154
0.17 0.0002566157
0.18 0.0002570875
0.19 0.0002565913
0.2 0.0002573223
0.21 0.0002571421
0.22 0.0002572719
0.23 0.0002575111
0.24 0.000257688
0.25 9.181473e-05
0.26 0.0002603386
0.27 0.0002554407
0.28 0.0002598484
0.29 0.0002555833
0.3 0.0002605949
0.31 0.0002540525
0.32 0.0002607475
0.33 0.0002550561
0.34 0.000261205
0.35 0.0002543314
0.36 0.000261649
0.37 0.0002534697
0.38 0.0002641059
0.39 0.0002530045
0.4 0.0002650629
0.41 0.000253544
0.42 0.0002640674
0.43 0.0002515255
0.44 0.0002673564
0.45 0.0002516855
0.46 0.0002677934
0.47 0.0002498522
0.48 0.0002650765
0.49 0.0002474251
0.5 0.0002696554
0.51 0.0002490624
0.52 0.0002680416
0.53 0.0002518685
0.54 0.0002660847
0.55 0.000248796
0.56 0.000256386
0.57 0.00026019
0.58 0.0002576416
0.59 0.0002594255
0.6 0.0002546507
0.61 0.0002541202
0.62 0.0002586342
0.63 0.000262318
0.64 0.0002552043
0.65 0.0002641405
0.66 0.0002548756
0.67 0.0002575141
0.68 0.0002546909
0.69 0.0002620373
0.7 0.0002507063
0.71 0.0002602311
0.72 0.0002499728
0.73 0.0002619661
0.74 0.0002529135
0.75 0.000260095
0.76 0.0002522961
0.77 0.0002582079
0.78 0.000245721
0.79 0.0002627625
0.8 0.0002507546
0.81 0.0002621952
0.82 0.0002534754
0.83 0.0002543019
0.84 0.0002462904
0.85 0.0002530871
0.86 0.0002260945
0.87 0.0002734555
0.88 0.0002360805
0.89 0.0002760186
0.9 0.0002332813
0.91 0.0002772901
0.92 0.0002315631
0.93 0.0002786188
0.94 0.000224077
0.95 0.0002776169
0.96 0.000219075
0.97 0.0002792304
0.98 0.0002294412
0.99 0.0002812338
1 0.0002197829
1.01 0.0002907042
1.02 0.0002293218
1.03 0.0002714655
1.04 0.0002188018
1.05 0.0002894104
1.06 0.0002191927
1.07 0.0002846923
1.08 0.000213047
1.09 0.0002786025
1.1 0.0002226857
1.11 0.0002831896
1.12 0.0002178227
1.13 0.0002869738
1.14 0.000195997
1.15 0.0002920687
1.16 0.0002130345
1.17 0.000283336
1.18 0.0002593093
1.19 0.0002369102
1.2 0.0002650703
1.21 0.0002316809
1.22 0.0002723856
1.23 0.0002315611
1.24 0.0002491061
1.25 0.0002348729
1.26 0.0002572535
1.27 0.0002292632
1.28 0.0002605404
1.29 0.0002443816
1.3 0.0002658094
1.31 0.0002236697
1.32 0.0002555721
1.33 0.000228703
1.34 0.0002505466
1.35 0.0002263431
1.36 0.0002749382
1.37 0.0002194823
1.38 0.0002477605
1.39 0.0002399985
1.4 0.0002732471
1.41 0.0002326983
1.42 0.0002557054
1.43 0.0001956861
1.44 0.0002894228
1.45 0.0002145241
1.46 0.0002589701
1.47 0.0002227202
1.48 0.0002919774
1.49 0.0001793074
1.5 0.0002981007
1.51 0.0001963341
1.52 0.0002854444
1.53 0.0001757372
1.54 0.0002922215
1.55 0.0001804776
1.56 0.0003297241
1.57 0.000167359
1.58 0.0003028271
1.59 0.0001599692
1.6 0.0003015578
1.61 0.0001780261
1.62 0.0003090702
1.63 0.0001599092
1.64 0.0003071838
1.65 0.0001567285
1.66 0.0003012834
1.67 0.0001930029
1.68 0.0003031073
1.69 0.0001549938
1.7 0.0003049702
1.71 0.0001490863
1.72 0.0002890839
1.73 0.0001747884
1.74 0.0002976928
1.75 0.0001775394
1.76 0.0002917435
1.77 0.0001534541
1.78 0.0001740455
1.79 0.0002677065
1.8 0.0001980396
1.81 0.0002493922
1.82 0.0001940832
1.83 0.0002549955
1.84 0.0001773834
1.85 0.0002832602
1.86 0.0001897288
1.87 0.0002476934
1.88 0.0001787381
1.89 0.0002643103
1.9 0.0002023371
1.91 0.0002377282
1.92 0.0001732836
1.93 0.0002475508
1.94 0.0001879701
1.95 0.0002448724
1.96 0.0002094322
1.97 0.0002364833
1.98 0.0001989947
1.99 0.0002442241
2 0.0001899869
2.01 0.0002521371
2.02 0.0002040107
2.03 0.0002427512
2.04 0.0001656502
2.05 0.0002651074
2.06 0.0001763944
2.07 0.0002684029
2.08 0.0001873783
2.09 0.0002880254
2.1 0.0001306209
2.11 0.0003071542
2.12 0.000128447
2.13 0.0003178843
2.14 0.0001271559
2.15 0.0002874534
2.16 0.0001506274
2.17 0.0003150018
2.18 0.0001228785
2.19 0.0003206548
2.2 0.0001369177
2.21 0.0002777553
2.22 0.0001159513
2.23 0.0002922489
2.24 0.0001466368
2.25 0.0003078659
2.26 8.979507e-05
2.27 0.000322773
2.28 0.0001281977
2.29 0.0002998944
2.3 0.0001030666
2.31 0.0002934887
2.32 0.0001215908
2.33 0.0002785573
2.34 0.000131925
2.35 0.0003020935
2.36 8.664777e-05
2.37 0.0003211384
2.38 0.0001245473
2.39 0.0001774631
2.4 0.0002621922
2.41 0.0001769382
2.42 0.0002687805
2.43 0.0001706429
2.44 0.0002754395
2.45 0.0001720442
2.46 0.0002560083
2.47 0.0001414857
2.48 0.0002675103
2.49 0.0001866542
2.5 0.000254726
2.51 0.0001706217
2.52 0.0002839414
2.53 0.0001682381
2.54 0.0002760349
2.55 0.0001402935
2.56 0.0002838237
2.57 8.558496e-05
2.58 0.000252158
2.59 0.0001561791
2.6 0.0002757549
2.61 0.0001379762
2.62 0.0003004503
2.63 0.0001385866
2.64 0.0002407636
2.65 0.0001412131
2.66 0.0002575231
2.67 0.0001159975
2.68 0.0002394459
2.69 0.0001306487
2.7 0.0003001625
2.71 0.0001024185
2.72 0.0002930698
2.73 0.0001281442
2.74 0.0002889738
2.75 8.795995e-05
2.76 0.000267848
2.77 9.579084e-05
2.78 0.0003097208
2.79 9.865589e-05
2.8 0.0002885897
2.81 0.0001105143
2.82 0.0002864479
2.83 6.536192e-05
2.84 0.0002932976
2.85 0.0001302189
2.86 0.0002821413
2.87 9.006308e-05
2.88 0.000304979
2.89 8.889746e-05
2.9 0.0003208188
2.91 0.0001057318
2.92 0.0002576454
2.93 0.0001095534
2.94 0.0002804669
2.95 0.0001483742
2.96 0.0002942892
2.97 0.0001331957
2.98 0.0002740941
2.99 0.0001400118
3 0.0001739053
3.01 0.0002888087
3.02 0.0001276947
3.03 0.0002435961
3.04 0.0001624976
3.05 0.0002793923
3.06 0.0001152806
3.07 0.0002771723
3.08 0.0001210551
3.09 0.0002649377
3.1 0.0001698385
3.11 0.0002727183
3.12 0.0001426011
3.13 0.0002434809
3.14 0.0001333662
3.15 0.0002482353
3.16 9.611742e-05
3.17 0.0002800005
3.18 0.0001458785
3.19 0.000254749
3.2 0.0001656288
3.21 0.0002234917
3.22 8.836446e-05
3.23 0.0002952351
3.24 0.0001451062
3.25 0.0002859681
3.26 0.0001148449
3.27 0.0002456961
3.28 0.0001555601
3.29 0.0002564192
3.3 0.0001222671
3.31 0.0002941326
3.32 8.798638e-05
3.33 0.000280847
3.34 9.470298e-05
3.35 0.0003095499
3.36 8.24048e-05
3.37 0.000308245
3.38 0.0001040978
3.39 0.000285939
3.4 0.0001007819
3.41 0.0002666261
3.42 0.0001154539
3.43 0.0002732938
3.44 9.613674e-05
3.45 0.0002729545
3.46 0.0001457905
3.47 0.0002936135
3.48 0.0001094427
3.49 0.0002942646
3.5 9.209017e-05
3.51 0.0003169191
3.52 6.774868e-05
3.53 0.0002985734
3.54 7.339729e-05
3.55 0.000251218
3.56 0.0001220361
3.57 0.000304858
3.58 0.0001176684
3.59 0.0002644821
3.6 0.0001012919
3.61 0.0002901106
3.62 0.0002509179
3.63 0.0001177155
3.64 0.0002805255
3.65 0.0001303302
3.66 0.0002601305
3.67 0.0001249204
3.68 0.0002577302
3.69 7.651637e-05
3.7 0.0002663132
3.71 0.0001401104
3.72 0.000279905
3.73 0.0001166834
3.74 0.0002474825
3.75 0.0001252629
3.76 0.0002230508
3.77 0.0001378328
3.78 0.0002616275
3.79 0.0001274104
3.8 0.0002691932
3.81 0.0001179722
3.82 0.0002407621
3.83 0.0001315424
3.84 0.0002623006
3.85 9.606841e-05
3.86 0.0002638448
3.87 0.0001036094
3.88 0.0002533738
3.89 0.0001461359
3.9 0.0002589015
3.91 8.466426e-05
3.92 0.0002834266
3.93 0.0001171759
3.94 0.0002959306
3.95 9.868854e-05
3.96 0.000266448
3.97 0.000132199
3.98 0.0002399549
3.99 0.0001126972
4 0.0002624545
4.01 0.0001362007
4.02 0.0002749416
4.03 5.967618e-05
4.04 0.0002724272
4.05 9.616692e-05
4.06 0.0002658997
4.07 0.0001036518
4.08 0.0002673854
4.09 0.0001161131
4.1 0.0002408507
4.11 0.0001035858
4.12 0.0002433131
4.13 9.204849e-05
4.14 0.0002627881
4.15 0.0001005164
4.16 0.0002672226
4.17 0.0001129506
4.18 0.0002446726
4.19 8.740819e-05
4.2 0.0002801274
4.21 8.483413e-05
4.22 0.0002405505
4.23 0.0002292493
4.24 0.0001449656
4.25 0.0002396735
4.26 0.0001093686
4.27 0.0002440867
4.28 0.0001097849
4.29 0.0002544745
4.3 0.0001351644
4.31 0.0002468609
4.32 0.0001085672
4.33 0.0002492647
4.34 9.49648e-05
4.35 0.0002336474
4.36 0.0001203212
4.37 0.0002410081
4.38 0.0001126979
4.39 0.0002213821
4.4 9.506535e-05
4.41 0.0002567441
4.42 0.0001474249
4.43 0.0002161026
4.44 8.578521e-05
4.45 0.0002594689
4.46 0.0001161452
4.47 0.0002368309
4.48 0.0001294938
4.49 0.0002621714
4.5 0.0001298401
4.51 0.0002415108
4.52 9.218076e-05
4.53 0.0002318474
4.54 7.152053e-05
4.55 0.0002431667
4.56 9.783321e-05
4.57 0.0002374836
4.58 0.0001091336
4.59 0.0002317803
4.6 7.142829e-05
4.61 0.0002640716
4.62 7.171897e-05
4.63 0.000230358
4.64 0.0001260107
4.65 0.0002176424
4.66 8.029351e-05
4.67 0.0002219304
4.68 8.357556e-05
4.69 0.000249205
4.7 9.784086e-05
4.71 0.0002074774
4.72 8.211234e-05
4.73 0.0002457394
4.74 4.937399e-05
4.75 0.0002439959
4.76 0.0001326337
4.77 0.000242252
4.78 0.0001048765
4.79 0.0002604957
4.8 7.211053e-05
4.81 0.0002357189
4.82 6.035061e-05
4.83 0.0002719611
4.84 0.0002195739
4.85 9.317867e-05
4.86 0.0002307964
4.87 6.840238e-05
4.88 0.0002340161
4.89 6.661592e-05
4.9 0.0002352289
4.91 7.782873e-05
4.92 0.000215429
4.93 0.0001240317
4.94 0.0001826409
4.95 8.322988e-05
4.96 0.0002318305
4.97 6.041082e-05
4.98 0.0002860099
4.99 8.158775e-05
5 0.0002181681
5.01 9.474293e-05
5.02 0.0002803374
5.03 0.0001169124
5.04 0.0002834906
5.05 0.0001650707
5.06 0.0002876559
5.07 0.0001722288
5.08 0.0003198075
5.09 0.0002653831
5.1 0.0003749574
5.11 0.0002975349
5.12 0.0002140934
5.13 6.466011e-05
5.14 0.0002952221
5.15 0.0001277868
5.16 0.0002553406
5.17 9.590471e-05
5.18 9.145629e-05
5.19 0.0005030148
5.2 0.002126571
5.21 0.002714131
5.22 0.003068687
5.23 0.003888243
5.24 0.004472803
5.25 0.003398357
5.26 0.002712921
5.27 7.746335e-05
5.28 -0.002885991
5.29 -0.004529476
5.3 -0.003617944
5.31 -0.002188421
5.32 -0.001141887
5.33 0.002292636
5.34 0.004990193
5.35 0.002164747
5.36 0.00414428
5.37 0.003778828
5.38 0.000538392
5.39 -0.00411008
5.4 -0.01012955
5.41 -0.01310908
5.42 -0.01267959
5.43 -0.01139313
5.44 -0.009552643
5.45 -0.008647082
5.46 -0.005853602
5.47 0.0005359315
5.48 0.005160455
5.49 0.006645008
5.5 0.007021567
5.51 0.002755136
5.52 -0.01227331
5.53 -0.02276289
5.54 -0.02009947
5.55 -0.01783399
5.56 -0.02383956
5.57 -0.01317914
5.58 -0.002593696
5.59 0.008996834
5.6 0.03017743
5.61 0.0301541
5.62 0.001935769
5.63 -0.01591386
5.64 -0.02739039
5.65 -0.03388304
5.66 -0.02976371
5.67 -0.01929131
5.68 -0.01348886
5.69 -0.007142371
5.7 0.00186108
5.71 0.01112661
5.72 0.02136022
5.73 0.01271289
5.74 -0.01207254
5.75 -0.02324337
5.76 -0.02382703
5.77 -0.02279246
5.78 -0.01765016
5.79 0.001933351
5.8 0.009636863
5.81 -0.002231617
5.82 -0.003689308
5.83 0.01499017
5.84 0.02724069
5.85 0.03008018
5.86 0.03637675
5.87 0.02480836
5.88 0.009578877
5.89 0.001097274
5.9 -0.008993197
5.91 -0.0276639
5.92 -0.04175266
5.93 -0.04081128
5.94 -0.02499017
5.95 0.009507273
5.96 0.03725772
5.97 0.04909838
5.98 0.05038786
5.99 0.06388757
6 0.06059441
6.01 0.02439184
6.02 0.0008912983
6.03 -0.009772426
6.04 -0.02070004
6.05 -0.01879981
6.06 -0.01497635
6.07 -0.02212405
6.08 -0.02581378
6.09 -0.0139203
6.1 -0.008929947
6.11 0.005732502
6.12 0.007812072
6.13 -0.007896473
6.14 -0.01489213
6.15 -0.01702879
6.16 -0.01743647
6.17 -0.01277004
6.18 -0.01877067
6.19 -0.02246641
6.2 -0.008005273
6.21 0.01281216
6.22 0.03624852
6.23 0.04777136
6.24 0.04781985
6.25 0.0595122
6.26 0.06356393
6.27 0.03841058
6.28 0.009989096
6.29 -0.01170467
6.3 -0.02424635
6.31 -0.03255819
6.32 -0.03993801
6.33 -0.03534976
6.34 -0.02429762
6.35 -0.008389343
6.36 0.01719096
6.37 0.02756157
6.38 0.04014596
6.39 0.04624489
6.4 0.03904042
6.41 0.02363852
6.42 0.02855688
6.43 0.02959231
6.44 0.009325747
6.45 0.008307961
6.46 0.01323935
6.47 0.01292069
6.48 0.02542805
6.49 0.02809246
6.5 0.01883888
6.51 0.0195222
6.52 0.01851865
6.53 0.009683937
6.54 0.01991225
6.55 0.02655378
6.56 0.01203327
6.57 0.004709441
6.58 0.009237869
6.59 0.001105193
6.6 -0.002657445
6.61 0.0009938723
6.62 -0.008727687
6.63 -0.01302852
6.64 -0.005873107
6.65 -0.01419877
6.66 -0.01861244
6.67 -0.01613619
6.68 -0.01947978
6.69 -0.02945355
6.7 -0.02517733
6.71 -0.02087812
6.72 -0.01943084
6.73 -0.009094474
6.74 0.004584834
6.75 0.005448259
6.76 0.01386254
6.77 0.01788
6.78 0.005903338
6.79 0.007114597
6.8 0.01576791
6.81 0.02077627
6.82 0.0246326
6.83 0.03033099
6.84 0.03547041
6.85 0.03930183
6.86 0.02846046
6.87 0.006553788
6.88 -0.01113391
6.89 -0.02296768
6.9 -0.03631838
6.91 -0.04455733
6.92 -0.0469572
6.93 -0.04065209
6.94 -0.02236498
6.95 -0.005327702
6.96 0.01433755
6.97 0.02464405
6.98 0.02655239
6.99 0.03474684
7 0.03654441
7.01 0.01737388
7.02 -0.00242185
7.03 -0.006625751
7.04 -0.01121452
7.05 -0.008336308
7.06 0.006003919
7.07 0.01280029
7.08 0.01497356
7.09 0.02852987
7.1 0.0299583
7.11 0.02851766
7.12 0.0359771
7.13 0.01956048
7.14 -0.001464182
7.15 -0.002580043
7.16 -0.007356619
7.17 -0.01970242
7.18 -0.0274961
7.19 -0.03833004
7.2 -0.05298686
7.21 -0.05603163
7.22 -0.05607859
7.23 -0.04343854
7.24 -0.02261445
7.25 -0.00284913
7.26 0.01968412
7.27 0.03082071
7.28 0.03030914
7.29 0.02989845
7.3 0.02553692
7.31 0.009478237
7.32 -2.350436e-05
7.33 -0.008805312
7.34 -0.01342517
7.35 -0.009532064
7.36 -0.004264858
7.37 0.002445417
7.38 0.0084527
7.39 0.00977202
7.4 0.009387292
7.41 0.01173057
7.42 0.006747902
7.43 0.0016951
7.44 0.005358298
7.45 0.006850524
7.46 0.01424072
7.47 0.02193005
7.48 0.0283814
7.49 0.02705275
7.5 0.02812001
7.51 0.03251048
7.52 0.024971
7.53 0.009157161
7.54 -0.000253433
7.55 -0.0216572
7.56 -0.04356509
7.57 -0.04296208
7.58 -0.05077185
7.59 -0.05603999
7.6 -0.04778897
7.61 -0.04673171
7.62 -0.04245583
7.63 -0.01877882
7.64 0.0142244
7.65 0.02719303
7.66 0.0268664
7.67 0.029222
7.68 0.02417336
7.69 0.01906539
7.7 0.01474675
7.71 -0.0001240832
7.72 -0.008764837
7.73 -0.01280266
7.74 -0.01944741
7.75 -0.02633333
7.76 -0.02563619
7.77 -0.02087297
7.78 -0.01740689
7.79 0.001877292
7.8 0.02111055
7.81 0.02059393
7.82 0.01387315
7.83 0.02155345
7.84 0.01769982
7.85 0.01015093
7.86 0.01313527
7.87 -0.001642501
7.88 -0.01386732
7.89 -0.008851217
7.9 -0.01106593
7.91 -0.02010085
7.92 -0.01418771
7.93 -0.01965844
7.94 -0.02468239
7.95 -0.01443335
7.96 0.00908776
7.97 0.01461617
7.98 0.01470821
7.99 0.03879064
8 0.04522506
8.01 0.0409791
8.02 0.05074541
8.03 0.04765775
8.04 0.03740204
8.05 0.03823818
8.06 0.03753659
8.07 0.02401788
8.08 0.00671617
8.09 -0.004402746
8.1 -0.02021552
8.11 -0.02350158
8.12 -0.02192739
8.13 -0.02810737
8.14 -0.0120544
8.15 0.006514829
8.16 0.01220607
8.17 0.03815923
8.18 0.04964086
8.19 0.01857119
8.2 0.008497379
8.21 -0.0004674521
8.22 -0.01548224
8.23 -0.01308129
8.24 -0.01056403
8.25 -0.01514791
8.26 -0.01008972
8.27 -0.007234499
8.28 -0.02273522
8.29 -0.0182183
8.3 -0.01382588
8.31 -0.03195896
8.32 -0.02266794
8.33 -0.01036057
8.34 -0.01585835
8.35 -0.01647917
8.36 -0.01695094
8.37 -0.02018378
8.38 -0.02367256
8.39 -0.0279815
8.4 -0.02734836
8.41 -0.02402714
8.42 -0.02730402
8.43 -0.01844193
8.44 -0.01470768
8.45 -0.01972753
8.46 -0.01018346
8.47 0.003647797
8.48 0.003931124
8.49 0.005195362
8.5 -0.01157321
8.51 -0.03986923
8.52 -0.03996727
8.53 -0.03237719
8.54 -0.02437412
8.55 -0.01506205
8.56 -0.001265829
8.57 -0.001044598
8.58 0.008664543
8.59 0.01698388
8.6 0.01138026
8.61 -0.005541586
8.62 -0.009342545
8.63 -0.004112468
8.64 0.005342714
8.65 0.01073895
8.66 0.007833225
8.67 0.008154418
8.68 -0.0001953237
8.69 -0.002084253
8.7 -0.0008229921
8.71 -0.003584863
8.72 -0.004144656
8.73 0.003512525
8.74 -0.005129029
8.75 -0.019622
8.76 -0.02235776
8.77 -0.03646558
8.78 -0.05289152
8.79 -0.05038179
8.8 -0.05822764
8.81 -0.05726166
8.82 -0.03806862
8.83 -0.03282852
8.84 -0.01777153
8.85 0.005733515
8.86 0.03842501
8.87 0.02362651
8.88 0.03646056
8.89 0.05229712
8.9 0.02800376
8.91 0.003249874
8.92 -0.01309987
8.93 -0.02702297
8.94 -0.02688397
8.95 -0.01505003
8.96 -0.00593464
8.97 -0.01625537
8.98 -0.02607707
8.99 -0.02604996
9 -0.0470535
9.01 -0.06383651
9.02 -0.07061717
9.03 -0.08993533
9.04 -0.1036742
9.05 -0.09687002
9.06 -0.1046737
9.07 -0.1240268
9.08 -0.1287028
9.09 -0.1308747
9.1 -0.1243526
9.11 -0.1253969
9.12 -0.1184529
9.13 -0.1193342
9.14 -0.1309141
9.15 -0.123354
9.16 -0.1246397
9.17 -0.1399575
9.18 -0.1540484
9.19 -0.1663706
9.2 -0.1834506
9.21 -0.1932473
9.22 -0.1968163
9.23 -0.2094204
9.24 -0.2196816
9.25 -0.2229656
9.26 -0.2314949
9.27 -0.2368039
9.28 -0.2409143
9.29 -0.2474802
9.3 -0.2417711
9.31 -0.2086921
9.32 -0.16108
9.33 -0.09496952
9.34 -0.01422005
9.35 0.0186422
9.36 0.02515971
9.37 0.07682331
9.38 0.1118601
9.39 0.1308801
9.4 0.1665969
9.41 0.1847979
9.42 0.1816718
9.43 0.1949811
9.44 0.23814
9.45 0.2641503
9.46 0.2640677
9.47 0.2682365
9.48 0.287243
9.49 0.2649509
9.5 0.2258542
9.51 0.2205351
9.52 0.1829429
9.53 0.1338986
9.54 0.109926
9.55 0.06908204
9.56 0.04148079
9.57 0.05468272
9.58 0.03007914
9.59 0.0001269163
9.6 -0.0123694
9.61 -0.02419153
9.62 -0.02223412
9.63 0.007993735
9.64 0.04131415
9.65 0.09563809
9.66 0.1832306
9.67 0.2538962
9.68 0.2744997
9.69 0.2921357
9.7 0.3340571
9.71 0.3351906
9.72 0.3037942
9.73 0.2983103
9.74 0.298417
9.75 0.2836773
9.76 0.2720789
9.77 0.2651204
9.78 0.2317853
9.79 0.1971993
9.8 0.173527
9.81 0.1439557
9.82 0.1214663
9.83 0.09541236
9.84 0.07456271
9.85 0.07321511
9.86 0.07462473
9.87 0.06720864
9.88 0.06820522
9.89 0.06161319
9.9 0.05218493
9.91 0.03497499
9.92 0.01359756
9.93 0.009044245
9.94 -0.007973911
9.95 -0.02821414
9.96 -0.04754427
9.97 -0.08043734
9.98 -0.1269136
9.99 -0.1691224
10 -0.206249
10.01 -0.2518861
10.02 -0.2794872
10.03 -0.2939012
10.04 -0.3064414
10.05 -0.305669
10.06 -0.2841564
10.07 -0.2706786
10.08 -0.250893
10.09 -0.2201124
10.1 -0.1556197
10.11 -0.1280578
10.12 -0.1447457
10.13 -0.1290286
10.14 -0.1069193
10.15 -0.1302041
10.16 -0.1506944
10.17 -0.1523063
10.18 -0.1257821
10.19 -0.080518
10.2 -0.03965398
10.21 -0.01781912
10.22 -0.01777687
10.23 -0.02519456
10.24 -0.03183177
10.25 -0.03413503
10.26 -0.02116148
10.27 0.026741
10.28 0.1024075
10.29 0.1795371
10.3 0.2581099
10.31 0.3244105
10.32 0.3727287
10.33 0.3931047
10.34 0.3699394
10.35 0.3461971
10.36 0.3403417
10.37 0.3135329
10.38 0.2904875
10.39 0.2588774
10.4 0.2652529
10.41 0.2614213
10.42 0.2311081
10.43 0.2034381
10.44 0.1833259
10.45 0.1664357
10.46 0.1383056
10.47 0.1123537
10.48 0.0803928
10.49 0.02018731
10.5 -0.02957671
10.51 -0.06005221
10.52 -0.1124321
10.53 -0.1901927
10.54 -0.2421481
10.55 -0.2908399
10.56 -0.3474157
10.57 -0.3884448
10.58 -0.4201007
10.59 -0.4590952
10.6 -0.4854955
10.61 -0.4929353
10.62 -0.4988798
10.63 -0.5023881
10.64 -0.4850763
10.65 -0.4298744
10.66 -0.3268286
10.67 -0.149544
10.68 -0.03237855
10.69 0.2500815
10.7 0.4123248
10.71 0.3668233
10.72 0.290084
10.73 0.368047
10.74 0.5158998
10.75 0.6481526
10.76 0.7392465
10.77 0.720338
10.78 0.5768746
10.79 0.4215625
10.8 0.3435127
10.81 0.2975207
10.82 0.2374459
10.83 0.08383098
10.84 -0.08184259
10.85 -0.2489939
10.86 -0.3826593
10.87 -0.3691305
10.88 -0.2953973
10.89 -0.3061376
10.9 -0.3743464
10.91 -0.3836201
10.92 -0.3340933
10.93 -0.285292
10.94 -0.263333
10.95 -0.2348544
10.96 -0.2053546
10.97 -0.161478
10.98 -0.09165304
10.99 -0.05952048
11 -0.02114946
11.01 0.01958107
11.02 0.08773431
11.03 0.1376358
11.04 0.1266261
11.05 0.07510139
11.06 0.001358822
11.07 -0.1073941
11.08 -0.2215104
11.09 -0.29334
11.1 -0.3218038
11.11 -0.3398788
11.12 -0.3741838
11.13 -0.3991534
11.14 -0.4049785
11.15 -0.4049191
11.16 -0.4101292
11.17 -0.4160581
11.18 -0.4270184
11.19 -0.4368375
11.2 -0.4231093
11.21 -0.3801193
11.22 -0.3193303
11.23 -0.2543495
11.24 -0.1966713
11.25 -0.1338922
11.26 -0.0703198
11.27 -0.02588762
11.28 -0.002620951
11.29 0.009126044
11.3 0.03804537
11.31 0.06655433
11.32 0.1163793
11.33 0.2137562
11.34 0.3176151
11.35 0.3927943
11.36 0.4199403
11.37 0.3830055
11.38 0.3411739
11.39 0.3404886
11.4 0.3569561
11.41 0.3770255
11.42 0.4009958
11.43 0.372278
11.44 0.2730975
11.45 0.1816259
11.46 0.1169718
11.47 0.05442858
11.48 -0.01024097
11.49 -0.04953371
11.5 -0.05768551
11.51 -0.07726537
11.52 -0.06971851
11.53 -0.01763608
11.54 0.04403808
11.55 0.08312473
11.56 0.07949349
11.57 0.03172785
11.58 0.008714213
11.59 0.008501417
11.6 0.002524031
11.61 -0.01727667
11.62 -0.0492439
11.63 -0.1078649
11.64 -0.1671476
11.65 -0.1889808
11.66 -0.1856717
11.67 -0.1797493
11.68 -0.1766873
11.69 -0.1779185
11.7 -0.1677446
11.71 -0.1517503
11.72 -0.1367395
11.73 -0.107135
11.74 -0.06986011
11.75 -0.0357036
11.76 -0.000155422
11.77 0.02751941
11.78 0.0284029
11.79 0.01888258
11.8 0.01433194
11.81 0.003859536
11.82 -0.01832
11.83 -0.04566682
11.84 -0.07240967
11.85 -0.09816706
11.86 -0.125776
11.87 -0.1459729
11.88 -0.1543671
11.89 -0.1493747
11.9 -0.1469342
11.91 -0.1323104
11.92 -0.08568419
11.93 -0.001964598
11.94 0.09642586
11.95 0.1767332
11.96 0.2469452
11.97 0.2962195
11.98 0.3316387
11.99 0.3802852
12 0.4267911
12.01 0.4310622
12.02 0.4146402
12.03 0.4015592
12.04 0.3865562
12.05 0.3752506
12.06 0.3640729
12.07 0.3465054
12.08 0.2959003
12.09 0.2179861
12.1 0.115364
12.11 -0.001592437
12.12 -0.1015458
12.13 -0.161059
12.14 -0.1787368
12.15 -0.1853924
12.16 -0.211782
12.17 -0.2534353
12.18 -0.2487885
12.19 -0.1996976
12.2 -0.1656582
12.21 -0.1569896
12.22 -0.1467193
12.23 -0.1384662
12.24 -0.1358768
12.25 -0.1326142
12.26 -0.1278418
12.27 -0.1362164
12.28 -0.1515582
12.29 -0.1537568
12.3 -0.1577266
12.31 -0.1717078
12.32 -0.1853007
12.33 -0.1864749
12.34 -0.1863059
12.35 -0.1870487
12.36 -0.1610032
12.37 -0.1212546
12.38 -0.08009098
12.39 -0.02568743
12.4 0.03996865
12.41 0.07379192
12.42 0.0880501
12.43 0.1187271
12.44 0.1561097
12.45 0.1638448
12.46 0.1549765
12.47 0.147704
12.48 0.1368825
12.49 0.1366955
12.5 0.1330402
12.51 0.1130358
12.52 0.1068722
12.53 0.1161206
12.54 0.1238804
12.55 0.1016984
12.56 0.08433188
12.57 0.07866015
12.58 0.06746581
12.59 0.06021532
12.6 0.04466006
12.61 0.02073833
12.62 0.02363977
12.63 0.02781843
12.64 0.00965413
12.65 -0.004136579
12.66 -0.01270585
12.67 -0.03595345
12.68 -0.06449592
12.69 -0.07958865
12.7 -0.09456321
12.71 -0.1165382
12.72 -0.1282662
12.73 -0.1283958
12.74 -0.1241648
12.75 -0.1176717
12.76 -0.08777509
12.77 -0.03755644
12.78 0.00937468
12.79 0.05863025
12.8 0.09860419
12.81 0.1071016
12.82 0.1012374
12.83 0.09382111
12.84 0.0887209
12.85 0.06972548
12.86 0.04249435
12.87 0.01114988
12.88 -0.02803137
12.89 -0.06599403
12.9 -0.08620148
12.91 -0.1109182
12.92 -0.1358638
12.93 -0.1505185
12.94 -0.1589184
12.95 -0.1562706
12.96 -0.1405896
12.97 -0.1142806
12.98 -0.0791338
12.99 -0.02786114
13 0.03632597
13.01 0.08626405
13.02 0.1078014
13.03 0.1312917
13.04 0.1685973
13.05 0.1822052
13.06 0.174052
13.07 0.1681931
13.08 0.1511802
13.09 0.1163139
13.1 0.07086082
13.11 0.0323803
13.12 0.006799708
13.13 -0.004849995
13.14 -0.02441552
13.15 -0.03646223
13.16 -0.03430394
13.17 -0.02876248
13.18 -0.01159133
13.19 0.02783329
13.2 0.0604889
13.21 0.07010669
13.22 0.06880128
13.23 0.06959006
13.24 0.07511058
13.25 0.08664128
13.26 0.08623109
13.27 0.07015007
13.28 0.0567095
13.29 0.0664208
13.3 0.07994246
13.31 0.07520817
13.32 0.0798687
13.33 0.08151336
13.34 0.0814428
13.35 0.1014356
13.36 0.1240214
13.37 0.1270251
13.38 0.1216899
13.39 0.1240148
13.4 0.1226628
13.41 0.1077916
13.42 0.07912659
13.43 0.06520737
13.44 0.05082023
13.45 0.03608039
13.46 0.006628385
13.47 -0.02414033
13.48 -0.04835358
13.49 -0.06271825
13.5 -0.07669052
13.51 -0.09170136
13.52 -0.1074318
13.53 -0.1105653
13.54 -0.109584
13.55 -0.08526962
13.56 -0.08696108
13.57 -0.06924674
13.58 -0.03777408
13.59 -0.04871953
13.6 -0.02745035
13.61 0.006399505
13.62 0.03403588
13.63 0.06745083
13.64 0.09807741
13.65 0.1306454
13.66 0.1533693
13.67 0.1635787
13.68 0.1679038
13.69 0.1521465
13.7 0.1387606
13.71 0.1188806
13.72 0.0886868
13.73 0.05694423
13.74 0.04255519
13.75 0.01656079
13.76 -0.005504485
13.77 -0.02233911
13.78 -0.02629937
13.79 -0.03758884
13.8 -0.05767716
13.81 -0.05323975
13.82 -0.04731893
13.83 -0.06114243
13.84 -0.06861984
13.85 -0.06528111
13.86 -0.07451937
13.87 -0.08817793
13.88 -0.08910052
13.89 -0.09197292
13.9 -0.08573384
13.91 -0.0466634
13.92 -0.02631877
13.93 -0.00954999
13.94 0.0296435
13.95 0.05472556
13.96 0.08682325
13.97 0.1081045
13.98 0.1031715
13.99 0.1001275
14 0.1216394
14.01 0.1289033
14.02 0.1231575
14.03 0.1075176
14.04 0.09098269
14.05 0.07196451
14.06 0.05070739
14.07 0.0410072
14.08 0.04079703
14.09 0.03300646
14.1 0.009003258
14.11 0.02212669
14.12 0.04110269
14.13 0.03026743
14.14 0.02233229
14.15 0.02745501
14.16 0.02399704
14.17 0.02123366
14.18 0.02021877
14.19 0.003481559
14.2 -0.02037741
14.21 -0.03626385
14.22 -0.04839185
14.23 -0.06864648
14.24 -0.09479869
14.25 -0.106615
14.26 -0.1113463
14.27 -0.1113989
14.28 -0.1010373
14.29 -0.08945459
14.3 -0.07509001
14.31 -0.04989337
14.32 -0.02325957
14.33 -0.0122784
14.34 -0.01906254
14.35 -0.01941677
14.36 -0.008340958
14.37 -0.008324924
14.38 -0.02498709
14.39 -0.03320356
14.4 -0.02874902
14.41 -0.01494818
14.42 0.01415429
14.43 0.04927628
14.44 0.08710398
14.45 0.1269762
14.46 0.1502063
14.47 0.1629549
14.48 0.1788662
14.49 0.1820012
14.5 0.165333
14.51 0.1285502
14.52 0.07936286
14.53 0.01882261
14.54 -0.04485331
14.55 -0.07305345
14.56 -0.08719056
14.57 -0.1023429
14.58 -0.1179639
14.59 -0.1445545
14.6 -0.1542391
14.61 -0.1353885
14.62 -0.1202637
14.63 -0.1201682
14.64 -0.1159306
14.65 -0.09611575
14.66 -0.07063891
14.67 -0.05774992
14.68 -0.04929286
14.69 -0.0550008
14.7 -0.06043586
14.71 -0.0647393
14.72 -0.07403937
14.73 -0.08638704
14.74 -0.1033432
14.75 -0.1065565
14.76 -0.09864076
14.77 -0.09629872
14.78 -0.096575
14.79 -0.08800429
14.8 -0.07802852
14.81 -0.06474331
14.82 -0.06246041
14.83 -0.06636342
14.84 -0.06777966
14.85 -0.0612326
14.86 -0.06356373
14.87 -0.06852494
14.88 -0.07100121
14.89 -0.07461497
14.9 -0.08201831
14.91 -0.0817075
14.92 -0.06990297
14.93 -0.05909287
14.94 -0.04706539
14.95 -0.02478942
14.96 0.001593274
14.97 0.01607452
14.98 0.04071517
14.99 0.06339062
15 0.08110954
15.01 0.09119102
15.02 0.09533206
15.03 0.09540889
15.04 0.09035397
15.05 0.07803384
15.06 0.06126381
15.07 0.04766483
15.08 0.04087564
15.09 0.03764958
15.1 0.0353243
15.11 0.04396531
15.12 0.06133506
15.13 0.07541611
15.14 0.08752093
15.15 0.1052953
15.16 0.1169093
15.17 0.1227235
15.18 0.1332245
15.19 0.1436043
15.2 0.1492785
15.21 0.1488383
15.22 0.1447156
15.23 0.1394529
15.24 0.1302901
15.25 0.1208421
15.26 0.1145343
15.27 0.1051845
15.28 0.1004437
15.29 0.0984045
15.3 0.09811583
15.31 0.08838604
15.32 0.07843518
15.33 0.07724315
15.34 0.07758645
15.35 0.07114608
15.36 0.06224933
15.37 0.05074961
15.38 0.03231596
15.39 0.01248266
15.4 -0.003761041
15.41 -0.02058126
15.42 -0.04296698
15.43 -0.06387338
15.44 -0.08068127
15.45 -0.09144837
15.46 -0.09686138
15.47 -0.09812269
15.48 -0.09413181
15.49 -0.08114889
15.5 -0.06162602
15.51 -0.04302612
15.52 -0.02418115
15.53 -0.003637931
15.54 0.01897901
15.55 0.03823629
15.56 0.05357935
15.57 0.06924256
15.58 0.07759171
15.59 0.09070519
15.6 0.08942554
15.61 0.07469658
15.62 0.06510278
15.63 0.06432393
15.64 0.05364526
15.65 0.04168922
15.66 0.03929037
15.67 0.03826958
15.68 0.03549275
15.69 0.04116056
15.7 0.04894476
15.71 0.05787483
15.72 0.06836011
15.73 0.0697742
15.74 0.06825355
15.75 0.06926677
15.76 0.06965819
15.77 0.06583114
15.78 0.0589066
15.79 0.05154672
15.8 0.03727127
15.81 0.0194962
15.82 0.006138629
15.83 -0.00352147
15.84 -0.01570105
15.85 -0.03323911
15.86 -0.04376271
15.87 -0.05271691
15.88 -0.05930152
15.89 -0.07087555
15.9 -0.08222422
15.91 -0.09226454
15.92 -0.09970325
15.93 -0.1104192
15.94 -0.117096
15.95 -0.1195502
15.96 -0.1251051
15.97 -0.1270142
15.98 -0.1192512
15.99 -0.1091487
16 -0.1068895
16.01 -0.1082087
16.02 -0.1080385
16.03 -0.1116163
16.04 -0.1155333
16.05 -0.115575
16.06 -0.1139021
16.07 -0.1089562
16.08 -0.09449832
16.09 -0.07089889
16.1 -0.04705696
16.11 -0.02281362
16.12 0.002499459
16.13 0.02239397
16.14 0.03586622
16.15 0.04437487
16.16 0.04756123
16.17 0.04565249
16.18 0.04404083
16.19 0.03818123
16.2 0.02797558
16.21 0.0172858
16.22 0.009784088
16.23 0.00588829
16.24 -0.0001684258
16.25 -0.007478249
16.26 -0.007515053
16.27 -0.004905849
16.28 -0.007560592
16.29 -0.00851842
16.3 -0.005063219
16.31 0.002842017
16.32 0.01331936
16.33 0.01888566
16.34 0.01889607
16.35 0.01969336
16.36 0.01848884
16.37 0.009383112
16.38 0.0001785334
16.39 -0.00432228
16.4 -0.00942681
16.41 -0.01903559
16.42 -0.02722713
16.43 -0.035687
16.44 -0.04780952
16.45 -0.05773642
16.46 -0.06379597
16.47 -0.07737107
16.48 -0.09751872
16.49 -0.1098274
16.5 -0.1136642
16.51 -0.1231401
16.52 -0.132943
16.53 -0.1369559
16.54 -0.1349818
16.55 -0.129458
16.56 -0.121191
16.57 -0.1079546
16.58 -0.09364954
16.59 -0.07918328
16.6 -0.06477313
16.61 -0.05542968
16.62 -0.04553254
16.63 -0.03268126
16.64 -0.02484794
16.65 -0.02086027
16.66 -0.01296702
16.67 -0.005893487
16.68 -0.004028197
16.69 -0.003961702
16.7 -0.006975407
16.71 -0.007277035
16.72 -0.003886737
16.73 -0.005607296
16.74 -0.005041078
16.75 0.004597327
16.76 0.01007169
16.77 0.007302149
16.78 0.006417444
16.79 0.01167188
16.8 0.01399828
16.81 0.01515065
16.82 0.0141031
16.83 0.01234051
16.84 0.009441992
16.85 0.004667397
16.86 -0.004364055
16.87 -0.02014471
16.88 -0.03864827
16.89 -0.05372696
16.9 -0.06876956
16.91 -0.08809448
16.92 -0.09665538
16.93 -0.09528617
16.94 -0.097954
16.95 -0.09669423
16.96 -0.08392117
16.97 -0.06999839
16.98 -0.05817929
16.99 -0.04136785
17 -0.02143468
17.01 -0.00730805
17.02 0.002684169
17.03 0.01427577
17.04 0.02663008
17.05 0.03508765
17.06 0.04392799
17.07 0.05304967
17.08 0.05192322
17.09 0.04596874
17.1 0.04349221
17.11 0.03707687
17.12 0.02823125
17.13 0.02501652
17.14 0.02730093
17.15 0.0234904
17.16 0.02040677
17.17 0.02589316
17.18 0.02864568
17.19 0.02774421
17.2 0.02770678
17.21 0.02110526
17.22 0.008207886
17.23 -0.006254736
17.24 -0.02199721
17.25 -0.03775997
17.26 -0.04836054
17.27 -0.05957964
17.28 -0.06986333
17.29 -0.07567868
17.3 -0.07994337
17.31 -0.08490804
17.32 -0.08968978
17.33 -0.09007737
17.34 -0.08958913
17.35 -0.09015294
17.36 -0.08612382
17.37 -0.07890822
17.38 -0.07066315
17.39 -0.05754073
17.4 -0.04164056
17.41 -0.03442197
17.42 -0.01930093
17.43 -0.001187293
17.44 0.01842693
17.45 0.03251161
17.46 0.04818379
17.47 0.06647858
17.48 0.08116893
17.49 0.09547362
17.5 0.1100121
17.51 0.1213291
17.52 0.1323507
17.53 0.1441502
17.54 0.14974
17.55 0.1448531
17.56 0.132731
17.57 0.1136057
17.58 0.08959661
17.59 0.06034038
17.6 0.02326411
17.61 -0.0176538
17.62 -0.05109737
17.63 -0.06611739
17.64 -0.07886992
17.65 -0.0992807
17.66 -0.1130505
17.67 -0.1147926
17.68 -0.1072575
17.69 -0.09975794
17.7 -0.09592271
17.71 -0.0940154
17.72 -0.08795728
17.73 -0.07972576
17.74 -0.07356663
17.75 -0.06764241
17.76 -0.05251544
17.77 -0.03085269
17.78 -0.007902662
17.79 0.01776712
17.8 0.03928835
17.81 0.05798717
17.82 0.07619542
17.83 0.09731754
17.84 0.1115981
17.85 0.1166808
17.86 0.1292032
17.87 0.1455253
17.88 0.152153
17.89 0.153092
17.9 0.1553286
17.91 0.1546977
17.92 0.1511235
17.93 0.1493758
17.94 0.1451416
17.95 0.135413
17.96 0.1249418
17.97 0.1152041
17.98 0.1021029
17.99 0.08685843
18 0.07322721
18.01 0.05890736
18.02 0.05157016
18.03 0.03682058
18.04 0.01918336
18.05 0.001581619
18.06 -0.01202369
18.07 -0.02629751
18.08 -0.03850294
18.09 -0.04508056
18.1 -0.05129799
18.11 -0.05717373
18.12 -0.05816023
18.13 -0.05759383
18.14 -0.05969631
18.15 -0.06284708
18.16 -0.0606107
18.17 -0.05547818
18.18 -0.04641585
18.19 -0.02920741
18.2 -0.01528988
18.21 -0.009252265
18.22 -0.001307783
18.23 0.006249883
18.24 0.00896745
18.25 0.012749
18.26 0.01740055
18.27 0.01977616
18.28 0.0228887
18.29 0.02722424
18.3 0.03403577
18.31 0.04269949
18.32 0.04848716
18.33 0.0491357
18.34 0.04842736
18.35 0.05076501
18.36 0.05036675
18.37 0.04497334
18.38 0.04082101
18.39 0.04010068
18.4 0.03603943
18.41 0.03018383
18.42 0.02692653
18.43 0.02418406
18.44 0.01823385
18.45 0.01113034
18.46 0.003841105
18.47 -0.005499441
18.48 -0.01369071
18.49 -0.02251625
18.5 -0.03242152
18.51 -0.04294718
18.52 -0.05204457
18.53 -0.05733423
18.54 -0.0599066
18.55 -0.06231456
18.56 -0.06761292
18.57 -0.0743901
18.58 -0.08013148
18.59 -0.08678703
18.6 -0.09155049
18.61 -0.09299294
18.62 -0.09642537
18.63 -0.0992841
18.64 -0.1001156
18.65 -0.1013609
18.66 -0.1046994
18.67 -0.108787
18.68 -0.1089236
18.69 -0.1053061
18.7 -0.1010988
18.71 -0.0984935
18.72 -0.08997729
18.73 -0.07352737
18.74 -0.05745315
18.75 -0.04019844
18.76 -0.01941615
18.77 -0.0002362784
18.78 0.01874713
18.79 0.03272514
18.8 0.04203366
18.81 0.05197447
18.82 0.06014405
18.83 0.06427303
18.84 0.06513065
18.85 0.06511847
18.86 0.06690711
18.87 0.06482324
18.88 0.05767691
18.89 0.04824138
18.9 0.03945095
18.91 0.03362657
18.92 0.03207008
18.93 0.03146569
18.94 0.03092022
18.95 0.0310039
18.96 0.03396039
18.97 0.04250501
18.98 0.04504162
18.99 0.04624936
19 0.04824399
19.01 0.04470164
19.02 0.04403016
19.03 0.04951596
19.04 0.05543656
19.05 0.0573331
19.06 0.06225868
19.07 0.06519945
19.08 0.06596308
19.09 0.0672577
19.1 0.07073028
19.11 0.07571314
19.12 0.08063678
19.13 0.08644134
19.14 0.09144206
19.15 0.09811692
19.16 0.1042528
19.17 0.1028147
19.18 0.09362763
19.19 0.08329388
19.2 0.07168668
19.21 0.05671771
19.22 0.04122952
19.23 0.03025588
19.24 0.02217161
19.25 0.01825603
19.26 0.0124568
19.27 0.006501283
19.28 -0.001929989
19.29 -0.007542556
19.3 -0.009523849
19.31 -0.01328337
19.32 -0.01933168
19.33 -0.0238732
19.34 -0.02832555
19.35 -0.03387922
19.36 -0.03233673
19.37 -0.02411414
19.38 -0.0171186
19.39 -0.00935204
19.4 0.004691498
19.41 0.01642918
19.42 0.02440582
19.43 0.03324058
19.44 0.04223126
19.45 0.05055488
19.46 0.05933161
19.47 0.06633645
19.48 0.07123731
19.49 0.07528505
19.5 0.076253
19.51 0.07219509
19.52 0.06520608
19.53 0.05258448
19.54 0.0327765
19.55 0.01342894
19.56 0.004213851
19.57 -0.01478863
19.58 -0.03608182
19.59 -0.05225562
19.6 -0.061432
19.61 -0.06836152
19.62 -0.07238797
19.63 -0.07194865
19.64 -0.07026911
19.65 -0.06759363
19.66 -0.06304009
19.67 -0.0572698
19.68 -0.04863326
19.69 -0.03935954
19.7 -0.02684803
19.71 -0.01107237
19.72 0.003922289
19.73 0.01330509
19.74 0.01965582
19.75 0.02659064
19.76 0.03237947
19.77 0.03426627
19.78 0.02721921
19.79 0.0181669
19.8 0.01250071
19.81 0.005855387
19.82 -0.004265791
19.83 -0.0136563
19.84 -0.02509658
19.85 -0.03564096
19.86 -0.04309931
19.87 -0.04558183
19.88 -0.04916815
19.89 -0.0518556
19.9 -0.05154202
19.91 -0.04583559
19.92 -0.04074091
19.93 -0.03905922
19.94 -0.03807957
19.95 -0.03614398
19.96 -0.03652734
19.97 -0.03623473
19.98 -0.03314113
19.99 -0.03000762
20 -0.02617303
20.01 -0.01932531
20.02 -0.01134971
20.03 -0.004684019
20.04 0.006372601
20.05 0.01982842
20.06 0.0228913
20.07 0.02112413
20.08 0.02029695
20.09 0.0161787
20.1 0.008144556
20.11 -0.001114789
20.12 -0.00928002
20.13 -0.01885445
20.14 -0.0258618
20.15 -0.03056341
20.16 -0.03289981
20.17 -0.03272411
20.18 -0.03096049
20.19 -0.02856387
20.2 -0.02767622
20.21 -0.02708757
20.22 -0.02369496
20.23 -0.01833832
20.24 -0.01444956
20.25 -0.01513677
20.26 -0.020693
20.27 -0.0275764
20.28 -0.03119678
20.29 -0.03248318
20.3 -0.03410357
20.31 -0.03413812
20.32 -0.03052958
20.33 -0.02284489
20.34 -0.01329229
20.35 -0.005207576
20.36 0.001308093
20.37 0.00958384
20.38 0.01629166
20.39 0.01568753
20.4 0.01235138
20.41 0.009808106
20.42 0.001859993
20.43 -0.007699383
20.44 -0.01762557
20.45 -0.02940309
20.46 -0.04146343
20.47 -0.04887954
20.48 -0.05381303
20.49 -0.05613285
20.5 -0.0578253
20.51 -0.05316257
20.52 -0.04335904
20.53 -0.03418922
20.54 -0.02683167
20.55 -0.01912094
20.56 -0.01382835
20.57 -0.009644552
20.58 -0.00549998
20.59 -0.001701203
20.6 0.001216367
20.61 0.006607131
20.62 0.01387372
20.63 0.01823556
20.64 0.02222819
20.65 0.02647789
20.66 0.02836454
20.67 0.0286473
20.68 0.02938397
20.69 0.03029867
20.7 0.03123536
20.71 0.03283314
20.72 0.03397686
20.73 0.0345445
20.74 0.03270629
20.75 0.02771702
20.76 0.01825983
20.77 0.006489459
20.78 -0.00463081
20.79 -0.009037266
20.8 -0.01704754
20.81 -0.02346089
20.82 -0.03104216
20.83 -0.03951458
20.84 -0.04477889
20.85 -0.04844025
20.86 -0.05305358
20.87 -0.0581101
20.88 -0.0615495
20.89 -0.06263575
20.9 -0.06202021
20.91 -0.05852162
20.92 -0.05341111
20.93 -0.0456994
20.94 -0.03503689
20.95 -0.02440622
20.96 -0.01472664
20.97 -0.007046787
20.98 -0.001898168
20.99 0.0001166218
21 -0.001234736
21.01 -0.005645953
21.02 -0.01112037
21.03 -0.01444273
21.04 -0.01385622
21.05 -0.008965517
21.06 0.0005169623
21.07 0.01168473
21.08 0.02370831
21.09 0.02871215
21.1 0.03403176
21.11 0.0366878
21.12 0.03901241
21.13 0.04043596
21.14 0.04271758
21.15 0.04432332
21.16 0.04795191
21.17 0.05700957
21.18 0.0665152
21.19 0.07196913
21.2 0.07510985
21.21 0.07546344
21.22 0.07352621
21.23 0.07075599
21.24 0.06519079
21.25 0.05631943
21.26 0.04588622
21.27 0.03712993
21.28 0.02921963
21.29 0.02420809
21.3 0.02306781
21.31 0.01891343
21.32 0.01562914
21.33 0.0161067
21.34 0.01406846
21.35 0.01010308
21.36 0.008471795
21.37 0.006159368
21.38 0.002144107
21.39 -0.001531315
21.4 -0.002908623
21.41 -0.00480402
21.42 -0.006881332
21.43 -0.008542771
21.44 -0.01127308
21.45 -0.01499645
21.46 -0.01712677
21.47 -0.0181122
21.48 -0.01669754
21.49 -0.01389391
21.5 -0.0138202
21.51 -0.01685161
21.52 -0.01926194
21.53 -0.02208128
21.54 -0.02596063
21.55 -0.02865406
21.56 -0.02972746
21.57 -0.02899287
21.58 -0.02548429
21.59 -0.02221373
21.6 -0.01951312
21.61 -0.01475742
21.62 -0.01008281
21.63 -0.008759139
21.64 -0.004693565
21.65 0.002609121
21.66 0.005761774
21.67 0.007956464
21.68 0.01009516
21.69 0.00957182
21.7 0.008579506
21.71 0.005939178
21.72 0.002235856
21.73 -0.001677536
21.74 -0.00470992
21.75 -0.005905354
21.76 -0.003691777
21.77 0.003246878
21.78 0.01105848
21.79 0.01864116
21.8 0.02604379
21.81 0.03274946
21.82 0.03678118
21.83 0.03464997
21.84 0.0281167
21.85 0.01971629
21.86 0.008562038
21.87 -0.003656401
21.88 -0.01159674
21.89 -0.0167152
21.9 -0.0197726
21.91 -0.02097312
21.92 -0.01879452
21.93 -0.01453988
21.94 -0.007260299
21.95 0.002887335
21.96 0.008868026
21.97 0.01159969
21.98 0.01359042
21.99 0.01216111
22 0.005219861
22.01 0.0005154496
22.02 -0.00768676
22.03 -0.01809621
22.04 -0.03152346
22.05 -0.04423798
22.06 -0.05314134
22.07 -0.06026115
22.08 -0.06675559
22.09 -0.06949681
22.1 -0.07078525
22.11 -0.07120372
22.12 -0.06944021
22.13 -0.06672356
22.14 -0.06427006
22.15 -0.06144157
22.16 -0.05547611
22.17 -0.04873735
22.18 -0.04380488
22.19 -0.03631427
22.2 -0.02648481
22.21 -0.01870806
22.22 -0.01316654
22.23 -0.008921837
22.24 -0.007100278
22.25 -0.007189558
22.26 -0.008640029
22.27 -0.009047382
22.28 -0.007205897
22.29 -0.003588267
22.3 0.003064197
22.31 0.007489878
22.32 0.01803734
22.33 0.02780305
22.34 0.03713057
22.35 0.0449574
22.36 0.05016299
22.37 0.05373079
22.38 0.05478945
22.39 0.05357549
22.4 0.04979717
22.41 0.04202556
22.42 0.03286523
22.43 0.02480779
22.44 0.01767641
22.45 0.01249492
22.46 0.008277543
22.47 0.003973079
22.48 0.00306364
22.49 0.004421201
22.5 0.003297808
22.51 0.001508373
22.52 -5.012701e-08
22.53 -0.001678481
22.54 -0.00321993
22.55 -0.003689386
22.56 -0.003794847
22.57 -0.003347271
22.58 -0.001081746
22.59 0.001121841
22.6 0.002316369
22.61 0.005411964
22.62 0.0067615
22.63 0.007767098
22.64 0.008896613
22.65 0.01228817
22.66 0.01768866
22.67 0.02407629
22.68 0.03082282
22.69 0.03742846
22.7 0.04294605
22.71 0.04700793
22.72 0.05089356
22.73 0.052358
22.74 0.05046365
22.75 0.04806827
22.76 0.04492692
22.77 0.04071644
22.78 0.03830006
22.79 0.03727969
22.8 0.03599131
22.81 0.03454176
22.82 0.03307842
22.83 0.03118599
22.84 0.02796863
22.85 0.0261001
22.86 0.02603374
22.87 0.02585634
22.88 0.024932
22.89 0.02483341
22.9 0.02569611
22.91 0.02333962
22.92 0.02108436
22.93 0.01568487
22.94 0.008661606
22.95 -0.001069941
22.96 -0.01016525
22.97 -0.01961684
22.98 -0.02823321
22.99 -0.0359379
23 -0.04290932
23.01 -0.04807301
23.02 -0.05142149
23.03 -0.05288353
23.04 -0.05237202
23.05 -0.05218917
23.06 -0.05190967
23.07 -0.04952714
23.08 -0.04739663
23.09 -0.04669504
23.1 -0.04580257
23.11 -0.04368112
23.12 -0.04139766
23.13 -0.03910604
23.14 -0.0351046
23.15 -0.03086707
23.16 -0.02614766
23.17 -0.01913408
23.18 -0.01091265
23.19 -0.002171073
23.2 0.007024423
23.21 0.01512702
23.22 0.02171754
23.23 0.02434319
23.24 0.02876573
23.25 0.03020332
23.26 0.02737393
23.27 0.02281256
23.28 0.01544515
23.29 0.007387617
23.3 0.001777163
23.31 -0.003159364
23.32 -0.008814846
23.33 -0.01266841
23.34 -0.01262494
23.35 -0.01241551
23.36 -0.01158405
23.37 -0.008845499
23.38 -0.005589033
23.39 -0.001898503
23.4 0.001199977
23.41 0.004685512
23.42 0.006493037
23.43 0.005109595
23.44 0.003410082
23.45 0.004504571
23.46 0.006348073
23.47 0.007546593
23.48 0.009754114
23.49 0.009841646
23.5 0.008879193
23.51 0.005514739
23.52 0.0009952526
23.53 -0.00116827
23.54 -0.006843714
23.55 -0.01437029
23.56 -0.01725083
23.57 -0.01746038
23.58 -0.01881493
23.59 -0.01750454
23.6 -0.01488707
23.61 -0.01357757
23.62 -0.01227609
23.63 -0.01116162
23.64 -0.01162611
23.65 -0.01371964
23.66 -0.01557515
23.67 -0.01763979
23.68 -0.02115433
23.69 -0.02250379
23.7 -0.02151735
23.71 -0.02154487
23.72 -0.02185645
23.73 -0.02108496
23.74 -0.01934456
23.75 -0.01621612
23.76 -0.0133147
23.77 -0.009892193
23.78 -0.004929787
23.79 0.0009427393
23.8 0.004110176
23.81 0.007484697
23.82 0.01008819
23.83 0.007238739
23.84 0.005792175
23.85 0.005548655
23.86 0.003386111
23.87 -0.0002784288
23.88 0.0007649613
23.89 0.002410446
23.9 0.001777862
23.91 0.003009327
23.92 0.006133731
23.93 0.008008211
23.94 0.009065627
23.95 0.01197411
23.96 0.01539456
23.97 0.01646507
23.98 0.01711553
23.99 0.01720609
24 0.01438761
24.01 0.008774009
24.02 0.002578489
24.03 -0.004173112
24.04 -0.009410692
24.05 -0.01151132
24.06 -0.01240793
24.07 -0.01188857
24.08 -0.008109191
24.09 -0.00548873
24.1 -0.003823338
24.11 -0.0003678943
24.12 0.001058537
24.13 0.001825987
24.14 0.002475411
24.15 0.001560858
24.16 0.0008282524
24.17 0.003145665
24.18 0.00553908
24.19 0.006249519
24.2 0.009118923
24.21 0.01190041
24.22 0.01073787
24.23 0.008532322
24.24 0.006278762
24.25 0.002665175
24.26 -0.0009574281
24.27 -0.003461055
24.28 -0.004542683
24.29 -0.004940309
24.3 -0.003182962
24.31 -5.554413e-05
24.32 0.001501855
24.33 0.002651273
24.34 0.004100674
24.35 0.004173106
24.36 0.002240498
24.37 -0.0002420974
24.38 -0.001111735
24.39 -0.0002753428
24.4 -0.0005259854
24.41 0.001459383
24.42 0.006098735
24.43 0.01013215
24.44 0.01357354
24.45 0.01533096
24.46 0.01795136
24.47 0.01944485
24.48 0.01991128
24.49 0.02071063
24.5 0.02030806
24.51 0.01938447
24.52 0.01919791
24.53 0.01790528
24.54 0.01528774
24.55 0.01288516
24.56 0.009961618
24.57 0.004016981
24.58 -0.004295578
24.59 -0.01153628
24.6 -0.01797789
24.61 -0.02279862
24.62 -0.02574928
24.63 -0.02852613
24.64 -0.02923286
24.65 -0.02753441
24.66 -0.02553713
24.67 -0.02215081
24.68 -0.01690152
24.69 -0.01221011
24.7 -0.008308815
24.71 -0.004111448
24.72 0.00230487
24.73 0.007924305
24.74 0.009202674
24.75 0.008986092
24.76 0.009865433
24.77 0.009994847
24.78 0.007863206
24.79 0.00713361
24.8 0.006274964
24.81 0.003641291
24.82 0.002071599
24.83 0.003171926
24.84 0.005012242
24.85 0.006473615
24.86 0.007923931
24.87 0.00834532
24.88 0.00761264
24.89 0.007992969
24.9 0.007893304
24.91 0.006926647
24.92 0.008037944
24.93 0.009556296
24.94 0.01020661
24.95 0.01177202
24.96 0.01367136
24.97 0.01570563
24.98 0.01693197
24.99 0.01728732
25 0.01788165
25.01 0.01890598
25.02 0.02038831
25.03 0.02171169
25.04 0.02225804
25.05 0.02266933
25.06 0.02367668
25.07 0.02447504
25.08 0.02344044
25.09 0.02013676
25.1 0.01692713
25.11 0.01361947
25.12 0.009685815
25.13 0.006481039
25.14 0.004381375
25.15 0.003279633
25.16 0.002905983
25.17 0.001224252
25.18 -0.0008254032
25.19 -0.002309144
25.2 -0.005499801
25.21 -0.009499552
25.22 -0.01092726
25.23 -0.01153705
25.24 -0.01165378
25.25 -0.01030052
25.26 -0.008316245
25.27 -0.006948992
25.28 -0.005623699
25.29 -0.002950389
25.3 -0.002006069
25.31 -0.003196771
25.32 -0.003729457
25.33 -0.004584153
25.34 -0.007627841
25.35 -0.009323607
25.36 -0.0113413
25.37 -0.01264003
25.38 -0.01384174
25.39 -0.01462151
25.4 -0.01408723
25.41 -0.01491595
25.42 -0.01710367
25.43 -0.01825349
25.44 -0.01927221
25.45 -0.02105292
25.46 -0.02214767
25.47 -0.02297045
25.48 -0.02379625
25.49 -0.02371502
25.5 -0.02113385
25.51 -0.01736166
25.52 -0.01317647
25.53 -0.008213153
25.54 -0.0046559
25.55 -0.002722598
25.56 6.364169e-05
25.57 0.002353954
25.58 0.003554219
25.59 0.004103563
25.6 0.00465382
25.61 0.005326065
25.62 0.004566321
25.63 0.004107577
25.64 0.005457829
25.65 0.005788094
25.66 0.005515346
25.67 0.004775618
25.68 0.003434886
25.69 0.0008511294
25.7 -0.002097604
25.71 -0.004330379
25.72 -0.006938119
25.73 -0.01033591
25.74 -0.01310766
25.75 -0.0148295
25.76 -0.0165803
25.77 -0.01738704
25.78 -0.01676484
25.79 -0.01525364
25.8 -0.01284145
25.81 -0.009674215
25.82 -0.006124035
25.83 -0.003346793
25.84 -0.00130459
25.85 0.001202668
25.86 0.00312987
25.87 0.004000124
25.88 0.00618633
25.89 0.00808959
25.9 0.008594815
25.91 0.009717111
25.92 0.01078935
25.93 0.009241564
25.94 0.005481822
25.95 0.0008310211
25.96 -0.001777736
25.97 -0.006942533
25.98 -0.01250932
25.99 -0.01655821
26 -0.01945702
26.01 -0.02147483
26.02 -0.02200169
26.03 -0.02051753
26.04 -0.01756343
26.05 -0.01346322
26.06 -0.008610089
26.07 -0.002601866
26.08 0.002055314
26.09 0.004844565
26.1 0.00756976
26.11 0.007646022
26.12 0.006461208
26.13 0.006159418
26.14 0.005384626
26.15 0.003741845
26.16 0.002569021
26.17 0.0004752183
26.18 -0.002902616
26.19 -0.004890456
26.2 -0.006414323
26.21 -0.006934172
26.22 -0.005416075
26.23 -0.001737904
26.24 0.002021234
26.25 0.006462431
26.26 0.01283055
26.27 0.0157618
26.28 0.01956293
26.29 0.02259814
26.3 0.02600029
26.31 0.02797357
26.32 0.02925774
26.33 0.03084189
26.34 0.03102508
26.35 0.0314263
26.36 0.03245548
26.37 0.03248267
26.38 0.03269785
26.39 0.03291416
26.4 0.03132535
26.41 0.02864542
26.42 0.02663062
26.43 0.02467879
26.44 0.021012
26.45 0.0183991
26.46 0.01621132
26.47 0.01235647
26.48 0.008348628
26.49 0.005721706
26.5 0.00332085
26.51 0.002262931
26.52 0.004123046
26.53 0.007094161
26.54 0.009965308
26.55 0.0136235
26.56 0.01664971
26.57 0.0171788
26.58 0.016868
26.59 0.01574515
26.6 0.01224637
26.61 0.007521459
26.62 0.003619645
26.63 0.0004957223
26.64 -0.001708129
26.65 -0.00204206
26.66 -0.001716896
26.67 -0.00243881
26.68 -0.002571648
26.69 -0.003138548
26.7 -0.003957378
26.71 -0.004438313
26.72 -0.005899133
26.73 -0.008262038
26.74 -0.01042688
26.75 -0.01248581
26.76 -0.01493467
26.77 -0.0159426
26.78 -0.01690345
26.79 -0.01873043
26.8 -0.02002731
26.81 -0.02106319
26.82 -0.02408006
26.83 -0.02737104
26.84 -0.02938696
26.85 -0.03201691
26.86 -0.03383989
26.87 -0.03400406
26.88 -0.03330905
26.89 -0.03053472
26.9 -0.02616974
26.91 -0.02081159
26.92 -0.0150426
26.93 -0.009187414
26.94 -0.003059399
26.95 0.002644793
26.96 0.00668085
26.97 0.009377015
26.98 0.01098908
26.99 0.01145225
27 0.01118232
27.01 0.01144044
27.02 0.01264749
27.03 0.01429968
27.04 0.01689172
27.05 0.0192618
27.06 0.02147086
27.07 0.02362001
27.08 0.0253251
27.09 0.0260802
27.1 0.02573731
27.11 0.02481047
27.12 0.02459655
27.13 0.02482859
27.14 0.02514768
27.15 0.02592579
27.16 0.02712988
27.17 0.02865598
27.18 0.02937511
27.19 0.03062033
27.2 0.03082649
27.21 0.02889144
27.22 0.02566861
27.23 0.02341566
27.24 0.02048383
27.25 0.01484186
27.26 0.008910005
27.27 0.003505032
27.28 -0.002163861
27.29 -0.006948883
27.3 -0.01108579
27.31 -0.01463683
27.32 -0.0168968
27.33 -0.01671283
27.34 -0.01492078
27.35 -0.01245484
27.36 -0.009903751
27.37 -0.008025673
27.38 -0.007481587
27.39 -0.008600544
27.4 -0.009914449
27.41 -0.01136342
27.42 -0.01378533
27.43 -0.01676435
27.44 -0.01945829
27.45 -0.02160427
27.46 -0.02317222
27.47 -0.02455527
27.48 -0.02636322
27.49 -0.02700226
27.5 -0.02772221
27.51 -0.02793039
27.52 -0.02751638
27.53 -0.0261852
27.54 -0.02489118
27.55 -0.02384513
27.56 -0.0232771
27.57 -0.02388103
27.58 -0.02508102
27.59 -0.02628805
27.6 -0.02778804
27.61 -0.02882498
27.62 -0.02855104
27.63 -0.02706406
27.64 -0.02472412
27.65 -0.02086808
27.66 -0.01563016
27.67 -0.009909133
27.68 -0.004838138
27.69 0.0005169637
27.7 0.004095983
27.71 0.005867089
27.72 0.007208111
27.73 0.007894185
27.74 0.007185241
27.75 0.005741305
27.76 0.003819326
27.77 0.001266355
27.78 -0.001139639
27.79 -0.003110642
27.8 -0.00406165
27.81 -0.005483656
27.82 -0.006016681
27.83 -0.005177721
27.84 -0.002631744
27.85 -0.0002107025
27.86 0.001445287
27.87 0.003357338
27.88 0.004453354
27.89 0.004225401
27.9 0.003163426
27.91 0.001224461
27.92 -0.001389526
27.93 -0.003727529
27.94 -0.005238533
27.95 -0.006674556
27.96 -0.007969556
27.97 -0.008968581
27.98 -0.009749584
27.99 -0.01097765
28 -0.01243366
28.01 -0.01336966
28.02 -0.01342171
28.03 -0.01329474
28.04 -0.01309279
28.05 -0.01225581
28.06 -0.01067186
28.07 -0.008996891
28.08 -0.008377923
28.09 -0.00818291
28.1 -0.008376942
28.11 -0.008606981
28.12 -0.007828042
28.13 -0.007221063
28.14 -0.005618144
28.15 -0.002921166
28.16 0.0005957931
28.17 0.004075817
28.18 0.007138773
28.19 0.009590805
28.2 0.01113379
28.21 0.0111258
28.22 0.009745797
28.23 0.008384811
28.24 0.006576806
28.25 0.004263774
28.26 0.002135776
28.27 -0.0007212541
28.28 -0.004477259
28.29 -0.007485319
28.3 -0.01037435
28.31 -0.01316345
28.32 -0.01517151
28.33 -0.01658553
28.34 -0.0171486
28.35 -0.01664367
28.36 -0.01542773
28.37 -0.01468876
28.38 -0.01419983
28.39 -0.01441689
28.4 -0.01521695
28.41 -0.01567897
28.42 -0.01612303
28.43 -0.01660809
28.44 -0.01769919
28.45 -0.01834324
28.46 -0.01833334
28.47 -0.01868846
28.48 -0.01904558
28.49 -0.01868353
28.5 -0.01859567
28.51 -0.01842071
28.52 -0.0166739
28.53 -0.01294592
28.54 -0.007698109
28.55 -0.001338115
28.56 0.005551724
28.57 0.01274675
28.58 0.01853864
28.59 0.02270571
28.6 0.02614563
28.61 0.02812968
28.62 0.02830064
28.63 0.02664975
28.64 0.02449068
28.65 0.02289959
28.66 0.0213535
28.67 0.01964947
28.68 0.01850438
28.69 0.01752632
28.7 0.01702922
28.71 0.01716822
28.72 0.01713912
28.73 0.01718803
28.74 0.01763093
28.75 0.01852191
28.76 0.01889283
28.77 0.01908779
28.78 0.01964671
28.79 0.01946879
28.8 0.01818272
28.81 0.01658954
28.82 0.01451149
28.83 0.01206739
28.84 0.0101643
28.85 0.008436187
28.86 0.007819061
28.87 0.009010972
28.88 0.01094085
28.89 0.01311875
28.9 0.01615562
28.91 0.01950558
28.92 0.02198249
28.93 0.02387643
28.94 0.02565735
28.95 0.02599739
28.96 0.02519932
28.97 0.02506717
28.98 0.02492709
28.99 0.02421601
29 0.02392592
29.01 0.02475582
29.02 0.02511275
29.03 0.02487071
29.04 0.02467663
29.05 0.02442648
29.06 0.02433142
29.07 0.02392334
29.08 0.02338527
29.09 0.02313116
29.1 0.0228691
29.11 0.02249609
29.12 0.02179904
29.13 0.02084883
29.14 0.01963677
29.15 0.01806365
29.16 0.01596559
29.17 0.01368844
29.18 0.01191238
29.19 0.01053425
29.2 0.008879179
29.21 0.007429001
29.22 0.006604914
29.23 0.006214773
29.24 0.005501695
29.25 0.004756543
29.26 0.004375457
29.27 0.003618329
29.28 0.003060222
29.29 0.003229057
29.3 0.003549959
29.31 0.003650804
29.32 0.004430702
29.33 0.005431548
29.34 0.00611644
29.35 0.006757311
29.36 0.00896721
29.37 0.01061807
29.38 0.010984
29.39 0.01176688
29.4 0.01186882
29.41 0.0109247
29.42 0.01008963
29.43 0.008560566
29.44 0.005820487
29.45 0.003402257
29.46 0.001638174
29.47 -6.9009e-05
29.48 -0.0009191218
29.49 -0.0006523002
29.5 -0.0003514089
29.51 0.0006284261
29.52 0.002226336
29.53 0.003370181
29.54 0.0045031
29.55 0.005333967
29.56 0.004843921
29.57 0.003378785
29.58 0.001120752
29.59 -0.002206422
29.6 -0.005896473
29.61 -0.01064864
29.62 -0.01560872
29.63 -0.02000294
29.64 -0.02402703
29.65 -0.02755625
29.66 -0.02979139
29.67 -0.03040169
29.68 -0.03034285
29.69 -0.029544
29.7 -0.02907914
29.71 -0.02872437
29.72 -0.02760854
29.73 -0.0267147
29.74 -0.02647086
29.75 -0.02567915
29.76 -0.02381032
29.77 -0.02233134
29.78 -0.02062552
29.79 -0.01776666
29.8 -0.01464182
29.81 -0.01168693
29.82 -0.008738076
29.83 -0.006598198
29.84 -0.006967301
29.85 -0.007849418
29.86 -0.008162542
29.87 -0.01035069
29.88 -0.01322784
29.89 -0.01460201
29.9 -0.01541317
29.91 -0.0163544
29.92 -0.01544958
29.93 -0.01376871
29.94 -0.01217689
29.95 -0.01020504
29.96 -0.007952202
29.97 -0.006838326
29.98 -0.007098463
29.99 -0.008152629
30 -0.008466771
30.01 -0.01045888
30.02 -0.01378303
30.03 -0.01593523
30.04 -0.01827839
30.05 -0.02133959
30.06 -0.02288581
30.07 -0.02290515
30.08 -0.02203338
30.09 -0.02071942
30.1 -0.01766266
30.11 -0.01453878
30.12 -0.01157301
30.13 -0.007021136
30.14 -0.002239336
30.15 0.000916563
30.16 0.003360386
30.17 0.005800266
30.18 0.007549108
30.19 0.008335991
30.2 0.008373856
30.21 0.007420733
30.22 0.005782572
30.23 0.004667436
30.24 0.003669271
30.25 0.002699103
30.26 0.001687925
30.27 0.001180744
30.28 0.0009985848
30.29 0.0001274339
30.3 -0.001346751
30.31 -0.001641938
30.32 -0.001271125
30.33 -0.0012103
30.34 -0.0005174859
30.35 0.0003483506
30.36 0.0009151707
30.37 0.0007260153
30.38 0.0002858457
30.39 -0.001170322
30.4 -0.002556525
30.41 -0.002914699
30.42 -0.003406904
30.43 -0.003493088
30.44 -0.002592303
30.45 -0.002036485
30.46 -0.0009357105
30.47 0.001237124
30.48 0.003437933
30.49 0.00556476
30.5 0.00802557
30.51 0.01059845
30.52 0.01281229
30.53 0.01474916
30.54 0.01573801
30.55 0.01557395
30.56 0.01529379
30.57 0.0145476
30.58 0.01391946
30.59 0.0121513
30.6 0.01049714
30.61 0.009171964
30.62 0.007207806
30.63 0.005010622
30.64 0.002655462
30.65 0.0001562485
30.66 -0.001520928
30.67 -0.002723152
30.68 -0.004366336
30.69 -0.005917573
30.7 -0.006495766
30.71 -0.007523057
30.72 -0.009256253
30.73 -0.01010338
30.74 -0.01025357
30.75 -0.01140975
30.76 -0.01291496
30.77 -0.01292214
30.78 -0.01289335
30.79 -0.01278859
30.8 -0.01144083
30.81 -0.009894
30.82 -0.007845252
30.83 -0.004788442
30.84 -0.001250665
30.85 0.001957165
30.86 0.004840943
30.87 0.007222819
30.88 0.008637629
30.89 0.00873843
30.9 0.008420242
30.91 0.008333065
30.92 0.008143876
30.93 0.007042679
30.94 0.005785487
30.95 0.005611298
30.96 0.005638096
30.97 0.004820891
30.98 0.004324698
30.99 0.004183506
31 0.003920312
31.01 0.003644119
31.02 0.003727926
31.03 0.003813756
31.04 0.003638581
31.05 0.003535376
31.06 0.003093205
31.07 0.001916011
31.08 0.0003068524
31.09 -0.001593357
31.1 -0.00366554
31.11 -0.005408745
31.12 -0.006350948
31.13 -0.007161127
31.14 -0.00797931
31.15 -0.00779155
31.16 -0.007403741
31.17 -0.007763956
31.18 -0.007800194
31.19 -0.007548449
31.2 -0.007096675
31.21 -0.007160833
31.22 -0.00812404
31.23 -0.008712288
31.24 -0.008322564
31.25 -0.00808075
31.26 -0.007404042
31.27 -0.005813252
31.28 -0.00468649
31.29 -0.003069684
31.3 -0.0007059258
31.31 0.0005708843
31.32 0.001489668
31.33 0.002409508
31.34 0.001963323
31.35 0.0008861569
31.36 0.000934941
31.37 0.000706751
31.38 -0.00022846
31.39 -0.0005456378
31.4 -0.0006708645
31.41 -0.0008470653
31.42 -0.0005382833
31.43 0.0001495041
31.44 0.001280276
31.45 0.003102084
31.46 0.00449086
31.47 0.005558669
31.48 0.00656645
31.49 0.00703126
31.5 0.006969044
31.51 0.006355858
31.52 0.005091615
31.53 0.004227385
31.54 0.003983138
31.55 0.00465892
31.56 0.006580685
31.57 0.008940499
31.58 0.01184027
31.59 0.01477512
31.6 0.01643093
31.61 0.01656772
31.62 0.01621153
31.63 0.01558037
31.64 0.01459119
31.65 0.01321098
31.66 0.01184177
31.67 0.01102061
31.68 0.01138041
31.69 0.01239816
31.7 0.01209098
31.71 0.01150476
31.72 0.01181456
31.73 0.01093936
31.74 0.009634158
31.75 0.008164956
31.76 0.006676754
31.77 0.005443511
31.78 0.003768323
31.79 0.002422073
31.8 0.002181876
31.81 0.001719649
31.82 0.001037443
31.83 0.0002051986
31.84 -0.001187041
31.85 -0.002009298
31.86 -0.002048532
31.87 -0.001576789
31.88 -0.0001680091
31.89 0.001757755
31.9 0.003699528
31.91 0.005668317
31.92 0.007040126
31.93 0.006957921
31.94 0.006082745
31.95 0.004730539
31.96 0.001919387
31.97 -0.00119486
31.98 -0.003937044
31.99 -0.006230352
32 -0.007492569
32.01 -0.008254775
32.02 -0.008929993
32.03 -0.008999249
32.04 -0.008514478
32.05 -0.008089708
32.06 -0.007836922
32.07 -0.007506166
32.08 -0.007573389
32.09 -0.007990604
32.1 -0.008212829
32.11 -0.008340063
32.12 -0.008044278
32.13 -0.007651497
32.14 -0.00723771
32.15 -0.007119952
32.16 -0.007274173
32.17 -0.007891362
32.18 -0.009132578
32.19 -0.01028181
32.2 -0.01047705
32.21 -0.01012726
32.22 -0.009497513
32.23 -0.008464753
32.24 -0.007299
32.25 -0.005865201
32.26 -0.004843438
32.27 -0.004927653
32.28 -0.004472887
32.29 -0.003839093
32.3 -0.004205326
32.31 -0.004430553
32.32 -0.00395078
32.33 -0.003756974
32.34 -0.003701198
32.35 -0.003234404
32.36 -0.003593618
32.37 -0.004523814
32.38 -0.005335039
32.39 -0.006047268
32.4 -0.006343499
32.41 -0.006834694
32.42 -0.006964957
32.43 -0.006645189
32.44 -0.006121461
32.45 -0.004947687
32.46 -0.003435952
32.47 -0.001720165
32.48 9.056904e-05
32.49 0.001686358
32.5 0.002942116
32.51 0.003775917
32.52 0.004773684
32.53 0.005442479
32.54 0.005601246
32.55 0.00549604
32.56 0.005655809
32.57 0.005140593
32.58 0.004712363
32.59 0.004491157
32.6 0.004010943
32.61 0.003588741
32.62 0.002916526
32.63 0.002313326
32.64 0.001423103
32.65 -2.610723e-05
32.66 -0.001030321
32.67 -0.001677548
32.68 -0.002533792
32.69 -0.002549014
32.7 -0.002398257
32.71 -0.002916479
32.72 -0.003265734
32.73 -0.003597943
32.74 -0.003305211
32.75 -0.002694447
32.76 -0.001584724
32.77 0.0002970535
32.78 0.002996784
32.79 0.005601598
32.8 0.008523337
32.81 0.01176712
32.82 0.01455988
32.83 0.01741873
32.84 0.0198735
32.85 0.02187931
32.86 0.0240661
32.87 0.025345
32.88 0.0252038
32.89 0.02423856
32.9 0.02286138
32.91 0.02103119
32.92 0.01897399
32.93 0.01772875
32.94 0.01682154
32.95 0.01614837
32.96 0.01618717
32.97 0.01612187
32.98 0.01575866
32.99 0.01543945
33 0.01476726
33.01 0.01332102
33.02 0.01241682
33.03 0.01077261
33.04 0.009503415
33.05 0.008143153
33.06 0.006074957
33.07 0.005026708
33.08 0.004609499
33.09 0.003567256
33.1 0.003271034
33.11 0.003759795
33.12 0.003918592
33.13 0.004333335
33.14 0.00475614
33.15 0.004417916
33.16 0.003397733
33.17 0.002267485
33.18 0.001090294
33.19 -0.0005289575
33.2 -0.002018175
33.21 -0.002732431
33.22 -0.002831657
33.23 -0.00220391
33.24 -0.001134133
33.25 0.0004466369
33.26 0.00186942
33.27 0.003174236
33.28 0.003996029
33.29 0.003983775
33.3 0.003147576
33.31 0.002045337
33.32 0.001349135
33.33 -0.00017311
33.34 -0.001499325
33.35 -0.002219574
33.36 -0.002638793
33.37 -0.002664024
33.38 -0.00237325
33.39 -0.001465473
33.4 -0.0003947002
33.41 0.0006540946
33.42 0.001899884
33.43 0.003227664
33.44 0.004333475
33.45 0.00549425
33.46 0.006851059
33.47 0.007687848
33.48 0.007821675
33.49 0.007624454
33.5 0.006331278
33.51 0.00394706
33.52 0.001740886
33.53 -0.0003813756
33.54 -0.002443558
33.55 -0.003937831
33.56 -0.00506202
33.57 -0.006330275
33.58 -0.007527456
33.59 -0.009038751
33.6 -0.01120293
33.61 -0.01335415
33.62 -0.01559532
33.63 -0.0166816
33.64 -0.01845678
33.65 -0.01950103
33.66 -0.02010224
33.67 -0.02021653
33.68 -0.01988376
33.69 -0.01943097
33.7 -0.01924319
33.71 -0.01887844
33.72 -0.01934365
33.73 -0.0196479
33.74 -0.01911412
33.75 -0.01862342
33.76 -0.01775464
33.77 -0.01639582
33.78 -0.01516304
33.79 -0.01387527
33.8 -0.01275747
33.81 -0.01250067
33.82 -0.01258488
33.83 -0.01271211
33.84 -0.01310033
33.85 -0.01377353
33.86 -0.01422474
33.87 -0.01438999
33.88 -0.0145392
33.89 -0.01464243
33.9 -0.01467365
33.91 -0.01488594
33.92 -0.01558716
33.93 -0.01606327
33.94 -0.01753348
33.95 -0.0193157
33.96 -0.02086291
33.97 -0.0219681
33.98 -0.02320533
33.99 -0.02435959
34 -0.02509884
34.01 -0.025487
34.02 -0.02504726
34.03 -0.0240855
34.04 -0.02263776
34.05 -0.02065695
34.06 -0.0186522
34.07 -0.01656345
34.08 -0.01479368
34.09 -0.0134628
34.1 -0.01281904
34.11 -0.01241122
34.12 -0.01178047
34.13 -0.01136364
34.14 -0.01137488
34.15 -0.01139709
34.16 -0.01121534
34.17 -0.01115152
34.18 -0.01120377
34.19 -0.01104198
34.2 -0.01072024
34.21 -0.01030043
34.22 -0.00937468
34.23 -0.008518895
34.24 -0.008104155
34.25 -0.007038287
34.26 -0.005943549
34.27 -0.004980716
34.28 -0.004183969
34.29 -0.003069128
34.3 -0.001949397
34.31 -0.0008015641
34.32 0.0008771768
34.33 0.002516024
34.34 0.00407076
34.35 0.00564461
34.36 0.007054359
34.37 0.008265196
34.38 0.01021495
34.39 0.01231584
34.4 0.0142566
34.41 0.01612142
34.42 0.01810919
34.43 0.01978906
34.44 0.02073185
34.45 0.02139268
34.46 0.02154148
34.47 0.02122238
34.48 0.02068117
34.49 0.02011096
34.5 0.01958675
34.51 0.01844661
34.52 0.0174104
34.53 0.01673522
34.54 0.01630702
34.55 0.01559594
34.56 0.0155567
34.57 0.01618342
34.58 0.01638419
34.59 0.01690098
34.6 0.01854176
34.61 0.01974056
34.62 0.02109135
34.63 0.02264221
34.64 0.02354402
34.65 0.02430079
34.66 0.02489561
34.67 0.02468444
34.68 0.02417927
34.69 0.02352407
34.7 0.02281291
34.71 0.02207479
34.72 0.0217326
34.73 0.02190133
34.74 0.02257615
34.75 0.02354798
34.76 0.02406882
34.77 0.02423561
34.78 0.02438447
34.79 0.02350435
34.8 0.02189621
34.81 0.01996596
34.82 0.01721483
34.83 0.01400463
34.84 0.01089149
34.85 0.009441249
34.86 0.006577106
34.87 0.004213878
34.88 0.002359713
34.89 0.001002461
34.9 7.729755e-05
34.91 -0.0006299333
34.92 -0.001295092
34.93 -0.002263319
34.94 -0.003507496
34.95 -0.004781732
34.96 -0.006316902
34.97 -0.007730127
34.98 -0.00899833
34.99 -0.01008355
35 -0.01081577
35.01 -0.011048
35.02 -0.0108832
35.03 -0.01074344
35.04 -0.01056364
35.05 -0.01057781
35.06 -0.010745
35.07 -0.01073623
35.08 -0.01098639
35.09 -0.01129661
35.1 -0.01101982
35.11 -0.01040605
35.12 -0.009694262
35.13 -0.008999447
35.14 -0.007918658
35.15 -0.007110874
35.16 -0.005353103
35.17 -0.003518283
35.18 -0.001159501
35.19 0.00150534
35.2 0.003697158
35.21 0.005531985
35.22 0.007453815
35.23 0.009032669
35.24 0.0100295
35.25 0.01104935
35.26 0.01139418
35.27 0.01151103
35.28 0.01192686
35.29 0.01245466
35.3 0.01314149
35.31 0.01412333
35.32 0.01519617
35.33 0.016075
35.34 0.01672087
35.35 0.01663577
35.36 0.01566965
35.37 0.01400644
35.38 0.01176231
35.39 0.008536149
35.4 0.005221025
35.41 0.002471806
35.42 -0.0005853241
35.43 -0.002959565
35.44 -0.00464373
35.45 -0.006558956
35.46 -0.007421133
35.47 -0.008400365
35.48 -0.009064541
35.49 -0.009850773
35.5 -0.009726971
35.51 -0.009225225
35.52 -0.008322421
35.53 -0.006968583
35.54 -0.005234775
35.55 -0.003308956
35.56 -0.001472115
35.57 0.0001047207
35.58 0.00139557
35.59 0.001817437
35.6 0.001455296
35.61 0.0009511308
35.62 0.0001250121
35.63 -0.001396156
35.64 -0.003159294
35.65 -0.004754479
35.66 -0.006767612
35.67 -0.008975848
35.68 -0.01110699
35.69 -0.01318717
35.7 -0.01523234
35.71 -0.01666958
35.72 -0.01764376
35.73 -0.01841496
35.74 -0.01878815
35.75 -0.0186174
35.76 -0.01835559
35.77 -0.01810176
35.78 -0.01743996
35.79 -0.01652517
35.8 -0.01574035
35.81 -0.01459755
35.82 -0.01334673
35.83 -0.01243701
35.84 -0.01117716
35.85 -0.01013621
35.86 -0.009637383
35.87 -0.009287516
35.88 -0.009151676
35.89 -0.009769806
35.9 -0.01067197
35.91 -0.01152114
35.92 -0.01268931
35.93 -0.01366245
35.94 -0.01415462
35.95 -0.01466178
35.96 -0.01495196
35.97 -0.01508812
35.98 -0.0154443
35.99 -0.01526651
36 -0.01432373
36.01 -0.01321283
36.02 -0.01149305
36.03 -0.009019193
36.04 -0.00636041
36.05 -0.003570525
36.06 -0.0006947266
36.07 0.0004851589
36.08 0.002335969
36.09 0.003922842
36.1 0.005424657
36.11 0.006692549
36.12 0.007932378
36.13 0.008651266
36.14 0.009318092
36.15 0.01015202
36.16 0.01069186
36.17 0.0105827
36.18 0.01040554
36.19 0.009989419
36.2 0.008982264
36.21 0.007927111
36.22 0.007550953
36.23 0.007076822
36.24 0.006119664
36.25 0.005644492
36.26 0.005723334
36.27 0.005566199
36.28 0.005533029
36.29 0.005799887
36.3 0.005546732
36.31 0.00514161
36.32 0.005384441
36.33 0.005981289
36.34 0.006597126
36.35 0.006604991
36.36 0.006314841
36.37 0.006812686
36.38 0.007287533
36.39 0.007993415
36.4 0.007836262
36.41 0.008000107
36.42 0.008575962
36.43 0.008782839
36.44 0.0088027
36.45 0.009530561
36.46 0.01025243
36.47 0.01008737
36.48 0.009235243
36.49 0.008825044
36.5 0.008655929
36.51 0.007485781
36.52 0.00634166
36.53 0.005384513
36.54 0.003651397
36.55 0.002422244
36.56 0.002128112
36.57 0.001039963
36.58 -0.0001181692
36.59 -0.000730333
36.6 -0.001653482
36.61 -0.002330648
36.62 -0.00187781
36.63 -0.001243967
36.64 -0.001477122
36.65 -0.001228269
36.66 -5.742458e-05
36.67 0.0006844369
36.68 0.001219284
36.69 0.002218145
36.7 0.003068003
36.71 0.00357888
36.72 0.004030736
36.73 0.004997592
36.74 0.005416466
36.75 0.00579735
36.76 0.006206212
36.77 0.005986093
36.78 0.005796953
36.79 0.00631486
36.8 0.006772733
36.81 0.007287577
36.82 0.007641451
36.83 0.007899328
36.84 0.008341203
36.85 0.008534074
36.86 0.008304966
36.87 0.007651858
36.88 0.006872746
36.89 0.005545594
36.9 0.004347484
36.91 0.003613341
36.92 0.002759231
36.93 0.001768082
36.94 0.001083973
36.95 0.0003198312
36.96 -0.0004533065
36.97 -0.000848456
36.98 -0.0009935836
36.99 -0.001110731
37 -0.0009868588
37.01 -0.0009609999
37.02 -0.0001731266
37.03 0.001016743
37.04 0.001462625
37.05 0.002472493
37.06 0.003533394
37.07 0.003840284
37.08 0.003368195
37.09 0.00298807
37.1 0.002334973
37.11 0.001450854
37.12 0.0005677522
37.13 -0.0008313907
37.14 -0.002545495
37.15 -0.003919648
37.16 -0.004908759
37.17 -0.0053189
37.18 -0.005574016
37.19 -0.006279167
37.2 -0.006783292
37.21 -0.006602418
37.22 -0.006469537
37.23 -0.006296677
37.24 -0.005689798
37.25 -0.005797912
37.26 -0.005837029
37.27 -0.005529166
37.28 -0.007165276
37.29 -0.007941396
37.3 -0.006821514
37.31 -0.007318631
37.32 -0.009156762
37.33 -0.009252887
37.34 -0.008612034
37.35 -0.007548168
37.36 -0.007228304
37.37 -0.005881404
37.38 -0.004678536
37.39 -0.003420637
37.4 -0.001940758
37.41 -0.00115485
37.42 0.0001600355
37.43 0.001805966
37.44 0.001367889
37.45 0.0006857738
37.46 0.0009046861
37.47 -3.740841e-05
37.48 -0.001030495
37.49 -0.001978601
37.5 -0.004093693
37.51 -0.005542834
37.52 -0.00609695
37.53 -0.00680306
37.54 -0.007117183
37.55 -0.006851321
37.56 -0.006994437
37.57 -0.006491567
37.58 -0.005275681
37.59 -0.004814799
37.6 -0.004752905
37.61 -0.004256991
37.62 -0.004279094
37.63 -0.004900209
37.64 -0.005117319
37.65 -0.005143412
37.66 -0.00550752
37.67 -0.006446643
37.68 -0.006556764
37.69 -0.005904864
37.7 -0.005953974
37.71 -0.005924089
37.72 -0.005715194
37.73 -0.006188289
37.74 -0.006583398
37.75 -0.006294539
37.76 -0.006643652
37.77 -0.006846705
37.78 -0.006751822
37.79 -0.007043917
37.8 -0.006973034
37.81 -0.005998115
37.82 -0.00512024
37.83 -0.004630327
37.84 -0.003484456
37.85 -0.002133537
37.86 -0.0007176535
37.87 0.001109275
37.88 0.002593166
37.89 0.003754098
37.9 0.005092997
37.91 0.006397959
37.92 0.006914894
37.93 0.006742797
37.94 0.006463731
37.95 0.00600266
37.96 0.004542592
37.97 0.003541495
37.98 0.00231042
37.99 0.0005153105
38 -0.0004097754
38.01 -0.001306886
38.02 -0.002260997
38.03 -0.002663104
38.04 -0.0029592
38.05 -0.003494299
38.06 -0.004454404
38.07 -0.004763535
38.08 -0.003829646
38.09 -0.003441707
38.1 -0.003701805
38.11 -0.003344885
38.12 -0.002925972
38.13 -0.003378046
38.14 -0.003580134
38.15 -0.004012211
38.16 -0.005241304
38.17 -0.006267385
38.18 -0.006525497
38.19 -0.006466607
38.2 -0.005883732
38.21 -0.004436823
38.22 -0.003062923
38.23 -0.001965005
38.24 -4.111998e-06
38.25 0.0008858358
38.26 0.00188473
38.27 0.002940667
38.28 0.004089563
38.29 0.004637523
38.3 0.005231417
38.31 0.005968383
38.32 0.006083299
38.33 0.005623229
38.34 0.005430151
38.35 0.004857105
38.36 0.004215997
38.37 0.004741927
38.38 0.006028824
38.39 0.006952832
38.4 0.008164736
38.41 0.009971601
38.42 0.01130751
38.43 0.01218946
38.44 0.01304638
38.45 0.01350231
38.46 0.01317825
38.47 0.01257022
38.48 0.01206617
38.49 0.01096607
38.5 0.009129024
38.51 0.007428935
38.52 0.00625788
38.53 0.004797787
38.54 0.003851723
38.55 0.003658647
38.56 0.003496584
38.57 0.003178485
38.58 0.003168418
38.59 0.003181333
38.6 0.003618268
38.61 0.004385177
38.62 0.004434118
38.63 0.004143058
38.64 0.004913976
38.65 0.005305907
38.66 0.005579832
38.67 0.006448779
38.68 0.006834716
38.69 0.006866636
38.7 0.007633564
38.71 0.008775547
38.72 0.009184488
38.73 0.009646387
38.74 0.01029434
38.75 0.01040527
38.76 0.01123723
38.77 0.01182918
38.78 0.01108215
38.79 0.01076011
38.8 0.009872083
38.81 0.008225997
38.82 0.006598977
38.83 0.004725905
38.84 0.002680877
38.85 0.0001937861
38.86 -0.001058255
38.87 -0.003331355
38.88 -0.004863424
38.89 -0.006403513
38.9 -0.007278581
38.91 -0.007615684
38.92 -0.008330757
38.93 -0.008276844
38.94 -0.007321922
38.95 -0.006901012
38.96 -0.006414085
38.97 -0.005775137
38.98 -0.005571193
38.99 -0.005308275
39 -0.004617331
39.01 -0.004196387
39.02 -0.004562428
39.03 -0.004840524
39.04 -0.004809569
39.05 -0.005025616
39.06 -0.005201674
39.07 -0.005041732
39.08 -0.004853791
39.09 -0.004952841
39.1 -0.004925905
39.11 -0.004358978
39.12 -0.003189034
39.13 -0.002012084
39.14 -0.0007731317
39.15 0.0003758281
39.16 0.001335784
39.17 0.001640749
39.18 0.001884702
39.19 0.002707672
39.2 0.003481645
39.21 0.003093612
39.22 0.001733584
39.23 0.0007745352
39.24 0.0004824992
39.25 -0.0008875453
39.26 -0.002618601
39.27 -0.003286681
39.28 -0.003965736
39.29 -0.004725799
39.3 -0.004959869
39.31 -0.004957943
39.32 -0.004568011
39.33 -0.003819074
39.34 -0.003140127
39.35 -0.002329186
39.36 -0.001077235
39.37 -0.0002782596
39.38 -0.000945292
39.39 -0.0008043372
39.4 -0.0004883624
39.41 -0.001137398
39.42 -0.00120444
39.43 -0.0009424817
39.44 -0.001352509
39.45 -0.001617551
39.46 -0.001637583
39.47 -0.001816616
39.48 -0.002837642
39.49 -0.004180687
39.5 -0.004962724
39.51 -0.005791798
39.52 -0.007008828
39.53 -0.007407877
39.54 -0.007346921
39.55 -0.007924991
39.56 -0.008334028
39.57 -0.008339078
39.58 -0.008539134
39.59 -0.008786216
39.6 -0.00904627
39.61 -0.008682317
39.62 -0.008009385
39.63 -0.00727645
39.64 -0.006382507
39.65 -0.005211551
39.66 -0.004004588
39.67 -0.003161633
39.68 -0.002315664
39.69 -0.001719671
39.7 -0.001586705
39.71 -0.001512722
39.72 -0.0009717518
39.73 -0.001524758
39.74 -0.003554796
39.75 -0.004211846
39.76 -0.003690886
39.77 -0.003370918
39.78 -0.002613954
39.79 -0.001874981
39.8 -0.0007470032
39.81 -4.400578e-05
39.82 -0.001242993
39.83 -0.003571008
39.84 -0.006279023
39.85 -0.009461045
39.86 -0.01252708
39.87 -0.01480516
39.88 -0.01573925
39.89 -0.0152213
39.9 -0.01439636
39.91 -0.01337245
39.92 -0.01187453
39.93 -0.01020053
39.94 -0.008223616
39.95 -0.006423628
39.96 -0.004616696
39.97 -0.002659693
39.98 -0.0009457316
39.99 -0.000676716
40 4.622018e-05
40.01 0.001635233
40.02 0.001901199
40.03 0.001635207
40.04 0.002335151
40.05 0.003340158
40.06 0.003636114
40.07 0.004806117
40.08 0.005828077
40.09 0.007252081
40.1 0.007956053
40.11 0.008641072
40.12 0.00822007
40.13 0.006635076
40.14 0.005330045
40.15 0.004478058
40.16 0.002466012
40.17 0.001314952
40.18 0.002023877
40.19 0.002566856
40.2 0.003453778
40.21 0.005756746
40.22 0.007708689
40.23 0.0090567
40.24 0.01139266
40.25 0.01353065
40.26 0.01436462
40.27 0.01581165
40.28 0.01737466
40.29 0.0173767
40.3 0.01739669
40.31 0.01758183
40.32 0.01697084
40.33 0.01656473
40.34 0.01676975
40.35 0.01650875
40.36 0.01565677
40.37 0.01509275
40.38 0.01400076
40.39 0.01337677
40.4 0.01265077
40.41 0.01223971
40.42 0.01198072
40.43 0.0120037
40.44 0.01205972
40.45 0.0120827
40.46 0.01196874
40.47 0.01084478
40.48 0.008086822
40.49 0.004984767
40.5 0.001597811
40.51 -0.00264825
40.52 -0.006118268
40.53 -0.007510362
40.54 -0.008122398
40.55 -0.008354481
40.56 -0.00732752
40.57 -0.006115551
40.58 -0.004907565
40.59 -0.003802593
40.6 -0.003708577
40.61 -0.004579603
40.62 -0.005002607
40.63 -0.005121658
40.64 -0.006066662
40.65 -0.00630768
40.66 -0.005578691
40.67 -0.005775707
40.68 -0.005951729
40.69 -0.005652751
40.7 -0.004533769
40.71 -0.003666792
40.72 -0.00278079
40.73 -0.001099797
40.74 -0.0001577634
40.75 -0.0003167514
40.76 -0.0001757209
40.77 -0.0005097123
40.78 -0.00188266
40.79 -0.003684686
40.8 -0.005520686
40.81 -0.00678171
40.82 -0.007473717
40.83 -0.008173775
40.84 -0.008192807
40.85 -0.007711821
40.86 -0.00706885
40.87 -0.006389885
40.88 -0.006022897
40.89 -0.005899893
40.9 -0.005818891
40.91 -0.005852908
40.92 -0.005556924
40.93 -0.005010937
40.94 -0.004886939
40.95 -0.00468798
40.96 -0.004709982
40.97 -0.005697922
40.98 -0.007347924
40.99 -0.009119916
41 -0.009939923
41.01 -0.01096591
41.02 -0.01085294
41.03 -0.01000594
41.04 -0.008275971
41.05 -0.006348932
41.06 -0.004462963
41.07 -0.002083945
41.08 -0.0007559594
41.09 -0.0003119282
41.1 -0.00010494
41.11 7.208586e-05
41.12 0.0003530686
41.13 0.001120087
41.14 0.002173075
41.15 0.003119097
41.16 0.003706095
41.17 0.003552112
41.18 0.00296111
41.19 0.002341129
41.2 0.00193012
41.21 0.001603125
41.22 0.001628122
41.23 0.00208813
41.24 0.003218115
41.25 0.004359143
41.26 0.004633144
41.27 0.004749189
41.28 0.004432205
41.29 0.002694198
41.3 0.001307201
41.31 0.0004102068
41.32 -0.0003167977
41.33 -0.000450792
41.34 -1.680761e-05
41.35 0.0007592066
41.36 0.001751185
41.37 0.004545196
41.38 0.007446191
41.39 0.008954238
41.4 0.01027525
41.41 0.01072228
41.42 0.009632309
41.43 0.008572359
41.44 0.007267385
41.45 0.004593372
41.46 0.002256387
41.47 0.001380378
41.48 0.000819364
41.49 0.001343366
41.5 0.002835362
41.51 0.004423381
41.52 0.005587399
41.53 0.006150407
41.54 0.006736417
41.55 0.007050451
41.56 0.00673947
41.57 0.00621149
41.58 0.005679509
41.59 0.00568154
41.6 0.006112569
41.61 0.006399544
41.62 0.006368573
41.63 0.006245579
41.64 0.006104608
41.65 0.005764608
41.66 0.005423629
41.67 0.005133654
41.68 0.004886668
41.69 0.004742663
41.7 0.004894685
41.71 0.005253698
41.72 0.005979721
41.73 0.006921728
41.74 0.007131763
41.75 0.006948801
41.76 0.006696832
41.77 0.006450815
41.78 0.006093849
41.79 0.005813857
41.8 0.00591489
41.81 0.005729889
41.82 0.006048924
41.83 0.006290942
41.84 0.006534975
41.85 0.006836977
41.86 0.00659702
41.87 0.005828035
41.88 0.004704092
41.89 0.003460104
41.9 0.00182415
41.91 0.0006091421
41.92 -0.0006678111
41.93 -0.002148815
41.94 -0.002687787
41.95 -0.003104801
41.96 -0.003132756
41.97 -0.003118753
41.98 -0.002894722
41.99 -0.00250072
42 -0.002508679
42.01 -0.002931662
42.02 -0.002934634
42.03 -0.002801619
42.04 -0.002764587
42.05 -0.002691568
42.06 -0.00262053
42.07 -0.002789519
42.08 -0.003200478
42.09 -0.004016444
42.1 -0.005579389
42.11 -0.007301403
42.12 -0.008655348
42.13 -0.01048033
42.14 -0.0123873
42.15 -0.01325935
42.16 -0.0139433
42.17 -0.01525128
42.18 -0.01669924
42.19 -0.01799627
42.2 -0.01913325
42.21 -0.01972928
42.22 -0.01997525
42.23 -0.02017539
42.24 -0.01996639
42.25 -0.01899923
42.26 -0.01811023
42.27 -0.01694819
42.28 -0.01541719
42.29 -0.01414312
42.3 -0.01299913
42.31 -0.0119401
42.32 -0.01120909
42.33 -0.01059002
42.34 -0.009729022
42.35 -0.009020979
42.36 -0.008682973
42.37 -0.00815191
42.38 -0.007916898
42.39 -0.008201876
42.4 -0.00839287
42.41 -0.008095801
42.42 -0.00795579
42.43 -0.007812748
42.44 -0.007091759
42.45 -0.006068698
42.46 -0.005281688
42.47 -0.004559649
42.48 -0.003973635
42.49 -0.00405458
42.5 -0.004197572
42.51 -0.003834527
42.52 -0.00381852
42.53 -0.00345848
42.54 -0.002637471
42.55 -0.002220422
42.56 -0.001419421
42.57 -0.0004343481
42.58 0.0004206611
42.59 0.001090728
42.6 0.001224749
42.61 0.001242802
42.62 0.001396818
42.63 0.001320876
42.64 0.00116988
42.65 0.001421933
42.66 0.001767938
42.67 0.002025996
42.68 0.002775004
42.69 0.003603053
42.7 0.004064072
42.71 0.004585145
42.72 0.005004164
42.73 0.005487185
42.74 0.006101215
42.75 0.006572256
42.76 0.006512287
42.77 0.006232338
42.78 0.006136357
42.79 0.006093415
42.8 0.006267441
42.81 0.00666047
42.82 0.007134495
42.83 0.007501551
42.84 0.008008581
42.85 0.008225642
42.86 0.008143674
42.87 0.008096772
42.88 0.007954806
42.89 0.007196811
42.9 0.006628838
42.91 0.006874885
42.92 0.007087913
42.93 0.007129952
42.94 0.007717982
42.95 0.008020046
42.96 0.008031082
42.97 0.00820611
42.98 0.008179144
42.99 0.008068189
43 0.007992226
43.01 0.008009264
43.02 0.008759291
43.03 0.009771366
43.04 0.01021742
43.05 0.01065942
43.06 0.01100248
43.07 0.01110053
43.08 0.01088959
43.09 0.01040061
43.1 0.009671672
43.11 0.008594733
43.12 0.007678771
43.13 0.00702979
43.14 0.006472836
43.15 0.005968874
43.16 0.005666923
43.17 0.005075953
43.18 0.004901989
43.19 0.005155046
43.2 0.005022099
43.21 0.004958108
43.22 0.005398153
43.23 0.005484187
43.24 0.005648242
43.25 0.006028273
43.26 0.005851341
43.27 0.005134385
43.28 0.004400445
43.29 0.003760475
43.3 0.002922523
43.31 0.002650556
43.32 0.002491612
43.33 0.001601645
43.34 0.001462691
43.35 0.001719726
43.36 0.001364786
43.37 0.001406804
43.38 0.00172386
43.39 0.001522892
43.4 0.001548938
43.41 0.002211975
43.42 0.002340034
43.43 0.002239065
43.44 0.002466133
43.45 0.002251164
43.46 0.001681238
43.47 0.00135527
43.48 0.0007303446
43.49 -0.0004086308
43.5 -0.001654565
43.51 -0.002528566
43.52 -0.003672516
43.53 -0.004642474
43.54 -0.004945417
43.55 -0.005331398
43.56 -0.00587434
43.57 -0.006061305
43.58 -0.00664524
43.59 -0.007678228
43.6 -0.008687167
43.61 -0.009897122
43.62 -0.01120707
43.63 -0.01220305
43.64 -0.01299501
43.65 -0.01325898
43.66 -0.01298794
43.67 -0.01204394
43.68 -0.01107891
43.69 -0.009849835
43.7 -0.008415797
43.71 -0.007238746
43.72 -0.006345714
43.73 -0.005355655
43.74 -0.004883608
43.75 -0.004372571
43.76 -0.003599531
43.77 -0.003414463
43.78 -0.003026422
43.79 -0.002530374
43.8 -0.002170316
43.81 -0.002354263
43.82 -0.002609209
43.83 -0.002715163
43.84 -0.003641107
43.85 -0.004987037
43.86 -0.006308987
43.87 -0.007770947
43.88 -0.0092389
43.89 -0.01030585
43.9 -0.01089481
43.91 -0.0112068
43.92 -0.01143976
43.93 -0.01148969
43.94 -0.01124568
43.95 -0.01113963
43.96 -0.01096361
43.97 -0.01040355
43.98 -0.009647538
43.99 -0.009082513
44 -0.007853494
44.01 -0.00618041
44.02 -0.004660391
44.03 -0.002697331
44.04 -0.001051306
44.05 0.0002597592
44.06 0.001837799
44.07 0.00255688
44.08 0.003657917
44.09 0.004639979
44.1 0.005221025
44.11 0.005668104
44.12 0.005987151
44.13 0.00622222
44.14 0.006270268
44.15 0.00625038
44.16 0.00606843
44.17 0.005456455
44.18 0.005248496
44.19 0.005632562
44.2 0.005666608
44.21 0.005414666
44.22 0.00551871
44.23 0.005544784
44.24 0.005125831
44.25 0.004588882
44.26 0.004583929
44.27 0.004531992
44.28 0.004744034
44.29 0.005410083
44.3 0.006034131
44.31 0.006302215
44.32 0.00673727
44.33 0.00700931
44.34 0.006551362
44.35 0.006230425
44.36 0.006358475
44.37 0.006121533
44.38 0.005933578
44.39 0.006180643
44.4 0.006478699
44.41 0.006425734
44.42 0.00671779
44.43 0.00645385
44.44 0.005907913
44.45 0.00582396
44.46 0.005894024
44.47 0.005580104
44.48 0.005177176
44.49 0.004663198
44.5 0.004008266
44.51 0.003263315
44.52 0.003059378
44.53 0.002522426
44.54 0.001978494
44.55 0.0009735443
44.56 -0.0004643932
44.57 -0.0008753508
44.58 -0.001595283
44.59 -0.003613242
44.6 -0.004987202
44.61 -0.004766163
44.62 -0.005152122
44.63 -0.005422102
44.64 -0.003786076
44.65 -0.002669005
44.66 -0.002782961
44.67 -0.001963909
44.68 -0.001061866
44.69 -0.0004638038
44.7 -0.0007767716
44.71 0.0007952788
44.72 0.001822338
44.73 0.001330383
44.74 0.002637412
44.75 0.004998493
44.76 0.004664572
44.77 0.00422363
44.78 0.004450695
44.79 0.004148789
44.8 0.003269853
44.81 0.002925882
44.82 0.001779943
44.83 0.001284984
44.84 0.001936041
44.85 0.001076096
44.86 0.0005821499
44.87 0.0007782044
44.88 -6.572863e-05
44.89 -0.0006956871
44.9 -9.663806e-05
44.91 -0.000226584
44.92 -0.0003795354
44.93 0.0005605222
44.94 0.001026591
44.95 -0.0002633454
44.96 -0.001409297
44.97 -0.001295239
44.98 -0.002285189
44.99 -0.002918143
45 -0.00219011
45.01 -0.0007620481
45.02 -0.0005499996
45.03 0.0002460489
45.04 0.001087113
45.05 0.0004241753
45.06 0.0005112249
45.07 0.0004412953
45.08 -0.001436651
45.09 -0.00167162
45.1 -0.0009535731
45.11 -0.000933529
45.12 0.0008265068
45.13 0.00256658
45.14 0.003271622
45.15 0.005854699
45.16 0.007924769
45.17 0.007084843
45.18 0.007810892
45.19 0.009146983
45.2 0.008242052
45.21 0.008793081
45.22 0.01120216
45.23 0.01104325
45.24 0.009775334
45.25 0.009528385
45.26 0.008172482
45.27 0.005490556
45.28 0.003089631
45.29 0.001654653
45.3 -0.001738268
45.31 -0.003321276
45.32 -0.002722212
45.33 -0.003682178
45.34 -0.004379139
45.35 -0.003434122
45.36 -0.002775054
45.37 -0.002811025
45.38 -0.001903974
45.39 -0.0009229229
45.4 -0.0002738494
45.41 -0.0002968014
45.42 -0.0001587318
45.43 0.0002783239
45.44 2.840707e-05
45.45 0.0001744567
45.46 -0.0003454581
45.47 -0.001377409
45.48 -0.001294347
45.49 -0.001269285
45.5 -0.001859217
45.51 -0.001910174
45.52 -0.002545104
45.53 -0.003750049
45.54 -0.003805987
45.55 -0.004733934
45.56 -0.006015895
45.57 -0.005403848
45.58 -0.006193779
45.59 -0.007324757
45.6 -0.008350714
45.61 -0.008115647
45.62 -0.008755598
45.63 -0.008837568
45.64 -0.008552508
45.65 -0.009432451
45.66 -0.009343426
45.67 -0.007520409
45.68 -0.006340362
45.69 -0.005228299
45.7 -0.003503256
45.71 -0.002043193
45.72 -0.0003751337
45.73 0.0005079366
45.74 0.001255004
45.75 0.001176091
45.76 0.0004691691
45.77 -0.000117775
45.78 -0.001081704
45.79 -0.001452644
45.8 -0.001829572
45.81 -0.003673514
45.82 -0.005096462
45.83 -0.005543427
45.84 -0.006148378
45.85 -0.006956318
45.86 -0.00674729
45.87 -0.00597924
45.88 -0.005273191
45.89 -0.004915123
45.9 -0.004261078
45.91 -0.003649034
45.92 -0.002745973
45.93 -0.003152891
45.94 -0.003979848
45.95 -0.002495804
45.96 -0.001647739
45.97 -0.002384666
45.98 -0.002224624
45.99 -0.00215457
46 -0.003135504
46.01 -0.003113455
46.02 -0.002816398
46.03 -0.003506343
46.04 -0.004030302
46.05 -0.003471267
46.06 -0.002531218
46.07 -0.002312166
46.08 -0.001034131
46.09 0.000723958
46.1 0.001036005
46.11 0.0009040777
46.12 0.001765123
46.13 0.0026982
46.14 0.002149256
46.15 0.001700326
46.16 0.001608375
46.17 0.001093441
46.18 0.001011498
46.19 0.0009345574
46.2 0.0003686096
46.21 0.000272678
46.22 0.0002227273
46.23 6.478597e-05
46.24 -0.0005451587
46.25 -0.0009341026
46.26 -0.0005720532
46.27 5.000154e-05
46.28 0.0003880551
46.29 0.001147109
46.3 0.001722173
46.31 0.001367245
46.32 5.729794e-05
46.33 -0.001040654
46.34 -0.0005886148
46.35 -0.0003375507
46.36 -0.001216504
46.37 -0.001323456
46.38 0.0004165734
46.39 0.002562655
46.4 0.003336722
46.41 0.003395775
46.42 0.004102823
46.43 0.004627894
46.44 0.003439953
46.45 0.004293984
46.46 0.006770059
46.47 0.005699156
46.48 0.003636203
46.49 0.004053245
46.5 0.003841322
46.51 0.003134379
46.52 0.002411433
46.53 0.00228649
46.54 0.001717539
46.55 0.001408589
46.56 0.001366634
46.57 0.002079676
46.58 0.002649738
46.59 0.001714794
46.6 0.001905824
46.61 0.004309875
46.62 0.005592924
46.63 0.005710006
46.64 0.007366068
46.65 0.007757129
46.66 0.006719202
46.67 0.006321267
46.68 0.005664335
46.69 0.004392396
46.7 0.003121466
46.71 0.001780524
46.72 0.001091568
46.73 0.00149161
46.74 0.0008596698
46.75 0.0006957076
46.76 0.002614757
46.77 0.003675823
46.78 0.003157889
46.79 0.003568943
46.8 0.003774016
46.81 0.002650071
46.82 0.002139125
46.83 0.001502175
46.84 0.0001502452
46.85 -0.001361719
46.86 -0.00207567
46.87 -0.001915645
46.88 -0.0007766008
46.89 0.0007784483
46.9 0.002084495
46.91 0.003752554
46.92 0.005230619
46.93 0.00561169
46.94 0.005498761
46.95 0.005886829
46.96 0.005160922
46.97 0.003268968
46.98 0.001515051
46.99 -0.0005769164
47 -0.002907832
47.01 -0.004896804
47.02 -0.00736073
47.03 -0.01055576
47.04 -0.01339273
47.05 -0.01560567
47.06 -0.01657367
47.07 -0.01526168
47.08 -0.01169972
47.09 -0.006246688
47.1 0.002171285
47.11 0.0112034
47.12 0.01880648
47.13 0.02174758
47.14 0.02577867
47.15 0.02701284
47.16 0.02689697
47.17 0.02518908
47.18 0.02118222
47.19 0.01686234
47.2 0.01268645
47.21 0.008283441
47.22 0.004208557
47.23 -0.0009684325
47.24 -0.006527346
47.25 -0.01004238
47.26 -0.01201532
47.27 -0.01396336
47.28 -0.01462333
47.29 -0.0145443
47.3 -0.01431326
47.31 -0.01255527
47.32 -0.0112882
47.33 -0.01120517
47.34 -0.01082412
47.35 -0.01090215
47.36 -0.0117411
47.37 -0.01219699
47.38 -0.01194995
47.39 -0.01158391
47.4 -0.01099788
47.41 -0.008622821
47.42 -0.006089784
47.43 -0.005089729
47.44 -0.003475684
47.45 -0.001010609
47.46 5.946182e-05
47.47 -0.001023464
47.48 -0.002441398
47.49 -0.003927331
47.5 -0.006131276
47.51 -0.007630272
47.52 -0.007504243
47.53 -0.006856172
47.54 -0.006181131
47.55 -0.005181081
47.56 -0.00479102
47.57 -0.005199961
47.58 -0.005207913
47.59 -0.005268864
47.6 -0.006556809
47.61 -0.00755176
47.62 -0.007890716
47.63 -0.008581679
47.64 -0.009479653
47.65 -0.009414612
47.66 -0.008758586
47.67 -0.007833571
47.68 -0.006046549
47.69 -0.003383457
47.7 -0.000389432
47.71 0.002251652
47.72 0.00417172
47.73 0.004799797
47.74 0.005010874
47.75 0.00339096
47.76 0.001768027
47.77 -0.0005019149
47.78 -0.003245864
47.79 -0.004415834
47.8 -0.005084792
47.81 -0.005564757
47.82 -0.005692719
47.83 -0.006226691
47.84 -0.007198658
47.85 -0.007790598
47.86 -0.007899571
47.87 -0.007973542
47.88 -0.006992535
47.89 -0.005204478
47.9 -0.003891456
47.91 -0.001751408
47.92 -8.536137e-05
47.93 0.0003387022
47.94 0.00120774
47.95 0.001594822
47.96 0.001190868
47.97 0.0007269386
47.98 0.0003139696
47.99 0.0005750285
48 0.001123075
48.01 0.001191134
48.02 0.001638169
48.03 0.002254238
48.04 0.002200296
48.05 0.002087349
48.06 0.001872402
48.07 0.0007804556
48.08 -0.0007265076
48.09 -0.001248469
48.1 -0.0004484494
48.11 0.0005945942
48.12 0.002824608
48.13 0.005338687
48.14 0.006832734
48.15 0.007703838
48.16 0.007988909
48.17 0.006948961
48.18 0.005342026
48.19 0.00344009
48.2 0.0009141334
48.21 -0.0008328311
48.22 -0.001724801
48.23 -0.002020778
48.24 -0.001408753
48.25 -0.0009827056
48.26 -0.000859675
48.27 -0.001012627
48.28 -0.001652598
48.29 -0.002414563
48.3 -0.002458554
48.31 -0.001895512
48.32 -0.00138251
48.33 0.0009095379
48.34 0.004640544
48.35 0.007602638
48.36 0.008925673
48.37 0.01169174
48.38 0.01363481
48.39 0.01372994
48.4 0.01294402
48.41 0.01121007
48.42 0.008768145
48.43 0.006366204
48.44 0.004379252
48.45 0.002716276
48.46 0.001422308
48.47 0.001398327
48.48 0.001862354
48.49 0.002499386
48.5 0.003647406
48.51 0.004667463
48.52 0.005156504
48.53 0.00586055
48.54 0.006920594
48.55 0.006926675
48.56 0.006244722
48.57 0.00623976
48.58 0.005801817
48.59 0.004716865
48.6 0.004839886
48.61 0.005674946
48.62 0.005897977
48.63 0.00668108
48.64 0.00824613
48.65 0.009358123
48.66 0.009755167
48.67 0.0110512
48.68 0.01236326
48.69 0.01216231
48.7 0.01157738
48.71 0.01045445
48.72 0.009255526
48.73 0.006598554
48.74 0.001713643
48.75 -0.0009143581
48.76 -0.003247291
48.77 -0.007092288
48.78 -0.008333264
48.79 -0.008304283
48.8 -0.009236255
48.81 -0.006954229
48.82 -0.004456185
48.83 -0.004133145
48.84 -0.002558108
48.85 -0.001910044
48.86 -0.003688003
48.87 -0.003816986
48.88 -0.004116941
48.89 -0.005773906
48.9 -0.004644903
48.91 -0.002870863
48.92 -0.002746842
48.93 -0.0004028151
48.94 0.002511232
48.95 0.002985315
48.96 0.003441362
48.97 0.003824402
48.98 0.003200457
48.99 0.002453497
49 0.002102553
49.01 0.001085582
49.02 0.00114961
49.03 0.001809651
49.04 0.00225569
49.05 0.003353715
49.06 0.004628767
49.07 0.004406831
49.08 0.003984869
49.09 0.004427915
49.1 0.003027981
49.11 0.001809018
49.12 0.001730066
49.13 0.0005080972
49.14 -0.0007918662
49.15 -0.0008538405
49.16 -0.002065793
49.17 -0.003474765
49.18 -0.003032744
49.19 -0.003210713
49.2 -0.004474693
49.21 -0.003524687
49.22 -0.002076648
49.23 -0.00225361
49.24 -0.001922588
49.25 -0.0007405426
49.26 -0.0008265052
49.27 -0.00119747
49.28 -0.0008224486
49.29 0.0003066069
49.3 -0.0002363538
49.31 2.867657e-05
49.32 0.0009457221
49.33 0.0009227637
49.34 0.001227805
49.35 0.001796853
49.36 0.002187894
49.37 0.002071933
49.38 0.001514989
49.39 0.001195018
49.4 0.0008130685
49.41 0.0007810948
49.42 0.0006521407
49.43 0.0005941701
49.44 0.001059214
49.45 0.0009502502
49.46 0.0007272931
49.47 0.0003013363
49.48 -0.0007446163
49.49 -0.001653596
49.5 -0.002497558
49.51 -0.002946538
49.52 -0.003183518
49.53 -0.002863492
49.54 -0.00238946
49.55 -0.001931434
49.56 -0.0016164
49.57 -0.00191135
49.58 -0.003063316
49.59 -0.003794307
49.6 -0.004050283
49.61 -0.004895235
49.62 -0.005545225
49.63 -0.0048732
49.64 -0.00407718
49.65 -0.003218145
49.66 -0.002151122
49.67 -0.001711077
49.68 -0.001440052
49.69 -0.001072012
49.7 -0.0005879972
49.71 0.0001900449
49.72 0.001140066
49.73 0.00203411
49.74 0.002926152
49.75 0.003446217
49.76 0.003516256
49.77 0.003387297
49.78 0.003530336
49.79 0.002696387
49.8 0.001665421
49.81 0.001222448
49.82 0.0007954901
49.83 -0.0006824789
49.84 -0.001527462
49.85 -0.001695441
49.86 -0.002547421
49.87 -0.00288741
49.88 -0.00282639
49.89 -0.002744365
49.9 -0.002130348
49.91 -0.001649323
49.92 -0.001269293
49.93 -0.0009912561
49.94 -0.0008092281
49.95 -7.119839e-05
49.96 0.0001328349
49.97 -0.0002861297
49.98 -0.0003650966
49.99 4.993189e-05
50 0.0001729692
50.01 -0.0003689992
50.02 -0.0005019771
50.03 -0.0002839489
50.04 -0.0002849165
50.05 -0.0002188856
50.06 0.0004441393
50.07 0.001103173
50.08 0.00191621
50.09 0.002877242
50.1 0.003089292
50.11 0.00249235
50.12 0.001400405
50.13 -0.0002365685
50.14 -0.002075524
50.15 -0.003748522
50.16 -0.005333499
50.17 -0.006377488
50.18 -0.006446478
50.19 -0.00651748
50.2 -0.006619472
50.21 -0.005322468
50.22 -0.002827455
50.23 -0.001446417
50.24 0.0001326125
50.25 0.002014661
50.26 0.002365713
50.27 0.002448756
50.28 0.002509819
50.29 0.001827854
50.3 0.0002148894
50.31 -0.0007884993
50.32 -0.001554881
50.33 -0.002487005
50.34 -0.002499913
50.35 -0.002454595
50.36 -0.002624983
50.37 -0.001659631
50.38 -0.000658562
50.39 -0.0003463831
50.4 0.0003602586
50.41 0.0006798699
50.42 7.042831e-05
50.43 -0.0004267536
50.44 -0.001259884
50.45 -0.003202923
50.46 -0.004245892
50.47 -0.004567276
50.48 -0.004930723
50.49 -0.005828588
50.5 -0.004890262
50.51 -0.003069993
50.52 -0.002408014
50.53 -0.0009045512
50.54 0.001853588
50.55 0.003024906
50.56 0.003504999
50.57 0.004881395
50.58 0.005087778
50.59 0.004033291
50.6 0.003832821
50.61 0.004028159
50.62 0.003415692
50.63 0.003316414
50.64 0.003722121
50.65 0.003313923
50.66 0.003262447
50.67 0.003469811
50.68 0.002486724
50.69 0.001701254
50.7 0.001473114
50.71 0.001307541
50.72 0.001217167
50.73 0.001050051
50.74 0.00144128
50.75 0.001287482
50.76 0.0004244914
50.77 4.804848e-05
50.78 -0.0006706981
50.79 -0.001405823
50.8 -0.00220515
50.81 -0.002062071
50.82 -0.002095317
50.83 -0.001660174
50.84 -0.0005702679
50.85 0.0002955159
50.86 0.0009750148
50.87 0.001270329
50.88 0.001654881
50.89 0.002025199
50.9 0.002444403
50.91 0.002375802
50.92 0.002513592
50.93 0.003199441
50.94 0.003435431
50.95 0.003809202
50.96 0.003890558
50.97 0.003622188
50.98 0.003855279
50.99 0.004060011
51 0.003514022
51.01 0.002620767
51.02 0.001961307
51.03 0.001381216
51.04 0.0008027405
51.05 1.767949e-05
51.06 -0.0004993981
51.07 -0.0008567392
51.08 -0.001064755
51.09 -0.00120513
51.1 -0.00129533
51.11 -0.001156545
51.12 -0.001184941
51.13 -0.001989207
51.14 -0.002464249
51.15 -0.002122919
51.16 -0.002943042
51.17 -0.003845807
51.18 -0.00396393
51.19 -0.004353787
51.2 -0.004922497
51.21 -0.004386305
51.22 -0.004173856
51.23 -0.004509189
51.24 -0.003998145
51.25 -0.003269566
51.26 -0.003018155
51.27 -0.002087286
51.28 -0.001387633
51.29 -0.00139564
51.3 -0.001029285
51.31 -0.0007148674
51.32 -0.0005934905
51.33 -0.0004407469
51.34 -0.00030181
51.35 -0.0002981148
51.36 0.000190008
51.37 0.0004762152
51.38 0.0005312696
51.39 0.0006239896
51.4 0.00058642
51.41 0.0003085387
51.42 0.0001869292
51.43 8.330028e-05
51.44 0.0001521334
51.45 0.0004223684
51.46 0.000589293
51.47 0.0008129836
51.48 0.0008911923
51.49 0.000307885
51.5 5.436317e-05
51.51 -0.0003879045
51.52 -0.00124534
51.53 -0.001746823
51.54 -0.002050968
51.55 -0.002359433
51.56 -0.002520176
51.57 -0.002387541
51.58 -0.001882365
51.59 -0.001218078
51.6 -0.0008064973
51.61 -0.0002054783
51.62 0.0003730124
51.63 0.0008097903
51.64 0.001176169
51.65 0.001919662
51.66 0.002286874
51.67 0.001971704
51.68 0.002091782
51.69 0.001987784
51.7 0.001731256
51.71 0.001552405
51.72 0.0009040389
51.73 0.0003063995
51.74 -0.0003555496
51.75 -0.001133915
51.76 -0.001655438
51.77 -0.00231059
51.78 -0.00302661
51.79 -0.003231401
51.8 -0.00306407
51.81 -0.002965068
51.82 -0.00231053
51.83 -0.001641697
51.84 -0.002270803
51.85 -0.003160349
51.86 -0.003778484
51.87 -0.004611368
51.88 -0.005802322
51.89 -0.006409491
51.9 -0.006683925
51.91 -0.007232639
51.92 -0.007434687
51.93 -0.007225716
51.94 -0.007132244
51.95 -0.00661898
51.96 -0.005664825
51.97 -0.004771942
51.98 -0.003792628
51.99 -0.002412088
52 -0.001009183
52.01 -0.0001349737
52.02 0.0001045439
52.03 0.0004208424
52.04 0.0005725739
52.05 0.0003072647
52.06 0.0002042587
52.07 0.0002419359
52.08 0.0001640587
52.09 8.568165e-05
52.1 -0.0001808489
52.11 -0.0004211272
52.12 -0.0006696137
52.13 -0.0004923356
52.14 3.918213e-05
52.15 -7.488823e-05
52.16 -8.634296e-05
52.17 0.0006670773
52.18 0.0009200011
52.19 0.0009302386
52.2 0.00158281
52.21 0.001756978
52.22 0.001331417
52.23 0.001587705
52.24 0.001438132
52.25 0.0008700036
52.26 0.001401468
52.27 0.001993283
52.28 0.001811359
52.29 0.002582602
52.3 0.003746488
52.31 0.00377931
52.32 0.00407305
52.33 0.004444468
52.34 0.004792151
52.35 0.004509574
52.36 0.004953464
52.37 0.004979544
52.38 0.004565572
52.39 0.004943809
52.4 0.005301643
52.41 0.005143263
52.42 0.005442785
52.43 0.005825691
52.44 0.005956962
52.45 0.00624954
52.46 0.006703508
52.47 0.006936095
52.48 0.007413421
52.49 0.007957828
52.5 0.008083678
52.51 0.008137038
52.52 0.008415223
52.53 0.008122905
52.54 0.007630878
52.55 0.007297158
52.56 0.006308669
52.57 0.005087872
52.58 0.004002339
52.59 0.002785802
52.6 0.001668698
52.61 0.0006613643
52.62 -0.0003695462
52.63 -0.0008167087
52.64 -0.001405279
52.65 -0.001694167
52.66 -0.002106389
52.67 -0.002084515
52.68 -0.00160241
52.69 -0.001547701
52.7 -0.00137286
52.71 -0.001063126
52.72 -0.0012746
52.73 -0.00164389
52.74 -0.002003811
52.75 -0.002716542
52.76 -0.003393753
52.77 -0.003530239
52.78 -0.003364253
52.79 -0.003113208
52.8 -0.002609848
52.81 -0.002356548
52.82 -0.00223269
52.83 -0.002159823
52.84 -0.002317577
52.85 -0.002349526
52.86 -0.002276676
52.87 -0.002391264
52.88 -0.002263836
52.89 -0.002158874
52.9 -0.002445078
52.91 -0.002526165
52.92 -0.002913587
52.93 -0.003216834
52.94 -0.003664925
52.95 -0.003849974
52.96 -0.004161663
52.97 -0.004191488
52.98 -0.004040378
52.99 -0.004110209
53 -0.003869702
53.01 -0.003451104
53.02 -0.003547578
53.03 -0.003276364
53.04 -0.002812416
53.05 -0.002882592
53.06 -0.002543052
53.07 -0.001977524
53.08 -0.001892943
53.09 -0.001516315
53.1 -0.0009862901
53.11 -0.00126476
53.12 -0.001416255
53.13 -0.001360886
53.14 -0.001895021
53.15 -0.002534175
53.16 -0.002825487
53.17 -0.002906373
53.18 -0.003034349
53.19 -0.002825335
53.2 -0.002284687
53.21 -0.001960345
53.22 -0.001739577
53.23 -0.001083353
53.24 -0.0007312033
53.25 -0.0006123224
53.26 -0.0005737998
53.27 -0.0005308549
53.28 -0.0008530159
53.29 -0.0009820289
53.3 -0.0008475177
53.31 -0.001016668
53.32 -0.001070389
53.33 -0.001029197
53.34 -0.0009032442
53.35 -0.0005132581
53.36 -0.0001184917
53.37 0.0002077882
53.38 0.0003720656
53.39 0.0002615395
53.4 0.0003983055
53.41 0.0007815259
53.42 0.0006247103
53.43 0.0005877225
53.44 0.001003205
53.45 0.0009042758
53.46 0.000930421
53.47 0.001583222
53.48 0.001436253
53.49 0.0009548769
53.5 0.001304943
53.51 0.001179978
53.52 0.001006769
53.53 0.001355734
53.54 0.001420596
53.55 0.001210481
53.56 0.001481038
53.57 0.001900808
53.58 0.00183898
53.59 0.001917909
53.6 0.0018445
53.61 0.001489156
53.62 0.001420656
53.63 0.001265132
53.64 0.00100733
53.65 0.0007872711
53.66 0.000624136
53.67 0.0004934678
53.68 0.0005252722
53.69 0.0006683162
53.7 0.0004762684
53.71 0.0003991987
53.72 0.0006948564
53.73 0.0007361777
53.74 0.0007382195
53.75 0.0009670876
53.76 0.001137147
53.77 0.00106522
53.78 0.0009608955
53.79 0.0009097054
53.8 0.0007507822
53.81 0.0004728543
53.82 0.0002864516
53.83 0.0001684111
53.84 0.0001459074
53.85 0.0001328176
53.86 0.0001956334
53.87 0.0003763696
53.88 0.0004089186
53.89 0.0005020436
53.9 0.0007462323
53.91 0.0007165158
53.92 0.0006966538
53.93 0.0008219288
53.94 0.0007267165
53.95 0.0007825711
53.96 0.00100628
53.97 0.0009835699
53.98 0.00100729
53.99 0.001175046
54 0.001139436
54.01 0.001121896
54.02 0.001165268
54.03 0.0009977931
54.04 0.0008652879
54.05 0.0008520539
54.06 0.0006530197
54.07 0.0005192947
54.08 0.0005852003
54.09 0.0004325297
54.1 0.0003049058
54.11 0.000355133
54.12 0.0002824943
54.13 0.0002621817
54.14 0.0003256023
54.15 0.0002987395
54.16 0.0002724188
54.17 0.0003309448
54.18 0.0003884175
54.19 0.0003231367
54.2 0.0003029718
54.21 0.0002664537
54.22 0.0002126859
54.23 0.0001799068
54.24 0.0001533978
54.25 0.0001101132
54.26 0.0001360107
54.27 0.000190979
54.28 0.0002231878
54.29 0.0003303349
54.3 0.0003841278
54.31 0.0004193786
54.32 0.0004754636
54.33 0.0004817295
54.34 0.0004685936
54.35 0.0004415285
54.36 0.0004031606
54.37 0.000370993
54.38 0.0003367353
54.39 0.0003027887
54.4 0.0002667899
54.41 0.0001808375
54.42 0.0001020388
54.43 1.903706e-05
54.44 -7.217857e-05
54.45 -0.000156929
54.46 -0.0001854211
54.47 -0.0002599957
54.48 -0.0003528935
54.49 -0.0004200956
54.5 -0.000440272
54.51 -0.0004629996
54.52 -0.0004715432
54.53 -0.0004722442
54.54 -0.0004571956
54.55 -0.0004359731
54.56 -0.000423604
54.57 -0.000379209
54.58 -0.0003240938
54.59 -0.0002688846
54.6 -0.0001982876
54.61 -0.0001554836
54.62 -0.0001317453
54.63 -0.0001143249
54.64 -8.738129e-05
54.65 -6.243699e-05
54.66 -2.793479e-05
54.67 1.999297e-05
54.68 5.325349e-05
54.69 7.155685e-05
54.7 9.862976e-05
54.71 0.0001342066
54.72 0.0001386682
54.73 0.0001328258
54.74 0.0001432873
54.75 0.0001544646
54.76 0.0001519095
54.77 0.000158341
54.78 0.000174363
54.79 0.0001638898
54.8 0.0001450563
54.81 0.0001457282
54.82 0.0001275953
54.83 0.0001151503
54.84 0.0001326846
54.85 0.0001241986
54.86 0.0001119296
54.87 0.0001405677
54.88 0.0001402757
54.89 0.0001131838
54.9 0.0001152872
54.91 0.0001033129
54.92 7.265627e-05
54.93 6.912364e-05
54.94 7.104757e-05
54.95 5.881499e-05
54.96 5.450314e-05
54.97 5.775335e-05
54.98 5.385776e-05
54.99 4.934336e-05
55 4.337032e-05
55.01 3.580853e-05
55.02 2.18538e-05
55.03 1.642428e-05
55.04 1.643447e-05
55.05 1.111873e-05
55.06 8.665756e-06
55.07 7.925683e-06
55.08 7.626418e-06
55.09 2.181229e-06
55.1 1.098529e-06
55.11 4.205412e-06
55.12 -1.714751e-06
55.13 -8.055021e-06
55.14 -7.099759e-06
55.15 -1.133102e-05
55.16 -9.771633e-06
55.17 -4.868533e-06
55.18 -4.567786e-06
55.19 -6.182326e-06
55.2 -8.807888e-06
55.21 -1.090763e-05
55.22 -1.660347e-05
55.23 -2.265573e-05
55.24 -2.635742e-05
55.25 -3.128102e-05
55.26 -3.674251e-05
55.27 -4.023037e-05
55.28 -4.202212e-05
55.29 -4.561577e-05
55.3 -4.78824e-05
55.31 -4.888024e-05
55.32 -4.87902e-05
55.33 -4.759265e-05
55.34 -4.476215e-05
55.35 -4.06235e-05
55.36 -3.707828e-05
55.37 -3.600626e-05
55.38 -3.712204e-05
55.39 -3.910481e-05
55.4 -4.388372e-05
55.41 -4.883556e-05
55.42 -5.234449e-05
55.43 -5.485032e-05
55.44 -5.590207e-05
55.45 -5.547955e-05
55.46 -5.47656e-05
55.47 -5.420348e-05
55.48 -5.321808e-05
55.49 -5.260962e-05
55.5 -5.249415e-05
55.51 -5.226023e-05
55.52 -5.24889e-05
55.53 -5.332867e-05
55.54 -5.430363e-05
55.55 -5.543993e-05
55.56 -5.695524e-05
55.57 -5.84091e-05
55.58 -5.958147e-05
55.59 -6.053225e-05
55.6 -6.118206e-05
55.61 -6.166774e-05
55.62 -6.209069e-05
55.63 -6.248577e-05
55.64 -6.286983e-05
55.65 -6.333358e-05
55.66 -6.39035e-05
55.67 -6.45306e-05
55.68 -6.52179e-05
55.69 -6.592584e-05
55.7 -6.664111e-05
55.71 -6.734421e-05
55.72 -6.805262e-05
55.73 -6.873306e-05
55.74 -6.93869e-05
55.75 -7.003423e-05
55.76 -7.067799e-05
55.77 -7.132202e-05
55.78 -7.197283e-05
55.79 -7.262979e-05
55.8 -7.328945e-05
55.81 -7.395148e-05
55.82 -7.461249e-05
55.83 -7.527019e-05
55.84 -7.592473e-05
55.85 -7.657582e-05
55.86 -7.722329e-05
55.87 -7.786718e-05
55.88 -7.850747e-05
55.89 -7.914413e-05
