0 -0.0006771543
0.005 -0.000670103
0.01 -0.0006628915
0.015 -0.0006555984
0.02 -0.0006483211
0.025 -0.0006410356
0.03 -0.0006336049
0.035 -0.0006261045
0.04 -0.0006188401
0.045 -0.0006119844
0.05 -0.0006053374
0.055 -0.0005982692
0.06 -0.0005903679
0.065 -0.000581744
0.07 -0.0005727704
0.075 -0.0005643832
0.08 -0.00055822
0.085 -0.0005552881
0.09 -0.000554834
0.095 -0.0005547461
0.1 -0.0005525086
0.105 -0.0005466777
0.11 -0.0005379255
0.115 -0.0005286357
0.12 -0.0005194391
0.125 -0.0005081621
0.13 -0.000494734
0.135 -0.0004815314
0.14 -0.0004694706
0.145 -0.0004587464
0.15 -0.0004506079
0.155 -0.0004464462
0.16 -0.0004456247
0.165 -0.0004428776
0.17 -0.0004312385
0.175 -0.0004087988
0.18 -0.0003785493
0.185 -0.0003465292
0.19 -0.0003218502
0.195 -0.0003126388
0.2 -0.0003178694
0.205 -0.0003309586
0.21 -0.000349863
0.215 -0.000372998
0.22 -0.0003948882
0.225 -0.0004102721
0.23 -0.0004172154
0.235 -0.0004172721
0.24 -0.0004128814
0.245 -0.0004035558
0.25 -0.0003874911
0.255 -0.0003647029
0.26 -0.0003398063
0.265 -0.0003210804
0.27 -0.0003147835
0.275 -0.0003191991
0.28 -0.0003210212
0.285 -0.0003024186
0.29 -0.0002527246
0.295 -0.0001788684
0.3 -0.000100649
0.305 -3.206676e-05
0.31 2.147525e-05
0.315 6.222883e-05
0.32 0.0001010763
0.325 0.0001526466
0.33 0.0002239794
0.335 0.0003094484
0.34 0.0003931411
0.345 0.000458413
0.35 0.0004990575
0.355 0.000520968
0.36 0.0005372144
0.365 0.0005573802
0.37 0.0005791257
0.375 0.0005857224
0.38 0.0005669937
0.385 0.0005329007
0.39 0.0004919143
0.395 0.0004442423
0.4 0.000397202
0.405 0.0003593216
0.41 0.000326164
0.415 0.0002893326
0.42 0.0002419605
0.425 0.0001647138
0.43 2.438652e-05
0.435 -0.0002071803
0.44 -0.0005153021
0.445 -0.0008204435
0.45 -0.001035964
0.455 -0.001121924
0.46 -0.001081871
0.465 -0.0009557347
0.47 -0.0008036838
0.475 -0.0006710269
0.48 -0.0005578073
0.485 -0.0004600503
0.49 -0.0003954894
0.495 -0.0003746773
0.5 -0.0003854409
0.505 -0.0003988287
0.51 -0.00039798
0.515 -0.000395354
0.52 -0.0003911421
0.525 -0.0003642375
0.53 -0.0003196902
0.535 -0.0002760205
0.54 -0.0002225222
0.545 -0.0001539711
0.55 -9.047845e-05
0.555 -1.432753e-05
0.56 0.0001235337
0.565 0.00030639
0.57 0.0004447459
0.575 0.0004370337
0.58 0.000237065
0.585 -0.0001155739
0.59 -0.0005495994
0.595 -0.0009760437
0.6 -0.001272278
0.605 -0.001384667
0.61 -0.001420652
0.615 -0.001480602
0.62 -0.001544362
0.625 -0.001576917
0.63 -0.001570971
0.635 -0.001516438
0.64 -0.001411737
0.645 -0.001280727
0.65 -0.001169201
0.655 -0.001122104
0.66 -0.001144815
0.665 -0.001192591
0.67 -0.001201626
0.675 -0.001174535
0.68 -0.001209581
0.685 -0.001378693
0.69 -0.001664552
0.695 -0.001988336
0.7 -0.002216985
0.705 -0.002197582
0.71 -0.001858281
0.715 -0.00126428
0.72 -0.0005657506
0.725 8.643936e-05
0.73 0.0006401286
0.735 0.001087381
0.74 0.001399323
0.745 0.00157492
0.75 0.001670778
0.755 0.001775591
0.76 0.001972506
0.765 0.002290524
0.77 0.002695635
0.775 0.003110238
0.78 0.003455026
0.785 0.003673096
0.79 0.003735473
0.795 0.003661345
0.8 0.003513289
0.805 0.003326985
0.81 0.003084182
0.815 0.002777797
0.82 0.002423656
0.825 0.00202921
0.83 0.0016308
0.835 0.001299781
0.84 0.001039719
0.845 0.0007560308
0.85 0.0003431602
0.855 -0.0002435271
0.86 -0.0009403898
0.865 -0.001603921
0.87 -0.002079693
0.875 -0.00227316
0.88 -0.002172794
0.885 -0.001819799
0.89 -0.001300019
0.895 -0.0007194597
0.9 -0.0001745879
0.905 0.000286774
0.91 0.0007020433
0.915 0.001130064
0.92 0.001545288
0.925 0.001911117
0.93 0.002246541
0.935 0.002531718
0.94 0.002685046
0.945 0.002648601
0.95 0.002401199
0.955 0.001932913
0.96 0.00127938
0.965 0.0005365033
0.97 -0.0001805071
0.975 -0.0007910405
0.98 -0.001313597
0.985 -0.001859093
0.99 -0.002544641
0.995 -0.003324925
1 -0.004000301
1.005 -0.004482305
1.01 -0.004823086
1.015 -0.005062957
1.02 -0.005190451
1.025 -0.005161899
1.03 -0.004985731
1.035 -0.004724265
1.04 -0.004398471
1.045 -0.004061303
1.05 -0.003881524
1.055 -0.003969787
1.06 -0.004253882
1.065 -0.004580901
1.07 -0.004776137
1.075 -0.004661928
1.08 -0.004144145
1.085 -0.003300709
1.09 -0.002365006
1.095 -0.001631275
1.1 -0.001304163
1.105 -0.001417363
1.11 -0.001830063
1.115 -0.002327666
1.12 -0.002765771
1.125 -0.003167275
1.13 -0.003598464
1.135 -0.003974158
1.14 -0.004201606
1.145 -0.004299396
1.15 -0.004270387
1.155 -0.004081286
1.16 -0.003724704
1.165 -0.003175476
1.17 -0.002382884
1.175 -0.001404584
1.18 -0.0003873255
1.185 0.000612854
1.19 0.001628691
1.195 0.00270449
1.2 0.003809677
1.205 0.004835985
1.21 0.005688975
1.215 0.006311368
1.22 0.006649607
1.225 0.006580497
1.23 0.00599823
1.235 0.005033756
1.24 0.003987813
1.245 0.003102764
1.25 0.002448529
1.255 0.001989615
1.26 0.001798502
1.265 0.001978321
1.27 0.002517334
1.275 0.003402561
1.28 0.004645446
1.285 0.006127879
1.29 0.007606939
1.295 0.00885754
1.3 0.009740156
1.305 0.01018866
1.31 0.01012498
1.315 0.009541315
1.32 0.0086198
1.325 0.007625018
1.33 0.006758978
1.335 0.006123047
1.34 0.005763365
1.345 0.005737423
1.35 0.006077654
1.355 0.00674901
1.36 0.007654139
1.365 0.008639605
1.37 0.009523626
1.375 0.01009201
1.38 0.01013948
1.385 0.009578061
1.39 0.008459415
1.395 0.006890631
1.4 0.005048392
1.405 0.003154957
1.41 0.00137976
1.415 -0.0002292156
1.42 -0.001752233
1.425 -0.003221545
1.43 -0.004480025
1.435 -0.005339295
1.44 -0.005739224
1.445 -0.005770875
1.45 -0.005532278
1.455 -0.004985882
1.46 -0.00415716
1.465 -0.003236154
1.47 -0.002430713
1.475 -0.001874671
1.48 -0.001580372
1.485 -0.001473279
1.49 -0.001420161
1.495 -0.001229518
1.5 -0.0007690524
1.505 -0.0001061981
1.51 0.0006039531
1.515 0.001244355
1.52 0.001740704
1.525 0.002046583
1.53 0.002134706
1.535 0.002015407
1.54 0.001702119
1.545 0.001106824
1.55 0.0001009315
1.555 -0.001305755
1.56 -0.002890506
1.565 -0.004316559
1.57 -0.00541293
1.575 -0.006213241
1.58 -0.006763758
1.585 -0.007067378
1.59 -0.007088135
1.595 -0.006802018
1.6 -0.006222081
1.605 -0.005360666
1.61 -0.004232353
1.615 -0.002870402
1.62 -0.001375456
1.625 9.619134e-05
1.63 0.001446335
1.635 0.002748606
1.64 0.004230504
1.645 0.006002836
1.65 0.007914465
1.655 0.009633097
1.66 0.01091024
1.665 0.01172097
1.67 0.01203225
1.675 0.01178635
1.68 0.01106441
1.685 0.01006399
1.69 0.008985399
1.695 0.007944864
1.7 0.007019035
1.705 0.006332783
1.71 0.005992892
1.715 0.006016488
1.72 0.006355249
1.725 0.006908106
1.73 0.007530415
1.735 0.008003387
1.74 0.008090301
1.745 0.007704296
1.75 0.006902394
1.755 0.005752796
1.76 0.004321237
1.765 0.002677819
1.77 0.0008928353
1.775 -0.0009168198
1.78 -0.002563487
1.785 -0.003846939
1.79 -0.004632025
1.795 -0.004885159
1.8 -0.004641695
1.805 -0.003927313
1.81 -0.002786326
1.815 -0.001319709
1.82 0.0003202313
1.825 0.001966508
1.83 0.003473262
1.835 0.004589134
1.84 0.005013599
1.845 0.004702994
1.85 0.003869229
1.855 0.002757017
1.86 0.001513663
1.865 0.0002002367
1.87 -0.001070381
1.875 -0.002129698
1.88 -0.002861082
1.885 -0.0032862
1.89 -0.003509646
1.895 -0.003524339
1.9 -0.00327625
1.905 -0.002798726
1.91 -0.002201652
1.915 -0.001620173
1.92 -0.001151093
1.925 -0.0008409239
1.93 -0.0006796899
1.935 -0.000584515
1.94 -0.0004302034
1.945 -0.000130924
1.95 0.0003448155
1.955 0.001000847
1.96 0.001860614
1.965 0.002964111
1.97 0.004310366
1.975 0.005800197
1.98 0.007228609
1.985 0.008353037
1.99 0.008998393
1.995 0.009156335
2 0.008935577
2.005 0.008454229
2.01 0.007796281
2.015 0.006997824
2.02 0.00603773
2.025 0.004894781
2.03 0.003586985
2.035 0.002159099
2.04 0.0007347633
2.045 -0.0004230766
2.05 -0.001058522
2.055 -0.001084161
2.06 -0.0005797978
2.065 0.000270145
2.07 0.001306341
2.075 0.002461585
2.08 0.003753163
2.085 0.00515365
2.09 0.006551633
2.095 0.007834818
2.1 0.00894718
2.105 0.00987509
2.11 0.01053072
2.115 0.01078845
2.12 0.01063077
2.125 0.01016529
2.13 0.009551555
2.135 0.008896381
2.14 0.008232869
2.145 0.007558309
2.15 0.006860465
2.155 0.006132291
2.16 0.005376128
2.165 0.004570537
2.17 0.003635284
2.175 0.002559298
2.18 0.001480572
2.185 0.0005388331
2.19 -0.0002196126
2.195 -0.0008319132
2.2 -0.001368869
2.205 -0.001882245
2.21 -0.002405132
2.215 -0.002923708
2.22 -0.003337453
2.225 -0.003582417
2.23 -0.003727095
2.235 -0.003841748
2.24 -0.003913168
2.245 -0.003862446
2.25 -0.003576606
2.255 -0.002951375
2.26 -0.001947608
2.265 -0.0006155866
2.27 0.0009374615
2.275 0.002561666
2.28 0.004088589
2.285 0.005335184
2.29 0.006167099
2.295 0.006620175
2.3 0.006903508
2.305 0.007294827
2.31 0.007997235
2.315 0.009044932
2.32 0.01030984
2.325 0.0116031
2.33 0.01280536
2.335 0.01386864
2.34 0.01479094
2.345 0.01559603
2.35 0.01627149
2.355 0.01670475
2.36 0.01671363
2.365 0.01612296
2.37 0.01484056
2.375 0.01287248
2.38 0.01028179
2.385 0.007232405
2.39 0.003954411
2.395 0.0005964324
2.4 -0.002759937
2.405 -0.006021748
2.41 -0.009053985
2.415 -0.01168695
2.42 -0.01376384
2.425 -0.01521016
2.43 -0.01606386
2.435 -0.01640698
2.44 -0.01630311
2.445 -0.01581802
2.45 -0.01506124
2.455 -0.01417842
2.46 -0.0133365
2.465 -0.01266927
2.47 -0.01220418
2.475 -0.01187353
2.48 -0.01157879
2.485 -0.01118743
2.49 -0.01055731
2.495 -0.009624026
2.5 -0.008406542
2.505 -0.006937237
2.51 -0.00523921
2.515 -0.003337503
2.52 -0.001311373
2.525 0.0006968126
2.53 0.00253511
2.535 0.00404613
2.54 0.005086614
2.545 0.005584339
2.55 0.005568394
2.555 0.005122799
2.56 0.004305623
2.565 0.003127254
2.57 0.001725006
2.575 0.0004361715
2.58 -0.0003364153
2.585 -0.0003540416
2.59 0.0003215395
2.595 0.001506518
2.6 0.002956107
2.605 0.00431795
2.61 0.005260063
2.615 0.005622814
2.62 0.005381867
2.625 0.004600566
2.63 0.003371718
2.635 0.00173194
2.64 -0.0003534788
2.645 -0.002807192
2.65 -0.005410628
2.655 -0.007956406
2.66 -0.01016793
2.665 -0.01166541
2.67 -0.01213622
2.675 -0.01151064
2.68 -0.0100197
2.685 -0.008028142
2.69 -0.00581436
2.695 -0.003516688
2.7 -0.001155774
2.705 0.001326815
2.71 0.00393109
2.715 0.006516428
2.72 0.008863297
2.725 0.01073682
2.73 0.01195272
2.735 0.01247069
2.74 0.01239914
2.745 0.01186631
2.75 0.01099988
2.755 0.009941265
2.76 0.008849063
2.765 0.007864991
2.77 0.007051498
2.775 0.006376903
2.78 0.00573952
2.785 0.005031093
2.79 0.004185576
2.795 0.003183226
2.8 0.002050716
2.805 0.0008458786
2.81 -0.0003990247
2.815 -0.00170428
2.82 -0.003101797
2.825 -0.004551215
2.83 -0.005901925
2.835 -0.007023892
2.84 -0.007885832
2.845 -0.008485048
2.85 -0.008807148
2.855 -0.008817765
2.86 -0.008522774
2.865 -0.008002188
2.87 -0.007372847
2.875 -0.006760417
2.88 -0.00626489
2.885 -0.005967072
2.89 -0.005954964
2.895 -0.006328832
2.9 -0.007047394
2.905 -0.007837898
2.91 -0.008436234
2.915 -0.008717805
2.92 -0.008614327
2.925 -0.008112909
2.93 -0.007256087
2.935 -0.006062749
2.94 -0.004526651
2.945 -0.00269411
2.95 -0.0006936981
2.955 0.001297101
2.96 0.003097338
2.965 0.004588038
2.97 0.005763067
2.975 0.00660531
2.98 0.007012877
2.985 0.007010795
2.99 0.006787257
2.995 0.006486177
3 0.006217056
3.005 0.006080765
3.01 0.006103691
3.015 0.006243471
3.02 0.006463649
3.025 0.006722848
3.03 0.006944535
3.035 0.007015631
3.04 0.006839137
3.045 0.006405738
3.05 0.00571926
3.055 0.004755574
3.06 0.003589679
3.065 0.002430266
3.07 0.001503752
3.075 0.0009120939
3.08 0.0005751142
3.085 0.0003637861
3.09 0.0001943478
3.095 5.072375e-05
3.1 -9.804692e-05
3.105 -0.0003423432
3.11 -0.0007524552
3.115 -0.001331727
3.12 -0.002023369
3.125 -0.002755434
3.13 -0.003479173
3.135 -0.004157632
3.14 -0.00475748
3.145 -0.005257343
3.15 -0.005665308
3.155 -0.006038485
3.16 -0.006495168
3.165 -0.007202049
3.17 -0.008315772
3.175 -0.00986277
3.18 -0.011688
3.185 -0.01355911
3.19 -0.01524622
3.195 -0.01658223
3.2 -0.01747484
3.205 -0.01786878
3.21 -0.01767218
3.215 -0.01684031
3.22 -0.01549806
3.225 -0.01381438
3.23 -0.01190384
3.235 -0.009952524
3.24 -0.008129664
3.245 -0.006352898
3.25 -0.004486027
3.255 -0.002570566
3.26 -0.0008101517
3.265 0.0005797022
3.27 0.001571225
3.275 0.00231912
3.28 0.003019448
3.285 0.003718206
3.29 0.004346926
3.295 0.004882635
3.3 0.005268072
3.305 0.005354298
3.31 0.005033544
3.315 0.004335917
3.32 0.003415087
3.325 0.00240312
3.33 0.001317049
3.335 0.0001641745
3.34 -0.001026392
3.345 -0.002259965
3.35 -0.003547599
3.355 -0.004836243
3.36 -0.00594004
3.365 -0.006633315
3.37 -0.006830764
3.375 -0.006544672
3.38 -0.005799178
3.385 -0.004635269
3.39 -0.003131377
3.395 -0.001388785
3.4 0.0004716644
3.405 0.002344639
3.41 0.004199855
3.415 0.006104815
3.42 0.008182192
3.425 0.01040825
3.43 0.01256939
3.435 0.01455023
3.44 0.01633777
3.445 0.01782094
3.45 0.01892742
3.455 0.01973611
3.46 0.02034603
3.465 0.02075016
3.47 0.02077835
3.475 0.02028043
3.48 0.01924235
3.485 0.01765527
3.49 0.01552169
3.495 0.01292159
3.5 0.009943336
3.505 0.006653399
3.51 0.003234822
3.515 -5.977861e-05
3.52 -0.003118543
3.525 -0.005930056
3.53 -0.00851146
3.535 -0.01092231
3.54 -0.01323564
3.545 -0.015451
3.55 -0.0174479
3.555 -0.01898968
3.56 -0.01980696
3.565 -0.01972439
3.57 -0.01875998
3.575 -0.01712915
3.58 -0.01511305
3.585 -0.01284717
3.59 -0.01027967
3.595 -0.007271724
3.6 -0.003823356
3.605 -0.000150178
3.61 0.003585511
3.615 0.007346164
3.62 0.01104832
3.625 0.01460258
3.63 0.01804463
3.635 0.02146671
3.64 0.02487219
3.645 0.02804014
3.65 0.03059277
3.655 0.03224743
3.66 0.03291829
3.665 0.03268654
3.67 0.03169588
3.675 0.03005179
3.68 0.0278266
3.685 0.02508825
3.69 0.02187989
3.695 0.01828838
3.7 0.01446931
3.705 0.01060354
3.71 0.00686595
3.715 0.003436666
3.72 0.0004479809
3.725 -0.002097918
3.73 -0.004232971
3.735 -0.005905314
3.74 -0.007070339
3.745 -0.007780609
3.75 -0.008188973
3.755 -0.008468249
3.76 -0.008664031
3.765 -0.008784352
3.77 -0.008897626
3.775 -0.009079356
3.78 -0.009364382
3.785 -0.009733793
3.79 -0.01010522
3.795 -0.01034448
3.8 -0.01033276
3.805 -0.01001905
3.81 -0.009392866
3.815 -0.008487995
3.82 -0.00741319
3.825 -0.006292103
3.83 -0.005150564
3.835 -0.003943517
3.84 -0.002637781
3.845 -0.001302617
3.85 -7.087973e-05
3.855 0.00101934
3.86 0.00200422
3.865 0.002891638
3.87 0.003614125
3.875 0.004050239
3.88 0.004137013
3.885 0.003875276
3.89 0.003228233
3.895 0.002182991
3.9 0.0008327103
3.905 -0.000622996
3.91 -0.001947155
3.915 -0.002993474
3.92 -0.003714165
3.925 -0.00407945
3.93 -0.004062297
3.935 -0.003654943
3.94 -0.002936825
3.945 -0.002076875
3.95 -0.001223447
3.955 -0.0004467799
3.96 0.0002876979
3.965 0.001048103
3.97 0.001856367
3.975 0.002688198
3.98 0.003521654
3.985 0.004412098
3.99 0.005463567
3.995 0.006731112
4 0.008165099
4.005 0.009633022
4.01 0.01105488
4.015 0.01243197
4.02 0.01374724
4.025 0.01494228
4.03 0.01595516
4.035 0.01678898
4.04 0.01749122
4.045 0.01797928
4.05 0.01807471
4.055 0.0177339
4.06 0.01705959
4.065 0.0162145
4.07 0.01544455
4.075 0.01500242
4.08 0.01491591
4.085 0.01500396
4.09 0.01511972
4.095 0.01516913
4.1 0.01507055
4.105 0.0147588
4.11 0.01419749
4.115 0.01340185
4.12 0.01242622
4.125 0.01130963
4.13 0.01006044
4.135 0.008670988
4.14 0.007216965
4.145 0.005887145
4.15 0.004848797
4.155 0.004195911
4.16 0.003999756
4.165 0.004310034
4.17 0.005146817
4.175 0.00646183
4.18 0.008112779
4.185 0.009866689
4.19 0.01152241
4.195 0.01313924
4.2 0.01486657
4.205 0.01659798
4.21 0.01804753
4.215 0.01893595
4.22 0.01907129
4.225 0.01840264
4.23 0.01703451
4.235 0.01517127
4.24 0.01295761
4.245 0.01049612
4.25 0.007877959
4.255 0.005200632
4.26 0.002600572
4.265 0.0002831567
4.27 -0.001528896
4.275 -0.002713945
4.28 -0.003253307
4.285 -0.003174225
4.29 -0.002550016
4.295 -0.001512442
4.3 -0.0002737683
4.305 0.0009412009
4.31 0.002052077
4.315 0.002954788
4.32 0.003353215
4.325 0.003064754
4.33 0.002238607
4.335 0.001159146
4.34 8.070578e-05
4.345 -0.0008618199
4.35 -0.001634848
4.355 -0.002246144
4.36 -0.002678496
4.365 -0.002845997
4.37 -0.002630592
4.375 -0.001915919
4.38 -0.0006020055
4.385 0.001300457
4.39 0.003594911
4.395 0.005983518
4.4 0.00825335
4.405 0.01041286
4.41 0.01260644
4.415 0.01479279
4.42 0.01672599
4.425 0.01815618
4.43 0.0188728
4.435 0.01874106
4.44 0.01782834
4.445 0.01638241
4.45 0.01459323
4.455 0.01257675
4.46 0.01048605
4.465 0.008524771
4.47 0.006876599
4.475 0.005618022
4.48 0.004667107
4.485 0.003816828
4.49 0.002825659
4.495 0.001567623
4.5 5.578483e-05
4.505 -0.001620871
4.51 -0.003437127
4.515 -0.005445015
4.52 -0.007513046
4.525 -0.009259875
4.53 -0.01025935
4.535 -0.01022536
4.54 -0.009159352
4.545 -0.007314951
4.55 -0.005037967
4.555 -0.002595711
4.56 -7.561204e-05
4.565 0.002628519
4.57 0.005645108
4.575 0.008898373
4.58 0.0121301
4.585 0.01500731
4.59 0.01718046
4.595 0.01841231
4.6 0.01875678
4.605 0.01846928
4.61 0.01771765
4.615 0.01660209
4.62 0.01519233
4.625 0.01348014
4.63 0.01143605
4.635 0.009120933
4.64 0.006706346
4.645 0.00441181
4.65 0.002428197
4.655 0.0008203873
4.66 -0.0005474107
4.665 -0.001853447
4.67 -0.003062665
4.675 -0.004018877
4.68 -0.004631527
4.685 -0.005001816
4.69 -0.005361122
4.695 -0.005849949
4.7 -0.006546524
4.705 -0.007511316
4.71 -0.008691584
4.715 -0.009925075
4.72 -0.01108315
4.725 -0.01209715
4.73 -0.01293487
4.735 -0.01359164
4.74 -0.01403176
4.745 -0.0140851
4.75 -0.01355281
4.755 -0.01242632
4.76 -0.0108296
4.765 -0.008888469
4.77 -0.006738634
4.775 -0.004530062
4.78 -0.00236706
4.785 -0.0002321825
4.79 0.002032391
4.795 0.00449521
4.8 0.007009973
4.805 0.009355039
4.81 0.01132238
4.815 0.01276327
4.82 0.01363887
4.825 0.01399356
4.83 0.01382193
4.835 0.01307333
4.84 0.01176113
4.845 0.009934661
4.85 0.007622354
4.855 0.004992985
4.86 0.002354768
4.865 -0.0001180421
4.87 -0.002431513
4.875 -0.004645107
4.88 -0.006692065
4.885 -0.008344893
4.89 -0.009479188
4.895 -0.0101232
4.9 -0.01025573
4.905 -0.009813445
4.91 -0.008745814
4.915 -0.007063947
4.92 -0.004855492
4.925 -0.002229844
4.93 0.0007029818
4.935 0.003863317
4.94 0.007131222
4.945 0.01030667
4.95 0.01316648
4.955 0.01554981
4.96 0.01743665
4.965 0.01886729
4.97 0.01987542
4.975 0.02062922
4.98 0.02140064
4.985 0.02230542
4.99 0.02336462
4.995 0.02467958
5 0.02639147
5.005 0.028522
5.01 0.03077468
5.015 0.03269078
5.02 0.03405642
5.025 0.03484864
5.03 0.03505808
5.035 0.03463851
5.04 0.03356224
5.045 0.03193601
5.05 0.03001086
5.055 0.02806009
5.06 0.02622849
5.065 0.02448807
5.07 0.02276255
5.075 0.02101911
5.08 0.01926734
5.085 0.0173944
5.09 0.01513345
5.095 0.01239451
5.1 0.009372704
5.105 0.006341623
5.11 0.003457863
5.115 0.0006656374
5.12 -0.002110494
5.125 -0.004858426
5.13 -0.00754425
5.135 -0.01002447
5.14 -0.01196107
5.145 -0.01298404
5.15 -0.01291016
5.155 -0.01188604
5.16 -0.01034537
5.165 -0.008790623
5.17 -0.007693555
5.175 -0.007352167
5.18 -0.007713175
5.185 -0.008470554
5.19 -0.00935612
5.195 -0.01018179
5.2 -0.01082066
5.205 -0.01119463
5.21 -0.01127602
5.215 -0.01111526
5.22 -0.01087048
5.225 -0.01079356
5.23 -0.01113906
5.235 -0.01203897
5.24 -0.01338569
5.245 -0.0148833
5.25 -0.01620487
5.255 -0.01711928
5.26 -0.01749227
5.265 -0.01718083
5.27 -0.01615043
5.275 -0.01460519
5.28 -0.01286532
5.285 -0.01118838
5.29 -0.009649154
5.295 -0.008292541
5.3 -0.007335083
5.305 -0.007012443
5.31 -0.007403943
5.315 -0.008418027
5.32 -0.009851279
5.325 -0.01151868
5.33 -0.01323047
5.335 -0.01477148
5.34 -0.01592691
5.345 -0.01642984
5.35 -0.01590745
5.355 -0.01413025
5.36 -0.01121982
5.365 -0.007536591
5.37 -0.003473773
5.375 0.0008057439
5.38 0.00528432
5.385 0.009969931
5.39 0.01490755
5.395 0.02003525
5.4 0.02493953
5.405 0.02908407
5.41 0.03217871
5.415 0.03409132
5.42 0.03484682
5.425 0.03481871
5.43 0.03449686
5.435 0.03399914
5.44 0.03314989
5.445 0.03172276
5.45 0.02964211
5.455 0.02703977
5.46 0.02412988
5.465 0.02108879
5.47 0.01798955
5.475 0.01489483
5.48 0.01184458
5.485 0.008754683
5.49 0.00554632
5.495 0.0023008
5.5 -0.0007586797
5.505 -0.003434581
5.51 -0.005779046
5.515 -0.007931317
5.52 -0.009915205
5.525 -0.0118116
5.53 -0.01377608
5.535 -0.01580512
5.54 -0.01780986
5.545 -0.01978479
5.55 -0.02173928
5.555 -0.02358707
5.56 -0.02509191
5.565 -0.02595944
5.57 -0.02601484
5.575 -0.02531463
5.58 -0.0241172
5.585 -0.02268779
5.59 -0.02122876
5.595 -0.01987376
5.6 -0.01871215
5.605 -0.01777468
5.61 -0.01695921
5.615 -0.01608037
5.62 -0.0150318
5.625 -0.01377188
5.63 -0.0122868
5.635 -0.01067859
5.64 -0.009182052
5.645 -0.00804476
5.65 -0.007364217
5.655 -0.006981924
5.66 -0.006681431
5.665 -0.006360049
5.67 -0.005939934
5.675 -0.005349805
5.68 -0.004586185
5.685 -0.003631335
5.69 -0.002405513
5.695 -0.0009410455
5.7 0.0005635912
5.705 0.00190186
5.71 0.002954453
5.715 0.003736457
5.72 0.004349226
5.725 0.004896595
5.73 0.005417889
5.735 0.005871769
5.74 0.006133116
5.745 0.005949882
5.75 0.005018054
5.755 0.003318064
5.76 0.001210554
5.765 -0.0008120166
5.77 -0.002189005
5.775 -0.002381716
5.78 -0.001164171
5.785 0.001164761
5.79 0.00382028
5.795 0.005841773
5.8 0.006683968
5.805 0.006540059
5.81 0.006245982
5.815 0.006571347
5.82 0.007849115
5.825 0.01008161
5.83 0.01293191
5.835 0.01574931
5.84 0.01773042
5.845 0.01825393
5.85 0.01730464
5.855 0.01538325
5.86 0.0130337
5.865 0.01073866
5.87 0.008900067
5.875 0.007852075
5.88 0.007798168
5.885 0.008686844
5.89 0.01030916
5.895 0.01247714
5.9 0.0150004
5.905 0.01761859
5.91 0.01996817
5.915 0.02159622
5.92 0.02205281
5.925 0.02099995
5.93 0.01838479
5.935 0.01466401
5.94 0.0106021
5.945 0.006622706
5.95 0.002751524
5.955 -0.001211203
5.96 -0.005388325
5.965 -0.009643577
5.97 -0.01365509
5.975 -0.01703144
5.98 -0.01948033
5.985 -0.02094749
5.99 -0.02163628
5.995 -0.02185816
6 -0.02194167
6.005 -0.02211844
6.01 -0.02244328
6.015 -0.02278983
6.02 -0.02303441
6.025 -0.02313618
6.03 -0.02305674
6.035 -0.02275975
6.04 -0.02224437
6.045 -0.02156454
6.05 -0.02080845
6.055 -0.02003039
6.06 -0.01922977
6.065 -0.01834601
6.07 -0.01722059
6.075 -0.01559395
6.08 -0.01320906
6.085 -0.01001864
6.09 -0.006369857
6.095 -0.002719208
6.1 0.0007612677
6.105 0.004033299
6.11 0.007078759
6.115 0.009993175
6.12 0.01282317
6.125 0.0152989
6.13 0.0169847
6.135 0.01751603
6.14 0.01670578
6.145 0.01455387
6.15 0.01114066
6.155 0.006765019
6.16 0.001918688
6.165 -0.003079763
6.17 -0.008157575
6.175 -0.01316245
6.18 -0.01790635
6.185 -0.02239
6.19 -0.02662563
6.195 -0.03044052
6.2 -0.03349534
6.205 -0.03549082
6.21 -0.03641474
6.215 -0.03639683
6.22 -0.03548324
6.225 -0.03374899
6.23 -0.0314024
6.235 -0.02873373
6.24 -0.02598808
6.245 -0.02318932
6.25 -0.02024595
6.255 -0.01714905
6.26 -0.01413646
6.265 -0.01159179
6.27 -0.009757004
6.275 -0.008713348
6.28 -0.008417326
6.285 -0.008636089
6.29 -0.008976567
6.295 -0.009054355
6.3 -0.008521773
6.305 -0.007113246
6.31 -0.004806894
6.315 -0.001892845
6.32 0.001161746
6.325 0.004011415
6.33 0.006768492
6.335 0.009681902
6.34 0.01276161
6.345 0.01579748
6.35 0.01845724
6.355 0.02042014
6.36 0.02149368
6.365 0.02169792
6.37 0.02127133
6.375 0.02056102
6.38 0.01981152
6.385 0.01915918
6.39 0.01870209
6.395 0.01851187
6.4 0.01861219
6.405 0.01893845
6.41 0.01933107
6.415 0.01958138
6.42 0.01943293
6.425 0.01863044
6.43 0.01705854
6.435 0.01480274
6.44 0.01206493
6.445 0.009071109
6.45 0.005940593
6.455 0.002703549
6.46 -0.0006330919
6.465 -0.004002699
6.47 -0.007188106
6.475 -0.009790306
6.48 -0.01143254
6.485 -0.01199441
6.49 -0.01166256
6.495 -0.01089326
6.5 -0.01028033
6.505 -0.01044485
6.51 -0.01184814
6.515 -0.01460201
6.52 -0.01841274
6.525 -0.02273265
6.53 -0.02700432
6.535 -0.03100637
6.54 -0.03486628
6.545 -0.03887412
6.55 -0.04314846
6.555 -0.04747877
6.56 -0.05143719
6.565 -0.05451673
6.57 -0.05633128
6.575 -0.05681296
6.58 -0.05623432
6.585 -0.05497457
6.59 -0.05336866
6.595 -0.0515667
6.6 -0.04963099
6.605 -0.04763658
6.61 -0.04565854
6.615 -0.0437415
6.62 -0.04185955
6.625 -0.03998727
6.63 -0.03819829
6.635 -0.03669905
6.64 -0.03571426
6.645 -0.03526933
6.65 -0.03522984
6.655 -0.03544453
6.66 -0.03570212
6.665 -0.03575604
6.67 -0.0354875
6.675 -0.03495824
6.68 -0.03434774
6.685 -0.03378236
6.69 -0.03327079
6.695 -0.03287251
6.7 -0.03273149
6.705 -0.03297473
6.71 -0.03368839
6.715 -0.03496365
6.72 -0.03699379
6.725 -0.03998805
6.73 -0.04395818
6.735 -0.04869439
6.74 -0.05388134
6.745 -0.05916759
6.75 -0.06428587
6.755 -0.06920681
6.76 -0.07396494
6.765 -0.07837188
6.77 -0.08200244
6.775 -0.08439679
6.78 -0.08542564
6.785 -0.0854604
6.79 -0.08523243
6.795 -0.08547099
6.8 -0.08653007
6.805 -0.08829348
6.81 -0.09020083
6.815 -0.09137194
6.82 -0.0907319
6.825 -0.08722719
6.83 -0.08013213
6.835 -0.06936594
6.84 -0.05555966
6.845 -0.03956835
6.85 -0.02181249
6.855 -0.002776159
6.86 0.01660038
6.865 0.03515194
6.87 0.05175887
6.875 0.0656214
6.88 0.07607153
6.885 0.08254728
6.89 0.08501258
6.895 0.08392314
6.9 0.07963014
6.905 0.07262582
6.91 0.0635778
6.915 0.05284875
6.92 0.0404233
6.925 0.02615456
6.93 0.01044364
6.935 -0.005481513
6.94 -0.02030435
6.945 -0.03328653
6.95 -0.04450811
6.955 -0.05458798
6.96 -0.0640361
6.965 -0.07277176
6.97 -0.08017698
6.975 -0.08579272
6.98 -0.0896937
6.985 -0.09237595
6.99 -0.09437932
6.995 -0.09598121
7 -0.09733222
7.005 -0.09848673
7.01 -0.0992688
7.015 -0.09942126
7.02 -0.09879547
7.025 -0.09741351
7.03 -0.09546718
7.035 -0.09321085
7.04 -0.09082942
7.045 -0.08839072
7.05 -0.0861489
7.055 -0.08458024
7.06 -0.08398911
7.065 -0.08440118
7.07 -0.08562523
7.075 -0.08719885
7.08 -0.08847706
7.085 -0.08892952
7.09 -0.08823813
7.095 -0.08628362
7.1 -0.08321786
7.105 -0.07940418
7.11 -0.07514446
7.115 -0.07056359
7.12 -0.06562495
7.125 -0.06030572
7.13 -0.05467307
7.135 -0.04872366
7.14 -0.04243438
7.145 -0.03606366
7.15 -0.03001075
7.155 -0.02446804
7.16 -0.01940602
7.165 -0.01462875
7.17 -0.009790038
7.175 -0.004476123
7.18 0.001584386
7.185 0.008214678
7.19 0.01480688
7.195 0.0209578
7.2 0.02669173
7.205 0.03214647
7.21 0.03739235
7.215 0.04236037
7.22 0.04698757
7.225 0.0511906
7.23 0.05458154
7.235 0.05648811
7.24 0.05624035
7.245 0.05368926
7.25 0.04934367
7.255 0.04381465
7.26 0.03757138
7.265 0.03088417
7.27 0.02397522
7.275 0.01709467
7.28 0.0104247
7.285 0.004107327
7.29 -0.001606644
7.295 -0.006276595
7.3 -0.009283337
7.305 -0.01003717
7.31 -0.008297831
7.315 -0.004441753
7.32 0.0007378994
7.325 0.006647359
7.33 0.01295991
7.335 0.01951592
7.34 0.02615116
7.345 0.03261726
7.35 0.03867694
7.355 0.04411782
7.36 0.04864097
7.365 0.05157116
7.37 0.05198133
7.375 0.04925648
7.38 0.04344688
7.385 0.03516006
7.39 0.02499843
7.395 0.01323836
7.4 6.562789e-05
7.405 -0.01411917
7.41 -0.02864425
7.415 -0.04267591
7.42 -0.05551153
7.425 -0.06688016
7.43 -0.07680545
7.435 -0.08510994
7.44 -0.09158948
7.445 -0.09625746
7.45 -0.09935367
7.455 -0.1013221
7.46 -0.1026962
7.465 -0.1039918
7.47 -0.1054974
7.475 -0.1072626
7.48 -0.1091652
7.485 -0.111004
7.49 -0.112588
7.495 -0.1138009
7.5 -0.1145767
7.505 -0.1148792
7.51 -0.1147585
7.515 -0.1143901
7.52 -0.1140408
7.525 -0.1139718
7.53 -0.1143131
7.535 -0.1150487
7.54 -0.1160893
7.545 -0.1174118
7.55 -0.1191015
7.555 -0.1213192
7.56 -0.1241356
7.565 -0.1274473
7.57 -0.1310909
7.575 -0.1349677
7.58 -0.1391848
7.585 -0.1440226
7.59 -0.1497854
7.595 -0.1565536
7.6 -0.1640048
7.605 -0.1714704
7.61 -0.1783191
7.615 -0.1843088
7.62 -0.1891412
7.625 -0.1920233
7.63 -0.1916046
7.635 -0.1864637
7.64 -0.1757197
7.645 -0.1592073
7.65 -0.1373974
7.655 -0.1114156
7.66 -0.08297761
7.665 -0.05388428
7.67 -0.02620622
7.675 -0.001959338
7.68 0.01815712
7.685 0.03489335
7.69 0.04908724
7.695 0.06133077
7.7 0.07199711
7.705 0.08117264
7.71 0.08877516
7.715 0.09496363
7.72 0.1001686
7.725 0.1046039
7.73 0.108352
7.735 0.1114329
7.74 0.113679
7.745 0.1148323
7.75 0.1148626
7.755 0.113975
7.76 0.1123803
7.765 0.1101651
7.77 0.1072514
7.775 0.1034779
7.78 0.0987236
7.785 0.09293141
7.79 0.08602853
7.795 0.07790925
7.8 0.06872801
7.805 0.05898353
7.81 0.04921091
7.815 0.03964753
7.82 0.030024
7.825 0.02002996
7.83 0.009754414
7.835 -0.0002791582
7.84 -0.009469612
7.845 -0.01760816
7.85 -0.02456979
7.855 -0.03002272
7.86 -0.03374186
7.865 -0.03578441
7.87 -0.03635749
7.875 -0.03585927
7.88 -0.03477889
7.885 -0.03344735
7.89 -0.03192401
7.895 -0.03010906
7.9 -0.02796611
7.905 -0.02576165
7.91 -0.02418188
7.915 -0.02403342
7.92 -0.02543634
7.925 -0.02783996
7.93 -0.03085385
7.935 -0.03430693
7.94 -0.03812317
7.945 -0.04224928
7.95 -0.0465514
7.955 -0.05077046
7.96 -0.05464218
7.965 -0.05808423
7.97 -0.06106083
7.975 -0.06340433
7.98 -0.06475561
7.985 -0.06470683
7.99 -0.06303841
7.995 -0.05987247
8 -0.05563109
8.005 -0.05082174
8.01 -0.04577853
8.015 -0.04043377
8.02 -0.03449366
8.025 -0.0277756
8.03 -0.0204183
8.035 -0.01281634
8.04 -0.005209289
8.045 0.002404368
8.05 0.01008902
8.055 0.01769091
8.06 0.02485422
8.065 0.03162659
8.07 0.03858824
8.075 0.0463363
8.08 0.0551956
8.085 0.06508237
8.09 0.07563021
8.095 0.08637957
8.1 0.09695482
8.105 0.1071375
8.11 0.1168893
8.115 0.126184
8.12 0.1348954
8.125 0.1429213
8.13 0.1502511
8.135 0.1568676
8.14 0.1626597
8.145 0.1673614
8.15 0.1707816
8.155 0.1730233
8.16 0.174542
8.165 0.1760557
8.17 0.1782318
8.175 0.1813838
8.18 0.185248
8.185 0.1890543
8.19 0.1920756
8.195 0.1944544
8.2 0.1968244
8.205 0.199481
8.21 0.202322
8.215 0.2050833
8.22 0.207697
8.225 0.2102324
8.23 0.2125702
8.235 0.2144545
8.24 0.2156532
8.245 0.216047
8.25 0.2156053
8.255 0.2142387
8.26 0.2118405
8.265 0.2083416
8.27 0.2036883
8.275 0.1977542
8.28 0.1902358
8.285 0.1808653
8.29 0.1697063
8.295 0.1571717
8.3 0.1438452
8.305 0.1303819
8.31 0.1173949
8.315 0.1052969
8.32 0.09433978
8.325 0.08467034
8.33 0.07613725
8.335 0.06837075
8.34 0.0612941
8.345 0.05518654
8.35 0.05040363
8.355 0.04714854
8.36 0.04538188
8.365 0.04490831
8.37 0.04550923
8.375 0.04711517
8.38 0.04972351
8.385 0.05329443
8.39 0.05768025
8.395 0.06265572
8.4 0.06804477
8.405 0.07377612
8.41 0.07990518
8.415 0.08646088
8.42 0.0933444
8.425 0.1004475
8.43 0.1076797
8.435 0.1148656
8.44 0.1218384
8.445 0.1285965
8.45 0.1351313
8.455 0.1412878
8.46 0.1468705
8.465 0.151682
8.47 0.1554596
8.475 0.1579863
8.48 0.1592007
8.485 0.15925
8.49 0.1584917
8.495 0.1574235
8.5 0.1565577
8.505 0.1562049
8.51 0.1564306
8.515 0.1569855
8.52 0.1571091
8.525 0.1555706
8.53 0.1509828
8.535 0.1421852
8.54 0.1284764
8.545 0.1095485
8.55 0.08554273
8.555 0.05736287
8.56 0.02711409
8.565 -0.002121481
8.57 -0.02748885
8.575 -0.04763306
8.58 -0.06295321
8.585 -0.07494842
8.59 -0.08483869
8.595 -0.09350003
8.6 -0.1015645
8.605 -0.1092518
8.61 -0.1165036
8.615 -0.1233975
8.62 -0.1303377
8.625 -0.1378489
8.63 -0.1461901
8.635 -0.155191
8.64 -0.1646959
8.645 -0.1747747
8.65 -0.1856578
8.655 -0.1973325
8.66 -0.2093448
8.665 -0.2212692
8.67 -0.2328876
8.675 -0.2438307
8.68 -0.2536353
8.685 -0.2620533
8.69 -0.2692466
8.695 -0.2757793
8.7 -0.282362
8.705 -0.2893551
8.71 -0.2962306
8.715 -0.302225
8.72 -0.3070219
8.725 -0.3103567
8.73 -0.3119112
8.735 -0.311688
8.74 -0.3098836
8.745 -0.3065234
8.75 -0.3017205
8.755 -0.2957408
8.76 -0.28854
8.765 -0.2795837
8.77 -0.2678059
8.775 -0.2517543
8.78 -0.229762
8.785 -0.2003091
8.79 -0.1626956
8.795 -0.1177564
8.8 -0.06858682
8.805 -0.02000099
8.81 0.02366993
8.815 0.06008873
8.82 0.08863481
8.825 0.1102103
8.83 0.1267786
8.835 0.1404156
8.84 0.1522834
8.845 0.1625712
8.85 0.1710977
8.855 0.1778972
8.86 0.1832121
8.865 0.1871002
8.87 0.189577
8.875 0.1907817
8.88 0.1910112
8.885 0.190647
8.89 0.1899751
8.895 0.1892113
8.9 0.1885182
8.905 0.1879258
8.91 0.1873753
8.915 0.1868465
8.92 0.1863879
8.925 0.1860943
8.93 0.1860759
8.935 0.1864074
8.94 0.1870948
8.945 0.1881409
8.95 0.1896182
8.955 0.1914446
8.96 0.1932704
8.965 0.194668
8.97 0.1950578
8.975 0.1935007
8.98 0.1890326
8.985 0.1810831
8.99 0.1695719
8.995 0.1547913
9 0.1370272
9.005 0.1167338
9.01 0.09462955
9.015 0.07166941
9.02 0.04901026
9.025 0.02803067
9.03 0.009987152
9.035 -0.004640355
9.04 -0.01627642
9.045 -0.0258269
9.05 -0.03389888
9.055 -0.040711
9.06 -0.04662789
9.065 -0.05220943
9.07 -0.05792741
9.075 -0.0641408
9.08 -0.07104695
9.085 -0.07852958
9.09 -0.08615323
9.095 -0.09338722
9.1 -0.1000718
9.105 -0.1065374
9.11 -0.1129304
9.115 -0.1187592
9.12 -0.1228955
9.125 -0.1241968
9.13 -0.1222288
9.135 -0.1174927
9.14 -0.1111501
9.145 -0.104187
9.15 -0.09715937
9.155 -0.0901105
9.16 -0.08281549
9.165 -0.07522805
9.17 -0.06787916
9.175 -0.06165143
9.18 -0.05720696
9.185 -0.05468701
9.19 -0.0536964
9.195 -0.05361833
9.2 -0.0538016
9.205 -0.05378391
9.21 -0.05336257
9.215 -0.05257327
9.22 -0.05158679
9.225 -0.0506368
9.23 -0.04999848
9.235 -0.05002357
9.24 -0.05107631
9.245 -0.0532798
9.25 -0.05645517
9.255 -0.06032858
9.26 -0.06471251
9.265 -0.06961654
9.27 -0.07507632
9.275 -0.08099381
9.28 -0.08713381
9.285 -0.09317564
9.29 -0.09888723
9.295 -0.1043132
9.3 -0.1097291
9.305 -0.1153075
9.31 -0.1209297
9.315 -0.1262155
9.32 -0.1309315
9.325 -0.1351933
9.33 -0.1391982
9.335 -0.1430518
9.34 -0.1466574
9.345 -0.1497041
9.35 -0.151771
9.355 -0.1525415
9.36 -0.1519196
9.365 -0.149975
9.37 -0.1468513
9.375 -0.1426683
9.38 -0.1375382
9.385 -0.1314297
9.39 -0.1238829
9.395 -0.114474
9.4 -0.1033332
9.405 -0.09119376
9.41 -0.07889688
9.415 -0.06650938
9.42 -0.05364208
9.425 -0.04012162
9.43 -0.0261547
9.435 -0.01225048
9.44 0.001058336
9.445 0.01328163
9.45 0.02404329
9.455 0.03330704
9.46 0.04140262
9.465 0.04867982
9.47 0.05524374
9.475 0.06076274
9.48 0.0648011
9.485 0.06719083
9.49 0.06816941
9.495 0.06831055
9.5 0.06820878
9.505 0.06839015
9.51 0.06922706
9.515 0.0708467
9.52 0.07315657
9.525 0.07596554
9.53 0.0790394
9.535 0.08217026
9.54 0.08524746
9.545 0.08823921
9.55 0.09111262
9.555 0.09373623
9.56 0.0958514
9.565 0.09719081
9.57 0.09755643
9.575 0.0967806
9.58 0.094791
9.585 0.09164948
9.59 0.087549
9.595 0.08273533
9.6 0.0773687
9.605 0.07155915
9.61 0.06539302
9.615 0.0588713
9.62 0.05192078
9.625 0.04456664
9.63 0.03696851
9.635 0.0293073
9.64 0.02174538
9.645 0.01442903
9.65 0.007522941
9.655 0.001106736
9.66 -0.004975619
9.665 -0.01092962
9.67 -0.01679893
9.675 -0.02250254
9.68 -0.02791596
9.685 -0.03293554
9.69 -0.03755009
9.695 -0.04184494
9.7 -0.04591203
9.705 -0.04978757
9.71 -0.05343036
9.715 -0.05676529
9.72 -0.05974578
9.725 -0.06241226
9.73 -0.06486068
9.735 -0.06710869
9.74 -0.06909247
9.745 -0.07066795
9.75 -0.07154044
9.755 -0.07133564
9.76 -0.06982546
9.765 -0.06703406
9.77 -0.06313317
9.775 -0.05821673
9.78 -0.0521892
9.785 -0.04488407
9.79 -0.03628801
9.795 -0.02671041
9.8 -0.01684252
9.805 -0.00736978
9.81 0.001803821
9.815 0.01110668
9.82 0.02033741
9.825 0.0291059
9.83 0.03733678
9.835 0.04508468
9.84 0.05243491
9.845 0.05947538
9.85 0.06626431
9.855 0.07277416
9.86 0.07888714
9.865 0.08449434
9.87 0.08959921
9.875 0.09418372
9.88 0.0981311
9.885 0.1014643
9.89 0.1043883
9.895 0.1070298
9.9 0.1092924
9.905 0.1108144
9.91 0.1111609
9.915 0.1100157
9.92 0.1072407
9.925 0.1028334
9.93 0.09681097
9.935 0.08927389
9.94 0.08039042
9.945 0.07020947
9.95 0.05881172
9.955 0.04647561
9.96 0.03372798
9.965 0.02126036
9.97 0.009680994
9.975 -0.0006075487
9.98 -0.00943344
9.985 -0.01669106
9.99 -0.02222868
9.995 -0.02589044
10 -0.02762988
10.005 -0.02753324
10.01 -0.02593493
10.015 -0.02333013
10.02 -0.02004115
10.025 -0.01620633
10.03 -0.01191734
10.035 -0.007442685
10.04 -0.0032264
10.045 0.0004520761
10.05 0.003508934
10.055 0.005855177
10.06 0.007484845
10.065 0.008539786
10.07 0.00918669
10.075 0.009535231
10.08 0.009586494
10.085 0.00931978
10.09 0.008745214
10.095 0.007850659
10.1 0.006656503
10.105 0.005327799
10.11 0.004063388
10.115 0.002962878
10.12 0.002138957
10.125 0.001698937
10.13 0.001558436
10.135 0.001518437
10.14 0.001457202
10.145 0.001335515
10.15 0.001128036
10.155 0.0007499408
10.16 0.0001718252
10.165 -0.0004235592
10.17 -0.0007669195
10.175 -0.0006580456
10.18 -1.595834e-05
10.185 0.001075974
10.19 0.002396288
10.195 0.003784855
10.2 0.005276194
10.205 0.006957028
10.21 0.008806874
10.215 0.01062813
10.22 0.01220363
10.225 0.01346361
10.23 0.01443482
10.235 0.01513659
10.24 0.01548634
10.245 0.01541226
10.25 0.01496684
10.255 0.01427166
10.26 0.01346561
10.265 0.01268814
10.27 0.01210673
10.275 0.01192318
10.28 0.01232624
10.285 0.0134068
10.29 0.01507737
10.295 0.01711385
10.3 0.01929608
10.305 0.02140137
10.31 0.023177
10.315 0.02433908
10.32 0.02462593
10.325 0.02389413
10.33 0.02220374
10.335 0.01979869
10.34 0.01696094
10.345 0.0139441
10.35 0.01091497
10.355 0.007949347
10.36 0.005136618
10.365 0.002870104
10.37 0.001726201
10.375 0.001967167
10.38 0.003614282
10.385 0.006671569
10.39 0.01096666
10.395 0.01614515
10.4 0.02197196
10.405 0.02835912
10.41 0.03529176
10.415 0.04260379
10.42 0.04996131
10.425 0.05714
10.43 0.06390756
10.435 0.06984453
10.44 0.07474545
10.445 0.0788236
10.45 0.08234322
10.455 0.08541476
10.46 0.08794901
10.465 0.08984596
10.47 0.09112609
10.475 0.09183773
10.48 0.09204099
10.485 0.09181667
10.49 0.09124313
10.495 0.09034255
10.5 0.08908832
10.505 0.08746468
10.51 0.0855176
10.515 0.08331732
10.52 0.08089075
10.525 0.07827126
10.53 0.07551667
10.535 0.07265327
10.54 0.06964841
10.545 0.06644124
10.55 0.06309609
10.555 0.05980044
10.56 0.05661447
10.565 0.05340648
10.57 0.04993832
10.575 0.04604554
10.58 0.04177092
10.585 0.03734731
10.59 0.03304727
10.595 0.02898519
10.6 0.02519969
10.605 0.02170518
10.61 0.01831711
10.615 0.01470564
10.62 0.01068647
10.625 0.006341398
10.63 0.001978367
10.635 -0.002095946
10.64 -0.005785234
10.645 -0.009276592
10.65 -0.01288512
10.655 -0.01680418
10.66 -0.0210748
10.665 -0.02564826
10.67 -0.03049067
10.675 -0.03553166
10.68 -0.04058925
10.685 -0.04548416
10.69 -0.05019259
10.695 -0.05489832
10.7 -0.05984569
10.705 -0.06508356
10.71 -0.07052076
10.715 -0.07603561
10.72 -0.08145709
10.725 -0.08658737
10.73 -0.09128625
10.735 -0.09544626
10.74 -0.09891642
10.745 -0.1014587
10.75 -0.1028453
10.755 -0.1030362
10.76 -0.102037
10.765 -0.09963627
10.77 -0.09566173
10.775 -0.09023847
10.78 -0.08378566
10.785 -0.07683538
10.79 -0.06966475
10.795 -0.06233549
10.8 -0.05479094
10.805 -0.04689425
10.81 -0.03855258
10.815 -0.02985283
10.82 -0.02098
10.825 -0.01213469
10.83 -0.003665832
10.835 0.004010653
10.84 0.01074202
10.845 0.01667548
10.85 0.02209253
10.855 0.0272039
10.86 0.03199448
10.865 0.03618295
10.87 0.03940017
10.875 0.04142293
10.88 0.04226522
10.885 0.04216971
10.89 0.0415278
10.895 0.04070809
10.9 0.03980123
10.905 0.03875202
10.91 0.03755501
10.915 0.0363123
10.92 0.03518264
10.925 0.0342515
10.93 0.03360919
10.935 0.03342126
10.94 0.03379105
10.945 0.03469358
10.95 0.03605569
10.955 0.03775301
10.96 0.03962999
10.965 0.04156928
10.97 0.04352288
10.975 0.04546807
10.98 0.04736763
10.985 0.04915568
10.99 0.05074092
10.995 0.05202829
11 0.05295068
11.005 0.05347062
11.01 0.05353674
11.015 0.05308265
11.02 0.05200332
11.025 0.05012463
11.03 0.04727971
11.035 0.04343042
11.04 0.03863833
11.045 0.03298962
11.05 0.02672566
11.055 0.02014515
11.06 0.01320716
11.065 0.005740272
11.07 -0.002195673
11.075 -0.01048239
11.08 -0.01907319
11.085 -0.02781021
11.09 -0.03633632
11.095 -0.04419876
11.1 -0.05115586
11.105 -0.05728078
11.11 -0.06260726
11.115 -0.06702578
11.12 -0.07040309
11.125 -0.07273134
11.13 -0.07419713
11.135 -0.07511513
11.14 -0.07580944
11.145 -0.07642164
11.15 -0.07698124
11.155 -0.07750803
11.16 -0.07803914
11.165 -0.07859751
11.17 -0.07913038
11.175 -0.07956257
11.18 -0.07985315
11.185 -0.07998053
11.19 -0.07988365
11.195 -0.07939527
11.2 -0.07827918
11.205 -0.07629504
11.21 -0.07323877
11.215 -0.068994
11.22 -0.06354066
11.225 -0.05703033
11.23 -0.04973581
11.235 -0.04186284
11.24 -0.03355489
11.245 -0.02498374
11.25 -0.01639639
11.255 -0.008051907
11.26 -7.134792e-05
11.265 0.00744782
11.27 0.01420067
11.275 0.01988298
11.28 0.02440889
11.285 0.02785368
11.29 0.03042639
11.295 0.03238853
11.3 0.03401208
11.305 0.03550059
11.31 0.03693811
11.315 0.03833401
11.32 0.03971001
11.325 0.04118003
11.33 0.04291279
11.335 0.04492619
11.34 0.04701603
11.345 0.04885191
11.35 0.05011081
11.355 0.0505544
11.36 0.0499691
11.365 0.04819768
11.37 0.04522312
11.375 0.04123811
11.38 0.03657174
11.385 0.0314734
11.39 0.02605583
11.395 0.02033869
11.4 0.01443606
11.405 0.008623122
11.41 0.003160623
11.415 -0.001716181
11.42 -0.005715715
11.425 -0.008664062
11.43 -0.01064207
11.435 -0.01189801
11.44 -0.01271465
11.445 -0.01323481
11.45 -0.01354861
11.455 -0.01375327
11.46 -0.01386238
11.465 -0.01380611
11.47 -0.01349281
11.475 -0.01286478
11.48 -0.01191684
11.485 -0.0106781
11.49 -0.009235685
11.495 -0.007763811
11.5 -0.006476488
11.505 -0.005530838
11.51 -0.004934211
11.515 -0.004584934
11.52 -0.004401255
11.525 -0.004302651
11.53 -0.004188154
11.535 -0.003990938
11.54 -0.003684764
11.545 -0.003249685
11.55 -0.002615223
11.555 -0.001669477
11.56 -0.0003735238
11.565 0.001207651
11.57 0.003010342
11.575 0.005102577
11.58 0.007665619
11.585 0.01070768
11.59 0.01408042
11.595 0.01775256
11.6 0.02177442
11.605 0.02619002
11.61 0.03103189
11.615 0.03626555
11.62 0.04176406
11.625 0.04741753
11.63 0.05324305
11.635 0.05930168
11.64 0.06552174
11.645 0.07154832
11.65 0.07697462
11.655 0.0816312
11.66 0.08557904
11.665 0.08891459
11.67 0.09148124
11.675 0.09303103
11.68 0.09348384
11.685 0.0929877
11.69 0.09186209
11.695 0.09040538
11.7 0.08885514
11.705 0.08734681
11.71 0.0858995
11.715 0.08446622
11.72 0.08302553
11.725 0.08156311
11.73 0.08001982
11.735 0.07835944
11.74 0.07662402
11.745 0.07491524
11.75 0.07331809
11.755 0.07180476
11.76 0.070222
11.765 0.06835355
11.77 0.06603828
11.775 0.06325032
11.78 0.0600891
11.785 0.05665071
11.79 0.05293316
11.795 0.04891364
11.8 0.04464027
11.805 0.04026233
11.81 0.03595434
11.815 0.03183222
11.82 0.02796516
11.825 0.02442457
11.83 0.02133331
11.835 0.0188169
11.84 0.01696568
11.845 0.01587057
11.85 0.01559493
11.855 0.01612748
11.86 0.01734623
11.865 0.0190742
11.87 0.02116851
11.875 0.0235458
11.88 0.02615571
11.885 0.02890758
11.89 0.03166457
11.895 0.03435513
11.9 0.03703273
11.905 0.0398185
11.91 0.04275303
11.915 0.04567947
11.92 0.04835662
11.925 0.05054476
11.93 0.05197295
11.935 0.05240449
11.94 0.0517081
11.945 0.04983035
11.95 0.04677298
11.955 0.0426207
11.96 0.03752428
11.965 0.03156769
11.97 0.0247781
11.975 0.01717598
11.98 0.008855964
11.985 0.0001764901
11.99 -0.008214471
11.995 -0.01584873
12 -0.02271073
12.005 -0.02880466
12.01 -0.03407842
12.015 -0.03863563
12.02 -0.04264934
12.025 -0.04618649
12.03 -0.04919571
12.035 -0.05160824
12.04 -0.05343897
12.045 -0.05475759
12.05 -0.05561272
12.055 -0.05606825
12.06 -0.05616156
12.065 -0.05576583
12.07 -0.05470712
12.075 -0.05288902
12.08 -0.0502288
12.085 -0.04666799
12.09 -0.04224918
12.095 -0.03708892
12.1 -0.0312428
12.105 -0.02468336
12.11 -0.01740175
12.115 -0.00963901
12.12 -0.001831092
12.125 0.005740567
12.13 0.01295939
12.135 0.01977608
12.14 0.02613137
12.145 0.03196525
12.15 0.03736783
12.155 0.04252103
12.16 0.04747276
12.165 0.05226705
12.17 0.05704365
12.175 0.06176843
12.18 0.06621747
12.185 0.07037859
12.19 0.07441129
12.195 0.07826321
12.2 0.08178321
12.205 0.08494927
12.21 0.08790979
12.215 0.09085935
12.22 0.09377765
12.225 0.09649841
12.23 0.09898335
12.235 0.1012665
12.24 0.1033082
12.245 0.1049736
12.25 0.1061046
12.255 0.1066618
12.26 0.106705
12.265 0.106246
12.27 0.105324
12.275 0.1040553
12.28 0.1025244
12.285 0.1007467
12.29 0.09874987
12.295 0.09661017
12.3 0.0944259
12.305 0.09233428
12.31 0.09047144
12.315 0.08884067
12.32 0.08736038
12.325 0.08612549
12.33 0.08530614
12.335 0.08486963
12.34 0.08466741
12.345 0.08461189
12.35 0.08469635
12.355 0.0849619
12.36 0.08543815
12.365 0.08608817
12.37 0.08678596
12.375 0.08736291
12.38 0.08770207
12.385 0.0878253
12.39 0.08787006
12.395 0.08794498
12.4 0.08809306
12.405 0.08831112
12.41 0.0885543
12.415 0.08876887
12.42 0.08895518
12.425 0.08915819
12.43 0.08936814
12.435 0.08948898
12.44 0.08935137
12.445 0.08875345
12.45 0.08753081
12.455 0.08565614
12.46 0.08329712
12.465 0.08077454
12.47 0.07835428
12.475 0.07598661
12.48 0.07350277
12.485 0.07085374
12.49 0.06808919
12.495 0.0653455
12.5 0.06284796
12.505 0.06084091
12.51 0.05948786
12.515 0.05888921
12.52 0.05909889
12.525 0.06005518
12.53 0.06154219
12.535 0.06326313
12.54 0.06495467
12.545 0.06654219
12.55 0.06805578
12.555 0.0695345
12.56 0.07103972
12.565 0.07262395
12.57 0.0742509
12.575 0.0758347
12.58 0.07731324
12.585 0.07862143
12.59 0.07969433
12.595 0.08056752
12.6 0.08135841
12.605 0.08212855
12.61 0.08290865
12.615 0.08374322
12.62 0.08457332
12.625 0.08521043
12.63 0.08551047
12.635 0.08544439
12.64 0.0850371
12.645 0.08435042
12.65 0.08344204
12.655 0.08234025
12.66 0.08101262
12.665 0.07934854
12.67 0.07720729
12.675 0.0745004
12.68 0.07123183
12.685 0.067487
12.69 0.06338379
12.695 0.05904062
12.7 0.0545544
12.705 0.04995519
12.71 0.04513094
12.715 0.03995527
12.72 0.03444872
12.725 0.02884829
12.73 0.02349624
12.735 0.01858049
12.74 0.01412872
12.745 0.01014387
12.75 0.006551536
12.755 0.003180593
12.76 -0.0001381159
12.765 -0.003453129
12.77 -0.006606508
12.775 -0.00936796
12.78 -0.01165771
12.785 -0.0135667
12.79 -0.01528761
12.795 -0.01700095
12.8 -0.01879342
12.805 -0.02059875
12.81 -0.0222719
12.815 -0.02369212
12.82 -0.02481173
12.825 -0.02565951
12.83 -0.02631154
12.835 -0.02685342
12.84 -0.02733649
12.845 -0.02779445
12.85 -0.02827636
12.855 -0.02884548
12.86 -0.0295425
12.865 -0.03030678
12.87 -0.0310316
12.875 -0.03169396
12.88 -0.03226263
12.885 -0.03260863
12.89 -0.03265486
12.895 -0.032431
12.9 -0.03195549
12.905 -0.03121994
12.91 -0.03022085
12.915 -0.02891014
12.92 -0.02718208
12.925 -0.02501828
12.93 -0.02255137
12.935 -0.01996295
12.94 -0.01743502
12.945 -0.01508802
12.95 -0.01292747
12.955 -0.01085524
12.96 -0.008809247
12.965 -0.006832115
12.97 -0.005035373
12.975 -0.003506695
12.98 -0.002235318
12.985 -0.001181679
12.99 -0.0003474046
12.995 0.0002687099
13 0.0006837495
13.005 0.0008949673
13.01 0.0009056063
13.015 0.0007521785
13.02 0.0004681189
13.025 3.354352e-05
13.03 -0.0006584306
13.035 -0.001730399
13.04 -0.00319863
13.045 -0.005002084
13.05 -0.007106178
13.055 -0.009499068
13.06 -0.0121538
13.065 -0.01496651
13.07 -0.01776056
13.075 -0.02038231
13.08 -0.02281638
13.085 -0.02522074
13.09 -0.02773248
13.095 -0.03034715
13.1 -0.03299767
13.105 -0.03558422
13.11 -0.037979
13.115 -0.04005098
13.12 -0.0417128
13.125 -0.04296546
13.13 -0.0438789
13.135 -0.04448359
13.14 -0.04481742
13.145 -0.04495892
13.15 -0.04496148
13.155 -0.0448621
13.16 -0.04478967
13.165 -0.04490683
13.17 -0.04527034
13.175 -0.04586143
13.18 -0.04666081
13.185 -0.04767992
13.19 -0.04894018
13.195 -0.05042763
13.2 -0.05209621
13.205 -0.05388153
13.21 -0.05568405
13.215 -0.05742086
13.22 -0.05915732
13.225 -0.06101892
13.23 -0.06303181
13.235 -0.06515023
13.24 -0.06730769
13.245 -0.06940946
13.25 -0.07137665
13.255 -0.07321214
13.26 -0.07495089
13.265 -0.07656573
13.27 -0.07792477
13.275 -0.07885071
13.28 -0.07927236
13.285 -0.07926833
13.29 -0.07902241
13.295 -0.07874061
13.3 -0.0785666
13.305 -0.07853013
13.31 -0.07858907
13.315 -0.07871268
13.32 -0.07888155
13.325 -0.07906247
13.33 -0.07919788
13.335 -0.07920094
13.34 -0.07897111
13.345 -0.07843285
13.35 -0.0776105
13.355 -0.07672032
13.36 -0.07607689
13.365 -0.07577761
13.37 -0.07569483
13.375 -0.07566668
13.38 -0.07557912
13.385 -0.07543084
13.39 -0.07537886
13.395 -0.07559321
13.4 -0.07599607
13.405 -0.07636802
13.41 -0.07656292
13.415 -0.07651721
13.42 -0.07620986
13.425 -0.07561143
13.43 -0.07469523
13.435 -0.07344774
13.44 -0.07183403
13.445 -0.06979089
13.45 -0.06730917
13.455 -0.06451823
13.46 -0.06168437
13.465 -0.05901597
13.47 -0.05648706
13.475 -0.05397737
13.48 -0.05139338
13.485 -0.04867901
13.49 -0.04583175
13.495 -0.04292088
13.5 -0.04009136
13.505 -0.03751526
13.51 -0.03529034
13.515 -0.03341938
13.52 -0.03186916
13.525 -0.03059128
13.53 -0.02955165
13.535 -0.02874985
13.54 -0.02819675
13.545 -0.02788233
13.55 -0.02782261
13.555 -0.02811182
13.56 -0.02880282
13.565 -0.02984906
13.57 -0.03120554
13.575 -0.03286213
13.58 -0.03484073
13.585 -0.03713111
13.59 -0.03967417
13.595 -0.04243442
13.6 -0.04536832
13.605 -0.04832812
13.61 -0.05118546
13.615 -0.05397388
13.62 -0.05675521
13.625 -0.05950456
13.63 -0.0621345
13.635 -0.06457308
13.64 -0.06684737
13.645 -0.069044
13.65 -0.07122756
13.655 -0.07337344
13.66 -0.07536237
13.665 -0.07703419
13.67 -0.07829703
13.675 -0.07919476
13.68 -0.07982841
13.685 -0.08027852
13.69 -0.08058063
13.695 -0.08075537
13.7 -0.08083358
13.705 -0.08082565
13.71 -0.08070223
13.715 -0.08042465
13.72 -0.07998023
13.725 -0.07939222
13.73 -0.07868826
13.735 -0.077864
13.74 -0.07691027
13.745 -0.07584714
13.75 -0.07473645
13.755 -0.07364508
13.76 -0.07258578
13.765 -0.0715271
13.77 -0.07045044
13.775 -0.06942486
13.78 -0.06857617
13.785 -0.06797599
13.79 -0.06760841
13.795 -0.06741055
13.8 -0.06738361
13.805 -0.06761954
13.81 -0.06822061
13.815 -0.06917674
13.82 -0.0703142
13.825 -0.07145549
13.83 -0.07257195
13.835 -0.07379902
13.84 -0.07525997
13.845 -0.07684366
13.85 -0.07835053
13.855 -0.07968843
13.86 -0.08087688
13.865 -0.08196081
13.87 -0.08289589
13.875 -0.08366573
13.88 -0.08440465
13.885 -0.08526958
13.89 -0.08629835
13.895 -0.08736049
13.9 -0.0883028
13.905 -0.08915296
13.91 -0.09001437
13.915 -0.0909264
13.92 -0.09186115
13.925 -0.09277162
13.93 -0.0936559
13.935 -0.09450452
13.94 -0.09523297
13.945 -0.09570869
13.95 -0.09583809
13.955 -0.09567505
13.96 -0.09537232
13.965 -0.09503262
13.97 -0.09465809
13.975 -0.09417411
13.98 -0.09352427
13.985 -0.09268458
13.99 -0.09159092
13.995 -0.09012731
14 -0.08817594
14.005 -0.08576605
14.01 -0.08310983
14.015 -0.08046622
14.02 -0.07802879
14.025 -0.07583637
14.03 -0.07383208
14.035 -0.07196113
14.04 -0.07023216
14.045 -0.06871369
14.05 -0.06748696
14.055 -0.06660348
14.06 -0.06607826
14.065 -0.06593545
14.07 -0.06619075
14.075 -0.06679095
14.08 -0.06759915
14.085 -0.06846255
14.09 -0.06930913
14.095 -0.07017013
14.1 -0.07108564
14.105 -0.07209946
14.11 -0.07329933
14.115 -0.07473382
14.12 -0.07634506
14.125 -0.07801945
14.13 -0.07965548
14.135 -0.08123341
14.14 -0.08280456
14.145 -0.08441395
14.15 -0.08596652
14.155 -0.08725209
14.16 -0.08818687
14.165 -0.08879423
14.17 -0.08901525
14.175 -0.08880636
14.18 -0.08823001
14.185 -0.08736614
14.19 -0.08619767
14.195 -0.08452426
14.2 -0.08214629
14.205 -0.07908997
14.21 -0.07556438
14.215 -0.07182244
14.22 -0.06800632
14.225 -0.06414325
14.23 -0.06021057
14.235 -0.05618559
14.24 -0.05207726
14.245 -0.04794751
14.25 -0.04387294
14.255 -0.03986656
14.26 -0.03585037
14.265 -0.03170529
14.27 -0.02741472
14.275 -0.0231141
14.28 -0.01893604
14.285 -0.01494012
14.29 -0.01111068
14.295 -0.007368394
14.3 -0.003656575
14.305 -0.0001317628
14.31 0.002888668
14.315 0.005236745
14.32 0.00694879
14.325 0.008151087
14.33 0.009014629
14.335 0.009681026
14.34 0.01018595
14.345 0.01048305
14.35 0.01052764
14.355 0.01034187
14.36 0.01001588
14.365 0.009615213
14.37 0.00917488
14.375 0.008791265
14.38 0.008593399
14.385 0.008640763
14.39 0.008897719
14.395 0.009280171
14.4 0.009771146
14.405 0.01039822
14.41 0.01112081
14.415 0.01184749
14.42 0.01251771
14.425 0.01314808
14.43 0.01377439
14.435 0.01429413
14.44 0.01450216
14.445 0.01425247
14.45 0.01358196
14.455 0.01268207
14.46 0.01165977
14.465 0.01050121
14.47 0.009211369
14.475 0.007820305
14.48 0.006347296
14.485 0.004823876
14.49 0.003287104
14.495 0.001732799
14.5 0.0001932261
14.505 -0.001181912
14.51 -0.002326937
14.515 -0.003406047
14.52 -0.004670981
14.525 -0.006314145
14.53 -0.008365344
14.535 -0.01070289
14.54 -0.01316464
14.545 -0.01569866
14.55 -0.01833315
14.555 -0.02093335
14.56 -0.02330106
14.565 -0.02544441
14.57 -0.02742555
14.575 -0.02917453
14.58 -0.03053043
14.585 -0.0313318
14.59 -0.03150234
14.595 -0.03110226
14.6 -0.03029499
14.605 -0.02924482
14.61 -0.02806651
14.615 -0.02687637
14.62 -0.02575514
14.625 -0.02465489
14.63 -0.0235248
14.635 -0.02243119
14.64 -0.02148095
14.645 -0.02074641
14.65 -0.02023821
14.655 -0.01991528
14.66 -0.01971231
14.665 -0.01951517
14.67 -0.01917268
14.675 -0.01858198
14.68 -0.01773859
14.685 -0.01673112
14.69 -0.01565739
14.695 -0.014552
14.7 -0.01346936
14.705 -0.01251826
14.71 -0.01178045
14.715 -0.01127904
14.72 -0.01100471
14.725 -0.0110027
14.73 -0.01139987
14.735 -0.01226942
14.74 -0.01358196
14.745 -0.0152954
14.75 -0.01734633
14.755 -0.0196381
14.76 -0.02204006
14.765 -0.02440991
14.77 -0.02663725
14.775 -0.02863223
14.78 -0.030308
14.785 -0.03168764
14.79 -0.03293774
14.795 -0.03415688
14.8 -0.03532409
14.805 -0.03647561
14.81 -0.03767141
14.815 -0.03885988
14.82 -0.03993859
14.825 -0.04084248
14.83 -0.04155968
14.835 -0.04210567
14.84 -0.04246634
14.845 -0.04262335
14.85 -0.04260016
14.855 -0.04248756
14.86 -0.04239167
14.865 -0.04230088
14.87 -0.0421033
14.875 -0.04170666
14.88 -0.04107644
14.885 -0.04023178
14.89 -0.03920472
14.895 -0.03802919
14.9 -0.03674449
14.905 -0.03532653
14.91 -0.03362728
14.915 -0.03154209
14.92 -0.02909845
14.925 -0.02632111
14.93 -0.02328775
14.935 -0.02029135
14.94 -0.01760491
14.945 -0.01523631
14.95 -0.01314654
14.955 -0.01134575
14.96 -0.009707894
14.965 -0.008032144
14.97 -0.006252544
14.975 -0.004398625
14.98 -0.002533941
14.985 -0.0008069789
14.99 0.0006200989
14.995 0.001739463
15 0.002616028
15.005 0.003250479
15.01 0.003730451
15.015 0.004268579
15.02 0.004980402
15.025 0.005800944
15.03 0.006565093
15.035 0.007194517
15.04 0.007808074
15.045 0.008515984
15.05 0.009304765
15.055 0.01010933
15.06 0.01084126
15.065 0.01140867
15.07 0.01178994
15.075 0.01204295
15.08 0.01218673
15.085 0.01219669
15.09 0.01210818
15.095 0.01198824
15.1 0.01184365
15.105 0.01156808
15.11 0.01097642
15.115 0.009938424
15.12 0.008467063
15.125 0.00671284
15.13 0.004829196
15.135 0.002841047
15.14 0.0006833288
15.145 -0.001731231
15.15 -0.004465239
15.155 -0.007539595
15.16 -0.01092837
15.165 -0.01450219
15.17 -0.01804725
15.175 -0.02139791
15.18 -0.02447879
15.185 -0.02726649
15.19 -0.02970176
15.195 -0.03165919
15.2 -0.03308837
15.205 -0.03406723
15.21 -0.03469642
15.215 -0.0350491
15.22 -0.03513277
15.225 -0.03495893
15.23 -0.03459252
15.235 -0.03412216
15.24 -0.03362388
15.245 -0.0331107
15.25 -0.03254474
15.255 -0.03186898
15.26 -0.03103575
15.265 -0.03007028
15.27 -0.02912741
15.275 -0.02834759
15.28 -0.02767043
15.285 -0.02695505
15.29 -0.02614163
15.295 -0.02531425
15.3 -0.02457898
15.305 -0.02386255
15.31 -0.02306931
15.315 -0.02227482
15.32 -0.02164944
15.325 -0.02133727
15.33 -0.02135846
15.335 -0.02165445
15.34 -0.02218911
15.345 -0.0229103
15.35 -0.02372032
15.355 -0.02452259
15.36 -0.02526476
15.365 -0.02596784
15.37 -0.02660671
15.375 -0.02704529
15.38 -0.02719762
15.385 -0.02712146
15.39 -0.02694577
15.395 -0.02677384
15.4 -0.02658986
15.405 -0.02634289
15.41 -0.02604003
15.415 -0.02576129
15.42 -0.02561234
15.425 -0.0256448
15.43 -0.02587718
15.435 -0.02633261
15.44 -0.0269945
15.445 -0.02779166
15.45 -0.02862756
15.455 -0.02936956
15.46 -0.02982875
15.465 -0.02978841
15.47 -0.02906584
15.475 -0.02760631
15.48 -0.02550359
15.485 -0.02291767
15.49 -0.02003623
15.495 -0.01699819
15.5 -0.01381609
15.505 -0.01037473
15.51 -0.006498328
15.515 -0.002014553
15.52 0.003187888
15.525 0.008988165
15.53 0.01503946
15.535 0.02105867
15.54 0.02694799
15.545 0.03270566
15.55 0.03829473
15.555 0.04357021
15.56 0.04844561
15.565 0.05297547
15.57 0.05725957
15.575 0.06140298
15.58 0.06551277
15.585 0.06972381
15.59 0.07418782
15.595 0.07897484
15.6 0.08401365
15.605 0.08910223
15.61 0.09406512
15.615 0.09891376
15.62 0.1037725
15.625 0.1087394
15.63 0.1137815
15.635 0.1187028
15.64 0.1232279
15.645 0.127229
15.65 0.1308165
15.655 0.1340433
15.66 0.1368266
15.665 0.1391261
15.67 0.1410048
15.675 0.1425613
15.68 0.1438162
15.685 0.1446959
15.69 0.1451893
15.695 0.1453637
15.7 0.1452484
15.705 0.1448259
15.71 0.1440581
15.715 0.1429388
15.72 0.1414812
15.725 0.1396188
15.73 0.1372569
15.735 0.1343548
15.74 0.1309477
15.745 0.1270897
15.75 0.1227375
15.755 0.1178343
15.76 0.1124736
15.765 0.1068559
15.77 0.1011696
15.775 0.09557515
15.78 0.09022038
15.785 0.08526272
15.79 0.08089036
15.795 0.07731554
15.8 0.07466381
15.805 0.07291961
15.81 0.07199533
15.815 0.07174476
15.82 0.07200822
15.825 0.0726629
15.83 0.07369686
15.835 0.07518412
15.84 0.07721489
15.845 0.07983472
15.85 0.08299284
15.855 0.08655809
15.86 0.09036068
15.865 0.0942453
15.87 0.09809463
15.875 0.1018164
15.88 0.1053298
15.885 0.108576
15.89 0.1115465
15.895 0.1143107
15.9 0.1169679
15.905 0.1195154
15.91 0.1218483
15.915 0.1238235
15.92 0.1253238
15.925 0.1262983
15.93 0.1267581
15.935 0.1267357
15.94 0.1261874
15.945 0.1250203
15.95 0.123135
15.955 0.1204739
15.96 0.1170126
15.965 0.1126751
15.97 0.1073993
15.975 0.101213
15.98 0.0942319
15.985 0.08662541
15.99 0.07860975
15.995 0.07037078
16 0.06189952
16.005 0.0532368
16.01 0.04469328
16.015 0.03666672
16.02 0.02943395
16.025 0.02307027
16.03 0.01743534
16.035 0.01226485
16.04 0.007269939
16.045 0.002277981
16.05 -0.002680318
16.055 -0.007418549
16.06 -0.01174027
16.065 -0.01548309
16.07 -0.01854301
16.075 -0.02096721
16.08 -0.02294922
16.085 -0.02466865
16.09 -0.02624668
16.095 -0.02772677
16.1 -0.02907265
16.105 -0.03020712
16.11 -0.03112673
16.115 -0.031895
16.12 -0.03250299
16.125 -0.03287642
16.13 -0.03294078
16.135 -0.03267211
16.14 -0.03212075
16.145 -0.03138289
16.15 -0.03057744
16.155 -0.02980635
16.16 -0.02916214
16.165 -0.02870494
16.17 -0.02839054
16.175 -0.02810891
16.18 -0.02783438
16.185 -0.02759463
16.19 -0.02739727
16.195 -0.02727753
16.2 -0.02732869
16.205 -0.02765539
16.21 -0.02827912
16.215 -0.02906754
16.22 -0.0298699
16.225 -0.03064697
16.23 -0.03138312
16.235 -0.03201705
16.24 -0.03244868
16.245 -0.0325671
16.25 -0.0322967
16.255 -0.03165134
16.26 -0.03072796
16.265 -0.02961524
16.27 -0.02838822
16.275 -0.02712428
16.28 -0.0258259
16.285 -0.02438913
16.29 -0.02276298
16.295 -0.02098105
16.3 -0.01901222
16.305 -0.01677813
16.31 -0.01425995
16.315 -0.01158778
16.32 -0.008973367
16.325 -0.006446212
16.33 -0.003901009
16.335 -0.001379238
16.34 0.0009527307
16.345 0.002917123
16.35 0.004377972
16.355 0.00527646
16.36 0.005641399
16.365 0.005619305
16.37 0.005451821
16.375 0.005394692
16.38 0.00561263
16.385 0.006105924
16.39 0.006735418
16.395 0.007341471
16.4 0.007864737
16.405 0.008398302
16.41 0.009042371
16.415 0.009823451
16.42 0.01076323
16.425 0.01191404
16.43 0.01333832
16.435 0.01495695
16.44 0.0165421
16.445 0.01799442
16.45 0.01937726
16.455 0.02071446
16.46 0.02196087
16.465 0.02303282
16.47 0.02383678
16.475 0.02431588
16.48 0.02449783
16.485 0.02449485
16.49 0.0244309
16.495 0.02435394
16.5 0.0242324
16.505 0.02411323
16.51 0.0241138
16.515 0.02424596
16.52 0.02443388
16.525 0.02459092
16.53 0.02462864
16.535 0.02449844
16.54 0.02426877
16.545 0.02405905
16.55 0.02390549
16.555 0.0238141
16.56 0.02383395
16.565 0.02404449
16.57 0.02452136
16.575 0.02529275
16.58 0.02629494
16.585 0.02737768
16.59 0.02840122
16.595 0.02931425
16.6 0.03015438
16.605 0.03097679
16.61 0.03175709
16.615 0.03239576
16.62 0.03278778
16.625 0.03292339
16.63 0.03286287
16.635 0.03260495
16.64 0.03211751
16.645 0.03140694
16.65 0.03055133
16.655 0.02964981
16.66 0.02869555
16.665 0.0276373
16.67 0.02647107
16.675 0.02521323
16.68 0.02391738
16.685 0.02274959
16.69 0.02189738
16.695 0.02143043
16.7 0.0213691
16.705 0.02173692
16.71 0.02249836
16.715 0.02357033
16.72 0.02490473
16.725 0.02643654
16.73 0.02806788
16.735 0.02976318
16.74 0.03152557
16.745 0.03329011
16.75 0.03496015
16.755 0.03648938
16.76 0.03789873
16.765 0.03925111
16.77 0.04060034
16.775 0.04203458
16.78 0.04369264
16.785 0.04561307
16.79 0.0476836
16.795 0.04978083
16.8 0.05180915
16.805 0.05370192
16.81 0.05547159
16.815 0.0571862
16.82 0.05881876
16.825 0.06024228
16.83 0.06133404
16.835 0.06198035
16.84 0.06208067
16.845 0.06162872
16.85 0.06071493
16.855 0.05941113
16.86 0.0577203
16.865 0.05556084
16.87 0.05286003
16.875 0.04963411
16.88 0.0459607
16.885 0.04186615
16.89 0.03723265
16.895 0.03209215
16.9 0.02675198
16.905 0.0215294
16.91 0.01661027
16.915 0.01199888
16.92 0.007530343
16.925 0.003048218
16.93 -0.001273471
16.935 -0.005103299
16.94 -0.008482136
16.945 -0.01165458
16.95 -0.0147549
16.955 -0.01783204
16.96 -0.02087569
16.965 -0.02378732
16.97 -0.02651038
16.975 -0.0291208
16.98 -0.03166286
16.985 -0.03409781
16.99 -0.03646933
16.995 -0.03885921
17 -0.04124954
17.005 -0.04357415
17.01 -0.04576954
17.015 -0.04773657
17.02 -0.0494372
17.025 -0.05101534
17.03 -0.05259733
17.035 -0.05412888
17.04 -0.05554914
17.045 -0.05690225
17.05 -0.05831165
17.055 -0.0598611
17.06 -0.06151627
17.065 -0.06324114
17.07 -0.0650348
17.075 -0.06683559
17.08 -0.06854382
17.085 -0.07009906
17.09 -0.07148915
17.095 -0.07271407
17.1 -0.07372753
17.105 -0.07444587
17.11 -0.07478501
17.115 -0.07466895
17.12 -0.07406386
17.125 -0.07305375
17.13 -0.07182301
17.135 -0.07051185
17.14 -0.06913572
17.145 -0.06760525
17.15 -0.06591101
17.155 -0.06414766
17.16 -0.06235727
17.165 -0.06053553
17.17 -0.05870022
17.175 -0.05696072
17.18 -0.05546258
17.185 -0.05423487
17.19 -0.05328885
17.195 -0.05273282
17.2 -0.05258779
17.205 -0.05273397
17.21 -0.05309543
17.215 -0.053639
17.22 -0.05431057
17.225 -0.05504371
17.23 -0.05576015
17.235 -0.05634126
17.24 -0.05662144
17.245 -0.05642085
17.25 -0.05560473
17.255 -0.05411123
17.26 -0.05191919
17.265 -0.0491175
17.27 -0.04595604
17.275 -0.04269479
17.28 -0.03942509
17.285 -0.03608821
17.29 -0.03254343
17.295 -0.02866071
17.3 -0.02447044
17.305 -0.02021532
17.31 -0.01614958
17.315 -0.0124007
17.32 -0.008962978
17.325 -0.005737113
17.33 -0.002602035
17.335 0.0005170077
17.34 0.003583943
17.345 0.006407199
17.35 0.008739535
17.355 0.0104423
17.36 0.01157814
17.365 0.01234461
17.37 0.01285563
17.375 0.01317238
17.38 0.01343146
17.385 0.01377573
17.39 0.0142951
17.395 0.01508245
17.4 0.01615923
17.405 0.01735279
17.41 0.01850516
17.415 0.01966652
17.42 0.02098112
17.425 0.02249936
17.43 0.02404618
17.435 0.02542735
17.44 0.02664953
17.445 0.02779189
17.45 0.02890703
17.455 0.0300148
17.46 0.03106123
17.465 0.03189682
17.47 0.03238328
17.475 0.03249447
17.48 0.0323338
17.485 0.03202019
17.49 0.03154332
17.495 0.03086892
17.5 0.03005891
17.505 0.02927364
17.51 0.02863536
17.515 0.0280671
17.52 0.02747195
17.525 0.02688873
17.53 0.02640594
17.535 0.02609375
17.54 0.02597782
17.545 0.02600932
17.55 0.0260729
17.555 0.0260542
17.56 0.02591651
17.565 0.02574996
17.57 0.02565677
17.575 0.02563502
17.58 0.02563963
17.585 0.02563409
17.59 0.02559049
17.595 0.0254946
17.6 0.02535541
17.605 0.02521263
17.61 0.02513443
17.615 0.02519493
17.62 0.02540821
17.625 0.02568457
17.63 0.02594249
17.635 0.02617891
17.64 0.02639446
17.645 0.02659913
17.65 0.02686924
17.655 0.02727334
17.66 0.02778252
17.665 0.0282607
17.67 0.02852601
17.675 0.02846894
17.68 0.02810523
17.685 0.02757746
17.69 0.02710023
17.695 0.02683955
17.7 0.02676576
17.705 0.02672923
17.71 0.02662415
17.715 0.02641063
17.72 0.02611055
17.725 0.02580646
17.73 0.02558973
17.735 0.02549651
17.74 0.02554963
17.745 0.02579909
17.75 0.02628888
17.755 0.02701463
17.76 0.02790299
17.765 0.02884476
17.77 0.02976289
17.775 0.03066618
17.78 0.03161718
17.785 0.03263869
17.79 0.03373044
17.795 0.0348982
17.8 0.03607615
17.805 0.03711926
17.81 0.03790704
17.815 0.03840059
17.82 0.0386497
17.825 0.038759
17.83 0.03882593
17.835 0.03888035
17.84 0.03887704
17.845 0.03872111
17.85 0.03829658
17.855 0.03750656
17.86 0.03631276
17.865 0.03470378
17.87 0.0325943
17.875 0.02989973
17.88 0.02660963
17.885 0.02277096
17.89 0.01852249
17.895 0.01414319
17.9 0.009897364
17.905 0.005820739
17.91 0.001805189
17.915 -0.002268586
17.92 -0.006463915
17.925 -0.01074859
17.93 -0.01500282
17.935 -0.01908279
17.94 -0.02286853
17.945 -0.02623853
17.95 -0.02914237
17.955 -0.03169252
17.96 -0.03404195
17.965 -0.03621448
17.97 -0.03809608
17.975 -0.03955822
17.98 -0.04063008
17.985 -0.04142324
17.99 -0.04200156
17.995 -0.04245862
18 -0.04292069
18.005 -0.04341439
18.01 -0.04390252
18.015 -0.04438141
18.02 -0.0448844
18.025 -0.04542926
18.03 -0.04594204
18.035 -0.04628937
18.04 -0.04638558
18.045 -0.04623005
18.05 -0.04589874
18.055 -0.0454937
18.06 -0.04509032
18.065 -0.04469331
18.07 -0.04430204
18.075 -0.04395904
18.08 -0.04367914
18.085 -0.0434072
18.09 -0.04304438
18.095 -0.04252659
18.1 -0.04191074
18.105 -0.04137562
18.11 -0.04111647
18.115 -0.04116863
18.12 -0.04143441
18.125 -0.0418086
18.13 -0.04216516
18.135 -0.04236464
18.14 -0.04232779
18.145 -0.04202657
18.15 -0.04143008
18.155 -0.04053915
18.16 -0.03941042
18.165 -0.03812465
18.17 -0.03675437
18.175 -0.0353263
18.18 -0.03384834
18.185 -0.03234234
18.19 -0.03084828
18.195 -0.02938186
18.2 -0.02786303
18.205 -0.02617335
18.21 -0.02422499
18.215 -0.02194199
18.22 -0.01931284
18.225 -0.01650733
18.23 -0.01381016
18.235 -0.01144795
18.24 -0.009487087
18.245 -0.007815189
18.25 -0.006218488
18.255 -0.004506942
18.26 -0.002653051
18.265 -0.0007923909
18.27 0.0008747905
18.275 0.002233532
18.28 0.003293095
18.285 0.004135612
18.29 0.00491246
18.295 0.005806836
18.3 0.006951846
18.305 0.00838288
18.31 0.01003552
18.315 0.01178742
18.32 0.01353421
18.325 0.01525153
18.33 0.01700473
18.335 0.01889828
18.34 0.02097852
18.345 0.02316335
18.35 0.02529457
18.355 0.02722536
18.36 0.0289026
18.365 0.03034234
18.37 0.03155288
18.375 0.03249684
18.38 0.03310063
18.385 0.03330518
18.39 0.03308825
18.395 0.03244622
18.4 0.03140169
18.405 0.02997942
18.41 0.02815303
18.415 0.02594355
18.42 0.02353084
18.425 0.02113203
18.43 0.01886131
18.435 0.01674277
18.44 0.01473498
18.445 0.01276794
18.45 0.01085015
18.455 0.009104698
18.46 0.007599415
18.465 0.00626312
18.47 0.004956587
18.475 0.003590169
18.48 0.002192689
18.485 0.0007862312
18.49 -0.0006231341
18.495 -0.001899375
18.5 -0.002868338
18.505 -0.003462018
18.51 -0.003654661
18.515 -0.003462921
18.52 -0.003063572
18.525 -0.002705719
18.53 -0.002504156
18.535 -0.00243732
18.54 -0.002421612
18.545 -0.002398412
18.55 -0.00236759
18.555 -0.0023786
18.56 -0.002515575
18.565 -0.002865822
18.57 -0.003478584
18.575 -0.004320851
18.58 -0.005275934
18.585 -0.00623307
18.59 -0.007158434
18.595 -0.008020371
18.6 -0.008785468
18.605 -0.009496918
18.61 -0.01023183
18.615 -0.01102522
18.62 -0.01186785
18.625 -0.01272029
18.63 -0.0135408
18.635 -0.01435731
18.64 -0.01531179
18.645 -0.0165499
18.65 -0.01812117
18.655 -0.01996863
18.66 -0.02199659
18.665 -0.0241709
18.67 -0.02648036
18.675 -0.02887264
18.68 -0.03122797
18.685 -0.033392
18.69 -0.03526039
18.695 -0.03679902
18.7 -0.03800107
18.705 -0.03878869
18.71 -0.03903065
18.715 -0.0386386
18.72 -0.03762874
18.725 -0.03612154
18.73 -0.03429873
18.735 -0.03234298
18.74 -0.03034754
18.745 -0.02835926
18.75 -0.02643868
18.755 -0.02467813
18.76 -0.02319401
18.765 -0.02209177
18.77 -0.02141339
18.775 -0.02112197
18.78 -0.02116806
18.785 -0.02154298
18.79 -0.02227528
18.795 -0.0233646
18.8 -0.02474489
18.805 -0.02634672
18.81 -0.02813987
18.815 -0.03009163
18.82 -0.0321701
18.825 -0.03442408
18.83 -0.03703175
18.835 -0.04014971
18.84 -0.04350071
18.845 -0.04654707
18.85 -0.04912665
18.855 -0.05130417
18.86 -0.05305242
18.865 -0.05424354
18.87 -0.05476421
18.875 -0.05464893
18.88 -0.05397677
18.885 -0.0527241
18.89 -0.05086922
18.895 -0.04843233
18.9 -0.0453526
18.905 -0.04155083
18.91 -0.03706808
18.915 -0.03223757
18.92 -0.02753089
18.925 -0.02304898
18.93 -0.01863705
18.935 -0.01426861
18.94 -0.009923473
18.945 -0.005509893
18.95 -0.001052027
18.955 0.003302625
18.96 0.007428818
18.965 0.01127891
18.97 0.014917
18.975 0.01852759
18.98 0.02228349
18.985 0.02612178
18.99 0.02985424
18.995 0.03336904
19 0.03671668
19.005 0.04001468
19.01 0.04322967
19.015 0.04626317
19.02 0.04907962
19.025 0.05160803
19.03 0.05373797
19.035 0.05544538
19.04 0.05677738
19.045 0.05774909
19.05 0.05835237
19.055 0.05860681
19.06 0.05861916
19.065 0.05854185
19.07 0.05844503
19.075 0.05828692
19.08 0.057991
19.085 0.05761528
19.09 0.0573214
19.095 0.05718917
19.1 0.05718299
19.105 0.05718686
19.11 0.05707353
19.115 0.0567496
19.12 0.05617618
19.125 0.05539577
19.13 0.0545296
19.135 0.05371616
19.14 0.0530293
19.145 0.05240629
19.15 0.05169307
19.155 0.0507477
19.16 0.0494861
19.165 0.04792021
19.17 0.04618705
19.175 0.04447808
19.18 0.0428885
19.185 0.04141055
19.19 0.03998841
19.195 0.03859332
19.2 0.03725314
19.205 0.03602008
19.21 0.03489593
19.215 0.03380234
19.22 0.03269661
19.225 0.03161156
19.23 0.03055669
19.235 0.02948748
19.24 0.02833912
19.245 0.02709942
19.25 0.02583218
19.255 0.02460296
19.26 0.02344072
19.265 0.02233591
19.27 0.02123447
19.275 0.0200413
19.28 0.01864177
19.285 0.01697538
19.29 0.01512525
19.295 0.01324594
19.3 0.01143161
19.305 0.009714418
19.31 0.008082596
19.315 0.006493198
19.32 0.004924525
19.325 0.003429817
19.33 0.002072964
19.335 0.0008847392
19.34 -8.686596e-05
19.345 -0.0007762211
19.35 -0.001135088
19.355 -0.00113132
19.36 -0.0007287231
19.365 0.0001021592
19.37 0.001326155
19.375 0.002784207
19.38 0.004243265
19.385 0.005530819
19.39 0.006600918
19.395 0.007529088
19.4 0.008429333
19.405 0.009381022
19.41 0.01038372
19.415 0.0114163
19.42 0.01247433
19.425 0.01350882
19.43 0.01445131
19.435 0.01531973
19.44 0.01622632
19.445 0.01729783
19.45 0.01852709
19.455 0.01979923
19.46 0.02110647
19.465 0.02248454
19.47 0.02387826
19.475 0.02524461
19.48 0.02658327
19.485 0.02779614
19.49 0.02874616
19.495 0.02943921
19.5 0.02999607
19.505 0.03052533
19.51 0.03098684
19.515 0.03119848
19.52 0.03097187
19.525 0.03018511
19.53 0.02877252
19.535 0.02663696
19.54 0.02369967
19.545 0.02008491
19.55 0.01603351
19.555 0.01170664
19.56 0.007364666
19.565 0.003366109
19.57 -0.0002137279
19.575 -0.003526331
19.58 -0.006618279
19.585 -0.009556275
19.59 -0.01253763
19.595 -0.01567774
19.6 -0.01889506
19.605 -0.02194642
19.61 -0.02453289
19.615 -0.02642746
19.62 -0.0275595
19.625 -0.02798753
19.63 -0.02776745
19.635 -0.02701556
19.64 -0.02593911
19.645 -0.02465858
19.65 -0.02312256
19.655 -0.02121284
19.66 -0.01886726
19.665 -0.01615348
19.67 -0.01327486
19.675 -0.01048854
19.68 -0.007958649
19.685 -0.005702766
19.69 -0.003629624
19.695 -0.001650912
19.7 0.0002294265
19.705 0.001945275
19.71 0.003425841
19.715 0.004649435
19.72 0.005690702
19.725 0.006696441
19.73 0.007764734
19.735 0.008922306
19.74 0.01019459
19.745 0.01155059
19.75 0.01284729
19.755 0.01390918
19.76 0.014638
19.765 0.01508452
19.77 0.01533069
19.775 0.0153377
19.78 0.01505143
19.785 0.01449223
19.79 0.01372138
19.795 0.01281937
19.8 0.01186205
19.805 0.01094065
19.81 0.01014214
19.815 0.009466149
19.82 0.008802893
19.825 0.007994073
19.83 0.006984034
19.835 0.005915354
19.84 0.005040813
19.845 0.004561446
19.85 0.0044703
19.855 0.004669032
19.86 0.005116005
19.865 0.005774417
19.87 0.006547753
19.875 0.007279565
19.88 0.007854689
19.885 0.008301699
19.89 0.008731531
19.895 0.009275571
19.9 0.01005987
19.905 0.01113119
19.91 0.01241121
19.915 0.01380297
19.92 0.01526812
19.925 0.0167996
19.93 0.01839065
19.935 0.02003255
19.94 0.02174707
19.945 0.02356823
19.95 0.02544078
19.955 0.02722224
19.96 0.02877222
19.965 0.02998288
19.97 0.03077944
19.975 0.03110585
19.98 0.03093193
19.985 0.03027171
19.99 0.02926532
19.995 0.02817141
20 0.02719214
20.005 0.02638736
20.01 0.02569257
20.015 0.0249466
20.02 0.02396908
20.025 0.02272381
20.03 0.02133891
20.035 0.01994557
20.04 0.0186298
20.045 0.01741673
20.05 0.01620649
20.055 0.01482374
20.06 0.01320094
20.065 0.0114083
20.07 0.009565838
20.075 0.007786403
20.08 0.006136216
20.085 0.004639278
20.09 0.003313685
20.095 0.002209264
20.1 0.001326242
20.105 0.0005904061
20.11 -2.387328e-05
20.115 -0.0004634407
20.12 -0.0006549332
20.125 -0.0005619109
20.13 -0.0002135997
20.135 0.0003136711
20.14 0.0008855944
20.145 0.001319773
20.15 0.001496984
20.155 0.00142566
20.16 0.001115435
20.165 0.000532572
20.17 -0.0003625816
20.175 -0.001603026
20.18 -0.003201454
20.185 -0.005080792
20.19 -0.00709219
20.195 -0.009135803
20.2 -0.01114128
20.205 -0.01302567
20.21 -0.01469997
20.215 -0.0160934
20.22 -0.01719818
20.225 -0.01811018
20.23 -0.01900673
20.235 -0.02002093
20.24 -0.0211767
20.245 -0.02241427
20.25 -0.0236621
20.255 -0.02490342
20.26 -0.02617689
20.265 -0.02755082
20.27 -0.02908403
20.275 -0.03074812
20.28 -0.03242512
20.285 -0.03408765
20.29 -0.03579542
20.295 -0.03746637
20.3 -0.03898847
20.305 -0.04040691
20.31 -0.04180307
20.315 -0.04318676
20.32 -0.04450946
20.325 -0.04568835
20.33 -0.04663947
20.335 -0.04732009
20.34 -0.04777401
20.345 -0.04814431
20.35 -0.04858762
20.355 -0.04915866
20.36 -0.04985793
20.365 -0.05064582
20.37 -0.0513776
20.375 -0.05189485
20.38 -0.05217645
20.385 -0.052299
20.39 -0.05234635
20.395 -0.05234178
20.4 -0.05224539
20.405 -0.05198563
20.41 -0.05149716
20.415 -0.05076237
20.42 -0.04983509
20.425 -0.04877951
20.43 -0.04757779
20.435 -0.04622152
20.44 -0.0447805
20.445 -0.04334735
20.45 -0.04201349
20.455 -0.04084762
20.46 -0.03982498
20.465 -0.03883347
20.47 -0.03781315
20.475 -0.03676322
20.48 -0.03566713
20.485 -0.03454175
20.49 -0.03346137
20.495 -0.03247156
20.5 -0.03154938
20.505 -0.03063031
20.51 -0.02968007
20.515 -0.02875424
20.52 -0.02798203
20.525 -0.02748334
20.53 -0.02726134
20.535 -0.02721571
20.54 -0.02720971
20.545 -0.02712546
20.55 -0.02688494
20.555 -0.02645298
20.56 -0.02584808
20.565 -0.02512946
20.57 -0.02434231
20.575 -0.02350569
20.58 -0.0226372
20.585 -0.02176863
20.59 -0.02092531
20.595 -0.02006745
20.6 -0.01911275
20.605 -0.01804119
20.61 -0.01691433
20.615 -0.01581798
20.62 -0.01474155
20.625 -0.01360047
20.63 -0.01244645
20.635 -0.01136087
20.64 -0.01020531
20.645 -0.008855514
20.65 -0.007431924
20.655 -0.006163997
20.66 -0.005237397
20.665 -0.004707972
20.67 -0.004551096
20.675 -0.004749486
20.68 -0.005243718
20.685 -0.005930133
20.69 -0.006760421
20.695 -0.00773822
20.7 -0.008857572
20.705 -0.01006758
20.71 -0.01130585
20.715 -0.0126126
20.72 -0.01409703
20.725 -0.01576194
20.73 -0.01754842
20.735 -0.01946422
20.74 -0.02154937
20.745 -0.02378237
20.75 -0.02598338
20.755 -0.02788005
20.76 -0.02930418
20.765 -0.03024741
20.77 -0.03080683
20.775 -0.03103405
20.78 -0.03088714
20.785 -0.0303085
20.79 -0.02926623
20.795 -0.02773344
20.8 -0.02566276
20.805 -0.02301185
20.81 -0.0198428
20.815 -0.01630281
20.82 -0.01247128
20.825 -0.008419901
20.83 -0.004258126
20.835 -5.648297e-05
20.84 0.004146132
20.845 0.008238895
20.85 0.01206702
20.855 0.01551912
20.86 0.01852784
20.865 0.02108259
20.87 0.02329501
20.875 0.02533552
20.88 0.02725538
20.885 0.02906298
20.89 0.03080148
20.895 0.03244486
20.9 0.03388295
20.905 0.03503344
20.91 0.03586052
20.915 0.03633771
20.92 0.03648457
20.925 0.03635384
20.93 0.03592774
20.935 0.03508129
20.94 0.03361696
20.945 0.0314341
20.95 0.02865012
20.955 0.02550874
20.96 0.02225852
20.965 0.01905575
20.97 0.01593482
20.975 0.01282847
20.98 0.00971446
20.985 0.006710961
20.99 0.003983433
20.995 0.001653523
21 -0.0002650783
21.005 -0.001919638
21.01 -0.003560209
21.015 -0.005300342
21.02 -0.007042585
21.025 -0.008669316
21.03 -0.01013079
21.035 -0.01143794
21.04 -0.01262584
21.045 -0.01371912
21.05 -0.01475
21.055 -0.0157696
21.06 -0.01683303
21.065 -0.01793893
21.07 -0.01898616
21.075 -0.0198413
21.08 -0.02038152
21.085 -0.02047126
21.09 -0.02005004
21.095 -0.01923269
21.1 -0.01819955
21.105 -0.01704711
21.11 -0.01577567
21.115 -0.01437129
21.12 -0.01291616
21.125 -0.01153016
21.13 -0.0102702
21.135 -0.009190071
21.14 -0.008385475
21.145 -0.007959451
21.15 -0.00800258
21.155 -0.008587208
21.16 -0.009685025
21.165 -0.01115271
21.17 -0.01286089
21.175 -0.01472782
21.18 -0.01667342
21.185 -0.018663
21.19 -0.02075402
21.195 -0.02294307
21.2 -0.02510959
21.205 -0.02717174
21.21 -0.0291521
21.215 -0.03113469
21.22 -0.03315484
21.225 -0.03514914
21.23 -0.03710151
21.235 -0.03908992
21.24 -0.0411869
21.245 -0.04341599
21.25 -0.04573547
21.255 -0.04802098
21.26 -0.05009702
21.265 -0.05182358
21.27 -0.05311547
21.275 -0.05391166
21.28 -0.05422952
21.285 -0.05416133
21.29 -0.05374157
21.295 -0.05291861
21.3 -0.05164887
21.305 -0.04995162
21.31 -0.04788771
21.315 -0.04551943
21.32 -0.04290039
21.325 -0.04013502
21.33 -0.03734828
21.335 -0.03457371
21.34 -0.03182423
21.345 -0.02918647
21.35 -0.026805
21.355 -0.0248008
21.36 -0.02315806
21.365 -0.02175915
21.37 -0.02051125
21.375 -0.01937739
21.38 -0.01836948
21.385 -0.01751431
21.39 -0.01684864
21.395 -0.01644135
21.4 -0.01629866
21.405 -0.01630742
21.41 -0.01634902
21.415 -0.01640773
21.42 -0.01660102
21.425 -0.01705394
21.43 -0.01774129
21.435 -0.01856032
21.44 -0.01942192
21.445 -0.02023572
21.45 -0.02093518
21.455 -0.02154607
21.46 -0.02213091
21.465 -0.02268556
21.47 -0.02308807
21.475 -0.0231744
21.48 -0.02293166
21.485 -0.02248967
21.49 -0.02197331
21.495 -0.02145661
21.5 -0.02095008
21.505 -0.02042433
21.51 -0.01987353
21.515 -0.01937625
21.52 -0.01899251
21.525 -0.01866595
21.53 -0.01833985
21.535 -0.01801512
21.54 -0.01767152
21.545 -0.0172865
21.55 -0.01690063
21.555 -0.016566
21.56 -0.01630765
21.565 -0.01617932
21.57 -0.01623707
21.575 -0.01643993
21.58 -0.01667595
21.585 -0.01685768
21.59 -0.01698744
21.595 -0.01715273
21.6 -0.01743443
21.605 -0.01786405
21.61 -0.01842986
21.615 -0.01911806
21.62 -0.01994659
21.625 -0.02093684
21.63 -0.02207554
21.635 -0.02329635
21.64 -0.02450976
21.645 -0.02566083
21.65 -0.026729
21.655 -0.02771972
21.66 -0.02866263
21.665 -0.02957287
21.67 -0.03039561
21.675 -0.03107487
21.68 -0.03162571
21.685 -0.03209426
21.69 -0.03252709
21.695 -0.03297628
21.7 -0.03346171
21.705 -0.03393715
21.71 -0.03439351
21.715 -0.03487691
21.72 -0.03528219
21.725 -0.03538734
21.73 -0.03512798
21.735 -0.03457818
21.74 -0.03380701
21.745 -0.03285434
21.75 -0.03174513
21.755 -0.03052941
21.76 -0.02927508
21.765 -0.02801598
21.77 -0.02676116
21.775 -0.02551898
21.78 -0.02430004
21.785 -0.02311685
21.79 -0.02197631
21.795 -0.02087325
21.8 -0.01978445
21.805 -0.01867511
21.81 -0.01753598
21.815 -0.01645672
21.82 -0.01559715
21.825 -0.0150662
21.83 -0.01486852
21.835 -0.01492047
21.84 -0.01513741
21.845 -0.01548317
21.85 -0.01593322
21.855 -0.01647601
21.86 -0.01713483
21.865 -0.01788778
21.87 -0.01863724
21.875 -0.01933677
21.88 -0.02002034
21.885 -0.02070828
21.89 -0.02138118
21.895 -0.0219922
21.9 -0.02247761
21.905 -0.02277903
21.91 -0.02287215
21.915 -0.0227951
21.92 -0.02263932
21.925 -0.02245754
21.93 -0.02218153
21.935 -0.02171532
21.94 -0.02102292
21.945 -0.02014364
21.95 -0.01912369
21.955 -0.01792247
21.96 -0.0165027
21.965 -0.01491694
21.97 -0.01326586
21.975 -0.01164467
21.98 -0.01009133
21.985 -0.008634475
21.99 -0.007336058
21.995 -0.006212617
22 -0.005192661
22.005 -0.004183591
22.01 -0.003131066
22.015 -0.002065276
22.02 -0.001030569
22.025 -3.557628e-06
22.03 0.001107122
22.035 0.002399559
22.04 0.003883604
22.045 0.005487403
22.05 0.007138438
22.055 0.008805493
22.06 0.01049194
22.065 0.01215198
22.07 0.01369875
22.075 0.01510166
22.08 0.01640569
22.085 0.01767658
22.09 0.01889142
22.095 0.01994119
22.1 0.02080604
22.105 0.02154695
22.11 0.02217772
22.115 0.02272209
22.12 0.02325581
22.125 0.02378446
22.13 0.02420723
22.135 0.02442255
22.14 0.02439256
22.145 0.02415468
22.15 0.02379314
22.155 0.02337574
22.16 0.02291003
22.165 0.02236406
22.17 0.02175107
22.175 0.02107906
22.18 0.020249
22.185 0.01918741
22.19 0.01796529
22.195 0.01669556
22.2 0.01546438
22.205 0.01434814
22.21 0.01342327
22.215 0.01276769
22.22 0.01247855
22.225 0.01264341
22.23 0.01321405
22.235 0.01401366
22.24 0.01493166
22.245 0.01597839
22.25 0.01726382
22.255 0.01887456
22.26 0.02077006
22.265 0.02280364
22.27 0.02481066
22.275 0.02673749
22.28 0.02861637
22.285 0.0304674
22.29 0.03228976
22.295 0.03406897
22.3 0.03578206
22.305 0.03740412
22.31 0.03891274
22.315 0.04026013
22.32 0.04135194
22.325 0.04213882
22.33 0.04266866
22.335 0.04299253
22.34 0.04313333
22.345 0.04312544
22.35 0.04300938
22.355 0.0427919
22.36 0.04246867
22.365 0.04203184
22.37 0.0414366
22.375 0.04064198
22.38 0.03970952
22.385 0.03874737
22.39 0.03779675
22.395 0.03688972
22.4 0.03608927
22.405 0.03541304
22.41 0.03482647
22.415 0.03431374
22.42 0.03387798
22.425 0.03351278
22.43 0.03318738
22.435 0.03286282
22.44 0.03254719
22.445 0.03227352
22.45 0.03201481
22.455 0.03171413
22.46 0.03134567
22.465 0.03087328
22.47 0.03024619
22.475 0.02949512
22.48 0.02874397
22.485 0.02811536
22.49 0.02766056
22.495 0.02733266
22.5 0.02709013
22.505 0.02695373
22.51 0.02691401
22.515 0.02691335
22.52 0.02691734
22.525 0.02691533
22.53 0.02690205
22.535 0.02687367
22.54 0.02682801
22.545 0.02676884
22.55 0.02671112
22.555 0.02668468
22.56 0.02673211
22.565 0.02689874
22.57 0.02721305
22.575 0.02766286
22.58 0.02817672
22.585 0.02865408
22.59 0.02904394
22.595 0.02935138
22.6 0.02960165
22.605 0.02977681
22.61 0.02982272
22.615 0.02973504
22.62 0.02953225
22.625 0.02916815
22.63 0.02849637
22.635 0.02733926
22.64 0.0256429
22.645 0.0235207
22.65 0.02116876
22.655 0.0187212
22.66 0.01622632
22.665 0.01375606
22.67 0.01136469
22.675 0.009050074
22.68 0.00694847
22.685 0.005319186
22.69 0.004257636
22.695 0.003717031
22.7 0.003647726
22.705 0.003927659
22.71 0.004385661
22.715 0.004974158
22.72 0.00570641
22.725 0.006564795
22.73 0.007584753
22.735 0.008850374
22.74 0.01035222
22.745 0.01193364
22.75 0.01337291
22.755 0.01459532
22.76 0.01571964
22.765 0.01685236
22.77 0.01794734
22.775 0.01881981
22.78 0.01944061
22.785 0.01998067
22.79 0.02049557
22.795 0.0209238
22.8 0.02121622
22.805 0.02136304
22.81 0.02137102
22.815 0.02120852
22.82 0.02082911
22.825 0.02022388
22.83 0.01946086
22.835 0.01867096
22.84 0.01796391
22.845 0.01736505
22.85 0.01681083
22.855 0.01627418
22.86 0.01576811
22.865 0.01519665
22.87 0.01443746
22.875 0.01348862
22.88 0.01242303
22.885 0.01130807
22.89 0.01015748
22.895 0.00899149
22.9 0.007896264
22.905 0.006953659
22.91 0.006179608
22.915 0.005525108
22.92 0.00492326
22.925 0.004347173
22.93 0.003804276
22.935 0.003320554
22.94 0.002943765
22.945 0.002773923
22.95 0.002963027
22.955 0.003590043
22.96 0.004588146
22.965 0.005798392
22.97 0.007055953
22.975 0.008283945
22.98 0.009474993
22.985 0.0106503
22.99 0.01182895
22.995 0.01296802
23 0.01395891
23.005 0.01477744
23.01 0.01551409
23.015 0.0162168
23.02 0.01686952
23.025 0.01743035
23.03 0.0178579
23.035 0.01814025
23.04 0.01832134
23.045 0.01850909
23.05 0.01881985
23.055 0.01923621
23.06 0.01960892
23.065 0.01984378
23.07 0.01995779
23.075 0.02004574
23.08 0.02021299
23.085 0.02052461
23.09 0.02099557
23.095 0.02158619
23.1 0.02224514
23.105 0.02302205
23.11 0.02404121
23.115 0.02531083
23.12 0.02674103
23.125 0.02826063
23.13 0.02979211
23.135 0.03121639
23.14 0.03238808
23.145 0.03321163
23.15 0.03371522
23.155 0.03398251
23.16 0.0340878
23.165 0.03410794
23.17 0.03411669
23.175 0.03414695
23.18 0.03420333
23.185 0.03427887
23.19 0.03435697
23.195 0.03441028
23.2 0.03439888
23.205 0.03427404
23.21 0.03398967
23.215 0.033523
23.22 0.03289579
23.225 0.03216352
23.23 0.03133107
23.235 0.03033509
23.24 0.02921948
23.245 0.02815157
23.25 0.02724476
23.255 0.02652937
23.26 0.02598655
23.265 0.02559574
23.27 0.02534543
23.275 0.02521234
23.28 0.02517754
23.285 0.02523179
23.29 0.02529106
23.295 0.02522377
23.3 0.02501373
23.305 0.02474573
23.31 0.02449669
23.315 0.02427176
23.32 0.02401838
23.325 0.02372446
23.33 0.02344761
23.335 0.02327915
23.34 0.02326411
23.345 0.02337037
23.35 0.02354686
23.355 0.02373157
23.36 0.02383412
23.365 0.02374614
23.37 0.02339746
23.375 0.02284741
23.38 0.02223183
23.385 0.02161308
23.39 0.02097851
23.395 0.02027738
23.4 0.01944341
23.405 0.01842825
23.41 0.01723499
23.415 0.01594196
23.42 0.01465635
23.425 0.01338928
23.43 0.01209728
23.435 0.01085663
23.44 0.009811586
23.445 0.009038304
23.45 0.008454183
23.455 0.007903426
23.46 0.00738799
23.465 0.007019142
23.47 0.006885249
23.475 0.007008898
23.48 0.00734846
23.485 0.007840594
23.49 0.008387339
23.495 0.008884461
23.5 0.00934174
23.505 0.009869847
23.51 0.0105009
23.515 0.01118149
23.52 0.01184933
23.525 0.01243736
23.53 0.01287571
23.535 0.01311443
23.54 0.01315084
23.545 0.01303625
23.55 0.01283707
23.555 0.01260585
23.56 0.01238662
23.565 0.01218163
23.57 0.01190959
23.575 0.01148817
23.58 0.0109192
23.585 0.01029294
23.59 0.009699431
23.595 0.009115128
23.6 0.008513042
23.605 0.007970611
23.61 0.007584812
23.615 0.007364953
23.62 0.007162111
23.625 0.006789573
23.63 0.006252072
23.635 0.005669576
23.64 0.005126462
23.645 0.00466498
23.65 0.00429287
23.655 0.003982528
23.66 0.003707363
23.665 0.003503507
23.67 0.003414147
23.675 0.00341316
23.68 0.003443926
23.685 0.003465778
23.69 0.003446399
23.695 0.003357806
23.7 0.003184675
23.705 0.002937959
23.71 0.002667579
23.715 0.002464277
23.72 0.002424637
23.725 0.002569098
23.73 0.002819959
23.735 0.003073314
23.74 0.003264514
23.745 0.003423551
23.75 0.003618114
23.755 0.00386994
23.76 0.004147922
23.765 0.004405578
23.77 0.004650499
23.775 0.00493141
23.78 0.005259698
23.785 0.005638806
23.79 0.006109387
23.795 0.006678332
23.8 0.007273819
23.805 0.007808499
23.81 0.008223579
23.815 0.008497787
23.82 0.008658638
23.825 0.008778129
23.83 0.008921913
23.835 0.009094839
23.84 0.009247864
23.845 0.00932749
23.85 0.009347086
23.855 0.009329183
23.86 0.009177836
23.865 0.008792206
23.87 0.008199215
23.875 0.007466694
23.88 0.006630076
23.885 0.005728385
23.89 0.004837998
23.895 0.004073333
23.9 0.003531033
23.905 0.003221576
23.91 0.003100874
23.915 0.003130908
23.92 0.003313689
23.925 0.003679669
23.93 0.00423719
23.935 0.004930468
23.94 0.005643407
23.945 0.006295655
23.95 0.006923747
23.955 0.007607447
23.96 0.008398054
23.965 0.009299998
23.97 0.01025714
23.975 0.01115759
23.98 0.01189032
23.985 0.01240434
23.99 0.01267859
23.995 0.01270436
24 0.01252396
24.005 0.01222998
24.01 0.011902
24.015 0.0115689
24.02 0.01118894
24.025 0.01072398
24.03 0.01019087
24.035 0.009607205
24.04 0.008962231
24.045 0.008234115
24.05 0.007409035
24.055 0.006498974
24.06 0.00555357
24.065 0.004643368
24.07 0.003800125
24.075 0.003009644
24.08 0.002279837
24.085 0.001622354
24.09 0.0009859425
24.095 0.0003464652
24.1 -0.0002098061
24.105 -0.000618505
24.11 -0.0008991664
24.115 -0.001033852
24.12 -0.0009791282
24.125 -0.0007801114
24.13 -0.0005493743
24.135 -0.0003780999
24.14 -0.0002748241
24.145 -0.0001659159
24.15 1.857455e-05
24.155 0.0003020815
24.16 0.0006677227
24.165 0.001097979
24.17 0.001597137
24.175 0.002119183
24.18 0.002548643
24.185 0.002790708
24.19 0.002822837
24.195 0.002700921
24.2 0.002524803
24.205 0.002389187
24.21 0.002377252
24.215 0.00252469
24.22 0.002745462
24.225 0.00289927
24.23 0.002951665
24.235 0.002942673
24.24 0.002910911
24.245 0.002896022
24.25 0.00294388
24.255 0.003101229
24.26 0.003405043
24.265 0.003880319
24.27 0.004563756
24.275 0.005497787
24.28 0.006626989
24.285 0.007787662
24.29 0.008844224
24.295 0.009734038
24.3 0.01045862
24.305 0.01108259
24.31 0.01168398
24.315 0.01223554
24.32 0.01261604
24.325 0.01278627
24.33 0.01277588
24.335 0.0125506
24.34 0.01204375
24.345 0.01122866
24.35 0.01016483
24.355 0.008968741
24.36 0.007694893
24.365 0.006330898
24.37 0.004846165
24.375 0.003230368
24.38 0.0015223
24.385 -0.0001808073
24.39 -0.001796073
24.395 -0.003393894
24.4 -0.005126115
24.405 -0.007033927
24.41 -0.009019804
24.415 -0.01091467
24.42 -0.01262063
24.425 -0.01416079
24.43 -0.01559854
24.435 -0.01697317
24.44 -0.01824658
24.445 -0.01932657
24.45 -0.02014226
24.455 -0.02074094
24.46 -0.02124061
24.465 -0.02162703
24.47 -0.01828993
24.475 -0.0182823
24.48 -0.01802362
24.485 -0.01762885
24.49 -0.01718069
24.495 -0.0166829
24.5 -0.0160928
24.505 -0.01535731
24.51 -0.01444712
24.515 -0.01338887
24.52 -0.01226389
24.525 -0.01115682
24.53 -0.01012861
24.535 -0.009218599
24.54 -0.008440157
24.545 -0.007786011
24.55 -0.007263415
24.555 -0.006889435
24.56 -0.006601875
24.565 -0.006284214
24.57 -0.005912222
24.575 -0.005530126
24.58 -0.005175731
24.585 -0.00491535
24.59 -0.004819883
24.595 -0.004812184
24.6 -0.004724438
24.605 -0.004537923
24.61 -0.004306089
24.615 -0.004036291
24.62 -0.003760664
24.625 -0.003538619
24.63 -0.003377501
24.635 -0.003268073
24.64 -0.003215925
24.645 -0.003166444
24.65 -0.00301217
24.655 -0.002697137
24.66 -0.002243586
24.665 -0.001724253
24.67 -0.001199607
24.675 -0.0006888699
24.68 -0.00018101
24.685 0.0003535276
24.69 0.0009498274
24.695 0.001631483
24.7 0.002391572
24.705 0.003177614
24.71 0.003890954
24.715 0.004428035
24.72 0.004769281
24.725 0.004986871
24.73 0.005152874
24.735 0.005285548
24.74 0.005346217
24.745 0.005323259
24.75 0.005246063
24.755 0.005110483
24.76 0.004885639
24.765 0.004545483
24.77 0.004091505
24.775 0.003570609
24.78 0.003068289
24.785 0.002649762
24.79 0.002297373
24.795 0.001918816
24.8 0.001444928
24.805 0.0009510741
24.81 0.000503063
24.815 1.99464e-05
24.82 -0.0005769547
24.825 -0.001265321
24.83 -0.001954869
24.835 -0.002595896
24.84 -0.003229774
24.845 -0.003847311
24.85 -0.004354434
24.855 -0.004679613
24.86 -0.004810089
24.865 -0.00478054
24.87 -0.004634174
24.875 -0.004415756
24.88 -0.00418319
24.885 -0.00397473
24.89 -0.003793238
24.895 -0.003674703
24.9 -0.003680109
24.905 -0.003810219
24.91 -0.00403211
24.915 -0.004326499
24.92 -0.004668471
24.925 -0.005007614
24.93 -0.005278525
24.935 -0.005455418
24.94 -0.005582901
24.945 -0.005709609
24.95 -0.005847941
24.955 -0.005978754
24.96 -0.006058653
24.965 -0.006031256
24.97 -0.005847394
24.975 -0.005489505
24.98 -0.004983781
24.985 -0.004373409
24.99 -0.003688212
24.995 -0.002966208
25 -0.002272616
25.005 -0.001685805
25.01 -0.001237211
25.015 -0.0008734914
25.02 -0.00051464
25.025 -9.351195e-05
25.03 0.0004384668
25.035 0.001090692
25.04 0.001789083
25.045 0.002321549
25.05 0.002454926
25.055 0.002172632
25.06 0.00159235
25.065 0.0008187593
25.07 -2.63474e-05
25.075 -0.0008337223
25.08 -0.001605168
25.085 -0.002348755
25.09 -0.002998615
25.095 -0.003541232
25.1 -0.004050732
25.105 -0.004589738
25.11 -0.005149722
25.115 -0.005647468
25.12 -0.006009946
25.125 -0.006233323
25.13 -0.006384687
25.135 -0.0065586
25.14 -0.006827927
25.145 -0.007234999
25.15 -0.007785554
25.155 -0.008449278
25.16 -0.00919692
25.165 -0.01002999
25.17 -0.01096066
25.175 -0.01198452
25.18 -0.01307847
25.185 -0.0142346
25.19 -0.01548764
25.195 -0.01688897
25.2 -0.01846978
25.205 -0.02020825
25.21 -0.02201484
25.215 -0.02380194
25.22 -0.0256368
25.225 -0.02764917
25.23 -0.02980204
25.235 -0.03191387
25.24 -0.03381686
25.245 -0.03553443
25.25 -0.03721536
25.255 -0.03891976
25.26 -0.04060125
25.265 -0.04216375
25.27 -0.04353088
25.275 -0.04464753
25.28 -0.04544877
25.285 -0.04589911
25.29 -0.04602071
25.295 -0.04586451
25.3 -0.04546652
25.305 -0.04481242
25.31 -0.04393253
25.315 -0.04291042
25.32 -0.04174453
25.325 -0.04038557
25.33 -0.03883853
25.335 -0.03715481
25.34 -0.03539334
25.345 -0.03358815
25.35 -0.03176305
25.355 -0.02995691
25.36 -0.02823116
25.365 -0.02664156
25.37 -0.02519001
25.375 -0.0238822
25.38 -0.02279368
25.385 -0.02198678
25.39 -0.02145121
25.395 -0.02113172
25.4 -0.02094258
25.405 -0.02079853
25.41 -0.02064477
25.415 -0.0204657
25.42 -0.02027402
25.425 -0.02010168
25.43 -0.01999405
25.435 -0.02000017
25.44 -0.02015738
25.445 -0.02047188
25.45 -0.02090319
25.455 -0.02138977
25.46 -0.02192957
25.465 -0.02257389
25.47 -0.02332948
25.475 -0.02412451
25.48 -0.02484607
25.485 -0.02543669
25.49 -0.02591325
25.495 -0.02629305
25.5 -0.02655663
25.505 -0.02665521
25.51 -0.02658044
25.515 -0.02635963
25.52 -0.02597905
25.525 -0.02544394
25.53 -0.02481866
25.535 -0.02414964
25.54 -0.02343844
25.545 -0.02266865
25.55 -0.02182933
25.555 -0.02093135
25.56 -0.02001414
25.565 -0.01911884
25.57 -0.01823611
25.575 -0.01731172
25.58 -0.01628953
25.585 -0.01517374
25.59 -0.01402965
25.595 -0.01292552
25.6 -0.01189577
25.605 -0.01093595
25.61 -0.01004648
25.615 -0.009253252
25.62 -0.008592471
25.625 -0.008091591
25.63 -0.007759412
25.635 -0.007595787
25.64 -0.007586794
25.645 -0.007681868
25.65 -0.007822075
25.655 -0.008000706
25.66 -0.008215445
25.665 -0.008427078
25.67 -0.008596059
25.675 -0.008707227
25.68 -0.008771008
25.685 -0.008822634
25.69 -0.00890302
25.695 -0.009010859
25.7 -0.009103845
25.705 -0.009173514
25.71 -0.00923809
25.715 -0.00928563
25.72 -0.009302085
25.725 -0.009297889
25.73 -0.009274151
25.735 -0.009225896
25.74 -0.00918458
25.745 -0.009194598
25.75 -0.009263191
25.755 -0.009354767
25.76 -0.009413719
25.765 -0.009408935
25.77 -0.009350171
25.775 -0.009276839
25.78 -0.009223758
25.785 -0.009187946
25.79 -0.009131201
25.795 -0.009010863
25.8 -0.008823817
25.805 -0.00859496
25.81 -0.008341351
25.815 -0.008072498
25.82 -0.007782362
25.825 -0.007426595
25.83 -0.006967108
25.835 -0.006445153
25.84 -0.005912724
25.845 -0.005356587
25.85 -0.004743494
25.855 -0.004064384
25.86 -0.003340959
25.865 -0.00261023
25.87 -0.001897203
25.875 -0.00121759
25.88 -0.0005825417
25.885 3.359571e-06
25.89 0.0005463457
25.895 0.001066188
25.9 0.001594843
25.905 0.002159757
25.91 0.002750067
25.915 0.003315103
25.92 0.003805732
25.925 0.004192845
25.93 0.004476467
25.935 0.004694897
25.94 0.004915745
25.945 0.005200628
25.95 0.005568814
25.955 0.005972103
25.96 0.006340949
25.965 0.00664468
25.97 0.006895301
25.975 0.007126903
25.98 0.007366708
25.985 0.007640037
25.99 0.007977432
25.995 0.008362118
26 0.008720044
26.005 0.009004871
26.01 0.009223942
26.015 0.009396933
26.02 0.00953389
26.025 0.009630374
26.03 0.009695944
26.035 0.009761548
26.04 0.009850126
26.045 0.009965183
26.05 0.01009101
26.055 0.01019304
26.06 0.01023135
26.065 0.01018894
26.07 0.01007444
26.075 0.009899394
26.08 0.00967963
26.085 0.009429492
26.09 0.00913259
26.095 0.008753139
26.1 0.008298822
26.105 0.007819594
26.11 0.007357179
26.115 0.006928531
26.12 0.00652669
26.125 0.006142807
26.13 0.005777623
26.135 0.005434114
26.14 0.005101223
26.145 0.004747727
26.15 0.004358418
26.155 0.003949394
26.16 0.003533005
26.165 0.003116695
26.17 0.00272767
26.175 0.002399752
26.18 0.002149216
26.185 0.001968084
26.19 0.001829039
26.195 0.001701369
26.2 0.001563842
26.205 0.001414097
26.21 0.001254862
26.215 0.001085869
26.22 0.0009198607
26.225 0.0007810875
26.23 0.0006833883
26.235 0.0006239375
26.24 0.0005878119
26.245 0.0005595267
26.25 0.0005313247
26.255 0.0005008793
26.26 0.0004684565
26.265 0.0004354693
26.27 0.0004034015
26.275 0.0003731864
26.28 0.0003450595
26.285 0.000318774
26.29 0.00029399
26.295 0.0002706257
26.3 0.0002490254
26.305 0.000229786
26.31 0.0002133216
26.315 0.0001992289
26.32 0.0001857471
26.325 0.000169578
26.33 0.0001463779
26.335 0.0001120765
26.34 6.500282e-05
26.345 8.014792e-06
26.35 -5.052937e-05
26.355 -0.0001020969
26.36 -0.0001463746
26.365 -0.0001837838
26.37 -0.0002095345
26.375 -0.0002230453
26.38 -0.0002296888
26.385 -0.0002310747
26.39 -0.0002242644
26.395 -0.000207525
26.4 -0.0001882984
26.405 -0.0001814727
26.41 -0.0001913208
26.415 -0.0002075152
26.42 -0.0002170907
26.425 -0.0002124774
26.43 -0.0001954842
26.435 -0.0001711076
26.44 -0.0001423348
26.445 -0.0001110366
26.45 -7.897658e-05
26.455 -4.807072e-05
26.46 -1.997678e-05
26.465 6.456494e-06
26.47 3.971123e-05
26.475 9.017961e-05
26.48 0.0001559198
26.485 0.0002266643
26.49 0.0002963521
26.495 0.0003628883
26.5 0.0004257412
26.505 0.000485222
26.51 0.0005418213
26.515 0.0005957858
26.52 0.0006468716
26.525 0.0006943965
26.53 0.000737511
26.535 0.0007756511
26.54 0.0008090029
26.545 0.0008387309
26.55 0.0008661303
26.555 0.0008899285
26.56 0.0009056593
26.565 0.0009108326
26.57 0.0009068193
26.575 0.0008962371
26.58 0.0008833442
26.585 0.0008743484
26.59 0.0008744511
26.595 0.0008840717
26.6 0.0008967033
26.605 0.0009046108
26.61 0.0009089855
26.615 0.0009161627
26.62 0.0009296734
26.625 0.0009478376
26.63 0.0009658938
26.635 0.0009819706
26.64 0.0009974344
26.645 0.001014112
26.65 0.00103412
26.655 0.001059303
26.66 0.001089237
26.665 0.001121707
26.67 0.001155411
26.675 0.001190489
26.68 0.001227706
26.685 0.001267191
26.69 0.001309018
26.695 0.00135604
26.7 0.001411302
26.705 0.001472868
26.71 0.001536723
26.715 0.001600838
26.72 0.001664751
26.725 0.001728737
26.73 0.001793378
26.735 0.001859151
26.74 0.001926043
26.745 0.001993358
26.75 0.002060045
26.755 0.0021256
26.76 0.002189821
26.765 0.002251926
26.77 0.002311319
26.775 0.002368458
26.78 0.00242429
26.785 0.002479834
26.79 0.002536125
26.795 0.002593454
26.8 0.002650653
26.805 0.00270684
26.81 0.002762396
26.815 0.002817409
26.82 0.00287157
26.825 0.002925495
26.83 0.002980235
26.835 0.003036215
26.84 0.00309326
26.845 0.003150822
26.85 0.003208177
26.855 0.00326501
26.86 0.003321958
26.865 0.003379732
26.87 0.003438281
26.875 0.003497131
26.88 0.003555819
26.885 0.003614171
26.89 0.003672287
26.895 0.003730377
26.9 0.00378851
26.905 0.003846528
26.91 0.003904216
26.915 0.003961377
26.92 0.004017835
26.925 0.004073529
26.93 0.004128557
26.935 0.004183025
26.94 0.004236943
26.945 0.004290251
26.95 0.004342892
26.955 0.004394883
26.96 0.004446231
26.965 0.004496885
26.97 0.004546807
26.975 0.004595995
26.98 0.004644463
26.985 0.004692215
26.99 0.004739235
26.995 0.004785491
27 0.00483095
27.005 0.004875621
27.01 0.004919549
27.015 0.004962791
27.02 0.005005376
27.025 0.00504729
27.03 0.005088488
27.035 0.005128932
27.04 0.005168643
27.045 0.005207667
27.05 0.005246041
27.055 0.005283777
27.06 0.005320877
27.065 0.005357349
27.07 0.005393205
27.075 0.005428448
27.08 0.005463076
27.085 0.005497095
27.09 0.005530513
27.095 0.00556334
27.1 0.005595581
27.105 0.005627235
27.11 0.005658299
27.115 0.005688768
27.12 0.005718638
27.125 0.005747908
27.13 0.005776577
27.135 0.005804644
27.14 0.005832108
27.145 0.005858966
27.15 0.005885216
27.155 0.005910857
27.16 0.005935885
27.165 0.005960298
27.17 0.005984093
27.175 0.006007267
27.18 0.006029818
