0 5.126105e-05
0.01 4.973654e-05
0.02 4.794411e-05
0.03 4.533796e-05
0.04 4.29131e-05
0.05 4.015333e-05
0.06 3.738003e-05
0.07 3.911923e-05
0.08 4.14652e-05
0.09 3.581326e-05
0.1 3.010959e-05
0.11 3.343461e-05
0.12 3.23845e-05
0.13 2.311747e-05
0.14 1.899182e-05
0.15 1.348905e-05
0.16 5.258047e-06
0.17 7.382521e-06
0.18 8.84487e-06
0.19 4.505391e-06
0.2 1.303838e-05
0.21 1.952095e-05
0.22 7.874682e-06
0.23 -1.502441e-05
0.24 -2.659224e-05
0.25 -3.29057e-05
0.26 -3.3151e-05
0.27 -3.325782e-05
0.28 -3.673169e-05
0.29 -6.660848e-05
0.3 -9.033182e-05
0.31 -4.695219e-05
0.32 6.805941e-05
0.33 0.0001081664
0.34 2.176026e-05
0.35 -2.350417e-05
0.36 4.249636e-05
0.37 9.770912e-05
0.38 3.574579e-05
0.39 -5.018611e-05
0.4 -6.633626e-05
0.41 -8.648725e-05
0.42 -0.0001216074
0.43 -0.0001011193
0.44 -7.26236e-05
0.45 -0.0001106662
0.46 -0.0002233081
0.47 -0.0002529345
0.48 -7.864444e-05
0.49 8.958249e-05
0.5 1.637943e-05
0.51 -6.97866e-07
0.52 -5.336917e-06
0.53 -0.0001411284
0.54 -0.000223577
0.55 -0.0002462448
0.56 -0.0001835444
0.57 4.699977e-06
0.58 -2.680452e-05
0.59 -0.0002035303
0.6 -0.0001487745
0.61 2.364122e-05
0.62 4.254207e-05
0.63 -7.514814e-05
0.64 -0.0001201522
0.65 -2.055226e-05
0.66 3.666264e-05
0.67 -0.0001062747
0.68 -0.0002469319
0.69 -0.0003140807
0.7 -0.0003368354
0.71 -0.0003683403
0.72 -8.059656e-05
0.73 0.0003907684
0.74 0.0002557645
0.75 -0.0001936585
0.76 -0.0002594428
0.77 6.582166e-07
0.78 7.342245e-06
0.79 -5.95402e-05
0.8 -0.0001056023
0.81 -0.0001685402
0.82 -0.0002872092
0.83 -0.0003909383
0.84 -0.0004276771
0.85 -0.0006598631
0.86 -0.0008778386
0.87 -0.0007901742
0.88 -0.0005863271
0.89 -0.0004321948
0.9 -0.0003919404
0.91 -0.0005120495
0.92 -0.0004415882
0.93 -0.0003258943
0.94 -0.0001747061
0.95 -0.0002858293
0.96 -0.0004427961
0.97 -0.0003652477
0.98 -0.0004327292
0.99 -0.0006118934
1 -0.0008075081
1.01 -0.0005383932
1.02 -2.368239e-05
1.03 -0.0001190503
1.04 -0.000346538
1.05 -6.859484e-05
1.06 0.0003100939
1.07 0.0002261819
1.08 -0.000278354
1.09 -0.0004661498
1.1 -0.000174472
1.11 0.0002777146
1.12 0.0003294597
1.13 -0.0002430758
1.14 -0.0007100156
1.15 -0.0007376402
1.16 -0.0009118812
1.17 -0.001175014
1.18 -0.00122524
1.19 -0.000954159
1.2 -0.0005466393
1.21 -0.0003757002
1.22 -9.372037e-05
1.23 0.0003859315
1.24 0.0003244841
1.25 0.0002678646
1.26 0.0005441794
1.27 0.0003462239
1.28 -0.0001172132
1.29 -0.0003509902
1.3 -0.0005701793
1.31 -0.0008522574
1.32 -0.000915229
1.33 -0.0008047829
1.34 -0.0003970873
1.35 -0.0003494184
1.36 -0.0007071426
1.37 -0.0004861941
1.38 -8.194216e-05
1.39 -0.0001177182
1.4 -0.0002552739
1.41 -0.0003447317
1.42 -0.0006688282
1.43 -0.001066281
1.44 -0.0008752486
1.45 -0.0004919324
1.46 -0.0003368713
1.47 -0.0002640915
1.48 -0.0009428533
1.49 -0.001647045
1.5 -0.001729207
1.51 -0.001162888
1.52 -0.0003066547
1.53 0.0001022401
1.54 0.0001575348
1.55 -0.0002158741
1.56 -0.0006829862
1.57 -0.0007510701
1.58 -0.000984311
1.59 -0.001037133
1.6 -0.0009776046
1.61 -0.0008252843
1.62 -0.0001660632
1.63 0.0001088107
1.64 -0.0001985331
1.65 -0.0003091711
1.66 -0.0001852369
1.67 -0.0006409312
1.68 -0.001563373
1.69 -0.001318801
1.7 -0.000534728
1.71 -0.0005622048
1.72 -0.0002943626
1.73 -3.815583e-05
1.74 -0.0004455097
1.75 -0.0002988333
1.76 0.0003503603
1.77 6.666507e-05
1.78 -0.001105202
1.79 -0.001110857
1.8 -0.000431007
1.81 -0.001062385
1.82 -0.001873012
1.83 -0.001505173
1.84 -0.0004437031
1.85 0.0001325166
1.86 0.0003337727
1.87 0.0002059646
1.88 2.941583e-07
1.89 0.0002868863
1.9 -3.781275e-05
1.91 -0.0007772889
1.92 -0.0009366541
1.93 -0.00094211
1.94 -0.0006990928
1.95 -0.000850798
1.96 -0.001266137
1.97 -0.0008591169
1.98 6.207623e-05
1.99 0.0004274263
2 -0.000448922
2.01 -0.00125611
2.02 -0.0008937011
2.03 -0.0005083623
2.04 -0.000874733
2.05 -0.001575829
2.06 -0.001771896
2.07 -0.001100718
2.08 -0.0002220293
2.09 0.0005234229
2.1 -0.0002730044
2.11 -0.001667809
2.12 -0.00172134
2.13 -0.0007243641
2.14 -0.0003266054
2.15 -0.0009259811
2.16 -0.001126771
2.17 0.0002352634
2.18 0.00138241
2.19 0.0007541783
2.2 -0.0004860415
2.21 -0.001601391
2.22 -0.001884114
2.23 -0.001460232
2.24 -0.001036237
2.25 -0.001213006
2.26 -0.00197255
2.27 -0.001506065
2.28 -0.0003584745
2.29 0.0002918273
2.3 0.0006045182
2.31 0.0003749117
2.32 -0.0001038979
2.33 -8.54386e-05
2.34 0.0006644832
2.35 0.000561315
2.36 -0.001372755
2.37 -0.002793248
2.38 -0.002537
2.39 -0.002206468
2.4 -0.002673727
2.41 -0.002984309
2.42 -0.001635329
2.43 5.345178e-05
2.44 0.0004894508
2.45 -7.759986e-05
2.46 -0.0004573014
2.47 -3.758058e-05
2.48 0.0003819233
2.49 0.00048169
2.5 -0.0002823075
2.51 -0.001600969
2.52 -0.002369015
2.53 -0.002122945
2.54 -0.001850493
2.55 -0.001211813
2.56 2.964203e-06
2.57 0.0002274127
2.58 -0.0006186344
2.59 -0.000510528
2.6 0.000269759
2.61 -0.0001577907
2.62 -0.001064177
2.63 -0.001490012
2.64 -0.001054593
2.65 -0.0007741608
2.66 -0.001143808
2.67 -0.001110031
2.68 -0.0009824967
2.69 -0.0007078424
2.7 -0.00117518
2.71 -0.002511745
2.72 -0.003758025
2.73 -0.004750089
2.74 -0.00375451
2.75 -0.001102684
2.76 0.002098871
2.77 0.004815559
2.78 0.004962313
2.79 0.002426232
2.8 -0.001009362
2.81 -0.001848322
2.82 3.105095e-05
2.83 0.00141645
2.84 0.0005034426
2.85 -0.001315538
2.86 -0.00179527
2.87 -0.0003294356
2.88 0.001218264
2.89 0.0007941203
2.9 -0.001310887
2.91 -0.003179785
2.92 -0.0029288
2.93 -0.001686226
2.94 -0.001226811
2.95 -0.0008691168
2.96 0.001860942
2.97 0.005650898
2.98 0.005360145
2.99 -8.60978e-05
3 -0.006474726
3.01 -0.008216529
3.02 -0.003526524
3.03 0.001930399
3.04 0.002530052
3.05 -0.001481691
3.06 -0.004924631
3.07 -0.004771117
3.08 -0.002803569
3.09 -0.002157725
3.1 -0.005517927
3.11 -0.008407794
3.12 -0.003944996
3.13 0.004142807
3.14 0.006886149
3.15 0.002727165
3.16 -0.001776532
3.17 -0.00048501
3.18 0.004065848
3.19 0.004601613
3.2 -0.00147853
3.21 -0.009142539
3.22 -0.01102634
3.23 -0.005429608
3.24 0.002376565
3.25 0.004549733
3.26 -0.0002042291
3.27 -0.004889386
3.28 -0.005398952
3.29 -0.004434775
3.3 -0.005212855
3.31 -0.006598943
3.32 -0.004808689
3.33 -0.0007371847
3.34 0.002178424
3.35 0.00156808
3.36 -0.00267366
3.37 -0.007076871
3.38 -0.006723052
3.39 -0.0009224704
3.4 0.002698998
3.41 -0.001054026
3.42 -0.006773016
3.43 -0.008610341
3.44 -0.004887863
3.45 0.001311357
3.46 0.003995348
3.47 0.0004625661
3.48 -0.006030047
3.49 -0.009301152
3.5 -0.006525356
3.51 0.0001194801
3.52 0.004090398
3.53 0.002208997
3.54 -0.001920706
3.55 -0.004348486
3.56 -0.004265946
3.57 -0.003754312
3.58 -0.003758668
3.59 -0.004661446
3.6 -0.004479776
3.61 -0.0009683943
3.62 0.005328128
3.63 0.008808255
3.64 0.006090954
3.65 -0.0003502032
3.66 -0.006966566
3.67 -0.01229121
3.68 -0.01659831
3.69 -0.01751131
3.7 -0.01315881
3.71 -0.00372025
3.72 0.00531997
3.73 0.006982992
3.74 0.0008656065
3.75 -0.006454889
3.76 -0.006880487
3.77 0.001364204
3.78 0.010353
3.79 0.0110938
3.8 0.003575976
3.81 -0.005817957
3.82 -0.01066135
3.83 -0.009548166
3.84 -0.005679936
3.85 -0.003238608
3.86 -0.002852958
3.87 -0.0009429831
3.88 0.002489809
3.89 0.003597374
3.9 0.0001735716
3.91 -0.006176946
3.92 -0.01154047
3.93 -0.01415083
3.94 -0.013379
3.95 -0.01028902
3.96 -0.006579435
3.97 -0.002625209
3.98 0.003357686
3.99 0.01354728
4 0.02425007
4.01 0.02660654
4.02 0.01741877
4.03 0.002544242
4.04 -0.00810939
4.05 -0.008339806
4.06 -0.003160209
4.07 -0.002111991
4.08 -0.008637634
4.09 -0.01470157
4.1 -0.0108846
4.11 0.0002984627
4.12 0.008056055
4.13 0.004927561
4.14 -0.004106317
4.15 -0.004439198
4.16 0.009503735
4.17 0.02684891
4.18 0.03087781
4.19 0.01574633
4.2 -0.006717313
4.21 -0.01840322
4.22 -0.01230349
4.23 0.0006868415
4.24 0.005410999
4.25 -0.005001024
4.26 -0.02210102
4.27 -0.02760561
4.28 -0.01411624
4.29 0.005147622
4.3 0.01347884
4.31 0.005599043
4.32 -0.007540634
4.33 -0.01082391
4.34 0.0003287212
4.35 0.01803694
4.36 0.02990371
4.37 0.03099878
4.38 0.0258929
4.39 0.02284663
4.4 0.02587967
4.41 0.03127783
4.42 0.03244208
4.43 0.02729
4.44 0.02061255
4.45 0.01756259
4.46 0.01733411
4.47 0.01246166
4.48 -0.002950576
4.49 -0.02680142
4.5 -0.05251977
4.51 -0.07356495
4.52 -0.08295478
4.53 -0.07382941
4.54 -0.0449777
4.55 -0.003811595
4.56 0.03853647
4.57 0.07300414
4.58 0.09623761
4.59 0.1098436
4.6 0.1135569
4.61 0.1035196
4.62 0.07972671
4.63 0.0524508
4.64 0.03351489
4.65 0.0216044
4.66 0.003606986
4.67 -0.0278774
4.68 -0.06524901
4.69 -0.09338909
4.7 -0.1041302
4.71 -0.1039554
4.72 -0.1066409
4.73 -0.1165918
4.74 -0.1214603
4.75 -0.1064192
4.76 -0.07140333
4.77 -0.03230497
4.78 -0.005551991
4.79 0.001374723
4.8 -0.006992666
4.81 -0.01605217
4.82 -0.007206876
4.83 0.0283326
4.84 0.07828694
4.85 0.1167603
4.86 0.1271664
4.87 0.1131111
4.88 0.09612181
4.89 0.1013461
4.9 0.1324363
4.91 0.1646298
4.92 0.1684002
4.93 0.1361752
4.94 0.0919036
4.95 0.06983744
4.96 0.07988613
4.97 0.09675896
4.98 0.08666466
4.99 0.04097469
5 -0.0172859
5.01 -0.05533662
5.02 -0.05690889
5.03 -0.03512415
5.04 -0.01602728
5.05 -0.01394987
5.06 -0.0188272
5.07 -0.009611536
5.08 0.01935777
5.09 0.05323795
5.1 0.07307546
5.11 0.07200417
5.12 0.06073453
5.13 0.05556545
5.14 0.06241851
5.15 0.07199391
5.16 0.06759797
5.17 0.03696685
5.18 -0.01959536
5.19 -0.08548404
5.2 -0.1349735
5.21 -0.1469651
5.22 -0.1210357
5.23 -0.08276285
5.24 -0.06257628
5.25 -0.06950151
5.26 -0.08846167
5.27 -0.09912851
5.28 -0.09779602
5.29 -0.0962186
5.3 -0.1038302
5.31 -0.1103934
5.32 -0.09221487
5.33 -0.03957802
5.34 0.03271633
5.35 0.09863961
5.36 0.1381627
5.37 0.1483403
5.38 0.1414247
5.39 0.1301602
5.4 0.1215603
5.41 0.1166858
5.42 0.11095
5.43 0.1007113
5.44 0.09175295
5.45 0.09498904
5.46 0.108471
5.47 0.1151445
5.48 0.09982232
5.49 0.06096098
5.5 0.01043573
5.51 -0.03405594
5.52 -0.06334163
5.53 -0.08150081
5.54 -0.09243084
5.55 -0.09210709
5.56 -0.07364758
5.57 -0.03849088
5.58 -0.004801387
5.59 0.002202486
5.6 -0.02717071
5.61 -0.07821658
5.62 -0.1269637
5.63 -0.1582568
5.64 -0.1712467
5.65 -0.1723147
5.66 -0.1639
5.67 -0.1423638
5.68 -0.1065839
5.69 -0.0600214
5.7 -0.01022022
5.71 0.03151583
5.72 0.0596844
5.73 0.07935326
5.74 0.09859767
5.75 0.1211351
5.76 0.1403116
5.77 0.143402
5.78 0.1209939
5.79 0.06989174
5.8 -0.004203738
5.81 -0.07788063
5.82 -0.1228253
5.83 -0.1312563
5.84 -0.1173975
5.85 -0.1000195
5.86 -0.09075098
5.87 -0.09088432
5.88 -0.09474404
5.89 -0.09922986
5.9 -0.1058305
5.91 -0.1134524
5.92 -0.1170839
5.93 -0.1134949
5.94 -0.1043432
5.95 -0.09701628
5.96 -0.101203
5.97 -0.1169879
5.98 -0.1348514
5.99 -0.1461273
6 -0.1510174
6.01 -0.1548577
6.02 -0.1589963
6.03 -0.1571071
6.04 -0.1381467
6.05 -0.09638126
6.06 -0.03728443
6.07 0.02574728
6.08 0.07856969
6.09 0.113281
6.1 0.1312695
6.11 0.1356578
6.12 0.1257606
6.13 0.1001741
6.14 0.0635822
6.15 0.02916479
6.16 0.01337385
6.17 0.02500398
6.18 0.05839167
6.19 0.09564294
6.2 0.1217348
6.21 0.1350998
6.22 0.144235
6.23 0.1550119
6.24 0.1662916
6.25 0.1748456
6.26 0.1781692
6.27 0.1733099
6.28 0.1586165
6.29 0.1350493
6.3 0.1032816
6.31 0.0649071
6.32 0.02656792
6.33 -0.004988274
6.34 -0.02699448
6.35 -0.03958306
6.36 -0.04306619
6.37 -0.03677625
6.38 -0.02201379
6.39 -0.002818371
6.4 0.01543843
6.41 0.02679217
6.42 0.02800345
6.43 0.0211646
6.44 0.0123506
6.45 0.006083111
6.46 0.007795212
6.47 0.02250685
6.48 0.04477574
6.49 0.05846942
6.5 0.04980161
6.51 0.01717279
6.52 -0.02903512
6.53 -0.07264261
6.54 -0.09864077
6.55 -0.1068488
6.56 -0.112214
6.57 -0.1266464
6.58 -0.1444252
6.59 -0.1444775
6.6 -0.1114569
6.61 -0.05039817
6.62 0.01629776
6.63 0.06646321
6.64 0.09720271
6.65 0.1188772
6.66 0.1390147
6.67 0.1542012
6.68 0.1554973
6.69 0.1386113
6.7 0.1074197
6.71 0.07203711
6.72 0.03922593
6.73 0.005872604
6.74 -0.03485975
6.75 -0.08602076
6.76 -0.1382743
6.77 -0.1741096
6.78 -0.1841419
6.79 -0.1751716
6.8 -0.1643948
6.81 -0.1662259
6.82 -0.1751647
6.83 -0.1663441
6.84 -0.118786
6.85 -0.03607776
6.86 0.05681624
6.87 0.132918
6.88 0.1781343
6.89 0.1933333
6.9 0.1886222
6.91 0.1771841
6.92 0.1674763
6.93 0.1553138
6.94 0.1296655
6.95 0.08801389
6.96 0.04129533
6.97 0.002195209
6.98 -0.02117334
6.99 -0.02514999
7 -0.01546685
7.01 -0.00435735
7.02 0.004323242
7.03 0.01970413
7.04 0.05421985
7.05 0.1067278
7.06 0.1642524
7.07 0.2160138
7.08 0.2566445
7.09 0.2846331
7.1 0.2988127
7.11 0.2975947
7.12 0.2828946
7.13 0.2595271
7.14 0.2311502
7.15 0.1906305
7.16 0.1258421
7.17 0.04039705
7.18 -0.05105207
7.19 -0.1467325
7.2 -0.2562601
7.21 -0.3655502
7.22 -0.4440519
7.23 -0.4797563
7.24 -0.4832252
7.25 -0.4700678
7.26 -0.4524242
7.27 -0.4374049
7.28 -0.4207447
7.29 -0.3837719
7.3 -0.314366
7.31 -0.225461
7.32 -0.1400615
7.33 -0.06643386
7.34 -0.0003975125
7.35 0.06058987
7.36 0.1188072
7.37 0.1737803
7.38 0.2180236
7.39 0.2405111
7.4 0.2382443
7.41 0.2242756
7.42 0.2120549
7.43 0.2044768
7.44 0.2030416
7.45 0.2044117
7.46 0.1983663
7.47 0.1788279
7.48 0.1494171
7.49 0.1183061
7.5 0.09019424
7.51 0.07007365
7.52 0.06286393
7.53 0.06932189
7.54 0.08551677
7.55 0.1068185
7.56 0.1297953
7.57 0.1527931
7.58 0.1733447
7.59 0.1861107
7.6 0.1856554
7.61 0.168039
7.62 0.1323311
7.63 0.08062321
7.64 0.01894864
7.65 -0.04698068
7.66 -0.1134564
7.67 -0.176177
7.68 -0.2296447
7.69 -0.2703613
7.7 -0.2987126
7.71 -0.31993
7.72 -0.3398302
7.73 -0.3551912
7.74 -0.3594441
7.75 -0.3524467
7.76 -0.3419546
7.77 -0.3318578
7.78 -0.3127795
7.79 -0.2734657
7.8 -0.2164965
7.81 -0.1535171
7.82 -0.09360582
7.83 -0.04607689
7.84 -0.01866209
7.85 -0.004182283
7.86 0.01240898
7.87 0.04033063
7.88 0.078881
7.89 0.1230751
7.9 0.1647899
7.91 0.2000337
7.92 0.2300116
7.93 0.255154
7.94 0.2726915
7.95 0.2795315
7.96 0.2767895
7.97 0.2717525
7.98 0.2737527
7.99 0.2854879
8 0.2970801
8.01 0.2887036
8.02 0.2455337
8.03 0.1745979
8.04 0.09395904
8.05 0.01190572
8.06 -0.07184212
8.07 -0.1573939
8.08 -0.2391205
8.09 -0.3050471
8.1 -0.3460126
8.11 -0.3630644
8.12 -0.3655246
8.13 -0.3644196
8.14 -0.3652378
8.15 -0.3648357
8.16 -0.3508068
8.17 -0.3097994
8.18 -0.243035
8.19 -0.1759615
8.2 -0.1359004
8.21 -0.121302
8.22 -0.1155405
8.23 -0.1119701
8.24 -0.104829
8.25 -0.08708357
8.26 -0.06010224
8.27 -0.0280192
8.28 0.009299717
8.29 0.05257754
8.3 0.09859485
8.31 0.1415698
8.32 0.1763344
8.33 0.2018956
8.34 0.2224967
8.35 0.2432793
8.36 0.2676769
8.37 0.2954864
8.38 0.320906
8.39 0.3389195
8.4 0.3500971
8.41 0.3558615
8.42 0.3569132
8.43 0.3450196
8.44 0.3057739
8.45 0.2425292
8.46 0.1774016
8.47 0.1226386
8.48 0.07369888
8.49 0.02664214
8.5 -0.01945627
8.51 -0.06632047
8.52 -0.1068014
8.53 -0.1329855
8.54 -0.1501134
8.55 -0.1664382
8.56 -0.1872529
8.57 -0.2103362
8.58 -0.2331087
8.59 -0.2508436
8.6 -0.2562073
8.61 -0.2510614
8.62 -0.2398676
8.63 -0.2290455
8.64 -0.222025
8.65 -0.2171215
8.66 -0.2124455
8.67 -0.2095376
8.68 -0.2064424
8.69 -0.2033355
8.7 -0.2078609
8.71 -0.2268342
8.72 -0.2570396
8.73 -0.2894278
8.74 -0.318692
8.75 -0.3406369
8.76 -0.3439506
8.77 -0.3194218
8.78 -0.2712921
8.79 -0.2103071
8.8 -0.1427882
8.81 -0.07028209
8.82 0.007282041
8.83 0.08926968
8.84 0.1709025
8.85 0.2446193
8.86 0.3061404
8.87 0.3555418
8.88 0.3959838
8.89 0.4300385
8.9 0.4572805
8.91 0.4742365
8.92 0.478918
8.93 0.4722883
8.94 0.4556213
8.95 0.4336565
8.96 0.413071
8.97 0.3897259
8.98 0.3489047
8.99 0.2803362
9 0.1903082
9.01 0.09526157
9.02 0.01296718
9.03 -0.04675231
9.04 -0.08796783
9.05 -0.120727
9.06 -0.1570416
9.07 -0.2005043
9.08 -0.2398543
9.09 -0.2618072
9.1 -0.262537
9.11 -0.2452922
9.12 -0.2133988
9.13 -0.1641001
9.14 -0.09673837
9.15 -0.0280962
9.16 0.0134983
9.17 0.01756164
9.18 0.002377093
9.19 -0.01008623
9.2 -0.01609021
9.21 -0.02091523
9.22 -0.02780033
9.23 -0.04029204
9.24 -0.06335675
9.25 -0.09624851
9.26 -0.1305476
9.27 -0.1547403
9.28 -0.1598948
9.29 -0.1424412
9.3 -0.1060046
9.31 -0.05840544
9.32 -0.006008693
9.33 0.04748415
9.34 0.0950084
9.35 0.1300021
9.36 0.1558616
9.37 0.1801806
9.38 0.2044861
9.39 0.2252425
9.4 0.2423254
9.41 0.2568413
9.42 0.268178
9.43 0.2720328
9.44 0.2633691
9.45 0.2386167
9.46 0.1954978
9.47 0.1362129
9.48 0.07103144
9.49 0.01366485
9.5 -0.02954888
9.51 -0.06007505
9.52 -0.07825674
9.53 -0.08561812
9.54 -0.0870342
9.55 -0.08877497
9.56 -0.09166814
9.57 -0.08738647
9.58 -0.06724618
9.59 -0.03531541
9.6 -0.004067137
9.61 0.01747273
9.62 0.02769507
9.63 0.03206942
9.64 0.0348278
9.65 0.02919453
9.66 0.009503207
9.67 -0.01576231
9.68 -0.03629332
9.69 -0.04776431
9.7 -0.05120944
9.71 -0.05138835
9.72 -0.05324659
9.73 -0.05854296
9.74 -0.06562687
9.75 -0.0731
9.76 -0.08052216
9.77 -0.08358555
9.78 -0.07417866
9.79 -0.04931197
9.8 -0.01703358
9.81 0.009998
9.82 0.02620484
9.83 0.03586657
9.84 0.04209021
9.85 0.04663913
9.86 0.05463084
9.87 0.06813003
9.88 0.08488788
9.89 0.10195
9.9 0.1154216
9.91 0.1257484
9.92 0.1379757
9.93 0.1538821
9.94 0.1689458
9.95 0.1772571
9.96 0.1758801
9.97 0.1678815
9.98 0.161842
9.99 0.1625705
10 0.1692483
10.01 0.1780105
10.02 0.1816443
10.03 0.1734456
10.04 0.1504598
10.05 0.1150586
10.06 0.07217533
10.07 0.02758384
10.08 -0.01287727
10.09 -0.04140883
10.1 -0.05626498
10.11 -0.06629671
10.12 -0.08326507
10.13 -0.1109005
10.14 -0.1468605
10.15 -0.1869169
10.16 -0.226464
10.17 -0.2595436
10.18 -0.2782304
10.19 -0.2775207
10.2 -0.2612064
10.21 -0.2374939
10.22 -0.2092461
10.23 -0.1766404
10.24 -0.1419328
10.25 -0.1089042
10.26 -0.08319221
10.27 -0.06779921
10.28 -0.067331
10.29 -0.08205898
10.3 -0.102458
10.31 -0.1161463
10.32 -0.1169813
10.33 -0.1085333
10.34 -0.1015979
10.35 -0.1061687
10.36 -0.123528
10.37 -0.1458625
10.38 -0.1640216
10.39 -0.1738899
10.4 -0.1757888
10.41 -0.1717351
10.42 -0.1637324
10.43 -0.1546658
10.44 -0.1460571
10.45 -0.1365497
10.46 -0.1217815
10.47 -0.1000912
10.48 -0.07202982
10.49 -0.04209359
10.5 -0.01641919
10.51 0.002995544
10.52 0.01787344
10.53 0.02873608
10.54 0.03456296
10.55 0.03604592
10.56 0.0349197
10.57 0.03302584
10.58 0.02949506
10.59 0.02189193
10.6 0.01108934
10.61 -0.0004155354
10.62 -0.01243523
10.63 -0.02128875
10.64 -0.01848764
10.65 -0.002062593
10.66 0.02229793
10.67 0.04771667
10.68 0.07106937
10.69 0.09401875
10.7 0.1199585
10.71 0.1480973
10.72 0.1718491
10.73 0.184189
10.74 0.1853363
10.75 0.1787165
10.76 0.167599
10.77 0.156309
10.78 0.1451059
10.79 0.1313483
10.8 0.1150422
10.81 0.1004769
10.82 0.0912857
10.83 0.08751858
10.84 0.08646813
10.85 0.08624873
10.86 0.08608387
10.87 0.08301998
10.88 0.07106292
10.89 0.0476972
10.9 0.01628335
10.91 -0.01769154
10.92 -0.04868297
10.93 -0.07654819
10.94 -0.106329
10.95 -0.1370882
10.96 -0.1621092
10.97 -0.1795454
10.98 -0.1928592
10.99 -0.2064979
11 -0.2220123
11.01 -0.2370378
11.02 -0.2479774
11.03 -0.24854
11.04 -0.2296143
11.05 -0.1886794
11.06 -0.1371452
11.07 -0.09006043
11.08 -0.0547346
11.09 -0.03050153
11.1 -0.01522692
11.11 -0.005948855
11.12 0.005297865
11.13 0.0263598
11.14 0.05728576
11.15 0.09376193
11.16 0.1298624
11.17 0.1593031
11.18 0.1808222
11.19 0.1944547
11.2 0.1959398
11.21 0.1798331
11.22 0.1467329
11.23 0.1058519
11.24 0.07257053
11.25 0.05428096
11.26 0.04790287
11.27 0.04962285
11.28 0.05864761
11.29 0.07306821
11.3 0.08929594
11.31 0.1030017
11.32 0.1070518
11.33 0.09690317
11.34 0.07884768
11.35 0.06221824
11.36 0.04712856
11.37 0.02948292
11.38 0.007077538
11.39 -0.01983499
11.4 -0.05034314
11.41 -0.07991043
11.42 -0.1017799
11.43 -0.1134276
11.44 -0.1181163
11.45 -0.1212842
11.46 -0.1276157
11.47 -0.1399007
11.48 -0.1557492
11.49 -0.1713215
11.5 -0.1824834
11.51 -0.1806931
11.52 -0.1583241
11.53 -0.1186013
11.54 -0.07279801
11.55 -0.02884726
11.56 0.01011309
11.57 0.03974585
11.58 0.05731426
11.59 0.06324538
11.6 0.05782368
11.61 0.04293342
11.62 0.02451424
11.63 0.01100337
11.64 0.007090707
11.65 0.01090252
11.66 0.01824111
11.67 0.02735681
11.68 0.0389399
11.69 0.05427823
11.7 0.07225487
11.71 0.09050914
11.72 0.1072427
11.73 0.1196585
11.74 0.1284329
11.75 0.1388722
11.76 0.1534797
11.77 0.1682797
11.78 0.1786631
11.79 0.1801803
11.8 0.1663642
11.81 0.1363756
11.82 0.1016368
11.83 0.07495114
11.84 0.05921831
11.85 0.05030347
11.86 0.04483008
11.87 0.04376558
11.88 0.048644
11.89 0.06049636
11.9 0.07671013
11.91 0.09154536
11.92 0.101218
11.93 0.1041399
11.94 0.09937091
11.95 0.0863936
11.96 0.07115025
11.97 0.06197449
11.98 0.05821238
11.99 0.0535723
12 0.04246986
12.01 0.02175377
12.02 -0.006394152
12.03 -0.03504771
12.04 -0.05871899
12.05 -0.07776893
12.06 -0.0923089
12.07 -0.09867951
12.08 -0.09261289
12.09 -0.0756942
12.1 -0.05730153
12.11 -0.04528412
12.12 -0.03909332
12.13 -0.03585353
12.14 -0.03357091
12.15 -0.03028735
12.16 -0.02574094
12.17 -0.02145516
12.18 -0.01650917
12.19 -0.007274597
12.2 0.005926779
12.21 0.01934328
12.22 0.02934658
12.23 0.03558182
12.24 0.04022443
12.25 0.04423977
12.26 0.04479888
12.27 0.03936822
12.28 0.02747928
12.29 0.01220736
12.3 -0.001571573
12.31 -0.01113169
12.32 -0.0163816
12.33 -0.01843378
12.34 -0.01888483
12.35 -0.01971621
12.36 -0.02396089
12.37 -0.03324176
12.38 -0.04654966
12.39 -0.06097679
12.4 -0.07269653
12.41 -0.07897755
12.42 -0.07789734
12.43 -0.0726096
12.44 -0.06755569
12.45 -0.06506347
12.46 -0.06625317
12.47 -0.07051699
12.48 -0.07416237
12.49 -0.07164287
12.5 -0.06254867
12.51 -0.05133242
12.52 -0.0419136
12.53 -0.03952034
12.54 -0.04683659
12.55 -0.05799688
12.56 -0.06618193
12.57 -0.06907596
12.58 -0.06707335
12.59 -0.05994663
12.6 -0.04817803
12.61 -0.03287634
12.62 -0.01514298
12.63 0.005423059
12.64 0.02959321
12.65 0.05612005
12.66 0.08271662
12.67 0.1084458
12.68 0.1318333
12.69 0.152213
12.7 0.1656816
12.71 0.1669486
12.72 0.1552888
12.73 0.1322552
12.74 0.1006226
12.75 0.06400313
12.76 0.02746365
12.77 -0.004958336
12.78 -0.02982491
12.79 -0.04385646
12.8 -0.04740692
12.81 -0.04643769
12.82 -0.04608369
12.83 -0.04300489
12.84 -0.03240251
12.85 -0.01905211
12.86 -0.009632045
12.87 -0.003844566
12.88 -0.001960028
12.89 -0.007142184
12.9 -0.01956334
12.91 -0.03534152
12.92 -0.04996424
12.93 -0.06374723
12.94 -0.07837231
12.95 -0.08811794
12.96 -0.08516413
12.97 -0.07072305
12.98 -0.05455372
12.99 -0.04837813
13 -0.05631567
13.01 -0.07046278
13.02 -0.08178833
13.03 -0.08712171
13.04 -0.08750603
13.05 -0.08563407
13.06 -0.08194058
13.07 -0.07669069
13.08 -0.07222562
13.09 -0.07007783
13.1 -0.06873701
13.11 -0.06523736
13.12 -0.05611556
13.13 -0.04106657
13.14 -0.02452751
13.15 -0.01038272
13.16 0.001936793
13.17 0.01511046
13.18 0.03107357
13.19 0.04815385
13.2 0.06282536
13.21 0.0727367
13.22 0.07552914
13.23 0.07000845
13.24 0.05824282
13.25 0.04324267
13.26 0.02995151
13.27 0.02264143
13.28 0.02000124
13.29 0.01833158
13.3 0.01508114
13.31 0.01016711
13.32 0.007547133
13.33 0.009690743
13.34 0.01387002
13.35 0.01819369
13.36 0.0222693
13.37 0.02489586
13.38 0.02628719
13.39 0.02819442
13.4 0.03066059
13.41 0.03625611
13.42 0.04931096
13.43 0.06780075
13.44 0.08456305
13.45 0.09567801
13.46 0.1022277
13.47 0.1079053
13.48 0.116281
13.49 0.1268656
13.5 0.1359668
13.51 0.1402705
13.52 0.1383613
13.53 0.1279236
13.54 0.1091661
13.55 0.08531575
13.56 0.06048634
13.57 0.03917384
13.58 0.02381121
13.59 0.01464734
13.6 0.01125343
13.61 0.01032519
13.62 0.006126985
13.63 -0.002944611
13.64 -0.0142099
13.65 -0.02650687
13.66 -0.04044466
13.67 -0.05678097
13.68 -0.07610536
13.69 -0.09620383
13.7 -0.1128128
13.71 -0.1245159
13.72 -0.1318461
13.73 -0.1354604
13.74 -0.1363885
13.75 -0.1353349
13.76 -0.1293477
13.77 -0.1154915
13.78 -0.0945904
13.79 -0.07129843
13.8 -0.0518522
13.81 -0.03851072
13.82 -0.02943908
13.83 -0.02423184
13.84 -0.02257138
13.85 -0.0212059
13.86 -0.0189667
13.87 -0.02020927
13.88 -0.02795703
13.89 -0.0403657
13.9 -0.05342211
13.91 -0.06247708
13.92 -0.06546166
13.93 -0.06319312
13.94 -0.05733956
13.95 -0.04974906
13.96 -0.04112958
13.97 -0.02969728
13.98 -0.01623826
13.99 -0.002745171
14 0.01082689
14.01 0.02422133
14.02 0.03687056
14.03 0.04997793
14.04 0.06286264
14.05 0.07245068
14.06 0.07833968
14.07 0.08083058
14.08 0.07940728
14.09 0.07349592
14.1 0.0650258
14.11 0.05710402
14.12 0.05101929
14.13 0.04357607
14.14 0.0335597
14.15 0.02623991
14.16 0.02559155
14.17 0.0309453
14.18 0.0404702
14.19 0.05224123
14.2 0.06336652
14.21 0.07396606
14.22 0.08412065
14.23 0.09137768
14.24 0.09458097
14.25 0.09241643
14.26 0.08288544
14.27 0.0683288
14.28 0.05227591
14.29 0.03816266
14.3 0.02865639
14.31 0.02422584
14.32 0.02425484
14.33 0.02891607
14.34 0.03571347
14.35 0.03967351
14.36 0.03888829
14.37 0.03430707
14.38 0.02672226
14.39 0.01651659
14.4 0.005966069
14.41 -0.00127601
14.42 -0.002283509
14.43 0.002257444
14.44 0.01047734
14.45 0.01924051
14.46 0.02561483
14.47 0.02927452
14.48 0.03169837
14.49 0.03353664
14.5 0.03126469
14.51 0.02336176
14.52 0.01403377
14.53 0.006797071
14.54 0.001643791
14.55 -0.0034503
14.56 -0.01132625
14.57 -0.02213129
14.58 -0.03282888
14.59 -0.04034999
14.6 -0.04382463
14.61 -0.0448547
14.62 -0.04451398
14.63 -0.04295318
14.64 -0.04034898
14.65 -0.03878977
14.66 -0.03891317
14.67 -0.03872876
14.68 -0.03932174
14.69 -0.04233741
14.7 -0.045581
14.71 -0.04656615
14.72 -0.0446872
14.73 -0.04177477
14.74 -0.03905124
14.75 -0.03423482
14.76 -0.02616659
14.77 -0.01559524
14.78 -0.002831407
14.79 0.01275806
14.8 0.02759026
14.81 0.03735228
14.82 0.04138125
14.83 0.0399236
14.84 0.03222025
14.85 0.01990619
14.86 0.006618402
14.87 -0.00413199
14.88 -0.01143272
14.89 -0.01613465
14.9 -0.01970254
14.91 -0.0244099
14.92 -0.03047037
14.93 -0.03536505
14.94 -0.03739597
14.95 -0.03703663
14.96 -0.03613557
14.97 -0.03701255
14.98 -0.04183192
14.99 -0.04982089
15 -0.05701095
15.01 -0.05874485
15.02 -0.05162915
15.03 -0.03618932
15.04 -0.01733356
15.05 -0.000501126
15.06 0.01376862
15.07 0.02813526
15.08 0.04274945
15.09 0.05428235
15.1 0.05821409
15.11 0.0511847
15.12 0.034635
15.13 0.01534266
15.14 -0.0003937594
15.15 -0.01136788
15.16 -0.01870181
15.17 -0.02334664
15.18 -0.0288505
15.19 -0.03825495
15.2 -0.04827207
15.21 -0.0519335
15.22 -0.04741086
15.23 -0.04067867
15.24 -0.03632034
15.25 -0.0360904
15.26 -0.03831273
15.27 -0.03811643
15.28 -0.03339976
15.29 -0.0275046
15.3 -0.02598644
15.31 -0.03111956
15.32 -0.04132966
15.33 -0.05182803
15.34 -0.05768741
15.35 -0.05869084
15.36 -0.0576218
15.37 -0.05659288
15.38 -0.05752792
15.39 -0.05865391
15.4 -0.05736237
15.41 -0.0539688
15.42 -0.05116957
15.43 -0.05212198
15.44 -0.05713546
15.45 -0.06119808
15.46 -0.06246437
15.47 -0.06478465
15.48 -0.06919622
15.49 -0.07314319
15.5 -0.07742922
15.51 -0.08417132
15.52 -0.09265535
15.53 -0.1018495
15.54 -0.1109429
15.55 -0.1154284
15.56 -0.1089868
15.57 -0.08761077
15.58 -0.05370999
15.59 -0.01472721
15.6 0.0222388
15.61 0.05253763
15.62 0.07473311
15.63 0.08997286
15.64 0.1010331
15.65 0.1072958
15.66 0.1067097
15.67 0.1000992
15.68 0.08984286
15.69 0.07894651
15.7 0.06883201
15.71 0.05704189
15.72 0.04132727
15.73 0.02300307
15.74 0.00478459
15.75 -0.01268665
15.76 -0.0301391
15.77 -0.04359019
15.78 -0.04811513
15.79 -0.04273636
15.8 -0.03080322
15.81 -0.01747032
15.82 -0.004995523
15.83 0.007738909
15.84 0.01959075
15.85 0.02731704
15.86 0.02891035
15.87 0.02400822
15.88 0.01606812
15.89 0.009158175
15.9 0.004010163
15.91 0.0004790802
15.92 0.0003343602
15.93 0.004463033
15.94 0.01176595
15.95 0.01919406
15.96 0.02414428
15.97 0.03031271
15.98 0.04359297
15.99 0.06458786
16 0.08892653
16.01 0.111477
16.02 0.127592
16.03 0.1336112
16.04 0.1264866
16.05 0.1091496
16.06 0.08960743
16.07 0.07347655
16.08 0.06075775
16.09 0.04993802
16.1 0.04048673
16.11 0.0323565
16.12 0.02750056
16.13 0.02819424
16.14 0.03541337
16.15 0.04705847
16.16 0.05749692
16.17 0.06156265
16.18 0.05637956
16.19 0.04272059
16.2 0.02798493
16.21 0.01992624
16.22 0.02012543
16.23 0.02636885
16.24 0.03493757
16.25 0.04109578
16.26 0.04394041
16.27 0.04729197
16.28 0.0527826
16.29 0.06074115
16.3 0.06997685
16.31 0.07697912
16.32 0.07729305
16.33 0.06686006
16.34 0.04683059
16.35 0.02305307
16.36 7.947722e-05
16.37 -0.01980862
16.38 -0.03714676
16.39 -0.05179132
16.4 -0.06135376
16.41 -0.0626361
16.42 -0.05391236
16.43 -0.03831945
16.44 -0.0210792
16.45 -0.006857169
16.46 0.001068444
16.47 0.004057118
16.48 0.005176738
16.49 0.006836311
16.5 0.01047716
16.51 0.01367735
16.52 0.01282208
16.53 0.005965599
16.54 -0.003698313
16.55 -0.01115172
16.56 -0.01529611
16.57 -0.01686008
16.58 -0.0180716
16.59 -0.02094959
16.6 -0.02579464
16.61 -0.03323072
16.62 -0.04213874
16.63 -0.04962724
16.64 -0.05220864
16.65 -0.04685684
16.66 -0.03284181
16.67 -0.01493536
16.68 0.0004744776
16.69 0.01051393
16.7 0.01529944
16.71 0.016364
16.72 0.01526697
16.73 0.0127612
16.74 0.007363914
16.75 -0.001917148
16.76 -0.01524801
16.77 -0.03207617
16.78 -0.05001168
16.79 -0.06575096
16.8 -0.07584727
16.81 -0.07661649
16.82 -0.06837263
16.83 -0.05613406
16.84 -0.04567525
16.85 -0.04068023
16.86 -0.0400429
16.87 -0.04169979
16.88 -0.04727752
16.89 -0.05867564
16.9 -0.0728253
16.91 -0.08423325
16.92 -0.08954724
16.93 -0.08919985
16.94 -0.08428702
16.95 -0.07512241
16.96 -0.06226167
16.97 -0.04594216
16.98 -0.0275113
16.99 -0.00996686
17 0.005414107
17.01 0.0177772
17.02 0.02575018
17.03 0.02835714
17.04 0.02746686
17.05 0.02674921
17.06 0.02924551
17.07 0.03458373
17.08 0.03931681
17.09 0.04066332
17.1 0.03948853
17.11 0.03841346
17.12 0.03974908
17.13 0.04317829
17.14 0.0466483
17.15 0.0470312
17.16 0.04052207
17.17 0.026835
17.18 0.009460769
17.19 -0.005924248
17.2 -0.01537139
17.21 -0.01876179
17.22 -0.01820517
17.23 -0.01662469
17.24 -0.0161688
17.25 -0.01731035
17.26 -0.01700162
17.27 -0.01369474
17.28 -0.009980932
17.29 -0.007522569
17.3 -0.005153494
17.31 -0.003163719
17.32 -0.003811444
17.33 -0.009009968
17.34 -0.01759648
17.35 -0.0263847
17.36 -0.03287903
17.37 -0.03706796
17.38 -0.04054676
17.39 -0.04390852
17.4 -0.04641937
17.41 -0.04553547
17.42 -0.04263497
17.43 -0.04069884
17.44 -0.04110598
17.45 -0.0440917
17.46 -0.04958946
17.47 -0.05557634
17.48 -0.05974117
17.49 -0.06066004
17.5 -0.05653451
17.51 -0.04695068
17.52 -0.03385524
17.53 -0.02102461
17.54 -0.01072833
17.55 -0.002876159
17.56 0.003459561
17.57 0.008482369
17.58 0.01269413
17.59 0.01707413
17.6 0.02133017
17.61 0.02578377
17.62 0.03235402
17.63 0.03982911
17.64 0.04682545
17.65 0.05237052
17.66 0.05598515
17.67 0.058987
17.68 0.0617256
17.69 0.06389551
17.7 0.06724418
17.71 0.0710675
17.72 0.07327746
17.73 0.07259775
17.74 0.06921988
17.75 0.06372498
17.76 0.05663734
17.77 0.04850255
17.78 0.04013378
17.79 0.03317151
17.8 0.0287476
17.81 0.02733625
17.82 0.03021134
17.83 0.03482291
17.84 0.03568019
17.85 0.03108444
17.86 0.02312897
17.87 0.01462259
17.88 0.005475156
17.89 -0.004195302
17.9 -0.01128543
17.91 -0.01372696
17.92 -0.01145926
17.93 -0.006393191
17.94 0.000626729
17.95 0.008910482
17.96 0.01757383
17.97 0.02696907
17.98 0.03664202
17.99 0.0445996
18 0.04966559
18.01 0.05257073
18.02 0.05267118
18.03 0.04809738
18.04 0.04085311
18.05 0.0347971
18.06 0.03098174
18.07 0.02793448
18.08 0.02269702
18.09 0.01366917
18.1 0.002858955
18.11 -0.00749043
18.12 -0.01565068
18.13 -0.02197925
18.14 -0.02714603
18.15 -0.03045295
18.16 -0.0307471
18.17 -0.02645622
18.18 -0.01715473
18.19 -0.005003399
18.2 0.008077805
18.21 0.01924808
18.22 0.02504302
18.23 0.02449633
18.24 0.0170485
18.25 0.002756078
18.26 -0.01481643
18.27 -0.03226128
18.28 -0.04780318
18.29 -0.05801705
18.3 -0.06297427
18.31 -0.06574077
18.32 -0.06721949
18.33 -0.06913368
18.34 -0.07064139
18.35 -0.06653279
18.36 -0.05554252
18.37 -0.04056868
18.38 -0.0263195
18.39 -0.01613566
18.4 -0.008099355
18.41 -0.0002619805
18.42 0.007108099
18.43 0.01238803
18.44 0.01553011
18.45 0.01634717
18.46 0.01441429
18.47 0.01093926
18.48 0.008260705
18.49 0.008630598
18.5 0.01042924
18.51 0.0105974
18.52 0.009144867
18.53 0.006180043
18.54 0.00209244
18.55 -0.0005796123
18.56 0.0006364472
18.57 0.005660041
18.58 0.01211182
18.59 0.0196057
18.6 0.02828991
18.61 0.03718371
18.62 0.04627788
18.63 0.05464469
18.64 0.05835137
18.65 0.05420381
18.66 0.04211952
18.67 0.02449085
18.68 0.004585049
18.69 -0.01312011
18.7 -0.02725973
18.71 -0.03736088
18.72 -0.04146945
18.73 -0.04033256
18.74 -0.03587502
18.75 -0.02971765
18.76 -0.02402384
18.77 -0.02085186
18.78 -0.02031642
18.79 -0.0221184
18.8 -0.02447135
18.81 -0.02386614
18.82 -0.019171
18.83 -0.01344538
18.84 -0.009723239
18.85 -0.008504998
18.86 -0.009031132
18.87 -0.009953829
18.88 -0.01043644
18.89 -0.009451667
18.9 -0.006932148
18.91 -0.004643809
18.92 -0.00245229
18.93 0.002071283
18.94 0.008114084
18.95 0.01247058
18.96 0.01521238
18.97 0.0166969
18.98 0.01550556
18.99 0.01195718
19 0.009170522
19.01 0.009510285
19.02 0.01304419
19.03 0.01705205
19.04 0.0186477
19.05 0.01726763
19.06 0.0146026
19.07 0.0116578
19.08 0.00782973
19.09 0.001502159
19.1 -0.007941111
19.11 -0.01655274
19.12 -0.02048179
19.13 -0.02067762
19.14 -0.019549
19.15 -0.01766264
19.16 -0.01454068
19.17 -0.009128537
19.18 -0.001785293
19.19 0.004840333
19.2 0.008623215
19.21 0.01039887
19.22 0.01294032
19.23 0.01710956
19.24 0.02144118
19.25 0.02312153
19.26 0.02068576
19.27 0.01541143
19.28 0.007505052
19.29 -0.003121412
19.3 -0.01545707
19.31 -0.02869186
19.32 -0.03968764
19.33 -0.04562425
19.34 -0.04754113
19.35 -0.04798265
19.36 -0.04634611
19.37 -0.04005321
19.38 -0.02944527
19.39 -0.01568226
19.4 -0.001233794
19.41 0.01195878
19.42 0.02376643
19.43 0.03282889
19.44 0.03855493
19.45 0.04054831
19.46 0.03772878
19.47 0.03038806
19.48 0.0208497
19.49 0.01103683
19.5 0.001920767
19.51 -0.005739037
19.52 -0.01046277
19.53 -0.01177137
19.54 -0.01069462
19.55 -0.01059318
19.56 -0.01247322
19.57 -0.01339557
19.58 -0.01093301
19.59 -0.004525388
19.6 0.005145416
19.61 0.01487267
19.62 0.02019106
19.63 0.01838215
19.64 0.01169463
19.65 0.004206426
19.66 -0.001363043
19.67 -0.005266557
19.68 -0.009803772
19.69 -0.01572563
19.7 -0.02169454
19.71 -0.02644487
19.72 -0.0290081
19.73 -0.03024982
19.74 -0.03112037
19.75 -0.03161987
19.76 -0.03161876
19.77 -0.03010671
19.78 -0.02547519
19.79 -0.01735025
19.8 -0.007665164
19.81 0.001359584
19.82 0.008380843
19.83 0.01251415
19.84 0.01484791
19.85 0.01702418
19.86 0.02075448
19.87 0.02675875
19.88 0.03204336
19.89 0.03332121
19.9 0.03008242
19.91 0.02305717
19.92 0.01473691
19.93 0.009394171
19.94 0.007517132
19.95 0.006381881
19.96 0.00595935
19.97 0.006361135
19.98 0.006348505
19.99 0.005342344
20 0.002311558
20.01 -0.003215127
20.02 -0.007751459
20.03 -0.009480297
20.04 -0.009370503
20.05 -0.00819664
20.06 -0.006775522
20.07 -0.004734931
20.08 -0.001226985
20.09 0.002518991
20.1 0.004580772
20.11 0.004675351
20.12 0.002717729
20.13 -0.0003097069
20.14 -0.003810434
20.15 -0.007190747
20.16 -0.009500996
20.17 -0.01058077
20.18 -0.01075952
20.19 -0.008303122
20.2 -0.002116174
20.21 0.004568812
20.22 0.009634125
20.23 0.01329908
20.24 0.01588994
20.25 0.01593477
20.26 0.01176088
20.27 0.003424974
20.28 -0.006116965
20.29 -0.01324324
20.3 -0.01674453
20.31 -0.01773766
20.32 -0.01839468
20.33 -0.01962999
20.34 -0.02194464
20.35 -0.02571737
20.36 -0.02966712
20.37 -0.0324778
20.38 -0.03445339
20.39 -0.0363517
20.4 -0.03799713
20.41 -0.03678904
20.42 -0.03130477
20.43 -0.02405278
20.44 -0.01685296
20.45 -0.009195053
20.46 -0.002058923
20.47 0.002077095
20.48 0.003448401
20.49 0.003188466
20.5 0.002034092
20.51 3.814646e-05
20.52 -0.003450341
20.53 -0.00693276
20.54 -0.007842317
20.55 -0.004470358
20.56 0.00274055
20.57 0.01083248
20.58 0.01854567
20.59 0.02503928
20.6 0.02991405
20.61 0.03407838
20.62 0.03631618
20.63 0.03377333
20.64 0.02711689
20.65 0.01751172
20.66 0.007372815
20.67 -0.0001690365
20.68 -0.00468913
20.69 -0.007532543
20.7 -0.008553323
20.71 -0.008601492
20.72 -0.01025305
20.73 -0.01357035
20.74 -0.01683057
20.75 -0.01965387
20.76 -0.02214499
20.77 -0.02391325
20.78 -0.02394306
20.79 -0.02386054
20.8 -0.02634619
20.81 -0.0295454
20.82 -0.031033
20.83 -0.03078074
20.84 -0.02852422
20.85 -0.02422031
20.86 -0.01905161
20.87 -0.01126298
20.88 -0.001260541
20.89 0.009845717
20.9 0.02059405
20.91 0.02932219
20.92 0.03701162
20.93 0.04483756
20.94 0.05223456
20.95 0.05881516
20.96 0.06360586
20.97 0.06505006
20.98 0.06300768
20.99 0.05806605
21 0.05122416
21.01 0.04471541
21.02 0.03993338
21.03 0.03597019
21.04 0.03130334
21.05 0.02532686
21.06 0.02044113
21.07 0.01777732
21.08 0.01670331
21.09 0.01698743
21.1 0.01921391
21.11 0.02331524
21.12 0.02958307
21.13 0.03834417
21.14 0.04640709
21.15 0.05031634
21.16 0.04999411
21.17 0.0467433
21.18 0.0416721
21.19 0.03531608
21.2 0.02734753
21.21 0.01781533
21.22 0.007450469
21.23 -0.002055489
21.24 -0.00860389
21.25 -0.012582
21.26 -0.01525166
21.27 -0.01394285
21.28 -0.00888997
21.29 -0.002212691
21.3 0.006451519
21.31 0.01569355
21.32 0.02342812
21.33 0.02997459
21.34 0.03511464
21.35 0.03701853
21.36 0.03652869
21.37 0.03428781
21.38 0.03058441
21.39 0.02566566
21.4 0.01914494
21.41 0.01131683
21.42 0.004600885
21.43 -0.001134929
21.44 -0.006461782
21.45 -0.00934907
21.46 -0.01146197
21.47 -0.01630175
21.48 -0.022471
21.49 -0.02764687
21.5 -0.03204265
21.51 -0.03376382
21.52 -0.03197415
21.53 -0.0283288
21.54 -0.0239213
21.55 -0.01931422
21.56 -0.01473817
21.57 -0.01005471
21.58 -0.006896398
21.59 -0.005762913
21.6 -0.005138772
21.61 -0.006196209
21.62 -0.01036727
21.63 -0.01563724
21.64 -0.01975602
21.65 -0.02383811
21.66 -0.02859617
21.67 -0.03380398
21.68 -0.03926759
21.69 -0.04432892
21.7 -0.04747614
21.71 -0.04749593
21.72 -0.04299463
21.73 -0.03664551
21.74 -0.03140501
21.75 -0.02641465
21.76 -0.02138131
21.77 -0.01729289
21.78 -0.01403534
21.79 -0.01268841
21.8 -0.01404288
21.81 -0.01745351
21.82 -0.02215136
21.83 -0.02865031
21.84 -0.03551249
21.85 -0.04010221
21.86 -0.04139625
21.87 -0.03932097
21.88 -0.03588574
21.89 -0.03336522
21.9 -0.03228368
21.91 -0.03226835
21.92 -0.03219631
21.93 -0.02970431
21.94 -0.02458132
21.95 -0.01881255
21.96 -0.01339975
21.97 -0.008462766
21.98 -0.004719516
21.99 -0.001687357
22 0.001781161
22.01 0.006071113
22.02 0.009557025
22.03 0.01093296
22.04 0.01162452
22.05 0.01210121
22.06 0.01206097
22.07 0.01270662
22.08 0.01375239
22.09 0.01256511
22.1 0.009639589
22.11 0.007992842
22.12 0.009406108
22.13 0.01208002
22.14 0.01387466
22.15 0.01394652
22.16 0.01215085
22.17 0.008734537
22.18 0.004198939
22.19 0.0003725592
22.2 -0.002480048
22.21 -0.003346742
22.22 -0.0005703306
22.23 0.003611399
22.24 0.007151415
22.25 0.01038005
22.26 0.0125455
22.27 0.01244829
22.28 0.01108767
22.29 0.008500997
22.3 0.003603023
22.31 -0.00149883
22.32 -0.004658695
22.33 -0.006307747
22.34 -0.008285376
22.35 -0.01134192
22.36 -0.01459212
22.37 -0.01534483
22.38 -0.01404652
22.39 -0.01262604
22.4 -0.01005965
22.41 -0.0052697
22.42 0.001768847
22.43 0.01008897
22.44 0.01724968
22.45 0.02164769
22.46 0.02387866
22.47 0.02512177
22.48 0.02701569
22.49 0.02897687
22.5 0.02965904
22.51 0.02962404
22.52 0.02967442
22.53 0.02887743
22.54 0.02731447
22.55 0.02522503
22.56 0.02219287
22.57 0.01778568
22.58 0.01152807
22.59 0.004965291
22.6 -0.0004806789
22.61 -0.005190666
22.62 -0.008725662
22.63 -0.01010358
22.64 -0.01004885
22.65 -0.009885098
22.66 -0.01002502
22.67 -0.009939407
22.68 -0.00895998
22.69 -0.007259701
22.7 -0.005564182
22.71 -0.003095811
22.72 0.001371551
22.73 0.006435738
22.74 0.01062495
22.75 0.01298625
22.76 0.01270413
22.77 0.01099895
22.78 0.009003374
22.79 0.006096524
22.8 0.002967202
22.81 0.0008385846
22.82 0.0001229216
22.83 0.001028789
22.84 0.003393943
22.85 0.005591003
22.86 0.006892866
22.87 0.007236018
22.88 0.007157185
22.89 0.007196682
22.9 0.007071057
22.91 0.00605029
22.92 0.003668331
22.93 0.0004799802
22.94 -0.001770805
22.95 -0.002813521
22.96 -0.003432921
22.97 -0.002835921
22.98 -0.0007715515
22.99 0.001091064
23 0.001664712
23.01 6.339856e-05
23.02 -0.004143321
23.03 -0.01019269
23.04 -0.01778843
23.05 -0.02514721
23.06 -0.02951043
23.07 -0.03075424
23.08 -0.02989394
23.09 -0.02894838
23.1 -0.02882787
23.11 -0.02783232
23.12 -0.02431105
23.13 -0.01810446
23.14 -0.01064763
23.15 -0.003921856
23.16 0.001445851
23.17 0.004350095
23.18 0.003810123
23.19 0.001785743
23.2 -0.0005191903
23.21 -0.002633247
23.22 -0.002935823
23.23 -0.002539246
23.24 -0.003120743
23.25 -0.003081503
23.26 -0.001837164
23.27 0.00120092
23.28 0.006402646
23.29 0.01283703
23.3 0.01863568
23.31 0.02365148
23.32 0.02801973
23.33 0.03112285
23.34 0.03335184
23.35 0.03410646
23.36 0.03275535
23.37 0.02828911
23.38 0.02048566
23.39 0.01121024
23.4 0.002011553
23.41 -0.006978634
23.42 -0.01403614
23.43 -0.01871468
23.44 -0.02219658
23.45 -0.02396585
23.46 -0.02271835
23.47 -0.01964676
23.48 -0.0150423
23.49 -0.009215312
23.5 -0.003602923
23.51 0.001661955
23.52 0.006146072
23.53 0.008128721
23.54 0.00784007
23.55 0.006018012
23.56 0.002853806
23.57 -0.0003971959
23.58 -0.004051089
23.59 -0.008873781
23.6 -0.01281429
23.61 -0.01312067
23.62 -0.01078708
23.63 -0.007999982
23.64 -0.004236623
23.65 -7.44432e-05
23.66 0.003498072
23.67 0.007191846
23.68 0.0108437
23.69 0.01383543
23.7 0.0159329
23.71 0.01676648
23.72 0.01707604
23.73 0.01657101
23.74 0.01449245
23.75 0.0103964
23.76 0.005479512
23.77 -9.322092e-05
23.78 -0.005875171
23.79 -0.01043661
23.8 -0.01416844
23.81 -0.0162337
23.82 -0.01452713
23.83 -0.009536676
23.84 -0.003527487
23.85 0.002468696
23.86 0.00938532
23.87 0.01556596
23.88 0.01994568
23.89 0.02335861
23.9 0.02503463
23.91 0.02474734
23.92 0.02236393
23.93 0.01723121
23.94 0.01030331
23.95 0.003640894
23.96 -0.000742022
23.97 -0.001548529
23.98 -0.0001937833
23.99 0.001476451
24 0.003536135
24.01 0.007148511
24.02 0.01209353
24.03 0.01665159
24.04 0.01962994
24.05 0.0186924
24.06 0.0138537
24.07 0.00716669
24.08 0.000117276
24.09 -0.006116328
24.1 -0.01087156
24.11 -0.01516679
24.12 -0.01926344
24.13 -0.02307391
24.14 -0.02606618
24.15 -0.02735292
24.16 -0.02696769
24.17 -0.02579967
24.18 -0.02419225
24.19 -0.02032454
24.2 -0.01463094
24.21 -0.00832126
24.22 -0.001243928
24.23 0.006216365
24.24 0.01254774
24.25 0.01616771
24.26 0.01688529
24.27 0.0161891
24.28 0.01440531
24.29 0.01186399
24.3 0.009202905
24.31 0.00818361
24.32 0.00882542
24.33 0.009828908
24.34 0.01091768
24.35 0.01080875
24.36 0.009741718
24.37 0.009192846
24.38 0.008511914
24.39 0.007283607
24.4 0.005188053
24.41 0.001637789
24.42 -0.002197423
24.43 -0.006079303
24.44 -0.01012604
24.45 -0.01321379
24.46 -0.01511692
24.47 -0.01754386
24.48 -0.0201329
24.49 -0.0215376
24.5 -0.02298387
24.51 -0.02391182
24.52 -0.02098892
24.53 -0.01530602
24.54 -0.01032598
24.55 -0.0071132
24.56 -0.004829155
24.57 -0.00404039
24.58 -0.005012017
24.59 -0.005989837
24.6 -0.006451235
24.61 -0.006138646
24.62 -0.005438063
24.63 -0.004679681
24.64 -0.003944524
24.65 -0.003505431
24.66 -0.003721493
24.67 -0.002828693
24.68 -0.000905331
24.69 -0.0005410689
24.7 -0.00204831
24.71 -0.004090927
24.72 -0.006400777
24.73 -0.01022247
24.74 -0.01603757
24.75 -0.02171909
24.76 -0.02501112
24.77 -0.02642242
24.78 -0.02619297
24.79 -0.02390628
24.8 -0.02055429
24.81 -0.01792735
24.82 -0.01639697
24.83 -0.01523189
24.84 -0.01310307
24.85 -0.0107743
24.86 -0.00993848
24.87 -0.009475257
24.88 -0.007581467
24.89 -0.004907072
24.9 -0.002306726
24.91 0.001394539
24.92 0.005347141
24.93 0.008411422
24.94 0.01121737
24.95 0.01327373
24.96 0.01422001
24.97 0.01333331
24.98 0.01011104
24.99 0.00528167
25 6.345973e-05
25.01 -0.003935721
25.02 -0.004416928
25.03 -0.001328351
25.04 0.003772555
25.05 0.01024586
25.06 0.01693288
25.07 0.02345128
25.08 0.02789727
25.09 0.03002744
25.1 0.03073459
25.11 0.03070119
25.12 0.02935899
25.13 0.02678553
25.14 0.02367009
25.15 0.02078183
25.16 0.01967691
25.17 0.02034569
25.18 0.02043963
25.19 0.01845723
25.2 0.01482556
25.21 0.01087808
25.22 0.008481263
25.23 0.007694669
25.24 0.007843526
25.25 0.007614111
25.26 0.006807599
25.27 0.00640165
25.28 0.004811015
25.29 0.001097211
25.3 -0.001828535
25.31 -0.001329016
25.32 0.001803207
25.33 0.005615605
25.34 0.009235371
25.35 0.01103033
25.36 0.01111284
25.37 0.01040079
25.38 0.008171682
25.39 0.005014913
25.4 0.002205673
25.41 0.0004753421
25.42 -3.455018e-05
25.43 0.0004175801
25.44 0.000648978
25.45 -0.0009368083
25.46 -0.003409575
25.47 -0.00378699
25.48 -0.002723613
25.49 -0.002969898
25.5 -0.00420824
25.51 -0.005374935
25.52 -0.006825222
25.53 -0.008793261
25.54 -0.009920574
25.55 -0.01000218
25.56 -0.008748765
25.57 -0.005838151
25.58 -0.001528236
25.59 0.004409132
25.6 0.01055173
25.61 0.01507491
25.62 0.01754102
25.63 0.01694571
25.64 0.01288436
25.65 0.006608064
25.66 -0.0001551521
25.67 -0.00600733
25.68 -0.009865712
25.69 -0.01143657
25.7 -0.01290392
25.71 -0.01564623
25.72 -0.01567608
25.73 -0.01251415
25.74 -0.008796808
25.75 -0.004705074
25.76 7.853117e-05
25.77 0.00504818
25.78 0.009145299
25.79 0.01065426
25.8 0.009365636
25.81 0.006054029
25.82 0.002194467
25.83 -0.001685486
25.84 -0.005648345
25.85 -0.008721425
25.86 -0.00958465
25.87 -0.008176216
25.88 -0.006301008
25.89 -0.005288398
25.9 -0.004926883
25.91 -0.004077931
25.92 -0.00313321
25.93 -0.003297228
25.94 -0.003083362
25.95 -0.002568104
25.96 -0.003195232
25.97 -0.003808105
25.98 -0.003234149
25.99 -0.002029089
26 -0.0002415897
26.01 0.002136627
26.02 0.003016541
26.03 0.001906805
26.04 2.022449e-05
26.05 -0.002660721
26.06 -0.004703178
26.07 -0.004078399
26.08 -0.001669991
26.09 0.00105858
26.1 0.003365376
26.11 0.004263995
26.12 0.003125506
26.13 -5.947201e-05
26.14 -0.004322319
26.15 -0.007786305
26.16 -0.01065265
26.17 -0.01392675
26.18 -0.0170649
26.19 -0.01952414
26.2 -0.02157193
26.21 -0.0225476
26.22 -0.0205186
26.23 -0.0175099
26.24 -0.01604402
26.25 -0.01564846
26.26 -0.01433756
26.27 -0.01141005
26.28 -0.009173013
26.29 -0.008472972
26.3 -0.008890714
26.31 -0.009572946
26.32 -0.01105581
26.33 -0.01404239
26.34 -0.01649245
26.35 -0.0178182
26.36 -0.01983867
26.37 -0.02201315
26.38 -0.02438487
26.39 -0.02670566
26.4 -0.02806669
26.41 -0.02816633
26.42 -0.02628992
26.43 -0.02212801
26.44 -0.0171462
26.45 -0.01207362
26.46 -0.00739652
26.47 -0.003934534
26.48 -0.0008272874
26.49 0.002408141
26.5 0.004362419
26.51 0.004148951
26.52 0.004480021
26.53 0.005221873
26.54 0.003298584
26.55 -0.001593612
26.56 -0.006202599
26.57 -0.008322016
26.58 -0.009924146
26.59 -0.01236978
26.6 -0.01390064
26.61 -0.01322224
26.62 -0.01079628
26.63 -0.006383118
26.64 7.694994e-05
26.65 0.005461917
26.66 0.008434135
26.67 0.01069143
26.68 0.01226047
26.69 0.01294165
26.7 0.01330121
26.71 0.01489797
26.72 0.01875141
26.73 0.02190626
26.74 0.02236834
26.75 0.0217728
26.76 0.02135944
26.77 0.02168179
26.78 0.02323838
26.79 0.02599219
26.8 0.02800192
26.81 0.02788171
26.82 0.02725219
26.83 0.02650265
26.84 0.02444956
26.85 0.02130432
26.86 0.01834744
26.87 0.01693096
26.88 0.0171628
26.89 0.01782792
26.9 0.01880125
26.91 0.02013778
26.92 0.02041493
26.93 0.01877181
26.94 0.01669289
26.95 0.01528035
26.96 0.01560782
26.97 0.01816647
26.98 0.02117582
26.99 0.02310997
27 0.02394614
27.01 0.02419996
27.02 0.02461083
27.03 0.02511552
27.04 0.02485886
27.05 0.02412841
27.06 0.02312412
27.07 0.02085129
27.08 0.01768918
27.09 0.01535591
27.1 0.01347878
27.11 0.01136719
27.12 0.01046245
27.13 0.01072636
27.14 0.01135165
27.15 0.0116416
27.16 0.01250162
27.17 0.01467703
27.18 0.01635141
27.19 0.01445111
27.2 0.01002325
27.21 0.005337957
27.22 0.000132425
27.23 -0.005359214
27.24 -0.0090729
27.25 -0.01022199
27.26 -0.01017577
27.27 -0.01004999
27.28 -0.009542444
27.29 -0.008340357
27.3 -0.007165136
27.31 -0.006160369
27.32 -0.005259357
27.33 -0.005015705
27.34 -0.005691372
27.35 -0.007004356
27.36 -0.008394455
27.37 -0.008922932
27.38 -0.007610922
27.39 -0.005608262
27.4 -0.004930279
27.41 -0.005323976
27.42 -0.0054838
27.43 -0.004986949
27.44 -0.003713492
27.45 -0.002646599
27.46 -0.003060524
27.47 -0.004479019
27.48 -0.006746315
27.49 -0.008854021
27.5 -0.009879749
27.51 -0.009893504
27.52 -0.010132
27.53 -0.0117874
27.54 -0.01399452
27.55 -0.01479794
27.56 -0.01421077
27.57 -0.01408432
27.58 -0.01441373
27.59 -0.01295618
27.6 -0.01069371
27.61 -0.009837277
27.62 -0.009737756
27.63 -0.008880121
27.64 -0.007360835
27.65 -0.006669761
27.66 -0.007948494
27.67 -0.009788113
27.68 -0.01111303
27.69 -0.01156593
27.7 -0.01071312
27.71 -0.0100986
27.72 -0.01008913
27.73 -0.009339573
27.74 -0.007842479
27.75 -0.007749071
27.76 -0.009880008
27.77 -0.01308117
27.78 -0.01568857
27.79 -0.01661184
27.8 -0.01676386
27.81 -0.01772091
27.82 -0.01913813
27.83 -0.02068951
27.84 -0.0223361
27.85 -0.02395799
27.86 -0.02390062
27.87 -0.02165643
27.88 -0.01915471
27.89 -0.01756842
27.9 -0.01636064
27.91 -0.01542989
27.92 -0.01376465
27.93 -0.01109141
27.94 -0.009632288
27.95 -0.009663122
27.96 -0.009351582
27.97 -0.007158632
27.98 -0.003767118
27.99 -0.0004952828
28 0.001574097
28.01 0.002840134
28.02 0.003986105
28.03 0.004817473
28.04 0.004312849
28.05 0.00149946
28.06 -0.002238686
28.07 -0.004935387
28.08 -0.006876799
28.09 -0.009747844
28.1 -0.01240417
28.11 -0.01313977
28.12 -0.01225612
28.13 -0.01033723
28.14 -0.007009251
28.15 -0.002326997
28.16 0.00186647
28.17 0.004599363
28.18 0.005879121
28.19 0.006458621
28.2 0.006719773
28.21 0.006798021
28.22 0.007272844
28.23 0.008245731
28.24 0.009372068
28.25 0.009046274
28.26 0.006589788
28.27 0.003748073
28.28 0.00149272
28.29 0.0001174864
28.3 -0.0005953095
28.31 -0.0008266028
28.32 -0.0001741019
28.33 0.0007038199
28.34 0.001591083
28.35 0.003064908
28.36 0.004152776
28.37 0.004313212
28.38 0.004397844
28.39 0.005323064
28.4 0.007310516
28.41 0.01006242
28.42 0.01241163
28.43 0.0134938
28.44 0.01411228
28.45 0.01498089
28.46 0.01558442
28.47 0.01629357
28.48 0.01731522
28.49 0.01766925
28.5 0.01764912
28.51 0.01884769
28.52 0.02124535
28.53 0.02287583
28.54 0.02372147
28.55 0.02349023
28.56 0.02154955
28.57 0.01907973
28.58 0.01686298
28.59 0.01480549
28.6 0.01389594
28.61 0.01462989
28.62 0.0164549
28.63 0.01835253
28.64 0.01995556
28.65 0.02084704
28.66 0.02048963
28.67 0.01789506
28.68 0.01409714
28.69 0.0107582
28.7 0.008365156
28.71 0.007787529
28.72 0.008893711
28.73 0.009334093
28.74 0.008080683
28.75 0.006313428
28.76 0.004670128
28.77 0.00394288
28.78 0.0041924
28.79 0.004884636
28.8 0.004613831
28.81 0.002051764
28.82 -0.001582347
28.83 -0.005061962
28.84 -0.007991425
28.85 -0.009928567
28.86 -0.01026606
28.87 -0.008766072
28.88 -0.006328752
28.89 -0.004780443
28.9 -0.004588035
28.91 -0.005091956
28.92 -0.005905115
28.93 -0.007334902
28.94 -0.008679396
28.95 -0.009538298
28.96 -0.009921294
28.97 -0.009676777
28.98 -0.009349422
28.99 -0.009388063
29 -0.008920366
29.01 -0.007683501
29.02 -0.006080242
29.03 -0.004595851
29.04 -0.003388562
29.05 -0.002700836
29.06 -0.002420314
29.07 -0.003113749
29.08 -0.005319086
29.09 -0.007422711
29.1 -0.008641847
29.11 -0.009657635
29.12 -0.01016798
29.13 -0.009959113
29.14 -0.00969568
29.15 -0.01072637
29.16 -0.01336082
29.17 -0.01516886
29.18 -0.01455649
29.19 -0.01257668
29.2 -0.01068539
29.21 -0.01019413
29.22 -0.009590501
29.23 -0.006439873
29.24 -0.001417641
29.25 0.002550504
29.26 0.004022177
29.27 0.003980543
29.28 0.001872863
29.29 -0.002224867
29.3 -0.006288743
29.31 -0.009300886
29.32 -0.01005244
29.33 -0.009035894
29.34 -0.007464456
29.35 -0.005377111
29.36 -0.002657284
29.37 0.000611475
29.38 0.003548657
29.39 0.005367451
29.4 0.006602485
29.41 0.008602841
29.42 0.01138928
29.43 0.01344387
29.44 0.01406415
29.45 0.0138389
29.46 0.01255603
29.47 0.01114222
29.48 0.01031233
29.49 0.009459719
29.5 0.007273714
29.51 0.003690591
29.52 -0.0004552529
29.53 -0.004019478
29.54 -0.005746255
29.55 -0.005729621
29.56 -0.004997007
29.57 -0.003778106
29.58 -0.00193549
29.59 -0.0008022438
29.6 -0.0004445434
29.61 -0.0004168949
29.62 -0.0002670871
29.63 -7.099003e-05
29.64 0.0002129735
29.65 0.0007706499
29.66 0.001704741
29.67 0.002896845
29.68 0.003201295
29.69 0.002600653
29.7 0.0004632944
29.71 -0.002480489
29.72 -0.003888877
29.73 -0.004169844
29.74 -0.004556675
29.75 -0.004923394
29.76 -0.005373803
29.77 -0.005878962
29.78 -0.005362147
29.79 -0.003445689
29.8 -0.002157097
29.81 -0.003127706
29.82 -0.004964859
29.83 -0.005464958
29.84 -0.004615888
29.85 -0.004745913
29.86 -0.005277826
29.87 -0.00650897
29.88 -0.00863305
29.89 -0.01003901
29.9 -0.01035744
29.91 -0.01012661
29.92 -0.009343239
29.93 -0.008618618
29.94 -0.009374326
29.95 -0.01129654
29.96 -0.01246588
29.97 -0.01126066
29.98 -0.009932603
29.99 -0.009779371
30 -0.01001964
30.01 -0.01009975
30.02 -0.01006641
30.03 -0.01006136
30.04 -0.009973213
30.05 -0.009848686
30.06 -0.01026431
30.07 -0.01158621
30.08 -0.01272878
30.09 -0.01232164
30.1 -0.01091985
30.11 -0.01005498
30.12 -0.008970988
30.13 -0.007301899
30.14 -0.007036758
30.15 -0.008232473
30.16 -0.008576261
30.17 -0.006591214
30.18 -0.004301553
30.19 -0.003716135
30.2 -0.003769627
30.21 -0.003017046
30.22 -0.001001028
30.23 0.001333187
30.24 0.002643556
30.25 0.003381341
30.26 0.004218383
30.27 0.005493712
30.28 0.007414541
30.29 0.009778708
30.3 0.01185569
30.31 0.01366132
30.32 0.01590347
30.33 0.0181584
30.34 0.01920143
30.35 0.01919671
30.36 0.01937792
30.37 0.02017094
30.38 0.020393
30.39 0.01934908
30.4 0.01845075
30.41 0.0177809
30.42 0.01661831
30.43 0.01488496
30.44 0.01226493
30.45 0.0100868
30.46 0.009928166
30.47 0.0116875
30.48 0.01434038
30.49 0.01668691
30.5 0.01759689
30.51 0.01779769
30.52 0.01699391
30.53 0.01425386
30.54 0.01162878
30.55 0.009935541
30.56 0.008736007
30.57 0.009721006
30.58 0.01153956
30.59 0.01161047
30.6 0.009953
30.61 0.007977419
30.62 0.006670523
30.63 0.006181965
30.64 0.006527172
30.65 0.007459663
30.66 0.00919131
30.67 0.01116415
30.68 0.01230133
30.69 0.01212729
30.7 0.01065688
30.71 0.008905374
30.72 0.007891501
30.73 0.006196469
30.74 0.003242812
30.75 0.0002625973
30.76 -0.001631732
30.77 -0.002000665
30.78 -0.001388264
30.79 0.0003327574
30.8 0.003105685
30.81 0.005751537
30.82 0.00748903
30.83 0.007810529
30.84 0.006851428
30.85 0.006072038
30.86 0.005953205
30.87 0.00520609
30.88 0.002799152
30.89 0.000882345
30.9 -0.0005595743
30.91 -0.002828451
30.92 -0.004821707
30.93 -0.006248876
30.94 -0.007809486
30.95 -0.009053389
30.96 -0.009418947
30.97 -0.009451866
30.98 -0.009762295
30.99 -0.01021105
31 -0.01029328
31.01 -0.00917775
31.02 -0.007097784
31.03 -0.005984198
31.04 -0.005838028
31.05 -0.005222353
31.06 -0.004418849
31.07 -0.00453263
31.08 -0.005801125
31.09 -0.007756995
31.1 -0.01018191
31.11 -0.01170388
31.12 -0.01172752
31.13 -0.01142742
31.14 -0.01062879
31.15 -0.01012514
31.16 -0.00993781
31.17 -0.008982145
31.18 -0.007314488
31.19 -0.006322266
31.2 -0.006203431
31.21 -0.005801778
31.22 -0.005386577
31.23 -0.005430907
31.24 -0.006735082
31.25 -0.009061975
31.26 -0.01028041
31.27 -0.01019567
31.28 -0.009916756
31.29 -0.00994149
31.3 -0.01014297
31.31 -0.009937399
31.32 -0.008734375
31.33 -0.006615478
31.34 -0.004645182
31.35 -0.003868054
31.36 -0.003797614
31.37 -0.004524135
31.38 -0.005560605
31.39 -0.006723944
31.4 -0.007418686
31.41 -0.006350632
31.42 -0.004664227
31.43 -0.003750984
31.44 -0.003272083
31.45 -0.001704903
31.46 0.000144097
31.47 0.0009864683
31.48 0.001165565
31.49 0.0005289788
31.5 -0.001423596
31.51 -0.003454035
31.52 -0.004391316
31.53 -0.003591813
31.54 -0.002804565
31.55 -0.004703602
31.56 -0.007079066
31.57 -0.00794261
31.58 -0.0085145
31.59 -0.01083205
31.6 -0.01445436
31.61 -0.01656741
31.62 -0.01638078
31.63 -0.01414928
31.64 -0.01129665
31.65 -0.00952336
31.66 -0.007500412
31.67 -0.004934582
31.68 -0.003300072
31.69 -0.002090655
31.7 -0.002371564
31.71 -0.004627928
31.72 -0.007513344
31.73 -0.009660039
31.74 -0.01027186
31.75 -0.009799161
31.76 -0.008886
31.77 -0.007659159
31.78 -0.005722236
31.79 -0.003279246
31.8 -0.001283593
31.81 0.0002841203
31.82 0.002441041
31.83 0.003614314
31.84 0.003242034
31.85 0.002253507
31.86 0.001351587
31.87 0.001072241
31.88 0.0007660401
31.89 0.0007084676
31.9 0.001504535
31.91 0.001890487
31.92 0.002159976
31.93 0.002849247
31.94 0.003518149
31.95 0.003687531
31.96 0.003994547
31.97 0.00532225
31.98 0.0067308
31.99 0.008158505
32 0.009476952
32.01 0.01004344
32.02 0.01033506
32.03 0.01087849
32.04 0.0114355
32.05 0.01230669
32.06 0.01309678
32.07 0.01323758
32.08 0.01392259
32.09 0.01395645
32.1 0.01223916
32.11 0.009366744
32.12 0.007032226
32.13 0.005949514
32.14 0.006567308
32.15 0.007900126
32.16 0.009022137
32.17 0.01162024
32.18 0.01442459
32.19 0.01571717
32.2 0.01650969
32.21 0.01761465
32.22 0.01797651
32.23 0.01753398
32.24 0.01668791
32.25 0.01544925
32.26 0.01491207
32.27 0.01587192
32.28 0.01709296
32.29 0.01754163
32.3 0.01698209
32.31 0.01571736
32.32 0.01492148
32.33 0.01407574
32.34 0.01269707
32.35 0.01142616
32.36 0.009906775
32.37 0.008248384
32.38 0.005968198
32.39 0.004170152
32.4 0.004234483
32.41 0.005433054
32.42 0.005848862
32.43 0.005850844
32.44 0.006100791
32.45 0.005851271
32.46 0.00577071
32.47 0.006051015
32.48 0.005433941
32.49 0.00414114
32.5 0.002201027
32.51 -0.0003185488
32.52 -0.00160607
32.53 -0.001942765
32.54 -0.002538307
32.55 -0.003214324
32.56 -0.003828433
32.57 -0.004202939
32.58 -0.00338639
32.59 -0.002475291
32.6 -0.002722238
32.61 -0.003010362
32.62 -0.003061793
32.63 -0.003542139
32.64 -0.004671236
32.65 -0.006353096
32.66 -0.007969423
32.67 -0.0081742
32.68 -0.007028144
32.69 -0.005549364
32.7 -0.004875817
32.71 -0.005199335
32.72 -0.00545061
32.73 -0.0058132
32.74 -0.006742165
32.75 -0.006818271
32.76 -0.005574736
32.77 -0.004366141
32.78 -0.004359567
32.79 -0.005895457
32.8 -0.007573464
32.81 -0.008740043
32.82 -0.00935536
32.83 -0.00839137
32.84 -0.006437024
32.85 -0.004950758
32.86 -0.004229355
32.87 -0.004377322
32.88 -0.004763104
32.89 -0.00482727
32.9 -0.003665807
32.91 -0.001135126
32.92 0.001309204
32.93 0.001362151
32.94 -0.001191069
32.95 -0.00467537
32.96 -0.008270505
32.97 -0.009958181
32.98 -0.01003747
32.99 -0.01095389
33 -0.01325926
33.01 -0.015612
33.02 -0.01832416
33.03 -0.02063676
33.04 -0.02228389
33.05 -0.02446393
33.06 -0.02674793
33.07 -0.02790254
33.08 -0.02716135
33.09 -0.02481468
33.1 -0.02099558
33.11 -0.01613594
33.12 -0.01053143
33.13 -0.006037049
33.14 -0.004102168
33.15 -0.004312162
33.16 -0.004489592
33.17 -0.004130481
33.18 -0.005114645
33.19 -0.006176258
33.2 -0.005163022
33.21 -0.003540185
33.22 -0.003282666
33.23 -0.003729973
33.24 -0.004140048
33.25 -0.005038966
33.26 -0.005889747
33.27 -0.005674974
33.28 -0.004285566
33.29 -0.001870406
33.3 0.0003728206
33.31 0.002094642
33.32 0.003209506
33.33 0.00310689
33.34 0.003738159
33.35 0.005488601
33.36 0.006533023
33.37 0.006460878
33.38 0.006440504
33.39 0.005905325
33.4 0.003759581
33.41 0.0008642093
33.42 -0.001379016
33.43 -0.002666558
33.44 -0.003152197
33.45 -0.003039669
33.46 -0.002858112
33.47 -0.00172645
33.48 -0.0007526741
33.49 -0.000747121
33.5 -0.0003652695
33.51 0.0004596551
33.52 0.001046631
33.53 0.002408495
33.54 0.004250216
33.55 0.004901058
33.56 0.005345753
33.57 0.006240114
33.58 0.006278663
33.59 0.005242105
33.6 0.003976868
33.61 0.001984202
33.62 0.0001204753
33.63 -0.001373617
33.64 -0.002043797
33.65 -0.001176795
33.66 0.0009496425
33.67 0.003669042
33.68 0.007073659
33.69 0.01051968
33.7 0.01255513
33.71 0.01368806
33.72 0.01470632
33.73 0.01562702
33.74 0.01637283
33.75 0.01633779
33.76 0.01470763
33.77 0.01298839
33.78 0.01199435
33.79 0.009804032
33.8 0.007132053
33.81 0.006066873
33.82 0.007054134
33.83 0.00892084
33.84 0.01041353
33.85 0.01034652
33.86 0.009734139
33.87 0.009394883
33.88 0.008551172
33.89 0.007222591
33.9 0.005575254
33.91 0.003445246
33.92 0.002450911
33.93 0.003246384
33.94 0.003168337
33.95 0.001402542
33.96 0.0003746534
33.97 0.0002223317
33.98 -4.437354e-05
33.99 -0.0004987533
34 -0.001143474
34.01 -0.001239481
34.02 -0.0004741933
34.03 0.0009809394
34.04 0.003325071
34.05 0.005652838
34.06 0.006641885
34.07 0.006998601
34.08 0.007337618
34.09 0.006957687
34.1 0.006370834
34.11 0.006547817
34.12 0.007034716
34.13 0.007112256
34.14 0.00634388
34.15 0.00544313
34.16 0.00452489
34.17 0.003313342
34.18 0.001958615
34.19 0.001624832
34.2 0.002889206
34.21 0.004541185
34.22 0.006944417
34.23 0.01088169
34.24 0.01429531
34.25 0.01603467
34.26 0.01691197
34.27 0.01630213
34.28 0.01406941
34.29 0.01152904
34.3 0.008607045
34.31 0.006016902
34.32 0.004235785
34.33 0.001098558
34.34 -0.003195185
34.35 -0.007169046
34.36 -0.01040452
34.37 -0.01246507
34.38 -0.01243606
34.39 -0.01088695
34.4 -0.009060226
34.41 -0.006885149
34.42 -0.004780598
34.43 -0.003092832
34.44 -0.001912741
34.45 -0.001577053
34.46 -0.002108376
34.47 -0.001842879
34.48 -0.001660653
34.49 -0.003148386
34.5 -0.006062595
34.51 -0.008962779
34.52 -0.01009017
34.53 -0.009447587
34.54 -0.008778456
34.55 -0.009256629
34.56 -0.009307162
34.57 -0.007899107
34.58 -0.005749446
34.59 -0.004084993
34.6 -0.003717325
34.61 -0.004577125
34.62 -0.005766371
34.63 -0.006272144
34.64 -0.00541827
34.65 -0.005071449
34.66 -0.006289403
34.67 -0.006915694
34.68 -0.006937004
34.69 -0.007666826
34.7 -0.009218134
34.71 -0.0102215
34.72 -0.01024876
34.73 -0.009324671
34.74 -0.007647339
34.75 -0.006164729
34.76 -0.00481074
34.77 -0.003181587
34.78 -0.001263719
34.79 0.0008659843
34.8 0.002032916
34.81 0.001494091
34.82 0.001712288
34.83 0.00289883
34.84 0.002437051
34.85 0.0008855284
34.86 -0.0001861679
34.87 -0.0009367696
34.88 -0.001312178
34.89 -0.001831762
34.9 -0.003015809
34.91 -0.004436048
34.92 -0.005981903
34.93 -0.007177925
34.94 -0.007534234
34.95 -0.007790094
34.96 -0.00816718
34.97 -0.00834685
34.98 -0.008177536
34.99 -0.007247418
35 -0.006354712
35.01 -0.006145536
35.02 -0.00500348
35.03 -0.003669891
35.04 -0.004072561
35.05 -0.004635721
35.06 -0.004291726
35.07 -0.003676619
35.08 -0.003017554
35.09 -0.002696608
35.1 -0.002595461
35.11 -0.001838927
35.12 -1.422078e-05
35.13 0.001514789
35.14 0.002580097
35.15 0.003827772
35.16 0.005130605
35.17 0.006069806
35.18 0.006191439
35.19 0.006788167
35.2 0.007515431
35.21 0.006732064
35.22 0.006006322
35.23 0.006006652
35.24 0.005489689
35.25 0.00442999
35.26 0.003548172
35.27 0.002559406
35.28 0.001660476
35.29 0.0007047522
35.3 -0.0003306131
35.31 -0.0007664745
35.32 -0.001105056
35.33 -0.001207879
35.34 -0.0008488326
35.35 -0.0002376333
35.36 0.000938928
35.37 0.002570945
35.38 0.003280013
35.39 0.003096999
35.4 0.001862051
35.41 -0.00036852
35.42 -0.0008693998
35.43 0.0001959323
35.44 -0.0001785002
35.45 -0.001715257
35.46 -0.001706871
35.47 -0.0007874235
35.48 0.0001752213
35.49 0.001053694
35.5 0.001727521
35.51 0.003146344
35.52 0.00467898
35.53 0.005020616
35.54 0.003945089
35.55 0.00252639
35.56 0.001197913
35.57 0.0004202345
35.58 -0.0002152115
35.59 -0.0001446342
35.6 0.0004550536
35.61 0.0007156879
35.62 0.001387582
35.63 0.002425007
35.64 0.002781104
35.65 0.002290679
35.66 0.002322121
35.67 0.002601571
35.68 0.002360505
35.69 0.00235424
35.7 0.001962147
35.71 0.0006041944
35.72 -0.0002453607
35.73 -0.0003997528
35.74 -0.001242711
35.75 -0.002243468
35.76 -0.002024563
35.77 -0.001768642
35.78 -0.002099862
35.79 -0.00224497
35.8 -0.002663086
35.81 -0.003696738
35.82 -0.005058157
35.83 -0.006723224
35.84 -0.007049386
35.85 -0.00623763
35.86 -0.005436389
35.87 -0.003992257
35.88 -0.001244433
35.89 0.001989334
35.9 0.004850683
35.91 0.007338913
35.92 0.008023592
35.93 0.006962113
35.94 0.005701224
35.95 0.00433159
35.96 0.003603541
35.97 0.004513351
35.98 0.005918889
35.99 0.005617294
36 0.004431675
36.01 0.003807998
36.02 0.003615031
36.03 0.003448409
36.04 0.003949345
36.05 0.004768862
36.06 0.005237158
36.07 0.006224482
36.08 0.007342356
36.09 0.00800271
36.1 0.007698675
36.11 0.005886216
36.12 0.004605278
36.13 0.003659412
36.14 0.003203151
36.15 0.004162091
36.16 0.006070376
36.17 0.007492485
36.18 0.007239007
36.19 0.006224344
36.2 0.005915183
36.21 0.00655508
36.22 0.007909159
36.23 0.00847803
36.24 0.006495989
36.25 0.003437698
36.26 0.001430353
36.27 -0.0001987235
36.28 -0.002924556
36.29 -0.00606937
36.3 -0.007652929
36.31 -0.00730803
36.32 -0.006358471
36.33 -0.00561091
36.34 -0.004797683
36.35 -0.003554172
36.36 -0.002209084
36.37 -0.001210941
36.38 -0.0007502064
36.39 -0.001020997
36.4 -0.002189601
36.41 -0.003776733
36.42 -0.004590863
36.43 -0.004833373
36.44 -0.004554444
36.45 -0.004405327
36.46 -0.004408059
36.47 -0.004061573
36.48 -0.003803403
36.49 -0.004102599
36.5 -0.005644007
36.51 -0.007923849
36.52 -0.008710818
36.53 -0.007877546
36.54 -0.006620042
36.55 -0.004996243
36.56 -0.004178834
36.57 -0.00371499
36.58 -0.003043463
36.59 -0.002514546
36.6 -0.00224436
36.61 -0.00161457
36.62 -0.002100771
36.63 -0.004435872
36.64 -0.006588233
36.65 -0.007857088
36.66 -0.009285095
36.67 -0.01081526
36.68 -0.01150875
36.69 -0.01066873
36.7 -0.009952099
36.71 -0.009950525
36.72 -0.009310794
36.73 -0.007507962
36.74 -0.005931693
36.75 -0.005095568
36.76 -0.004281057
36.77 -0.00379886
36.78 -0.004104629
36.79 -0.00468367
36.8 -0.005126027
36.81 -0.00560516
36.82 -0.005768183
36.83 -0.004953748
36.84 -0.0031035
36.85 -0.001952427
36.86 -0.002913031
36.87 -0.003263665
36.88 -0.002097478
36.89 -0.00129206
36.9 -0.001161488
36.91 -0.000929202
36.92 -0.0008825625
36.93 -0.001703143
36.94 -0.002730915
36.95 -0.00364236
36.96 -0.003703383
36.97 -0.002380719
36.98 0.0003016557
36.99 0.00371243
37 0.006424582
37.01 0.006789887
37.02 0.006517429
37.03 0.007189257
37.04 0.008041969
37.05 0.008117697
37.06 0.008257004
37.07 0.007742348
37.08 0.006193545
37.09 0.004815493
37.1 0.004022885
37.11 0.003271368
37.12 0.002714047
37.13 0.002399148
37.14 0.002083372
37.15 0.00185436
37.16 0.001314787
37.17 0.001287846
37.18 0.001547502
37.19 0.001784467
37.2 0.001953122
37.21 0.002054598
37.22 0.00326848
37.23 0.005128262
37.24 0.006342224
37.25 0.006377956
37.26 0.006588344
37.27 0.006725986
37.28 0.0051276
37.29 0.002894612
37.3 0.001674897
37.31 0.00208701
37.32 0.003271718
37.33 0.004239491
37.34 0.005419092
37.35 0.005819083
37.36 0.00520464
37.37 0.004933949
37.38 0.005113957
37.39 0.005143052
37.4 0.003967785
37.41 0.002805893
37.42 0.003799925
37.43 0.006570214
37.44 0.008738426
37.45 0.009091192
37.46 0.009890715
37.47 0.01060973
37.48 0.01025115
37.49 0.009387338
37.5 0.008438814
37.51 0.007349049
37.52 0.005953566
37.53 0.004475941
37.54 0.003368201
37.55 0.002048616
37.56 0.0007128419
37.57 0.0004251825
37.58 0.0008098944
37.59 0.0007415716
37.6 0.0004374229
37.61 0.00116592
37.62 0.002739599
37.63 0.003365487
37.64 0.002309957
37.65 0.001243843
37.66 0.001684682
37.67 0.001930708
37.68 0.001026521
37.69 0.0004797121
37.7 0.000480985
37.71 0.0004131816
37.72 0.0001043492
37.73 -0.0001835919
37.74 0.0003055468
37.75 0.0008119013
37.76 0.0002511194
37.77 -0.0006567276
37.78 -0.002174983
37.79 -0.004193671
37.8 -0.005028889
37.81 -0.004303127
37.82 -0.002833261
37.83 -0.001660034
37.84 -0.0003060969
37.85 0.001573594
37.86 0.003662312
37.87 0.004184036
37.88 0.003216717
37.89 0.002622356
37.9 0.002097877
37.91 0.001054555
37.92 0.0001012729
37.93 -0.001112691
37.94 -0.003030218
37.95 -0.005277149
37.96 -0.00731009
37.97 -0.008379369
37.98 -0.008332272
37.99 -0.007584036
38 -0.006728728
38.01 -0.006821818
38.02 -0.007304992
38.03 -0.007338386
38.04 -0.006825174
38.05 -0.005572957
38.06 -0.003978336
38.07 -0.003520889
38.08 -0.004690104
38.09 -0.005576061
38.1 -0.006065259
38.11 -0.006547886
38.12 -0.00706347
38.13 -0.007655522
38.14 -0.007499495
38.15 -0.006978207
38.16 -0.007192312
38.17 -0.007546786
38.18 -0.007505577
38.19 -0.00686848
38.2 -0.005338888
38.21 -0.003779669
38.22 -0.002780463
38.23 -0.001911113
38.24 -0.001320431
38.25 -0.001629577
38.26 -0.001883235
38.27 -0.00117669
38.28 1.535598e-05
38.29 0.0008615493
38.3 0.0007047284
38.31 0.0005808885
38.32 0.001750374
38.33 0.003734224
38.34 0.004373175
38.35 0.00368001
38.36 0.003375889
38.37 0.003870163
38.38 0.004371998
38.39 0.00445279
38.4 0.003816279
38.41 0.002704501
38.42 0.002409383
38.43 0.002772564
38.44 0.002936179
38.45 0.002901867
38.46 0.00312803
38.47 0.003465524
38.48 0.00345011
38.49 0.003278956
38.5 0.002495417
38.51 0.001235633
38.52 0.0004722097
38.53 0.0004213984
38.54 0.0003459387
38.55 8.603009e-06
38.56 -5.860601e-05
38.57 0.0007729915
38.58 0.001987117
38.59 0.002614224
38.6 0.002663959
38.61 0.002364681
38.62 0.001865781
38.63 0.001446523
38.64 0.001611971
38.65 0.001880166
38.66 0.001336934
38.67 0.000636106
38.68 0.0003505382
38.69 9.888151e-06
38.7 -0.0004059827
38.71 -0.0002802712
38.72 0.0008898789
38.73 0.002371829
38.74 0.003014066
38.75 0.002553296
38.76 0.002046909
38.77 0.001935424
38.78 0.001363596
38.79 0.0004426104
38.8 -0.0001099619
38.81 -0.0004629863
38.82 -0.0006581176
38.83 -0.0007305556
38.84 -0.0009429538
38.85 -0.0009916549
38.86 -0.0006345342
38.87 -0.0003595993
38.88 -0.0003235099
38.89 -5.997361e-05
38.9 0.0003166395
38.91 0.0005004738
38.92 0.0005874241
38.93 0.0001078954
38.94 -0.0005402121
38.95 -0.0009292359
38.96 -0.001356784
38.97 -0.001524889
38.98 -0.001604656
38.99 -0.002047431
39 -0.002457127
39.01 -0.002593588
39.02 -0.003297397
39.03 -0.004344132
39.04 -0.004282696
39.05 -0.003896437
39.06 -0.004200654
39.07 -0.004219674
39.08 -0.003534482
39.09 -0.00302186
39.1 -0.003422888
39.11 -0.004195197
39.12 -0.004438645
39.13 -0.00424028
39.14 -0.00405925
39.15 -0.004007402
39.16 -0.003864688
39.17 -0.003521012
39.18 -0.003172192
39.19 -0.002646838
39.2 -0.002241122
39.21 -0.002324671
39.22 -0.002318411
39.23 -0.00225497
39.24 -0.002089335
39.25 -0.001827285
39.26 -0.001746155
39.27 -0.001776991
39.28 -0.001762796
39.29 -0.001705898
39.3 -0.001709621
39.31 -0.00154499
39.32 -0.00106719
39.33 -0.0006498099
39.34 -0.0007111479
39.35 -0.001017296
39.36 -0.001092896
39.37 -0.00119871
39.38 -0.001472794
39.39 -0.001415619
39.4 -0.001044032
39.41 -0.0007200286
39.42 -0.0003073673
39.43 0.0001474962
39.44 0.0004732032
39.45 0.0005012275
39.46 0.0003876375
39.47 0.0005424882
39.48 0.0008002478
39.49 0.000855536
39.5 0.0007947612
39.51 0.0007424203
39.52 0.0006589344
39.53 0.0005493237
39.54 0.0006680919
39.55 0.0009146349
39.56 0.0009921543
39.57 0.001017844
39.58 0.00114843
39.59 0.001337493
39.6 0.00151316
39.61 0.001602139
39.62 0.001666432
39.63 0.001688172
39.64 0.001701605
39.65 0.00177702
39.66 0.001870868
39.67 0.001888437
39.68 0.00189724
39.69 0.002031018
39.7 0.002056944
39.71 0.001956378
39.72 0.001952146
39.73 0.002023725
39.74 0.002055005
39.75 0.001954324
39.76 0.001753048
39.77 0.001667919
39.78 0.001665837
39.79 0.001667357
39.8 0.001697619
39.81 0.00177305
39.82 0.001892152
39.83 0.001924209
39.84 0.001778308
39.85 0.001620609
39.86 0.001506048
39.87 0.001357811
39.88 0.001209408
39.89 0.001212506
39.9 0.00126652
39.91 0.001184987
39.92 0.001085923
39.93 0.0010548
39.94 0.001020821
39.95 0.0009479245
39.96 0.0008891298
39.97 0.000900915
39.98 0.0009755771
39.99 0.001039363
40 0.001012536
40.01 0.0008966187
40.02 0.0008102474
40.03 0.0007390524
40.04 0.000603656
40.05 0.0004875043
40.06 0.0004325514
40.07 0.0004093486
40.08 0.0003869199
40.09 0.0003879627
40.1 0.0003791336
40.11 0.0003260061
40.12 0.0002919222
40.13 0.0002773015
40.14 0.0002778897
40.15 0.000262235
40.16 0.0002063069
40.17 0.0001573408
40.18 0.0001213727
40.19 8.254107e-05
40.2 3.347449e-05
40.21 -1.015227e-05
40.22 -2.614146e-05
40.23 -2.284427e-05
40.24 -2.134063e-05
40.25 -3.148242e-05
40.26 -4.259214e-05
40.27 -5.047057e-05
40.28 -6.168425e-05
40.29 -6.652261e-05
40.3 -6.524974e-05
40.31 -6.68406e-05
40.32 -6.296626e-05
40.33 -6.282289e-05
40.34 -6.467971e-05
40.35 -6.963797e-05
40.36 -8.850329e-05
40.37 -0.0001032884
40.38 -0.0001058058
40.39 -0.0001016708
40.4 -9.949322e-05
40.41 -0.0001007393
40.42 -0.0001009346
40.43 -9.368388e-05
40.44 -8.150732e-05
40.45 -7.463873e-05
40.46 -7.304349e-05
40.47 -7.438001e-05
40.48 -7.834811e-05
40.49 -8.092408e-05
40.5 -8.129207e-05
40.51 -8.39162e-05
40.52 -8.518957e-05
40.53 -8.604959e-05
40.54 -8.991616e-05
40.55 -9.354489e-05
40.56 -9.403803e-05
40.57 -9.222617e-05
40.58 -9.031576e-05
40.59 -8.906724e-05
40.6 -9.017272e-05
40.61 -9.242766e-05
40.62 -9.489652e-05
40.63 -9.789412e-05
40.64 -0.0001004273
40.65 -0.0001028939
40.66 -0.0001059872
40.67 -0.0001090479
40.68 -0.0001112922
40.69 -0.0001128455
40.7 -0.0001141729
40.71 -0.0001154323
40.72 -0.0001166707
40.73 -0.0001181113
40.74 -0.0001196651
40.75 -0.0001211669
40.76 -0.0001227148
40.77 -0.0001244327
40.78 -0.0001262459
40.79 -0.0001280371
40.8 -0.0001297885
40.81 -0.0001314939
40.82 -0.0001331606
40.83 -0.000134817
40.84 -0.000136465
40.85 -0.0001380721
40.86 -0.0001396262
40.87 -0.0001411405
40.88 -0.0001426284
40.89 -0.0001440892
40.9 -0.0001455174
40.91 -0.00014691
40.92 -0.000148266
40.93 -0.0001495861
40.94 -0.0001508705
40.95 -0.0001521191
