0 0.000438612
0.01 0.0004378514
0.02 0.0004370946
0.03 0.0004363456
0.04 0.0004356179
0.05 0.0004348461
0.06 0.0004341129
0.07 0.0004333298
0.08 0.0004325754
0.09 0.0004317795
0.1 0.0004310312
0.11 0.000430567
0.12 0.0004293386
0.13 0.0004287093
0.14 0.0004279981
0.15 0.0004273328
0.16 0.0004267571
0.17 0.0004257929
0.18 0.0004248402
0.19 0.0004243499
0.2 0.00042337
0.21 0.0004230534
0.22 0.0004221387
0.23 0.000421725
0.24 0.0004201685
0.25 0.0004197735
0.26 0.0004207627
0.27 0.0004154734
0.28 0.0004197381
0.29 0.0004149316
0.3 0.0004185092
0.31 0.00041255
0.32 0.0004164936
0.33 0.0004102124
0.34 0.0004169503
0.35 0.0004066538
0.36 0.0004149033
0.37 0.0004061271
0.38 0.0004135718
0.39 0.0004039164
0.4 0.0004109014
0.41 0.0004034586
0.42 0.0004087043
0.43 0.0003994802
0.44 0.0004085391
0.45 0.000397286
0.46 0.0004118768
0.47 0.0003942031
0.48 0.0004074611
0.49 0.0003949403
0.5 0.0004074679
0.51 0.0003906386
0.52 0.000404814
0.53 0.0003894588
0.54 0.0004072219
0.55 0.0003887131
0.56 0.0003977053
0.57 0.0003950459
0.58 0.0003925506
0.59 0.0003930351
0.6 0.0003912146
0.61 0.0003928481
0.62 0.0003921033
0.63 0.0003933317
0.64 0.00038893
0.65 0.0003845587
0.66 0.0003877202
0.67 0.0003863579
0.68 0.0003869861
0.69 0.0003850376
0.7 0.0003866558
0.71 0.0003849808
0.72 0.0003872439
0.73 0.0003849192
0.74 0.0003721022
0.75 0.000380535
0.76 0.0003882143
0.77 0.000379486
0.78 0.0003694455
0.79 0.0003762037
0.8 0.0003757724
0.81 0.0003814928
0.82 0.0003785916
0.83 0.0003722674
0.84 0.0003712122
0.85 0.0003716641
0.86 0.0003564536
0.87 0.0003948815
0.88 0.0003553418
0.89 0.0003810776
0.9 0.0003461491
0.91 0.0003848495
0.92 0.0003468802
0.93 0.0003941169
0.94 0.0003463041
0.95 0.0003874968
0.96 0.0003434209
0.97 0.0003790525
0.98 0.0003483309
0.99 0.0003709125
1 0.0003377981
1.01 0.0003911808
1.02 0.0003290653
1.03 0.0003879103
1.04 0.0003304631
1.05 0.000379098
1.06 0.0003276141
1.07 0.0003762779
1.08 0.0003227474
1.09 0.0003820842
1.1 0.0003197853
1.11 0.0003789471
1.12 0.0003086657
1.13 0.0003921405
1.14 0.0003264835
1.15 0.0003781259
1.16 0.0003106875
1.17 0.0003709064
1.18 0.000339219
1.19 0.0003383047
1.2 0.0003544474
1.21 0.000332458
1.22 0.0003502474
1.23 0.0003263867
1.24 0.0003496569
1.25 0.000337495
1.26 0.0003375094
1.27 0.0003384149
1.28 0.0003481897
1.29 0.0003256147
1.3 0.0003309933
1.31 0.0003333128
1.32 0.0003385012
1.33 0.0003278816
1.34 0.0003212967
1.35 0.0003246628
1.36 0.000331051
1.37 0.0003100762
1.38 0.0003428381
1.39 0.000314007
1.4 0.0003323496
1.41 0.0003074097
1.42 0.0003302908
1.43 0.0003137595
1.44 0.000339362
1.45 0.0003091851
1.46 0.0003277406
1.47 0.0003439475
1.48 0.0003837554
1.49 0.0002762405
1.5 0.0003596657
1.51 0.0002856924
1.52 0.0003634238
1.53 0.0002607396
1.54 0.0003532722
1.55 0.0002716448
1.56 0.0003834203
1.57 0.0002366063
1.58 0.000345905
1.59 0.0002581393
1.6 0.0003777115
1.61 0.0002467837
1.62 0.0003690442
1.63 0.0002351353
1.64 0.0003645799
1.65 0.0002490691
1.66 0.0003788906
1.67 0.0002458147
1.68 0.0003704925
1.69 0.0002311847
1.7 0.0003362223
1.71 0.0002494454
1.72 0.0003652104
1.73 0.000242861
1.74 0.0003555141
1.75 0.0002074697
1.76 0.0003800872
1.77 0.0001860546
1.78 -0.005230545
1.79 0.0003253726
1.8 0.0002551658
1.81 0.0003066492
1.82 0.0002816665
1.83 0.0003303597
1.84 0.0002754122
1.85 0.0002879861
1.86 0.0002599866
1.87 0.0002916348
1.88 0.0002870261
1.89 0.0003069727
1.9 0.0002497831
1.91 0.0002931334
1.92 0.0002876723
1.93 0.0002797806
1.94 0.0002654727
1.95 0.0002988281
1.96 0.0002588375
1.97 0.0003167376
1.98 0.0002715525
1.99 0.0003032873
2 0.0002444431
2.01 0.0002788602
2.02 0.0002523986
2.03 0.0003230237
2.04 0.0002354806
2.05 0.0003092729
2.06 0.0002562795
2.07 0.0002689697
2.08 0.0002732534
2.09 0.0003161384
2.1 0.0001985158
2.11 0.0003469217
2.12 0.0001762996
2.13 0.0003608133
2.14 0.0002071719
2.15 0.0003476945
2.16 0.0001882893
2.17 0.0002944489
2.18 0.0001824988
2.19 0.0003359741
2.2 0.0002035903
2.21 0.0003358388
2.22 0.0002187305
2.23 0.0003493117
2.24 0.00017496
2.25 0.000345612
2.26 0.0001517042
2.27 0.0003427809
2.28 0.000181713
2.29 0.0003750845
2.3 0.0001712906
2.31 0.0003267496
2.32 0.0001654763
2.33 0.0003902665
2.34 0.0001915875
2.35 0.0002952266
2.36 0.0001424286
2.37 0.0003687587
2.38 0.0001830866
2.39 -0.007137388
2.4 0.0002727288
2.41 0.000242393
2.42 0.0002502209
2.43 0.0002360068
2.44 0.0002775967
2.45 0.000206387
2.46 0.0002587619
2.47 0.0002066208
2.48 0.0002485264
2.49 0.0002331571
2.5 0.0002830842
2.51 0.000209105
2.52 0.0002072925
2.53 0.0002015684
2.54 0.000242968
2.55 0.0002146769
2.56 0.0002709868
2.57 0.0001982791
2.58 0.0002912616
2.59 0.000159089
2.6 0.0002542377
2.61 0.000205929
2.62 0.0002418388
2.63 0.0001815097
2.64 0.0002572211
2.65 0.0002077454
2.66 0.0002816229
2.67 0.0002022044
2.68 0.0002532591
2.69 0.0001906721
2.7 0.0002876934
2.71 0.0001351972
2.72 0.0003141991
2.73 9.364629e-05
2.74 0.0003197295
2.75 0.0001410483
2.76 0.0003112599
2.77 8.751437e-05
2.78 0.0003287581
2.79 0.0001199971
2.8 0.0003062356
2.81 0.0001074903
2.82 0.0003417218
2.83 0.0001199743
2.84 0.0003022131
2.85 9.146611e-05
2.86 0.0003007118
2.87 0.0001069598
2.88 0.0002812021
2.89 0.0001044536
2.9 0.000338697
2.91 9.594224e-05
2.92 0.0002811855
2.93 0.0001474443
2.94 0.0002796852
2.95 0.0001379285
2.96 0.0002621779
2.97 0.0001234283
2.98 0.0003076744
2.99 0.0001159144
3 0.0001561593
3.01 0.000234411
3.02 0.0001726582
3.03 0.0002208994
3.04 0.0002061496
3.05 0.0002263982
3.06 0.0001816544
3.07 0.0002128988
3.08 0.0001731411
3.09 0.0002183823
3.1 0.0001516431
3.11 0.0002598824
3.12 0.0001541285
3.13 0.0002503811
3.14 0.0001566244
3.15 0.0002448704
3.16 0.0001851208
3.17 0.0002153693
3.18 0.0001756217
3.19 0.0002568693
3.2 0.0001261135
3.21 0.0002533655
3.22 0.0001666192
3.23 0.0002038653
3.24 0.0001601143
3.25 0.0002163637
3.26 0.0001676184
3.27 0.0002088639
3.28 0.000130113
3.29 0.0002603635
3.3 0.0001246088
3.31 0.0003178577
3.32 7.911021e-05
3.33 0.0002473667
3.34 0.0001196175
3.35 0.0002428671
3.36 8.811896e-05
3.37 0.0002673693
3.38 0.0001026242
3.39 0.0002128733
3.4 0.0001151293
3.41 0.0002073786
3.42 9.363457e-05
3.43 0.0002338832
3.44 6.714098e-05
3.45 0.0003023893
3.46 6.763766e-05
3.47 0.0002358879
3.48 9.514822e-05
3.49 0.0002423902
3.5 5.264043e-05
3.51 0.0002608904
3.52 9.914485e-05
3.53 0.0002333974
3.54 8.06542e-05
3.55 0.000274908
3.56 4.717137e-05
3.57 0.0002414179
3.58 7.36742e-05
3.59 0.0002299291
3.6 8.018795e-05
3.61 0.0002244397
3.62 0.0001756964
3.63 0.0001259434
3.64 0.0001552012
3.65 0.0001014605
3.66 0.000194717
3.67 9.496847e-05
3.68 0.0001642317
3.69 8.848687e-05
3.7 0.0002167425
3.71 7.898962e-05
3.72 0.0001532546
3.73 9.850231e-05
3.74 0.0002097676
3.75 7.901807e-05
3.76 0.0001852792
3.77 0.0001005402
3.78 0.0001858055
3.79 0.0001280584
3.8 0.000198319
3.81 8.2575e-05
3.82 0.0002108367
3.83 0.0001091095
3.84 0.00020736
3.85 8.461788e-05
3.86 0.0001798815
3.87 9.214693e-05
3.88 0.0001874006
3.89 0.0001016674
3.9 0.0001759222
3.91 9.318502e-05
3.92 0.0002234477
3.93 5.271106e-05
3.94 0.000167971
3.95 9.122761e-05
3.96 0.000250492
3.97 2.575048e-05
3.98 0.0002140215
3.99 4.527618e-05
4 0.0001925402
4.01 5.281028e-05
4.02 0.0002070698
4.03 9.233449e-05
4.04 0.0002006002
4.05 2.086485e-05
4.06 0.0002111379
4.07 5.23995e-05
4.08 0.0001716635
4.09 2.792339e-05
4.1 0.0001851937
4.11 4.647884e-07
4.12 0.0002287313
4.13 3.399546e-05
4.14 0.000180268
4.15 9.543845e-06
4.16 0.0002018035
4.17 5.206951e-05
4.18 0.0002103464
4.19 2.461715e-05
4.2 0.0001698811
4.21 3.315217e-05
4.22 0.0002274207
4.23 0.0001227
4.24 2.797256e-05
4.25 0.0002002477
4.26 5.851516e-05
4.27 0.000154789
4.28 7.006091e-05
4.29 0.0001503308
4.3 6.360677e-05
4.31 0.0001598823
4.32 6.815267e-05
4.33 0.0001374141
4.34 3.268837e-05
4.35 0.0001159589
4.36 6.023382e-05
4.37 0.0001385003
4.38 6.178235e-05
4.39 0.0001490555
4.4 3.732737e-05
4.41 0.0001046017
4.42 6.884911e-06
4.43 0.0001131549
4.44 5.543598e-05
4.45 0.0001537196
4.46 5.601194e-05
4.47 0.0001002982
4.48 3.757758e-05
4.49 0.0001438511
4.5 7.713359e-05
4.51 0.0001004065
4.52 7.768691e-05
4.53 0.0001309705
4.54 2.125357e-05
4.55 0.0001755347
4.56 1.481369e-05
4.57 0.0001500968
4.58 -5.61722e-06
4.59 0.0001806639
4.6 3.294936e-05
4.61 0.0001742341
4.62 -1.04809e-05
4.63 0.0001687917
4.64 -4.891292e-05
4.65 0.0001583631
4.66 2.165001e-05
4.67 0.0001669281
4.68 -4.678018e-05
4.69 0.0001445001
4.7 1.879345e-05
4.71 0.0001060665
4.72 -2.36387e-05
4.73 0.0001766376
4.74 -5.006463e-05
4.75 0.0001522146
4.76 -1.648216e-05
4.77 0.0001288088
4.78 -3.789404e-05
4.79 0.0001623953
4.8 -1.62965e-05
4.81 0.0001099847
4.82 -3.67087e-05
4.83 0.0001895775
4.84 0.0001138767
4.85 4.316858e-05
4.86 9.346699e-05
4.87 1.675748e-05
4.88 0.0001320652
4.89 -2.364578e-05
4.9 0.0001296509
4.91 -1.205508e-05
4.92 0.0001052465
4.93 1.654402e-05
4.94 8.884855e-05
4.95 -2.385894e-05
4.96 8.745284e-05
4.97 -7.225359e-05
4.98 6.045939e-06
4.99 -0.0001396522
5 -8.934803e-05
5.01 -0.0002720529
5.02 -0.0002757435
5.03 -0.0005444434
5.04 -0.0005531406
5.05 -0.0006698452
5.06 -0.0005215434
5.07 -0.0003562502
5.08 -5.094101e-05
5.09 0.00022636
5.1 0.001075673
5.11 0.002041014
5.12 0.002831353
5.13 0.002689623
5.14 0.00205796
5.15 0.001354255
5.16 0.0003255921
5.17 -0.001221116
5.18 -0.003091777
5.19 -0.005939498
5.2 -0.007247195
5.21 -0.0046269
5.22 -0.00159758
5.23 -0.0002522697
5.24 0.001461067
5.25 0.001375392
5.26 -8.525111e-05
5.27 -0.002343959
5.28 -0.004196608
5.29 -0.01001728
5.3 -0.01764794
5.31 -0.0205097
5.32 -0.02226139
5.33 -0.02583711
5.34 -0.0178059
5.35 -0.005860561
5.36 -0.003734179
5.37 -0.01071087
5.38 -0.002810611
5.39 0.008179801
5.4 -7.174334e-05
5.41 -0.01035648
5.42 -0.01115817
5.43 -0.0145699
5.44 -0.02809661
5.45 -0.02803329
5.46 -0.01920407
5.47 -0.005652713
5.48 -0.002223404
5.49 0.006559935
5.5 0.01634826
5.51 0.02725274
5.52 0.02357725
5.53 0.007217602
5.54 -0.013982
5.55 -0.02490887
5.56 -0.01887068
5.57 0.002523685
5.58 -0.003289788
5.59 -0.01579658
5.6 -0.01513233
5.61 -0.0006929952
5.62 0.006687449
5.63 -0.004524174
5.64 -0.005250878
5.65 0.000390502
5.66 -0.008519102
5.67 -0.01191489
5.68 0.0006994233
5.69 0.01431489
5.7 0.002105587
5.71 -0.03493816
5.72 -0.04804609
5.73 -0.0305239
5.74 -0.03051046
5.75 -0.03561537
5.76 -0.03289213
5.77 -0.01718462
5.78 -0.009932232
5.79 -0.01695982
5.8 -0.01751255
5.81 0.0003259126
5.82 -0.02469754
5.83 -0.0509755
5.84 -0.02700042
5.85 0.007090143
5.86 0.002245671
5.87 -0.01357995
5.88 -0.0110916
5.89 -0.02751817
5.9 -0.03943399
5.91 -0.03211684
5.92 -0.01696558
5.93 -0.01553107
5.94 -0.009204924
5.95 0.0189245
5.96 0.048348
5.97 0.04654177
5.98 0.003100397
5.99 -0.02720155
6 -0.01211537
6.01 -0.0124768
6.02 -0.03637854
6.03 -0.03271839
6.04 -0.02229016
6.05 -0.01679775
6.06 -0.008357542
6.07 0.004515924
6.08 0.02339527
6.09 0.03499286
6.1 0.0131013
6.11 0.01660866
6.12 0.01176717
6.13 0.001823463
6.14 0.002942885
6.15 -0.007204753
6.16 -0.01283149
6.17 -0.005504191
6.18 0.005768137
6.19 0.01026057
6.2 0.01880495
6.21 0.0200764
6.22 0.03292778
6.23 0.03650457
6.24 0.008595155
6.25 -0.009506628
6.26 -0.02240926
6.27 -0.02987905
6.28 -0.03903074
6.29 -0.04389564
6.3 -0.009564607
6.31 0.0197891
6.32 0.0126857
6.33 0.009017021
6.34 0.02611648
6.35 0.02374028
6.36 -0.01151412
6.37 -0.0337529
6.38 -0.05793874
6.39 -0.04527199
6.4 -0.03129359
6.41 -0.03360996
6.42 -0.02973869
6.43 -0.01266026
6.44 -6.88405e-06
6.45 -0.001238376
6.46 -0.001000061
6.47 0.008536408
6.48 0.01327883
6.49 0.001848285
6.5 0.002638538
6.51 0.018511
6.52 0.02599345
6.53 0.01704399
6.54 0.008398231
6.55 0.02904068
6.56 0.04570226
6.57 0.02876966
6.58 0.02823899
6.59 0.04700247
6.6 0.05102015
6.61 0.03005066
6.62 0.007738078
6.63 0.006401367
6.64 0.006931852
6.65 -0.001747782
6.66 -0.006151378
6.67 -0.006131033
6.68 -0.008271585
6.69 -0.01499523
6.7 -0.01077996
6.71 0.002221454
6.72 0.008191987
6.73 0.001625394
6.74 0.006226838
6.75 0.004940296
6.76 0.004785767
6.77 -0.003457766
6.78 -0.01135238
6.79 -0.008865025
6.8 -0.01477362
6.81 -0.006640298
6.82 0.009938172
6.83 0.009541734
6.84 0.002523221
6.85 0.0009415894
6.86 0.008740091
6.87 -0.0003313596
6.88 -0.01428897
6.89 -0.0102486
6.9 -0.007288133
6.91 -0.01194664
6.92 -0.0280572
6.93 -0.03314099
6.94 -0.01600063
6.95 -0.01791016
6.96 -0.01453786
6.97 -0.005357329
6.98 -0.005133905
6.99 -0.005783436
7 -0.006422149
7.01 0.009909252
7.02 0.0259688
7.03 0.02514157
7.04 0.03002208
7.05 0.0272515
7.06 0.01984102
7.07 0.01248348
7.08 0.01078791
7.09 0.01351241
7.1 0.0001669542
7.11 -0.00946073
7.12 -0.002541354
7.13 0.002992124
7.14 0.004542592
7.15 0.006334091
7.16 0.005290569
7.17 0.004221054
7.18 -0.0006364993
7.19 0.001893907
7.2 0.009752343
7.21 0.01982489
7.22 0.01007745
7.23 0.01227884
7.24 0.01622044
7.25 0.009367905
7.26 0.006298474
7.27 -0.003393114
7.28 -0.002242721
7.29 0.006628767
7.3 0.004549401
7.31 -0.006870136
7.32 -0.0105537
7.33 -0.0132043
7.34 -0.006547822
7.35 -0.01116329
7.36 -0.02944289
7.37 -0.02678446
7.38 -0.02647402
7.39 -0.02929861
7.4 -0.03245434
7.41 -0.01575206
7.42 0.01668431
7.43 0.03094012
7.44 0.03698965
7.45 0.04137119
7.46 0.05010278
7.47 0.04822047
7.48 0.05214504
7.49 0.05073573
7.5 0.03883844
7.51 0.02391199
7.52 0.01954643
7.53 0.01958983
7.54 0.01951434
7.55 0.02179594
7.56 0.005422532
7.57 0.002713812
7.58 0.009578294
7.59 0.01759781
7.6 0.02796847
7.61 0.02335014
7.62 0.009547783
7.63 0.006941266
7.64 -0.01079294
7.65 -0.03171367
7.66 -0.04109624
7.67 -0.04447329
7.68 -0.04875886
7.69 -0.0536461
7.7 -0.04341673
7.71 -0.03341016
7.72 -0.03418471
7.73 -0.03356718
7.74 -0.01076087
7.75 0.01090989
7.76 -0.002221547
7.77 0.007970907
7.78 0.02660251
7.79 0.01967125
7.8 0.002060803
7.81 0.002280227
7.82 0.01159883
7.83 0.002551469
7.84 -0.01386299
7.85 -0.02797658
7.86 -0.009630168
7.87 -0.008964517
7.88 -0.01775811
7.89 -0.008431617
7.9 0.006903819
7.91 0.01935754
7.92 0.02010016
7.93 0.02352474
7.94 0.02298441
7.95 0.009873077
7.96 -0.003770454
7.97 0.001053033
7.98 -0.0001383928
7.99 -0.0001808407
8 -0.008381274
8.01 -0.008037796
8.02 -0.0007232262
8.03 -0.00738667
8.04 0.001052755
8.05 0.009426425
8.06 0.006872928
8.07 0.01767057
8.08 0.01502621
8.09 0.02342579
8.1 0.009736599
8.11 -0.012749
8.12 -0.005366587
8.13 -0.001859062
8.14 0.01462245
8.15 0.01834527
8.16 0.005938865
8.17 0.008144315
8.18 0.0205339
8.19 0.01833862
8.2 0.01551026
8.21 -0.00237713
8.22 -0.006825827
8.23 0.01685874
8.24 0.02158352
8.25 0.01054306
8.26 0.02511057
8.27 0.03545546
8.28 0.0183533
8.29 -0.00110313
8.3 -0.01827768
8.31 -0.01111736
8.32 -0.003543742
8.33 -0.008248164
8.34 0.007596325
8.35 0.02326811
8.36 -0.0002981397
8.37 -0.0103338
8.38 0.01703175
8.39 0.01928164
8.4 -0.002164684
8.41 -0.01610524
8.42 -0.007450863
8.43 0.01762583
8.44 0.01166764
8.45 0.0005381807
8.46 0.004868761
8.47 0.005318448
8.48 -0.01051894
8.49 -0.007027541
8.5 0.01432904
8.51 0.0155168
8.52 0.01768942
8.53 0.01555307
8.54 0.01853962
8.55 0.02858333
8.56 0.03541715
8.57 0.02179585
8.58 0.01131658
8.59 -0.007001914
8.6 -0.00129344
8.61 -0.01004771
8.62 -0.01696542
8.63 -0.001246908
8.64 0.02097955
8.65 0.05299638
8.66 0.04344021
8.67 0.0453159
8.68 0.04676068
8.69 0.03672932
8.7 0.03516296
8.71 0.03267766
8.72 0.03602623
8.73 0.04893482
8.74 0.05625168
8.75 0.04083449
8.76 0.03354206
8.77 0.03845063
8.78 0.04371629
8.79 0.05041724
8.8 0.03009904
8.81 0.02982422
8.82 0.06269995
8.83 0.06046497
8.84 0.04038276
8.85 0.03801722
8.86 0.04416297
8.87 0.0451628
8.88 0.03119573
8.89 0.00869802
8.9 0.03460038
8.91 0.06210251
8.92 0.02952371
8.93 0.01275105
8.94 0.01077285
8.95 0.00237038
8.96 -0.002085892
8.97 -0.01818439
8.98 -0.01623285
8.99 0.004941673
9 0.02050244
9.01 0.02996417
9.02 0.03069699
9.03 0.03775378
9.04 0.03231079
9.05 0.02118333
9.06 0.01486834
9.07 -0.0002120132
9.08 -0.02956095
9.09 -0.07799067
9.1 -0.06740734
9.11 -0.05648494
9.12 -0.05073931
9.13 -0.03870243
9.14 -0.04890368
9.15 -0.04509812
9.16 -0.05206337
9.17 -0.06308092
9.18 -0.03656948
9.19 -0.01536971
9.2 -0.008197887
9.21 -0.009443148
9.22 0.002779514
9.23 0.01619435
9.24 0.02353033
9.25 0.01025227
9.26 -0.01406494
9.27 -0.01871354
9.28 -0.001549863
9.29 0.005540088
9.3 -0.02158105
9.31 -0.01811063
9.32 0.007558233
9.33 0.006620193
9.34 -0.0138927
9.35 -0.04864922
9.36 -0.05407776
9.37 -0.03163497
9.38 -0.03958398
9.39 -0.05306037
9.4 -0.06742666
9.41 -0.06324627
9.42 -0.0367773
9.43 -0.06252946
9.44 -0.09408304
9.45 -0.07144427
9.46 -0.06906138
9.47 -0.07765367
9.48 -0.08379688
9.49 -0.1035151
9.5 -0.1196417
9.51 -0.1041854
9.52 -0.1142975
9.53 -0.1380429
9.54 -0.1094049
9.55 -0.06789711
9.56 -0.05940722
9.57 -0.05743825
9.58 -0.06427163
9.59 -0.05465113
9.6 -0.05737729
9.61 -0.07704814
9.62 -0.09306963
9.63 -0.09210705
9.64 -0.07805962
9.65 -0.07544666
9.66 -0.07508652
9.67 -0.03394694
9.68 0.009272662
9.69 0.02336583
9.7 0.04058836
9.71 0.04922552
9.72 0.06197392
9.73 0.09017396
9.74 0.1112846
9.75 0.1362792
9.76 0.1670812
9.77 0.1664051
9.78 0.1462081
9.79 0.147282
9.8 0.157406
9.81 0.1544668
9.82 0.166034
9.83 0.1474235
9.84 0.1167085
9.85 0.09551294
9.86 0.0815438
9.87 0.07421242
9.88 0.07978431
9.89 0.06396704
9.9 0.07111859
9.91 0.08364288
9.92 0.0676397
9.93 0.08582893
9.94 0.0993279
9.95 0.1131297
9.96 0.1274059
9.97 0.1199247
9.98 0.1054247
9.99 0.1099395
10 0.1262087
10.01 0.1202934
10.02 0.1070626
10.03 0.1036063
10.04 0.1052745
10.05 0.1038991
10.06 0.1083774
10.07 0.1162585
10.08 0.1322402
10.09 0.1174169
10.1 0.09151694
10.11 0.01955686
10.12 -0.05933991
10.13 -0.1044062
10.14 -0.1126473
10.15 -0.1221705
10.16 -0.1184816
10.17 -0.1361857
10.18 -0.1624148
10.19 -0.18096
10.2 -0.1957382
10.21 -0.2094883
10.22 -0.2044111
10.23 -0.1759043
10.24 -0.1546423
10.25 -0.1480778
10.26 -0.146552
10.27 -0.1391759
10.28 -0.1130174
10.29 -0.06123522
10.3 -0.02327135
10.31 -0.02649419
10.32 -0.02957741
10.33 -0.004296371
10.34 0.01752162
10.35 0.01703275
10.36 -0.001169114
10.37 -0.01387626
10.38 -0.02281603
10.39 -0.05574331
10.4 -0.09425028
10.41 -0.1204174
10.42 -0.1262273
10.43 -0.1331176
10.44 -0.1724754
10.45 -0.2008576
10.46 -0.2268736
10.47 -0.2587816
10.48 -0.2662307
10.49 -0.2781254
10.5 -0.3173276
10.51 -0.3294423
10.52 -0.3358598
10.53 -0.354932
10.54 -0.3673785
10.55 -0.3668484
10.56 -0.3649542
10.57 -0.3598185
10.58 -0.3490695
10.59 -0.3287914
10.6 -0.2972994
10.61 -0.2712708
10.62 -0.2488171
10.63 -0.2123342
10.64 -0.1470026
10.65 -0.03552171
10.66 0.06376535
10.67 0.08467281
10.68 0.08181397
10.69 0.08416373
10.7 0.07870144
10.71 0.1365963
10.72 0.1948856
10.73 0.1758338
10.74 0.2268181
10.75 0.337943
10.76 0.4474259
10.77 0.5452338
10.78 0.6404484
10.79 0.7240993
10.8 0.8056801
10.81 0.8047475
10.82 0.7478369
10.83 0.6992457
10.84 0.5367437
10.85 0.3173174
10.86 0.1514115
10.87 0.1668395
10.88 0.2963853
10.89 0.3477272
10.9 0.3102428
10.91 0.2310984
10.92 0.1993834
10.93 0.1993906
10.94 0.2381483
10.95 0.3121449
10.96 0.2947788
10.97 0.2439938
10.98 0.2253541
10.99 0.2386727
11 0.2793582
11.01 0.2931479
11.02 0.288693
11.03 0.2414976
11.04 0.2087222
11.05 0.1882002
11.06 0.1217472
11.07 0.0722502
11.08 0.06560677
11.09 0.07432611
11.1 0.04351228
11.11 -0.01044645
11.12 -0.03946288
11.13 -0.05319057
11.14 -0.07612864
11.15 -0.1068244
11.16 -0.1566364
11.17 -0.2193673
11.18 -0.2744238
11.19 -0.3106473
11.2 -0.337275
11.21 -0.3904543
11.22 -0.4552033
11.23 -0.4738746
11.24 -0.4484248
11.25 -0.4350909
11.26 -0.4494379
11.27 -0.4779895
11.28 -0.4601274
11.29 -0.4305798
11.3 -0.3649377
11.31 -0.3345637
11.32 -0.3230994
11.33 -0.2936334
11.34 -0.2490493
11.35 -0.1907048
11.36 -0.1201805
11.37 -0.05765836
11.38 0.006598999
11.39 0.08865901
11.4 0.1286944
11.41 0.1196923
11.42 0.1064064
11.43 0.08957611
11.44 0.08083003
11.45 0.08243602
11.46 0.100956
11.47 0.1141726
11.48 0.09651505
11.49 0.07195623
11.5 0.05245137
11.51 0.03315043
11.52 0.07517312
11.53 0.134049
11.54 0.1519393
11.55 0.1539757
11.56 0.1456292
11.57 0.1059233
11.58 0.05668401
11.59 -0.003078198
11.6 -0.03896784
11.61 -0.1003641
11.62 -0.1206781
11.63 -0.1192234
11.64 -0.1405901
11.65 -0.1724343
11.66 -0.1968973
11.67 -0.2217713
11.68 -0.2380096
11.69 -0.2399561
11.7 -0.2275495
11.71 -0.2049106
11.72 -0.1907709
11.73 -0.1891797
11.74 -0.1718653
11.75 -0.1297664
11.76 -0.08967876
11.77 -0.06197616
11.78 -0.03368745
11.79 -0.004350999
11.8 0.011011
11.81 0.01829342
11.82 0.03349941
11.83 0.0363441
11.84 0.01068119
11.85 -0.006982897
11.86 0.03082684
11.87 0.06649735
11.88 0.05827977
11.89 0.02453497
11.9 0.006733001
11.91 -0.002056969
11.92 0.01435103
11.93 0.006361422
11.94 -0.0308665
11.95 -0.04494874
11.96 -0.02042902
11.97 0.006233327
11.98 0.0007546681
11.99 -0.02629719
12 -0.04841242
12.01 -0.03392933
12.02 -0.02024426
12.03 -0.03440806
12.04 -0.03964726
12.05 -0.03577811
12.06 -0.02275837
12.07 -0.009270059
12.08 -0.01084305
12.09 -0.009826841
12.1 -0.01112192
12.11 -0.01488673
12.12 -0.01026815
12.13 0.02383906
12.14 0.04167724
12.15 0.03509083
12.16 0.03989862
12.17 0.07566064
12.18 0.1063237
12.19 0.1103953
12.2 0.1074723
12.21 0.1128235
12.22 0.1141448
12.23 0.1113932
12.24 0.1105905
12.25 0.08845056
12.26 0.07870962
12.27 0.08073781
12.28 0.08271697
12.29 0.07772714
12.3 0.06914825
12.31 0.06961956
12.32 0.07602266
12.33 0.08360957
12.34 0.09510976
12.35 0.1048811
12.36 0.1052504
12.37 0.1096437
12.38 0.08688724
12.39 0.05832037
12.4 0.04930848
12.41 0.05926741
12.42 0.05268692
12.43 0.03388505
12.44 0.01612534
12.45 0.007601144
12.46 0.01464641
12.47 0.008594618
12.48 -0.01607311
12.49 -0.0163203
12.5 -0.006743926
12.51 -0.02314687
12.52 -0.0341046
12.53 -0.04452963
12.54 -0.03476246
12.55 -0.03432934
12.56 -0.04410896
12.57 -0.06825078
12.58 -0.0893367
12.59 -0.08074388
12.6 -0.08459148
12.61 -0.1086774
12.62 -0.1162135
12.63 -0.1145529
12.64 -0.1123098
12.65 -0.1124953
12.66 -0.1170483
12.67 -0.1251592
12.68 -0.1356403
12.69 -0.1364022
12.7 -0.1318173
12.71 -0.1244746
12.72 -0.1174667
12.73 -0.1076993
12.74 -0.09206651
12.75 -0.08181124
12.76 -0.07455444
12.77 -0.06192211
12.78 -0.0481013
12.79 -0.02834605
12.8 -0.01323795
12.81 -0.01520028
12.82 -0.0172994
12.83 -0.001453023
12.84 0.02980781
12.85 0.04854639
12.86 0.05507531
12.87 0.06919092
12.88 0.07900689
12.89 0.09443418
12.9 0.1086712
12.91 0.1140518
12.92 0.1293347
12.93 0.1529112
12.94 0.1661953
12.95 0.1650004
12.96 0.1607906
12.97 0.1721854
12.98 0.1885466
12.99 0.1884823
13 0.1786165
13.01 0.1768336
13.02 0.178465
13.03 0.1758516
13.04 0.175799
13.05 0.1893168
13.06 0.2052024
13.07 0.1916262
13.08 0.1479309
13.09 0.1166168
13.1 0.1060433
13.11 0.08081477
13.12 0.0412621
13.13 0.02810563
13.14 0.01953993
13.15 0.0250328
13.16 0.03683522
13.17 0.04003833
13.18 0.01956692
13.19 -0.001951089
13.2 -0.02944478
13.21 -0.03929107
13.22 -0.009606889
13.23 0.001304326
13.24 -0.003452294
13.25 -0.01023825
13.26 0.0006768986
13.27 0.02224112
13.28 0.03329173
13.29 0.02136093
13.3 0.00803232
13.31 0.01815843
13.32 0.01277513
13.33 -0.005192729
13.34 -0.02845113
13.35 -0.04886532
13.36 -0.05588796
13.37 -0.06089879
13.38 -0.07941428
13.39 -0.1038075
13.4 -0.1190283
13.41 -0.1147325
13.42 -0.1185801
13.43 -0.1305758
13.44 -0.1491316
13.45 -0.1518649
13.46 -0.1432689
13.47 -0.1221957
13.48 -0.1099185
13.49 -0.1125941
13.5 -0.1055801
13.51 -0.08717401
13.52 -0.0803677
13.53 -0.09267126
13.54 -0.06714317
13.55 -0.07485353
13.56 -0.1085596
13.57 -0.08575335
13.58 -0.1023753
13.59 -0.07547236
13.6 -0.08646402
13.61 -0.08425565
13.62 -0.07363647
13.63 -0.0717502
13.64 -0.07599313
13.65 -0.07565888
13.66 -0.05743203
13.67 -0.02886972
13.68 -0.01388651
13.69 -0.001110037
13.7 0.009535133
13.71 0.02212561
13.72 0.03420491
13.73 0.03637745
13.74 0.03580472
13.75 0.04059134
13.76 0.04003876
13.77 0.02127897
13.78 0.01813109
13.79 0.03019942
13.8 0.03454972
13.81 0.04624108
13.82 0.05020762
13.83 0.04019124
13.84 0.006259733
13.85 -0.01628726
13.86 -0.01988007
13.87 -0.01409291
13.88 -0.01527438
13.89 -0.04729511
13.9 -0.05942227
13.91 -0.0363083
13.92 -0.03889887
13.93 -0.04517865
13.94 -0.03539948
13.95 -0.03431231
13.96 -0.01384524
13.97 0.004555266
13.98 0.006465621
13.99 0.01347008
14 0.002480549
14.01 0.0005585202
14.02 0.03658305
14.03 0.01570184
14.04 -0.004204839
14.05 -0.01247646
14.06 -0.04546099
14.07 -0.07031454
14.08 -0.06775757
14.09 -0.06394587
14.1 -0.06161674
14.11 -0.0695883
14.12 -0.09136639
14.13 -0.06115011
14.14 -0.05132194
14.15 -0.04163367
14.16 -0.03007348
14.17 -0.03533997
14.18 -0.02961602
14.19 -0.003332618
14.2 0.007730683
14.21 -0.0006408292
14.22 0.005966106
14.23 0.03311469
14.24 0.04133108
14.25 0.04180248
14.26 0.04063578
14.27 0.0379942
14.28 0.04561642
14.29 0.05253288
14.3 0.05048831
14.31 0.03997586
14.32 0.02821109
14.33 0.03288833
14.34 0.03335871
14.35 0.02552009
14.36 0.02430134
14.37 0.0240897
14.38 0.02221103
14.39 0.01564948
14.4 0.002195719
14.41 -0.0005121362
14.42 0.01514905
14.43 0.01738656
14.44 0.004554819
14.45 0.002239057
14.46 0.004864235
14.47 0.006818561
14.48 0.01005472
14.49 0.01837902
14.5 0.02920728
14.51 0.01835663
14.52 0.05004352
14.53 0.07111836
14.54 0.06201751
14.55 0.08698332
14.56 0.07289186
14.57 0.07062775
14.58 0.09806916
14.59 0.09107881
14.6 0.09638707
14.61 0.1033426
14.62 0.094235
14.63 0.1057208
14.64 0.09467743
14.65 0.07354373
14.66 0.04054216
14.67 0.02800418
14.68 0.02655831
14.69 0.04626149
14.7 0.05098111
14.71 0.0389377
14.72 0.02532296
14.73 0.03166587
14.74 0.04501519
14.75 0.05285054
14.76 0.05421995
14.77 0.06316716
14.78 0.07539664
14.79 0.07513528
14.8 0.06256377
14.81 0.06678482
14.82 0.07235845
14.83 0.05632486
14.84 0.05039128
14.85 0.05222457
14.86 0.04128721
14.87 0.0233775
14.88 0.01378281
14.89 0.01905987
14.9 0.02490839
14.91 0.01640572
14.92 0.006742124
14.93 0.004775264
14.94 0.007191645
14.95 0.01122591
14.96 0.01248939
14.97 0.01132465
14.98 0.01080513
14.99 0.01104144
15 0.007413952
15.01 0.005270225
15.02 -0.001247192
15.03 -0.01187102
15.04 -0.02056363
15.05 -0.01999541
15.06 -0.01921891
15.07 -0.02463766
15.08 -0.03156922
15.09 -0.03446394
15.1 -0.04189847
15.11 -0.05202542
15.12 -0.04858415
15.13 -0.04541174
15.14 -0.05038936
15.15 -0.05144616
15.16 -0.05424578
15.17 -0.06038954
15.18 -0.0609453
15.19 -0.05962429
15.2 -0.05151407
15.21 -0.04549152
15.22 -0.04569725
15.23 -0.04406
15.24 -0.03695585
15.25 -0.02713648
15.26 -0.0125983
15.27 0.003802217
15.28 0.009771663
15.29 0.0169781
15.3 0.02228757
15.31 0.02553712
15.32 0.02453061
15.33 0.02382207
15.34 0.0203836
15.35 0.0134881
15.36 0.006433496
15.37 -0.0004423001
15.38 -0.002747902
15.39 -0.003264609
15.4 -0.006370195
15.41 -0.01067491
15.42 -0.007974586
15.43 0.003719737
15.44 0.01246718
15.45 0.01675453
15.46 0.02146598
15.47 0.0282284
15.48 0.02680197
15.49 0.01805934
15.5 0.00925289
15.51 0.0003011946
15.52 -0.01394927
15.53 -0.03138501
15.54 -0.04221863
15.55 -0.03774848
15.56 -0.03045599
15.57 -0.03335764
15.58 -0.03828017
15.59 -0.04308702
15.6 -0.03507361
15.61 -0.03289311
15.62 -0.04892561
15.63 -0.05633145
15.64 -0.05641505
15.65 -0.06086875
15.66 -0.06536432
15.67 -0.07065238
15.68 -0.07349605
15.69 -0.06857242
15.7 -0.072192
15.71 -0.07925473
15.72 -0.07329345
15.73 -0.06674903
15.74 -0.06226566
15.75 -0.0606024
15.76 -0.05747905
15.77 -0.05886849
15.78 -0.06370513
15.79 -0.06455784
15.8 -0.06368952
15.81 -0.06365109
15.82 -0.06888575
15.83 -0.07055367
15.84 -0.0634594
15.85 -0.06270077
15.86 -0.06033552
15.87 -0.05713811
15.88 -0.05480691
15.89 -0.04186846
15.9 -0.03552208
15.91 -0.03735173
15.92 -0.03071449
15.93 -0.02342892
15.94 -0.02051759
15.95 -0.01670812
15.96 -0.01317073
15.97 -0.01510219
15.98 -0.02502882
15.99 -0.02932663
16 -0.02278936
16.01 -0.01725773
16.02 -0.01844835
16.03 -0.0260489
16.04 -0.02939463
16.05 -0.02344318
16.06 -0.0202648
16.07 -0.02704237
16.08 -0.0345291
16.09 -0.03270265
16.1 -0.02960038
16.11 -0.02993095
16.12 -0.03146669
16.13 -0.03467226
16.14 -0.02722719
16.15 -0.009694714
16.16 -0.002042345
16.17 -0.004312797
16.18 -0.003095551
16.19 0.003985931
16.2 0.0114922
16.21 0.01820577
16.22 0.01617213
16.23 0.01366665
16.24 0.01949797
16.25 0.0177275
16.26 0.01037383
16.27 0.008649268
16.28 0.008600577
16.29 0.006810053
16.3 0.0001893742
16.31 -0.006427281
16.32 -0.0005051668
16.33 0.01203132
16.34 0.01477859
16.35 0.01715204
16.36 0.0306942
16.37 0.04262277
16.38 0.04616607
16.39 0.05113169
16.4 0.05871001
16.41 0.06339144
16.42 0.07049777
16.43 0.07498646
16.44 0.07138387
16.45 0.06767427
16.46 0.07524858
16.47 0.08319046
16.48 0.08074897
16.49 0.07489718
16.5 0.07221661
16.51 0.06957308
16.52 0.07078153
16.53 0.06710998
16.54 0.05843144
16.55 0.05363294
16.56 0.05051736
16.57 0.04945464
16.58 0.04497612
16.59 0.04093651
16.6 0.04140896
16.61 0.0367064
16.62 0.03065083
16.63 0.02923336
16.64 0.02308484
16.65 0.01212898
16.66 0.002143395
16.67 -0.005731382
16.68 -0.005995066
16.69 -0.001214744
16.7 -0.007165352
16.71 -0.00954313
16.72 0.0009421493
16.73 0.007391557
16.74 0.007487892
16.75 0.009665238
16.76 0.02105747
16.77 0.03704094
16.78 0.04090642
16.79 0.03756798
16.8 0.03830729
16.81 0.04737654
16.82 0.0616619
16.83 0.07253345
16.84 0.07653697
16.85 0.07742241
16.86 0.07679099
16.87 0.07094961
16.88 0.05816717
16.89 0.04983835
16.9 0.04896288
16.91 0.04046033
16.92 0.02822483
16.93 0.01892209
16.94 0.01285951
16.95 0.01047183
16.96 0.006132271
16.97 0.003231507
16.98 0.001519952
16.99 -0.003462754
17 -0.007272372
17.01 -0.004539104
17.02 -0.001475676
17.03 -0.002748327
17.04 -0.004601914
17.05 -0.005514598
17.06 -0.003626216
17.07 -0.002056828
17.08 -0.008973435
17.09 -0.00871718
17.1 -0.004135875
17.11 0.00654548
17.12 0.01127095
17.13 0.01287028
17.14 0.01907968
17.15 0.02678909
17.16 0.03278362
17.17 0.03548008
17.18 0.03010268
17.19 0.02541409
17.2 0.02381766
17.21 0.01627802
17.22 0.005080601
17.23 -0.00603213
17.24 -0.01837365
17.25 -0.02728751
17.26 -0.02781611
17.27 -0.03146401
17.28 -0.0384686
17.29 -0.04195318
17.3 -0.04046182
17.31 -0.03656852
17.32 -0.03810305
17.33 -0.04383669
17.34 -0.04743729
17.35 -0.05162409
17.36 -0.05296474
17.37 -0.05392129
17.38 -0.06116092
17.39 -0.06812071
17.4 -0.07072847
17.41 -0.0706382
17.42 -0.067739
17.43 -0.06441491
17.44 -0.05696681
17.45 -0.0426353
17.46 -0.02204718
17.47 -0.003277628
17.48 0.007528657
17.49 0.01791416
17.5 0.03223942
17.51 0.04842111
17.52 0.06034962
17.53 0.06382717
17.54 0.0594017
17.55 0.05677824
17.56 0.06007271
17.57 0.06167926
17.58 0.05408498
17.59 0.0368086
17.6 0.02087204
17.61 0.008138239
17.62 -0.006331323
17.63 -0.01611314
17.64 -0.02234378
17.65 -0.02555153
17.66 -0.02996612
17.67 -0.03956996
17.68 -0.04348674
17.69 -0.04240143
17.7 -0.03997517
17.71 -0.0416869
17.72 -0.04271276
17.73 -0.03723053
17.74 -0.0235864
17.75 -0.01400903
17.76 -0.002851868
17.77 0.01191456
17.78 0.03058375
17.79 0.04993737
17.8 0.06403379
17.81 0.07197741
17.82 0.07419785
17.83 0.08024855
17.84 0.08846714
17.85 0.08331363
17.86 0.07792714
17.87 0.07847269
17.88 0.07538837
17.89 0.06469387
17.9 0.0486575
17.91 0.030736
17.92 0.01661533
17.93 0.006764342
17.94 -0.005052228
17.95 -0.01585109
17.96 -0.02222774
17.97 -0.02577455
17.98 -0.02586823
17.99 -0.02403005
18 -0.02159575
18.01 -0.01959043
18.02 -0.01703518
18.03 -0.008956891
18.04 -0.0002446331
18.05 0.009883708
18.06 0.02364299
18.07 0.03439155
18.08 0.04286192
18.09 0.05483322
18.1 0.06479964
18.11 0.07191615
18.12 0.07557668
18.13 0.07621406
18.14 0.07580165
18.15 0.07142022
18.16 0.06487484
18.17 0.05347111
18.18 0.03339873
18.19 0.01781088
18.2 0.009861338
18.21 0.004614494
18.22 0.00166594
18.23 -0.003238871
18.24 -0.007740469
18.25 -0.006906256
18.26 -0.00312983
18.27 0.0004084249
18.28 0.004307925
18.29 0.002921261
18.3 -0.004352217
18.31 -0.009522003
18.32 -0.01058354
18.33 -0.01218523
18.34 -0.01961969
18.35 -0.02685049
18.36 -0.03205203
18.37 -0.03926678
18.38 -0.04592737
18.39 -0.04881637
18.4 -0.05125697
18.41 -0.05431257
18.42 -0.06022917
18.43 -0.06478406
18.44 -0.06180774
18.45 -0.05818642
18.46 -0.060938
18.47 -0.06644692
18.48 -0.06731867
18.49 -0.06624131
18.5 -0.06367608
18.51 -0.06047989
18.52 -0.0557357
18.53 -0.04555342
18.54 -0.03315517
18.55 -0.02210285
18.56 -0.01282249
18.57 -0.002158956
18.58 0.006808474
18.59 0.007942975
18.6 0.005366407
18.61 0.005292786
18.62 0.007378221
18.63 0.007527642
18.64 0.004693171
18.65 -0.006081457
18.66 -0.01697201
18.67 -0.01978878
18.68 -0.02477228
18.69 -0.03522701
18.7 -0.04151062
18.71 -0.04794954
18.72 -0.05505718
18.73 -0.05883579
18.74 -0.06269346
18.75 -0.06381529
18.76 -0.06274194
18.77 -0.06430764
18.78 -0.06262533
18.79 -0.06099314
18.8 -0.06520176
18.81 -0.06871739
18.82 -0.06874707
18.83 -0.06879583
18.84 -0.07288944
18.85 -0.08305916
18.86 -0.08814997
18.87 -0.08618114
18.88 -0.08460986
18.89 -0.08663413
18.9 -0.09352286
18.91 -0.1021666
18.92 -0.1032155
18.93 -0.09902117
18.94 -0.09852303
18.95 -0.09939994
18.96 -0.09638896
18.97 -0.08788747
18.98 -0.0756685
18.99 -0.06274312
19 -0.0489901
19.01 -0.03473757
19.02 -0.02405248
19.03 -0.009935008
19.04 0.003563223
19.05 0.0121808
19.06 0.01977703
19.07 0.0264146
19.08 0.03527085
19.09 0.04371441
19.1 0.04701582
19.11 0.04613547
19.12 0.04576783
19.13 0.04580728
19.14 0.0385478
19.15 0.02697325
19.16 0.0174746
19.17 0.009539912
19.18 3.127306e-05
19.19 -0.01167056
19.2 -0.02047941
19.21 -0.02424608
19.22 -0.02460291
19.23 -0.02391661
19.24 -0.02369243
19.25 -0.02354811
19.26 -0.019478
19.27 -0.01238368
19.28 -0.00761649
19.29 -0.005958109
19.3 -0.000250987
19.31 0.007222399
19.32 0.01335356
19.33 0.02143094
19.34 0.03244015
19.35 0.03914777
19.36 0.04406701
19.37 0.05240929
19.38 0.0606466
19.39 0.06432711
19.4 0.06858347
19.41 0.0717689
19.42 0.07168335
19.43 0.068141
19.44 0.05489152
19.45 0.03748072
19.46 0.02747203
19.47 0.0228383
19.48 0.01441069
19.49 0.004871908
19.5 -0.006016765
19.51 -0.01543671
19.52 -0.01541358
19.53 -0.009755285
19.54 -0.010485
19.55 -0.01382376
19.56 -0.01344057
19.57 -0.009848297
19.58 -0.00803704
19.59 -0.00816576
19.6 -0.008083532
19.61 -0.008893251
19.62 -0.005947092
19.63 -0.0002427994
19.64 0.004481398
19.65 0.01166372
19.66 0.01983901
19.67 0.02134752
19.68 0.02230582
19.69 0.02552214
19.7 0.02426254
19.71 0.01940795
19.72 0.01160431
19.73 0.004295611
19.74 -0.005311018
19.75 -0.01669281
19.76 -0.02716761
19.77 -0.03227643
19.78 -0.03529422
19.79 -0.04355907
19.8 -0.05060205
19.81 -0.04930896
19.82 -0.04533998
19.83 -0.03625902
19.84 -0.02224797
19.85 -0.006775476
19.86 0.00852265
19.87 0.01607309
19.88 0.02975518
19.89 0.04254264
19.9 0.05238582
19.91 0.06406542
19.92 0.07435675
19.93 0.07851515
19.94 0.07804551
19.95 0.07590703
19.96 0.07149443
19.97 0.06680377
19.98 0.06001317
19.99 0.05161964
20 0.04330492
20.01 0.03948396
20.02 0.04096929
20.03 0.03455562
20.04 0.02455987
20.05 0.02207299
20.06 0.02374122
20.07 0.02429654
20.08 0.02087986
20.09 0.01537203
20.1 0.01386422
20.11 0.01850044
20.12 0.02076478
20.13 0.01734208
20.14 0.01165238
20.15 0.008224615
20.16 0.005529857
20.17 0.003430037
20.18 -0.000555731
20.19 -0.002141565
20.2 -0.002901363
20.21 -0.003505168
20.22 -0.003404996
20.23 -0.003247811
20.24 -0.001102715
20.25 0.007244483
20.26 0.0148897
20.27 0.02046005
20.28 0.02061733
20.29 0.02127058
20.3 0.02239882
20.31 0.02636216
20.32 0.02891647
20.33 0.02841965
20.34 0.02919993
20.35 0.03110024
20.36 0.0271136
20.37 0.0208728
20.38 0.020529
20.39 0.02369027
20.4 0.02361259
20.41 0.0200678
20.42 0.01814104
20.43 0.01726425
20.44 0.0185625
20.45 0.02014877
20.46 0.01851409
20.47 0.01555549
20.48 0.01481173
20.49 0.01614871
20.5 0.018039
20.51 0.01381414
20.52 0.009114423
20.53 0.007066556
20.54 0.006219821
20.55 0.005523994
20.56 0.004729265
20.57 0.002059421
20.58 -0.002148311
20.59 -0.002107166
20.6 -0.001073898
20.61 -0.00336872
20.62 -0.007118451
20.63 -0.009751334
20.64 -0.0107351
20.65 -0.0114859
20.66 -0.01278666
20.67 -0.0133875
20.68 -0.01309726
20.69 -0.0126491
20.7 -0.01214085
20.71 -0.0128207
20.72 -0.01357249
20.73 -0.01437228
20.74 -0.01446308
20.75 -0.01170092
20.76 -0.0102367
20.77 -0.01110251
20.78 -0.0103613
20.79 -0.009871166
20.8 -0.01079693
20.81 -0.009479729
20.82 -0.004664512
20.83 -0.004954285
20.84 -0.009861059
20.85 -0.01090889
20.86 -0.007460691
20.87 -0.006034487
20.88 -0.008152243
20.89 -0.01138706
20.9 -0.01424583
20.91 -0.0130297
20.92 -0.01446345
20.93 -0.01993829
20.94 -0.02210611
20.95 -0.02117903
20.96 -0.01885084
20.97 -0.01732158
20.98 -0.01984337
20.99 -0.02273022
21 -0.02202304
21.01 -0.02067886
21.02 -0.02220062
21.03 -0.02615053
21.04 -0.03058036
21.05 -0.03298515
21.06 -0.03175605
21.07 -0.0306389
21.08 -0.0278238
21.09 -0.0264946
21.1 -0.02516048
21.11 -0.02356242
21.12 -0.02301729
21.13 -0.02174998
21.14 -0.01358892
21.15 -0.004900661
21.16 1.443875e-05
21.17 0.005595686
21.18 0.01268079
21.19 0.01818109
21.2 0.02314224
21.21 0.02610747
21.22 0.02677064
21.23 0.02725492
21.24 0.02592512
21.25 0.02153633
21.26 0.0162295
21.27 0.01478372
21.28 0.0127219
21.29 0.01114401
21.3 0.01321918
21.31 0.01223739
21.32 0.007649578
21.33 0.004031718
21.34 0.001517883
21.35 -0.0006449843
21.36 -0.001865859
21.37 -0.002019716
21.38 -0.0003405912
21.39 0.00196757
21.4 0.003078714
21.41 0.004244886
21.42 0.004160036
21.43 0.006433211
21.44 0.007792374
21.45 0.00815851
21.46 0.009105665
21.47 0.007236825
21.48 0.006053957
21.49 0.008771092
21.5 0.01314222
21.51 0.01431243
21.52 0.01308759
21.53 0.01376369
21.54 0.01715482
21.55 0.021061
21.56 0.02380117
21.57 0.02506033
21.58 0.02894048
21.59 0.03364078
21.6 0.03505902
21.61 0.03488707
21.62 0.03576034
21.63 0.03238953
21.64 0.02670382
21.65 0.01895491
21.66 0.01091518
21.67 0.002976258
21.68 -0.00512054
21.69 -0.01212351
21.7 -0.01561835
21.71 -0.01724534
21.72 -0.02249613
21.73 -0.02776414
21.74 -0.02902302
21.75 -0.02927915
21.76 -0.03480701
21.77 -0.04032473
21.78 -0.04245763
21.79 -0.04104255
21.8 -0.03976343
21.81 -0.04101229
21.82 -0.03893122
21.83 -0.03479217
21.84 -0.03383707
21.85 -0.03369187
21.86 -0.0318878
21.87 -0.02902869
21.88 -0.0264266
21.89 -0.02812841
21.9 -0.03112935
21.91 -0.03210033
21.92 -0.03089929
21.93 -0.03173805
21.94 -0.03069205
21.95 -0.02738791
21.96 -0.02369992
21.97 -0.02055873
21.98 -0.01621478
21.99 -0.00531763
22 0.00431242
22.01 0.007555639
22.02 0.01365365
22.03 0.0174529
22.04 0.02193895
22.05 0.02436017
22.06 0.02534424
22.07 0.02777455
22.08 0.03041663
22.09 0.03248467
22.1 0.03331875
22.11 0.03558392
22.12 0.03939598
22.13 0.04273112
22.14 0.04620821
22.15 0.04840149
22.16 0.04996361
22.17 0.05118667
22.18 0.05013485
22.19 0.04804602
22.2 0.0454912
22.21 0.04205929
22.22 0.03836548
22.23 0.03228567
22.24 0.02624679
22.25 0.02554672
22.26 0.02569886
22.27 0.02396492
22.28 0.02359204
22.29 0.02465209
22.3 0.02524723
22.31 0.02538536
22.32 0.02555451
22.33 0.02483353
22.34 0.0252627
22.35 0.0249468
22.36 0.02338598
22.37 0.02188306
22.38 0.01765628
22.39 0.01251238
22.4 0.009150555
22.41 0.003182522
22.42 -0.00619327
22.43 -0.01443531
22.44 -0.02123617
22.45 -0.0248122
22.46 -0.02688004
22.47 -0.03244012
22.48 -0.03775701
22.49 -0.04039397
22.5 -0.04274986
22.51 -0.0468459
22.52 -0.05162386
22.53 -0.05218789
22.54 -0.04983887
22.55 -0.04642302
22.56 -0.043619
22.57 -0.03978282
22.58 -0.03296481
22.59 -0.02694869
22.6 -0.02752462
22.61 -0.02803552
22.62 -0.0278855
22.63 -0.02702049
22.64 -0.02603847
22.65 -0.02592132
22.66 -0.02581535
22.67 -0.02341731
22.68 -0.02051332
22.69 -0.01720525
22.7 -0.01280325
22.71 -0.009653172
22.72 -0.006654174
22.73 -0.001038038
22.74 0.00461696
22.75 0.01103111
22.76 0.01611817
22.77 0.01852231
22.78 0.02029037
22.79 0.02131956
22.8 0.02216963
22.81 0.02276072
22.82 0.02124982
22.83 0.01957195
22.84 0.01635407
22.85 0.01098012
22.86 0.006048198
22.87 0.00494023
22.88 0.004404308
22.89 0.0006473437
22.9 -0.002944607
22.91 -0.00442461
22.92 -0.005057558
22.93 -0.006481528
22.94 -0.007718496
22.95 -0.008139504
22.96 -0.006663483
22.97 -0.005918435
22.98 -0.005429395
22.99 -0.004895374
23 -0.003392357
23.01 -0.001688306
23.02 -0.0004802526
23.03 -5.918999e-05
23.04 0.002069869
23.05 0.004246909
23.06 0.003892978
23.07 0.003537019
23.08 0.004001084
23.09 0.005608118
23.1 0.004966231
23.11 0.001082275
23.12 -0.003898624
23.13 -0.009887604
23.14 -0.0165635
23.15 -0.02495954
23.16 -0.03192751
23.17 -0.03472355
23.18 -0.03525054
23.19 -0.03535667
23.2 -0.03698968
23.21 -0.03664157
23.22 -0.03445359
23.23 -0.03310761
23.24 -0.02790466
23.25 -0.02331957
23.26 -0.02127459
23.27 -0.01718258
23.28 -0.01428156
23.29 -0.01369446
23.3 -0.01482343
23.31 -0.01612942
23.32 -0.0172844
23.33 -0.02093236
23.34 -0.02307039
23.35 -0.02247048
23.36 -0.02238651
23.37 -0.02396136
23.38 -0.02453641
23.39 -0.02267437
23.4 -0.02174842
23.41 -0.02164235
23.42 -0.01991343
23.43 -0.01720239
23.44 -0.01686445
23.45 -0.01660336
23.46 -0.01475446
23.47 -0.01138642
23.48 -0.008318489
23.49 -0.006210427
23.5 -0.001467515
23.51 0.001271589
23.52 0.003868508
23.53 0.006565575
23.54 0.01232748
23.55 0.0154256
23.56 0.01897852
23.57 0.0230896
23.58 0.02624455
23.59 0.02964671
23.6 0.03169872
23.61 0.03202374
23.62 0.03223673
23.63 0.03261883
23.64 0.03388282
23.65 0.03359091
23.66 0.03173192
23.67 0.02988212
23.68 0.02912009
23.69 0.02903996
23.7 0.02741097
23.71 0.02609197
23.72 0.02706896
23.73 0.02587395
23.74 0.02233495
23.75 0.01984098
23.76 0.01849794
23.77 0.01692289
23.78 0.01591585
23.79 0.01732384
23.8 0.01780079
23.81 0.01930076
23.82 0.02447568
23.83 0.02753481
23.84 0.02912675
23.85 0.03560066
23.86 0.04236363
23.87 0.04605471
23.88 0.04697073
23.89 0.04675071
23.9 0.04965068
23.91 0.05257685
23.92 0.05293386
23.93 0.05536877
23.94 0.05821082
23.95 0.05859492
23.96 0.05832099
23.97 0.05774
23.98 0.05611611
23.99 0.05322633
24 0.04841944
24.01 0.04160117
24.02 0.03461728
24.03 0.02708117
24.04 0.01980424
24.05 0.01582808
24.06 0.01242914
24.07 0.007427029
24.08 0.004815054
24.09 0.003404908
24.1 0.002671942
24.11 0.002666838
24.12 0.0001518685
24.13 0.000287735
24.14 0.001796771
24.15 0.002666687
24.16 0.001125759
24.17 0.0005626277
24.18 0.003242693
24.19 0.001791628
24.2 -0.001699296
24.21 -0.003832409
24.22 -0.005302328
24.23 -0.008402429
24.24 -0.01431334
24.25 -0.02012946
24.26 -0.02501343
24.27 -0.02973265
24.28 -0.03323365
24.29 -0.03725484
24.3 -0.0397209
24.31 -0.03948733
24.32 -0.03794339
24.33 -0.03497923
24.34 -0.03246228
24.35 -0.02884435
24.36 -0.02387638
24.37 -0.02141637
24.38 -0.0216844
24.39 -0.01857848
24.4 -0.01703246
24.41 -0.01897946
24.42 -0.02274144
24.43 -0.02724653
24.44 -0.03114756
24.45 -0.03300462
24.46 -0.03767465
24.47 -0.0409499
24.48 -0.04311798
24.49 -0.04347294
24.5 -0.04286404
24.51 -0.04177314
24.52 -0.03950526
24.53 -0.03710327
24.54 -0.03488137
24.55 -0.03353349
24.56 -0.0325976
24.57 -0.03059058
24.58 -0.02869269
24.59 -0.02723676
24.6 -0.02586388
24.61 -0.02344492
24.62 -0.01835904
24.63 -0.0151201
24.64 -0.0130842
24.65 -0.01025713
24.66 -0.007344233
24.67 -0.004761218
24.68 -0.003470295
24.69 -0.002201305
24.7 -0.0004723519
24.71 -0.00265834
24.72 -0.006788431
24.73 -0.005592471
24.74 -0.004132531
24.75 -0.005015542
24.76 -0.007819601
24.77 -0.01032865
24.78 -0.01182075
24.79 -0.01283684
24.8 -0.01529293
24.81 -0.01657598
24.82 -0.0158551
24.83 -0.01491117
24.84 -0.0137543
24.85 -0.01257733
24.86 -0.01090247
24.87 -0.008322518
24.88 -0.007714645
24.89 -0.005731676
24.9 -0.003488799
24.91 -0.002278825
24.92 0.0005520191
24.93 0.003719006
24.94 0.006692871
24.95 0.009800942
24.96 0.01172983
24.97 0.01476674
24.98 0.01959762
24.99 0.02387563
25 0.02638756
25.01 0.02810652
25.02 0.03088844
25.03 0.03365151
25.04 0.03464348
25.05 0.03436541
25.06 0.03157041
25.07 0.02878337
25.08 0.02730836
25.09 0.02377229
25.1 0.01984228
25.11 0.01602424
25.12 0.01298717
25.13 0.01128403
25.14 0.008031004
25.15 0.004384893
25.16 0.002238835
25.17 -0.0008902684
25.18 -0.004973345
25.19 -0.006640507
25.2 -0.007486593
25.21 -0.009100705
25.22 -0.009910799
25.23 -0.01064493
25.24 -0.01003505
25.25 -0.01019114
25.26 -0.01025326
25.27 -0.009353402
25.28 -0.009117501
25.29 -0.008402556
25.3 -0.007428665
25.31 -0.007420743
25.32 -0.008349864
25.33 -0.007410959
25.34 -0.005743104
25.35 -0.004219188
25.36 -0.003590319
25.37 -0.001650421
25.38 0.00283944
25.39 0.005830395
25.4 0.008282291
25.41 0.01058325
25.42 0.01210015
25.43 0.01366914
25.44 0.01469906
25.45 0.01498996
25.46 0.01576687
25.47 0.01577881
25.48 0.01591673
25.49 0.01587066
25.5 0.01617356
25.51 0.01730052
25.52 0.01814645
25.53 0.01953334
25.54 0.01962132
25.55 0.01843627
25.56 0.01662624
25.57 0.01345816
25.58 0.0111711
25.59 0.009175066
25.6 0.006298982
25.61 0.005068766
25.62 0.003259696
25.63 0.0006875446
25.64 -0.0008495181
25.65 -0.002715664
25.66 -0.003745732
25.67 -0.005448877
25.68 -0.007771948
25.69 -0.009970071
25.7 -0.01230814
25.71 -0.0153503
25.72 -0.01757939
25.73 -0.01954953
25.74 -0.02166663
25.75 -0.02354785
25.76 -0.02468497
25.77 -0.02434603
25.78 -0.02451416
25.79 -0.0248613
25.8 -0.02455245
25.81 -0.02407256
25.82 -0.02150373
25.83 -0.01799588
25.84 -0.01538205
25.85 -0.01201511
25.86 -0.006698302
25.87 -0.002051364
25.88 0.00202147
25.89 0.006387424
25.9 0.01077027
25.91 0.0149213
25.92 0.01864819
25.93 0.02144406
25.94 0.02366696
25.95 0.02445192
25.96 0.02431683
25.97 0.02398575
25.98 0.02298166
25.99 0.02112362
26 0.01891153
26.01 0.01724338
26.02 0.01506931
26.03 0.01280821
26.04 0.01087113
26.05 0.008891005
26.06 0.00572092
26.07 0.004148791
26.08 0.002322699
26.09 -0.0002844452
26.1 -0.002942539
26.11 -0.005397708
26.12 -0.006695831
26.13 -0.007127975
26.14 -0.007209101
26.15 -0.007881253
26.16 -0.007316408
26.17 -0.005543536
26.18 -0.003108693
26.19 0.0005551809
26.2 0.00394807
26.21 0.006296984
26.22 0.008182893
26.23 0.009719867
26.24 0.009620822
26.25 0.006053665
26.26 0.002074588
26.27 0.0003784521
26.28 -0.003514611
26.29 -0.008006762
26.3 -0.01244983
26.31 -0.01735405
26.32 -0.02114316
26.33 -0.02359028
26.34 -0.02719842
26.35 -0.03013863
26.36 -0.03035482
26.37 -0.02977497
26.38 -0.02817516
26.39 -0.02557739
26.4 -0.02220757
26.41 -0.01798163
26.42 -0.01305581
26.43 -0.007949899
26.44 -0.004829056
26.45 -0.001761149
26.46 0.002033698
26.47 0.005076645
26.48 0.006279532
26.49 0.006412441
26.5 0.006203328
26.51 0.004866259
26.52 0.002138153
26.53 -0.001484972
26.54 -0.005080105
26.55 -0.007778293
26.56 -0.009527477
26.57 -0.01030359
26.58 -0.01029679
26.59 -0.007438939
26.6 -0.003738153
26.61 0.001100739
26.62 0.005974545
26.63 0.009830494
26.64 0.01336731
26.65 0.01737122
26.66 0.02105004
26.67 0.023803
26.68 0.02725187
26.69 0.02942581
26.7 0.02960071
26.71 0.02793372
26.72 0.02642058
26.73 0.02600839
26.74 0.02687424
26.75 0.02818614
26.76 0.02900203
26.77 0.0301839
26.78 0.03096679
26.79 0.03067076
26.8 0.02985366
26.81 0.03007747
26.82 0.02945339
26.83 0.02902829
26.84 0.02865021
26.85 0.0274761
26.86 0.02704802
26.87 0.02635606
26.88 0.025558
26.89 0.02336465
26.9 0.02092861
26.91 0.01864141
26.92 0.01533037
26.93 0.01104115
26.94 0.007463095
26.95 0.004490894
26.96 0.002152828
26.97 -0.0007283815
26.98 -0.00418044
26.99 -0.007406658
27 -0.01023774
27.01 -0.01278895
27.02 -0.01503204
27.03 -0.01709232
27.04 -0.01769143
27.05 -0.01882657
27.06 -0.02042269
27.07 -0.02190191
27.08 -0.02295704
27.09 -0.02244522
27.1 -0.02119736
27.11 -0.02128658
27.12 -0.02082774
27.13 -0.01805088
27.14 -0.01456502
27.15 -0.01289417
27.16 -0.01253629
27.17 -0.01136645
27.18 -0.01073656
27.19 -0.01052075
27.2 -0.01110987
27.21 -0.01142497
27.22 -0.01181307
27.23 -0.01391322
27.24 -0.01573535
27.25 -0.01669049
27.26 -0.01856262
27.27 -0.02031982
27.28 -0.02132396
27.29 -0.02218909
27.3 -0.02278423
27.31 -0.02380241
27.32 -0.02515257
27.33 -0.02647673
27.34 -0.02686991
27.35 -0.02696016
27.36 -0.02717436
27.37 -0.02698142
27.38 -0.02570564
27.39 -0.02383479
27.4 -0.02098404
27.41 -0.01730014
27.42 -0.01199537
27.43 -0.005698475
27.44 -0.001189627
27.45 0.001318309
27.46 0.002769176
27.47 0.003758105
27.48 0.003225988
27.49 0.002677891
27.5 0.001306782
27.51 -0.001614337
27.52 -0.005198474
27.53 -0.008778592
27.54 -0.01282674
27.55 -0.01541492
27.56 -0.01705708
27.57 -0.01869123
27.58 -0.01899442
27.59 -0.01864561
27.6 -0.0186608
27.61 -0.01846189
27.62 -0.0179091
27.63 -0.01700527
27.64 -0.01534647
27.65 -0.01400658
27.66 -0.01234481
27.67 -0.01007394
27.68 -0.008293135
27.69 -0.006968212
27.7 -0.005352407
27.71 -0.004273508
27.72 -0.003456711
27.73 -0.00237881
27.74 -0.001988014
27.75 -0.0009101221
27.76 0.000361682
27.77 0.0004265785
27.78 0.00112036
27.79 0.002602255
27.8 0.003031047
27.81 0.00449693
27.82 0.006669713
27.83 0.008928655
27.84 0.01242745
27.85 0.01625433
27.86 0.01781315
27.87 0.01952506
27.88 0.02123287
27.89 0.02341876
27.9 0.02578859
27.91 0.02755156
27.92 0.02866941
27.93 0.02969826
27.94 0.0300891
27.95 0.03067204
27.96 0.03126388
27.97 0.03150477
27.98 0.03218062
27.99 0.03328862
28 0.0341195
28.01 0.03350728
28.02 0.03322114
28.03 0.03414004
28.04 0.03527893
28.05 0.03446279
28.06 0.03253668
28.07 0.03138962
28.08 0.03056148
28.09 0.03023628
28.1 0.02945117
28.11 0.02838808
28.12 0.02766395
28.13 0.02707282
28.14 0.02613971
28.15 0.02540277
28.16 0.02454666
28.17 0.02411327
28.18 0.02313218
28.19 0.02147097
28.2 0.02010988
28.21 0.01920366
28.22 0.01820256
28.23 0.0174514
28.24 0.0164633
28.25 0.01502907
28.26 0.01479798
28.27 0.0144048
28.28 0.01306173
28.29 0.01167253
28.3 0.009827453
28.31 0.008067274
28.32 0.006354198
28.33 0.003502986
28.34 0.0001199031
28.35 -0.002949317
28.36 -0.005492403
28.37 -0.008176625
28.38 -0.01001973
28.39 -0.01132998
28.4 -0.01288008
28.41 -0.01435828
28.42 -0.01531339
28.43 -0.01555063
28.44 -0.01603174
28.45 -0.01751094
28.46 -0.01859605
28.47 -0.01993535
28.48 -0.02176747
28.49 -0.02362258
28.5 -0.02501673
28.51 -0.02527594
28.52 -0.02547408
28.53 -0.02615826
28.54 -0.02515344
28.55 -0.02293267
28.56 -0.02080885
28.57 -0.01811298
28.58 -0.01438017
28.59 -0.01046332
28.6 -0.006956463
28.61 -0.003735593
28.62 -0.0004407029
28.63 0.001338193
28.64 0.0009031068
28.65 0.0001859689
28.66 -0.0004091074
28.67 -0.00239225
28.68 -0.005166334
28.69 -0.008818488
28.7 -0.01275059
28.71 -0.01573682
28.72 -0.01916593
28.73 -0.02308809
28.74 -0.02453725
28.75 -0.02614149
28.76 -0.02706963
28.77 -0.02818984
28.78 -0.02947299
28.79 -0.02991935
28.8 -0.02955253
28.81 -0.02878652
28.82 -0.02884868
28.83 -0.02896885
28.84 -0.028303
28.85 -0.02820012
28.86 -0.02887628
28.87 -0.02984749
28.88 -0.0297657
28.89 -0.02921777
28.9 -0.02951197
28.91 -0.02924814
28.92 -0.02882734
28.93 -0.02902347
28.94 -0.0278827
28.95 -0.02530692
28.96 -0.02208114
28.97 -0.01933716
28.98 -0.01659438
28.99 -0.01335747
29 -0.01099167
29.01 -0.009332745
29.02 -0.008186923
29.03 -0.006781032
29.04 -0.006281198
29.05 -0.00658129
29.06 -0.006792473
29.07 -0.006646591
29.08 -0.006574781
29.09 -0.006135892
29.1 -0.005778084
29.11 -0.005086221
29.12 -0.004249407
29.13 -0.003467493
29.14 -0.003064695
29.15 -0.002027795
29.16 -0.001134979
29.17 -0.0006340834
29.18 -0.0004662749
29.19 0.0003826078
29.2 0.002112415
29.21 0.003502321
29.22 0.004224123
29.23 0.005514019
29.24 0.007077841
29.25 0.008443744
29.26 0.009609576
29.27 0.009824525
29.28 0.00986234
29.29 0.0107602
29.3 0.01204603
29.31 0.01248494
29.32 0.01278277
29.33 0.01345767
29.34 0.0133925
29.35 0.01296742
29.36 0.01205927
29.37 0.01138813
29.38 0.01085097
29.39 0.01091386
29.4 0.01098767
29.41 0.01091856
29.42 0.01152438
29.43 0.01272136
29.44 0.01387919
29.45 0.01486799
29.46 0.01553882
29.47 0.01624671
29.48 0.01706855
29.49 0.01727442
29.5 0.01651726
29.51 0.01615316
29.52 0.01638599
29.53 0.01602083
29.54 0.01611864
29.55 0.01706252
29.56 0.01879633
29.57 0.0215212
29.58 0.02405503
29.59 0.02653301
29.6 0.02952285
29.61 0.03258165
29.62 0.03518249
29.63 0.03741142
29.64 0.04039628
29.65 0.04377215
29.66 0.04623606
29.67 0.04671208
29.68 0.04714798
29.69 0.04826978
29.7 0.04924773
29.71 0.0482187
29.72 0.04571666
29.73 0.04305053
29.74 0.03964252
29.75 0.03414554
29.76 0.02795247
29.77 0.02244813
29.78 0.01808307
29.79 0.01405385
29.8 0.01045778
29.81 0.006494538
29.82 0.003076422
29.83 0.002549202
29.84 0.001823117
29.85 -0.0003480942
29.86 -0.001349204
29.87 -0.001813409
29.88 -0.002313508
29.89 -0.003199694
29.9 -0.004676795
29.91 -0.006448027
29.92 -0.006407165
29.93 -0.006383328
29.94 -0.006579461
29.95 -0.00669866
29.96 -0.006189806
29.97 -0.003448987
29.98 -0.002273096
29.99 -0.00153926
30 0.000222602
30.01 0.003346452
30.02 0.005615355
30.03 0.007236228
30.04 0.008503153
30.05 0.009830033
30.06 0.009833009
30.07 0.007230927
30.08 0.004125869
30.09 0.0003446745
30.1 -0.002551397
30.11 -0.005980585
30.12 -0.01004267
30.13 -0.01347786
30.14 -0.01587597
30.15 -0.01671123
30.16 -0.01786333
30.17 -0.01984749
30.18 -0.02129861
30.19 -0.02157385
30.2 -0.020998
30.21 -0.02005818
30.22 -0.01877331
30.23 -0.01754754
30.24 -0.01646168
30.25 -0.01432376
30.26 -0.01354087
30.27 -0.01421703
30.28 -0.01429115
30.29 -0.01423728
30.3 -0.0147524
30.31 -0.0152056
30.32 -0.01591373
30.33 -0.01674684
30.34 -0.01654099
30.35 -0.01593917
30.36 -0.01543331
30.37 -0.01465647
30.38 -0.01277262
30.39 -0.01083479
30.4 -0.008751913
30.41 -0.006617981
30.42 -0.006112078
30.43 -0.005704193
30.44 -0.004927299
30.45 -0.004869398
30.46 -0.005353481
30.47 -0.006739599
30.48 -0.008419707
30.49 -0.009877818
30.5 -0.0117289
30.51 -0.01435105
30.52 -0.01725317
30.53 -0.01941133
30.54 -0.02089246
30.55 -0.0225727
30.56 -0.02436485
30.57 -0.02544396
30.58 -0.02536613
30.59 -0.0251293
30.6 -0.02544446
30.61 -0.02512658
30.62 -0.02506875
30.63 -0.02389396
30.64 -0.02185612
30.65 -0.0211582
30.66 -0.02057638
30.67 -0.01891553
30.68 -0.01776266
30.69 -0.0175428
30.7 -0.01709096
30.71 -0.01619322
30.72 -0.01509836
30.73 -0.01457628
30.74 -0.01391143
30.75 -0.0128105
30.76 -0.01197765
30.77 -0.0116377
30.78 -0.01131486
30.79 -0.01072298
30.8 -0.01038113
30.81 -0.01090719
30.82 -0.01083436
30.83 -0.009732467
30.84 -0.008427639
30.85 -0.006944719
30.86 -0.006049881
30.87 -0.00506999
30.88 -0.002492156
30.89 -0.00091923
30.9 0.001479617
30.91 0.002506549
30.92 0.003871381
30.93 0.006365302
30.94 0.007992161
30.95 0.008478107
30.96 0.009295969
30.97 0.01053787
30.98 0.01158575
30.99 0.01174771
31 0.01154156
31.01 0.01112849
31.02 0.01087735
31.03 0.01058933
31.04 0.01047019
31.05 0.01010408
31.06 0.009134938
31.07 0.008588844
31.08 0.008896714
31.09 0.009671607
31.1 0.01049447
31.11 0.01070342
31.12 0.01088629
31.13 0.01159617
31.14 0.01183604
31.15 0.01184895
31.16 0.01202783
31.17 0.01201474
31.18 0.01131862
31.19 0.01032458
31.2 0.008059446
31.21 0.007627307
31.22 0.007218205
31.23 0.005506101
31.24 0.00425695
31.25 0.004170848
31.26 0.004949655
31.27 0.006461554
31.28 0.007847427
31.29 0.009571268
31.3 0.01164011
31.31 0.01302501
31.32 0.01411686
31.33 0.01603179
31.34 0.01763869
31.35 0.01846674
31.36 0.01888766
31.37 0.01921945
31.38 0.01994034
31.39 0.02060023
31.4 0.02050715
31.41 0.02051603
31.42 0.02117895
31.43 0.02081289
31.44 0.01949181
31.45 0.01872564
31.46 0.01820957
31.47 0.01697847
31.48 0.01462942
31.49 0.01107427
31.5 0.009523184
31.51 0.007473069
31.52 0.005652978
31.53 0.003869826
31.54 0.001680733
31.55 -1.641079e-05
31.56 -0.0004345181
31.57 -0.0005976595
31.58 -0.0006637767
31.59 -7.291023e-05
31.6 0.001485977
31.61 0.003339865
31.62 0.004292769
31.63 0.004265666
31.64 0.004619562
31.65 0.005489453
31.66 0.006449376
31.67 0.006173308
31.68 0.00483522
31.69 0.00520308
31.7 0.006254995
31.71 0.006289905
31.72 0.005938819
31.73 0.005499704
31.74 0.006624624
31.75 0.006883544
31.76 0.005381484
31.77 0.004741361
31.78 0.004641307
31.79 0.004233192
31.8 0.003960116
31.81 0.002408024
31.82 0.0004749421
31.83 -0.0001321768
31.84 -0.0008982477
31.85 -0.002105367
31.86 -0.003573446
31.87 -0.00494058
31.88 -0.005669687
31.89 -0.006348803
31.9 -0.008085892
31.91 -0.00993205
31.92 -0.01060017
31.93 -0.01081027
31.94 -0.0111714
31.95 -0.01078354
31.96 -0.009623691
31.97 -0.007069809
31.98 -0.004610914
31.99 -0.002852006
32 -0.0003631031
32.01 0.002082828
32.02 0.00395472
32.03 0.005191646
32.04 0.005875557
32.05 0.006552461
32.06 0.007148382
32.07 0.006952316
32.08 0.006218241
32.09 0.005862134
32.1 0.005626071
32.11 0.004927982
32.12 0.004313908
32.13 0.004151805
32.14 0.004391745
32.15 0.003969673
32.16 0.002455623
32.17 0.0009555045
32.18 -0.0002775312
32.19 -0.002069646
32.2 -0.004160697
32.21 -0.006054815
32.22 -0.007638863
32.23 -0.009461004
32.24 -0.01209506
32.25 -0.01429819
32.26 -0.01448627
32.27 -0.01508542
32.28 -0.0162625
32.29 -0.01689163
32.3 -0.01728971
32.31 -0.01828691
32.32 -0.019473
32.33 -0.02031403
32.34 -0.02064013
32.35 -0.02076425
32.36 -0.02053736
32.37 -0.01994845
32.38 -0.01926755
32.39 -0.01899569
32.4 -0.01879979
32.41 -0.01774885
32.42 -0.01631496
32.43 -0.01509706
32.44 -0.01427715
32.45 -0.01390022
32.46 -0.01371532
32.47 -0.01345744
32.48 -0.01367753
32.49 -0.01398856
32.5 -0.01392067
32.51 -0.01406875
32.52 -0.01452385
32.53 -0.01490492
32.54 -0.01496904
32.55 -0.01497516
32.56 -0.01465628
32.57 -0.01477233
32.58 -0.01474346
32.59 -0.01413755
32.6 -0.01377968
32.61 -0.01284675
32.62 -0.01214089
32.63 -0.01104601
32.64 -0.008556167
32.65 -0.005908151
32.66 -0.003289316
32.67 -0.0004823428
32.68 0.001901506
32.69 0.004690474
32.7 0.008085322
32.71 0.01132633
32.72 0.01299119
32.73 0.01565714
32.74 0.018533
32.75 0.02235301
32.76 0.0259189
32.77 0.02830289
32.78 0.0305668
32.79 0.03249391
32.8 0.03401285
32.81 0.03494373
32.82 0.03445269
32.83 0.03405768
32.84 0.03309665
32.85 0.03050258
32.86 0.02727555
32.87 0.02393953
32.88 0.02090949
32.89 0.01841933
32.9 0.01640927
32.91 0.01503318
32.92 0.0138611
32.93 0.01354601
32.94 0.01364993
32.95 0.01442989
32.96 0.01558984
32.97 0.0165457
32.98 0.01745064
32.99 0.01776158
33 0.01827053
33.01 0.01893045
33.02 0.01902743
33.03 0.0182534
33.04 0.01682239
33.05 0.01570826
33.06 0.01340627
33.07 0.01052619
33.08 0.00817616
33.09 0.006004046
33.1 0.00390403
33.11 0.001918926
33.12 6.289405e-05
33.13 -0.001425225
33.14 -0.003521252
33.15 -0.005248382
33.16 -0.006817414
33.17 -0.008564534
33.18 -0.01057256
33.19 -0.01251571
33.2 -0.01429877
33.21 -0.01602486
33.22 -0.01770194
33.23 -0.01840912
33.24 -0.01915518
33.25 -0.01950832
33.26 -0.01949741
33.27 -0.01928066
33.28 -0.01835376
33.29 -0.01681071
33.3 -0.01462479
33.31 -0.01210185
33.32 -0.00897494
33.33 -0.007341977
33.34 -0.004409069
33.35 -0.001936107
33.36 -0.0001201864
33.37 0.001449779
33.38 0.002434721
33.39 0.002810685
33.4 0.002611636
33.41 0.001574578
33.42 4.652178e-05
33.43 -0.00168454
33.44 -0.003548609
33.45 -0.005470673
33.46 -0.006390765
33.47 -0.006210852
33.48 -0.005946934
33.49 -0.005477003
33.5 -0.004637098
33.51 -0.003525174
33.52 -0.001751252
33.53 -0.0002113051
33.54 0.001264611
33.55 0.003034554
33.56 0.004460481
33.57 0.004930454
33.58 0.005345386
33.59 0.005658362
33.6 0.005609302
33.61 0.006000234
33.62 0.006165174
33.63 0.006130127
33.64 0.006315062
33.65 0.006853998
33.66 0.007504935
33.67 0.0076709
33.68 0.007954844
33.69 0.008255784
33.7 0.008636724
33.71 0.009891677
33.72 0.01024164
33.73 0.01013758
33.74 0.01057254
33.75 0.01075852
33.76 0.01074148
33.77 0.01069639
33.78 0.01027736
33.79 0.009860313
33.8 0.009114293
33.81 0.007548221
33.82 0.006105206
33.83 0.004236146
33.84 0.002305113
33.85 0.0006920249
33.86 -0.0003480195
33.87 -0.001130101
33.88 -0.001979135
33.89 -0.002616213
33.9 -0.003248252
33.91 -0.003558344
33.92 -0.004027383
33.93 -0.004135437
33.94 -0.003656476
33.95 -0.003599545
33.96 -0.003726578
33.97 -0.004008636
33.98 -0.004670666
33.99 -0.005143738
34 -0.006062759
34.01 -0.007941818
34.02 -0.009365841
34.03 -0.01076993
34.04 -0.01261795
34.05 -0.01452204
34.06 -0.01631207
34.07 -0.01796522
34.08 -0.01903027
34.09 -0.01987529
34.1 -0.02081335
34.11 -0.02150544
34.12 -0.02130553
34.13 -0.02066657
34.14 -0.02081064
34.15 -0.02147374
34.16 -0.02088484
34.17 -0.01948486
34.18 -0.01858595
34.19 -0.01801801
34.2 -0.0177401
34.21 -0.01728315
34.22 -0.01664223
34.23 -0.01663735
34.24 -0.01655844
34.25 -0.0157864
34.26 -0.01441851
34.27 -0.01256955
34.28 -0.01045966
34.29 -0.007744669
34.3 -0.005274762
34.31 -0.003179776
34.32 -0.001071854
34.33 0.001143147
34.34 0.003078071
34.35 0.004869075
34.36 0.006342021
34.37 0.007042016
34.38 0.007755971
34.39 0.008236001
34.4 0.008536953
34.41 0.008429913
34.42 0.008114874
34.43 0.00788886
34.44 0.007623814
34.45 0.007132782
34.46 0.006780729
34.47 0.006817707
34.48 0.006826661
34.49 0.006611619
34.5 0.006545575
34.51 0.006412542
34.52 0.006028502
34.53 0.00587746
34.54 0.00593242
34.55 0.00594543
34.56 0.005898397
34.57 0.006092318
34.58 0.006366288
34.59 0.005940246
34.6 0.00567623
34.61 0.004709188
34.62 0.003701162
34.63 0.002579126
34.64 0.0008970888
34.65 -0.000100968
34.66 -0.0009719917
34.67 -0.001800059
34.68 -0.0019941
34.69 -0.002029154
34.7 -0.001925183
34.71 -0.001587241
34.72 -0.001148277
34.73 -0.001208309
34.74 -0.001881337
34.75 -0.002005395
34.76 -0.001942419
34.77 -0.00250346
34.78 -0.003229489
34.79 -0.00431254
34.8 -0.005622574
34.81 -0.006755616
34.82 -0.008136651
34.83 -0.009264721
34.84 -0.009988773
34.85 -0.01025783
34.86 -0.01051189
34.87 -0.01047299
34.88 -0.01021504
34.89 -0.009906034
34.9 -0.009411095
34.91 -0.008769133
34.92 -0.007973195
34.93 -0.007127214
34.94 -0.006423271
34.95 -0.00535931
34.96 -0.004473356
34.97 -0.003623368
34.98 -0.002606419
34.99 -0.001802429
35 -0.001440464
35.01 -0.001630478
35.02 -0.002241512
35.03 -0.002906553
35.04 -0.003404601
35.05 -0.00386061
35.06 -0.00458066
35.07 -0.004737704
35.08 -0.004626758
35.09 -0.004726778
35.1 -0.005354825
35.11 -0.00594187
35.12 -0.00560795
35.13 -0.005018965
35.14 -0.005093013
35.15 -0.005205051
35.16 -0.004801114
35.17 -0.003649142
35.18 -0.0025182
35.19 -0.001348222
35.2 -0.0001352635
35.21 0.0006827413
35.22 0.001334701
35.23 0.001212701
35.24 0.0006096635
35.25 0.0003206531
35.26 -0.0001753909
35.27 -0.0004394139
35.28 -0.0008164579
35.29 -0.001677475
35.3 -0.00229853
35.31 -0.00285356
35.32 -0.003379611
35.33 -0.003609638
35.34 -0.004082702
35.35 -0.004198739
35.36 -0.004377808
35.37 -0.004210818
35.38 -0.003420902
35.39 -0.003008925
35.4 -0.001989017
35.41 3.69733e-05
35.42 0.001608892
35.43 0.003330888
35.44 0.005386825
35.45 0.007311827
35.46 0.008130766
35.47 0.01002577
35.48 0.01165174
35.49 0.01242974
35.5 0.01365469
35.51 0.01459078
35.52 0.01579274
35.53 0.01731968
35.54 0.01827664
35.55 0.01930367
35.56 0.02026764
35.57 0.02079463
35.58 0.02119961
35.59 0.02196866
35.6 0.02253968
35.61 0.02265562
35.62 0.02243265
35.63 0.02144267
35.64 0.0197647
35.65 0.01729969
35.66 0.01452471
35.67 0.01193171
35.68 0.009217702
35.69 0.006883612
35.7 0.004614596
35.71 0.002484524
35.72 0.001035475
35.73 0.000614413
35.74 0.0005563672
35.75 0.0008643049
35.76 0.001896251
35.77 0.002555207
35.78 0.004109147
35.79 0.005860131
35.8 0.007473096
35.81 0.0093231
35.82 0.01135609
35.83 0.01216422
35.84 0.01249923
35.85 0.01282109
35.86 0.0129161
35.87 0.01264106
35.88 0.01187207
35.89 0.01076302
35.9 0.009474026
35.91 0.008124003
35.92 0.006254007
35.93 0.004050947
35.94 0.002432942
35.95 0.0007238917
35.96 -0.0004271227
35.97 -0.001468177
35.98 -0.002622197
35.99 -0.003399262
36 -0.003539294
36.01 -0.003306334
36.02 -0.002861358
36.03 -0.002112394
36.04 -0.00133542
36.05 -0.0004144553
36.06 0.0005545264
36.07 0.001236506
36.08 0.001529486
36.09 0.002054458
36.1 0.002284445
36.11 0.002125416
36.12 0.002072413
36.13 0.001676378
36.14 0.001137365
36.15 0.0006933355
36.16 0.001079313
36.17 0.001583273
36.18 0.002024253
36.19 0.00287022
36.2 0.00393621
36.21 0.00457818
36.22 0.00491016
36.23 0.005987143
36.24 0.007069144
36.25 0.007091111
36.26 0.006953101
36.27 0.00726108
36.28 0.007533076
36.29 0.007842045
36.3 0.008387035
36.31 0.009496053
36.32 0.009918065
36.33 0.009646009
36.34 0.010197
36.35 0.01169599
36.36 0.01185803
36.37 0.010333
36.38 0.009731016
36.39 0.009351007
36.4 0.008713048
36.41 0.006345002
36.42 0.003613026
36.43 0.00210597
36.44 0.0008869812
36.45 -0.001466064
36.46 -0.003742063
36.47 -0.004257157
36.48 -0.004936146
36.49 -0.006357181
36.5 -0.007203186
36.51 -0.007708244
36.52 -0.008106243
36.53 -0.00812628
36.54 -0.008581277
36.55 -0.009614337
36.56 -0.009885356
36.57 -0.01005737
36.58 -0.01009838
36.59 -0.01020842
36.6 -0.01063143
36.61 -0.01121046
36.62 -0.01199246
36.63 -0.01168356
36.64 -0.01101058
36.65 -0.01066356
36.66 -0.01073557
36.67 -0.01078362
36.68 -0.01035563
36.69 -0.009809658
36.7 -0.009478662
36.71 -0.009639708
36.72 -0.009729721
36.73 -0.00962573
36.74 -0.009820729
36.75 -0.01027278
36.76 -0.01046478
36.77 -0.01088881
36.78 -0.01106481
36.79 -0.0112459
36.8 -0.0118779
36.81 -0.01214487
36.82 -0.01233588
36.83 -0.0132199
36.84 -0.01363292
36.85 -0.01385092
36.86 -0.01463994
36.87 -0.01592
36.88 -0.01662002
36.89 -0.017187
36.9 -0.01813405
36.91 -0.01913009
36.92 -0.01939015
36.93 -0.01900317
36.94 -0.01841121
36.95 -0.01792029
36.96 -0.01734035
36.97 -0.01600731
36.98 -0.01469536
36.99 -0.01355437
37 -0.01186843
37.01 -0.01088241
37.02 -0.009936446
37.03 -0.009042462
37.04 -0.009082486
37.05 -0.009270473
37.06 -0.009138518
37.07 -0.008608533
37.08 -0.007709577
37.09 -0.007249565
37.1 -0.0073446
37.11 -0.007821643
37.12 -0.0073037
37.13 -0.005932648
37.14 -0.004325696
37.15 -0.003073659
37.16 -0.003087701
37.17 -0.003274691
37.18 -0.001718751
37.19 -1.372437e-05
37.2 0.0004892379
37.21 0.0009842532
37.22 0.001978208
37.23 0.002889233
37.24 0.004156195
37.25 0.003672219
37.26 0.00330915
37.27 0.006658187
37.28 0.008063184
37.29 0.006774183
37.3 0.005943139
37.31 0.007917133
37.32 0.009871115
37.33 0.008839129
37.34 0.008550086
37.35 0.009465104
37.36 0.01116407
37.37 0.01203508
37.38 0.01102006
37.39 0.01157006
37.4 0.01456203
37.41 0.01542906
37.42 0.01472605
37.43 0.01585813
37.44 0.01714114
37.45 0.01732407
37.46 0.01660809
37.47 0.01563009
37.48 0.01627709
37.49 0.01678908
37.5 0.01508711
37.51 0.01320313
37.52 0.01323013
37.53 0.0123921
37.54 0.01110711
37.55 0.01009511
37.56 0.008954119
37.57 0.007496097
37.58 0.005747113
37.59 0.004030092
37.6 0.002639086
37.61 0.001306048
37.62 -0.0001249542
37.63 -0.001405998
37.64 -0.002845013
37.65 -0.003465062
37.66 -0.00363208
37.67 -0.003540128
37.68 -0.003605152
37.69 -0.003096196
37.7 -0.002148221
37.71 -0.00108524
37.72 0.0003457461
37.73 0.001380746
37.74 0.002122743
37.75 0.003169766
37.76 0.002928787
37.77 0.002466759
37.78 0.002431763
37.79 0.001967747
37.8 0.001140763
37.81 -0.0001662596
37.82 -0.001234267
37.83 -0.001943291
37.84 -0.002393291
37.85 -0.003414317
37.86 -0.004515339
37.87 -0.004357381
37.88 -0.003604397
37.89 -0.003242405
37.9 -0.003639427
37.91 -0.00302646
37.92 -0.001778465
37.93 -0.001372464
37.94 -0.001327474
37.95 -0.001433488
37.96 -0.00178051
37.97 -0.00117753
37.98 -0.0005335457
37.99 -0.0008995598
38 -0.0002655909
38.01 0.0003054008
38.02 0.0005693733
38.03 0.00084036
38.04 0.001180324
38.05 0.002936307
38.06 0.00466531
38.07 0.004534335
38.08 0.004729321
38.09 0.0057953
38.1 0.006501305
38.11 0.006250313
38.12 0.006163311
38.13 0.006350315
38.14 0.006594326
38.15 0.006229331
38.16 0.00570434
38.17 0.005294325
38.18 0.004718343
38.19 0.004002325
38.2 0.002500344
38.21 0.001466317
38.22 0.00101433
38.23 5.305933e-06
38.24 -0.0009836916
38.25 -0.001988716
38.26 -0.002382725
38.27 -0.002920761
38.28 -0.003379777
38.29 -0.003829807
38.3 -0.00443382
38.31 -0.004633876
38.32 -0.004798899
38.33 -0.004377934
38.34 -0.003513957
38.35 -0.002418983
38.36 -0.001533987
38.37 -0.001437005
38.38 -0.0006710089
38.39 0.0001449936
38.4 0.0001500179
38.41 -0.0007009894
38.42 -0.001619989
38.43 -0.001743004
38.44 -0.002533988
38.45 -0.003754
38.46 -0.004561999
38.47 -0.005290038
38.48 -0.00588904
38.49 -0.005977053
38.5 -0.006087056
38.51 -0.006565083
38.52 -0.006334088
38.53 -0.006318093
38.54 -0.006607095
38.55 -0.00721214
38.56 -0.007816144
38.57 -0.008598139
38.58 -0.008915143
38.59 -0.01025616
38.6 -0.01179917
38.61 -0.0128612
38.62 -0.01355921
38.63 -0.01449527
38.64 -0.01538231
38.65 -0.01589431
38.66 -0.01608635
38.67 -0.01623739
38.68 -0.01608943
38.69 -0.01573944
38.7 -0.01604848
38.71 -0.01545657
38.72 -0.01457961
38.73 -0.01350355
38.74 -0.01199559
38.75 -0.01161958
38.76 -0.01062065
38.77 -0.00874063
38.78 -0.007977675
38.79 -0.007017673
38.8 -0.006084723
38.81 -0.004629703
38.82 -0.002751749
38.83 -0.001930727
38.84 -0.0009657772
38.85 0.0004982503
38.86 0.001164209
38.87 0.002331234
38.88 0.003285208
38.89 0.00371022
38.9 0.004467179
38.91 0.005877203
38.92 0.006238182
38.93 0.006127198
38.94 0.006500166
38.95 0.007080198
38.96 0.007448177
38.97 0.007423183
38.98 0.007468151
38.99 0.007693167
39 0.007752128
39.01 0.008307144
39.02 0.009136115
39.03 0.01002019
39.04 0.01104016
39.05 0.01192213
39.06 0.0125191
39.07 0.01263911
39.08 0.01338607
39.09 0.01501608
39.1 0.01548208
39.11 0.01494412
39.12 0.0148021
39.13 0.01540307
39.14 0.01567708
39.15 0.01501108
39.16 0.01534308
39.17 0.01574508
39.18 0.0152511
39.19 0.01357315
39.2 0.01231613
39.21 0.01281508
39.22 0.01290109
39.23 0.01123009
39.24 0.01049608
39.25 0.01097405
39.26 0.01133605
39.27 0.01012507
39.28 0.009399054
39.29 0.01021301
39.3 0.01091102
39.31 0.01011304
39.32 0.008465048
39.33 0.008041008
39.34 0.008007027
39.35 0.00661605
39.36 0.004795058
39.37 0.004782983
39.38 0.004446997
39.39 0.003577956
39.4 0.003128959
39.41 0.00294792
39.42 0.003398923
39.43 0.003598906
39.44 0.003389919
39.45 0.003340894
39.46 0.003100918
39.47 0.002726901
39.48 0.00199292
39.49 0.0009798925
39.5 -0.0002680905
39.51 -0.0003461298
39.52 -0.0012481
39.53 -0.003181132
39.54 -0.004794131
39.55 -0.00554619
39.56 -0.006145179
39.57 -0.007669218
39.58 -0.008885231
39.59 -0.008921309
39.6 -0.009543314
39.61 -0.01035734
39.62 -0.01138435
39.63 -0.01203442
39.64 -0.01255245
39.65 -0.0128605
39.66 -0.01277653
39.67 -0.01306964
39.68 -0.01296669
39.69 -0.01199363
39.7 -0.01083165
39.71 -0.01104165
39.72 -0.0110587
39.73 -0.009101712
39.74 -0.00712274
39.75 -0.006060756
39.76 -0.005552789
39.77 -0.004829798
39.78 -0.001898832
39.79 0.0001381913
39.8 2.8178e-05
39.81 0.0003731832
39.82 0.001496169
39.83 0.001977186
39.84 0.001448178
39.85 0.0009701626
39.86 0.00230413
39.87 0.004011139
39.88 0.004004144
39.89 0.003564145
39.9 0.003629135
39.91 0.003846147
39.92 0.003261166
39.93 0.001410159
39.94 -0.0007788259
39.95 -0.00303285
39.96 -0.005983853
39.97 -0.009356904
39.98 -0.01023996
39.99 -0.01005505
40 -0.01068509
40.01 -0.01079707
40.02 -0.01015512
40.03 -0.009443148
40.04 -0.009269198
40.05 -0.008014221
40.06 -0.00578528
40.07 -0.003844278
40.08 -0.00289431
40.09 -0.001571297
40.1 -0.0006493385
40.11 0.001094653
40.12 0.003417621
40.13 0.005118649
40.14 0.005608631
40.15 0.006735664
40.16 0.007927665
40.17 0.007703665
40.18 0.00660566
40.19 0.006491649
40.2 0.006973636
40.21 0.007120632
40.22 0.006656643
40.23 0.005461657
40.24 0.004696634
40.25 0.004666624
40.26 0.003845626
40.27 0.002640603
40.28 0.002365582
40.29 0.002808562
40.3 0.003112568
40.31 0.002487582
40.32 0.00122157
40.33 0.000508536
40.34 -0.0002844735
40.35 -0.001645494
40.36 -0.002812531
40.37 -0.002642579
40.38 -0.001740616
40.39 -0.001030634
40.4 0.0004293276
40.41 0.001467317
40.42 0.002332286
40.43 0.003452285
40.44 0.004309276
40.45 0.003918281
40.46 0.003664259
40.47 0.004365267
40.48 0.004060267
40.49 0.002511249
40.5 0.002158217
40.51 0.002706203
40.52 0.002445203
40.53 0.001481187
40.54 0.0002021833
40.55 -0.0004018534
40.56 -0.001000862
40.57 -0.002698881
40.58 -0.004510912
40.59 -0.005306968
40.6 -0.005035016
40.61 -0.00510005
40.62 -0.005396098
40.63 -0.003963169
40.64 -0.001982205
40.65 -0.0003251919
40.66 0.0007627708
40.67 0.001918767
40.68 0.003388746
40.69 0.003750742
40.7 0.004582716
40.71 0.005351726
40.72 0.005966707
40.73 0.006611692
40.74 0.007283663
40.75 0.008140676
40.76 0.008633667
40.77 0.008647655
40.78 0.009598638
40.79 0.01055569
40.8 0.0101357
40.81 0.009587644
40.82 0.009663642
40.83 0.009699629
40.84 0.009716648
40.85 0.009018636
40.86 0.008310643
40.87 0.007904655
40.88 0.006992679
40.89 0.005778627
40.9 0.004707647
40.91 0.003475612
40.92 0.002849621
40.93 0.001467585
40.94 -0.000626403
40.95 -0.002281482
40.96 -0.002949505
40.97 -0.002868543
40.98 -0.002550555
40.99 -0.002610593
41 -0.002663602
41.01 -0.002160635
41.02 -0.001632644
41.03 -0.002555674
41.04 -0.003210682
41.05 -0.00373671
41.06 -0.004615717
41.07 -0.00545776
41.08 -0.006211772
41.09 -0.006260803
41.1 -0.00611582
41.11 -0.005766875
41.12 -0.005387885
41.13 -0.004992898
41.14 -0.004817912
41.15 -0.005089941
41.16 -0.005550954
41.17 -0.005556983
41.18 -0.005501994
41.19 -0.00582803
41.2 -0.006108052
41.21 -0.005989068
41.22 -0.004918096
41.23 -0.004205124
41.24 -0.004264146
41.25 -0.003768169
41.26 -0.003819178
41.27 -0.004385221
41.28 -0.004717235
41.29 -0.005283235
41.3 -0.005753253
41.31 -0.006703271
41.32 -0.00786729
41.33 -0.008453317
41.34 -0.008880346
41.35 -0.007747395
41.36 -0.007015422
41.37 -0.006083419
41.38 -0.004796451
41.39 -0.003890466
41.4 -0.003599476
41.41 -0.004152487
41.42 -0.004996499
41.43 -0.00580154
41.44 -0.005897563
41.45 -0.005983559
41.46 -0.006883568
41.47 -0.008416589
41.48 -0.0106616
41.49 -0.01209763
41.5 -0.01376965
41.51 -0.01543673
41.52 -0.01567478
41.53 -0.01550176
41.54 -0.01479582
41.55 -0.01395789
41.56 -0.01267693
41.57 -0.01083395
41.58 -0.009321983
41.59 -0.008385023
41.6 -0.008079046
41.61 -0.008005014
41.62 -0.007776048
41.63 -0.007604055
41.64 -0.007351102
41.65 -0.007246102
41.66 -0.006778144
41.67 -0.006313159
41.68 -0.005414216
41.69 -0.003739215
41.7 -0.001926263
41.71 -0.000582251
41.72 6.270204e-05
41.73 0.0009296986
41.74 0.001760668
41.75 0.002192686
41.76 0.002172646
41.77 0.002460635
41.78 0.002265604
41.79 0.001667598
41.8 0.001416557
41.81 0.001123547
41.82 0.001266514
41.83 0.001046508
41.84 0.0003004675
41.85 -6.655378e-05
41.86 -0.0001365877
41.87 -0.000169605
41.88 -0.0003216586
41.89 3.350516e-07
41.9 0.0001002873
41.91 0.0006862796
41.92 0.001954222
41.93 0.003651213
41.94 0.005672168
41.95 0.006692174
41.96 0.008563126
41.97 0.01010113
41.98 0.01084609
41.99 0.01147912
42 0.01235708
42.01 0.01290806
42.02 0.01326105
42.03 0.01313604
42.04 0.01317203
42.05 0.01273902
42.06 0.012066
42.07 0.01124703
42.08 0.010417
42.09 0.01060994
42.1 0.01093992
42.11 0.01080089
42.12 0.01114886
42.13 0.01165684
42.14 0.01155583
42.15 0.01107183
42.16 0.01058581
42.17 0.01094677
42.18 0.01127175
42.19 0.01073775
42.2 0.01026871
42.21 0.0107877
42.22 0.01116769
42.23 0.01058675
42.24 0.009908731
42.25 0.009793632
42.26 0.009171618
42.27 0.008864584
42.28 0.008441567
42.29 0.007807522
42.3 0.007479504
42.31 0.007333491
42.32 0.007015483
42.33 0.005875434
42.34 0.004998424
42.35 0.004656392
42.36 0.004165384
42.37 0.003570342
42.38 0.00301233
42.39 0.002491308
42.4 0.001804297
42.41 0.001130245
42.42 0.0006772353
42.43 0.0001182007
42.44 -0.0005778177
42.45 -0.00106986
42.46 -0.001274871
42.47 -0.001684911
42.48 -0.001996937
42.49 -0.002294966
42.5 -0.002281986
42.51 -0.002039026
42.52 -0.002041044
42.53 -0.002077086
42.54 -0.002431091
42.55 -0.002862143
42.56 -0.003504157
42.57 -0.004246176
42.58 -0.005213198
42.59 -0.005463239
42.6 -0.005457263
42.61 -0.006075293
42.62 -0.006545325
42.63 -0.006192373
42.64 -0.005601398
42.65 -0.005378418
42.66 -0.004969446
42.67 -0.004643474
42.68 -0.004161496
42.69 -0.00400452
42.7 -0.004429538
42.71 -0.004417584
42.72 -0.004828604
42.73 -0.005454614
42.74 -0.006515635
42.75 -0.007563683
42.76 -0.008001714
42.77 -0.007982754
42.78 -0.007925785
42.79 -0.007713845
42.8 -0.007237888
42.81 -0.006434905
42.82 -0.005298949
42.83 -0.004380979
42.84 -0.003289012
42.85 -0.002196025
42.86 -0.001975053
42.87 -0.001704076
42.88 -0.001118105
42.89 -0.0006011153
42.9 -0.0008191386
42.91 -0.00111317
42.92 -0.0009321952
42.93 -0.0007572166
42.94 -0.0006472374
42.95 -0.001118265
42.96 -0.001616297
42.97 -0.001453323
42.98 -0.001559361
42.99 -0.001707387
43 -0.001362427
43.01 -0.001311449
43.02 -0.00085649
43.03 -2.650843e-05
43.04 0.000343456
43.05 0.000596432
43.06 0.0009613951
43.07 0.001827374
43.08 0.002611333
43.09 0.003435316
43.1 0.004306273
43.11 0.005243274
43.12 0.006072241
43.13 0.006633219
43.14 0.006998191
43.15 0.007498184
43.16 0.007841163
43.17 0.007891151
43.18 0.007467137
43.19 0.007249151
43.2 0.006918143
43.21 0.006059086
43.22 0.005536065
43.23 0.00491204
43.24 0.004230027
43.25 0.003363989
43.26 0.002626969
43.27 0.002052942
43.28 0.001303919
43.29 0.0006328829
43.3 -0.0003911409
43.31 -0.00135118
43.32 -0.001486221
43.33 -0.001689256
43.34 -0.001691288
43.35 -0.001116336
43.36 -0.0007883707
43.37 -0.0002083985
43.38 0.0004385702
43.39 0.0009385449
43.4 0.001341516
43.41 0.001591493
43.42 0.001819474
43.43 0.001908453
43.44 0.001823419
43.45 0.001546389
43.46 0.00150737
43.47 0.001493336
43.48 0.001399299
43.49 0.001414282
43.5 0.001526252
43.51 0.002231246
43.52 0.002633231
43.53 0.002461178
43.54 0.00244116
43.55 0.002103129
43.56 0.001570104
43.57 0.0009250728
43.58 0.000361051
43.59 -3.598597e-05
43.6 -0.0001640114
43.61 -0.0002950457
43.62 -0.0003690751
43.63 -0.0003031096
43.64 6.885947e-05
43.65 0.0004638291
43.66 0.000771796
43.67 0.00117378
43.68 0.001232753
43.69 0.000953721
43.7 0.0007377032
43.71 0.0003776668
43.72 0.0002886307
43.73 0.0005145948
43.74 0.00021058
43.75 7.453597e-05
43.76 0.0005055053
43.77 0.0006584695
43.78 0.001010438
43.79 0.001196415
43.8 0.001539384
43.81 0.002278356
43.82 0.00252333
43.83 0.002631316
43.84 0.002862295
43.85 0.003296255
43.86 0.003687234
43.87 0.003771208
43.88 0.004308185
43.89 0.004503156
43.9 0.004223144
43.91 0.003949124
43.92 0.003708108
43.93 0.00314507
43.94 0.002586057
43.95 0.001949024
43.96 0.001256013
43.97 0.0006139681
43.98 0.0003859559
43.99 8.691942e-05
44 -0.0004390944
44.01 -0.001250139
44.02 -0.002038146
44.03 -0.002414193
44.04 -0.0031892
44.05 -0.004672242
44.06 -0.005957267
44.07 -0.006639328
44.08 -0.007519351
44.09 -0.00787439
44.1 -0.008360424
44.11 -0.008732483
44.12 -0.00843353
44.13 -0.007754569
44.14 -0.007403598
44.15 -0.007308669
44.16 -0.006298713
44.17 -0.0051027
44.18 -0.004454739
44.19 -0.003911758
44.2 -0.003164796
44.21 -0.002357811
44.22 -0.001738854
44.23 -0.0009988795
44.24 0.0003340753
44.25 0.001292064
44.26 0.001887031
44.27 0.002722017
44.28 0.003150984
44.29 0.00360297
44.3 0.00411394
44.31 0.004309944
44.32 0.004545915
44.33 0.004785886
44.34 0.005132862
44.35 0.004843844
44.36 0.004598822
44.37 0.004627794
44.38 0.004602771
44.39 0.004641769
44.4 0.00382176
44.41 0.002233713
44.42 0.001591693
44.43 0.001417667
44.44 0.0009136496
44.45 -0.000289378
44.46 -0.0019624
44.47 -0.002715458
44.48 -0.003309479
44.49 -0.004348503
44.5 -0.005494531
44.51 -0.006541577
44.52 -0.006363614
44.53 -0.007096646
44.54 -0.00698269
44.55 -0.006433738
44.56 -0.006569772
44.57 -0.006534801
44.58 -0.005321862
44.59 -0.003334877
44.6 -0.003175906
44.61 -0.002938938
44.62 -0.001769967
44.63 -0.001421986
44.64 -0.001017021
44.65 -0.000326035
44.66 -5.906583e-08
44.67 -0.0008910812
44.68 -0.0006731275
44.69 0.0003338493
44.7 0.0001618241
44.71 -0.0003182104
44.72 0.0006797458
44.73 0.002082729
44.74 0.002295704
44.75 0.00268468
44.76 0.002841659
44.77 0.003247643
44.78 0.002391638
44.79 0.002101623
44.8 0.002360608
44.81 0.002368569
44.82 -0.0001254334
44.83 -0.002174485
44.84 -0.001958507
44.85 -0.00315254
44.86 -0.004946581
44.87 -0.004666643
44.88 -0.002678689
44.89 -0.0007067078
44.9 0.0004112596
44.91 0.00108024
44.92 0.001903215
44.93 0.002124191
44.94 0.003556163
44.95 0.004873168
44.96 0.004214165
44.97 0.003098122
44.98 0.0026201
44.99 0.002801063
45 0.003380046
45.01 0.003246023
45.02 0.002928001
45.03 0.003536965
45.04 0.004440965
45.05 0.003522933
45.06 0.002686919
45.07 0.003054883
45.08 0.00200189
45.09 0.001191846
45.1 0.0001788528
45.11 -0.002150201
45.12 -0.002563234
45.13 -0.002178257
45.14 -0.004081261
45.15 -0.005247314
45.16 -0.004561336
45.17 -0.00575937
45.18 -0.006961401
45.19 -0.00635247
45.2 -0.005513488
45.21 -0.006236511
45.22 -0.006121556
45.23 -0.004627594
45.24 -0.00320261
45.25 -0.003179629
45.26 -0.00335666
45.27 -0.002473705
45.28 -0.0006207173
45.29 -1.172109e-05
45.3 -0.0008847185
45.31 -0.002716748
45.32 -0.003237765
45.33 -0.004128789
45.34 -0.005026803
45.35 -0.006100854
45.36 -0.006801892
45.37 -0.00654691
45.38 -0.006920922
45.39 -0.008424974
45.4 -0.008028017
45.41 -0.007899042
45.42 -0.008997062
45.43 -0.009940148
45.44 -0.0105352
45.45 -0.009642173
45.46 -0.009085208
45.47 -0.009109233
45.48 -0.008886268
45.49 -0.009066272
45.5 -0.009456323
45.51 -0.008788362
45.52 -0.007883408
45.53 -0.007594412
45.54 -0.006481456
45.55 -0.005970468
45.56 -0.006360519
45.57 -0.00546454
45.58 -0.003966585
45.59 -0.003281589
45.6 -0.003080618
45.61 -0.003183612
45.62 -0.003745649
45.63 -0.004167665
45.64 -0.004201706
45.65 -0.005067712
45.66 -0.005967759
45.67 -0.005853798
45.68 -0.00583185
45.69 -0.00570785
45.7 -0.006400894
45.71 -0.007292928
45.72 -0.00617001
45.73 -0.004904021
45.74 -0.003415082
45.75 -0.001957095
45.76 -0.0002881473
45.77 0.001674861
45.78 0.002701818
45.79 0.003552817
45.8 0.005685756
45.81 0.007711773
45.82 0.008610743
45.83 0.009329773
45.84 0.01054773
45.85 0.01197873
45.86 0.01214672
45.87 0.01159773
45.88 0.01220371
45.89 0.01241973
45.9 0.01060771
45.91 0.009421745
45.92 0.008700711
45.93 0.009820666
45.94 0.008713663
45.95 0.006757642
45.96 0.006179606
45.97 0.006935581
45.98 0.007089569
45.99 0.007055559
46 0.007191545
46.01 0.007697516
46.02 0.007246521
46.03 0.00631352
46.04 0.004878518
46.05 0.00308848
46.06 0.002599458
46.07 0.002268453
46.08 0.001179426
46.09 0.0006623584
46.1 0.002133326
46.11 0.0036433
46.12 0.003414278
46.13 0.00389024
46.14 0.00584722
46.15 0.007369222
46.16 0.006965216
46.17 0.006075176
46.18 0.006180166
46.19 0.006178148
46.2 0.005461143
46.21 0.004533114
46.22 0.002569105
46.23 0.001971073
46.24 0.002146058
46.25 0.002367017
46.26 0.001929007
46.27 0.002063977
46.28 0.002528966
46.29 0.00237594
46.3 0.001668929
46.31 0.002095904
46.32 0.002576904
46.33 0.0009958782
46.34 -0.0005461371
46.35 0.0002118193
46.36 0.001469829
46.37 -0.00019118
46.38 -0.003850195
46.39 -0.004571264
46.4 -0.002965275
46.41 -0.003255282
46.42 -0.005408301
46.43 -0.003879344
46.44 -0.001948345
46.45 -0.003940347
46.46 -0.005924371
46.47 -0.005546418
46.48 -0.004844437
46.49 -0.005337445
46.5 -0.007221457
46.51 -0.007695502
46.52 -0.00665453
46.53 -0.007415534
46.54 -0.008831573
46.55 -0.007385637
46.56 -0.005927652
46.57 -0.00583065
46.58 -0.005181677
46.59 -0.004152696
46.6 -0.004284706
46.61 -0.004378719
46.62 -0.004135738
46.63 -0.004759767
46.64 -0.004695785
46.65 -0.005003795
46.66 -0.004882839
46.67 -0.00511485
46.68 -0.005556898
46.69 -0.00458592
46.7 -0.003075946
46.71 -0.002846954
46.72 -0.003468986
46.73 -0.002839977
46.74 -0.002159001
46.75 -0.002209007
46.76 -0.002009041
46.77 -0.000752047
46.78 0.0002479293
46.79 1.093177e-05
46.8 -2.209662e-05
46.81 0.0006068943
46.82 0.0008648722
46.83 0.001098863
46.84 0.001118832
46.85 0.00176583
46.86 0.002297806
46.87 0.002332815
46.88 0.002503783
46.89 0.003888766
46.9 0.004393754
46.91 0.004561746
46.92 0.005515723
46.93 0.00635972
46.94 0.005535715
46.95 0.005000717
46.96 0.004973698
46.97 0.005462666
46.98 0.005703666
46.99 0.005112667
47 0.003678664
47.01 0.002299642
47.02 0.001336621
47.03 0.0004286006
47.04 0.0002895606
47.05 0.0004585323
47.06 0.001089483
47.07 0.002952467
47.08 0.006174401
47.09 0.01055139
47.1 0.01572236
47.11 0.02025744
47.12 0.02273948
47.13 0.02362446
47.14 0.02446951
47.15 0.02239158
47.16 0.01881262
47.17 0.01503662
47.18 0.009494673
47.19 0.003496632
47.2 -0.001471399
47.21 -0.005085479
47.22 -0.00591655
47.23 -0.004518627
47.24 -0.001645704
47.25 0.003629253
47.26 0.009112229
47.27 0.01336927
47.28 0.01753129
47.29 0.0202683
47.3 0.02080535
47.31 0.0208304
47.32 0.01907548
47.33 0.01579748
47.34 0.01129756
47.35 0.00581556
47.36 0.0007035563
47.37 -0.003682536
47.38 -0.006723552
47.39 -0.007170636
47.4 -0.006326649
47.41 -0.004928699
47.42 -0.002614708
47.43 -0.001093739
47.44 0.0008002641
47.45 0.00255425
47.46 0.003566275
47.47 0.002807277
47.48 0.001310301
47.49 -3.073079e-05
47.5 -0.001015703
47.51 -0.002170732
47.52 -0.003995722
47.53 -0.004945746
47.54 -0.007279714
47.55 -0.009832772
47.56 -0.01076978
47.57 -0.01066282
47.58 -0.01054883
47.59 -0.009819892
47.6 -0.008689894
47.61 -0.007450892
47.62 -0.007047881
47.63 -0.007108915
47.64 -0.007016912
47.65 -0.006472933
47.66 -0.006043912
47.67 -0.007111947
47.68 -0.008628943
47.69 -0.01011593
47.7 -0.01148892
47.71 -0.01255895
47.72 -0.01385396
47.73 -0.01378699
47.74 -0.013425
47.75 -0.01271804
47.76 -0.01183306
47.77 -0.01079704
47.78 -0.01015005
47.79 -0.009048063
47.8 -0.009034051
47.81 -0.009739048
47.82 -0.009702059
47.83 -0.0101501
47.84 -0.0102731
47.85 -0.01029208
47.86 -0.009743089
47.87 -0.0100681
47.88 -0.009977112
47.89 -0.009184102
47.9 -0.009750092
47.91 -0.01040212
47.92 -0.01052913
47.93 -0.01096912
47.94 -0.01101312
47.95 -0.01254712
47.96 -0.01405515
47.97 -0.01479415
47.98 -0.01604817
47.99 -0.01683829
48 -0.01665034
48.01 -0.01613025
48.02 -0.0151453
48.03 -0.01379328
48.04 -0.01258832
48.05 -0.01080129
48.06 -0.009724338
48.07 -0.007344336
48.08 -0.004907359
48.09 -0.003489312
48.1 -0.002268334
48.11 -0.001301301
48.12 -0.0009543117
48.13 -0.0004912789
48.14 -0.0002132875
48.15 -0.0004932594
48.16 -0.0009262722
48.17 -0.001438245
48.18 -0.002200266
48.19 -0.001823259
48.2 -0.001669281
48.21 -0.001762264
48.22 -0.001386286
48.23 -0.001177276
48.24 -0.0005932943
48.25 -0.0007282711
48.26 -0.0009703019
48.27 -0.0003252878
48.28 0.0008266882
48.29 0.001006718
48.3 0.0007316909
48.31 0.001883714
48.32 0.003359696
48.33 0.004008718
48.34 0.005048695
48.35 0.006270733
48.36 0.006884725
48.37 0.007960758
48.38 0.008224758
48.39 0.008051817
48.4 0.007868821
48.41 0.00704683
48.42 0.005963839
48.43 0.004492861
48.44 0.003126847
48.45 0.002043852
48.46 0.001095823
48.47 0.001074825
48.48 0.00171979
48.49 0.003195784
48.5 0.00510175
48.51 0.007084781
48.52 0.008627766
48.53 0.009788792
48.54 0.01131377
48.55 0.01268984
48.56 0.01363683
48.57 0.01483785
48.58 0.01689084
48.59 0.01850792
48.6 0.01879995
48.61 0.01869502
48.62 0.01832907
48.63 0.01637625
48.64 0.01313629
48.65 0.008920155
48.66 0.006467185
48.67 0.002248154
48.68 -0.0005978486
48.69 -0.001925888
48.7 -0.001807904
48.71 -0.002795928
48.72 -0.001380984
48.73 0.00362302
48.74 0.006598995
48.75 0.009940028
48.76 0.01436802
48.77 0.01686006
48.78 0.01893106
48.79 0.02091518
48.8 0.02044223
48.81 0.02022419
48.82 0.01973523
48.83 0.01769326
48.84 0.01631529
48.85 0.01516929
48.86 0.01279033
48.87 0.01217133
48.88 0.01158338
48.89 0.008566353
48.9 0.007270349
48.91 0.007349347
48.92 0.006769374
48.93 0.006794359
48.94 0.00704438
48.95 0.006820415
48.96 0.00736342
48.97 0.007749405
48.98 0.007691415
48.99 0.008869407
49 0.01143843
49.01 0.01323043
49.02 0.01481746
49.03 0.01650051
49.04 0.01700058
49.05 0.01630656
49.06 0.0170176
49.07 0.01724265
49.08 0.01555072
49.09 0.01462071
49.1 0.0130668
49.11 0.01090483
49.12 0.009185887
49.13 0.00740884
49.14 0.005520905
49.15 0.00452288
49.16 0.003026963
49.17 -0.000130066
49.18 -0.001981007
49.19 -0.002657039
49.2 -0.004663974
49.21 -0.007316005
49.22 -0.009883932
49.23 -0.01142301
49.24 -0.01352195
49.25 -0.01563401
49.26 -0.01651799
49.27 -0.01696512
49.28 -0.0171681
49.29 -0.01584404
49.3 -0.01523002
49.31 -0.01350103
49.32 -0.011814
49.33 -0.01132897
49.34 -0.01001494
49.35 -0.009797939
49.36 -0.0105449
49.37 -0.01078587
49.38 -0.01155283
49.39 -0.01271683
49.4 -0.0141678
49.41 -0.0144678
49.42 -0.01490477
49.43 -0.01576683
49.44 -0.01578881
49.45 -0.01607175
49.46 -0.01621872
49.47 -0.01676873
49.48 -0.01771173
49.49 -0.01724571
49.5 -0.0167397
49.51 -0.01621472
49.52 -0.01603073
49.53 -0.01518869
49.54 -0.01435567
49.55 -0.01399067
49.56 -0.01287968
49.57 -0.01211066
49.58 -0.01058365
49.59 -0.008714656
49.6 -0.007022637
49.61 -0.005526552
49.62 -0.004875529
49.63 -0.004769474
49.64 -0.004305454
49.65 -0.004081403
49.66 -0.004284367
49.67 -0.005649326
49.68 -0.006824307
49.69 -0.007856257
49.7 -0.008763256
49.71 -0.009320241
49.72 -0.009671234
49.73 -0.009723217
49.74 -0.008918222
49.75 -0.007667208
49.76 -0.007023198
49.77 -0.007087133
49.78 -0.006123142
49.79 -0.0046401
49.8 -0.004095081
49.81 -0.004471031
49.82 -0.004262023
49.83 -0.003357996
49.84 -0.002811979
49.85 -0.00317992
49.86 -0.003455922
49.87 -0.00266789
49.88 -0.002289871
49.89 -0.002466824
49.9 -0.002762809
49.91 -0.002666774
49.92 -0.002118758
49.93 -0.001550691
49.94 -0.002197668
49.95 -0.002700628
49.96 -0.001921621
49.97 -0.001105562
49.98 -0.001340545
49.99 -0.001695508
50 -0.0009235055
50.01 0.0004605472
50.02 0.0004375826
50.03 -8.837491e-05
50.04 0.0001676379
50.05 0.0006906874
50.06 0.0008287269
50.07 -4.921813e-05
50.08 -0.001119209
50.09 -0.001037171
50.1 -0.000849153
50.11 -0.001088108
50.12 -0.000998108
50.13 -0.0003640685
50.14 0.0006559495
50.15 0.001837004
50.16 0.002220025
50.17 0.001998069
50.18 0.002365081
50.19 0.003919132
50.2 0.004575174
50.21 0.003712224
50.22 0.003377252
50.23 0.00344931
50.24 0.003767336
50.25 0.004031368
50.26 0.0038854
50.27 0.003916446
50.28 0.003439482
50.29 0.003657512
50.3 0.003442548
50.31 0.003498364
50.32 0.003618215
50.33 0.003958692
50.34 0.005095569
50.35 0.006170739
50.36 0.006853127
50.37 0.00774053
50.38 0.00850288
50.39 0.008836433
50.4 0.009727398
50.41 0.01024531
50.42 0.009955977
50.43 0.009930533
50.44 0.01052508
50.45 0.01006224
50.46 0.009091047
50.47 0.009144387
50.48 0.009354337
50.49 0.008913229
50.5 0.007376638
50.51 0.007029732
50.52 0.007082956
50.53 0.006202698
50.54 0.006327136
50.55 0.007022805
50.56 0.007434283
50.57 0.007966596
50.58 0.009565137
50.59 0.01100111
50.6 0.01161363
50.61 0.01263057
50.62 0.01358183
50.63 0.01413354
50.64 0.01428062
50.65 0.01350937
50.66 0.01312239
50.67 0.01237513
50.68 0.01130828
50.69 0.01091034
50.7 0.009561086
50.71 0.008822726
50.72 0.00878805
50.73 0.007474258
50.74 0.005893711
50.75 0.005013156
50.76 0.003647229
50.77 0.002262281
50.78 0.000521152
50.79 -0.0006177698
50.8 -0.001968556
50.81 -0.002998791
50.82 -0.004275734
50.83 -0.005254983
50.84 -0.006230385
50.85 -0.006790265
50.86 -0.006109767
50.87 -0.005837183
50.88 -0.006037735
50.89 -0.006270977
50.9 -0.005175504
50.91 -0.004378567
50.92 -0.004965113
50.93 -0.005462727
50.94 -0.005688964
50.95 -0.004990239
50.96 -0.004644167
50.97 -0.005393162
50.98 -0.006312705
50.99 -0.006096557
51 -0.005274492
51.01 -0.005152247
51.02 -0.006174502
51.03 -0.006589261
51.04 -0.005508685
51.05 -0.004807955
51.06 -0.004614725
51.07 -0.004881176
51.08 -0.00458534
51.09 -0.003790609
51.1 -0.003889739
51.11 -0.004775621
51.12 -0.005103595
51.13 -0.004850723
51.14 -0.005019736
51.15 -0.004210603
51.16 -0.003250074
51.17 -0.002508824
51.18 -0.001506715
51.19 -0.0001979232
51.2 0.0009517575
51.21 0.001499303
51.22 0.001400458
51.23 0.001189296
51.24 0.001561703
51.25 0.00124701
51.26 0.000250513
51.27 -0.0002647745
51.28 -0.0006963546
51.29 -0.001197132
51.3 -0.001581194
51.31 -0.002785156
51.32 -0.003529891
51.33 -0.003510941
51.34 -0.003459634
51.35 -0.004207918
51.36 -0.004095749
51.37 -0.003827192
51.38 -0.003709127
51.39 -0.003367283
51.4 -0.003115292
51.41 -0.002942435
51.42 -0.002441046
51.43 -0.002071794
51.44 -0.001808379
51.45 -0.001041404
51.46 -0.0006481567
51.47 -7.183063e-05
51.48 0.000999807
51.49 0.0009401429
51.5 0.001210562
51.51 0.001497385
51.52 0.00156221
51.53 0.00147087
51.54 0.0006994801
51.55 0.000154263
51.56 0.0003729529
51.57 -7.69921e-06
51.58 -0.0007269792
51.59 -0.0005013978
51.6 -0.0003368136
51.61 -0.0004906068
51.62 -0.001007871
51.63 -0.00147031
51.64 -0.002184728
51.65 -0.002349243
51.66 -0.002078999
51.67 -0.001625724
51.68 -0.001200246
51.69 -0.0008202351
51.7 0.0004449493
51.71 0.001069211
51.72 0.001729866
51.73 0.002439839
51.74 0.00322623
51.75 0.003853281
51.76 0.004448598
51.77 0.004927844
51.78 0.004843301
51.79 0.00465649
51.8 0.005048052
51.81 0.004469906
51.82 0.003031833
51.83 0.00201837
51.84 0.001584632
51.85 0.001198564
51.86 -0.0001264188
51.87 -0.001219751
51.88 -0.001387971
51.89 -0.001405742
51.9 -0.001644699
51.91 -0.002347914
51.92 -0.002813818
51.93 -0.002725399
51.94 -0.002499087
51.95 -0.002166355
51.96 -0.001607862
51.97 -0.0009641379
51.98 -0.0003029881
51.99 -0.0002959793
52 -0.0002716856
52.01 0.0004659047
52.02 0.0009345242
52.03 0.001810628
52.04 0.002354395
52.05 0.00277047
52.06 0.003358746
52.07 0.003319539
52.08 0.002960898
52.09 0.0026199
52.1 0.002375706
52.11 0.002440598
52.12 0.002124464
52.13 0.001340379
52.14 0.001040482
52.15 0.0008463365
52.16 0.0001688155
52.17 -5.544241e-05
52.18 0.0002332624
52.19 0.0003225273
52.2 0.00019567
52.21 1.817814e-05
52.22 -0.0006396818
52.23 -0.0006576478
52.24 -0.0006715878
52.25 -0.001357597
52.26 -0.001699666
52.27 -0.001635763
52.28 -0.001979102
52.29 -0.002425398
52.3 -0.002692266
52.31 -0.002853862
52.32 -0.002741222
52.33 -0.002497584
52.34 -0.002342672
52.35 -0.002702386
52.36 -0.002293908
52.37 -0.001757988
52.38 -0.001763073
52.39 -0.00165995
52.4 -0.001741568
52.41 -0.001824258
52.42 -0.001488192
52.43 -0.00172183
52.44 -0.002019189
52.45 -0.001824337
52.46 -0.001259678
52.47 -0.001212121
52.48 -0.001364967
52.49 -0.0009432012
52.5 -0.0003683822
52.51 -0.0003209303
52.52 -0.0002707986
52.53 -0.0004748223
52.54 -0.0004521297
52.55 -2.322644e-05
52.56 -0.0002530724
52.57 -0.0001601757
52.58 0.0003134183
52.59 0.0006185896
52.6 0.0008951192
52.61 0.001197864
52.62 0.001517321
52.63 0.001551672
52.64 0.001743562
52.65 0.002237975
52.66 0.002480979
52.67 0.002455748
52.68 0.002519251
52.69 0.002521879
52.7 0.002659907
52.71 0.002631016
52.72 0.002428052
52.73 0.002334185
52.74 0.002605212
52.75 0.002874802
52.76 0.002963808
52.77 0.003332663
52.78 0.003557396
52.79 0.003713481
52.8 0.003827308
52.81 0.003412838
52.82 0.003009837
52.83 0.002666194
52.84 0.002003082
52.85 0.001475498
52.86 0.001498223
52.87 0.00118668
52.88 0.001094372
52.89 0.001301941
52.9 0.001316772
52.91 0.001741593
52.92 0.002035482
52.93 0.002253727
52.94 0.002419184
52.95 0.002697158
52.96 0.002613702
52.97 0.002484707
52.98 0.002665111
52.99 0.002779671
53 0.002743046
53.01 0.002945311
53.02 0.002701109
53.03 0.002582684
53.04 0.002749238
53.05 0.002629119
53.06 0.002758948
53.07 0.003056715
53.08 0.002981131
53.09 0.002883467
53.1 0.002835776
53.11 0.00252156
53.12 0.002042455
53.13 0.001963767
53.14 0.0021792
53.15 0.002167812
53.16 0.001863056
53.17 0.00171498
53.18 0.001909382
53.19 0.001692728
53.2 0.001257294
53.21 0.001102514
53.22 0.0006323168
53.23 -2.660661e-06
53.24 -0.0002144711
53.25 -0.000533358
53.26 -0.0005753297
53.27 -0.0006421506
53.28 -0.001100938
53.29 -0.001331222
53.3 -0.001481209
53.31 -0.001786221
53.32 -0.001730865
53.33 -0.001931534
53.34 -0.002000957
53.35 -0.001886187
53.36 -0.002197652
53.37 -0.002506282
53.38 -0.002315416
53.39 -0.002235065
53.4 -0.002532099
53.41 -0.002372266
53.42 -0.002355897
53.43 -0.002802981
53.44 -0.002896397
53.45 -0.002802422
53.46 -0.003158794
53.47 -0.003015417
53.48 -0.002971043
53.49 -0.003222607
53.5 -0.003014451
53.51 -0.003085209
53.52 -0.002831538
53.53 -0.00233355
53.54 -0.002218553
53.55 -0.002250704
53.56 -0.002206745
53.57 -0.002191837
53.58 -0.002387906
53.59 -0.002211179
53.6 -0.002215286
53.61 -0.002264646
53.62 -0.002015738
53.63 -0.00205072
53.64 -0.002029572
53.65 -0.001797696
53.66 -0.001385271
53.67 -0.0009440077
53.68 -0.0009039211
53.69 -0.000583845
53.7 -0.0003013175
53.71 -0.0004535831
53.72 -0.0004185891
53.73 -0.0003770333
53.74 -0.0002900804
53.75 -0.0003323944
53.76 -0.0004088594
53.77 -0.0003418311
53.78 -0.0002637399
53.79 -0.0002839233
53.8 -0.0001725154
53.81 -9.889109e-06
53.82 8.253723e-05
53.83 6.134332e-05
53.84 0.0002320144
53.85 0.0002529469
53.86 8.352519e-05
53.87 0.0001403479
53.88 0.0002148172
53.89 0.0001160666
53.9 0.0001243743
53.91 6.650756e-05
53.92 -7.811061e-06
53.93 0.0001160741
53.94 7.573452e-05
53.95 -0.0001453747
53.96 -0.0001620362
53.97 -0.0001776599
53.98 -0.0002255417
53.99 -0.0001967736
54 -0.0003674385
54.01 -0.0004893822
54.02 -0.0004719312
54.03 -0.000644005
54.04 -0.0007536159
54.05 -0.0006742102
54.06 -0.0006941936
54.07 -0.0007733677
54.08 -0.0007434865
54.09 -0.0007707029
54.1 -0.00077694
54.11 -0.0006974728
54.12 -0.0007358917
54.13 -0.0007155195
54.14 -0.0006308973
54.15 -0.000604222
54.16 -0.0005760667
54.17 -0.0004920356
54.18 -0.0004064401
54.19 -0.0003690963
54.2 -0.0002916064
54.21 -0.000285773
54.22 -0.0003008833
54.23 -0.0002161987
54.24 -0.0001153122
54.25 -8.54005e-05
54.26 -3.185209e-05
54.27 2.17766e-05
54.28 -3.156926e-06
54.29 1.470331e-05
54.3 -3.007339e-05
54.31 -5.725711e-05
54.32 -5.040481e-05
54.33 -8.880457e-05
54.34 -9.119174e-05
54.35 -0.0001126877
54.36 -0.0001253683
54.37 -0.0001218874
54.38 -0.00011781
54.39 -9.386316e-05
54.4 -4.889394e-05
54.41 -2.369771e-05
54.42 -8.402855e-06
54.43 -4.79752e-07
54.44 2.343818e-05
54.45 3.068619e-05
54.46 3.181097e-05
54.47 6.644392e-05
54.48 0.0001483715
54.49 0.0001853659
54.5 0.0001828202
54.51 0.000188233
54.52 0.0002259304
54.53 0.0002390325
54.54 0.0002447134
54.55 0.0002725468
54.56 0.0002685946
54.57 0.0002793076
54.58 0.0002852519
54.59 0.0002821298
54.6 0.0002885192
54.61 0.0002876046
54.62 0.0002851923
54.63 0.0002475573
54.64 0.0001953698
54.65 0.0001487926
54.66 0.0001008684
54.67 4.682979e-05
54.68 1.678882e-05
54.69 2.052749e-06
54.7 -3.631123e-05
54.71 -6.700871e-05
54.72 -6.922123e-05
54.73 -8.310656e-05
54.74 -0.0001015603
54.75 -9.891921e-05
54.76 -9.400132e-05
54.77 -8.755142e-05
54.78 -7.63884e-05
54.79 -6.272185e-05
54.8 -4.552743e-05
54.81 -8.683833e-06
54.82 1.259497e-05
54.83 2.447962e-05
54.84 6.762742e-05
54.85 0.0001066211
54.86 0.0001123011
54.87 0.0001317148
54.88 0.0001493226
54.89 0.0001582023
54.9 0.0001661006
54.91 0.0001701834
54.92 0.0001695647
54.93 0.0001547121
54.94 0.0001349799
54.95 0.0001313965
54.96 0.00013864
54.97 0.0001289515
54.98 0.000123032
54.99 0.0001281329
55 0.0001368952
55.01 0.0001488352
55.02 0.0001518866
55.03 0.0001527855
55.04 0.0001570009
55.05 0.0001585092
55.06 0.0001549454
55.07 0.0001516325
55.08 0.0001493455
55.09 0.0001468347
55.1 0.0001366661
55.11 0.0001285089
55.12 0.0001221349
55.13 0.000118036
55.14 0.0001185654
55.15 0.0001138309
55.16 0.0001118669
55.17 0.0001085678
55.18 0.0001088266
55.19 0.0001139106
55.2 0.0001113738
55.21 0.0001093315
55.22 0.000109628
55.23 0.0001079738
55.24 0.0001041036
55.25 0.0001010615
55.26 9.877133e-05
55.27 9.413223e-05
55.28 8.825661e-05
55.29 8.303402e-05
55.3 7.91072e-05
55.31 7.532503e-05
55.32 7.301208e-05
55.33 7.22051e-05
55.34 6.955884e-05
55.35 6.717377e-05
55.36 6.518251e-05
55.37 6.033624e-05
55.38 5.482233e-05
55.39 5.035293e-05
55.4 4.580292e-05
55.41 4.119996e-05
55.42 3.675686e-05
55.43 3.25378e-05
55.44 2.817367e-05
55.45 2.313851e-05
55.46 1.765996e-05
55.47 1.198005e-05
55.48 6.885973e-06
55.49 1.648813e-06
55.5 -3.730901e-06
55.51 -8.543261e-06
55.52 -1.3016e-05
55.53 -1.709097e-05
55.54 -2.104565e-05
55.55 -2.459202e-05
55.56 -2.773664e-05
55.57 -3.083419e-05
55.58 -3.435716e-05
55.59 -3.818573e-05
55.6 -4.198124e-05
55.61 -4.581322e-05
55.62 -4.960564e-05
55.63 -5.332088e-05
55.64 -5.690809e-05
55.65 -6.040651e-05
55.66 -6.395919e-05
55.67 -6.752056e-05
55.68 -7.102784e-05
55.69 -7.449565e-05
55.7 -7.793513e-05
55.71 -8.132903e-05
55.72 -8.471784e-05
55.73 -8.809715e-05
55.74 -9.145929e-05
55.75 -9.482031e-05
55.76 -9.816518e-05
55.77 -0.0001014865
55.78 -0.0001047887
55.79 -0.0001080779
55.8 -0.0001113558
55.81 -0.0001146257
55.82 -0.0001178877
55.83 -0.0001211417
55.84 -0.0001243877
55.85 -0.0001276257
55.86 -0.0001308559
55.87 -0.0001340784
55.88 -0.000137293
55.89 -0.0001404997
