0 0.0009691982
0.01 0.0009609579
0.02 0.0009531058
0.03 0.0009446992
0.04 0.0009367816
0.05 0.0009283447
0.06 0.0009201699
0.07 0.0009114394
0.08 0.0009026617
0.09 0.0008931399
0.1 0.0008832922
0.11 0.0008731156
0.12 0.0008625672
0.13 0.0008515641
0.14 0.0008395799
0.15 0.0008266164
0.16 0.0008126893
0.17 0.0008017129
0.18 0.0007944218
0.19 0.0007917585
0.2 0.0007863022
0.21 0.0007670686
0.22 0.0007352358
0.23 0.0006947143
0.24 0.000640583
0.25 0.0005880893
0.26 0.0005592589
0.27 0.0005481558
0.28 0.0005399563
0.29 0.0005416701
0.3 0.0005470045
0.31 0.0005557863
0.32 0.0005567118
0.33 0.0005673286
0.34 0.0005840987
0.35 0.0005804719
0.36 0.0005034444
0.37 0.0003892836
0.38 0.0002482876
0.39 8.683316e-05
0.4 -5.265077e-05
0.41 -0.0001188994
0.42 -0.0001538057
0.43 -0.0001876947
0.44 -0.0002239421
0.45 -0.000267438
0.46 -0.000260834
0.47 -0.0001365108
0.48 5.851532e-06
0.49 -0.0002923396
0.5 -0.0007053145
0.51 -0.0006830848
0.52 -0.000406867
0.53 -0.0004520834
0.54 -0.0006972609
0.55 -0.0008367957
0.56 -0.0005511408
0.57 -0.0001234853
0.58 -0.0002866273
0.59 -0.001306399
0.6 -0.001174821
0.61 0.001089599
0.62 0.003293831
0.63 0.002420509
0.64 -0.0009197655
0.65 -0.00472497
0.66 -0.005837043
0.67 -0.003921465
0.68 -0.001585671
0.69 -0.001011616
0.7 -0.002490856
0.71 -0.003109598
0.72 -0.002790039
0.73 -0.003102264
0.74 -0.004643825
0.75 -0.006167051
0.76 -0.002549682
0.77 0.005593248
0.78 0.005871359
0.79 -0.01127596
0.8 -0.01385994
0.81 -0.002529814
0.82 0.006890687
0.83 0.00422586
0.84 -0.01178199
0.85 -0.01978497
0.86 -0.005412519
0.87 0.01083337
0.88 0.004774201
0.89 -0.00757212
0.9 -0.009008365
0.91 0.005628511
0.92 0.01495974
0.93 -0.001666379
0.94 -0.02050651
0.95 -0.01257099
0.96 0.006501576
0.97 0.01014533
0.98 -0.009023503
0.99 -0.03404529
1 -0.04030678
1.01 -0.006200143
1.02 0.02633104
1.03 0.01337482
1.04 -0.01286814
1.05 -0.01379458
1.06 0.0009307555
1.07 0.0129726
1.08 0.008207668
1.09 -0.004789225
1.1 -0.01351546
1.11 -0.007500445
1.12 0.005258498
1.13 0.001185545
1.14 -0.01074973
1.15 -0.007806615
1.16 -0.002774133
1.17 -0.006058009
1.18 -0.01172711
1.19 -0.01455953
1.2 -0.012266
1.21 0.001863582
1.22 0.01601759
1.23 0.003070792
1.24 -0.02442191
1.25 -0.02192299
1.26 0.001860694
1.27 0.02017178
1.28 0.01015855
1.29 -0.0140715
1.3 -0.02938386
1.31 -0.01830285
1.32 0.0007254529
1.33 0.005712433
1.34 -0.004283765
1.35 -0.01371297
1.36 -0.007404651
1.37 0.002406206
1.38 -0.00234158
1.39 -0.01075421
1.4 -0.006061249
1.41 0.004007078
1.42 0.01038932
1.43 0.01073093
1.44 -0.001242893
1.45 -0.01844685
1.46 -0.02438538
1.47 -0.008538072
1.48 -0.003407995
1.49 -0.01871324
1.5 -0.02129952
1.51 -0.0146386
1.52 -0.006663249
1.53 0.002312083
1.54 0.009000764
1.55 0.0065288
1.56 -0.003113012
1.57 -0.0002438581
1.58 0.00923456
1.59 0.008699869
1.6 -0.004696098
1.61 -0.01315495
1.62 -7.154383e-05
1.63 0.01485963
1.64 0.01261422
1.65 0.001103581
1.66 -0.01209171
1.67 -0.01735702
1.68 0.002063527
1.69 0.008714464
1.7 -0.009866184
1.71 -0.004381668
1.72 0.0246917
1.73 0.03683459
1.74 0.02183641
1.75 -0.001337806
1.76 -0.01321059
1.77 0.001920965
1.78 0.01667875
1.79 0.000780754
1.8 -0.01489424
1.81 -0.007517674
1.82 -0.001805449
1.83 -0.001235928
1.84 -0.00040241
1.85 -7.407043e-05
1.86 0.0001344128
1.87 -0.001129133
1.88 -0.0001313665
1.89 0.00462436
1.9 0.005622346
1.91 0.001769296
1.92 0.006969934
1.93 0.01400712
1.94 0.008650037
1.95 -0.002408535
1.96 -0.0007546956
1.97 -0.002763411
1.98 -0.007829959
1.99 0.001314951
2 0.004958874
2.01 0.01111215
2.02 0.01830917
2.03 0.01379288
2.04 0.004246301
2.05 -0.003665363
2.06 -0.001354934
2.07 0.007709619
2.08 0.01716456
2.09 0.01825304
2.1 0.006138913
2.11 -0.003713709
2.12 0.002719792
2.13 0.007412604
2.14 0.001001905
2.15 -0.001034677
2.16 -0.0001646031
2.17 -0.006251737
2.18 -0.009072658
2.19 0.001929526
2.2 0.009925467
2.21 0.006824517
2.22 -0.0002819093
2.23 -0.005627195
2.24 -0.004970346
2.25 -0.003106514
2.26 -0.001384467
2.27 -0.0001745267
2.28 0.001810699
2.29 0.00306079
2.3 0.00144179
2.31 -0.003118414
2.32 -0.001566451
2.33 0.01063927
2.34 0.01901953
2.35 0.007505998
2.36 -0.002430962
2.37 -0.006921293
2.38 -0.007735305
2.39 -0.005833628
2.4 -0.003519277
2.41 0.0003989156
2.42 0.005211605
2.43 0.00711211
2.44 0.007554725
2.45 0.008458334
2.46 0.009921803
2.47 0.009986101
2.48 0.00478493
2.49 -0.002856347
2.5 -0.007870534
2.51 -0.008274641
2.52 -0.005293001
2.53 0.00143397
2.54 0.01046169
2.55 0.0134695
2.56 0.007434936
2.57 0.006816996
2.58 0.01915525
2.59 0.005090493
2.6 0.002270228
2.61 0.002149898
2.62 -0.01941345
2.63 -0.02288416
2.64 -4.532834e-05
2.65 0.02472171
2.66 0.02291369
2.67 -0.007240751
2.68 -0.009444144
2.69 0.005972911
2.7 0.01719978
2.71 0.02370606
2.72 0.01050779
2.73 -0.008849899
2.74 -0.006547115
2.75 0.009961019
2.76 0.001472451
2.77 -0.01708788
2.78 -0.01656966
2.79 0.007369544
2.8 0.03526644
2.81 0.04819753
2.82 0.02682889
2.83 0.01617745
2.84 0.02649809
2.85 0.01952415
2.86 -0.0126309
2.87 -0.01351044
2.88 0.002619282
2.89 0.004099228
2.9 -0.01589041
2.91 -0.04020493
2.92 -0.03975114
2.93 -0.01138215
2.94 0.01247599
2.95 -0.003538611
2.96 -0.03574447
2.97 -0.06892667
2.98 -0.09615101
2.99 -0.09705917
3 -0.07976518
3.01 -0.07298724
3.02 -0.07296536
3.03 -0.06309065
3.04 -0.092316
3.05 -0.1307456
3.06 -0.1148605
3.07 -0.06027053
3.08 -0.01887804
3.09 0.003383902
3.1 0.007351173
3.11 -0.01331022
3.12 -0.02460222
3.13 -0.0007631534
3.14 0.01528924
3.15 0.006145014
3.16 0.004786759
3.17 -0.01580694
3.18 -0.02903482
3.19 -0.0374622
3.2 -0.05781095
3.21 -0.03188721
3.22 0.02197243
3.23 0.06880234
3.24 0.08496003
3.25 0.07975561
3.26 0.06126317
3.27 0.05056298
3.28 0.03359306
3.29 -0.02302137
3.3 -0.06005634
3.31 -0.02512141
3.32 0.01658435
3.33 0.005053492
3.34 -0.0124218
3.35 -0.0338032
3.36 -0.04849574
3.37 -0.0007075577
3.38 0.07092748
3.39 0.1339637
3.4 0.1838842
3.41 0.1638397
3.42 0.06192698
3.43 -0.01719982
3.44 0.03288856
3.45 0.1038142
3.46 0.08906349
3.47 0.03557688
3.48 -0.02615162
3.49 -0.09438733
3.5 -0.1322003
3.51 -0.07645832
3.52 0.01190397
3.53 0.03134233
3.54 0.008709201
3.55 -0.02877479
3.56 -0.05799972
3.57 -0.04634364
3.58 -0.00533788
3.59 0.02303505
3.6 0.03033433
3.61 0.01080691
3.62 -0.01304094
3.63 -0.008880225
3.64 0.03087455
3.65 0.08599741
3.66 0.1410093
3.67 0.168523
3.68 0.1370892
3.69 0.08171639
3.7 0.0460706
3.71 0.07211022
3.72 0.1323464
3.73 0.1748741
3.74 0.188415
3.75 0.1428508
3.76 0.0872154
3.77 0.05485984
3.78 0.04396305
3.79 0.03202895
3.8 -0.0136631
3.81 -0.06651277
3.82 -0.08947592
3.83 -0.0848199
3.84 -0.07510878
3.85 -0.09712571
3.86 -0.1127461
3.87 -0.0696389
3.88 -0.007314493
3.89 -0.01462057
3.9 -0.04949126
3.91 -0.06633837
3.92 -0.07494925
3.93 -0.09203695
3.94 -0.111922
3.95 -0.1174999
3.96 -0.1359469
3.97 -0.1665895
3.98 -0.1739727
3.99 -0.1309195
4 -0.06795081
4.01 -0.0009798308
4.02 0.05856852
4.03 0.07072195
4.04 0.02848337
4.05 -0.0337639
4.06 -0.07796106
4.07 -0.05980686
4.08 -0.002200404
4.09 0.01128695
4.1 0.02690669
4.11 0.07898155
4.12 0.1360456
4.13 0.1788134
4.14 0.2099783
4.15 0.2416238
4.16 0.2577771
4.17 0.2307197
4.18 0.1747489
4.19 0.09942192
4.2 0.04019126
4.21 0.04921982
4.22 0.072438
4.23 0.05275678
4.24 0.02440336
4.25 0.03104796
4.26 0.06329764
4.27 0.08176183
4.28 0.04793415
4.29 0.0035878
4.3 0.00970365
4.31 0.03990393
4.32 0.05352726
4.33 0.01098273
4.34 -0.05795228
4.35 -0.06971205
4.36 0.01644461
4.37 0.09514996
4.38 0.08225607
4.39 0.06265066
4.4 0.05597488
4.41 0.0260098
4.42 -0.008213964
4.43 -0.001563931
4.44 0.03002834
4.45 0.02519161
4.46 -0.002819462
4.47 -0.02957489
4.48 -0.03834027
4.49 0.003202625
4.5 0.05937627
4.51 0.09129039
4.52 0.07652006
4.53 0.05258186
4.54 0.05373972
4.55 0.07298889
4.56 0.07616397
4.57 0.04138708
4.58 -0.02313816
4.59 -0.07123408
4.6 -0.08038855
4.61 -0.06760655
4.62 -0.0562152
4.63 -0.05976944
4.64 -0.07096848
4.65 -0.07127825
4.66 -0.06050361
4.67 -0.05340353
4.68 -0.06274196
4.69 -0.07839374
4.7 -0.08777076
4.71 -0.07379457
4.72 -0.0481995
4.73 -0.03830302
4.74 -0.03600053
4.75 -0.006486229
4.76 0.04739011
4.77 0.1034784
4.78 0.1225464
4.79 0.08519476
4.8 0.0195267
4.81 0.01066323
4.82 0.02899033
4.83 0.04542253
4.84 0.06604914
4.85 0.08102196
4.86 0.07039614
4.87 0.0333662
4.88 0.009454663
4.89 0.04373056
4.9 0.1056986
4.91 0.1370612
4.92 0.1292696
4.93 0.07882573
4.94 0.02191037
4.95 0.0159855
4.96 0.05644767
4.97 0.09027247
4.98 0.07548526
4.99 0.04617116
5 0.02919142
5.01 0.03869561
5.02 0.06551856
5.03 0.07043852
5.04 0.03760327
5.05 -0.008588691
5.06 -0.03657363
5.07 -0.03771392
5.08 -0.0576503
5.09 -0.134707
5.1 -0.1757544
5.11 -0.1726913
5.12 -0.1683068
5.13 -0.17267
5.14 -0.1801105
5.15 -0.1849033
5.16 -0.1873076
5.17 -0.1897749
5.18 -0.1917102
5.19 -0.1881897
5.2 -0.1764056
5.21 -0.1652399
5.22 -0.1655217
5.23 -0.1729453
5.24 -0.1691589
5.25 -0.1508157
5.26 -0.1315208
5.27 -0.1108738
5.28 -0.09730585
5.29 -0.09230117
5.3 -0.05586653
5.31 -0.003487319
5.32 0.03815218
5.33 0.06685538
5.34 0.07644119
5.35 0.06765548
5.36 0.05252333
5.37 0.03572162
5.38 0.02441103
5.39 0.02861993
5.4 0.03471642
5.41 0.0112708
5.42 -0.006421327
5.43 0.01325761
5.44 0.03672147
5.45 0.0318389
5.46 0.009179468
5.47 -0.01158392
5.48 -0.01959666
5.49 -0.0210028
5.5 -0.02603151
5.51 -0.04518331
5.52 -0.07630898
5.53 -0.09664987
5.54 -0.07936556
5.55 -0.04707541
5.56 -0.04645419
5.57 -0.06193722
5.58 -0.08060889
5.59 -0.1062215
5.6 -0.1338493
5.61 -0.1438128
5.62 -0.116935
5.63 -0.1114964
5.64 -0.1267363
5.65 -0.1260342
5.66 -0.1295531
5.67 -0.1403476
5.68 -0.1407622
5.69 -0.1249314
5.7 -0.1087827
5.71 -0.1066318
5.72 -0.114692
5.73 -0.1108958
5.74 -0.08798216
5.75 -0.05733882
5.76 -0.03256021
5.77 -0.0248868
5.78 -0.02650612
5.79 -0.01300771
5.8 0.002775098
5.81 0.005025978
5.82 -0.0005431919
5.83 -0.006066667
5.84 -0.01121236
5.85 -0.005396801
5.86 0.01782603
5.87 0.04397359
5.88 0.05708652
5.89 0.06049617
5.9 0.06080368
5.91 0.0662926
5.92 0.08177912
5.93 0.09373184
5.94 0.07636037
5.95 0.03660047
5.96 0.0002788934
5.97 -0.02225856
5.98 -0.02805052
5.99 -0.006416049
6 0.006148194
6.01 -0.02358411
6.02 -0.04760124
6.03 -0.02270321
6.04 0.01619597
6.05 0.03919808
6.06 0.03208117
6.07 0.007365018
6.08 -0.001140434
6.09 0.05378937
6.1 0.1284685
6.11 0.1756402
6.12 0.1852327
6.13 0.1907484
6.14 0.2087181
6.15 0.2148677
6.16 0.1870602
6.17 0.1313338
6.18 0.07769861
6.19 0.05619999
6.2 0.0323517
6.21 -0.004419272
6.22 -0.01978387
6.23 0.00197436
6.24 0.02713494
6.25 0.01930942
6.26 -0.003813281
6.27 0.0001914408
6.28 0.02170355
6.29 0.0428072
6.3 0.05254212
6.31 0.03266691
6.32 0.01669739
6.33 0.01859322
6.34 0.01390098
6.35 -0.002567703
6.36 -0.02144565
6.37 -0.03585901
6.38 -0.03793996
6.39 -0.04095851
6.4 -0.0573366
6.41 -0.07717453
6.42 -0.08885391
6.43 -0.1046322
6.44 -0.1190488
6.45 -0.1081266
6.46 -0.1013404
6.47 -0.1184858
6.48 -0.1064567
6.49 -0.06391606
6.5 -0.01777773
6.51 0.0245982
6.52 0.05846912
6.53 0.07932571
6.54 0.1038041
6.55 0.1243853
6.56 0.1157106
6.57 0.09648698
6.58 0.08490204
6.59 0.0768544
6.6 0.05820663
6.61 0.03464362
6.62 0.01385365
6.63 0.001180223
6.64 0.0003363666
6.65 -0.00239752
6.66 -0.02022649
6.67 -0.04274553
6.68 -0.06790235
6.69 -0.09588419
6.7 -0.1118614
6.71 -0.08732395
6.72 -0.04243795
6.73 0.004128974
6.74 0.05208853
6.75 0.09646533
6.76 0.129419
6.77 0.1532602
6.78 0.1706612
6.79 0.1669299
6.8 0.1411716
6.81 0.1232436
6.82 0.1165368
6.83 0.112336
6.84 0.1133309
6.85 0.1169051
6.86 0.1237805
6.87 0.133203
6.88 0.1434131
6.89 0.1480332
6.9 0.1342291
6.91 0.1133475
6.92 0.09639457
6.93 0.07955115
6.94 0.06806716
6.95 0.0663989
6.96 0.05776133
6.97 0.03131547
6.98 0.01067907
6.99 0.009678148
7 0.01274188
7.01 0.0009354744
7.02 -0.03233735
7.03 -0.07098167
7.04 -0.09959184
7.05 -0.1173463
7.06 -0.1270548
7.07 -0.1318856
7.08 -0.1274611
7.09 -0.1209473
7.1 -0.1130748
7.11 -0.09843976
7.12 -0.07375789
7.13 -0.04413784
7.14 -0.02087693
7.15 -0.02503171
7.16 -0.04735912
7.17 -0.05997871
7.18 -0.0329401
7.19 0.01612487
7.2 0.06409882
7.21 0.098481
7.22 0.1098118
7.23 0.1147902
7.24 0.1194061
7.25 0.123003
7.26 0.1252922
7.27 0.1298124
7.28 0.1379427
7.29 0.1432096
7.3 0.1181751
7.31 0.05062308
7.32 -0.03336639
7.33 -0.1109633
7.34 -0.1580881
7.35 -0.1676566
7.36 -0.1812367
7.37 -0.2041541
7.38 -0.2310596
7.39 -0.2592159
7.4 -0.2700349
7.41 -0.2342807
7.42 -0.180345
7.43 -0.1323809
7.44 -0.1003389
7.45 -0.07760337
7.46 -0.05534576
7.47 -0.04615846
7.48 -0.0613662
7.49 -0.05810188
7.5 -0.007919849
7.51 0.04417497
7.52 0.05262011
7.53 0.03544357
7.54 0.02767638
7.55 0.04636616
7.56 0.05961101
7.57 0.07426791
7.58 0.1074742
7.59 0.139653
7.6 0.1569787
7.61 0.1603977
7.62 0.1436245
7.63 0.1122541
7.64 0.07987393
7.65 0.04684296
7.66 0.02061388
7.67 0.003004377
7.68 -0.0008234222
7.69 -0.008096466
7.7 -0.02222509
7.71 -0.03144209
7.72 -0.01568949
7.73 0.02172493
7.74 0.06441973
7.75 0.09412466
7.76 0.08878134
7.77 0.06971363
7.78 0.05851551
7.79 0.06425858
7.8 0.07050658
7.81 0.04761771
7.82 0.002046923
7.83 -0.04673549
7.84 -0.0761716
7.85 -0.07658715
7.86 -0.07301321
7.87 -0.08944588
7.88 -0.1126539
7.89 -0.1260054
7.9 -0.1135549
7.91 -0.09256231
7.92 -0.0750565
7.93 -0.06284069
7.94 -0.05600475
7.95 -0.05950597
7.96 -0.06735936
7.97 -0.07477304
7.98 -0.08325196
7.99 -0.09145295
8 -0.09289237
8.01 -0.07380756
8.02 -0.04611818
8.03 -0.01803066
8.04 0.01133428
8.05 0.03660238
8.06 0.05097906
8.07 0.06195562
8.08 0.08002753
8.09 0.09930125
8.1 0.1145601
8.11 0.1249559
8.12 0.1281797
8.13 0.1154075
8.14 0.1005454
8.15 0.1050957
8.16 0.1178606
8.17 0.133745
8.18 0.1608703
8.19 0.1902728
8.2 0.2166902
8.21 0.2414318
8.22 0.2526386
8.23 0.2175115
8.24 0.158698
8.25 0.09909621
8.26 0.03959587
8.27 -0.02071231
8.28 -0.08464772
8.29 -0.1469754
8.3 -0.1918842
8.31 -0.2110429
8.32 -0.230816
8.33 -0.2404046
8.34 -0.2026185
8.35 -0.1399986
8.36 -0.07419006
8.37 -0.03118947
8.38 -0.048147
8.39 -0.06952686
8.4 -0.06884953
8.41 -0.08326568
8.42 -0.1083932
8.43 -0.1310912
8.44 -0.147296
8.45 -0.1533614
8.46 -0.137367
8.47 -0.1112953
8.48 -0.07817105
8.49 -0.0395331
8.5 -0.0004338243
8.51 0.03470335
8.52 0.0587374
8.53 0.08081061
8.54 0.1033705
8.55 0.1156672
8.56 0.1069187
8.57 0.09086701
8.58 0.07832905
8.59 0.07027838
8.6 0.06461153
8.61 0.06247947
8.62 0.06424206
8.63 0.06178657
8.64 0.05146247
8.65 0.0506652
8.66 0.07112837
8.67 0.08725912
8.68 0.07362225
8.69 0.05052127
8.7 0.03569406
8.71 0.01617583
8.72 -0.01126228
8.73 -0.04343701
8.74 -0.07638228
8.75 -0.1007366
8.76 -0.1020007
8.77 -0.1017271
8.78 -0.1073754
8.79 -0.1099001
8.8 -0.09182837
8.81 -0.04226078
8.82 0.01755532
8.83 0.06891684
8.84 0.09476322
8.85 0.1056466
8.86 0.105854
8.87 0.08839769
8.88 0.06485901
8.89 0.04707614
8.9 0.05029138
8.91 0.06166816
8.92 0.06390927
8.93 0.04771465
8.94 0.02645456
8.95 0.01206458
8.96 0.002519072
8.97 -0.00427872
8.98 -0.006540165
8.99 -0.003632825
9 0.0005080536
9.01 0.006867139
9.02 0.01349647
9.03 0.01427347
9.04 0.00159733
9.05 -0.01723233
9.06 -0.03136417
9.07 -0.02373594
9.08 -0.00393709
9.09 -0.008299194
9.1 -0.06362633
9.11 -0.112382
9.12 -0.1331396
9.13 -0.1486707
9.14 -0.1551649
9.15 -0.1388205
9.16 -0.1141203
9.17 -0.09766782
9.18 -0.06832407
9.19 -0.03495267
9.2 -0.02192774
9.21 -0.01339704
9.22 0.01131097
9.23 0.04367797
9.24 0.07092762
9.25 0.07134317
9.26 0.03370123
9.27 0.008600719
9.28 0.0275854
9.29 0.05667056
9.3 0.07810094
9.31 0.09025791
9.32 0.09649901
9.33 0.09589806
9.34 0.1084365
9.35 0.1436181
9.36 0.1664461
9.37 0.1344132
9.38 0.08057496
9.39 0.02484192
9.4 -0.02312906
9.41 -0.03970875
9.42 -0.03466029
9.43 -0.04426073
9.44 -0.06334175
9.45 -0.06595428
9.46 -0.04938309
9.47 -0.03092026
9.48 -0.0283113
9.49 -0.04620365
9.5 -0.06982302
9.51 -0.08370549
9.52 -0.0736605
9.53 -0.06300569
9.54 -0.06114885
9.55 -0.05817784
9.56 -0.04699598
9.57 -0.02852312
9.58 -0.008757093
9.59 0.00573984
9.6 0.003456062
9.61 -0.01271401
9.62 -0.02791848
9.63 -0.02087003
9.64 0.009950444
9.65 0.03357133
9.66 0.02513176
9.67 0.0150366
9.68 0.02202068
9.69 0.03316127
9.7 0.04026024
9.71 0.0380282
9.72 0.03038919
9.73 0.02129406
9.74 0.01239725
9.75 0.0004923562
9.76 -0.01599651
9.77 -0.0280725
9.78 -0.02430914
9.79 -0.01675305
9.8 -0.01469353
9.81 -0.01716417
9.82 -0.02163925
9.83 -0.02197257
9.84 -0.003638416
9.85 0.02609655
9.86 0.04415694
9.87 0.02456457
9.88 -0.004703789
9.89 0.00553901
9.9 0.03386012
9.91 0.05989881
9.92 0.07365455
9.93 0.06064899
9.94 0.01842436
9.95 -0.02466723
9.96 -0.05161496
9.97 -0.08908777
9.98 -0.1072654
9.99 -0.1123954
10 -0.1250203
10.01 -0.129649
10.02 -0.09306355
10.03 -0.03948023
10.04 0.01646763
10.05 0.07229312
10.06 0.1049394
10.07 0.09221167
10.08 0.05504954
10.09 0.01214347
10.1 -0.0001893175
10.11 0.006094031
10.12 -0.01128305
10.13 -0.04523595
10.14 -0.05315022
10.15 -0.03674131
10.16 -0.02989903
10.17 -0.02735086
10.18 -0.01984409
10.19 -0.02383997
10.2 -0.04494518
10.21 -0.06658129
10.22 -0.07957779
10.23 -0.06633888
10.24 -0.043351
10.25 -0.02650547
10.26 -0.02356448
10.27 -0.04762491
10.28 -0.07568288
10.29 -0.08048127
10.3 -0.0855618
10.31 -0.06047599
10.32 -0.003079622
10.33 0.0426214
10.34 0.04003518
10.35 0.02241792
10.36 0.02897307
10.37 0.05646655
10.38 0.09340981
10.39 0.1231817
10.4 0.1203615
10.41 0.0791777
10.42 0.05705336
10.43 0.06402456
10.44 0.06944775
10.45 0.06978942
10.46 0.06446174
10.47 0.05145546
10.48 0.05067044
10.49 0.06484458
10.5 0.0842202
10.51 0.1039933
10.52 0.1110537
10.53 0.0847742
10.54 0.05345126
10.55 0.02112364
10.56 -0.03733806
10.57 -0.08557031
10.58 -0.1001497
10.59 -0.11261
10.6 -0.09948566
10.61 -0.06494942
10.62 -0.05582219
10.63 -0.07264009
10.64 -0.1040049
10.65 -0.1251104
10.66 -0.1013195
10.67 -0.05968124
10.68 -0.03199775
10.69 -0.02791367
10.7 -0.01892095
10.71 0.004776755
10.72 0.03129378
10.73 0.05932367
10.74 0.08533584
10.75 0.1055592
10.76 0.1160004
10.77 0.1233783
10.78 0.1263207
10.79 0.1252161
10.8 0.122657
10.81 0.1239829
10.82 0.1331303
10.83 0.1368024
10.84 0.1014381
10.85 0.03957347
10.86 -0.009591977
10.87 -0.01345338
10.88 -0.007042009
10.89 -0.02125627
10.9 -0.02471255
10.91 -0.009341889
10.92 0.01002607
10.93 0.01808942
10.94 0.003278593
10.95 -0.02032262
10.96 -0.03609551
10.97 -0.028499
10.98 -0.008968363
10.99 0.006563438
11 0.01041264
11.01 -0.0002832599
11.02 -0.006528881
11.03 0.01166167
11.04 0.03400395
11.05 0.02374269
11.06 0.0207257
11.07 0.02332848
11.08 0.006599157
11.09 -0.02364012
11.1 -0.05233073
11.11 -0.06090974
11.12 -0.0529148
11.13 -0.04281874
11.14 -0.03694412
11.15 -0.03093268
11.16 -0.0124902
11.17 0.01810454
11.18 0.05472921
11.19 0.07473125
11.2 0.03724825
11.21 -0.02616458
11.22 -0.04753879
11.23 -0.02989391
11.24 -0.01327068
11.25 -0.01793922
11.26 -0.04187059
11.27 -0.05030111
11.28 -0.01219492
11.29 0.02609841
11.3 0.01794812
11.31 -0.01306974
11.32 -0.01712488
11.33 -0.02647258
11.34 -0.05557214
11.35 -0.09588017
11.36 -0.1389316
11.37 -0.15691
11.38 -0.1232347
11.39 -0.07803327
11.4 -0.04724457
11.41 -0.0256963
11.42 -0.02782683
11.43 -0.04393078
11.44 -0.03501876
11.45 -0.01476221
11.46 -0.02335421
11.47 -0.05340124
11.48 -0.07271787
11.49 -0.06190941
11.5 -0.03367509
11.51 0.0008172529
11.52 0.04151484
11.53 0.08560756
11.54 0.09986509
11.55 0.04669216
11.56 -0.01713193
11.57 -0.02740005
11.58 -0.003480445
11.59 0.01793079
11.6 0.01377878
11.61 -0.004572232
11.62 -0.03169976
11.63 -0.04369836
11.64 -0.01631075
11.65 0.001420205
11.66 0.004404977
11.67 0.01824685
11.68 0.0008275171
11.69 -0.04127356
11.7 -0.0805515
11.71 -0.08764467
11.72 -0.06639321
11.73 -0.05059364
11.74 -0.07365196
11.75 -0.1115627
11.76 -0.1169837
11.77 -0.06389352
11.78 -0.02779642
11.79 -0.04655039
11.8 -0.05637077
11.81 -0.03981569
11.82 -0.02102263
11.83 -0.007956323
11.84 0.00382026
11.85 0.01666141
11.86 0.03089293
11.87 0.0450747
11.88 0.05968144
11.89 0.07485601
11.9 0.08780177
11.91 0.09309854
11.92 0.09544341
11.93 0.09790857
11.94 0.09276475
11.95 0.07024541
11.96 0.03616138
11.97 -0.001467276
11.98 -0.03295518
11.99 -0.03779718
12 -0.02672283
12.01 -0.02628416
12.02 -0.02725954
12.03 -0.01905605
12.04 -0.01713241
12.05 -0.02031056
12.06 -0.01847748
12.07 -0.02363427
12.08 -0.04640047
12.09 -0.07200515
12.1 -0.09221675
12.11 -0.1072619
12.12 -0.1189332
12.13 -0.1033105
12.14 -0.07568176
12.15 -0.04531412
12.16 -0.007474785
12.17 0.03833505
12.18 0.06707993
12.19 0.02452238
12.2 -0.06452898
12.21 -0.0927875
12.22 -0.07351311
12.23 -0.04294333
12.24 -0.02860125
12.25 -0.06186326
12.26 -0.08174972
12.27 -0.04824833
12.28 -0.01084837
12.29 -0.01555988
12.3 -0.03300649
12.31 -0.03168166
12.32 -0.02027132
12.33 -0.009122939
12.34 -0.005725788
12.35 -0.01638863
12.36 -0.02197259
12.37 -0.003010834
12.38 0.02063217
12.39 0.00888298
12.4 -0.02181689
12.41 -0.03886967
12.42 -0.03497707
12.43 -0.01858673
12.44 -0.003133051
12.45 0.003209998
12.46 0.007416398
12.47 0.02239751
12.48 0.04152247
12.49 0.05564767
12.5 0.0604961
12.51 0.05282608
12.52 0.03025886
12.53 0.0090593
12.54 0.004907255
12.55 -0.001139124
12.56 -0.002961472
12.57 -0.00101227
12.58 -0.003236647
12.59 0.009487388
12.6 0.03200075
12.61 0.05495406
12.62 0.0759543
12.63 0.09002416
12.64 0.09576694
12.65 0.09757568
12.66 0.1011598
12.67 0.08482197
12.68 0.04478429
12.69 -0.003384583
12.7 -0.04287151
12.71 -0.04774151
12.72 -0.02615751
12.73 -0.0009161219
12.74 0.01750143
12.75 0.02559338
12.76 0.05100986
12.77 0.1021692
12.78 0.1548482
12.79 0.1790674
12.8 0.1710415
12.81 0.1657346
12.82 0.1726233
12.83 0.1572752
12.84 0.1270173
12.85 0.0946939
12.86 0.06129957
12.87 0.0324951
12.88 0.01776669
12.89 0.0118421
12.9 0.00688375
12.91 0.003294659
12.92 0.001616557
12.93 0.002058902
12.94 -0.003519531
12.95 -0.02996958
12.96 -0.06675044
12.97 -0.09806784
12.98 -0.1081192
12.99 -0.09712793
13 -0.07800711
13.01 -0.0687478
13.02 -0.07403132
13.03 -0.06966513
13.04 -0.05473074
13.05 -0.04586822
13.06 -0.06658544
13.07 -0.1025568
13.08 -0.1326705
13.09 -0.1410119
13.1 -0.1396232
13.11 -0.1562071
13.12 -0.171976
13.13 -0.143362
13.14 -0.09484821
13.15 -0.05577711
13.16 -0.04606614
13.17 -0.05694967
13.18 -0.07081491
13.19 -0.07838017
13.2 -0.06006336
13.21 -0.02806828
13.22 0.002445259
13.23 0.01543387
13.24 0.005810525
13.25 -0.007057553
13.26 -0.01004698
13.27 -0.009702916
13.28 -0.01044015
13.29 -0.01222665
13.3 -0.01129277
13.31 -0.002571766
13.32 0.00718884
13.33 0.002485093
13.34 -0.003567164
13.35 0.0122434
13.36 0.04160441
13.37 0.07678567
13.38 0.1059299
13.39 0.09511645
13.4 0.04034888
13.41 -0.0008288772
13.42 0.0001046972
13.43 0.02338162
13.44 0.05554789
13.45 0.07679348
13.46 0.06759748
13.47 0.05875934
13.48 0.08442699
13.49 0.1138167
13.5 0.1201461
13.51 0.1207699
13.52 0.129519
13.53 0.1158943
13.54 0.07398122
13.55 0.02614615
13.56 -0.01039816
13.57 -0.02707441
13.58 -0.04189341
13.59 -0.05912715
13.6 -0.05595664
13.61 -0.02760216
13.62 0.01063015
13.63 0.04823162
13.64 0.06895047
13.65 0.05499238
13.66 0.02931501
13.67 0.00431913
13.68 -0.0192105
13.69 -0.03609035
13.7 -0.03795712
13.71 -0.03329731
13.72 -0.02301187
13.73 0.005545852
13.74 0.04082638
13.75 0.0714832
13.76 0.08749947
13.77 0.09756095
13.78 0.1085014
13.79 0.1150193
13.8 0.106451
13.81 0.09039437
13.82 0.0880544
13.83 0.1056216
13.84 0.1272409
13.85 0.1398801
13.86 0.1461625
13.87 0.1525432
13.88 0.1571749
13.89 0.1444941
13.9 0.1073654
13.91 0.06025565
13.92 0.01964904
13.93 0.002337341
13.94 0.002421194
13.95 -0.004818259
13.96 -0.01730625
13.97 -0.03041264
13.98 -0.04142439
13.99 -0.04377582
14 -0.03749123
14.01 -0.02843459
14.02 -0.02179996
14.03 -0.02662991
14.04 -0.04195728
14.05 -0.06110325
14.06 -0.08165596
14.07 -0.09730819
14.08 -0.09550559
14.09 -0.08530619
14.1 -0.08273747
14.11 -0.08793112
14.12 -0.09441772
14.13 -0.09526847
14.14 -0.0858025
14.15 -0.07577322
14.16 -0.07389382
14.17 -0.07392106
14.18 -0.06911598
14.19 -0.06402779
14.2 -0.06716859
14.21 -0.07116561
14.22 -0.05153307
14.23 -0.007395311
14.24 0.04056051
14.25 0.07571422
14.26 0.09237937
14.27 0.104493
14.28 0.1090903
14.29 0.0869594
14.3 0.05344878
14.31 0.01864207
14.32 -0.01776664
14.33 -0.04829424
14.34 -0.0637576
14.35 -0.07541308
14.36 -0.1028581
14.37 -0.1123833
14.38 -0.08777527
14.39 -0.05195705
14.4 -0.0135304
14.41 0.01753481
14.42 0.01953439
14.43 -0.002047406
14.44 -0.02220107
14.45 -0.04020277
14.46 -0.05758305
14.47 -0.06870375
14.48 -0.06993029
14.49 -0.05959263
14.5 -0.04405775
14.51 -0.03683661
14.52 -0.03314639
14.53 -0.02818094
14.54 -0.02544396
14.55 -0.03301346
14.56 -0.0489401
14.57 -0.06294544
14.58 -0.067044
14.59 -0.06650201
14.6 -0.06443877
14.61 -0.04880857
14.62 -0.01047481
14.63 0.0352237
14.64 0.07977841
14.65 0.1264798
14.66 0.1761062
14.67 0.2189709
14.68 0.2284476
14.69 0.2066464
14.7 0.1706324
14.71 0.1170104
14.72 0.05304281
14.73 -0.01457187
14.74 -0.06915563
14.75 -0.07151687
14.76 -0.0412997
14.77 -0.006860574
14.78 0.0270917
14.79 0.06301872
14.8 0.10179
14.81 0.1342992
14.82 0.1404954
14.83 0.1250573
14.84 0.0930589
14.85 0.05378929
14.86 0.01233893
14.87 -0.02403078
14.88 -0.03287172
14.89 -0.01648111
14.9 0.00808746
14.91 0.01818499
14.92 -0.01892207
14.93 -0.07428524
14.94 -0.109077
14.95 -0.1114004
14.96 -0.1124539
14.97 -0.1492863
14.98 -0.2088569
14.99 -0.2693183
15 -0.2625918
15.01 -0.1272605
15.02 0.01609032
15.03 0.07597225
15.04 0.1133998
15.05 0.1557691
15.06 0.1898821
15.07 0.1837044
15.08 0.1508999
15.09 0.1106928
15.1 0.06733272
15.11 0.03764115
15.12 0.05315704
15.13 0.08256366
15.14 0.08352525
15.15 0.052231
15.16 0.02546385
15.17 0.04331708
15.18 0.08349951
15.19 0.1190496
15.2 0.1246387
15.21 0.08778201
15.22 0.04569238
15.23 0.02006159
15.24 -0.001718438
15.25 -0.03705518
15.26 -0.07574223
15.27 -0.09333659
15.28 -0.06406813
15.29 -0.01845099
15.3 0.03033556
15.31 0.07984773
15.32 0.1055378
15.33 0.07959245
15.34 0.03520836
15.35 -0.008085443
15.36 -0.05264198
15.37 -0.09586999
15.38 -0.1307124
15.39 -0.1483743
15.4 -0.1310901
15.41 -0.08285454
15.42 -0.02810083
15.43 0.02864152
15.44 0.0945433
15.45 0.16792
15.46 0.2165371
15.47 0.1791341
15.48 0.09392452
15.49 0.007459776
15.5 -0.06408438
15.51 -0.1116412
15.52 -0.1553977
15.53 -0.1861811
15.54 -0.1708636
15.55 -0.1286178
15.56 -0.08110286
15.57 -0.03602161
15.58 -0.01615611
15.59 -0.02892657
15.6 -0.05013155
15.61 -0.05984817
15.62 -0.05806309
15.63 -0.0661095
15.64 -0.08648359
15.65 -0.1112596
15.66 -0.137404
15.67 -0.1414677
15.68 -0.09894831
15.69 -0.03425278
15.7 0.03445179
15.71 0.08692995
15.72 0.06948592
15.73 0.00456473
15.74 -0.06398514
15.75 -0.1061942
15.76 -0.1156744
15.77 -0.1257431
15.78 -0.1438984
15.79 -0.1564768
15.8 -0.1447869
15.81 -0.105193
15.82 -0.0595076
15.83 -0.007728149
15.84 0.0504841
15.85 0.0861464
15.86 0.04476296
15.87 -0.02802017
15.88 -0.05460958
15.89 -0.05791531
15.9 -0.05955405
15.91 -0.05121902
15.92 -0.03537979
15.93 -0.01456535
15.94 0.008217134
15.95 0.02562963
15.96 0.01693794
15.97 -0.01201076
15.98 -0.04341202
15.99 -0.06658027
16 -0.0846622
16.01 -0.1024724
16.02 -0.1066645
16.03 -0.06874321
16.04 -0.01519602
16.05 0.03697661
16.06 0.08869668
16.07 0.1407911
16.08 0.1971981
16.09 0.2513832
16.1 0.2845565
16.11 0.2860426
16.12 0.2762764
16.13 0.2690751
16.14 0.2695099
16.15 0.2798061
16.16 0.2861789
16.17 0.2539637
16.18 0.1626244
16.19 0.05910407
16.2 -0.01832858
16.21 -0.0673239
16.22 -0.1091974
16.23 -0.1433292
16.24 -0.1566153
16.25 -0.1638532
16.26 -0.1623306
16.27 -0.1181904
16.28 -0.0457665
16.29 0.01597324
16.3 0.02684982
16.31 0.008281814
16.32 -0.01258491
16.33 -0.02781925
16.34 -0.02932444
16.35 -0.03506187
16.36 -0.05771114
16.37 -0.08601542
16.38 -0.1166877
16.39 -0.1494936
16.4 -0.1684306
16.41 -0.1481847
16.42 -0.1119532
16.43 -0.07748972
16.44 -0.04339288
16.45 -0.01056284
16.46 0.0236425
16.47 0.05702553
16.48 0.09010168
16.49 0.1219645
16.5 0.1575792
16.51 0.1953051
16.52 0.2227502
16.53 0.2118507
16.54 0.177817
16.55 0.1459736
16.56 0.1339282
16.57 0.1358924
16.58 0.1227177
16.59 0.08997039
16.6 0.052149
16.61 0.01399041
16.62 -0.0227647
16.63 -0.0507076
16.64 -0.06802239
16.65 -0.08318235
16.66 -0.09995283
16.67 -0.112975
16.68 -0.1110565
16.69 -0.09661758
16.7 -0.07963017
16.71 -0.06200505
16.72 -0.04491444
16.73 -0.03258004
16.74 -0.02782429
16.75 -0.02537231
16.76 -0.02279307
16.77 -0.02045038
16.78 -0.01837664
16.79 -0.0156108
16.8 -0.01017035
16.81 -0.003245663
16.82 0.003770247
16.83 0.01094522
16.84 0.01833208
16.85 0.02539472
16.86 0.02983391
16.87 0.03046483
16.88 0.02876279
16.89 0.02717778
16.9 0.03220544
16.91 0.04836485
16.92 0.06089363
16.93 0.05238246
16.94 0.03797572
16.95 0.04085665
16.96 0.05543214
16.97 0.06806324
16.98 0.07573814
16.99 0.08279754
17 0.08736749
17.01 0.08050598
17.02 0.06595313
17.03 0.04981897
17.04 0.03253272
17.05 0.01657082
17.06 0.008857788
17.07 0.01153092
17.08 0.01686591
17.09 0.02211617
17.1 0.02819964
17.11 0.03470078
17.12 0.03694717
17.13 0.02895937
17.14 0.01682106
17.15 0.004435715
17.16 -0.006606725
17.17 -0.01079302
17.18 -0.009891586
17.19 -0.008389876
17.2 -0.01166174
17.21 -0.02143818
17.22 -0.02743223
17.23 -0.02172018
17.24 -0.01230317
17.25 -0.002622234
17.26 0.007167759
17.27 0.01440602
17.28 0.01548504
17.29 0.01416961
17.3 0.01286365
17.31 0.01156865
17.32 0.01076695
17.33 0.009587079
17.34 0.005126046
17.35 -0.003634293
17.36 -0.01060834
17.37 -0.007885849
17.38 0.001332946
17.39 0.01137722
17.4 0.02285389
17.41 0.03546891
17.42 0.04231957
17.43 0.03062092
17.44 0.01165033
17.45 -0.007192679
17.46 -0.02608152
17.47 -0.04105901
17.48 -0.05084052
17.49 -0.05919937
17.5 -0.0648678
17.51 -0.05809907
17.52 -0.0428105
17.53 -0.02765398
17.54 -0.01849036
17.55 -0.01279835
17.56 -0.009627759
17.57 -0.007297112
17.58 0.001619846
17.59 0.01536838
17.6 0.03021266
17.61 0.0440284
17.62 0.05076757
17.63 0.05020954
17.64 0.04795711
17.65 0.04191355
17.66 0.02278815
17.67 -0.002194102
17.68 -0.02817404
17.69 -0.05061443
17.7 -0.05781609
17.71 -0.05112207
17.72 -0.03144334
17.73 -0.00167598
17.74 0.03023461
17.75 0.05985727
17.76 0.08222072
17.77 0.09969393
17.78 0.105772
17.79 0.0764342
17.8 0.02283409
17.81 -0.03548053
17.82 -0.08431735
17.83 -0.09686494
17.84 -0.08909671
17.85 -0.07789799
17.86 -0.06712306
17.87 -0.06110423
17.88 -0.06284239
17.89 -0.05712049
17.9 -0.05369778
17.91 -0.0614367
17.92 -0.0694695
17.93 -0.06820956
17.94 -0.05923093
17.95 -0.05282596
17.96 -0.05676511
17.97 -0.06466308
17.98 -0.05935928
17.99 -0.04673212
18 -0.03477239
18.01 -0.02718555
18.02 -0.02404043
18.03 -0.02152674
18.04 -0.01903365
18.05 -0.01740361
18.06 -0.01578893
18.07 -0.00914737
18.08 0.007300435
18.09 0.02753515
18.1 0.0479673
18.11 0.06722056
18.12 0.07994017
18.13 0.08476451
18.14 0.08006285
18.15 0.06171931
18.16 0.03840383
18.17 0.0150612
18.18 -0.009419094
18.19 -0.03158993
18.2 -0.04681723
18.21 -0.0571315
18.22 -0.06852057
18.23 -0.0808741
18.24 -0.08913894
18.25 -0.0807989
18.26 -0.06440092
18.27 -0.05153668
18.28 -0.05288094
18.29 -0.06038237
18.3 -0.06368443
18.31 -0.05333503
18.32 -0.03454827
18.33 -0.01746654
18.34 -0.00744276
18.35 -0.001914617
18.36 -0.000918006
18.37 -0.006330832
18.38 -0.01374061
18.39 -0.02180028
18.4 -0.02896932
18.41 -0.03144542
18.42 -0.02889759
18.43 -0.02499424
18.44 -0.02139918
18.45 -0.01810032
18.46 -0.0137664
18.47 -0.005687838
18.48 0.004339426
18.49 0.01317988
18.5 0.01732532
18.51 0.01758567
18.52 0.01464794
18.53 0.004096576
18.54 -0.01003187
18.55 -0.01974967
18.56 -0.02500218
18.57 -0.03382035
18.58 -0.04962024
18.59 -0.0677946
18.6 -0.07890664
18.61 -0.06715803
18.62 -0.04697092
18.63 -0.02784794
18.64 -0.008839294
18.65 0.01167055
18.66 0.03496751
18.67 0.05187165
18.68 0.04302761
18.69 0.01376915
18.7 -0.02087102
18.71 -0.05134491
18.72 -0.05981972
18.73 -0.04543974
18.74 -0.02491021
18.75 -0.003369702
18.76 0.01844037
18.77 0.0323924
18.78 0.03094921
18.79 0.02409794
18.8 0.01786083
18.81 0.01066127
18.82 0.002904632
18.83 -0.002792822
18.84 0.001178492
18.85 0.01100553
18.86 0.02210287
18.87 0.0325314
18.88 0.03910325
18.89 0.04046785
18.9 0.04015036
18.91 0.04009911
18.92 0.04059045
18.93 0.04033747
18.94 0.03511439
18.95 0.02332823
18.96 0.008579523
18.97 -0.006953458
18.98 -0.01832391
18.99 -0.01688232
19 -0.01066137
19.01 -0.005009223
19.02 0.001986749
19.03 0.01015831
19.04 0.01412188
19.05 0.002092173
19.06 -0.01840675
19.07 -0.0387487
19.08 -0.05465009
19.09 -0.06354913
19.1 -0.07119292
19.11 -0.07818089
19.12 -0.07994767
19.13 -0.07480067
19.14 -0.06725373
19.15 -0.05819762
19.16 -0.04815138
19.17 -0.03711082
19.18 -0.02544008
19.19 -0.01670727
19.2 -0.01708217
19.21 -0.02101547
19.22 -0.02465908
19.23 -0.02884732
19.24 -0.03339136
19.25 -0.03656013
19.26 -0.0344985
19.27 -0.03010114
19.28 -0.02692697
19.29 -0.02539341
19.3 -0.01996543
19.31 0.001649919
19.32 0.03267043
19.33 0.05222843
19.34 0.05010397
19.35 0.04102611
19.36 0.03276054
19.37 0.02435725
19.38 0.01604786
19.39 0.007201497
19.4 -0.002216981
19.41 -0.01165909
19.42 -0.0166823
19.43 -0.01334477
19.44 -0.007214998
19.45 -0.0009476631
19.46 0.00808801
19.47 0.01985903
19.48 0.03318006
19.49 0.04529653
19.5 0.05199787
19.51 0.05398264
19.52 0.05950435
19.53 0.0706231
19.54 0.07371971
19.55 0.06240713
19.56 0.04687672
19.57 0.03158114
19.58 0.01677039
19.59 0.002066696
19.6 -0.01423536
19.61 -0.03220651
19.62 -0.04404456
19.63 -0.03471034
19.64 -0.01332571
19.65 0.009326998
19.66 0.02762748
19.67 0.03134808
19.68 0.02895897
19.69 0.02300201
19.7 0.01197104
19.71 -0.00109541
19.72 -0.01153079
19.73 -0.01185839
19.74 -0.005803783
19.75 0.0009154083
19.76 0.00723687
19.77 0.01248687
19.78 0.01753856
19.79 0.02280382
19.8 0.02853123
19.81 0.03359169
19.82 0.03532944
19.83 0.03216701
19.84 0.02743746
19.85 0.022538
19.86 0.01810891
19.87 0.0160761
19.88 0.01699457
19.89 0.01896109
19.9 0.02035468
19.91 0.01903079
19.92 0.01561598
19.93 0.01192649
19.94 0.008416938
19.95 0.005061624
19.96 0.001098098
19.97 -0.004098408
19.98 -0.007410684
19.99 -0.0008440072
20 0.01314854
20.01 0.01634575
20.02 0.0009321471
20.03 -0.01945769
20.04 -0.03572041
20.05 -0.04601381
20.06 -0.05485052
20.07 -0.06835884
20.08 -0.07595535
20.09 -0.07920901
20.1 -0.08064563
20.11 -0.08203594
20.12 -0.08310096
20.13 -0.08512882
20.14 -0.08811586
20.15 -0.08732891
20.16 -0.07400259
20.17 -0.05514392
20.18 -0.04394823
20.19 -0.03557729
20.2 -0.02469683
20.21 -0.01271401
20.22 -0.0005457519
20.23 0.01059873
20.24 0.01934272
20.25 0.02668688
20.26 0.03356844
20.27 0.03654128
20.28 0.03265662
20.29 0.02624332
20.3 0.0218141
20.31 0.02289196
20.32 0.02667872
20.33 0.03052233
20.34 0.03602847
20.35 0.04314645
20.36 0.05000858
20.37 0.05265466
20.38 0.05087458
20.39 0.04790689
20.4 0.04590293
20.41 0.04505149
20.42 0.04468052
20.43 0.04397732
20.44 0.04322661
20.45 0.04299898
20.46 0.04334211
20.47 0.04117212
20.48 0.03166154
20.49 0.01916178
20.5 0.007234642
20.51 -0.005425072
20.52 -0.01826566
20.53 -0.02844475
20.54 -0.0298305
20.55 -0.02774178
20.56 -0.02562812
20.57 -0.02345071
20.58 -0.02122338
20.59 -0.01950679
20.6 -0.01888555
20.61 -0.01869613
20.62 -0.01842545
20.63 -0.01815786
20.64 -0.01779109
20.65 -0.0175996
20.66 -0.01738702
20.67 -0.01697124
20.68 -0.01553522
20.69 -0.01363581
20.7 -0.01168949
20.71 -0.009819847
20.72 -0.00793979
20.73 -0.006138827
20.74 -0.004358144
20.75 -0.002597958
20.76 -0.0006296881
20.77 0.001393843
20.78 0.003376947
20.79 0.005195432
20.8 0.007061981
20.81 0.009158361
20.82 0.01114112
20.83 0.01085127
20.84 0.006893237
20.85 0.002091203
20.86 -0.001338616
20.87 -0.003755909
20.88 -0.005903755
20.89 -0.008175847
20.9 -0.009752263
20.91 -0.01001845
20.92 -0.009680757
20.93 -0.008493494
20.94 -0.004077368
20.95 0.00214596
20.96 0.008593888
20.97 0.01483577
20.98 0.02050609
20.99 0.02467311
21 0.02811323
21.01 0.03138521
21.02 0.03464909
21.03 0.03778816
21.04 0.04011317
21.05 0.04053746
21.06 0.0403405
21.07 0.04010581
21.08 0.03986977
21.09 0.03971189
21.1 0.03922064
21.11 0.03724179
21.12 0.03393999
21.13 0.03038204
21.14 0.02697509
21.15 0.02378227
21.16 0.02062057
21.17 0.01692026
21.18 0.01266724
21.19 0.008428061
21.2 0.003905593
21.21 -0.001082434
21.22 -0.003519568
21.23 0.001289195
21.24 0.008524607
21.25 0.009488039
21.26 0.005575792
21.27 0.0009748503
21.28 -0.003036821
21.29 -0.006673922
21.3 -0.009951408
21.31 -0.01350816
21.32 -0.01689335
21.33 -0.01780724
21.34 -0.01274489
21.35 -0.006017134
21.36 -4.800931e-05
21.37 0.005404524
21.38 0.01044905
21.39 0.01510689
21.4 0.01858307
21.41 0.01969716
21.42 0.01923649
21.43 0.01705797
21.44 0.01426071
21.45 0.01172254
21.46 0.009277035
21.47 0.007195582
21.48 0.005762135
21.49 0.004932507
21.5 0.004258679
21.51 0.003670241
21.52 0.003113688
21.53 0.002600602
21.54 0.002144592
21.55 0.001868906
21.56 0.00176713
21.57 0.001721743
21.58 0.001641376
21.59 0.001542028
21.6 0.001437262
21.61 0.001407602
21.62 0.001461089
21.63 0.001507105
21.64 0.001497483
21.65 0.001450148
21.66 0.001374111
21.67 0.001280256
21.68 0.00109826
21.69 0.0007138798
21.7 0.0002290262
21.71 -0.0002282668
21.72 -0.000639689
21.73 -0.0009666088
21.74 -0.001172682
21.75 -0.001337926
21.76 -0.001508249
21.77 -0.001668501
21.78 -0.001830347
21.79 -0.002004451
21.8 -0.002204453
21.81 -0.002397325
21.82 -0.002572733
21.83 -0.002737147
21.84 -0.002905362
21.85 -0.003073286
21.86 -0.00322597
21.87 -0.003352075
21.88 -0.003451336
21.89 -0.003542892
21.9 -0.003637071
21.91 -0.003735094
21.92 -0.003834107
21.93 -0.003930392
21.94 -0.004024568
21.95 -0.004116466
21.96 -0.004207168
21.97 -0.004296169
21.98 -0.004382631
21.99 -0.004466855
22 -0.004550821
22.01 -0.004634983
22.02 -0.004718141
22.03 -0.004798172
22.04 -0.004875378
22.05 -0.004952937
22.06 -0.00503168
22.07 -0.005110819
22.08 -0.005188057
22.09 -0.005262213
22.1 -0.005333405
22.11 -0.005401561
22.12 -0.005466196
22.13 -0.005526992
22.14 -0.005584139
22.15 -0.005637732
22.16 -0.005687781
22.17 -0.005734212
22.18 -0.005776957
22.19 -0.005815969
22.2 -0.005851231
22.21 -0.00588271
22.22 -0.005910368
22.23 -0.005934156
22.24 -0.005954035
22.25 -0.005969966
22.26 -0.005981913
22.27 -0.005989844
22.28 -0.005993726
22.29 -0.00599353
