0 -0.001649313
0.02 -0.0007619423
0.04 -0.0003039915
0.06 -0.0006447007
0.08 0.0001916705
0.1 0.0001243219
0.12 -0.0003102265
0.14 -0.0001358346
0.16 -0.0009355425
0.18 -0.0001389503
0.2 -0.0002654578
0.22 0.0009381149
0.24 0.001256328
0.26 -3.297903e-05
0.28 0.0006065343
0.3 0.001291948
0.32 0.001130762
0.34 -0.0001514043
0.36 0.0002035299
0.38 -0.0002238756
0.4 0.0004798989
0.42 -0.0005493061
0.44 -0.0004157112
0.46 -0.0003106759
0.48 -8.018041e-05
0.5 0.0004134752
0.52 0.0002267911
0.54 0.0003124472
0.56 0.0007897834
0.58 0.0005388399
0.6 -0.001260463
0.62 0.0001807735
0.64 0.001217071
0.66 0.0009243079
0.68 -0.0005669546
0.7 -0.000762817
0.72 -0.0009709191
0.74 0.000234699
0.76 0.0003825772
0.78 -0.0007894243
0.8 -0.001248445
0.82 0.0002723531
0.84 0.001207672
0.86 0.001571791
0.88 0.0003814307
0.9 -0.001071069
0.92 0.0005109301
0.94 0.00089035
0.96 0.00121877
0.98 0.00107595
1 0.001488011
1.02 -0.0001603283
1.04 -0.0005061275
1.06 -0.0006254864
1.08 -0.0009172252
1.1 -0.0007367038
1.12 -0.0009213422
1.14 -0.00100704
1.16 -0.0009815585
1.18 -0.0008734564
1.2 -0.0008653141
1.22 -0.0006256317
1.24 0.000326011
1.26 0.0008472138
1.28 0.001301096
1.3 0.00109708
1.32 0.001497923
1.34 0.001798807
1.36 0.00149687
1.38 0.0008664942
1.4 -0.0006084418
1.42 -0.0008318377
1.44 -0.001067473
1.46 -0.001468349
1.48 0.0008082757
1.5 0.00149064
1.52 -0.0009645145
1.54 -0.001168529
1.56 -0.0002393241
1.58 0.001707841
1.6 0.001182527
1.62 -0.0001465474
1.64 0.0004236186
1.66 0.0002665246
1.68 -0.0001629091
1.7 -0.0005433827
1.72 -9.86762e-05
1.74 0.0001083704
1.76 -0.0006515426
1.78 -0.0009412357
1.8 -0.001158508
1.82 -0.0006985013
1.84 -0.0001579139
1.86 3.791374e-05
1.88 -0.0007699385
1.9 -0.0007699507
1.92 -0.001118803
1.94 -0.0008597344
1.96 0.001030313
1.98 0.0008732222
2 -0.0001733091
2.02 -0.001804301
2.04 -0.002314311
2.06 -6.624246e-05
2.08 0.0007456667
2.1 0.0004325159
2.12 0.0002448254
2.14 0.000204015
2.16 -0.001110775
2.18 -0.0009037254
2.2 0.0003763645
2.22 0.0003885946
2.24 -0.0003386751
2.26 -0.001522905
2.28 -0.0006365342
2.3 -0.001319943
2.32 -0.001104733
2.34 -0.001250602
2.36 -0.0001581908
2.38 0.001376901
2.4 0.001329972
2.42 0.001584963
2.44 0.0006016746
2.46 0.0001855063
2.48 0.0004180581
2.5 0.00022425
2.52 -0.001138478
2.54 -0.001949386
2.56 -0.001186433
2.58 -0.000717241
2.6 0.0009402515
2.62 -0.0004642958
2.64 -0.0007754031
2.66 -0.0009355501
2.68 -0.0001358771
2.7 0.001685836
2.72 0.002851689
2.74 0.001647062
2.76 -0.0008998839
2.78 -0.00198211
2.8 -0.002637976
2.82 -0.0005796228
2.84 -0.0006530688
2.86 -0.001069235
2.88 -0.00188932
2.9 -0.0005755663
2.92 0.000744308
2.94 0.001718403
2.96 0.001278778
2.98 0.001865271
3 0.003458506
3.02 0.001790801
3.04 0.0009727567
3.06 -0.0006357881
3.08 -0.001255953
3.1 0.0003148424
3.12 0.002406858
3.14 0.002788333
3.16 0.001897869
3.18 0.002392565
3.2 0.001065541
3.22 -0.001452843
3.24 -0.003666247
3.26 -0.003156251
3.28 -0.001035675
3.3 0.0006758815
3.32 0.000656498
3.34 0.001129774
3.36 0.001323571
3.38 0.001563268
3.4 0.001551025
3.42 0.001467381
3.44 0.003656298
3.46 0.004274415
3.48 0.002390473
3.5 -0.001229509
3.52 -0.003586732
3.54 -0.003700975
3.56 -0.002028177
3.58 -0.001298879
3.6 -0.002383141
3.62 -0.002621824
3.64 -0.0005410257
3.66 0.0006952122
3.68 -0.0003451896
3.7 -0.0009735113
3.72 -0.001208113
3.74 0.0002657853
3.76 0.002837203
3.78 0.0002311023
3.8 -0.002692219
3.82 -0.00292784
3.84 -0.001556961
3.86 -0.001020442
3.88 0.0004463163
3.9 0.001310256
3.92 0.0004157144
3.94 0.0002463937
3.96 0.001421433
3.98 0.002990192
4 0.002434291
4.02 0.001422451
4.04 0.0006594909
4.06 0.0002861705
4.08 -0.0006410097
4.1 -0.001774229
4.12 -0.00504639
4.14 -0.00368877
4.16 -0.00209451
4.18 0.0003769502
4.2 0.001616251
4.22 0.00272193
4.24 0.001944691
4.26 -0.0005981686
4.28 -0.001805848
4.3 -0.002934988
4.32 -0.0001463069
4.34 0.0005891137
4.36 0.001056274
4.38 0.0005799353
4.4 0.002083416
4.42 0.001777417
4.44 0.002531198
4.46 0.001842699
4.48 0.0006523604
4.5 0.001853922
4.52 0.0009083829
4.54 -0.0009582157
4.56 -0.004273214
4.58 -0.003727513
4.6 -0.002153652
4.62 0.0006850103
4.64 0.003098332
4.66 0.004300913
4.68 0.004475335
4.7 0.002529177
4.72 0.0008400593
4.74 -0.002888039
4.76 -0.005134076
4.78 -0.003321534
4.8 -0.002076112
4.82 -4.733025e-05
4.84 0.001515312
4.86 0.003731774
4.88 0.003562456
4.9 0.002164039
4.92 1.28616e-05
4.94 -0.002768676
4.96 -0.004880073
4.98 -0.004759711
5 -0.001047928
5.02 0.002216075
5.04 0.002820937
5.06 -0.0001747995
5.08 -0.001072396
5.1 -0.0006144136
5.12 -0.0006541906
5.14 -0.0001809076
5.16 -0.0003583845
5.18 -0.002197442
5.2 -0.003524458
5.22 -0.004377175
5.24 -0.003146032
5.26 0.0002434317
5.28 0.001981515
5.3 0.002029458
5.32 0.001089022
5.34 0.001120645
5.36 0.00160107
5.38 0.001752033
5.4 0.0002077565
5.42 -0.0008928198
5.44 0.000360764
5.46 0.001638828
5.48 0.001557232
5.5 -0.0008499645
5.52 -0.00325716
5.54 -0.003240837
5.56 -0.002287132
5.58 1.093141e-05
5.6 0.003396315
5.62 0.0033494
5.64 0.003966503
5.66 0.002086648
5.68 0.0007382123
5.7 -0.0001491834
5.72 -0.002706319
5.74 -0.003031695
5.76 -0.00294499
5.78 -0.002125926
5.8 -0.0009753615
5.82 0.001378803
5.84 0.005182387
5.86 0.007410072
5.88 0.006864376
5.9 0.004390881
5.92 0.002074466
5.94 0.001968391
5.96 -0.0003306845
5.98 -0.003808879
6 -0.003734415
6.02 -0.00245941
6.04 -0.0001042252
6.06 0.0006475197
6.08 -0.0009161353
6.1 -0.0009875303
6.12 -0.001289446
6.14 -0.0006223603
6.16 -0.0003928553
6.18 -0.00143937
6.2 -0.001517905
6.22 0.00052414
6.24 0.001864425
6.26 0.00110759
6.28 -0.001197605
6.3 -0.0009446391
6.32 0.0005333461
6.34 0.001797131
6.36 0.003565817
6.38 0.003034402
6.4 0.001532967
6.42 -0.002071707
6.44 -0.006486261
6.46 -0.007475656
6.48 -0.004256531
6.5 -0.0003111652
6.52 0.00209196
6.54 0.003502625
6.56 0.002957951
6.58 0.002694797
6.6 0.002560162
6.62 0.0003447282
6.64 -0.001037367
6.66 -0.001431081
6.68 -0.001161795
6.7 -0.000791529
6.72 -0.0008792432
6.74 -0.001718698
6.76 -0.0007904917
6.78 -0.0003508659
6.8 0.00226646
6.82 0.004813406
6.84 0.004209572
6.86 0.004349317
6.88 0.004446223
6.9 0.003433369
6.92 0.0005202551
6.94 -0.002260259
6.96 -0.006313733
6.98 -0.008222147
7 -0.00692572
7.02 -0.005958755
7.04 -0.004520549
7.06 -0.003898343
7.08 -0.001620677
7.1 -0.001077011
7.12 -0.001481945
7.14 -0.0008372989
7.16 0.001008907
7.18 0.003601753
7.2 0.004173979
7.22 0.004226006
7.24 0.002068712
7.26 -0.001266683
7.28 -0.002596756
7.3 -0.0009586298
7.32 0.002219697
7.34 0.005762162
7.36 0.008821148
7.38 0.008392754
7.4 0.004319901
7.42 0.0007539874
7.44 -0.003247466
7.46 -0.00262424
7.48 0.001904566
7.5 0.004434172
7.52 0.004580039
7.54 0.002393165
7.56 0.0006275513
7.58 -0.002543622
7.6 -0.004011396
7.62 -0.002089709
7.64 -0.0001792435
7.66 0.002502342
7.68 0.002929729
7.7 0.001942375
7.72 0.0004409418
7.74 -0.002311012
7.76 -0.003347325
7.78 -0.004285719
7.8 -0.005420973
7.82 -0.003387086
7.84 -0.00179792
7.86 -0.001243034
7.88 -0.002028427
7.9 -0.003797101
7.92 -0.005392374
7.94 -0.004866048
7.96 -0.002867861
7.98 -0.001623456
8 -0.001301129
8.02 -0.003685882
8.04 -0.004130596
8.06 -0.004564089
8.08 -0.004378443
8.1 -0.004189737
8.12 -0.002815791
8.14 -0.002051804
8.16 -0.003219698
8.18 -0.006015511
8.2 -0.007304785
8.22 -0.004505899
8.24 -0.001951812
8.26 0.001297914
8.28 0.00351846
8.3 0.004747567
8.32 0.005678833
8.34 0.007269019
8.36 0.007155806
8.38 0.006007293
8.4 0.006712118
8.42 0.009129525
8.44 0.01317995
8.46 0.01644293
8.48 0.0185931
8.5 0.01645417
8.52 0.01425199
8.54 0.01243436
8.56 0.009548789
8.58 0.006232776
8.6 0.001240902
8.62 -0.004571051
8.64 -0.01032792
8.66 -0.01504134
8.68 -0.01714763
8.7 -0.01418758
8.72 -0.0095017
8.74 -0.007948233
8.76 -0.01190073
8.78 -0.01574408
8.8 -0.01706702
8.82 -0.01519837
8.84 -0.009884162
8.86 -0.002096456
8.88 0.00552601
8.9 0.009233716
8.92 0.008213723
8.94 0.003792028
8.96 0.003016835
8.98 0.009808001
9 0.01652471
9.02 0.01838009
9.04 0.01599942
9.06 0.009835566
9.08 0.002956692
9.1 -0.003831401
9.12 -0.005628636
9.14 -0.001948469
9.16 0.005864736
9.18 0.01401658
9.2 0.01541909
9.22 0.01021098
9.24 0.001344121
9.26 -0.005045152
9.28 -0.004435186
9.3 0.001026919
9.32 0.006874585
9.34 0.005010031
9.36 0.0003700574
9.38 -0.002837837
9.4 -0.003410051
9.42 -0.0003449445
9.44 0.0008770214
9.46 -0.002241112
9.48 -0.008221366
9.5 -0.01240642
9.52 -0.01207491
9.54 -0.006196648
9.56 -0.003014243
9.58 -0.007967357
9.6 -0.01829995
9.62 -0.02939755
9.64 -0.03832662
9.66 -0.04145699
9.68 -0.04102144
9.7 -0.03842248
9.72 -0.0334357
9.74 -0.03006459
9.76 -0.03069903
9.78 -0.02910272
9.8 -0.02183419
9.82 -0.009687007
9.84 0.003604618
9.86 0.01230828
9.88 0.01129543
9.9 0.004261515
9.92 -0.0008598995
9.94 0.000611966
9.96 0.01387605
9.98 0.03060406
10 0.0446974
10.02 0.04912216
10.04 0.04753709
10.06 0.04661502
10.08 0.0477258
10.1 0.05009833
10.12 0.05104898
10.14 0.04709036
10.16 0.03728409
10.18 0.02762673
10.2 0.02015931
10.22 0.01591306
10.24 0.01389245
10.26 0.01269701
10.28 0.0119667
10.3 0.009434044
10.32 0.004259589
10.34 -0.002369385
10.36 -0.00912688
10.38 -0.01040493
10.4 -0.006660509
10.42 -0.001430965
10.44 -0.0006577994
10.46 -0.007820234
10.48 -0.01781011
10.5 -0.02536117
10.52 -0.02919024
10.54 -0.03098544
10.56 -0.02929223
10.58 -0.02037539
10.6 -0.006982778
10.62 0.003948566
10.64 0.005980411
10.66 -0.001846044
10.68 -0.007939519
10.7 -0.009477674
10.72 -0.005372169
10.74 -0.001245244
10.76 -0.002499839
10.78 -0.005985174
10.8 -0.01217147
10.82 -0.0183751
10.84 -0.02177782
10.86 -0.02060685
10.88 -0.01642587
10.9 -0.0144899
10.92 -0.01604846
10.94 -0.01855255
10.96 -0.01997851
10.98 -0.009719347
11 0.009637196
11.02 0.02821548
11.04 0.03807583
11.06 0.03479245
11.08 0.0232328
11.1 0.00624572
11.12 -0.009279695
11.14 -0.01878099
11.16 -0.01893705
11.18 -0.01454594
11.2 -0.01047512
11.22 -0.01042411
11.24 -0.01564549
11.26 -0.01823731
11.28 -0.0159117
11.3 -0.008454476
11.32 0.002487067
11.34 0.01470769
11.36 0.02301457
11.38 0.02341442
11.4 0.01830626
11.42 0.009645448
11.44 0.003982412
11.46 0.008065476
11.48 0.01754434
11.5 0.01936709
11.52 0.01218017
11.54 0.0009642527
11.56 -0.009741663
11.58 -0.01536696
11.6 -0.02038433
11.62 -0.02436029
11.64 -0.02594129
11.66 -0.02528441
11.68 -0.01967848
11.7 -0.01086364
11.72 -0.0005881525
11.74 0.006178531
11.76 0.008200175
11.78 0.008142039
11.8 0.009243642
11.82 0.01198541
11.84 0.01393973
11.86 0.01059923
11.88 0.002516757
11.9 -0.006481679
11.92 -0.01443156
11.94 -0.01653888
11.96 -0.006344989
11.98 0.008302214
12 0.02229254
12.02 0.03011186
12.04 0.02421627
12.06 0.01014231
12.08 -0.005729909
12.1 -0.01701723
12.12 -0.01379403
12.14 -0.001570339
12.16 0.01179881
12.18 0.01967117
12.2 0.01514951
12.22 0.004288553
12.24 -0.005594223
12.26 -0.01311672
12.28 -0.009614036
12.3 0.002153706
12.32 0.01611547
12.34 0.02801989
12.36 0.02860027
12.38 0.02258534
12.4 0.01198856
12.42 -0.001295916
12.44 -0.01602573
12.46 -0.02760579
12.48 -0.02988753
12.5 -0.02590341
12.52 -0.0232565
12.54 -0.0225986
12.56 -0.02447029
12.58 -0.02406433
12.6 -0.01803511
12.62 -0.007956488
12.64 0.002463834
12.66 0.009564057
12.68 0.01303104
12.7 0.01475892
12.72 0.0167979
12.74 0.01726711
12.76 0.01589623
12.78 0.01406635
12.8 0.01176728
12.82 0.007719916
12.84 0.003519558
12.86 0.002585241
12.88 0.005953283
12.9 0.007749506
12.92 0.003374728
12.94 -0.00379689
12.96 -0.01046871
12.98 -0.01473537
13 -0.01881434
13.02 -0.0239633
13.04 -0.02868386
13.06 -0.02747108
13.08 -0.01425494
13.1 0.002804567
13.12 0.01997321
13.14 0.02980805
13.16 0.03548333
13.18 0.03701537
13.2 0.03714696
13.22 0.03218976
13.24 0.01660518
13.26 -0.001684438
13.28 -0.01884491
13.3 -0.02548511
13.32 -0.02553917
13.34 -0.02243633
13.36 -0.01715374
13.38 -0.008781587
13.4 0.004080614
13.42 0.01700299
13.44 0.02708263
13.46 0.02705
13.48 0.01544342
13.5 0.0008329418
13.52 -0.01176916
13.54 -0.01920699
13.56 -0.02215887
13.58 -0.02261787
13.6 -0.01997404
13.62 -0.01319715
13.64 -0.005091209
13.66 0.002638353
13.68 0.008453374
13.7 0.01344424
13.72 0.01409092
13.74 0.007699597
13.76 -0.0002859812
13.78 -0.00713528
13.8 -0.009130399
13.82 -0.007812558
13.84 -0.005569576
13.86 0.0009461842
13.88 0.007632285
13.9 0.0114583
13.92 0.01317293
13.94 0.01155317
13.96 0.006252229
13.98 -0.00205465
14 -0.01026667
14.02 -0.02003215
14.04 -0.02761585
14.06 -0.03071052
14.08 -0.02770153
14.1 -0.02035141
14.12 -0.01024218
14.14 0.001304216
14.16 0.01366764
14.18 0.02565263
14.2 0.03676452
14.22 0.03861684
14.24 0.0265278
14.26 0.01191425
14.28 0.0004310997
14.3 0.0005331002
14.32 0.00258534
14.34 0.002119201
14.36 -0.001541578
14.38 -0.002419798
14.4 0.002735283
14.42 0.01252524
14.44 0.02257428
14.46 0.02400739
14.48 0.01535064
14.5 0.0006167433
14.52 -0.01464143
14.54 -0.02737307
14.56 -0.02882454
14.58 -0.02612969
14.6 -0.02092463
14.62 -0.0126759
14.64 0.0005392241
14.66 0.01752223
14.68 0.03420534
14.7 0.04486842
14.72 0.04457467
14.74 0.03730002
14.76 0.02639214
14.78 0.01679803
14.8 0.004298943
14.82 -0.008568356
14.84 -0.02248013
14.86 -0.03320442
14.88 -0.03785969
14.9 -0.03914592
14.92 -0.03069828
14.94 -0.01782383
14.96 -0.002913479
14.98 0.004485601
15 -0.0038631
15.02 -0.01764126
15.04 -0.02708748
15.06 -0.0218457
15.08 -0.01103574
15.1 -0.001346762
15.12 0.002454777
15.14 -0.0006011432
15.16 -0.008646903
15.18 -0.01315836
15.2 -0.01112551
15.22 -0.008875386
15.24 -0.008158326
15.26 -0.009252787
15.28 -0.01114488
15.3 -0.01266979
15.32 -0.01344091
15.34 -0.01177729
15.36 -0.005355371
15.38 0.004795668
15.4 0.01675415
15.42 0.02861981
15.44 0.03824758
15.46 0.04255505
15.48 0.04398406
15.5 0.04261522
15.52 0.03833326
15.54 0.03098212
15.56 0.02246104
15.58 0.01566172
15.6 0.01032405
15.62 0.008433995
15.64 0.01009659
15.66 0.01445404
15.68 0.01869213
15.7 0.02160831
15.72 0.01718559
15.74 0.004788508
15.76 -0.01481079
15.78 -0.03325749
15.8 -0.04593712
15.82 -0.04939593
15.84 -0.0492154
15.86 -0.04732329
15.88 -0.04434898
15.9 -0.04054745
15.92 -0.03158164
15.94 -0.02001383
15.96 -0.004592447
15.98 0.00979159
16 0.02005585
16.02 0.02369011
16.04 0.02500999
16.06 0.02313318
16.08 0.02024964
16.1 0.0167796
16.12 0.0151833
16.14 0.016494
16.16 0.01690505
16.18 0.01155006
16.2 0.004443712
16.22 -0.003833589
16.24 -0.01172533
16.26 -0.01537897
16.28 -0.01287385
16.3 -0.008205316
16.32 -0.004537398
16.34 -0.001308081
16.36 0.0001137976
16.38 0.003200315
16.4 0.003384934
16.42 0.002336372
16.44 0.0006146096
16.46 0.002123187
16.48 0.004490605
16.5 0.004577304
16.52 0.002456721
16.54 -0.005159621
16.56 -0.01550446
16.58 -0.02386949
16.6 -0.02488336
16.62 -0.01877663
16.64 -0.01073393
16.66 -0.001438674
16.68 0.004326364
16.7 0.003687841
16.72 0.000125999
16.74 -0.006698823
16.76 -0.009797585
16.78 -0.01042998
16.8 -0.01071457
16.82 -0.009635412
16.84 -0.01041775
16.86 -0.01258016
16.88 -0.016397
16.9 -0.01597574
16.92 -0.01381232
16.94 -0.009107067
16.96 -0.0005900702
16.98 0.007684167
17 0.01562486
17.02 0.02115428
17.04 0.0255413
17.06 0.02485892
17.08 0.01774645
17.1 0.007923851
17.12 -0.001182711
17.14 -0.006022614
17.16 -0.005725796
17.18 -0.003317579
17.2 -0.001792682
17.22 0.001091875
17.24 0.005654332
17.26 0.01103177
17.28 0.01562891
17.3 0.01676416
17.32 0.01433147
17.34 0.01105726
17.36 0.005582914
17.38 -0.001892668
17.4 -0.01018017
17.42 -0.01607883
17.44 -0.0189736
17.46 -0.02286388
17.48 -0.02646652
17.5 -0.03057508
17.52 -0.03018239
17.54 -0.02313113
17.56 -0.01192236
17.58 -0.002140558
17.6 0.007948258
17.62 0.01941407
17.64 0.03182645
17.66 0.04184183
17.68 0.04774967
17.7 0.05088004
17.72 0.05094736
17.74 0.04839837
17.76 0.04251094
17.78 0.03528219
17.8 0.02604813
17.82 0.01835324
17.84 0.01172733
17.86 0.008499017
17.88 0.01066447
17.9 0.01617655
17.92 0.02331756
17.94 0.02661216
17.96 0.02139486
17.98 0.01252494
18 0.002885934
18.02 -0.00628081
18.04 -0.012053
18.06 -0.01810057
18.08 -0.02532932
18.1 -0.03209294
18.12 -0.03758667
18.14 -0.03882699
18.16 -0.038368
18.18 -0.03704505
18.2 -0.03331594
18.22 -0.0264595
18.24 -0.01862897
18.26 -0.01227641
18.28 -0.007495675
18.3 -0.007996499
18.32 -0.01160526
18.34 -0.01622995
18.36 -0.02065165
18.38 -0.02209394
18.4 -0.02224592
18.42 -0.01885952
18.44 -0.01282214
18.46 -0.008967567
18.48 -0.007679312
18.5 -0.008294376
18.52 -0.01010692
18.54 -0.01172873
18.56 -0.01273546
18.58 -0.00992129
18.6 -0.004144015
18.62 0.002838902
18.64 0.006939298
18.66 0.007276914
18.68 0.005750991
18.7 0.004959466
18.72 0.007908282
18.74 0.009307718
18.76 0.01152418
18.78 0.01133547
18.8 0.008779347
18.82 0.005755043
18.84 0.001400659
18.86 -0.002076525
18.88 -0.0002395089
18.9 0.008519227
18.92 0.02135694
18.94 0.0344211
18.96 0.04188749
18.98 0.04177325
19 0.03255448
19.02 0.01760434
19.04 0.004264779
19.06 -0.002448865
19.08 -0.0002528089
19.1 0.005180727
19.12 0.009118942
19.14 0.009527958
19.16 0.007225814
19.18 0.00675865
19.2 0.008727246
19.22 0.01035414
19.24 0.009768658
19.26 0.006476094
19.28 0.00146585
19.3 -0.002903835
19.32 -0.01036004
19.34 -0.01898108
19.36 -0.030962
19.38 -0.04068873
19.4 -0.04723509
19.42 -0.05092444
19.44 -0.05134162
19.46 -0.04971881
19.48 -0.04340195
19.5 -0.03279192
19.52 -0.01946052
19.54 -0.004731725
19.56 0.008964831
19.58 0.01726967
19.6 0.01884148
19.62 0.01421578
19.64 0.009652294
19.66 0.005224469
19.68 0.004714465
19.7 0.008207961
19.72 0.01342321
19.74 0.01642813
19.76 0.015504
19.78 0.01395564
19.8 0.0114699
19.82 0.0102
19.84 0.01069775
19.86 0.01471247
19.88 0.02110072
19.9 0.02770114
19.92 0.03113241
19.94 0.02985027
19.96 0.0244106
19.98 0.0175052
20 0.01189417
20.02 0.006814571
20.04 0.002984466
20.06 -0.001560657
20.08 -0.005956862
20.1 -0.008375286
20.12 -0.006883031
20.14 -0.004449315
20.16 -0.00408518
20.18 -0.006588264
20.2 -0.009255569
20.22 -0.01152711
20.24 -0.01071927
20.26 -0.009009762
20.28 -0.008306987
20.3 -0.008194791
20.32 -0.01189331
20.34 -0.01542048
20.36 -0.02092746
20.38 -0.02568781
20.4 -0.02994631
20.42 -0.0303227
20.44 -0.02620292
20.46 -0.02159151
20.48 -0.01510227
20.5 -0.009904356
20.52 -0.00578458
20.54 -3.225337e-06
20.56 0.00838423
20.58 0.01668193
20.6 0.02324766
20.62 0.02701452
20.64 0.02854961
20.66 0.02992457
20.68 0.02975626
20.7 0.02912182
20.72 0.02769483
20.74 0.02689209
20.76 0.02621684
20.78 0.02434922
20.8 0.02102912
20.82 0.01316593
20.84 0.002574247
20.86 -0.006571078
20.88 -0.01619376
20.9 -0.02463529
20.92 -0.02977201
20.94 -0.03131936
20.96 -0.03151112
20.98 -0.03040443
21 -0.02802171
21.02 -0.02651722
21.04 -0.02586646
21.06 -0.02733017
21.08 -0.0276484
21.1 -0.02575121
21.12 -0.02018711
21.14 -0.0126024
21.16 -0.003722287
21.18 0.004406088
21.2 0.01063829
21.22 0.01313014
21.24 0.01301386
21.26 0.01267011
21.28 0.01273029
21.3 0.01141958
21.32 0.009339796
21.34 0.005771832
21.36 0.001048207
21.38 -0.001109096
21.4 -0.003009361
21.42 -0.0005695261
21.44 0.006120649
21.46 0.01562908
21.48 0.02365444
21.5 0.02863611
21.52 0.03046395
21.54 0.02877278
21.56 0.02789253
21.58 0.0261065
21.6 0.02523236
21.62 0.02183881
21.64 0.01620637
21.66 0.009699779
21.68 0.002929014
21.7 -0.00020851
21.72 -0.002819715
21.74 -0.007007839
21.76 -0.01095218
21.78 -0.01244649
21.8 -0.01159173
21.82 -0.009182497
21.84 -0.009539502
21.86 -0.01427129
21.88 -0.01827479
21.9 -0.02141946
21.92 -0.0209574
21.94 -0.01807999
21.96 -0.01861242
21.98 -0.02131237
22 -0.02636443
22.02 -0.02874716
22.04 -0.0270866
22.06 -0.02191521
22.08 -0.01386741
22.1 -0.00721294
22.12 -0.002300625
22.14 -0.0001372095
22.16 0.002289366
22.18 0.005965442
22.2 0.01117661
22.22 0.01710587
22.24 0.02271892
22.26 0.02632156
22.28 0.02828301
22.3 0.02749864
22.32 0.02254449
22.34 0.01836045
22.36 0.01287488
22.38 0.008102297
22.4 0.006677353
22.42 0.004270149
22.44 0.005286063
22.46 0.009427259
22.48 0.01489751
22.5 0.02067071
22.52 0.02507914
22.54 0.02864404
22.56 0.03128889
22.58 0.03268936
22.6 0.02748531
22.62 0.01835937
22.64 0.01004942
22.66 0.001515076
22.68 -0.003786888
22.7 -0.004738553
22.72 -0.004658997
22.74 -0.007065182
22.76 -0.01244875
22.78 -0.01623397
22.8 -0.02303942
22.82 -0.02849539
22.84 -0.0340289
22.86 -0.04216748
22.88 -0.04803657
22.9 -0.04868937
22.92 -0.0447736
22.94 -0.0375673
22.96 -0.02886569
22.98 -0.01894518
23 -0.01078926
23.02 -0.004493822
23.04 0.002968494
23.06 0.00751769
23.08 0.01108667
23.1 0.01206178
23.12 0.01390186
23.14 0.01839597
23.16 0.02226381
23.18 0.02384378
23.2 0.0238295
23.22 0.02416304
23.24 0.02367751
23.26 0.02406817
23.28 0.02585622
23.3 0.02680074
23.32 0.02702717
23.34 0.02813693
23.36 0.0306349
23.38 0.03207617
23.4 0.03174874
23.42 0.0308032
23.44 0.02776155
23.46 0.02347959
23.48 0.01920272
23.5 0.01441382
23.52 0.009354615
23.54 0.004257671
23.56 -0.0009096524
23.58 -0.007580456
23.6 -0.01785084
23.62 -0.02931361
23.64 -0.04123741
23.66 -0.05017364
23.68 -0.05403229
23.7 -0.05337338
23.72 -0.04878848
23.74 -0.04413219
23.76 -0.04090797
23.78 -0.03840388
23.8 -0.03579981
23.82 -0.0319024
23.84 -0.0294187
23.86 -0.02926775
23.88 -0.0266076
23.9 -0.02265204
23.92 -0.01855368
23.94 -0.01411974
23.96 -0.01074151
23.98 -0.009171734
24 -0.007026677
24.02 -0.004426701
24.04 0.001637195
24.06 0.007869391
24.08 0.01327233
24.1 0.01675664
24.12 0.01660976
24.14 0.01426579
24.16 0.01001138
24.18 0.005341809
24.2 0.001831985
24.22 -7.541797e-05
24.24 -0.001973642
24.26 -0.002646845
24.28 -0.003351669
24.3 -0.002257212
24.32 -0.0002039559
24.34 0.00239602
24.36 0.004427857
24.38 0.006350553
24.4 0.00592827
24.42 0.004828707
24.44 0.006318923
24.46 0.006139399
24.48 0.007883596
24.5 0.01040401
24.52 0.01380673
24.54 0.01800709
24.56 0.02338656
24.58 0.02918628
24.6 0.03147311
24.62 0.03280625
24.64 0.03170363
24.66 0.02832844
24.68 0.02518276
24.7 0.02111703
24.72 0.01773268
24.74 0.01536933
24.76 0.01198701
24.78 0.009501265
24.8 0.007446983
24.82 0.007191979
24.84 0.008159956
24.86 0.008862732
24.88 0.007858029
24.9 0.006050587
24.92 0.004674603
24.94 0.00308442
24.96 0.002564217
24.98 0.001750254
25 -0.002538849
25.02 -0.008699652
25.04 -0.01224007
25.06 -0.01528376
25.08 -0.01551428
25.1 -0.0149645
25.12 -0.01200651
25.14 -0.00864663
25.16 -0.006007893
25.18 -0.005898756
25.2 -0.008372259
25.22 -0.009236202
25.24 -0.009988965
25.26 -0.007574628
25.28 -0.006455691
25.3 -0.005516273
25.32 -0.006557696
25.34 -0.01023888
25.36 -0.01304796
25.38 -0.01578768
25.4 -0.01677811
25.42 -0.01605289
25.44 -0.01391599
25.46 -0.01051022
25.48 -0.008016319
25.5 -0.005037922
25.52 -0.003234564
25.54 -0.0006794668
25.56 0.001401331
25.58 0.003529048
25.6 0.005061085
25.62 0.005334443
25.64 0.00336278
25.66 -0.001669902
25.68 -0.007438005
25.7 -0.01387217
25.72 -0.01605191
25.74 -0.01565003
25.76 -0.01349172
25.78 -0.01343765
25.8 -0.01275222
25.82 -0.01066735
25.84 -0.007090205
25.86 -0.001695428
25.88 0.00376871
25.9 0.009579648
25.92 0.01426756
25.94 0.01581899
25.96 0.01584448
25.98 0.01468984
26 0.01132282
26.02 0.008702434
26.04 0.008412751
26.06 0.009776489
26.08 0.01140441
26.1 0.01245807
26.12 0.01226834
26.14 0.0126794
26.16 0.01289666
26.18 0.01207862
26.2 0.01029463
26.22 0.008020032
26.24 0.00349939
26.26 -0.001858672
26.28 -0.007424814
26.3 -0.0127278
26.32 -0.01531859
26.34 -0.01776558
26.36 -0.01883863
26.38 -0.0195669
26.4 -0.01935577
26.42 -0.0182358
26.44 -0.01736983
26.46 -0.01559707
26.48 -0.01391713
26.5 -0.01039711
26.52 -0.007255517
26.54 -0.003417259
26.56 -0.002262621
26.58 -0.001316062
26.6 -0.001663885
26.62 -0.0009529459
26.64 0.001759232
26.66 0.002085631
26.68 0.003588089
26.7 0.002916928
26.72 0.003134185
26.74 0.002914884
26.76 0.004325542
26.78 0.00579944
26.8 0.007846579
26.82 0.01081171
26.84 0.0126263
26.86 0.01508449
26.88 0.01753963
26.9 0.01921957
26.92 0.02020489
26.94 0.02173998
26.96 0.01997029
26.98 0.01719282
27 0.01235496
27.02 0.007012204
27.04 0.002141702
27.06 -0.001772039
27.08 -0.00450054
27.1 -0.007396322
27.12 -0.005611323
27.14 -0.002068864
27.16 0.002675155
27.18 0.007066254
27.2 0.008986912
27.22 0.008649291
27.24 0.004745749
27.26 0.000454609
27.28 -0.001690452
27.3 -0.004117033
27.32 -0.003641715
27.34 -0.003833475
27.36 -0.006027496
27.38 -0.007138277
27.4 -0.006582378
27.42 -0.005103379
27.44 -0.00287978
27.46 0.000204699
27.48 0.004837538
27.5 0.008526877
27.52 0.01100752
27.54 0.01038022
27.56 0.007429354
27.58 0.003640054
27.6 -0.0007745067
27.62 -0.001310008
27.64 -0.001590509
27.66 -0.001038689
27.68 -0.00174759
27.7 -0.003469351
27.72 -0.005641951
27.74 -0.008085871
27.76 -0.01090516
27.78 -0.01102449
27.8 -0.007054653
27.82 -0.002210674
27.84 0.002429306
27.86 0.004768165
27.88 0.006239004
27.9 0.005161884
27.92 0.003402384
27.94 0.0004505035
27.96 -0.003499957
27.98 -0.005422657
28 -0.006813937
28.02 -0.006350858
28.04 -0.005367578
28.06 -0.006043838
28.08 -0.007628918
28.1 -0.009488378
28.12 -0.0119935
28.14 -0.01270954
28.16 -0.01238008
28.18 -0.0105043
28.2 -0.00672928
28.22 -0.0035173
28.24 -0.0004175201
28.26 0.0006096198
28.28 0.003219799
28.3 0.00448358
28.32 0.00420308
28.34 0.003395239
28.36 8.023972e-05
28.38 -0.00164356
28.4 -0.00220252
28.42 -0.001462
28.44 0.00100028
28.46 0.0032504
28.48 0.00585344
28.5 0.007835301
28.52 0.00930614
28.54 0.0124253
28.56 0.01489166
28.58 0.01664606
28.6 0.01692555
28.62 0.01526498
28.64 0.0125834
28.66 0.009537682
28.68 0.006488903
28.7 0.004512143
28.72 0.005513783
28.74 0.007511964
28.76 0.008473824
28.78 0.008559505
28.8 0.006546026
28.82 0.005750426
28.84 0.004697787
28.86 0.003291207
28.88 0.002957668
28.9 0.001851989
28.92 0.0009860092
28.94 -0.0008438701
28.96 -0.003037889
28.98 -0.004723948
29 -0.007472848
29.02 -0.009853527
29.04 -0.01273298
29.06 -0.01429971
29.08 -0.01532991
29.1 -0.01589295
29.12 -0.01353878
29.14 -0.01032374
29.16 -0.007598302
29.18 -0.00697508
29.2 -0.007139299
29.22 -0.009138498
29.24 -0.01112852
29.26 -0.01235966
29.28 -0.01409672
29.3 -0.01504429
29.32 -0.01656511
29.34 -0.01636213
29.36 -0.01509427
29.38 -0.01471279
29.4 -0.01247286
29.42 -0.01010544
29.44 -0.006960787
29.46 -0.004224125
29.48 -0.002564584
29.5 -0.003234723
29.52 -0.003191882
29.54 -0.001881181
29.56 -0.0003991193
29.58 0.001426682
29.6 9.76234e-05
29.62 -0.001629235
29.64 -0.002756333
29.66 -0.005324692
29.68 -0.005765331
29.7 -0.003805909
29.72 -0.002747148
29.74 0.001899973
29.76 0.006507315
29.78 0.009599957
29.8 0.01424708
29.82 0.01725098
29.84 0.01703066
29.86 0.01684911
29.88 0.01633911
29.9 0.01660635
29.92 0.01712043
29.94 0.01770285
29.96 0.01836789
29.98 0.0199336
30 0.02108314
30.02 0.02056498
30.04 0.02168086
30.06 0.02238364
30.08 0.02411254
30.1 0.02392793
30.12 0.02281715
30.14 0.02297117
30.16 0.02162069
30.18 0.02006825
30.2 0.01838117
30.22 0.01679405
30.24 0.01493868
30.26 0.01210308
30.28 0.008622842
30.3 0.004736645
30.32 0.001597086
30.34 -0.001980051
30.36 -0.006050869
30.38 -0.01003396
30.4 -0.01560724
30.42 -0.02173132
30.44 -0.02658754
30.46 -0.03055738
30.48 -0.0327514
30.5 -0.03332769
30.52 -0.03328995
30.54 -0.03335421
30.56 -0.03394478
30.58 -0.03420692
30.6 -0.0353738
30.62 -0.03682424
30.64 -0.03578996
30.66 -0.03542174
30.68 -0.03523405
30.7 -0.03411817
30.72 -0.03504942
30.74 -0.0343956
30.76 -0.03231582
30.78 -0.0275667
30.8 -0.02187204
30.82 -0.01413534
30.84 -0.006202791
30.86 -6.23883e-05
30.88 0.004642874
30.9 0.007627396
30.92 0.01187774
30.94 0.01539674
30.96 0.01936659
30.98 0.02295495
31 0.02643723
31.02 0.02816001
31.04 0.02909943
31.06 0.02772142
31.08 0.0254917
31.1 0.02302025
31.12 0.01988681
31.14 0.02041925
31.16 0.02152596
31.18 0.02203392
31.2 0.02255922
31.22 0.02268978
31.24 0.02178402
31.26 0.02027443
31.28 0.01872811
31.3 0.01837723
31.32 0.01750921
31.34 0.01707776
31.36 0.01720629
31.38 0.01671567
31.4 0.01707267
31.42 0.01646884
31.44 0.01766836
31.46 0.01882606
31.48 0.01949621
31.5 0.02077529
31.52 0.02077835
31.54 0.02116697
31.56 0.01948398
31.58 0.01748478
31.6 0.01319364
31.62 0.008231348
31.64 0.005354952
31.66 0.001968555
31.68 -0.000394781
31.7 -0.001994138
31.72 -0.003361954
31.74 -0.004658371
31.76 -0.006343406
31.78 -0.008868923
31.8 -0.01194932
31.82 -0.01521739
31.84 -0.02120989
31.86 -0.02440045
31.88 -0.02620074
31.9 -0.02860488
31.92 -0.02968608
31.94 -0.03206369
31.96 -0.03368141
31.98 -0.03351311
32 -0.03190864
32.02 -0.03164242
32.04 -0.02989312
32.06 -0.02802039
32.08 -0.02666481
32.1 -0.0244718
32.12 -0.02224004
32.14 -0.02055704
32.16 -0.02156989
32.18 -0.02280409
32.2 -0.02466661
32.22 -0.0255081
32.24 -0.02455134
32.26 -0.02338343
32.28 -0.02108333
32.3 -0.01808045
32.32 -0.01611082
32.34 -0.01359448
32.36 -0.009947971
32.38 -0.008071167
32.4 -0.005660903
32.42 -0.004695978
32.44 -0.003383234
32.46 -0.00218269
32.48 -0.000874026
32.5 4.499827e-05
32.52 -5.291746e-05
32.54 0.002663347
32.56 0.006621971
32.58 0.008876175
32.6 0.009624859
32.62 0.01041944
32.64 0.01278279
32.66 0.01521039
32.68 0.01676998
32.7 0.01920574
32.72 0.02023901
32.74 0.02113253
32.76 0.02237898
32.78 0.02266152
32.8 0.02450365
32.82 0.02697613
32.84 0.02807876
32.86 0.029978
32.88 0.03226688
32.9 0.03422732
32.92 0.03521571
32.94 0.03667227
32.96 0.03658966
32.98 0.03611944
33 0.03599909
33.02 0.03496175
33.04 0.03470472
33.06 0.0343671
33.08 0.03379897
33.1 0.03179263
33.12 0.02857964
33.14 0.0238448
33.16 0.01751265
33.18 0.009819812
33.2 0.002525797
33.22 -0.004875318
33.24 -0.01248349
33.26 -0.01875444
33.28 -0.02394624
33.3 -0.02868924
33.32 -0.0308853
33.34 -0.03058439
33.36 -0.02979083
33.38 -0.0279946
33.4 -0.02786913
33.42 -0.02719083
33.44 -0.02559962
33.46 -0.0240482
33.48 -0.02179399
33.5 -0.02090658
33.52 -0.02024358
33.54 -0.01889514
33.56 -0.01430412
33.58 -0.009109249
33.6 -0.006171644
33.62 -0.001968218
33.64 0.001915947
33.66 0.004349672
33.68 0.005999017
33.7 0.005477802
33.72 0.004113047
33.74 0.001323353
33.76 -0.0009696021
33.78 -0.001724397
33.8 -0.002083431
33.82 -0.001470406
33.84 -0.0004187812
33.86 0.0009623041
33.88 0.003268529
33.9 0.004875035
33.92 0.006127599
33.94 0.007660665
33.96 0.00885203
33.98 0.01126536
34 0.01383576
34.02 0.01466605
34.04 0.01604
34.06 0.01476091
34.08 0.01245674
34.1 0.01140615
34.12 0.01083189
34.14 0.01056058
34.16 0.01042493
34.18 0.00937127
34.2 0.005986916
34.22 0.004475282
34.24 0.002472006
34.26 -0.0002391477
34.28 -0.003982543
34.3 -0.006351996
34.32 -0.00873777
34.34 -0.01104194
34.36 -0.01314416
34.38 -0.01561358
34.4 -0.01675801
34.42 -0.01696098
34.44 -0.01747403
34.46 -0.01698953
34.48 -0.01794731
34.5 -0.0179626
34.52 -0.01675084
34.54 -0.01533201
34.56 -0.0130013
34.58 -0.01069405
34.6 -0.007146492
34.62 -0.003887586
34.64 0.001133879
34.66 0.002970905
34.68 0.00441319
34.7 0.004061296
34.72 0.002834243
34.74 0.002293648
34.76 0.0009023738
34.78 0.0002444797
34.8 -5.131454e-05
34.82 -0.001705749
34.84 -0.003382622
34.86 -0.005049297
34.88 -0.005664351
34.9 -0.006873045
34.92 -0.006933219
34.94 -0.006898533
34.96 -0.007521747
34.98 -0.005008461
35 -0.005060476
35.02 -0.00523591
35.04 -0.003265265
35.06 -0.002266679
35.08 -0.001683233
35.1 -0.0009151664
35.12 -0.00281032
35.14 -0.002109574
35.16 -0.003463108
35.18 -0.003066323
35.2 -0.004049597
35.22 -0.005845811
35.24 -0.005828464
35.26 -0.005575498
35.28 -0.004539173
35.3 -0.002740907
35.32 -0.00128026
35.34 -0.0005580946
35.36 -0.0002316887
35.38 -0.002364502
35.4 -0.003378377
35.42 -0.00593959
35.44 -0.007740904
35.46 -0.009398398
35.48 -0.009338212
35.5 -0.009586066
35.52 -0.0091954
35.54 -0.007566454
35.56 -0.005684548
35.58 -0.002229802
35.6 0.0007231042
35.62 0.00412685
35.64 0.007695836
35.66 0.01106286
35.68 0.01339153
35.7 0.01459411
35.72 0.01654946
35.74 0.01750827
35.76 0.01768168
35.78 0.0170605
35.8 0.01786937
35.82 0.01968497
35.84 0.02102525
35.86 0.0207417
35.88 0.01957993
35.9 0.01959626
35.92 0.0173186
35.94 0.01854873
35.96 0.01963198
35.98 0.0219943
36 0.02344066
36.02 0.02415875
36.04 0.02480442
36.06 0.02439846
36.08 0.02433727
36.1 0.0229409
36.12 0.02072444
36.14 0.01930869
36.16 0.01774504
36.18 0.01475951
36.2 0.01204223
36.22 0.009431035
36.24 0.007913282
36.26 0.005445908
36.28 0.002817374
36.3 0.0002480006
36.32 -0.002379513
36.34 -0.005744487
36.36 -0.0087086
36.38 -0.01134223
36.4 -0.01240201
36.42 -0.01480002
36.44 -0.01658195
36.46 -0.01859951
36.48 -0.0206752
36.5 -0.02222049
36.52 -0.02385453
36.54 -0.02348834
36.56 -0.02320477
36.58 -0.02371375
36.6 -0.02183797
36.62 -0.0204171
36.64 -0.02018454
36.66 -0.01973471
36.68 -0.0209281
36.7 -0.02216842
36.72 -0.02314659
36.74 -0.02509478
36.76 -0.02649626
36.78 -0.02619127
36.8 -0.0252345
36.82 -0.02262738
36.84 -0.02057105
36.86 -0.0185239
36.88 -0.01655734
36.9 -0.01407873
36.92 -0.01113399
36.94 -0.009021559
36.96 -0.006221653
36.98 -0.003054546
37 -0.00123384
37.02 0.002037306
37.04 0.003445932
37.06 0.006003079
37.08 0.007734025
37.1 0.008891731
37.12 0.009753637
37.14 0.01093174
37.16 0.01382753
37.18 0.01455786
37.2 0.0166509
37.22 0.01736491
37.24 0.01792693
37.26 0.01768214
37.28 0.01726803
37.3 0.01668255
37.32 0.01597468
37.34 0.0153127
37.36 0.01461299
37.38 0.01399284
37.4 0.01234248
37.42 0.01210075
37.44 0.01210279
37.46 0.0118886
37.48 0.01346757
37.5 0.01335537
37.52 0.01322074
37.54 0.01245778
37.56 0.01076357
37.58 0.008863319
37.6 0.004787406
37.62 0.001087872
37.64 -0.001574322
37.66 -0.003240995
37.68 -0.005000489
37.7 -0.005165723
37.72 -0.004902557
37.74 -0.006394811
37.76 -0.008401145
37.78 -0.01019736
37.8 -0.01150091
37.82 -0.01164166
37.84 -0.01062982
37.86 -0.01039113
37.88 -0.009471088
37.9 -0.008388862
37.92 -0.008113456
37.94 -0.00753001
37.96 -0.007744204
37.98 -0.007504498
38 -0.007652392
38.02 -0.007638106
38.04 -0.00783802
38.06 -0.008008354
38.08 -0.007840048
38.1 -0.008086882
38.12 -0.006749656
38.14 -0.005106429
38.16 -0.004847344
38.18 -0.005387938
38.2 -0.004098652
38.22 -0.002898106
38.24 -0.00115798
38.26 0.0002282058
38.28 0.001581752
38.3 0.004687657
38.32 0.005472043
38.34 0.007589569
38.36 0.008583055
38.38 0.008961481
38.4 0.008846227
38.42 0.006877632
38.44 0.005564899
38.46 0.004190965
38.48 0.00373299
38.5 0.004239936
38.52 0.004671402
38.54 0.004525548
38.56 0.003383153
38.58 0.002254019
38.6 -0.0001225748
38.62 -0.002351269
38.64 -0.003374323
38.66 -0.005337817
38.68 -0.005308231
38.7 -0.005052206
38.72 -0.00369968
38.74 -0.001974855
38.76 0.0005323108
38.78 0.002408096
38.8 0.003402602
38.82 0.005354888
38.84 0.005447714
38.86 0.006013819
38.88 0.004347144
38.9 0.00271923
38.92 0.0006547558
38.94 -0.002382798
38.96 -0.003580273
38.98 -0.004867508
39 -0.005109242
39.02 -0.007075796
39.04 -0.00760211
39.06 -0.007701045
39.08 -0.00751336
39.1 -0.007279775
39.12 -0.006982949
39.14 -0.004826663
39.16 -0.004069818
39.18 -0.002859073
39.2 -0.002304188
39.22 -0.002717282
39.24 -0.002107317
39.26 -0.0009659315
39.28 0.0003478338
39.3 0.002728519
39.32 0.002757084
39.34 0.003147749
39.36 0.002959055
39.38 0.0029968
39.4 0.004748146
39.42 0.005651871
39.44 0.007335895
39.46 0.007474621
39.48 0.006786126
39.5 0.005984411
39.52 0.005150057
39.54 0.004363642
39.56 0.003675146
39.58 0.003472171
39.6 0.002746957
39.62 0.001955442
39.64 0.002682707
39.66 0.002876512
39.68 0.002235956
39.7 0.002829602
39.72 0.003812887
39.74 0.003946512
39.76 0.005752937
39.78 0.006802522
39.8 0.007337006
39.82 0.007987771
39.84 0.007607316
39.86 0.008780321
39.88 0.008240746
39.9 0.00840191
39.92 0.008462095
39.94 0.00887622
39.96 0.008472305
39.98 0.00949333
40 0.0107459
40.02 0.009203659
40.04 0.009160823
40.06 0.008513128
40.08 0.007427853
40.1 0.006000877
40.12 0.004809522
40.14 0.004515767
40.16 0.003801772
40.18 0.004357675
40.2 0.005598
40.22 0.005957045
40.24 0.006218169
40.26 0.005853013
40.28 0.004151658
40.3 0.001467023
40.32 0.0005622868
40.34 0.001093711
40.36 0.0009447955
40.38 0.00120286
40.4 0.000802004
40.42 -0.0006433317
40.44 -0.002634367
40.46 -0.005200683
40.48 -0.006311459
40.5 -0.008396334
40.52 -0.01073009
40.54 -0.01212646
40.56 -0.01269868
40.58 -0.01297204
40.6 -0.01304955
40.62 -0.01180821
40.64 -0.01016397
40.66 -0.008891002
40.68 -0.007538479
40.7 -0.005746334
40.72 -0.00438973
40.74 -0.003853207
40.76 -0.003795062
40.78 -0.004308119
40.8 -0.003922555
40.82 -0.004112272
40.84 -0.004443767
40.86 -0.004210184
40.88 -0.00346966
40.9 -0.002565937
40.92 -0.002758713
40.94 -0.002184449
40.96 -0.002338465
40.98 -0.002678122
41 -0.002533278
41.02 -0.002898435
41.04 -0.004539611
41.06 -0.005211788
41.08 -0.005119985
41.1 -0.007180381
41.12 -0.008053498
41.14 -0.008260554
41.16 -0.01011695
41.18 -0.009681408
41.2 -0.008259524
41.22 -0.007565921
41.24 -0.004856798
41.26 -0.003263554
41.28 -0.001558111
41.3 -0.001589728
41.32 -0.003223765
41.34 -0.005083222
41.36 -0.007907599
41.38 -0.009055096
41.4 -0.01063915
41.42 -0.01172749
41.44 -0.01139598
41.46 -0.01026888
41.48 -0.008880661
41.5 -0.006840658
41.52 -0.006520376
41.54 -0.004925092
41.56 -0.003777589
41.58 -0.003468527
41.6 -0.002469944
41.62 -0.0009868616
41.64 0.0003207809
41.66 0.001798764
41.68 0.002843246
41.7 0.003358349
41.72 0.003447091
41.74 0.001290814
41.76 0.0004901163
41.78 -0.0008144612
41.8 -0.0005319188
41.82 -0.0003748364
41.84 0.001250026
41.86 0.002500549
41.88 0.00513317
41.9 0.006700912
41.92 0.007754575
41.94 0.01025664
41.96 0.01101654
41.98 0.01346658
42 0.01401739
42.02 0.01487521
42.04 0.01443967
42.06 0.01483033
42.08 0.01501394
42.1 0.01370731
42.12 0.01450699
42.14 0.01461103
42.16 0.01552393
42.18 0.01549334
42.2 0.01455596
42.22 0.01412756
42.24 0.01271996
42.26 0.01067691
42.28 0.007543469
42.3 0.003828631
42.32 0.0008604327
42.34 -0.001948645
42.36 -0.004808724
42.38 -0.007004782
42.4 -0.008538861
42.42 -0.009566
42.44 -0.01035446
42.46 -0.01129081
42.48 -0.01056457
42.5 -0.0109379
42.52 -0.01156724
42.54 -0.01228226
42.56 -0.01270045
42.58 -0.01266169
42.6 -0.01269841
42.62 -0.01298299
42.64 -0.01380001
42.66 -0.01273818
42.68 -0.01271472
42.7 -0.01244136
42.72 -0.01234956
42.74 -0.01162741
42.76 -0.01186609
42.78 -0.01167534
42.8 -0.00959862
42.82 -0.007900319
42.84 -0.006054119
42.86 -0.003941698
42.88 -0.001111197
42.9 0.001830483
42.92 0.005498403
42.94 0.008260563
42.96 0.009878284
42.98 0.01253232
43 0.01371654
43.02 0.01391035
43.04 0.01486201
43.06 0.01628491
43.08 0.01744465
43.1 0.01739976
43.12 0.01827288
43.14 0.01922454
43.16 0.01947139
43.18 0.01949179
43.2 0.02022211
43.22 0.02084329
43.24 0.02257626
43.26 0.02389614
43.28 0.02538024
43.3 0.0264543
43.32 0.02526091
43.34 0.02480191
43.36 0.0218337
43.38 0.01940406
43.4 0.01637364
43.42 0.01329732
43.44 0.01167858
43.46 0.009775262
43.48 0.009932341
43.5 0.00834726
43.52 0.006818279
43.54 0.006162419
43.56 0.004452898
43.58 0.002003877
43.6 -0.001621204
43.62 -0.004342565
43.64 -0.006798725
43.66 -0.007689186
43.68 -0.008689807
43.7 -0.01118881
43.72 -0.01234243
43.74 -0.01311967
43.76 -0.01423045
43.78 -0.0162011
43.8 -0.01745875
43.82 -0.01824109
43.84 -0.01972417
43.86 -0.01922744
43.88 -0.02056874
43.9 -0.02026274
43.92 -0.02022806
43.94 -0.01998735
43.96 -0.01997001
43.98 -0.01917033
44 -0.01755363
44.02 -0.01943859
44.04 -0.01812687
44.06 -0.01825131
44.08 -0.01811361
44.1 -0.01724356
44.12 -0.01761586
44.14 -0.01639594
44.16 -0.01516073
44.18 -0.01466501
44.2 -0.01334615
44.22 -0.01197323
44.24 -0.01072374
44.26 -0.008888757
44.28 -0.007628039
44.3 -0.006794701
44.32 -0.005491144
44.34 -0.004675146
44.36 -0.004853649
44.38 -0.004784291
44.4 -0.004668014
44.42 -0.005543176
44.44 -0.006059299
44.46 -0.006300022
44.48 -0.006239844
44.5 -0.006558088
44.52 -0.00748323
44.54 -0.007240473
44.56 -0.007440397
44.58 -0.007270059
44.6 -0.007458763
44.62 -0.006236805
44.64 -0.004449769
44.66 -0.002531153
44.68 -4.031561e-05
44.7 0.001732441
44.72 0.004075377
44.74 0.005644134
44.76 0.007642311
44.78 0.009681287
44.8 0.01108889
44.82 0.01289122
44.84 0.01316764
44.86 0.0134053
44.88 0.01251075
44.9 0.01044423
44.92 0.009400761
44.94 0.007034357
44.96 0.005865433
44.98 0.005983749
45 0.005807285
45.02 0.006041881
45.04 0.006561057
45.06 0.005802172
45.08 0.005769529
45.1 0.005765445
45.12 0.00554716
45.14 0.005704236
45.16 0.005629771
45.18 0.005960247
45.2 0.006080602
45.22 0.006086718
45.24 0.006171373
45.26 0.004594448
45.28 0.003716224
45.3 0.003171539
45.32 0.002303514
45.34 0.001265148
45.36 0.001093784
45.38 0.002334099
45.4 0.002660494
45.42 0.003330629
45.44 0.003959964
45.46 0.004277178
45.48 0.004451593
45.5 0.003439748
45.52 0.002910363
45.54 0.002470737
45.56 0.002193291
45.58 0.003484606
45.6 0.003235721
45.62 0.003537635
45.64 0.002782829
45.66 0.002917463
45.68 0.002483958
45.7 0.001665912
45.72 0.001128366
45.74 0.0006714002
45.76 0.001679154
45.78 0.001510848
45.8 0.002223823
45.82 0.004386216
45.84 0.00467079
45.86 0.004765643
45.88 0.004578977
45.9 0.004415771
45.92 0.002872505
45.94 0.002298238
45.96 0.003460012
45.98 0.004216845
46 0.004748259
46.02 0.004427971
46.04 0.004722745
46.06 0.004650318
46.08 0.004898171
46.1 0.004721705
46.12 0.006109917
46.14 0.006297591
46.16 0.007012604
46.18 0.006495456
46.2 0.00572943
46.22 0.006581122
46.24 0.004465635
46.26 0.004475828
46.28 0.00229302
46.3 -0.000202927
46.32 -0.001584014
46.34 -0.003244582
46.36 -0.00407487
46.38 -0.005801737
46.4 -0.005988405
46.42 -0.005940472
46.44 -0.00564366
46.46 -0.004584908
46.48 -0.003404777
46.5 -0.002190984
46.52 -0.0008231721
46.54 -0.00109858
46.56 -0.0009364083
46.58 -0.0002244565
46.6 -0.0005070047
46.62 -0.0007793529
46.64 -0.0001734814
46.66 0.00113517
46.68 0.001674742
46.7 0.001621693
46.72 0.002124544
46.74 0.001912376
46.76 0.002051087
46.78 0.002713058
46.8 0.00384831
46.82 0.004552101
46.84 0.004776492
46.86 0.005017203
46.88 0.004899894
46.9 0.005039625
46.92 0.004911096
46.94 0.005002887
46.96 0.004440857
46.98 0.004666268
47 0.004214399
47.02 0.00299855
47.04 0.00250996
47.06 0.002120311
47.08 0.001272682
47.1 0.001295111
47.12 0.001257362
47.14 0.001640872
47.16 0.002188603
47.18 0.002045792
47.2 0.002621062
47.22 0.002900533
47.24 0.004033742
47.26 0.003566572
47.28 0.002678142
47.3 0.002329293
47.32 0.001363342
47.34 0.001347012
47.36 0.0004392014
47.38 -0.0006063089
47.4 -0.002094499
47.42 -0.003079829
47.44 -0.004283441
47.46 -0.005901171
47.48 -0.005443202
47.5 -0.006671292
47.52 -0.008151323
47.54 -0.008054434
47.56 -0.007995285
47.58 -0.008381876
47.6 -0.009047947
47.62 -0.009835398
47.64 -0.01059531
47.66 -0.01076668
47.68 -0.01139705
47.7 -0.0127659
47.72 -0.01364821
47.74 -0.01346871
47.76 -0.01345852
47.78 -0.01240589
47.8 -0.01116252
47.82 -0.01158175
47.84 -0.0118286
47.86 -0.01270582
47.88 -0.01349327
47.9 -0.01353306
47.92 -0.01387477
47.94 -0.01454492
47.96 -0.01397475
47.98 -0.01370855
48 -0.0135066
48.02 -0.01380751
48.04 -0.01323938
48.06 -0.01316289
48.08 -0.01299664
48.1 -0.01149829
48.12 -0.01123718
48.14 -0.009256347
48.16 -0.008907519
48.18 -0.008172112
48.2 -0.006361625
48.22 -0.006263717
48.24 -0.00616989
48.26 -0.005977123
48.28 -0.004940816
48.3 -0.00462565
48.32 -0.004029983
48.34 -0.003516936
48.36 -0.002831509
48.38 -0.001155663
48.4 -0.0002427759
48.42 0.0008649307
48.44 0.001606457
48.46 0.002873283
48.48 0.00509177
48.5 0.005424276
48.52 0.006604402
48.54 0.008481189
48.56 0.007933435
48.58 0.008120081
48.6 0.007802847
48.62 0.008385253
48.64 0.01035282
48.66 0.01051295
48.68 0.009919291
48.7 0.009430697
48.72 0.007998603
48.74 0.007780309
48.76 0.007693593
48.78 0.006907159
48.8 0.006589925
48.82 0.00741305
48.84 0.007963836
48.86 0.007665981
48.88 0.009239826
48.9 0.01029959
48.92 0.01089424
48.94 0.01207844
48.96 0.01250581
48.98 0.01340849
49 0.01288521
49.02 0.01190702
49.04 0.01268425
49.06 0.01212324
49.08 0.01191411
49.1 0.009954681
49.12 0.009407945
49.14 0.009366109
49.16 0.009648634
49.18 0.009882199
49.2 0.0100464
49.22 0.01117757
49.24 0.009709772
49.26 0.009693435
49.28 0.00884682
49.3 0.007724803
49.32 0.007018948
49.34 0.006948552
49.36 0.006456895
49.38 0.00488506
49.4 0.003367284
49.42 0.002059627
49.44 0.0009161907
49.46 -0.0009432857
49.48 -0.000850482
49.5 -0.002999639
49.52 -0.003893175
49.54 -0.005059051
49.56 -0.006410568
49.58 -0.006098465
49.6 -0.006270862
49.62 -0.006297398
49.64 -0.005776196
49.66 -0.005418193
49.68 -0.004696049
49.7 -0.003933107
49.72 -0.003806644
49.74 -0.003781161
49.76 -0.003967839
49.78 -0.003448675
49.8 -0.004101493
49.82 -0.00387609
49.84 -0.003608868
49.86 -0.003651726
49.88 -0.003236603
49.9 -0.002979581
49.92 -0.002044259
49.94 -0.001091596
49.96 -0.000520414
49.98 0.001154408
50 0.00176945
50.02 0.001250252
50.04 0.002447714
50.06 0.002138636
50.08 0.001757138
50.1 0.0014144
50.12 0.002150821
50.14 0.003093283
50.16 0.002269105
50.18 0.002759707
50.2 0.001699908
50.22 0.0007767893
50.24 -0.0006879492
50.26 -0.001035787
50.28 -0.001975226
50.3 -0.003248205
50.32 -0.003826564
50.34 -0.004843522
50.36 -0.005407601
50.38 -0.00640212
50.4 -0.0067163
50.42 -0.006759159
50.44 -0.006868318
50.46 -0.006464417
50.48 -0.005755537
50.5 -0.005745355
50.52 -0.006514455
50.54 -0.006774574
50.56 -0.006892914
50.58 -0.007507993
50.6 -0.008886033
50.62 -0.009358312
50.64 -0.008343432
50.66 -0.007345892
50.68 -0.005515012
50.7 -0.004119672
50.72 -0.001736971
50.74 -0.0001886315
50.76 0.001247509
50.78 0.002759129
50.8 0.004496168
50.82 0.006912528
50.84 0.008340507
50.86 0.009349267
50.88 0.009566507
50.9 0.01064973
50.92 0.01075579
50.94 0.0115534
50.96 0.01220211
50.98 0.01361683
51 0.01399828
51.02 0.01508252
51.04 0.01584241
51.06 0.01576894
51.08 0.0151916
51.1 0.01457142
51.12 0.01411036
51.14 0.01413788
51.16 0.01348812
51.18 0.01162149
51.2 0.01084729
51.22 0.008865414
51.24 0.007665872
51.26 0.004723151
51.28 0.00276269
51.3 0.0003493491
51.32 -0.001517272
51.34 -0.003425713
51.36 -0.005320895
51.38 -0.006399057
51.4 -0.007854618
51.42 -0.00810862
51.44 -0.008890981
51.46 -0.01058522
51.48 -0.01132984
51.5 -0.01214383
51.52 -0.01380339
51.54 -0.01389113
51.56 -0.01583834
51.58 -0.01620046
51.6 -0.01770089
51.62 -0.01822418
51.64 -0.01588432
51.66 -0.01554366
51.68 -0.01386171
51.7 -0.01320179
51.72 -0.01292539
51.74 -0.01160758
51.76 -0.01080996
51.78 -0.01049684
51.8 -0.009829781
51.82 -0.007709224
51.84 -0.005535627
51.86 -0.003616009
51.88 -0.002031973
51.9 -0.0005081151
51.92 0.000823982
51.94 0.001773579
51.96 0.002731336
51.98 0.004776413
52 0.00624213
52.02 0.006569526
52.04 0.007633364
52.06 0.0084167
52.08 0.009273477
52.1 0.009147993
52.12 0.009843611
52.14 0.01048721
52.16 0.0106055
52.18 0.01067892
52.2 0.009739477
52.22 0.009578294
52.24 0.00841445
52.26 0.007712666
52.28 0.007208762
52.3 0.006129579
52.32 0.005691975
52.34 0.004579131
52.36 0.003771267
52.38 0.003325504
52.4 0.003201039
52.42 0.001877056
52.44 0.0002725718
52.46 -0.001022852
52.48 -0.001955157
52.5 -0.00288032
52.52 -0.004716345
52.54 -0.006043388
52.56 -0.007698873
52.58 -0.008981037
52.6 -0.01034276
52.62 -0.01055903
52.64 -0.01062943
52.66 -0.01036936
52.68 -0.01080492
52.7 -0.01084268
52.72 -0.01030007
52.74 -0.009828853
52.76 -0.009359678
52.78 -0.009599402
52.8 -0.009336267
52.82 -0.008134732
52.84 -0.006720016
52.86 -0.006133541
52.88 -0.004258807
52.9 -0.004029331
52.92 -0.003357176
52.94 -0.002455521
52.96 -0.001534486
52.98 -0.0009439312
53 -4.533624e-05
53.02 -0.0008379013
53.04 -0.001205127
53.06 -0.001426492
53.08 -0.003052397
53.1 -0.004735422
53.12 -0.004522268
53.14 -0.005262812
53.16 -0.005185318
53.18 -0.004618224
53.2 -0.005181288
53.22 -0.003401414
53.24 -0.00374722
53.26 -0.002613006
53.28 -0.001903111
53.3 -0.001622636
53.32 -0.001734862
53.34 -0.001352388
53.36 -0.0008740335
53.38 -0.001516659
53.4 -0.000900605
53.42 -0.0008445308
53.44 -0.0007303166
53.46 -0.001302562
53.48 -0.0003203284
53.5 -0.0007120342
53.52 -0.00116902
53.54 -0.0002153462
53.56 -0.0002714721
53.58 0.0007260619
53.6 0.001279895
53.62 0.00259669
53.64 0.002994464
53.66 0.003867557
53.68 0.004543791
53.7 0.004419325
53.72 0.003963359
53.74 0.004347873
53.76 0.004762986
53.78 0.00459364
53.8 0.004734373
53.82 0.004609908
53.84 0.004723101
53.86 0.004565995
53.88 0.004606768
53.9 0.004478221
53.92 0.005164655
53.94 0.006676269
53.96 0.007218882
53.98 0.007472836
54 0.007445269
54.02 0.006600682
54.04 0.005757115
54.06 0.00481461
54.08 0.004636083
54.1 0.004682976
54.12 0.004545249
54.14 0.005987502
54.16 0.007053375
54.18 0.007085989
54.2 0.008217143
54.22 0.009158576
54.24 0.009627749
54.26 0.009793982
54.28 0.009995915
54.3 0.01143715
54.32 0.01195528
54.34 0.01159724
54.36 0.0107353
54.38 0.009560241
54.4 0.007607934
54.42 0.006844946
54.44 0.005391419
54.46 0.004218392
54.48 0.004008245
54.5 0.003393159
54.52 0.002744412
54.54 0.003459405
54.56 0.003717437
54.58 0.00396833
54.6 0.004112123
54.62 0.003812216
54.64 0.002902348
54.66 0.001920061
54.68 0.001499794
54.7 -0.0004871927
54.72 -0.0008697199
54.74 -0.001616387
54.76 -0.002189654
54.78 -0.002886342
54.8 -0.003036309
54.82 -0.001729716
54.84 -0.001783804
54.86 -0.001349311
54.88 -0.001148398
54.9 -0.0009189251
54.92 -0.0006374325
54.94 -0.0004589598
54.96 -0.000392687
54.98 -3.265439e-05
55 0.0006660183
55.02 -0.0009129691
55.04 -0.002565396
55.06 -0.003298804
55.08 -0.004565671
55.1 -0.005180759
55.12 -0.006541465
55.14 -0.006956633
55.16 -0.00787568
55.18 -0.008416308
55.2 -0.009059955
55.22 -0.009375162
55.24 -0.00855103
55.26 -0.01001884
55.28 -0.009769985
55.3 -0.009517052
55.32 -0.0096762
55.34 -0.01039125
55.36 -0.01087781
55.38 -0.01109102
55.4 -0.01167551
55.42 -0.01173571
55.44 -0.01075859
55.46 -0.01124005
55.48 -0.009060338
55.5 -0.008157666
55.52 -0.007385553
55.54 -0.005572021
55.56 -0.004897828
55.58 -0.003812576
55.6 -0.003370943
55.62 -0.00132485
55.64 9.700245e-05
55.66 0.001539255
55.68 0.002383787
55.7 0.00269282
55.72 0.002854973
55.74 0.002625446
55.76 0.003108899
55.78 0.002699851
55.8 0.003491344
55.82 0.005304877
55.84 0.005098809
55.86 0.006357462
55.88 0.007055115
55.9 0.008881907
55.92 0.00926948
55.94 0.009478553
55.96 0.01001606
55.98 0.01034244
56 0.01046379
56.02 0.009811984
56.04 0.01070242
56.06 0.01072993
56.08 0.01053202
56.1 0.01058503
56.12 0.01049219
56.14 0.01104297
56.16 0.01080731
56.18 0.009651627
56.2 0.00957918
56.22 0.008064454
56.24 0.007323907
56.26 0.00737998
56.28 0.006837313
56.3 0.007490086
56.32 0.006669979
56.34 0.006524092
56.36 0.006891265
56.38 0.006421018
56.4 0.006810632
56.42 0.007658225
56.44 0.007692878
56.46 0.006435191
56.48 0.006600404
56.5 0.006805397
56.52 0.005508951
56.54 0.005637444
56.56 0.005325298
56.58 0.005575171
56.6 0.005150825
56.62 0.004422518
56.64 0.004086911
56.66 0.002790465
56.68 0.002374279
56.7 0.0006106722
56.72 -4.725423e-05
56.74 -0.001577281
56.76 -0.002473887
56.78 -0.002436174
56.8 -0.004768939
56.82 -0.004749585
56.84 -0.005839992
56.86 -0.006865118
56.88 -0.007243565
56.9 -0.00775155
56.92 -0.007433336
56.94 -0.008576782
56.96 -0.009359148
56.98 -0.009936495
57 -0.01006402
57.02 -0.0114543
57.04 -0.01298433
57.06 -0.01266408
57.08 -0.01341278
57.1 -0.01541915
57.12 -0.01541815
57.14 -0.01568848
57.16 -0.01528357
57.18 -0.01633929
57.2 -0.01653108
57.22 -0.01682078
57.24 -0.01680142
57.26 -0.01576717
57.28 -0.01522048
57.3 -0.01393735
57.32 -0.01345797
57.34 -0.01269095
57.36 -0.0129062
57.38 -0.01269406
57.4 -0.01237176
57.42 -0.01054804
57.44 -0.009462779
57.46 -0.006708805
57.48 -0.00532469
57.5 -0.003429555
57.52 -0.002304519
57.54 -0.001793524
57.56 0.0003668113
57.58 0.0003106867
57.6 0.0004646822
57.62 0.0003422577
57.64 0.0005849933
57.66 0.0008124289
57.68 0.001776305
57.7 0.0018691
57.72 0.002219957
57.74 0.002313772
57.76 0.003436768
57.78 0.003324544
57.8 0.00291754
57.82 0.003365296
57.84 0.003422393
57.86 0.003610048
57.88 0.003094924
57.9 0.002950061
57.92 0.002983697
57.94 0.002771514
57.96 0.002668471
57.98 0.003008107
58 0.002895884
58.02 0.00190748
58.04 0.0008843974
58.06 0.0001907743
58.08 7.141125e-05
58.1 0.0001101482
58.12 0.0001672454
58.14 0.0001672225
58.16 -0.0001806202
58.18 0.0001324971
58.2 0.0001630744
58.22 0.0001079719
58.24 0.0001711895
58.26 4.774703e-05
58.28 0.0002078647
58.3 -0.0001644575
58.32 -0.0005194397
58.34 -0.001970922
58.36 -0.002896084
58.38 -0.002638046
58.4 -0.002931827
58.42 -0.002826789
58.44 -0.003072631
58.46 -0.002901292
58.48 -0.003125714
58.5 -0.002638741
58.52 -0.002586585
58.54 -0.001491257
58.56 -0.0001669819
58.58 -0.0002395544
58.6 0.0005909795
58.62 0.001437792
58.64 0.002791889
58.66 0.002478581
58.68 0.003652077
58.7 0.004693735
58.72 0.005056749
58.74 0.005587361
58.76 0.005671414
58.78 0.005791391
58.8 0.005675218
58.82 0.006376606
58.84 0.006002045
58.86 0.006786129
58.88 0.006840605
58.9 0.006231865
58.92 0.00577183
58.94 0.005994594
58.96 0.005877379
58.98 0.006922152
59 0.006380017
59.02 0.0051769
59.04 0.005638314
59.06 0.004663042
59.08 0.005759979
59.1 0.00531495
59.12 0.005495213
59.14 0.006598564
59.16 0.007067971
59.18 0.006734281
59.2 0.007135387
59.22 0.0072254
59.24 0.007016101
59.26 0.006776846
59.28 0.006398073
59.3 0.006641233
59.32 0.005864418
59.34 0.005891926
59.36 0.005766438
59.38 0.004763609
59.4 0.004176803
59.42 0.004496412
59.44 0.004581865
59.46 0.00503379
59.48 0.00543721
59.5 0.005441638
59.52 0.005379805
59.54 0.005262157
59.56 0.005417209
59.58 0.0054174
59.6 0.004959576
59.62 0.003598654
59.64 0.002820449
59.66 0.00250165
59.68 0.002146753
59.7 0.001628805
59.72 0.0003185749
59.74 0.0003410541
59.76 -0.0005531887
59.78 -0.0005980289
59.8 -0.001043846
59.82 -0.0007986832
59.84 -0.002102219
59.86 -0.00276002
59.88 -0.003407461
59.9 -0.004722583
59.92 -0.004930438
59.94 -0.004848321
59.96 -0.00534548
59.98 -0.005568709
60 -0.005663285
60.02 -0.006768656
60.04 -0.006575646
60.06 -0.007532328
60.08 -0.007033443
60.1 -0.007527216
60.12 -0.00779003
60.14 -0.007731472
60.16 -0.007057251
60.18 -0.006139025
60.2 -0.005676766
60.22 -0.005435177
60.24 -0.005637725
60.26 -0.004940975
60.28 -0.004634619
60.3 -0.004048241
60.32 -0.003370356
60.34 -0.003149491
60.36 -0.002773101
60.38 -0.003158985
60.4 -0.003129951
60.42 -0.003068108
60.44 -0.003111169
60.46 -0.00375044
60.48 -0.003020849
60.5 -0.002720283
60.52 -0.003024238
60.54 -0.002214863
60.56 -0.002457722
60.58 -0.001841789
60.6 -0.001803561
60.62 -0.001178084
60.64 -0.0006733864
60.66 -0.0001979435
60.68 0.0002470678
60.7 0.0005362381
60.72 0.0008754892
60.74 0.001105797
60.76 0.000548638
60.78 0.0008579163
60.8 0.001258387
60.82 0.001380057
60.84 0.002504763
60.86 0.002517965
60.88 0.002456934
60.9 0.002402629
60.92 0.002249411
60.94 0.002109468
60.96 0.002026673
60.98 0.002345598
61 0.002202606
61.02 0.001586138
61.04 0.001181679
61.06 0.001413755
61.08 0.001260554
61.1 0.0004269398
61.12 0.0004846094
61.14 0.0003441818
61.16 0.0001007735
61.18 -1.083441e-05
61.2 -0.0004344765
61.22 -0.0001757197
61.24 -0.0001782084
61.26 -0.000597374
61.28 -0.0004090024
61.3 -0.0007759649
61.32 -0.0006994925
61.34 -0.0009496244
61.36 -0.001259748
61.38 -0.001072182
61.4 -0.001199978
61.42 -0.001230421
61.44 -0.001179728
61.46 -0.0008911379
61.48 -0.0009055181
61.5 -0.0009368492
61.52 -0.0006017074
61.54 -0.0006604785
61.56 -0.0007705416
61.58 -0.0004104403
61.6 -0.0004684565
61.62 -0.0004813034
61.64 -0.0002131536
61.66 -0.0003174295
61.68 -0.0003273794
61.7 -0.0003370184
61.72 -0.0006393914
61.74 -0.0001170555
61.76 -0.0003002519
61.78 -0.0004262147
61.8 -0.0002649863
61.82 -8.249975e-05
61.84 8.605832e-05
61.86 0.0001237868
61.88 0.0002420371
61.9 0.0003346487
61.92 0.0006130977
61.94 0.0007916199
61.96 0.0008020302
61.98 0.001118049
62 0.001265768
62.02 0.001038572
62.04 0.0009382814
62.06 0.0009585308
62.08 0.0009637974
62.1 0.0009245197
62.12 0.000962116
62.14 0.001015664
62.16 0.001097551
62.18 0.001062179
62.2 0.001078915
62.22 0.0009908922
62.24 0.0009968197
62.26 0.0009740434
62.28 0.0009274718
62.3 0.0008206626
62.32 0.0006927755
62.34 0.0007230058
62.36 0.0006668873
62.38 0.0006927237
62.4 0.0007828544
62.42 0.0007280713
62.44 0.0007038616
62.46 0.0007408983
62.48 0.0007472918
62.5 0.0007566446
62.52 0.0007115565
62.54 0.0005645911
62.56 0.0005814564
62.58 0.0004589102
62.6 0.0004620972
62.62 0.0003928332
62.64 0.0002694391
62.66 0.0002474189
62.68 0.0002366278
62.7 0.0002631162
62.72 0.0001911339
62.74 0.0002009184
62.76 0.0002059739
62.78 0.000171022
62.8 0.0001245398
62.82 0.0001628086
62.84 0.0001311113
62.86 4.554737e-05
62.88 8.865541e-05
62.9 8.841054e-05
62.92 5.275878e-05
62.94 5.420744e-05
62.96 1.100421e-05
62.98 -4.390192e-05
63 -7.256371e-05
63.02 -0.00014593
63.04 -0.0001961279
63.06 -0.000234356
63.08 -0.0002362659
63.1 -0.0002661706
63.12 -0.0002975071
63.14 -0.0002815035
63.16 -0.0003006071
63.18 -0.0003071215
63.2 -0.0003251574
63.22 -0.0003424467
63.24 -0.0003487005
63.26 -0.0003532781
63.28 -0.0003744416
63.3 -0.0003937162
63.32 -0.0004118539
63.34 -0.0004022498
63.36 -0.0004079033
63.38 -0.0004012108
63.4 -0.0004156401
63.42 -0.0004216863
63.44 -0.0004154362
63.46 -0.0004029212
63.48 -0.000398509
63.5 -0.0003980203
63.52 -0.0003865946
63.54 -0.0003883083
63.56 -0.0003655064
63.58 -0.0003441373
63.6 -0.000325511
63.62 -0.0003050087
63.64 -0.0002841591
63.66 -0.0002558435
63.68 -0.0002336967
63.7 -0.0002172689
63.72 -0.0001979593
63.74 -0.0001810119
63.76 -0.0001688752
63.78 -0.0001625006
63.8 -0.0001496972
63.82 -0.0001309233
63.84 -0.0001169815
63.86 -0.0001051911
63.88 -9.479548e-05
63.9 -8.339349e-05
63.92 -7.0828e-05
63.94 -5.741108e-05
63.96 -4.388685e-05
63.98 -3.100269e-05
64 -2.141391e-05
64.02 -1.483174e-05
64.04 -6.316229e-06
64.06 1.046989e-06
64.08 6.861264e-06
64.1 1.391897e-05
64.12 1.780123e-05
64.14 2.145827e-05
64.16 2.445293e-05
64.18 2.668528e-05
64.2 2.818355e-05
64.22 2.912245e-05
64.24 2.999981e-05
64.26 2.998309e-05
64.28 3.08632e-05
64.3 3.071541e-05
64.32 3.125455e-05
64.34 3.164542e-05
64.36 3.104266e-05
64.38 3.056827e-05
64.4 3.011884e-05
64.42 2.960611e-05
64.44 2.90587e-05
64.46 2.861793e-05
64.48 2.806845e-05
64.5 2.727816e-05
64.52 2.673027e-05
64.54 2.628453e-05
64.56 2.581128e-05
64.58 2.533624e-05
64.6 2.482595e-05
64.62 2.447553e-05
64.64 2.411237e-05
64.66 2.378802e-05
64.68 2.344725e-05
64.7 2.310066e-05
64.72 2.278754e-05
64.74 2.249005e-05
64.76 2.219722e-05
64.78 2.192536e-05
64.8 2.167787e-05
64.82 2.145825e-05
64.84 2.127202e-05
64.86 2.112439e-05
64.88 2.10172e-05
64.9 2.095307e-05
64.92 2.093298e-05
64.94 2.095629e-05
64.96 2.102212e-05
64.98 2.112867e-05
