0 -0.0001446782
0.01 -0.0001497479
0.02 -0.0001521684
0.03 -0.0001536143
0.04 -0.0001544106
0.05 -0.0001463359
0.06 -0.0001435286
0.07 -0.0001555119
0.08 -0.0001558412
0.09 -0.0001276457
0.1 -0.0001001856
0.11 -0.0001076656
0.12 -0.0001643113
0.13 -0.0002141952
0.14 -0.0002180649
0.15 -0.0002139853
0.16 -0.00022109
0.17 -0.0002639034
0.18 -0.0002960178
0.19 -0.0002534251
0.2 -0.0003248308
0.21 -0.0004253669
0.22 -0.0004351353
0.23 -0.0003632608
0.24 -0.0002388339
0.25 -8.43691e-05
0.26 3.744104e-05
0.27 5.309231e-05
0.28 4.70791e-05
0.29 -3.890242e-05
0.3 -5.938733e-05
0.31 0.0001101622
0.32 0.0001247471
0.33 -0.000140446
0.34 -0.000425606
0.35 -0.0006793114
0.36 -0.0007115316
0.37 -0.0004055898
0.38 -6.156653e-05
0.39 0.0002842392
0.4 0.000432472
0.41 0.0004218349
0.42 0.0004352389
0.43 0.0004757645
0.44 0.000352553
0.45 -0.000270682
0.46 -0.0009071065
0.47 -0.0009906919
0.48 -0.0009152537
0.49 -0.0009491936
0.5 -0.0009870684
0.51 -0.0006961666
0.52 -0.0001308531
0.53 8.526733e-06
0.54 -8.221892e-05
0.55 -8.952736e-05
0.56 -0.0003175974
0.57 -0.000602733
0.58 -0.0006334822
0.59 -0.0008843624
0.6 -0.0005647267
0.61 -0.0004632955
0.62 -0.0001091147
0.63 0.0001555105
0.64 -0.0003909826
0.65 -0.0004400234
0.66 0.000162268
0.67 -5.820474e-05
0.68 -0.001056113
0.69 -0.001380841
0.7 -0.001204064
0.71 -0.0009554647
0.72 -0.0001094344
0.73 0.0004523517
0.74 0.0009416709
0.75 0.001752482
0.76 0.001212572
0.77 0.0005991287
0.78 0.001622457
0.79 0.00235771
0.8 0.002178723
0.81 0.001183381
0.82 -0.000601414
0.83 -0.001159044
0.84 -0.0003293798
0.85 -0.0008191647
0.86 -0.001443465
0.87 -0.001458814
0.88 -0.002401338
0.89 -0.002946133
0.9 -0.001063579
0.91 0.0008592332
0.92 0.001036084
0.93 0.0008392563
0.94 0.0009073264
0.95 0.0009672726
0.96 0.0009564775
0.97 0.0009584969
0.98 0.001328304
0.99 0.003761087
1 0.005697267
1.01 0.005599119
1.02 0.005193235
1.03 0.003390502
1.04 0.001070819
1.05 0.0008119866
1.06 0.0006999039
1.07 -0.001379509
1.08 -0.003445012
1.09 -0.003450872
1.1 -0.001637103
1.11 0.000833729
1.12 0.001663594
1.13 0.001422231
1.14 0.002247612
1.15 0.002554952
1.16 0.001863712
1.17 0.002564807
1.18 0.002121346
1.19 0.001254767
1.2 3.388021e-05
1.21 -0.002361252
1.22 -0.003555224
1.23 -0.003278395
1.24 -0.002316268
1.25 -0.0009659076
1.26 -0.0006482299
1.27 -0.0008013454
1.28 -0.000321669
1.29 0.0006075652
1.3 0.0006271973
1.31 0.001534858
1.32 0.003258667
1.33 0.003942328
1.34 0.002379682
1.35 0.001397874
1.36 0.0007412197
1.37 -0.0004570869
1.38 -0.0007667209
1.39 -0.001052746
1.4 -0.003201394
1.41 -0.004553598
1.42 -0.003335619
1.43 -0.002715229
1.44 -0.002598276
1.45 -0.001141309
1.46 0.0004628124
1.47 0.0008751933
1.48 -0.0003037621
1.49 -0.0007342235
1.5 -0.000511971
1.51 -0.0004411283
1.52 -0.0004068905
1.53 -0.0003289867
1.54 -0.0003140894
1.55 3.730661e-05
1.56 0.001517235
1.57 0.003029488
1.58 0.004340523
1.59 0.004625244
1.6 0.004497542
1.61 0.004111354
1.62 0.002115403
1.63 -0.0001600849
1.64 -0.0005359921
1.65 -0.0003921716
1.66 -0.002008275
1.67 -0.004529417
1.68 -0.005289389
1.69 -0.004881154
1.7 -0.003582996
1.71 -0.001307812
1.72 -0.0009874841
1.73 -0.0001234509
1.74 0.002771525
1.75 0.004912835
1.76 0.004841897
1.77 0.003044566
1.78 0.0001244383
1.79 -0.002786161
1.8 -0.004662586
1.81 -0.004769864
1.82 -0.003323374
1.83 -0.001754019
1.84 -0.0003568013
1.85 0.0009498412
1.86 0.001526119
1.87 0.0005293738
1.88 -0.0001789683
1.89 -0.001412253
1.9 -0.002381902
1.91 -0.002337509
1.92 -0.002148001
1.93 -0.001959353
1.94 -0.0006977772
1.95 0.0004005152
1.96 0.0004113116
1.97 0.001143649
1.98 0.00369115
1.99 0.005269216
2 0.003460401
2.01 0.0006959435
2.02 -0.0005591118
2.03 -0.001677996
2.04 -0.002143092
2.05 -0.002015655
2.06 -0.001568209
2.07 0.0004882948
2.08 0.002891308
2.09 0.004119985
2.1 0.004031975
2.11 0.003024509
2.12 0.002805804
2.13 0.002453642
2.14 0.001690223
2.15 0.002460562
2.16 0.002130274
2.17 0.002031215
2.18 0.002581358
2.19 0.0007630962
2.2 -0.001716833
2.21 -0.003188088
2.22 -0.005151005
2.23 -0.004840183
2.24 -0.002256201
2.25 -0.001243681
2.26 -0.0008199273
2.27 -0.0004649103
2.28 -0.001386624
2.29 -0.001674261
2.3 -0.0009971372
2.31 0.001076717
2.32 0.003266441
2.33 0.00340025
2.34 0.0007444293
2.35 -0.001643822
2.36 -0.002117917
2.37 -0.003950342
2.38 -0.006063152
2.39 -0.005239493
2.4 -0.00239986
2.41 -0.0003171098
2.42 0.002397369
2.43 0.003917415
2.44 0.002838927
2.45 0.0002018025
2.46 -0.001357226
2.47 -0.001253426
2.48 -0.00102665
2.49 0.0002141676
2.5 0.003135429
2.51 0.00409319
2.52 0.003496209
2.53 0.00181127
2.54 -0.0005794388
2.55 -0.002057512
2.56 -0.003143476
2.57 -0.002337042
2.58 0.0003572119
2.59 0.00145199
2.6 -0.0002492168
2.61 -0.001267007
2.62 -0.0009581686
2.63 -0.0007512014
2.64 -0.0007924451
2.65 -0.001124862
2.66 -0.002601387
2.67 -0.003497001
2.68 -0.004038396
2.69 -0.004250488
2.7 -0.003345524
2.71 -0.003029369
2.72 -0.002232959
2.73 0.0008771312
2.74 0.002274889
2.75 0.00182088
2.76 0.00162603
2.77 0.00103568
2.78 -0.001833012
2.79 -0.003416857
2.8 -0.003075311
2.81 -0.002850633
2.82 -0.002930016
2.83 -0.002189553
2.84 0.0002671029
2.85 0.001120796
2.86 0.001687545
2.87 0.002104895
2.88 0.002104212
2.89 0.002036905
2.9 0.002041991
2.91 0.002091013
2.92 0.003039055
2.93 0.004302801
2.94 0.003256603
2.95 0.001908912
2.96 0.001340408
2.97 -0.0006761479
2.98 -0.002683885
2.99 -0.002854449
3 -0.002553343
3.01 -0.002593476
3.02 -0.00264302
3.03 -0.002568207
3.04 -0.002541037
3.05 -0.002548144
3.06 -0.002448303
3.07 -0.002357041
3.08 -0.001769044
3.09 0.0004834887
3.1 0.002486496
3.11 0.002613223
3.12 0.001988458
3.13 0.0006517533
3.14 -0.0007539834
3.15 -0.002903536
3.16 -0.003854871
3.17 -0.003568591
3.18 -0.002637697
3.19 -0.0004298617
3.2 0.001199349
3.21 0.002424268
3.22 0.002807612
3.23 0.002950714
3.24 0.004295647
3.25 0.005375765
3.26 0.005941195
3.27 0.007113963
3.28 0.006461931
3.29 0.003771171
3.3 0.002414843
3.31 0.002673233
3.32 0.00210835
3.33 -0.0003513966
3.34 -0.0021489
3.35 -0.002130183
3.36 -0.001870202
3.37 -0.001369951
3.38 0.0001739976
3.39 0.001852743
3.4 0.004249401
3.41 0.005986145
3.42 0.006851266
3.43 0.006074648
3.44 0.004463749
3.45 0.002213158
3.46 0.0004938612
3.47 -0.0008314623
3.48 -0.001716116
3.49 -0.001721008
3.5 -0.001592763
3.51 -0.001506692
3.52 -0.0004932549
3.53 -0.000504461
3.54 -0.001961437
3.55 -0.003547363
3.56 -0.004086766
3.57 -0.004793499
3.58 -0.00490206
3.59 -0.003852087
3.6 -0.002641853
3.61 0.0002571917
3.62 0.003201119
3.63 0.005731033
3.64 0.006218048
3.65 0.005866248
3.66 0.00538009
3.67 0.003323804
3.68 0.001063455
3.69 -0.0004088584
3.7 -0.002516938
3.71 -0.003819448
3.72 -0.003721795
3.73 -0.003535881
3.74 -0.003601161
3.75 -0.003754515
3.76 -0.004954578
3.77 -0.005873298
3.78 -0.004406331
3.79 -0.001971329
3.8 0.0009559534
3.81 0.003691821
3.82 0.006193443
3.83 0.007839076
3.84 0.008091673
3.85 0.006426957
3.86 0.004883347
3.87 0.003755082
3.88 0.003536056
3.89 0.004025812
3.9 0.005936528
3.91 0.008193989
3.92 0.008732502
3.93 0.008435821
3.94 0.008449057
3.95 0.00857735
3.96 0.008572964
3.97 0.008519121
3.98 0.007626385
3.99 0.00407651
4 -0.0005248011
4.01 -0.004689019
4.02 -0.008338468
4.03 -0.01050915
4.04 -0.01079169
4.05 -0.00969322
4.06 -0.009231943
4.07 -0.00930469
4.08 -0.009955289
4.09 -0.01072904
4.1 -0.0107411
4.11 -0.01060569
4.12 -0.01062853
4.13 -0.01065535
4.14 -0.01063765
4.15 -0.01006173
4.16 -0.008466675
4.17 -0.006936416
4.18 -0.005584717
4.19 -0.004084049
4.2 -0.003095398
4.21 -0.002533761
4.22 -0.0004372705
4.23 0.001549534
4.24 0.001695279
4.25 0.001075997
4.26 -0.0002698736
4.27 -0.001637507
4.28 -0.003778448
4.29 -0.005468207
4.3 -0.004291902
4.31 -0.001175445
4.32 0.001380825
4.33 0.001968491
4.34 0.00247586
4.35 0.002821412
4.36 0.001869952
4.37 0.00150823
4.38 0.001688106
4.39 0.001038699
4.4 -0.0004402842
4.41 -0.0008149231
4.42 -0.0005690454
4.43 -0.0005253425
4.44 0.0004874938
4.45 0.003461751
4.46 0.005582022
4.47 0.006426196
4.48 0.005195865
4.49 0.003981582
4.5 0.004186663
4.51 0.005179749
4.52 0.005542203
4.53 0.004323158
4.54 0.002908435
4.55 0.003030959
4.56 0.003162632
4.57 0.003956928
4.58 0.004507185
4.59 0.004615947
4.6 0.005870872
4.61 0.006958514
4.62 0.006868653
4.63 0.005759646
4.64 0.003366832
4.65 0.001399024
4.66 -0.001240126
4.67 -0.004111517
4.68 -0.007026251
4.69 -0.007943358
4.7 -0.007576174
4.71 -0.007423748
4.72 -0.007464639
4.73 -0.006890872
4.74 -0.005377539
4.75 -0.003832937
4.76 -0.002621246
4.77 -0.002497149
4.78 -0.002667542
4.79 -0.002647557
4.8 -0.00260267
4.81 -0.002601457
4.82 -0.002550882
4.83 -0.002492136
4.84 -0.002485149
4.85 -0.002487719
4.86 -0.00247954
4.87 -0.002119535
4.88 0.0004554614
4.89 0.002654602
4.9 0.002577959
4.91 0.00228136
4.92 0.003377388
4.93 0.005027147
4.94 0.006559773
4.95 0.007416723
4.96 0.007364155
4.97 0.007251725
4.98 0.007298374
4.99 0.006851108
5 0.003733981
5.01 -0.0008101543
5.02 -0.005184442
5.03 -0.009280263
5.04 -0.01308792
5.05 -0.01450102
5.06 -0.01376647
5.07 -0.01088601
5.08 -0.004672176
5.09 0.003762048
5.1 0.01110135
5.11 0.0160009
5.12 0.01756678
5.13 0.01781603
5.14 0.01908923
5.15 0.01971515
5.16 0.01957471
5.17 0.01950402
5.18 0.01898215
5.19 0.01667113
5.2 0.0135684
5.21 0.011863
5.22 0.01046884
5.23 0.007174722
5.24 0.002446084
5.25 -0.001743296
5.26 -0.0068277
5.27 -0.01291575
5.28 -0.01827163
5.29 -0.02213341
5.3 -0.02552674
5.31 -0.02653156
5.32 -0.02598301
5.33 -0.02410199
5.34 -0.01938
5.35 -0.01336282
5.36 -0.007605308
5.37 -0.002044338
5.38 0.00363348
5.39 0.008616452
5.4 0.01082446
5.41 0.01124566
5.42 0.01019065
5.43 0.008489081
5.44 0.005826339
5.45 0.002861681
5.46 3.129283e-05
5.47 -0.002033962
5.48 -0.002341559
5.49 -0.002016921
5.5 -0.001991502
5.51 -0.002068764
5.52 -0.003270022
5.53 -0.006379004
5.54 -0.009423646
5.55 -0.01178663
5.56 -0.01205723
5.57 -0.01170285
5.58 -0.0110199
5.59 -0.008706276
5.6 -0.006471548
5.61 -0.003457913
5.62 0.001344441
5.63 0.004470642
5.64 0.007686054
5.65 0.01106084
5.66 0.01261884
5.67 0.01250025
5.68 0.01146223
5.69 0.008483257
5.7 0.006208109
5.71 0.005034841
5.72 0.003632514
5.73 0.002914742
5.74 0.005009305
5.75 0.007548011
5.76 0.008838415
5.77 0.009870647
5.78 0.01012335
5.79 0.009981235
5.8 0.009346152
5.81 0.007749711
5.82 0.006062322
5.83 0.00374635
5.84 0.001740872
5.85 -0.001036917
5.86 -0.00242346
5.87 -0.002138545
5.88 -0.001984245
5.89 -0.002135567
5.9 -0.002641567
5.91 -0.004771136
5.92 -0.006898573
5.93 -0.007155157
5.94 -0.006836235
5.95 -0.006472682
5.96 -0.00452965
5.97 -0.001565872
5.98 0.0003271085
5.99 0.0002120352
6 -0.001312799
6.01 -0.002752831
6.02 -0.004228946
6.03 -0.005671475
6.04 -0.008109707
6.05 -0.01096651
6.06 -0.01212244
6.07 -0.01075677
6.08 -0.007482437
6.09 -0.004568148
6.1 -0.001894627
6.11 0.0011801
6.12 0.002980705
6.13 0.001474025
6.14 -0.002727606
6.15 -0.006507681
6.16 -0.01162021
6.17 -0.0162933
6.18 -0.01653435
6.19 -0.01369258
6.2 -0.01061978
6.21 -0.00767979
6.22 -0.003602944
6.23 -7.619924e-05
6.24 0.0006050412
6.25 0.0001724617
6.26 0.0001475775
6.27 0.0002099352
6.28 0.0005308203
6.29 0.002029726
6.3 0.003600495
6.31 0.005921821
6.32 0.008859449
6.33 0.012037
6.34 0.01666983
6.35 0.021838
6.36 0.02521034
6.37 0.02637815
6.38 0.02328811
6.39 0.01469353
6.4 0.005649432
6.41 -0.003465033
6.42 -0.01153215
6.43 -0.0172284
6.44 -0.02088588
6.45 -0.02267581
6.46 -0.02470781
6.47 -0.02387295
6.48 -0.01945543
6.49 -0.01253174
6.5 -0.005324931
6.51 0.001747594
6.52 0.008119297
6.53 0.0129106
6.54 0.01689322
6.55 0.02085741
6.56 0.02348734
6.57 0.02416479
6.58 0.02334622
6.59 0.02152419
6.6 0.01656905
6.61 0.008304741
6.62 0.000269629
6.63 -0.007405522
6.64 -0.01287061
6.65 -0.01483285
6.66 -0.01466973
6.67 -0.01447606
6.68 -0.01409761
6.69 -0.01202556
6.7 -0.008898725
6.71 -0.005907793
6.72 -0.002018825
6.73 0.002004115
6.74 0.004377354
6.75 0.00545315
6.76 0.005939193
6.77 0.004908233
6.78 0.004381559
6.79 0.004618681
6.8 0.004709746
6.81 0.003265887
6.82 -0.0007199132
6.83 -0.004154178
6.84 -0.00527926
6.85 -0.005080541
6.86 -0.004982458
6.87 -0.003776392
6.88 -0.0006351857
6.89 0.002724639
6.9 0.007415237
6.91 0.009942382
6.92 0.009580457
6.93 0.009160387
6.94 0.009281307
6.95 0.009086201
6.96 0.006305354
6.97 0.001841131
6.98 -0.002633838
6.99 -0.006010232
7 -0.007690879
7.01 -0.00772309
7.02 -0.007252476
7.03 -0.005218404
7.04 -0.0002277365
7.05 0.005666808
7.06 0.009464948
7.07 0.01193085
7.08 0.01404209
7.09 0.01420836
7.1 0.0138298
7.11 0.0137512
7.12 0.0116064
7.13 0.006545782
7.14 0.003252437
7.15 0.0002382152
7.16 -0.003353029
7.17 -0.005542112
7.18 -0.006528807
7.19 -0.006470406
7.2 -0.005511566
7.21 -0.005304729
7.22 -0.004896372
7.23 -0.003410476
7.24 -0.002851104
7.25 -0.00328004
7.26 -0.00463799
7.27 -0.00607082
7.28 -0.007576217
7.29 -0.008120633
7.3 -0.007952342
7.31 -0.007906182
7.32 -0.00802261
7.33 -0.008078043
7.34 -0.008015118
7.35 -0.007854478
7.36 -0.006871967
7.37 -0.005411917
7.38 -0.003872526
7.39 -0.003055798
7.4 -0.003178423
7.41 -0.003437388
7.42 -0.004314425
7.43 -0.004578085
7.44 -0.004908896
7.45 -0.006243126
7.46 -0.007865522
7.47 -0.007416213
7.48 -0.005629056
7.49 -0.003557396
7.5 0.0003531481
7.51 0.004335392
7.52 0.007782393
7.53 0.01098085
7.54 0.01301821
7.55 0.01663045
7.56 0.0207368
7.57 0.02295144
7.58 0.02234508
7.59 0.0195341
7.6 0.01480901
7.61 0.006583974
7.62 -0.0009887629
7.63 -0.004375614
7.64 -0.006558112
7.65 -0.008381242
7.66 -0.008620844
7.67 -0.008571673
7.68 -0.01040958
7.69 -0.01293594
7.7 -0.01355214
7.71 -0.01309652
7.72 -0.01148896
7.73 -0.006970156
7.74 -0.0009973839
7.75 0.003344892
7.76 0.004857717
7.77 0.005889384
7.78 0.007466277
7.79 0.008569818
7.8 0.008496155
7.81 0.00822883
7.82 0.007303007
7.83 0.004719647
7.84 0.001641118
7.85 -0.001518487
7.86 -0.006372135
7.87 -0.01152168
7.88 -0.01467261
7.89 -0.01582793
7.9 -0.01553404
7.91 -0.01314567
7.92 -0.0087204
7.93 -0.005881938
7.94 -0.004901755
7.95 -0.003906168
7.96 -0.003614077
7.97 -0.004204554
7.98 -0.0057735
7.99 -0.006492628
8 -0.006300058
8.01 -0.006207248
8.02 -0.005926347
8.03 -0.004442471
8.04 -0.003545869
8.05 -0.00378585
8.06 -0.005107818
8.07 -0.007596902
8.08 -0.008536542
8.09 -0.006417919
8.1 -0.00385676
8.11 -0.002501068
8.12 -0.0003289984
8.13 0.001550483
8.14 0.003256414
8.15 0.005998127
8.16 0.009788989
8.17 0.01414111
8.18 0.01709966
8.19 0.01784317
8.2 0.01541279
8.21 0.009626492
8.22 0.00304871
8.23 -0.0006356804
8.24 -0.003869802
8.25 -0.006174757
8.26 -0.006191823
8.27 -0.005837283
8.28 -0.005902684
8.29 -0.005968169
8.3 -0.005668409
8.31 -0.004223717
8.32 -0.00333424
8.33 -0.004272739
8.34 -0.00584996
8.35 -0.00612815
8.36 -0.00592348
8.37 -0.005934506
8.38 -0.004609625
8.39 -0.001344773
8.4 0.001983959
8.41 0.006842854
8.42 0.01107353
8.43 0.0132358
8.44 0.0136134
8.45 0.01332916
8.46 0.01220651
8.47 0.0107479
8.48 0.009211932
8.49 0.008520682
8.5 0.008662764
8.51 0.008763537
8.52 0.00872401
8.53 0.009104739
8.54 0.0106601
8.55 0.01145928
8.56 0.01121861
8.57 0.01109648
8.58 0.01118324
8.59 0.01121146
8.6 0.01127691
8.61 0.01218017
8.62 0.01375223
8.63 0.01531218
8.64 0.01625268
8.65 0.01516305
8.66 0.0120317
8.67 0.008913203
8.68 0.004298317
8.69 0.001371544
8.7 0.001565524
8.71 0.002817296
8.72 0.005870702
8.73 0.0100027
8.74 0.01352124
8.75 0.01593894
8.76 0.01670742
8.77 0.01652958
8.78 0.01637639
8.79 0.01509227
8.8 0.01215889
8.81 0.009098038
8.82 0.006379034
8.83 0.004533844
8.84 0.003119945
8.85 0.0003179442
8.86 -0.003719564
8.87 -0.005559124
8.88 -0.006740687
8.89 -0.009422967
8.9 -0.0104291
8.91 -0.01158983
8.92 -0.01487158
8.93 -0.01877393
8.94 -0.0197492
8.95 -0.01920294
8.96 -0.01911363
8.97 -0.01879083
8.98 -0.01663499
8.99 -0.01432899
9 -0.01399383
9.01 -0.01452177
9.02 -0.01589575
9.03 -0.01742954
9.04 -0.01950559
9.05 -0.02147672
9.06 -0.02303271
9.07 -0.0255602
9.08 -0.02811678
9.09 -0.02882689
9.1 -0.0284383
9.11 -0.02691933
9.12 -0.0212277
9.13 -0.01273833
9.14 -0.006388032
9.15 -0.002408312
9.16 0.001413291
9.17 0.003227674
9.18 0.003013097
9.19 0.002796029
9.2 0.002941339
9.21 0.003137288
9.22 0.004215373
9.23 0.005712983
9.24 0.007716253
9.25 0.009992384
9.26 0.01144393
9.27 0.01278197
9.28 0.01421712
9.29 0.01523109
9.3 0.01481075
9.31 0.01318078
9.32 0.01155313
9.33 0.009093719
9.34 0.00585332
9.35 0.002024176
9.36 0.0004776614
9.37 0.0008853255
9.38 0.001089388
9.39 0.000765195
9.4 -0.001303423
9.41 -0.005700459
9.42 -0.009636075
9.43 -0.01417559
9.44 -0.02054675
9.45 -0.02361638
9.46 -0.02356144
9.47 -0.02403701
9.48 -0.02251505
9.49 -0.01815998
9.5 -0.01245096
9.51 -0.006610574
9.52 -0.001877922
9.53 -0.0006964955
9.54 -0.00021659
9.55 0.002277675
9.56 0.003991821
9.57 0.003846138
9.58 0.003550821
9.59 0.002787655
9.6 0.001376404
9.61 0.0008436057
9.62 -0.0002194645
9.63 -0.001793097
9.64 -0.003203361
9.65 -0.001722311
9.66 0.001657272
9.67 0.004699539
9.68 0.006789845
9.69 0.008848565
9.7 0.01084512
9.71 0.01021171
9.72 0.008264673
9.73 0.006355553
9.74 0.003185691
9.75 -0.000553119
9.76 -0.003339553
9.77 -0.005668642
9.78 -0.006080816
9.79 -0.005341859
9.8 -0.002549433
9.81 0.00292594
9.82 0.009911897
9.83 0.01669234
9.84 0.02079772
9.85 0.02231865
9.86 0.02056857
9.87 0.01656899
9.88 0.01338613
9.89 0.01317437
9.9 0.01407763
9.91 0.01677649
9.92 0.02222872
9.93 0.02914546
9.94 0.03474998
9.95 0.03722076
9.96 0.03721119
9.97 0.03425333
9.98 0.02858818
9.99 0.02026672
10 0.00955948
10.01 0.001030444
10.02 -0.00680328
10.03 -0.01739168
10.04 -0.02810783
10.05 -0.03529449
10.06 -0.039006
10.07 -0.04114636
10.08 -0.04182955
10.09 -0.04079997
10.1 -0.03797945
10.11 -0.03334852
10.12 -0.0272562
10.13 -0.01995996
10.14 -0.01350128
10.15 -0.007118537
10.16 -0.0001350644
10.17 0.005802648
10.18 0.01122378
10.19 0.01627027
10.2 0.01963476
10.21 0.02206271
10.22 0.02351737
10.23 0.0235219
10.24 0.02217521
10.25 0.01846475
10.26 0.01493458
10.27 0.01360441
10.28 0.01348337
10.29 0.01256851
10.3 0.01307487
10.31 0.01395937
10.32 0.01389037
10.33 0.01366868
10.34 0.0136961
10.35 0.01281602
10.36 0.009778966
10.37 0.007414653
10.38 0.004012553
10.39 -0.001684388
10.4 -0.007689767
10.41 -0.01338157
10.42 -0.01900692
10.43 -0.02245657
10.44 -0.02261027
10.45 -0.02182671
10.46 -0.02000815
10.47 -0.01708907
10.48 -0.01402449
10.49 -0.01004748
10.5 -0.004696911
10.51 -0.0005777172
10.52 0.002043357
10.53 0.004756393
10.54 0.00867417
10.55 0.01405015
10.56 0.01847874
10.57 0.02117542
10.58 0.02365067
10.59 0.02390809
10.6 0.0210486
10.61 0.01743826
10.62 0.01345414
10.63 0.008016367
10.64 0.001432858
10.65 -0.004491708
10.66 -0.01202992
10.67 -0.01986537
10.68 -0.02839234
10.69 -0.03556422
10.7 -0.04015657
10.71 -0.04297863
10.72 -0.04429561
10.73 -0.0435568
10.74 -0.03951952
10.75 -0.03213156
10.76 -0.02146421
10.77 -0.00966594
10.78 0.002940933
10.79 0.01499002
10.8 0.0248099
10.81 0.03350231
10.82 0.03791913
10.83 0.03648259
10.84 0.03257014
10.85 0.02595397
10.86 0.01654726
10.87 0.005490752
10.88 -0.003870396
10.89 -0.01063692
10.9 -0.01499737
10.91 -0.01590629
10.92 -0.01543846
10.93 -0.01353958
10.94 -0.008334904
10.95 -0.0009147153
10.96 0.005875836
10.97 0.01071928
10.98 0.01170705
10.99 0.008720018
11 0.005010364
11.01 -0.002613395
11.02 -0.01097808
11.03 -0.01617138
11.04 -0.01835646
11.05 -0.01852053
11.06 -0.01799
11.07 -0.01525774
11.08 -0.01088212
11.09 -0.005823601
11.1 -0.0001331989
11.11 0.005352429
11.12 0.008635898
11.13 0.01111865
11.14 0.01324659
11.15 0.01533701
11.16 0.01713737
11.17 0.01719604
11.18 0.01443319
11.19 0.01199904
11.2 0.01092601
11.21 0.008216738
11.22 0.004970414
11.23 0.001207559
11.24 -0.002200108
11.25 -0.005977615
11.26 -0.00875149
11.27 -0.01219251
11.28 -0.015603
11.29 -0.01706001
11.3 -0.01695227
11.31 -0.01685854
11.32 -0.01579191
11.33 -0.01274416
11.34 -0.01056102
11.35 -0.008536846
11.36 -0.007325171
11.37 -0.00745162
11.38 -0.00774597
11.39 -0.009588372
11.4 -0.01455098
11.41 -0.01816079
11.42 -0.02069168
11.43 -0.02238312
11.44 -0.02110568
11.45 -0.01771318
11.46 -0.01461102
11.47 -0.01104388
11.48 -0.007952044
11.49 -0.00531541
11.5 -0.002554219
11.51 0.0003570307
11.52 0.00296961
11.53 0.004133424
11.54 0.003932664
11.55 0.003758383
11.56 0.003876207
11.57 0.003997827
11.58 0.005204953
11.59 0.008213539
11.6 0.01304697
11.61 0.01830919
11.62 0.02331872
11.63 0.02768785
11.64 0.02944642
11.65 0.02966446
11.66 0.02782035
11.67 0.02471286
11.68 0.02185875
11.69 0.02025747
11.7 0.02015126
11.71 0.02029021
11.72 0.01969293
11.73 0.01662923
11.74 0.01098947
11.75 0.005042695
11.76 -0.000598399
11.77 -0.005815522
11.78 -0.009344934
11.79 -0.01190565
11.8 -0.01361854
11.81 -0.01363375
11.82 -0.01207354
11.83 -0.01055327
11.84 -0.007842428
11.85 -0.0042547
11.86 -0.001207628
11.87 0.002622757
11.88 0.00707439
11.89 0.01078957
11.9 0.0133256
11.91 0.01306157
11.92 0.008964037
11.93 0.003907836
11.94 -0.001157608
11.95 -0.005370973
11.96 -0.008647507
11.97 -0.00945662
11.98 -0.01044296
11.99 -0.01295847
12 -0.0141614
12.01 -0.01383616
12.02 -0.01182708
12.03 -0.006726576
12.04 -0.0007947509
12.05 0.003143376
12.06 0.005617302
12.07 0.007527983
12.08 0.007964653
12.09 0.007522475
12.1 0.006225447
12.11 0.005653572
12.12 0.00712503
12.13 0.008055444
12.14 0.00995064
12.15 0.01430833
12.16 0.01899014
12.17 0.02199165
12.18 0.02247228
12.19 0.02198766
12.2 0.01967805
12.21 0.01669453
12.22 0.01306418
12.23 0.008538751
12.24 0.00633394
12.25 0.004317363
12.26 0.0004565791
12.27 -0.002744016
12.28 -0.005516691
12.29 -0.007055372
12.3 -0.007702164
12.31 -0.009805025
12.32 -0.01162866
12.33 -0.01166208
12.34 -0.01137158
12.35 -0.01151072
12.36 -0.0131748
12.37 -0.0158955
12.38 -0.01514819
12.39 -0.01140045
12.4 -0.006442289
12.41 -0.0007489345
12.42 0.005817408
12.43 0.01190627
12.44 0.0160728
12.45 0.01719288
12.46 0.01417766
12.47 0.01230071
12.48 0.01269087
12.49 0.01268939
12.5 0.0100676
12.51 0.007726184
12.52 0.007802574
12.53 0.00679418
12.54 0.005506058
12.55 0.007486372
12.56 0.008000514
12.57 0.004775318
12.58 0.001644747
12.59 -0.003279556
12.6 -0.01150523
12.61 -0.01884224
12.62 -0.02184601
12.63 -0.02412987
12.64 -0.02571739
12.65 -0.02565121
12.66 -0.02520539
12.67 -0.02294223
12.68 -0.01983805
12.69 -0.0168317
12.7 -0.01541947
12.71 -0.01564758
12.72 -0.01585774
12.73 -0.01574851
12.74 -0.01567925
12.75 -0.01568898
12.76 -0.01567341
12.77 -0.01548623
12.78 -0.01361777
12.79 -0.01084057
12.8 -0.01038964
12.81 -0.01083934
12.82 -0.009668492
12.83 -0.004969079
12.84 0.001176682
12.85 0.006540526
12.86 0.00922515
12.87 0.01078543
12.88 0.01292302
12.89 0.01526127
12.9 0.01990423
12.91 0.02358531
12.92 0.02530562
12.93 0.02700298
12.94 0.0265693
12.95 0.02350622
12.96 0.01943693
12.97 0.01664197
12.98 0.01291891
12.99 0.008679408
13 0.005947467
13.01 0.0035304
13.02 0.0006561888
13.03 -0.001628435
13.04 -0.003419686
13.05 -0.005445968
13.06 -0.005962974
13.07 -0.005595103
13.08 -0.005504424
13.09 -0.005549194
13.1 -0.004992774
13.11 -0.003398676
13.12 -0.002729043
13.13 -0.002884404
13.14 -0.002885809
13.15 -0.00280351
13.16 -0.002814489
13.17 -0.0033426
13.18 -0.004832613
13.19 -0.006331944
13.2 -0.00740952
13.21 -0.007113204
13.22 -0.004992546
13.23 -0.002604861
13.24 -0.001962994
13.25 -0.0001167545
13.26 0.002519846
13.27 0.002922545
13.28 0.002512097
13.29 0.002484305
13.3 0.001691938
13.31 -0.0008649235
13.32 -0.004164869
13.33 -0.008275492
13.34 -0.01187457
13.35 -0.01381265
13.36 -0.01300835
13.37 -0.009100524
13.38 -0.005986174
13.39 -0.004310239
13.4 -0.00222378
13.41 -0.001396834
13.42 -0.0006542636
13.43 0.001822226
13.44 0.003740592
13.45 0.005047694
13.46 0.005148085
13.47 0.002797076
13.48 0.000663348
13.49 -0.0005146183
13.5 -0.001426327
13.51 -0.001535578
13.52 -0.0007129403
13.53 0.0009067556
13.54 0.002397396
13.55 0.003573453
13.56 0.003999044
13.57 0.004824711
13.58 0.004896286
13.59 0.005566519
13.6 0.00493272
13.61 0.002377674
13.62 0.0006751552
13.63 -0.0005716589
13.64 -0.001148886
13.65 -0.001114579
13.66 -0.002214191
13.67 -0.004755681
13.68 -0.00601307
13.69 -0.005794189
13.7 -0.005632973
13.71 -0.005664428
13.72 -0.005523172
13.73 -0.004177928
13.74 -0.00296703
13.75 -0.002379198
13.76 -0.0009114562
13.77 0.001807386
13.78 0.004228275
13.79 0.005103776
13.8 0.007719409
13.81 0.009356198
13.82 0.008168497
13.83 0.006481377
13.84 0.006388333
13.85 0.007142657
13.86 0.00861685
13.87 0.009302961
13.88 0.009172197
13.89 0.009050601
13.9 0.009086363
13.91 0.008593986
13.92 0.006386703
13.93 0.004207168
13.94 0.002773286
13.95 0.0006248816
13.96 -0.000983236
13.97 -0.002333074
13.98 -0.002876809
13.99 -0.002855415
14 -0.003929962
14.01 -0.005183552
14.02 -0.005159124
14.03 -0.004235808
14.04 -0.002804554
14.05 -0.002401216
14.06 -0.002335633
14.07 -0.000974249
14.08 5.181181e-05
14.09 -3.812247e-05
14.1 -0.0001587902
14.11 -0.0002936739
14.12 -0.001919708
14.13 -0.004446443
14.14 -0.00589973
14.15 -0.007910624
14.16 -0.009756956
14.17 -0.009913394
14.18 -0.009593344
14.19 -0.009587791
14.2 -0.008901941
14.21 -0.00645356
14.22 -0.004226607
14.23 -0.001675874
14.24 0.001155956
14.25 0.004883677
14.26 0.007418269
14.27 0.007537644
14.28 0.00698317
14.29 0.005684908
14.3 0.004787409
14.31 0.005565225
14.32 0.007175341
14.33 0.007731166
14.34 0.008836963
14.35 0.01036678
14.36 0.01185913
14.37 0.01312764
14.38 0.01344146
14.39 0.01219098
14.4 0.01052737
14.41 0.009195387
14.42 0.007795997
14.43 0.007183984
14.44 0.006301524
14.45 0.005036184
14.46 0.00481144
14.47 0.005050537
14.48 0.005064446
14.49 0.005023204
14.5 0.00505989
14.51 0.004802813
14.52 0.003390272
14.53 0.001882863
14.54 0.000494087
14.55 8.594388e-05
14.56 0.0002789446
14.57 0.0003410345
14.58 0.00026067
14.59 -0.0004363506
14.6 -0.002809556
14.61 -0.00590189
14.62 -0.008771348
14.63 -0.01111819
14.64 -0.01191827
14.65 -0.01243038
14.66 -0.01384528
14.67 -0.01418759
14.68 -0.01264956
14.69 -0.01142393
14.7 -0.01213688
14.71 -0.01392909
14.72 -0.0153003
14.73 -0.01656651
14.74 -0.01805995
14.75 -0.01939071
14.76 -0.02083594
14.77 -0.02220353
14.78 -0.02263844
14.79 -0.02264272
14.8 -0.02317798
14.81 -0.02152154
14.82 -0.01758446
14.83 -0.01211652
14.84 -0.004990972
14.85 0.003576713
14.86 0.01223181
14.87 0.02009767
14.88 0.02550273
14.89 0.02827254
14.9 0.02940407
14.91 0.02902762
14.92 0.02663003
14.93 0.02225865
14.94 0.01786394
14.95 0.01366694
14.96 0.009615078
14.97 0.007193871
14.98 0.005849759
14.99 0.004586887
15 0.003171413
15.01 0.002668121
15.02 0.001688208
15.03 0.000209042
15.04 -0.001327028
15.05 -0.002000035
15.06 -0.001831423
15.07 -0.001857912
15.08 -0.002901385
15.09 -0.002759709
15.1 -0.001698125
15.11 -0.001536328
15.12 -0.001659255
15.13 -0.0007370629
15.14 -0.0006118201
15.15 -0.001688161
15.16 -0.001375965
15.17 0.001094481
15.18 0.003194245
15.19 0.003522272
15.2 0.004339905
15.21 0.004107362
15.22 0.003137653
15.23 0.002965013
15.24 0.001292978
15.25 -0.001875831
15.26 -0.004960241
15.27 -0.006655035
15.28 -0.007631268
15.29 -0.01030856
15.3 -0.009686247
15.31 -0.006286714
15.32 -0.00405041
15.33 -0.002080347
15.34 -0.001189043
15.35 -0.001258735
15.36 -0.001334939
15.37 -0.001253276
15.38 -0.001207364
15.39 -0.002076475
15.4 -0.005042957
15.41 -0.006531785
15.42 -0.008043733
15.43 -0.01036384
15.44 -0.009124059
15.45 -0.006164584
15.46 -0.004677893
15.47 -0.002771693
15.48 -0.0008993038
15.49 -0.0006456057
15.5 -0.0008935234
15.51 -0.001803186
15.52 -0.00477867
15.53 -0.007792739
15.54 -0.01039076
15.55 -0.01301801
15.56 -0.01510457
15.57 -0.01519135
15.58 -0.01475235
15.59 -0.01304818
15.6 -0.009965943
15.61 -0.006357531
15.62 -0.0009160967
15.63 0.005126522
15.64 0.009359079
15.65 0.01191693
15.66 0.01552008
15.67 0.01834669
15.68 0.01741366
15.69 0.0146871
15.7 0.01248784
15.71 0.00991624
15.72 0.007053834
15.73 0.004857721
15.74 0.003913994
15.75 0.001347589
15.76 -2.64682e-05
15.77 0.0004383163
15.78 0.002021409
15.79 0.004517459
15.8 0.005668782
15.81 0.006811549
15.82 0.009753023
15.83 0.01199964
15.84 0.01425376
15.85 0.01547517
15.86 0.01443037
15.87 0.01130301
15.88 0.01005403
15.89 0.009343127
15.9 0.006951091
15.91 0.005597942
15.92 0.005957011
15.93 0.006232074
15.94 0.006136943
15.95 0.006153301
15.96 0.006249231
15.97 0.006282193
15.98 0.006336991
15.99 0.006382361
16 0.006397376
16.01 0.006145296
16.02 0.003695908
16.03 0.001508685
16.04 0.0003931425
16.05 -0.00217866
16.06 -0.003176505
16.07 -0.002748697
16.08 -0.002595822
16.09 -0.002641527
16.1 -0.002596115
16.11 -0.002490843
16.12 -0.002364344
16.13 -0.002325729
16.14 -0.002313496
16.15 -0.002239557
16.16 -0.002183367
16.17 -0.002138605
16.18 -0.002318641
16.19 -0.004729507
16.2 -0.007020224
16.21 -0.00751228
16.22 -0.009147595
16.23 -0.00952824
16.24 -0.006940368
16.25 -0.005983632
16.26 -0.006431803
16.27 -0.006474607
16.28 -0.006203903
16.29 -0.006046877
16.3 -0.004772671
16.31 -0.002136494
16.32 -0.0008295033
16.33 -0.001028572
16.34 -0.001221544
16.35 -0.002072792
16.36 -0.003531608
16.37 -0.004299418
16.38 -0.002120905
16.39 0.0003859824
16.4 0.002578666
16.41 0.00426333
16.42 0.004461476
16.43 0.005034112
16.44 0.008076784
16.45 0.009875682
16.46 0.01154431
16.47 0.01411261
16.48 0.01438571
16.49 0.01219079
16.5 0.009856134
16.51 0.009449496
16.52 0.009797712
16.53 0.00943247
16.54 0.006721212
16.55 0.00383891
16.56 0.001013833
16.57 -0.001645939
16.58 -0.004372389
16.59 -0.007280471
16.6 -0.009558832
16.61 -0.01132954
16.62 -0.0132763
16.63 -0.01380347
16.64 -0.01321879
16.65 -0.01059382
16.66 -0.008238747
16.67 -0.007646866
16.68 -0.006401469
16.69 -0.004777252
16.7 -0.003512528
16.71 -0.003833613
16.72 -0.006741582
16.73 -0.008516059
16.74 -0.00828877
16.75 -0.009993891
16.76 -0.01274506
16.77 -0.01299944
16.78 -0.01242412
16.79 -0.01102465
16.8 -0.008157641
16.81 -0.007014664
16.82 -0.005898765
16.83 -0.003361584
16.84 -0.002136567
16.85 -0.002313629
16.86 -0.002367096
16.87 -0.002494191
16.88 -0.004914245
16.89 -0.007187842
16.9 -0.007020474
16.91 -0.00655705
16.92 -0.006566015
16.93 -0.006176864
16.94 -0.003566955
16.95 -0.0008455353
16.96 0.001285311
16.97 0.003335646
16.98 0.005853173
16.99 0.008415735
17 0.008732644
17.01 0.008380601
17.02 0.008483434
17.03 0.007039345
17.04 0.004167594
17.05 0.003587073
17.06 0.003813634
17.07 0.002014483
17.08 -0.0004258488
17.09 -0.000834559
17.1 -8.392868e-05
17.11 0.002274987
17.12 0.003568776
17.13 0.004089602
17.14 0.004739829
17.15 0.004767653
17.16 0.003413687
17.17 0.0009282842
17.18 -0.0001346755
17.19 0.0002146812
17.2 0.0004255292
17.21 0.0003945468
17.22 0.0004036927
17.23 0.0004953074
17.24 0.001453325
17.25 0.004517801
17.26 0.006940295
17.27 0.009098086
17.28 0.01047711
17.29 0.009003063
17.3 0.006313252
17.31 0.005486366
17.32 0.004343186
17.33 0.001610842
17.34 0.0006807334
17.35 -0.0003586927
17.36 -0.002747885
17.37 -0.003601495
17.38 -0.001555138
17.39 0.001536501
17.4 0.002129839
17.41 0.001757183
17.42 0.001844421
17.43 0.002677127
17.44 0.005056904
17.45 0.006990618
17.46 0.007121765
17.47 0.006595968
17.48 0.004823954
17.49 0.002554043
17.5 0.002098903
17.51 0.002544983
17.52 0.002610561
17.53 0.002578276
17.54 0.00266593
17.55 0.001400753
17.56 -0.001575987
17.57 -0.0025636
17.58 -0.003510905
17.59 -0.005876565
17.6 -0.006888879
17.61 -0.006534209
17.62 -0.006341249
17.63 -0.006125015
17.64 -0.003586683
17.65 -0.001149013
17.66 -0.00103186
17.67 0.0001183961
17.68 0.003235547
17.69 0.004104163
17.7 0.003605314
17.71 0.003647203
17.72 0.003859202
17.73 0.003900405
17.74 0.003804119
17.75 0.001609083
17.76 -0.001425482
17.77 -0.004395487
17.78 -0.005795679
17.79 -0.00690256
17.8 -0.009821654
17.81 -0.01291575
17.82 -0.01495999
17.83 -0.01498052
17.84 -0.01454433
17.85 -0.0130594
17.86 -0.009998718
17.87 -0.007832946
17.88 -0.005647099
17.89 -0.00362798
17.9 -0.0001089687
17.91 0.003626677
17.92 0.006336242
17.93 0.007886322
17.94 0.008598845
17.95 0.006660814
17.96 0.004992845
17.97 0.00521991
17.98 0.005330963
17.99 0.002948946
18 0.0005321663
18.01 0.0005952191
18.02 0.001060678
18.03 0.0009793463
18.04 0.0009720882
18.05 0.001113961
18.06 0.001526397
18.07 0.003574055
18.08 0.005941296
18.09 0.006466602
18.1 0.006162408
18.11 0.006152174
18.12 0.006339559
18.13 0.00641118
18.14 0.006442058
18.15 0.006554236
18.16 0.006590778
18.17 0.006102124
18.18 0.003435323
18.19 0.001568483
18.2 0.001793017
18.21 0.002156666
18.22 0.002159724
18.23 0.002125981
18.24 0.002168153
18.25 0.002292631
18.26 0.002265249
18.27 0.0004430901
18.28 -0.002246747
18.29 -0.002652085
18.3 -0.002190393
18.31 -0.00211655
18.32 -0.002130175
18.33 -0.002181645
18.34 -0.003421529
18.35 -0.005872594
18.36 -0.006943034
18.37 -0.006661591
18.38 -0.006496618
18.39 -0.006527777
18.4 -0.006477146
18.41 -0.006359276
18.42 -0.00631542
18.43 -0.006309503
18.44 -0.006226051
18.45 -0.00613874
18.46 -0.006119677
18.47 -0.006030154
18.48 -0.005940259
18.49 -0.005898413
18.5 -0.005706844
18.51 -0.003809909
18.52 -0.0009988104
18.53 5.741179e-05
18.54 0.002540432
18.55 0.004521674
18.56 0.006004578
18.57 0.008760871
18.58 0.01075782
18.59 0.01134787
18.6 0.009946046
18.61 0.008937221
18.62 0.007594929
18.63 0.004934619
18.64 0.003853312
18.65 0.001765188
18.66 -0.0003022399
18.67 -0.0002723672
18.68 0.0001400291
18.69 7.80704e-05
18.7 -0.001049455
18.71 -0.002547393
18.72 -0.003984278
18.73 -0.00408181
18.74 -0.001691577
18.75 0.0005737891
18.76 0.0004611298
18.77 -0.002405671
18.78 -0.004510965
18.79 -0.004298489
18.8 -0.003910403
18.81 -0.003989891
18.82 -0.003612629
18.83 -0.0009054126
18.84 0.001321265
18.85 0.001294032
18.86 0.001036983
18.87 0.001188387
18.88 0.001298399
18.89 0.001293634
18.9 0.001738182
18.91 0.002714266
18.92 0.002035454
18.93 0.00136809
18.94 0.001588107
18.95 0.001758333
18.96 0.001818308
18.97 0.002973629
18.98 0.006000342
18.99 0.00721913
19 0.00681962
19.01 0.006304624
19.02 0.003808028
19.03 0.001909737
19.04 0.002007108
19.05 0.0004748605
19.06 -0.002318627
19.07 -0.002732504
19.08 -0.002953179
19.09 -0.005815223
19.1 -0.007405851
19.11 -0.007009639
19.12 -0.006762802
19.13 -0.0067916
19.14 -0.006719605
19.15 -0.005718687
19.16 -0.002611341
19.17 -0.0011855
19.18 -0.001536226
19.19 -0.001690824
19.2 -0.00149461
19.21 -0.00137092
19.22 -0.001365648
19.23 -0.001301736
19.24 -0.001173637
19.25 -0.001143697
19.26 -0.001129435
19.27 -0.001003249
19.28 -0.0009251575
19.29 -0.0008637334
19.3 -0.0007496842
19.31 -0.0007154556
19.32 -0.000712379
19.33 -0.0006476181
19.34 -0.001863526
19.35 -0.00472455
19.36 -0.00443189
19.37 -0.001302805
19.38 0.0002054234
19.39 -0.0001117425
19.4 -0.000288234
19.41 -9.212957e-05
19.42 5.793447e-05
19.43 7.612977e-05
19.44 0.0001774306
19.45 0.0002739925
19.46 0.0002807802
19.47 0.0003506193
19.48 0.0004786136
19.49 0.0009943275
19.5 0.003782576
19.51 0.006920403
19.52 0.009810607
19.53 0.01076299
19.54 0.01050307
19.55 0.01046688
19.56 0.01059615
19.57 0.009654181
19.58 0.006693894
19.59 0.003705805
19.6 0.001007803
19.61 -0.00182721
19.62 -0.004369761
19.63 -0.007180684
19.64 -0.008349393
19.65 -0.008007974
19.66 -0.0078306
19.67 -0.007821011
19.68 -0.007729483
19.69 -0.007642526
19.7 -0.006130543
19.71 -0.003036808
19.72 -0.0021284
19.73 -0.00258024
19.74 -0.002630308
19.75 -0.002431653
19.76 -0.002292803
19.77 -0.0002791979
19.78 0.002541687
19.79 0.002971152
19.8 0.002618591
19.81 0.002688095
19.82 0.002861599
19.83 0.002968888
19.84 0.003001131
19.85 0.003057579
19.86 0.002194464
19.87 -0.0007562813
19.88 -0.002182218
19.89 -0.003856372
19.9 -0.006184161
19.91 -0.006447815
19.92 -0.006018485
19.93 -0.00599472
19.94 -0.006011291
19.95 -0.005945503
19.96 -0.005341932
19.97 -0.002480748
19.98 0.0006594481
19.99 0.003484041
20 0.00439441
20.01 0.004141585
20.02 0.004103592
20.03 0.004322046
20.04 0.004419161
20.05 0.004436003
20.06 0.004503152
20.07 0.004550955
20.08 0.004627543
20.09 0.004743941
20.1 0.004797178
20.11 0.004867242
20.12 0.005000311
20.13 0.005048508
20.14 0.005059649
20.15 0.005133309
20.16 0.005192614
20.17 0.005274329
20.18 0.00540386
20.19 0.005445731
20.2 0.005084507
20.21 0.003165258
20.22 0.001003214
20.23 0.0007223243
20.24 0.002396386
20.25 0.005050318
20.26 0.006285403
20.27 0.006129505
20.28 0.00600457
20.29 0.006137656
20.3 0.006437903
20.31 0.008165282
20.32 0.01069682
20.33 0.01145004
20.34 0.009482785
20.35 0.006627619
20.36 0.006231872
20.37 0.006781232
20.38 0.00579672
20.39 0.002777442
20.4 0.001696825
20.41 0.002012052
20.42 0.0006669956
20.43 -0.001883697
20.44 -0.003912646
20.45 -0.006561812
20.46 -0.007656775
20.47 -0.009591834
20.48 -0.01187503
20.49 -0.01198473
20.5 -0.0115129
20.51 -0.01142387
20.52 -0.01144996
20.53 -0.01137569
20.54 -0.01130038
20.55 -0.01128929
20.56 -0.01122486
20.57 -0.01090396
20.58 -0.008563834
20.59 -0.005976965
20.6 -0.005811413
20.61 -0.006171868
20.62 -0.005930198
20.63 -0.004652544
20.64 -0.002017991
20.65 -0.0006263984
20.66 -0.0007816717
20.67 -0.0009217978
20.68 -0.0008175995
20.69 -0.0006890739
20.7 -0.0005952607
20.71 -0.0005434134
20.72 -0.0004205165
20.73 -0.0003469678
20.74 -0.0003441429
20.75 -0.0002934578
20.76 -0.0002270149
20.77 -0.0001740632
20.78 -0.0001082723
20.79 -0.001766013
20.8 -0.004634406
20.81 -0.005170647
20.82 -0.004572848
20.83 -0.004460151
20.84 -0.004493982
20.85 -0.003262698
20.86 -0.0005611206
20.87 0.0008720522
20.88 0.0007022644
20.89 0.001868518
20.9 0.004994559
20.91 0.006285973
20.92 0.008361019
20.93 0.01068795
20.94 0.01086721
20.95 0.009069361
20.96 0.006140243
20.97 0.005533217
20.98 0.006433911
20.99 0.007479448
21 0.006745864
21.01 0.005983897
21.02 0.006110889
21.03 0.006352333
21.04 0.006404503
21.05 0.006383014
21.06 0.005028808
21.07 0.002141763
21.08 0.001015066
21.09 -0.001083964
21.1 -0.003173392
21.11 -0.00311116
21.12 -0.003508128
21.13 -0.006008516
21.14 -0.007819385
21.15 -0.007289668
21.16 -0.005479783
21.17 -0.00402905
21.18 -0.002698069
21.19 -0.002430828
21.2 -0.00405533
21.21 -0.006495258
21.22 -0.007358881
21.23 -0.006970047
21.24 -0.004967422
21.25 -0.002205364
21.26 -0.001700093
21.27 -0.00213206
21.28 -0.002094747
21.29 -0.001865953
21.3 -0.001834081
21.31 -0.001827726
21.32 -0.001775693
21.33 -0.001726732
21.34 -0.001612767
21.35 -0.001635739
21.36 -0.002801826
21.37 -0.005341467
21.38 -0.006562334
21.39 -0.006259447
21.4 -0.006059374
21.41 -0.0061025
21.42 -0.006111653
21.43 -0.005552466
21.44 -0.002640018
21.45 -0.0007186406
21.46 -0.0008843558
21.47 -0.001129145
21.48 -0.001021641
21.49 -0.0009293225
21.5 -0.0009208536
21.51 -0.0008475035
21.52 0.0002159096
21.53 0.002787678
21.54 0.004401787
21.55 0.003932773
21.56 0.002276566
21.57 0.0008989498
21.58 -0.0003252826
21.59 -0.000620076
21.6 -0.0004093513
21.61 -0.0003440302
21.62 -0.0003647848
21.63 0.0005065188
21.64 0.003025174
21.65 0.004836029
21.66 0.004851584
21.67 0.004618051
21.68 0.004731237
21.69 0.004800583
21.7 0.004772291
21.71 0.004851551
21.72 0.004953913
21.73 0.004489362
21.74 0.002352277
21.75 0.0002407642
21.76 -2.507382e-05
21.77 0.0002933456
21.78 0.0003827902
21.79 0.0003991881
21.8 0.001092356
21.81 0.003466242
21.82 0.00545979
21.83 0.006040807
21.84 0.00681462
21.85 0.008317904
21.86 0.01009342
21.87 0.01044572
21.88 0.008135523
21.89 0.005486026
21.9 0.005280367
21.91 0.00516489
21.92 0.002982243
21.93 0.0008928215
21.94 0.0007573111
21.95 0.001171104
21.96 0.001200872
21.97 3.994593e-05
21.98 -0.002231684
21.99 -0.002720186
22 -0.003226388
22.01 -0.003561943
22.02 -0.003451679
22.03 -0.003365645
22.04 -0.003400166
22.05 -0.003347001
22.06 -0.003230293
22.07 -0.00320666
22.08 -0.003170259
22.09 -0.00249101
22.1 -0.0001342622
22.11 0.001839134
22.12 0.001946607
22.13 0.001757585
22.14 0.001880673
22.15 0.001927052
22.16 0.001915921
22.17 0.001960125
22.18 0.001990612
22.19 0.002083074
22.2 0.00215822
22.21 0.002172697
22.22 0.002211496
22.23 0.0022251
22.24 0.002228504
22.25 0.002329515
22.26 0.00240479
22.27 0.002417643
22.28 0.002456844
22.29 0.002468001
22.3 0.002472872
22.31 0.002579395
22.32 0.002649743
22.33 0.002661836
22.34 0.002699992
22.35 0.002709222
22.36 0.002719338
22.37 0.002826683
22.38 0.002890546
22.39 0.002901275
22.4 0.002940486
22.41 0.00295939
22.42 0.003012036
22.43 0.003077843
22.44 0.001779796
22.45 -0.001204761
22.46 -0.002237689
22.47 -0.003210091
22.48 -0.00560614
22.49 -0.007218185
22.5 -0.009263705
22.51 -0.0110991
22.52 -0.01035176
22.53 -0.01004734
22.54 -0.01103906
22.55 -0.01124257
22.56 -0.01102193
22.57 -0.01092439
22.58 -0.01084854
22.59 -0.01013493
22.6 -0.007205967
22.61 -0.005449966
22.62 -0.005603813
22.63 -0.00459779
22.64 -0.001889573
22.65 -0.0005614724
22.66 -0.0007823383
22.67 -0.0008287733
22.68 -0.0006737577
22.69 -0.0006173267
22.7 -0.000594033
22.71 -0.0005813959
22.72 -0.0005330825
22.73 -0.0004076288
22.74 -0.0003504596
22.75 -0.0003156808
22.76 -0.000267635
22.77 -0.0002552373
22.78 -0.000204906
22.79 -8.137953e-05
22.8 -3.378358e-05
22.81 -1.813622e-06
22.82 4.608535e-05
22.83 5.706619e-05
22.84 0.0001048886
22.85 0.0002249333
22.86 0.0001504005
22.87 -0.0009887327
22.88 -0.002010165
22.89 -0.001377261
22.9 0.0002915992
22.91 0.0008129919
22.92 0.0008975362
22.93 0.003261022
22.94 0.005362743
22.95 0.004714486
22.96 0.002279457
22.97 0.0006042983
22.98 0.0005830321
22.99 0.0008517445
23 0.0008344398
23.01 0.0008286884
23.02 0.001084946
23.03 0.003030888
23.04 0.005317307
23.05 0.005459781
23.06 0.005023215
23.07 0.0050348
23.08 0.005066756
23.09 0.005036154
23.1 0.005024397
23.11 0.004953241
23.12 0.004873406
23.13 0.00483461
23.14 0.004671923
23.15 0.003480114
23.16 0.001376924
23.17 0.0004740315
23.18 0.0001957731
23.19 -0.0008932181
23.2 -0.001459294
23.21 -0.002187593
23.22 -0.002765343
23.23 -0.001284835
23.24 0.0007756075
23.25 0.001171463
23.26 0.0008807472
23.27 0.0005155491
23.28 -0.001489979
23.29 -0.002939584
23.3 -0.002741053
23.31 -0.002462449
23.32 -0.002176434
23.33 -0.0002273918
23.34 0.001457353
23.35 0.001401088
23.36 0.001117115
23.37 0.001178169
23.38 0.001197006
23.39 0.001367075
23.4 0.002039913
23.41 0.001586704
23.42 0.001014477
23.43 0.001060222
23.44 0.001116858
23.45 0.0005484731
23.46 -0.001402659
23.47 -0.002374601
23.48 -0.002713011
23.49 -0.004068079
23.5 -0.004999526
23.51 -0.004790372
23.52 -0.003805108
23.53 -0.001857656
23.54 -0.001100342
23.55 -0.001268113
23.56 -0.00125222
23.57 -0.0008830563
23.58 0.0003772511
23.59 0.001688532
23.6 0.001803243
23.61 0.0008062909
23.62 -0.0006352241
23.63 -0.001153826
23.64 -0.0009396781
23.65 -0.0008339763
23.66 -0.0008519207
23.67 -0.001029469
23.68 -0.002370752
23.69 -0.003313691
23.7 -0.003068769
23.71 -0.002682728
23.72 -0.00195076
23.73 -0.0006051847
23.74 4.676193e-05
23.75 -4.189045e-05
23.76 -7.07355e-05
23.77 6.732938e-05
23.78 0.0008040226
23.79 0.001959299
23.8 0.002354297
23.81 0.002198589
23.82 0.002094731
23.83 0.002068631
23.84 0.002012971
23.85 0.001926512
23.86 0.001864027
23.87 0.001835353
23.88 0.001727899
23.89 0.001287244
23.9 0.00128787
23.91 0.001587848
23.92 0.001282133
23.93 0.0003352346
23.94 -0.0002646272
23.95 -0.0002282403
23.96 -9.884008e-05
23.97 0.0001072255
23.98 0.0008048737
23.99 0.001369228
24 0.001323653
24.01 0.001163958
24.02 0.001104843
24.03 0.00105363
24.04 0.0009954056
24.05 0.0009193983
24.06 0.0008365649
24.07 0.0005669207
24.08 -0.0001673628
24.09 -0.0004962995
24.1 -0.0003951709
24.11 -0.000342008
24.12 -0.0003692153
24.13 -0.0003745945
24.14 -0.0004750503
24.15 -0.0005675336
24.16 -0.0003664029
24.17 -0.0002686757
24.18 -0.0003057106
24.19 -0.0003183458
24.2 -0.0003023724
24.21 -0.0002999292
24.22 -0.0002939229
24.23 -0.0003180519
24.24 -0.0004927143
24.25 -0.0006621986
24.26 -0.0007875795
24.27 -0.0007719497
24.28 -0.000721104
24.29 -0.0008007022
24.3 -0.0007974434
24.31 -0.0005848026
24.32 -0.0004587273
24.33 -0.0004435108
24.34 -0.0004184181
24.35 -0.0003738907
24.36 -0.0003377699
24.37 -0.0003053557
24.38 -0.0002694691
24.39 -0.0002406414
24.4 -0.000245924
24.41 -0.0003434595
24.42 -0.0003431807
24.43 -0.0003153919
24.44 -0.0002854567
24.45 -0.0002379514
24.46 -0.0001780358
24.47 -6.997349e-05
24.48 2.796335e-05
24.49 5.391072e-05
24.5 5.650236e-05
24.51 7.922872e-05
24.52 0.0001543909
24.53 0.0001879508
24.54 0.0001693492
24.55 0.0001536603
24.56 0.0001458536
24.57 0.0001377456
24.58 0.0001282427
24.59 0.0001180342
24.6 9.956774e-05
24.61 7.902665e-05
24.62 7.590338e-05
24.63 8.637856e-05
24.64 8.749995e-05
24.65 7.915976e-05
24.66 8.198015e-05
24.67 8.771411e-05
24.68 7.805808e-05
24.69 6.467107e-05
24.7 5.475536e-05
24.71 4.636683e-05
24.72 3.812174e-05
24.73 3.064834e-05
24.74 2.423638e-05
24.75 1.776396e-05
24.76 1.116674e-05
24.77 7.053863e-06
24.78 3.629036e-06
24.79 8.482448e-07
24.8 -5.146778e-07
24.81 -1.435034e-06
24.82 -2.359974e-06
24.83 -3.132638e-06
24.84 -3.718714e-06
24.85 -4.173418e-06
24.86 -4.553106e-06
24.87 -4.890321e-06
24.88 -4.978194e-06
24.89 -4.881039e-06
24.9 -4.727711e-06
24.91 -4.552504e-06
24.92 -4.387648e-06
24.93 -4.239734e-06
24.94 -4.101739e-06
24.95 -3.958066e-06
24.96 -3.805638e-06
24.97 -3.645178e-06
24.98 -3.477208e-06
