0 -0.0005605422
0.01 -0.0005559415
0.02 -0.0005506089
0.03 -0.0005468176
0.04 -0.0005464976
0.05 -0.0005529209
0.06 -0.0005628903
0.07 -0.0005458376
0.08 -0.0004882333
0.09 -0.0004710633
0.1 -0.0004979049
0.11 -0.0004522459
0.12 -0.0003331539
0.13 -0.0002659209
0.14 -0.0003066859
0.15 -0.000375899
0.16 -0.0004374919
0.17 -0.0005167488
0.18 -0.0006302204
0.19 -0.0007558666
0.2 -0.000849656
0.21 -0.0008191704
0.22 -0.0006071446
0.23 -0.0004200175
0.24 -0.0004666192
0.25 -0.0005854069
0.26 -0.0003121878
0.27 9.390404e-05
0.28 9.822073e-05
0.29 -0.000164914
0.3 -0.000407653
0.31 -0.0005285394
0.32 -0.0005592156
0.33 -0.0004848482
0.34 -0.0002407674
0.35 7.466594e-05
0.36 0.0005848075
0.37 0.0007525922
0.38 0.0008109625
0.39 0.001647804
0.4 0.002640056
0.41 0.002751906
0.42 0.001722834
0.43 7.963806e-05
0.44 -0.001766314
0.45 -0.00327595
0.46 -0.00403783
0.47 -0.004110761
0.48 -0.003373493
0.49 -0.001144587
0.5 0.002144914
0.51 0.004741058
0.52 0.005868997
0.53 0.005738795
0.54 0.004351416
0.55 0.001294362
0.56 -0.00252472
0.57 -0.004885256
0.58 -0.004797978
0.59 -0.002491406
0.6 0.0009586826
0.61 0.004405147
0.62 0.005494028
0.63 0.001540979
0.64 -0.005047035
0.65 -0.009623494
0.66 -0.01181144
0.67 -0.01208995
0.68 -0.008496083
0.69 0.001575738
0.7 0.01541903
0.71 0.02394407
0.72 0.02175394
0.73 0.009577503
0.74 -0.006722848
0.75 -0.0224747
0.76 -0.03251087
0.77 -0.03175912
0.78 -0.02159084
0.79 -0.007958935
0.8 0.006204065
0.81 0.01932807
0.82 0.0269097
0.83 0.02770576
0.84 0.01953846
0.85 0.005181502
0.86 -0.008230481
0.87 -0.01761281
0.88 -0.02138188
0.89 -0.02260588
0.9 -0.02123145
0.91 -0.007037101
0.92 0.01715937
0.93 0.02352666
0.94 0.014697
0.95 0.006973298
0.96 0.0007377442
0.97 -0.00810505
0.98 -0.01204549
0.99 -0.008443588
1 -0.00096372
1.01 0.004600215
1.02 0.001113624
1.03 -0.009725867
1.04 -0.02027913
1.05 -0.02608264
1.06 -0.02802743
1.07 -0.02332886
1.08 -0.004738202
1.09 0.02464804
1.1 0.05236453
1.11 0.05834307
1.12 0.03609749
1.13 0.005456954
1.14 -0.01778269
1.15 -0.02523752
1.16 -0.01913003
1.17 -0.005061673
1.18 0.01086761
1.19 0.004582871
1.2 -0.01361862
1.21 -0.01187136
1.22 0.007299268
1.23 0.0203479
1.24 0.02223168
1.25 0.02150472
1.26 0.01862546
1.27 0.008222833
1.28 -0.008316169
1.29 -0.01977856
1.3 -0.01771089
1.31 0.002128754
1.32 0.02345106
1.33 0.02676177
1.34 0.01705352
1.35 0.001478244
1.36 -0.01363895
1.37 -0.0185706
1.38 -0.01084912
1.39 0.006543464
1.4 0.02756001
1.41 0.04532309
1.42 0.05811163
1.43 0.05639541
1.44 0.03313873
1.45 -0.001126379
1.46 -0.0328247
1.47 -0.05336277
1.48 -0.04020976
1.49 -0.001719714
1.5 0.02660813
1.51 0.0318066
1.52 0.02797339
1.53 0.02512206
1.54 0.02121146
1.55 0.01291154
1.56 0.0009025482
1.57 -0.01156069
1.58 -0.009356024
1.59 0.001914175
1.6 0.004714002
1.61 0.01025246
1.62 0.02574765
1.63 0.0415107
1.64 0.04194573
1.65 0.02144399
1.66 -0.001238821
1.67 -0.01552013
1.68 -0.01669826
1.69 -0.01343115
1.7 -0.01586554
1.71 -0.01114408
1.72 -0.0006726522
1.73 0.000388509
1.74 -0.009145188
1.75 -0.01475297
1.76 -0.008489668
1.77 0.005323076
1.78 0.02316846
1.79 0.03635129
1.8 0.03270119
1.81 0.01402539
1.82 -0.009419841
1.83 -0.02886137
1.84 -0.03322447
1.85 -0.01598677
1.86 0.01234901
1.87 0.03226432
1.88 0.03208682
1.89 0.01835667
1.9 0.002839998
1.91 -0.001331331
1.92 -0.002741424
1.93 -0.008591527
1.94 -0.013633
1.95 -0.02140645
1.96 -0.03706741
1.97 -0.05135578
1.98 -0.03889918
1.99 0.0006106542
2 0.03941145
2.01 0.0562948
2.02 0.05024245
2.03 0.02393507
2.04 -0.01213782
2.05 -0.0423889
2.06 -0.05205498
2.07 -0.04462707
2.08 -0.02455887
2.09 -0.0005525601
2.1 0.01145019
2.11 0.005017349
2.12 -0.009885798
2.13 -0.02696466
2.14 -0.04234106
2.15 -0.04000038
2.16 -0.01202518
2.17 0.02427306
2.18 0.03944527
2.19 0.03366032
2.2 0.02631527
2.21 0.01848388
2.22 0.003181815
2.23 -0.01219899
2.24 -0.0223422
2.25 -0.03894179
2.26 -0.0541728
2.27 -0.04774936
2.28 -0.02105586
2.29 0.01123056
2.3 0.04199408
2.31 0.06870543
2.32 0.08191973
2.33 0.07927164
2.34 0.05901644
2.35 0.02971591
2.36 0.01175357
2.37 0.005547526
2.38 0.00576359
2.39 0.01141429
2.4 0.01861122
2.41 0.02530668
2.42 0.02887882
2.43 0.02551318
2.44 0.01761447
2.45 0.007755512
2.46 0.00462154
2.47 0.01535165
2.48 0.03049043
2.49 0.04007779
2.5 0.04650048
2.51 0.04605979
2.52 0.01997148
2.53 -0.02146701
2.54 -0.04065807
2.55 -0.03278592
2.56 -0.02466157
2.57 -0.02980811
2.58 -0.01265446
2.59 0.02836791
2.6 0.06554844
2.61 0.07200148
2.62 0.04375514
2.63 -0.0003432938
2.64 -0.04488869
2.65 -0.088692
2.66 -0.1229477
2.67 -0.1243156
2.68 -0.08840906
2.69 -0.04274562
2.7 -0.001574766
2.71 0.03694018
2.72 0.06053312
2.73 0.06432336
2.74 0.05932522
2.75 0.0417303
2.76 0.01142601
2.77 -0.01221047
2.78 -0.02928387
2.79 -0.04418724
2.8 -0.04599918
2.81 -0.03397537
2.82 -0.009004635
2.83 0.02297995
2.84 0.05431947
2.85 0.07754788
2.86 0.07265729
2.87 0.04401191
2.88 0.02896667
2.89 0.02777999
2.9 0.0106338
2.91 -0.01455166
2.92 -0.02361089
2.93 -0.01526458
2.94 -0.01246362
2.95 -0.008026874
2.96 0.004170564
2.97 0.01202894
2.98 0.008163894
2.99 0.001223184
3 0.001819498
3.01 0.006405609
3.02 0.007029319
3.03 0.01455641
3.04 0.02772128
3.05 0.03910033
3.06 0.04001077
3.07 0.03641825
3.08 0.04358067
3.09 0.05405648
3.1 0.05458052
3.11 0.03917276
3.12 -0.00081074
3.13 -0.05857227
3.14 -0.1031936
3.15 -0.09864197
3.16 -0.05547155
3.17 -0.01151643
3.18 0.01748412
3.19 0.01871882
3.2 0.01716081
3.21 0.03082717
3.22 0.04003482
3.23 0.02856853
3.24 0.00909207
3.25 -0.00608816
3.26 -0.02170711
3.27 -0.04073076
3.28 -0.05531701
3.29 -0.06033128
3.3 -0.05655705
3.31 -0.03708866
3.32 -0.007270159
3.33 0.01209359
3.34 0.00747787
3.35 -0.01243751
3.36 -0.0344495
3.37 -0.05879168
3.38 -0.07766862
3.39 -0.09222208
3.4 -0.1015596
3.41 -0.09840789
3.42 -0.1011367
3.43 -0.1146498
3.44 -0.1328089
3.45 -0.1506514
3.46 -0.1541289
3.47 -0.1478501
3.48 -0.154484
3.49 -0.1678033
3.5 -0.1726999
3.51 -0.1713276
3.52 -0.1669687
3.53 -0.160423
3.54 -0.1540157
3.55 -0.1529169
3.56 -0.156262
3.57 -0.1598809
3.58 -0.1630925
3.59 -0.1662052
3.6 -0.1666476
3.61 -0.1618206
3.62 -0.1567721
3.63 -0.1580086
3.64 -0.1489984
3.65 -0.09817499
3.66 -0.04516963
3.67 -0.02022938
3.68 -0.007057493
3.69 -0.003639432
3.7 -0.01006734
3.71 -0.02131314
3.72 -0.04715136
3.73 -0.1044232
3.74 -0.1604731
3.75 -0.1880131
3.76 -0.1764333
3.77 -0.1012955
3.78 -0.007185079
3.79 0.06151558
3.8 0.1201752
3.81 0.1881335
3.82 0.2455262
3.83 0.288016
3.84 0.3348226
3.85 0.3745423
3.86 0.4018679
3.87 0.4127416
3.88 0.4113202
3.89 0.4181543
3.9 0.4355047
3.91 0.4471462
3.92 0.4426189
3.93 0.4262804
3.94 0.3979641
3.95 0.3597212
3.96 0.3204296
3.97 0.2988133
3.98 0.2747875
3.99 0.2144282
4 0.1324227
4.01 0.07059438
4.02 0.04599165
4.03 0.02167095
4.04 -0.01413778
4.05 -0.03436885
4.06 -0.03333394
4.07 -0.02079873
4.08 0.002739171
4.09 0.04878946
4.1 0.08856241
4.11 0.0983032
4.12 0.08175624
4.13 0.04163153
4.14 0.01064809
4.15 -0.00045869
4.16 -0.01137974
4.17 -0.02448622
4.18 -0.03658477
4.19 -0.05983139
4.2 -0.1008689
4.21 -0.1354721
4.22 -0.1560146
4.23 -0.1786216
4.24 -0.2050777
4.25 -0.2237937
4.26 -0.2436154
4.27 -0.2713953
4.28 -0.300245
4.29 -0.2965078
4.3 -0.2390004
4.31 -0.171602
4.32 -0.1194706
4.33 -0.07287957
4.34 -0.03035886
4.35 -0.007849832
4.36 -0.006156352
4.37 -0.02082819
4.38 -0.06180737
4.39 -0.1067503
4.4 -0.1401162
4.41 -0.1628696
4.42 -0.1520157
4.43 -0.1236439
4.44 -0.1015998
4.45 -0.08574556
4.46 -0.07538196
4.47 -0.07858855
4.48 -0.0797916
4.49 -0.06592086
4.5 -0.04936457
4.51 -0.04774306
4.52 -0.06274016
4.53 -0.07986515
4.54 -0.07563749
4.55 -0.04407532
4.56 -0.01764164
4.57 0.004258203
4.58 0.03761621
4.59 0.07268703
4.6 0.09621436
4.61 0.1122001
4.62 0.1247689
4.63 0.1269959
4.64 0.1063868
4.65 0.05915441
4.66 0.01612118
4.67 -0.005370974
4.68 -0.02394279
4.69 -0.03758407
4.7 -0.03352876
4.71 -0.01815881
4.72 -0.0007475193
4.73 0.0198496
4.74 0.03227439
4.75 0.02061575
4.76 -0.0172438
4.77 -0.05569831
4.78 -0.07347272
4.79 -0.07430322
4.8 -0.05531426
4.81 -0.02203486
4.82 0.000261861
4.83 0.01166595
4.84 0.02413763
4.85 0.04026919
4.86 0.05615061
4.87 0.06945425
4.88 0.07630124
4.89 0.06686897
4.9 0.04394508
4.91 0.02018248
4.92 0.001372417
4.93 -0.005423845
4.94 6.866301e-05
4.95 0.002237058
4.96 0.00427137
4.97 0.02142011
4.98 0.04101972
4.99 0.0396847
5 0.0126307
5.01 -0.03265922
5.02 -0.05170063
5.03 -0.0317282
5.04 -0.003531947
5.05 0.02190639
5.06 0.04807964
5.07 0.07532674
5.08 0.1054016
5.09 0.133342
5.1 0.1472869
5.11 0.1501775
5.12 0.1517921
5.13 0.1528122
5.14 0.1522758
5.15 0.1500353
5.16 0.146045
5.17 0.1299245
5.18 0.08655797
5.19 0.04675288
5.2 0.03261156
5.21 0.02806922
5.22 0.01824098
5.23 -0.005741272
5.24 -0.03737279
5.25 -0.05851865
5.26 -0.07669098
5.27 -0.09426484
5.28 -0.09569477
5.29 -0.08630922
5.3 -0.07431605
5.31 -0.05261802
5.32 -0.02434951
5.33 -0.01010144
5.34 -0.01404027
5.35 -0.029356
5.36 -0.04548638
5.37 -0.05710716
5.38 -0.06918709
5.39 -0.08057562
5.4 -0.08492728
5.41 -0.08316669
5.42 -0.07705911
5.43 -0.06427848
5.44 -0.04653083
5.45 -0.02898582
5.46 -0.01226148
5.47 0.0007814808
5.48 -0.00497857
5.49 -0.03025203
5.5 -0.0573223
5.51 -0.07896543
5.52 -0.08991748
5.53 -0.08958147
5.54 -0.08204933
5.55 -0.0651689
5.56 -0.04008868
5.57 -0.01952576
5.58 0.0005327243
5.59 0.01536629
5.6 0.02308777
5.61 0.02742534
5.62 0.02594327
5.63 0.01919478
5.64 0.012434
5.65 0.005941067
5.66 -0.00314609
5.67 -0.01882367
5.68 -0.04017479
5.69 -0.05815831
5.7 -0.06139958
5.71 -0.03918146
5.72 0.004079098
5.73 0.0387338
5.74 0.05364581
5.75 0.07382216
5.76 0.1019756
5.77 0.1212377
5.78 0.1201517
5.79 0.09073862
5.8 0.0406433
5.81 -0.005146955
5.82 -0.0322735
5.83 -0.05506941
5.84 -0.08248516
5.85 -0.09727144
5.86 -0.08946516
5.87 -0.06514237
5.88 -0.03061652
5.89 0.002066166
5.9 0.01613841
5.91 0.01673847
5.92 0.03023908
5.93 0.05780972
5.94 0.08780924
5.95 0.1067219
5.96 0.1035844
5.97 0.07696396
5.98 0.03999327
5.99 0.003244629
6 -0.03121205
6.01 -0.0597823
6.02 -0.08017332
6.03 -0.08660039
6.04 -0.08171318
6.05 -0.07268753
6.06 -0.0640099
6.07 -0.05867675
6.08 -0.05708209
6.09 -0.06321211
6.1 -0.0798726
6.11 -0.09068382
6.12 -0.07965911
6.13 -0.04634789
6.14 -0.005600414
6.15 0.02027459
6.16 0.02672869
6.17 0.02305467
6.18 0.0221994
6.19 0.0288205
6.2 0.03468217
6.21 0.0363303
6.22 0.04143474
6.23 0.04679747
6.24 0.04492653
6.25 0.03595056
6.26 0.02873075
6.27 0.03143507
6.28 0.03991409
6.29 0.04486471
6.3 0.04582939
6.31 0.04387593
6.32 0.03983321
6.33 0.03794125
6.34 0.04280521
6.35 0.04995053
6.36 0.04651389
6.37 0.02693116
6.38 0.003628445
6.39 -0.01213871
6.4 -0.03029114
6.41 -0.05408548
6.42 -0.07315884
6.43 -0.08448624
6.44 -0.08703409
6.45 -0.07509842
6.46 -0.0499957
6.47 -0.02570772
6.48 -0.002189619
6.49 0.02340612
6.5 0.04608461
6.51 0.06407397
6.52 0.07487573
6.53 0.08064123
6.54 0.08729335
6.55 0.09898154
6.56 0.1118018
6.57 0.1131421
6.58 0.07679785
6.59 0.00788867
6.6 -0.03597792
6.61 -0.03627231
6.62 -0.01624361
6.63 0.01390563
6.64 0.03053318
6.65 0.02684771
6.66 0.02906135
6.67 0.04368264
6.68 0.05258683
6.69 0.04415984
6.7 0.02075862
6.71 0.002367884
6.72 -0.005628777
6.73 -0.004247061
6.74 -0.006558509
6.75 -0.008646289
6.76 0.001432799
6.77 0.02755188
6.78 0.05998233
6.79 0.07757153
6.8 0.07315035
6.81 0.0531262
6.82 0.03124375
6.83 0.01351203
6.84 -0.002556181
6.85 -0.00982559
6.86 -0.005637192
6.87 0.003841649
6.88 0.01388036
6.89 0.02115399
6.9 0.01975549
6.91 0.01324076
6.92 0.01444293
6.93 0.02818935
6.94 0.04656256
6.95 0.05797884
6.96 0.05519189
6.97 0.03683502
6.98 0.01374884
6.99 0.0005815793
7 -0.004356082
7.01 -0.008604232
7.02 -0.008872571
7.03 0.002024424
7.04 0.01754988
7.05 0.02825107
7.06 0.0262707
7.07 0.01867722
7.08 0.01788285
7.09 0.01710981
7.1 0.009414829
7.11 -0.009339802
7.12 -0.03960781
7.13 -0.06021432
7.14 -0.06673392
7.15 -0.06934048
7.16 -0.06578394
7.17 -0.04636388
7.18 -0.01395321
7.19 0.01390729
7.2 0.0226514
7.21 0.01722419
7.22 0.003211222
7.23 -0.02268035
7.24 -0.05819235
7.25 -0.08771125
7.26 -0.09635815
7.27 -0.08095703
7.28 -0.04153018
7.29 0.009684102
7.3 0.05012008
7.31 0.07104404
7.32 0.06731195
7.33 0.03830215
7.34 0.01430834
7.35 0.009125951
7.36 0.005503451
7.37 0.0004439994
7.38 0.001216952
7.39 0.00391153
7.4 0.003587229
7.41 0.0003255671
7.42 -0.004043903
7.43 -0.01202639
7.44 -0.02018852
7.45 -0.02486651
7.46 -0.02942642
7.47 -0.03631845
7.48 -0.04190179
7.49 -0.03888614
7.5 -0.02145248
7.51 0.003564875
7.52 0.0258404
7.53 0.03944292
7.54 0.04043496
7.55 0.02855842
7.56 0.005952134
7.57 -0.01498818
7.58 -0.01882085
7.59 -0.004549682
7.6 0.01710155
7.61 0.03389097
7.62 0.03483399
7.63 0.01805629
7.64 -0.01255565
7.65 -0.04354281
7.66 -0.06410026
7.67 -0.07531246
7.68 -0.07554527
7.69 -0.05998659
7.7 -0.03359825
7.71 -0.01463971
7.72 -0.006224602
7.73 -0.003723655
7.74 -0.004024982
7.75 0.001147306
7.76 0.008272345
7.77 0.01318951
7.78 0.01072844
7.79 -0.006990656
7.8 -0.02841278
7.81 -0.04240648
7.82 -0.05355131
7.83 -0.06855181
7.84 -0.08444554
7.85 -0.09566786
7.86 -0.1022292
7.87 -0.09971293
7.88 -0.08498843
7.89 -0.07064554
7.9 -0.06479212
7.91 -0.06484934
7.92 -0.05946125
7.93 -0.04535318
7.94 -0.02604537
7.95 -0.009870766
7.96 -0.0006130243
7.97 -0.0004800499
7.98 -0.008403012
7.99 -0.02251235
8 -0.03687933
8.01 -0.04455736
8.02 -0.04656806
8.03 -0.05106395
8.04 -0.06150387
8.05 -0.07293286
8.06 -0.0830811
8.07 -0.09021169
8.08 -0.09200947
8.09 -0.087154
8.1 -0.07469478
8.11 -0.05259591
8.12 -0.02704454
8.13 -0.000980181
8.14 0.02403834
8.15 0.03617707
8.16 0.03265064
8.17 0.01108508
8.18 -0.03567114
8.19 -0.0812584
8.2 -0.1056301
8.21 -0.1124015
8.22 -0.1119212
8.23 -0.1056523
8.24 -0.0898266
8.25 -0.06337503
8.26 -0.03623338
8.27 -0.01735418
8.28 -0.001833976
8.29 0.01140819
8.3 0.01835683
8.31 0.0195551
8.32 0.01726651
8.33 0.01983597
8.34 0.03244937
8.35 0.05833344
8.36 0.09295693
8.37 0.1284899
8.38 0.1617689
8.39 0.1867898
8.4 0.2029628
8.41 0.2183605
8.42 0.2295926
8.43 0.2316855
8.44 0.2260088
8.45 0.2132938
8.46 0.191293
8.47 0.1496794
8.48 0.08467411
8.49 0.01927571
8.5 -0.02420942
8.51 -0.05041187
8.52 -0.06956616
8.53 -0.08087351
8.54 -0.07594715
8.55 -0.04873915
8.56 -0.02313621
8.57 -0.01639888
8.58 -0.01120957
8.59 0.008642489
8.6 0.03392353
8.61 0.05602277
8.62 0.0731273
8.63 0.08943357
8.64 0.1012588
8.65 0.1051697
8.66 0.1084521
8.67 0.1191247
8.68 0.1387709
8.69 0.1636305
8.7 0.1853863
8.71 0.202919
8.72 0.2220484
8.73 0.2402594
8.74 0.2487502
8.75 0.2382818
8.76 0.2029491
8.77 0.1564543
8.78 0.1108039
8.79 0.06056753
8.8 0.007618617
8.81 -0.03556672
8.82 -0.06612492
8.83 -0.08622538
8.84 -0.09415317
8.85 -0.0856184
8.86 -0.06220417
8.87 -0.03848171
8.88 -0.03011996
8.89 -0.03673383
8.9 -0.04929089
8.91 -0.0620116
8.92 -0.06844923
8.93 -0.06196904
8.94 -0.0445934
8.95 -0.02455482
8.96 -0.006094487
8.97 0.01255065
8.98 0.03133555
8.99 0.04780596
9 0.05966053
9.01 0.06817956
9.02 0.07047053
9.03 0.0579886
9.04 0.03202546
9.05 0.002852486
9.06 -0.02734048
9.07 -0.05632807
9.08 -0.08120508
9.09 -0.1019981
9.1 -0.1156297
9.11 -0.1225687
9.12 -0.1275945
9.13 -0.1301136
9.14 -0.1318276
9.15 -0.1366014
9.16 -0.1411833
9.17 -0.1432747
9.18 -0.1436182
9.19 -0.149897
9.2 -0.163598
9.21 -0.1812313
9.22 -0.200291
9.23 -0.2111802
9.24 -0.2116272
9.25 -0.2039849
9.26 -0.1918002
9.27 -0.1766894
9.28 -0.1609723
9.29 -0.1477319
9.3 -0.1353963
9.31 -0.1199293
9.32 -0.1031737
9.33 -0.08353614
9.34 -0.06013111
9.35 -0.03902166
9.36 -0.0249504
9.37 -0.01252385
9.38 -0.002406148
9.39 0.00177084
9.4 0.005191668
9.41 0.01204823
9.42 0.02218372
9.43 0.03118385
9.44 0.03768395
9.45 0.04284887
9.46 0.04943432
9.47 0.05674197
9.48 0.06322601
9.49 0.06674862
9.5 0.06439845
9.51 0.05784671
9.52 0.05755599
9.53 0.06808554
9.54 0.08169777
9.55 0.09105856
9.56 0.08990549
9.57 0.08281767
9.58 0.08361485
9.59 0.09563242
9.6 0.1057121
9.61 0.1043292
9.62 0.08462147
9.63 0.05890178
9.64 0.05077294
9.65 0.06161921
9.66 0.08618583
9.67 0.112152
9.68 0.1292164
9.69 0.14235
9.7 0.1613115
9.71 0.1858417
9.72 0.2061969
9.73 0.2127155
9.74 0.2016226
9.75 0.1687192
9.76 0.1272212
9.77 0.09701386
9.78 0.07549712
9.79 0.05617884
9.8 0.03998689
9.81 0.02951139
9.82 0.02740165
9.83 0.0276537
9.84 0.02262398
9.85 0.01265099
9.86 -0.0003745955
9.87 -0.0163619
9.88 -0.03082407
9.89 -0.0397385
9.9 -0.04447695
9.91 -0.04378146
9.92 -0.04055898
9.93 -0.04293729
9.94 -0.05106156
9.95 -0.05961222
9.96 -0.06311084
9.97 -0.056273
9.98 -0.04608905
9.99 -0.0441897
10 -0.0603448
10.01 -0.08907064
10.02 -0.1178027
10.03 -0.1425521
10.04 -0.1606809
10.05 -0.1643184
10.06 -0.1451176
10.07 -0.1160199
10.08 -0.08970782
10.09 -0.07059865
10.1 -0.06021011
10.11 -0.05196872
10.12 -0.04087046
10.13 -0.02942115
10.14 -0.02464097
10.15 -0.03120689
10.16 -0.05058947
10.17 -0.06592124
10.18 -0.06317074
10.19 -0.05998455
10.2 -0.06396315
10.21 -0.07061625
10.22 -0.08192182
10.23 -0.1009741
10.24 -0.1226386
10.25 -0.1353587
10.26 -0.128911
10.27 -0.09902055
10.28 -0.05532614
10.29 -0.01385354
10.3 0.01732762
10.31 0.03999553
10.32 0.04965903
10.33 0.04457413
10.34 0.02886202
10.35 0.01321606
10.36 0.005628964
10.37 0.001847182
10.38 -0.002472895
10.39 -0.005221517
10.4 -0.004317936
10.41 0.001436145
10.42 0.01117988
10.43 0.02172586
10.44 0.03196292
10.45 0.04607681
10.46 0.06413519
10.47 0.07949049
10.48 0.09288112
10.49 0.1079785
10.5 0.1251096
10.51 0.1370272
10.52 0.140688
10.53 0.1376019
10.54 0.1272566
10.55 0.1097375
10.56 0.08899396
10.57 0.06970233
10.58 0.0570274
10.59 0.04391739
10.6 0.01999899
10.61 -0.01089407
10.62 -0.04153925
10.63 -0.06444929
10.64 -0.07469361
10.65 -0.0702679
10.66 -0.05767304
10.67 -0.04578371
10.68 -0.03554489
10.69 -0.02827506
10.7 -0.02232687
10.71 -0.01557886
10.72 -0.01010378
10.73 -0.00476691
10.74 -0.001144491
10.75 0.0005034802
10.76 2.143628e-05
10.77 -0.002465263
10.78 -0.006814623
10.79 -0.01055994
10.8 -0.01105737
10.81 -0.004360403
10.82 0.01182625
10.83 0.03183071
10.84 0.04431627
10.85 0.04340051
10.86 0.02779882
10.87 0.003121513
10.88 -0.01869513
10.89 -0.03184931
10.9 -0.0402274
10.91 -0.04597622
10.92 -0.0485236
10.93 -0.0485772
10.94 -0.04812836
10.95 -0.04795964
10.96 -0.04714396
10.97 -0.04476794
10.98 -0.04031591
10.99 -0.03399265
11 -0.02934228
11.01 -0.02862729
11.02 -0.03098034
11.03 -0.03579985
11.04 -0.04212528
11.05 -0.04676919
11.06 -0.04539872
11.07 -0.03969502
11.08 -0.02961782
11.09 -0.01720063
11.1 -0.005387401
11.11 0.006112116
11.12 0.01724848
11.13 0.02483941
11.14 0.0310001
11.15 0.03993653
11.16 0.04998083
11.17 0.05755332
11.18 0.05959338
11.19 0.0572572
11.2 0.04955796
11.21 0.03443221
11.22 0.0149561
11.23 -0.004267149
11.24 -0.02251926
11.25 -0.03780506
11.26 -0.04539417
11.27 -0.04510941
11.28 -0.03687238
11.29 -0.01888817
11.3 0.006284631
11.31 0.03061871
11.32 0.04764429
11.33 0.05815129
11.34 0.06521226
11.35 0.06973941
11.36 0.07089799
11.37 0.06698168
11.38 0.05961804
11.39 0.05202159
11.4 0.04584844
11.41 0.03976738
11.42 0.03271609
11.43 0.02465129
11.44 0.01835683
11.45 0.01501975
11.46 0.01436567
11.47 0.01687204
11.48 0.02057048
11.49 0.02381844
11.5 0.02645552
11.51 0.02798822
11.52 0.02758567
11.53 0.02499081
11.54 0.01811967
11.55 0.008891229
11.56 0.000416021
11.57 -0.0103815
11.58 -0.02309805
11.59 -0.0319449
11.6 -0.03539818
11.61 -0.03348966
11.62 -0.02598155
11.63 -0.01822166
11.64 -0.01489869
11.65 -0.01562228
11.66 -0.01887466
11.67 -0.02440875
11.68 -0.03025282
11.69 -0.03378051
11.7 -0.03384676
11.71 -0.03000862
11.72 -0.02162552
11.73 -0.01025943
11.74 -0.00126039
11.75 0.003569999
11.76 0.006597516
11.77 0.009887623
11.78 0.0103047
11.79 0.004848313
11.8 -0.001800419
11.81 -0.005657579
11.82 -0.006427262
11.83 -0.004429159
11.84 0.001373696
11.85 0.008573823
11.86 0.01648246
11.87 0.02573804
11.88 0.03500007
11.89 0.04304067
11.9 0.04655455
11.91 0.04483618
11.92 0.03985989
11.93 0.02796143
11.94 0.01061768
11.95 -0.00661098
11.96 -0.02196044
11.97 -0.03105284
11.98 -0.03333772
11.99 -0.0354245
12 -0.03837585
12.01 -0.04261528
12.02 -0.04679181
12.03 -0.05102313
12.04 -0.05408022
12.05 -0.05407167
12.06 -0.05300639
12.07 -0.05287932
12.08 -0.05115167
12.09 -0.04199981
12.1 -0.02218049
12.11 -0.0001093093
12.12 0.01978352
12.13 0.03423892
12.14 0.0401421
12.15 0.03574915
12.16 0.0180647
12.17 -0.01280875
12.18 -0.04511212
12.19 -0.06718593
12.2 -0.07572146
12.21 -0.07366168
12.22 -0.06264225
12.23 -0.04443386
12.24 -0.02750496
12.25 -0.01572447
12.26 -0.002345525
12.27 0.01535476
12.28 0.03179365
12.29 0.04275203
12.3 0.047748
12.31 0.04826847
12.32 0.0445797
12.33 0.03638972
12.34 0.02118617
12.35 0.0029442
12.36 -0.01214664
12.37 -0.01738483
12.38 -0.01175502
12.39 0.0008989357
12.4 0.01483768
12.41 0.02646588
12.42 0.03047925
12.43 0.02848195
12.44 0.02382379
12.45 0.01325878
12.46 -0.002566599
12.47 -0.01820582
12.48 -0.02910678
12.49 -0.03613469
12.5 -0.04024552
12.51 -0.0412748
12.52 -0.03843723
12.53 -0.03047938
12.54 -0.01662919
12.55 -4.908591e-05
12.56 0.01460034
12.57 0.02548276
12.58 0.03238574
12.59 0.02947994
12.6 0.01183702
12.61 -0.01174946
12.62 -0.03100266
12.63 -0.0440754
12.64 -0.0529625
12.65 -0.05663556
12.66 -0.05233098
12.67 -0.03695189
12.68 -0.0128393
12.69 0.01144338
12.7 0.03294206
12.71 0.04707219
12.72 0.0517241
12.73 0.05194201
12.74 0.05081753
12.75 0.04747023
12.76 0.03534521
12.77 0.01416733
12.78 -0.008616166
12.79 -0.02946904
12.8 -0.04520179
12.81 -0.05354528
12.82 -0.05837069
12.83 -0.0632347
12.84 -0.06662241
12.85 -0.06522709
12.86 -0.05654954
12.87 -0.04155986
12.88 -0.0252613
12.89 -0.007653072
12.9 0.0109122
12.91 0.02954193
12.92 0.04640066
12.93 0.05949202
12.94 0.06795689
12.95 0.07195905
12.96 0.07030627
12.97 0.06266646
12.98 0.0522789
12.99 0.04444108
13 0.03974823
13.01 0.03865371
13.02 0.03970954
13.03 0.04063392
13.04 0.03702675
13.05 0.0259618
13.06 0.01041037
13.07 -0.00407964
13.08 -0.01143279
13.09 -0.01005545
13.1 -0.00495167
13.11 0.00310093
13.12 0.01430708
13.13 0.02685206
13.14 0.03792431
13.15 0.04626711
13.16 0.05166277
13.17 0.05712156
13.18 0.06145958
13.19 0.06376544
13.2 0.06429996
13.21 0.0636352
13.22 0.05981157
13.23 0.05140555
13.24 0.03944531
13.25 0.02828654
13.26 0.02003392
13.27 0.0133774
13.28 0.009018573
13.29 0.007759104
13.3 0.009140121
13.31 0.01281852
13.32 0.01700683
13.33 0.01933302
13.34 0.01848208
13.35 0.01305409
13.36 0.001507284
13.37 -0.01307922
13.38 -0.02529426
13.39 -0.03242592
13.4 -0.0350735
13.41 -0.03209566
13.42 -0.0211486
13.43 -0.001897659
13.44 0.01710809
13.45 0.02841546
13.46 0.03470724
13.47 0.03709376
13.48 0.03296497
13.49 0.02275242
13.5 0.007543087
13.51 -0.007692192
13.52 -0.01612902
13.53 -0.01709983
13.54 -0.0123809
13.55 -0.001091652
13.56 0.01274515
13.57 0.02324906
13.58 0.03032677
13.59 0.03424203
13.6 0.03402048
13.61 0.03042624
13.62 0.02174838
13.63 0.007885726
13.64 -0.007552205
13.65 -0.02164907
13.66 -0.03019822
13.67 -0.03333108
13.68 -0.0314464
13.69 -0.0265643
13.7 -0.02177634
13.71 -0.01851149
13.72 -0.01770681
13.73 -0.01966438
13.74 -0.0234783
13.75 -0.02660115
13.76 -0.02885396
13.77 -0.02966757
13.78 -0.02943232
13.79 -0.02928575
13.8 -0.02940798
13.81 -0.02976218
13.82 -0.02985229
13.83 -0.02960599
13.84 -0.02910817
13.85 -0.02735943
13.86 -0.02472043
13.87 -0.02279662
13.88 -0.02241506
13.89 -0.02332945
13.9 -0.02396441
13.91 -0.02288775
13.92 -0.01752538
13.93 -0.00911655
13.94 -0.0005631196
13.95 0.006828824
13.96 0.01360732
13.97 0.0197279
13.98 0.02467491
13.99 0.02582474
14 0.02481833
14.01 0.02260035
14.02 0.01989853
14.03 0.01637014
14.04 0.01001985
14.05 6.183021e-05
14.06 -0.01060497
14.07 -0.01998864
14.08 -0.02880475
14.09 -0.03765264
14.1 -0.04622111
14.11 -0.05293115
14.12 -0.05528259
14.13 -0.05430145
14.14 -0.05242068
14.15 -0.05062858
14.16 -0.04840079
14.17 -0.04535572
14.18 -0.04073334
14.19 -0.03309742
14.2 -0.02364751
14.21 -0.01588693
14.22 -0.01045329
14.23 -0.006780077
14.24 -0.004009087
14.25 -0.003068976
14.26 -0.004236182
14.27 -0.005420984
14.28 -0.006882115
14.29 -0.00830264
14.3 -0.00908194
14.31 -0.007977803
14.32 -0.003128052
14.33 0.004869501
14.34 0.01124597
14.35 0.01357712
14.36 0.01169074
14.37 0.004946915
14.38 -0.003995686
14.39 -0.01046784
14.4 -0.0129868
14.41 -0.01332826
14.42 -0.01229558
14.43 -0.01051576
14.44 -0.00791334
14.45 -0.006310883
14.46 -0.005826189
14.47 -0.006087804
14.48 -0.006865504
14.49 -0.007840824
14.5 -0.008062422
14.51 -0.006398575
14.52 -0.003663935
14.53 -0.001361509
14.54 0.0004141778
14.55 0.001575166
14.56 0.001937958
14.57 0.00184356
14.58 0.001804566
14.59 0.002016274
14.6 0.003855252
14.61 0.009016096
14.62 0.01616973
14.63 0.02272166
14.64 0.02786263
14.65 0.03079328
14.66 0.03098503
14.67 0.02952353
14.68 0.02480834
14.69 0.01614914
14.7 0.006708861
14.71 0.001122839
14.72 0.0001022876
14.73 0.001216301
14.74 0.005307059
14.75 0.01347847
14.76 0.02338257
14.77 0.0296771
14.78 0.03041758
14.79 0.02714053
14.8 0.02149555
14.81 0.01289361
14.82 0.0001308482
14.83 -0.01267861
14.84 -0.02017776
14.85 -0.02248479
14.86 -0.02033304
14.87 -0.01254411
14.88 -0.0003551073
14.89 0.01181341
14.9 0.02025881
14.91 0.02579138
14.92 0.02921129
14.93 0.03032312
14.94 0.02978159
14.95 0.02859777
14.96 0.0271522
14.97 0.0251638
14.98 0.02179158
14.99 0.0166662
15 0.01112957
15.01 0.007914094
15.02 0.007910552
15.03 0.01095581
15.04 0.01649844
15.05 0.02100224
15.06 0.02289425
15.07 0.02081464
15.08 0.01157825
15.09 -0.002289035
15.1 -0.01323727
15.11 -0.01877444
15.12 -0.0202202
15.13 -0.01973772
15.14 -0.0203548
15.15 -0.02231073
15.16 -0.02433964
15.17 -0.02641871
15.18 -0.02673158
15.19 -0.0245675
15.2 -0.02147983
15.21 -0.01833799
15.22 -0.01506774
15.23 -0.01257757
15.24 -0.01143881
15.25 -0.01085169
15.26 -0.009075851
15.27 -0.006623685
15.28 -0.004266448
15.29 -0.001943083
15.3 0.0005213982
15.31 0.002841864
15.32 0.005518635
15.33 0.007839729
15.34 0.01010614
15.35 0.01291557
15.36 0.01758719
15.37 0.02152871
15.38 0.02214586
15.39 0.02118701
15.4 0.0193637
15.41 0.0159869
15.42 0.01289961
15.43 0.01211967
15.44 0.01243323
15.45 0.01242373
15.46 0.0121199
15.47 0.01110058
15.48 0.01010886
15.49 0.01049104
15.5 0.01195389
15.51 0.01339284
15.52 0.01519124
15.53 0.01687965
15.54 0.01795871
15.55 0.01868209
15.56 0.02005982
15.57 0.02089156
15.58 0.01978954
15.59 0.01706382
15.6 0.01415901
15.61 0.01094999
15.62 0.007789825
15.63 0.004848163
15.64 0.00192796
15.65 -0.0005081386
15.66 -0.002609592
15.67 -0.004257618
15.68 -0.005508687
15.69 -0.006650312
15.7 -0.005612963
15.71 -0.002119107
15.72 0.002659495
15.73 0.006444298
15.74 0.006818506
15.75 0.00492402
15.76 0.001280321
15.77 -0.002143546
15.78 -0.004189429
15.79 -0.006044541
15.8 -0.007356558
15.81 -0.005785781
15.82 -0.001085757
15.83 0.004903553
15.84 0.01094545
15.85 0.01776337
15.86 0.02562524
15.87 0.03452205
15.88 0.04323327
15.89 0.04972333
15.9 0.05382946
15.91 0.05492421
15.92 0.05244156
15.93 0.0483499
15.94 0.04425811
15.95 0.04119556
15.96 0.03971075
15.97 0.03798186
15.98 0.03602709
15.99 0.03272707
16 0.02744669
16.01 0.02236232
16.02 0.01815432
16.03 0.01327454
16.04 0.006918585
16.05 0.0005991386
16.06 -0.004787854
16.07 -0.009220903
16.08 -0.01345545
16.09 -0.01746432
16.1 -0.02167638
16.11 -0.02547564
16.12 -0.02849664
16.13 -0.03053912
16.14 -0.03006684
16.15 -0.02705123
16.16 -0.02220627
16.17 -0.01533073
16.18 -0.005757289
16.19 0.005863845
16.2 0.01623581
16.21 0.02198898
16.22 0.02415458
16.23 0.02428764
16.24 0.02210672
16.25 0.01790946
16.26 0.01262886
16.27 0.009299259
16.28 0.008529945
16.29 0.007985543
16.3 0.006559104
16.31 0.003012252
16.32 -0.004325472
16.33 -0.01429952
16.34 -0.02436074
16.35 -0.03157913
16.36 -0.0364418
16.37 -0.04022503
16.38 -0.04212262
16.39 -0.0434522
16.4 -0.04456472
16.41 -0.04443135
16.42 -0.04383793
16.43 -0.043058
16.44 -0.04222851
16.45 -0.04209697
16.46 -0.04321108
16.47 -0.04515767
16.48 -0.04741891
16.49 -0.04900163
16.5 -0.04990649
16.51 -0.04939924
16.52 -0.04737138
16.53 -0.04372149
16.54 -0.03994748
16.55 -0.03653538
16.56 -0.03518295
16.57 -0.03545095
16.58 -0.03587878
16.59 -0.03593631
16.6 -0.03638846
16.61 -0.03639907
16.62 -0.03597958
16.63 -0.03649443
16.64 -0.03711499
16.65 -0.03640597
16.66 -0.03320234
16.67 -0.02804716
16.68 -0.02144088
16.69 -0.01462212
16.7 -0.008542575
16.71 -0.003385743
16.72 0.0004008216
16.73 0.002183462
16.74 0.00306519
16.75 0.004153123
16.76 0.004653085
16.77 0.004518813
16.78 0.00289069
16.79 -0.001694664
16.8 -0.009890237
16.81 -0.01804098
16.82 -0.02356579
16.83 -0.026174
16.84 -0.02622869
16.85 -0.02410806
16.86 -0.02057882
16.87 -0.01664867
16.88 -0.01233516
16.89 -0.007623178
16.9 -0.002931354
16.91 0.0006411666
16.92 0.001968956
16.93 0.002312074
16.94 0.002407747
16.95 0.003106821
16.96 0.004605662
16.97 0.005444704
16.98 0.006619968
16.99 0.008462457
17 0.009441107
17.01 0.009247077
17.02 0.007639328
17.03 0.003068521
17.04 -0.0008117898
17.05 -0.002113672
17.06 -0.001141889
17.07 0.001273426
17.08 0.00300609
17.09 0.003532166
17.1 0.003194878
17.11 0.001655494
17.12 -0.0009472667
17.13 -0.003364308
17.14 -0.004626321
17.15 -0.004252648
17.16 -0.002928373
17.17 -0.001007406
17.18 -0.0001034105
17.19 -0.0001065443
17.2 -0.001230814
17.21 -0.004200654
17.22 -0.008058801
17.23 -0.0119671
17.24 -0.01548634
17.25 -0.01844553
17.26 -0.02222364
17.27 -0.0266655
17.28 -0.03199726
17.29 -0.03706515
17.3 -0.03979211
17.31 -0.03905722
17.32 -0.03508277
17.33 -0.02926403
17.34 -0.02224031
17.35 -0.01585559
17.36 -0.0114392
17.37 -0.007737369
17.38 -0.004340798
17.39 -0.0006964472
17.4 0.00218396
17.41 0.005195004
17.42 0.009709442
17.43 0.0147602
17.44 0.01942656
17.45 0.02359388
17.46 0.0271508
17.47 0.02957936
17.48 0.03110828
17.49 0.03215665
17.5 0.03054331
17.51 0.02603442
17.52 0.02002301
17.53 0.01321896
17.54 0.006760632
17.55 0.004683801
17.56 0.006399217
17.57 0.009817093
17.58 0.0128373
17.59 0.01383454
17.6 0.01248065
17.61 0.008315592
17.62 0.001220765
17.63 -0.00694912
17.64 -0.01414991
17.65 -0.0181594
17.66 -0.0199521
17.67 -0.02043543
17.68 -0.02036973
17.69 -0.02043085
17.7 -0.02069013
17.71 -0.02037667
17.72 -0.01847692
17.73 -0.01545271
17.74 -0.0121914
17.75 -0.007653404
17.76 -0.003764198
17.77 -0.0006472584
17.78 0.001515342
17.79 0.001279202
17.8 -0.0007639892
17.81 -0.004223264
17.82 -0.008799405
17.83 -0.01273339
17.84 -0.01443037
17.85 -0.01425622
17.86 -0.01407099
17.87 -0.0142488
17.88 -0.01378906
17.89 -0.01209907
17.9 -0.009352871
17.91 -0.005982213
17.92 -0.003536945
17.93 -0.0004720912
17.94 0.003020583
17.95 0.005430615
17.96 0.007937722
17.97 0.009563184
17.98 0.009967322
17.99 0.009532919
18 0.007529784
18.01 0.004283272
18.02 0.00211813
18.03 0.0001371638
18.04 -0.001387518
18.05 -0.001505761
18.06 -0.001281358
18.07 -0.001304858
18.08 -0.001352223
18.09 -0.001411206
18.1 -0.002402391
18.11 -0.005695807
18.12 -0.01048512
18.13 -0.01567236
18.14 -0.02017911
18.15 -0.0219179
18.16 -0.02030856
18.17 -0.01671117
18.18 -0.01273211
18.19 -0.008565531
18.2 -0.005182955
18.21 -0.002983969
18.22 -0.002246057
18.23 -0.002171196
18.24 -0.001799119
18.25 -0.002646906
18.26 -0.004171562
18.27 -0.004520713
18.28 -0.004487469
18.29 -0.004264966
18.3 -0.004068112
18.31 -0.003055469
18.32 -0.0008813975
18.33 0.00159383
18.34 0.004698354
18.35 0.009410878
18.36 0.01470867
18.37 0.01901658
18.38 0.02196247
18.39 0.02271443
18.4 0.02169065
18.41 0.02016927
18.42 0.01891494
18.43 0.01811098
18.44 0.01785393
18.45 0.01850169
18.46 0.02021526
18.47 0.02344991
18.48 0.02743573
18.49 0.03189839
18.5 0.03775631
18.51 0.04375995
18.52 0.04980345
18.53 0.05657229
18.54 0.0627623
18.55 0.06776134
18.56 0.07163632
18.57 0.07341485
18.58 0.07255
18.59 0.06923184
18.6 0.06327236
18.61 0.05609722
18.62 0.05064713
18.63 0.0478343
18.64 0.0468876
18.65 0.04762463
18.66 0.04980453
18.67 0.05291788
18.68 0.05533897
18.69 0.05636927
18.7 0.05558653
18.71 0.05366654
18.72 0.0508755
18.73 0.04670459
18.74 0.04281311
18.75 0.04043381
18.76 0.03978051
18.77 0.04028046
18.78 0.04222682
18.79 0.04491029
18.8 0.04758183
18.81 0.05005495
18.82 0.05335923
18.83 0.05716173
18.84 0.06029213
18.85 0.06258041
18.86 0.06432411
18.87 0.0658753
18.88 0.06678788
18.89 0.06674456
18.9 0.06573463
18.91 0.06303008
18.92 0.05870227
18.93 0.05400165
18.94 0.04920831
18.95 0.0442039
18.96 0.03820319
18.97 0.03099677
18.98 0.02455483
18.99 0.02036032
19 0.01706834
19.01 0.01483789
19.02 0.01400337
19.03 0.01503878
19.04 0.01697465
19.05 0.01805318
19.06 0.01836151
19.07 0.01857696
19.08 0.0179482
19.09 0.01732586
19.1 0.01740591
19.11 0.01873466
19.12 0.02011323
19.13 0.02136999
19.14 0.02147074
19.15 0.01941117
19.16 0.0145362
19.17 0.007557194
19.18 1.011219e-05
19.19 -0.008701486
19.2 -0.01844597
19.21 -0.0292326
19.22 -0.03974065
19.23 -0.04948491
19.24 -0.05720698
19.25 -0.0615106
19.26 -0.06338654
19.27 -0.06451835
19.28 -0.0653618
19.29 -0.06583291
19.3 -0.06707659
19.31 -0.06924405
19.32 -0.07150594
19.33 -0.07320092
19.34 -0.07376368
19.35 -0.07279413
19.36 -0.07050327
19.37 -0.06661424
19.38 -0.062609
19.39 -0.06043787
19.4 -0.05922974
19.41 -0.05735847
19.42 -0.05525855
19.43 -0.05313026
19.44 -0.05053682
19.45 -0.04701902
19.46 -0.04231256
19.47 -0.03756474
19.48 -0.03428185
19.49 -0.0319988
19.5 -0.03048244
19.51 -0.02973604
19.52 -0.03028626
19.53 -0.03092688
19.54 -0.03084671
19.55 -0.03006609
19.56 -0.0284824
19.57 -0.02705181
19.58 -0.02568133
19.59 -0.02383313
19.6 -0.02104228
19.61 -0.01753513
19.62 -0.01269767
19.63 -0.007350191
19.64 -0.003287121
19.65 -0.000963614
19.66 0.001823099
19.67 0.004506038
19.68 0.006401314
19.69 0.007656112
19.7 0.007354901
19.71 0.006274418
19.72 0.003571868
19.73 -0.0009408831
19.74 -0.005149567
19.75 -0.008062177
19.76 -0.009992533
19.77 -0.01134907
19.78 -0.01200248
19.79 -0.0131216
19.8 -0.0149496
19.81 -0.01680825
19.82 -0.01875227
19.83 -0.02117088
19.84 -0.02277972
19.85 -0.02297364
19.86 -0.02221791
19.87 -0.02121623
19.88 -0.02081236
19.89 -0.02188274
19.9 -0.0241076
19.91 -0.02795151
19.92 -0.03204294
19.93 -0.03503433
19.94 -0.03746329
19.95 -0.03868338
19.96 -0.03831883
19.97 -0.03655839
19.98 -0.03430656
19.99 -0.03298742
20 -0.03299843
20.01 -0.03387196
20.02 -0.03538713
20.03 -0.03795618
20.04 -0.04124581
20.05 -0.04400412
20.06 -0.046351
20.07 -0.04823813
20.08 -0.04938098
20.09 -0.05076479
20.1 -0.05281172
20.11 -0.05467681
20.12 -0.05632848
20.13 -0.05772647
20.14 -0.0593666
20.15 -0.06071986
20.16 -0.06082316
20.17 -0.06031185
20.18 -0.05888691
20.19 -0.05749228
20.2 -0.05625587
20.21 -0.05455108
20.22 -0.05196447
20.23 -0.04836103
20.24 -0.04495258
20.25 -0.04212351
20.26 -0.03967739
20.27 -0.03653743
20.28 -0.03318358
20.29 -0.02951667
20.3 -0.02555777
20.31 -0.02218402
20.32 -0.01876415
20.33 -0.01596592
20.34 -0.01364779
20.35 -0.01003157
20.36 -0.004671903
20.37 0.001273426
20.38 0.007017898
20.39 0.01328941
20.4 0.02040309
20.41 0.02833882
20.42 0.03662008
20.43 0.04371872
20.44 0.0480972
20.45 0.05069734
20.46 0.05147196
20.47 0.04982966
20.48 0.04657473
20.49 0.04282615
20.5 0.03982613
20.51 0.03807677
20.52 0.03789617
20.53 0.03810903
20.54 0.03809299
20.55 0.03803127
20.56 0.03766932
20.57 0.03650709
20.58 0.03480128
20.59 0.0320761
20.6 0.02873034
20.61 0.02506196
20.62 0.02190732
20.63 0.01860196
20.64 0.01516197
20.65 0.01311336
20.66 0.01280062
20.67 0.01465798
20.68 0.01816122
20.69 0.02245386
20.7 0.02679912
20.71 0.02950316
20.72 0.03013205
20.73 0.02893593
20.74 0.02620058
20.75 0.02328174
20.76 0.02225307
20.77 0.02296021
20.78 0.02513906
20.79 0.02709249
20.8 0.02755598
20.81 0.02740575
20.82 0.02642805
20.83 0.02380027
20.84 0.02005432
20.85 0.01457975
20.86 0.007865565
20.87 0.002361826
20.88 -0.00196851
20.89 -0.004687134
20.9 -0.005797822
20.91 -0.005361507
20.92 -0.002497471
20.93 0.002188517
20.94 0.00689896
20.95 0.0114938
20.96 0.01581463
20.97 0.01927738
20.98 0.02096312
20.99 0.02186216
21 0.02331273
21.01 0.02457104
21.02 0.02483818
21.03 0.02477297
21.04 0.02549797
21.05 0.02701611
21.06 0.02876307
21.07 0.03047867
21.08 0.03172147
21.09 0.03303323
21.1 0.03370335
21.11 0.0325093
21.12 0.03082912
21.13 0.02991146
21.14 0.03049358
21.15 0.0322443
21.16 0.03600267
21.17 0.04109697
21.18 0.04634308
21.19 0.05037398
21.2 0.05372952
21.21 0.05685217
21.22 0.05914551
21.23 0.06052874
21.24 0.06136387
21.25 0.06078746
21.26 0.05878585
21.27 0.0563318
21.28 0.05278648
21.29 0.04812509
21.3 0.04282538
21.31 0.03717364
21.32 0.03184483
21.33 0.02762271
21.34 0.02450188
21.35 0.02198289
21.36 0.01913102
21.37 0.01605563
21.38 0.01248495
21.39 0.008501496
21.4 0.006438756
21.41 0.006655972
21.42 0.008390012
21.43 0.01105669
21.44 0.01352699
21.45 0.0148872
21.46 0.01540461
21.47 0.01506637
21.48 0.01316256
21.49 0.009881761
21.5 0.005448541
21.51 0.0006322754
21.52 -0.003477294
21.53 -0.006948864
21.54 -0.01065935
21.55 -0.01388702
21.56 -0.01586421
21.57 -0.01657907
21.58 -0.01738888
21.59 -0.01803764
21.6 -0.01804533
21.61 -0.01812467
21.62 -0.01775228
21.63 -0.01623631
21.64 -0.01464736
21.65 -0.01389192
21.66 -0.01352339
21.67 -0.01323451
21.68 -0.01407018
21.69 -0.01641431
21.7 -0.01909021
21.71 -0.02185342
21.72 -0.0248511
21.73 -0.02780881
21.74 -0.03167813
21.75 -0.03545892
21.76 -0.03863786
21.77 -0.04162412
21.78 -0.04531682
21.79 -0.04920218
21.8 -0.05256419
21.81 -0.0553534
21.82 -0.05711395
21.83 -0.05670188
21.84 -0.05468702
21.85 -0.05283965
21.86 -0.05052695
21.87 -0.04737253
21.88 -0.04450225
21.89 -0.04262475
21.9 -0.04056997
21.91 -0.03918793
21.92 -0.03923739
21.93 -0.04035314
21.94 -0.04156328
21.95 -0.04167545
21.96 -0.04160913
21.97 -0.04201509
21.98 -0.04184261
21.99 -0.04077552
22 -0.03961069
22.01 -0.03947984
22.02 -0.03974021
22.03 -0.04072944
22.04 -0.04202352
22.05 -0.04253867
22.06 -0.0421757
22.07 -0.04146545
22.08 -0.04009608
22.09 -0.03852428
22.1 -0.03746895
22.11 -0.03695981
22.12 -0.03642638
22.13 -0.03624278
22.14 -0.03729093
22.15 -0.03814086
22.16 -0.03768707
22.17 -0.03584135
22.18 -0.032879
22.19 -0.03013829
22.2 -0.02791035
22.21 -0.02527882
22.22 -0.02080555
22.23 -0.01570809
22.24 -0.01034096
22.25 -0.004837143
22.26 0.0003015955
22.27 0.004782444
22.28 0.008506114
22.29 0.01026193
22.3 0.01118362
22.31 0.01088763
22.32 0.009263617
22.33 0.00699445
22.34 0.006057119
22.35 0.006478685
22.36 0.007417741
22.37 0.009625062
22.38 0.01304348
22.39 0.01653474
22.4 0.02004429
22.41 0.02306452
22.42 0.02454071
22.43 0.0245745
22.44 0.02462846
22.45 0.02424129
22.46 0.02304341
22.47 0.0224759
22.48 0.0225196
22.49 0.02295603
22.5 0.02266975
22.51 0.02185318
22.52 0.02168659
22.53 0.02182212
22.54 0.02177053
22.55 0.0216943
22.56 0.02169811
22.57 0.02116987
22.58 0.01926018
22.59 0.01577311
22.6 0.0120554
22.61 0.008855974
22.62 0.005766503
22.63 0.003822876
22.64 0.003187493
22.65 0.002574761
22.66 0.002532493
22.67 0.003113032
22.68 0.003617844
22.69 0.004285184
22.7 0.005394429
22.71 0.006594552
22.72 0.007756361
22.73 0.007969203
22.74 0.007997589
22.75 0.00808885
22.76 0.007265602
22.77 0.005852862
22.78 0.004738967
22.79 0.003492182
22.8 0.003825515
22.81 0.006370784
22.82 0.009677485
22.83 0.01369926
22.84 0.01768584
22.85 0.02043509
22.86 0.02259321
22.87 0.02435871
22.88 0.02588919
22.89 0.02708014
22.9 0.02753424
22.91 0.02738653
22.92 0.02613794
22.93 0.02432617
22.94 0.02408171
22.95 0.02483749
22.96 0.02605337
22.97 0.02764716
22.98 0.02937178
22.99 0.03134643
23 0.03180626
23.01 0.03038664
23.02 0.02899054
23.03 0.0277689
23.04 0.02704969
23.05 0.02708632
23.06 0.02768277
23.07 0.02887808
23.08 0.02999759
23.09 0.03124696
23.1 0.03170734
23.11 0.03155713
23.12 0.03130433
23.13 0.03013991
23.14 0.0285493
23.15 0.02700031
23.16 0.02649863
23.17 0.02700325
23.18 0.02784823
23.19 0.02899564
23.2 0.03031221
23.21 0.03118786
23.22 0.03142969
23.23 0.0312349
23.24 0.029856
23.25 0.02713473
23.26 0.02380924
23.27 0.02115664
23.28 0.01940209
23.29 0.01756357
23.3 0.01627645
23.31 0.01445335
23.32 0.01190935
23.33 0.009897985
23.34 0.009680559
23.35 0.01094919
23.36 0.01248391
23.37 0.01337755
23.38 0.01283597
23.39 0.01056222
23.4 0.007389409
23.41 0.004719937
23.42 0.003600231
23.43 0.003939905
23.44 0.00540937
23.45 0.007983887
23.46 0.01073668
23.47 0.01278599
23.48 0.0130301
23.49 0.01134018
23.5 0.00861934
23.51 0.0050479
23.52 0.001221006
23.53 -0.002528061
23.54 -0.004900759
23.55 -0.005016622
23.56 -0.003403928
23.57 -0.001487172
23.58 0.0003130698
23.59 0.002495412
23.6 0.005041553
23.61 0.007543195
23.62 0.009007759
23.63 0.009266955
23.64 0.007594603
23.65 0.004857734
23.66 0.002876798
23.67 0.001736627
23.68 0.001520439
23.69 0.001676867
23.7 0.002927246
23.71 0.004830185
23.72 0.006199188
23.73 0.007097967
23.74 0.007976089
23.75 0.008172767
23.76 0.008191319
23.77 0.008374892
23.78 0.008404887
23.79 0.00835973
23.8 0.008076073
23.81 0.008055143
23.82 0.008288589
23.83 0.008300293
23.84 0.007745096
23.85 0.006773035
23.86 0.005473927
23.87 0.003733966
23.88 0.00163067
23.89 -0.0007987616
23.9 -0.002556798
23.91 -0.003966526
23.92 -0.005161744
23.93 -0.006159086
23.94 -0.007160562
23.95 -0.008132565
23.96 -0.009288897
23.97 -0.009963067
23.98 -0.01199169
23.99 -0.01470305
24 -0.01721887
24.01 -0.02043268
24.02 -0.02405727
24.03 -0.0274864
24.04 -0.03004274
24.05 -0.03161386
24.06 -0.03210604
24.07 -0.03195107
24.08 -0.0313486
24.09 -0.03038508
24.1 -0.02987889
24.11 -0.03012
24.12 -0.03153688
24.13 -0.03373966
24.14 -0.03675193
24.15 -0.03977779
24.16 -0.04124377
24.17 -0.04111877
24.18 -0.04060045
24.19 -0.03950444
24.2 -0.03786568
24.21 -0.03662791
24.22 -0.03654366
24.23 -0.03670985
24.24 -0.03701314
24.25 -0.03738584
24.26 -0.03847778
24.27 -0.04023874
24.28 -0.04181078
24.29 -0.04389261
24.3 -0.04567026
24.31 -0.04646252
24.32 -0.04606722
24.33 -0.04494931
24.34 -0.04308888
24.35 -0.04118222
24.36 -0.03989778
24.37 -0.03865939
24.38 -0.03727488
24.39 -0.03647317
24.4 -0.03651432
24.41 -0.03605703
24.42 -0.03572065
24.43 -0.03644677
24.44 -0.03670922
24.45 -0.03640614
24.46 -0.03592005
24.47 -0.03547181
24.48 -0.03495673
24.49 -0.03447803
24.5 -0.03445922
24.51 -0.03494836
24.52 -0.03565779
24.53 -0.03621899
24.54 -0.0364141
24.55 -0.03568301
24.56 -0.03491403
24.57 -0.03429145
24.58 -0.03410819
24.59 -0.03336976
24.6 -0.03136253
24.61 -0.02877188
24.62 -0.02606265
24.63 -0.02353907
24.64 -0.02091536
24.65 -0.01774557
24.66 -0.01501881
24.67 -0.0129367
24.68 -0.01168552
24.69 -0.01192763
24.7 -0.01277809
24.71 -0.01386806
24.72 -0.01404874
24.73 -0.01334778
24.74 -0.01185402
24.75 -0.01008538
24.76 -0.008104387
24.77 -0.006499464
24.78 -0.004677182
24.79 -0.002656402
24.8 -0.0002049225
24.81 0.002045014
24.82 0.004306277
24.83 0.00677894
24.84 0.009427431
24.85 0.01232812
24.86 0.01522512
24.87 0.01782355
24.88 0.01985982
24.89 0.0219747
24.9 0.0243246
24.91 0.02670753
24.92 0.02886372
24.93 0.03124452
24.94 0.0330429
24.95 0.03338583
24.96 0.03322203
24.97 0.03325936
24.98 0.0331107
24.99 0.03299426
25 0.03381744
25.01 0.03613241
25.02 0.03929254
25.03 0.04261396
25.04 0.04565265
25.05 0.04894482
25.06 0.05182816
25.07 0.05458769
25.08 0.05635602
25.09 0.05731329
25.1 0.05787102
25.11 0.0571384
25.12 0.05607928
25.13 0.05501879
25.14 0.05353159
25.15 0.05136137
25.16 0.04871564
25.17 0.04633981
25.18 0.0446689
25.19 0.04379236
25.2 0.04311484
25.21 0.04223552
25.22 0.04075811
25.23 0.03895741
25.24 0.03745928
25.25 0.03605981
25.26 0.03513578
25.27 0.03442687
25.28 0.03409946
25.29 0.03458422
25.3 0.03479671
25.31 0.033885
25.32 0.03251692
25.33 0.03118325
25.34 0.02957536
25.35 0.02775863
25.36 0.02601
25.37 0.02410407
25.38 0.02233445
25.39 0.02082243
25.4 0.01972747
25.41 0.01831115
25.42 0.01609432
25.43 0.01372556
25.44 0.01227844
25.45 0.0113338
25.46 0.01065882
25.47 0.009324499
25.48 0.007411767
25.49 0.005207517
25.5 0.002858757
25.51 1.336998e-05
25.52 -0.002714417
25.53 -0.004506584
25.54 -0.004955824
25.55 -0.004024646
25.56 -0.002417883
25.57 -0.0007237798
25.58 0.0008744518
25.59 0.0031002
25.6 0.004681308
25.61 0.004643369
25.62 0.004404376
25.63 0.00439666
25.64 0.003392153
25.65 0.001973657
25.66 0.0003608695
25.67 -0.001577813
25.68 -0.003534702
25.69 -0.004806121
25.7 -0.006034234
25.71 -0.006611919
25.72 -0.005633244
25.73 -0.003992069
25.74 -0.002289718
25.75 -0.0008204441
25.76 -0.001282413
25.77 -0.002776042
25.78 -0.004369513
25.79 -0.006332261
25.8 -0.007396763
25.81 -0.007234956
25.82 -0.007008692
25.83 -0.006706189
25.84 -0.006547668
25.85 -0.007451669
25.86 -0.008801543
25.87 -0.009004141
25.88 -0.008782526
25.89 -0.008921408
25.9 -0.01006319
25.91 -0.01106638
25.92 -0.01168391
25.93 -0.01300944
25.94 -0.01353231
25.95 -0.01329075
25.96 -0.01269243
25.97 -0.01144314
25.98 -0.009999024
25.99 -0.008764681
26 -0.007936879
26.01 -0.007410828
26.02 -0.008250376
26.03 -0.009899249
26.04 -0.0124305
26.05 -0.01556596
26.06 -0.01779081
26.07 -0.01857224
26.08 -0.01838888
26.09 -0.017796
26.1 -0.01752347
26.11 -0.01691672
26.12 -0.01558385
26.13 -0.01414111
26.14 -0.01310535
26.15 -0.01294714
26.16 -0.01229446
26.17 -0.01099107
26.18 -0.01029777
26.19 -0.0099668
26.2 -0.009044039
26.21 -0.007969512
26.22 -0.006895155
26.23 -0.004840651
26.24 -0.001911002
26.25 0.0008867724
26.26 0.002631869
26.27 0.004420582
26.28 0.005003726
26.29 0.00476716
26.3 0.004702063
26.31 0.004579349
26.32 0.003777676
26.33 0.002800777
26.34 0.00196381
26.35 0.001101067
26.36 -9.205475e-05
26.37 -0.001701788
26.38 -0.002573482
26.39 -0.002803753
26.4 -0.00262674
26.41 -0.001694085
26.42 -0.0001588039
26.43 0.001386085
26.44 0.00262878
26.45 0.002714503
26.46 0.002337131
26.47 0.00134942
26.48 -0.0004026104
26.49 -0.002596367
26.5 -0.004927382
26.51 -0.006608994
26.52 -0.007171514
26.53 -0.006641768
26.54 -0.006159846
26.55 -0.00598658
26.56 -0.006504869
26.57 -0.007163957
26.58 -0.007866117
26.59 -0.009209486
26.6 -0.01082425
26.61 -0.01233453
26.62 -0.01301309
26.63 -0.01217518
26.64 -0.01104643
26.65 -0.01068309
26.66 -0.01055115
26.67 -0.01047067
26.68 -0.01094973
26.69 -0.0121751
26.7 -0.01286294
26.71 -0.01317441
26.72 -0.01320923
26.73 -0.01347771
26.74 -0.0150053
26.75 -0.01668197
26.76 -0.01796017
26.77 -0.01943536
26.78 -0.02017102
26.79 -0.02052994
26.8 -0.02017449
26.81 -0.01957183
26.82 -0.01797992
26.83 -0.01503974
26.84 -0.01188406
26.85 -0.009499132
26.86 -0.007670043
26.87 -0.005454235
26.88 -0.003840797
26.89 -0.002684021
26.9 -0.001774705
26.91 -0.0008749428
26.92 -0.0003802202
26.93 -0.0001795324
26.94 -0.001503637
26.95 -0.003036706
26.96 -0.004523709
26.97 -0.005904806
26.98 -0.006705709
26.99 -0.007351781
27 -0.008481317
27.01 -0.009011992
27.02 -0.009490659
27.03 -0.01033998
27.04 -0.01039702
27.05 -0.009095885
27.06 -0.007067377
27.07 -0.003947923
27.08 0.0003754332
27.09 0.004365383
27.1 0.007225808
27.11 0.009842507
27.12 0.01128904
27.13 0.01129887
27.14 0.009603974
27.15 0.007353701
27.16 0.005447752
27.17 0.003340263
27.18 0.001003141
27.19 -0.0008497655
27.2 -0.002483408
27.21 -0.003966526
27.22 -0.00437521
27.23 -0.003755529
27.24 -0.002413514
27.25 -0.001358847
27.26 -0.001235045
27.27 -0.0003839564
27.28 0.0005272438
27.29 0.001382349
27.3 0.0007649485
27.31 -0.001094788
27.32 -0.003047542
27.33 -0.005009965
27.34 -0.006617337
27.35 -0.007443616
27.36 -0.006772964
27.37 -0.004347937
27.38 -0.0005127111
27.39 0.003337821
27.4 0.006594533
27.41 0.009577102
27.42 0.01157362
27.43 0.01237071
27.44 0.01266315
27.45 0.01224952
27.46 0.01153748
27.47 0.0106824
27.48 0.009552416
27.49 0.008634872
27.5 0.008111319
27.51 0.008070599
27.52 0.008113876
27.53 0.00808
27.54 0.008203915
27.55 0.008345915
27.56 0.008042591
27.57 0.007680354
27.58 0.006678919
27.59 0.005133034
27.6 0.003601077
27.61 0.003039086
27.62 0.002669624
27.63 0.001608773
27.64 0.0005422923
27.65 -0.001284785
27.66 -0.003731834
27.67 -0.006722256
27.68 -0.01022154
27.69 -0.01427697
27.7 -0.01825835
27.71 -0.02248943
27.72 -0.02665567
27.73 -0.02925499
27.74 -0.0297896
27.75 -0.02942384
27.76 -0.02769025
27.77 -0.02449695
27.78 -0.02036581
27.79 -0.01580645
27.8 -0.01167055
27.81 -0.007903209
27.82 -0.004531935
27.83 -0.001493734
27.84 0.00065202
27.85 0.001978556
27.86 0.002276057
27.87 0.00156207
27.88 0.0004206994
27.89 -0.0006194099
27.9 -0.0005370748
27.91 0.0006397069
27.92 0.001958552
27.93 0.00264413
27.94 0.002931814
27.95 0.003539588
27.96 0.003280566
27.97 0.002058582
27.98 0.0005065671
27.99 -0.002328854
28 -0.005687169
28.01 -0.007884179
28.02 -0.009428421
28.03 -0.01080143
28.04 -0.0109811
28.05 -0.01045935
28.06 -0.009161622
28.07 -0.007581883
28.08 -0.006025698
28.09 -0.004534273
28.1 -0.003834848
28.11 -0.003315593
28.12 -0.002474251
28.13 -0.002043038
28.14 -0.002106355
28.15 -0.001857849
28.16 -0.001341317
28.17 -0.000769798
28.18 0.0007916734
28.19 0.003176154
28.2 0.006163931
28.21 0.008852692
28.22 0.01143155
28.23 0.01411509
28.24 0.01618297
28.25 0.01741721
28.26 0.01776201
28.27 0.01733459
28.28 0.0169006
28.29 0.01669226
28.3 0.0165047
28.31 0.0167069
28.32 0.0175439
28.33 0.01827035
28.34 0.01875265
28.35 0.01870051
28.36 0.01880683
28.37 0.0189682
28.38 0.01882792
28.39 0.01799811
28.4 0.01694004
28.41 0.01637999
28.42 0.01541826
28.43 0.01440633
28.44 0.01406759
28.45 0.01385035
28.46 0.01337411
28.47 0.01299632
28.48 0.01253003
28.49 0.01176025
28.5 0.01085867
28.51 0.009473623
28.52 0.007918865
28.53 0.006720742
28.54 0.00539644
28.55 0.003872277
28.56 0.002267677
28.57 0.0009332097
28.58 0.000169044
28.59 0.0001667777
28.6 0.0006430646
28.61 0.00130809
28.62 0.001817199
28.63 0.00235471
28.64 0.002403115
28.65 0.002080151
28.66 0.001687456
28.67 0.001566784
28.68 0.001537313
28.69 0.001222874
28.7 0.0007279423
28.71 0.0005886116
28.72 0.0004892896
28.73 0.0001425659
28.74 -0.0004677212
28.75 -0.001175197
28.76 -0.001767098
28.77 -0.002351562
28.78 -0.003170113
28.79 -0.003721139
28.8 -0.003878346
28.81 -0.004094342
28.82 -0.004254051
28.83 -0.00395367
28.84 -0.003304517
28.85 -0.002624243
28.86 -0.00180399
28.87 -0.001166653
28.88 -0.001213511
28.89 -0.00159712
28.9 -0.00200805
28.91 -0.002107472
28.92 -0.002477841
28.93 -0.002925199
28.94 -0.002843309
28.95 -0.002403139
28.96 -0.001742291
28.97 -0.0009822922
28.98 -0.0001017063
28.99 0.0007725635
29 0.001331922
29.01 0.002048292
29.02 0.002322634
29.03 0.002113515
29.04 0.00158795
29.05 0.0008272196
29.06 5.745e-05
29.07 -0.0008006232
29.08 -0.001775652
29.09 -0.002452362
29.1 -0.002988227
29.11 -0.003311356
29.12 -0.003409422
29.13 -0.003475988
29.14 -0.003361116
29.15 -0.00306548
29.16 -0.002701249
29.17 -0.002266077
29.18 -0.001746722
29.19 -0.001197929
29.2 -0.0008738013
29.21 -0.0006999408
29.22 -0.0004203691
29.23 -0.0002244132
29.24 -0.0001859611
29.25 -4.037915e-05
29.26 0.0002516365
29.27 0.0005703683
29.28 0.0008286733
29.29 0.001125471
29.3 0.001475568
29.31 0.00182228
29.32 0.002132058
29.33 0.002285698
29.34 0.0022563
29.35 0.002204318
29.36 0.002210709
29.37 0.002147906
29.38 0.001974079
29.39 0.001740281
29.4 0.001457506
29.41 0.001249827
29.42 0.001128518
29.43 0.001012269
29.44 0.0009812976
29.45 0.0009410789
29.46 0.0007244123
29.47 0.0004214415
29.48 0.0001387829
29.49 -0.0001490604
29.5 -0.0004092803
29.51 -0.0005834795
29.52 -0.0006604099
29.53 -0.0007440847
29.54 -0.000772591
29.55 -0.0007024819
29.56 -0.0006254634
29.57 -0.0005429875
29.58 -0.0004623389
29.59 -0.0004525851
29.6 -0.0004810748
29.61 -0.0005130199
29.62 -0.0005455618
29.63 -0.0005690091
29.64 -0.0005868335
29.65 -0.0006219874
29.66 -0.0006562158
29.67 -0.0006948428
29.68 -0.0007416962
29.69 -0.0007606553
29.7 -0.0007773734
29.71 -0.0007987891
29.72 -0.0007840037
29.73 -0.0007644324
29.74 -0.0007566764
29.75 -0.0007505469
29.76 -0.0007405916
29.77 -0.0007404524
29.78 -0.0007458857
29.79 -0.0007487123
29.8 -0.0007513356
29.81 -0.0007620361
29.82 -0.0007717921
29.83 -0.0007746051
29.84 -0.0007727515
29.85 -0.0007640338
29.86 -0.0007546394
29.87 -0.0007417232
29.88 -0.0007306814
29.89 -0.0007146519
29.9 -0.0006976105
29.91 -0.0006820307
29.92 -0.0006683093
29.93 -0.000655994
29.94 -0.0006453952
29.95 -0.0006325673
29.96 -0.0006190662
29.97 -0.0006077383
29.98 -0.0005976309
29.99 -0.0005870952
30 -0.0005758233
30.01 -0.0005640119
30.02 -0.0005504827
30.03 -0.0005356372
30.04 -0.0005203877
30.05 -0.0005044762
30.06 -0.0004880525
30.07 -0.0004716807
30.08 -0.0004547694
30.09 -0.0004374641
30.1 -0.0004202599
30.11 -0.0004030773
30.12 -0.0003857492
30.13 -0.000368351
30.14 -0.0003507903
30.15 -0.000332857
30.16 -0.0003144827
30.17 -0.0002957963
30.18 -0.0002768466
30.19 -0.0002576863
30.2 -0.0002383956
30.21 -0.0002190312
30.22 -0.0001996228
30.23 -0.0001801892
30.24 -0.0001607436
30.25 -0.0001412944
30.26 -0.0001218483
30.27 -0.0001024118
