0 0.004114711
0.02 -0.001048997
0.04 -0.003901387
0.06 -0.005796022
0.08 -0.004280803
0.1 -0.001110111
0.12 0.00169541
0.14 0.0006586024
0.16 -0.001064694
0.18 -0.0001828968
0.2 -0.003840124
0.22 -0.0001095022
0.24 0.003611959
0.26 0.001449041
0.28 0.001225115
0.3 0.002264984
0.32 0.001654481
0.34 0.001339766
0.36 0.001359616
0.38 -0.001641785
0.4 -0.004134227
0.42 -0.00135123
0.44 0.002618035
0.46 0.00250221
0.48 0.005793156
0.5 0.00848846
0.52 0.002755502
0.54 -0.002614385
0.56 -0.006148286
0.58 -0.00717708
0.6 -0.00262855
0.62 0.004292589
0.64 0.006124946
0.66 0.001908655
0.68 -0.001865967
0.7 -0.002676504
0.72 0.001359994
0.74 0.009614233
0.76 0.006782133
0.78 -0.001541732
0.8 -0.0001888695
0.82 0.001184416
0.84 0.0008165528
0.86 0.00108925
0.88 0.001340525
0.9 -0.000276851
0.92 0.0007026651
0.94 0.004006794
0.96 0.004787448
0.98 0.004014611
1 0.005324636
1.02 0.002324138
1.04 -0.001987096
1.06 0.001082379
1.08 0.003527642
1.1 0.004303188
1.12 -0.003974796
1.14 -0.005239352
1.16 -0.003662141
1.18 -0.001889115
1.2 0.001265035
1.22 0.0003238816
1.24 -0.003299876
1.26 -0.00596288
1.28 -0.00458461
1.3 -0.002419873
1.32 0.001556338
1.34 0.004414672
1.36 0.001759892
1.38 -0.0008714599
1.4 0.001433993
1.42 -0.0002803618
1.44 -0.003034134
1.46 0.003074886
1.48 0.004925437
1.5 0.002379769
1.52 0.0007521104
1.54 -0.0062163
1.56 -0.008511122
1.58 -0.003995394
1.6 0.00203507
1.62 0.001603854
1.64 0.00411938
1.66 0.007377519
1.68 0.0007426734
1.7 -0.003618666
1.72 -0.005142333
1.74 -0.007790093
1.76 -0.00795008
1.78 3.262741e-05
1.8 0.005069626
1.82 -0.0002433171
1.84 -0.005256441
1.86 -0.00699233
1.88 -0.00284284
1.9 0.001067025
1.92 0.001844451
1.94 0.003336893
1.96 -0.0007510689
1.98 -0.005107347
2 -0.003020295
2.02 0.0002703916
2.04 0.004019052
2.06 0.006703904
2.08 0.0007054886
2.1 -0.005981513
2.12 -0.008423267
2.14 -0.008656764
2.16 -0.001922639
2.18 0.007124921
2.2 0.01309316
2.22 0.007903646
2.24 -0.003719099
2.26 -0.01177499
2.28 -0.01316518
2.3 -0.009048395
2.32 -0.002070483
2.34 0.002697167
2.36 0.001717082
2.38 0.00245058
2.4 0.005822832
2.42 0.00548128
2.44 0.003339428
2.46 -0.002466309
2.48 -0.004899986
2.5 -0.0007740286
2.52 0.006218169
2.54 0.007393414
2.56 0.0007604881
2.58 -0.004332323
2.6 -0.005275735
2.62 -0.004250571
2.64 -0.001541376
2.66 0.002357162
2.68 0.0004223219
2.7 -0.001429934
2.72 0.003467148
2.74 0.004786106
2.76 0.002940993
2.78 0.007546377
2.8 0.009308043
2.82 0.002945373
2.84 -0.002703327
2.86 -0.001805701
2.88 -0.003550852
2.9 -0.002942895
2.92 0.005355891
2.94 0.004790918
2.96 -0.001114822
2.98 0.004262651
3 0.002863361
3.02 -0.009282788
3.04 -0.01096479
3.06 -0.008256642
3.08 -0.004868207
3.1 0.00264414
3.12 0.008936598
3.14 0.007664774
3.16 0.001357158
3.18 -7.593477e-05
3.2 -0.0002166426
3.22 -0.00389168
3.24 -0.002119916
3.26 -0.0027074
3.28 -0.005653141
3.3 -0.002058653
3.32 0.001013639
3.34 -0.001429218
3.36 -0.002059561
3.38 -0.0009283452
3.4 -0.004882854
3.42 -0.006759684
3.44 0.0001467212
3.46 0.003031358
3.48 -0.00100883
3.5 -0.00131484
3.52 -0.001217928
3.54 0.0001988653
3.56 0.0006640147
3.58 -6.526493e-05
3.6 -0.000840431
3.62 -0.004162559
3.64 -0.006015912
3.66 -0.004235019
3.68 -0.003932065
3.7 -0.002722355
3.72 -1.525579e-05
3.74 -0.00107502
3.76 -0.003123145
3.78 -0.008797425
3.8 -0.009752209
3.82 -0.008148834
3.84 -0.004543167
3.86 -0.001331131
3.88 -0.003380327
3.9 -0.002971322
3.92 0.0009546344
3.94 0.001672747
3.96 -0.0002989148
3.98 -0.003535385
4 -0.007833739
4.02 -0.002274783
4.04 0.008875818
4.06 0.01314971
4.08 0.006051585
4.1 -0.000210236
4.12 -0.002410405
4.14 -0.004964536
4.16 -0.007135174
4.18 -0.001861803
4.2 0.002511929
4.22 0.001538857
4.24 -0.0004950605
4.26 -0.002341303
4.28 0.002302678
4.3 0.006011415
4.32 0.008515492
4.34 0.008598127
4.36 0.003838782
4.38 0.002293437
4.4 0.002712574
4.42 0.007958392
4.44 0.01405391
4.46 0.01317782
4.48 0.009252837
4.5 0.006163159
4.52 0.004963597
4.54 0.005145093
4.56 0.01011041
4.58 0.01129462
4.6 0.009184229
4.62 0.009591173
4.64 0.01422707
4.66 0.008571161
4.68 0.004181032
4.7 0.006163894
4.72 -0.002784516
4.74 -0.01488188
4.76 -0.007015854
4.78 0.00556382
4.8 0.004520454
4.82 -0.00813674
4.84 -0.02173954
4.86 -0.02585037
4.88 -0.01749783
4.9 0.002207518
4.92 0.008761084
4.94 0.0025188
4.96 -0.02402174
4.98 -0.01019705
5 0.01863833
5.02 0.01947794
5.04 0.02190855
5.06 0.02557853
5.08 0.02764106
5.1 0.01885799
5.12 0.01048782
5.14 0.002477545
5.16 -0.002743866
5.18 -0.004338265
5.2 0.003120938
5.22 0.00743956
5.24 0.004613158
5.26 -0.007341323
5.28 -0.02059427
5.3 -0.02102178
5.32 -0.007618118
5.34 0.00960761
5.36 0.0174443
5.38 0.01073169
5.4 -0.004436762
5.42 -0.005858828
5.44 0.006277047
5.46 0.02015818
5.48 0.02592741
5.5 -0.001622773
5.52 -0.02295925
5.54 -0.0184602
5.56 -0.01531153
5.58 -0.01502604
5.6 -0.01996398
5.62 -0.005251606
5.64 0.006702818
5.66 0.00017994
5.68 -0.0146876
5.7 -0.01758156
5.72 -0.005921946
5.74 -0.02025203
5.76 -0.02731267
5.78 -0.03132641
5.8 -0.00114898
5.82 0.02833732
5.84 0.02660542
5.86 0.01958276
5.88 -0.003682374
5.9 -0.02439064
5.92 -0.018935
5.94 0.02469451
5.96 0.0159615
5.98 -0.02069333
6 -0.02183815
6.02 0.005307994
6.04 0.03216455
6.06 0.0424975
6.08 0.01537288
6.1 -0.02862916
6.12 -0.03381408
6.14 -0.01665686
6.16 -0.007470732
6.18 -0.0150004
6.2 -0.02107054
6.22 -0.01807291
6.24 -0.02088
6.26 -0.03225311
6.28 -0.02805718
6.3 -0.002012702
6.32 0.02993872
6.34 0.05320517
6.36 0.04022814
6.38 0.002081106
6.4 -0.01076095
6.42 -0.006471954
6.44 -0.005926363
6.46 -0.003279554
6.48 0.004608009
6.5 0.0141481
6.52 -0.004127131
6.54 -0.02761079
6.56 -0.03586894
6.58 -0.02758259
6.6 -0.008425105
6.62 -0.001279959
6.64 -0.004183946
6.66 -0.01357104
6.68 -0.01456577
6.7 -0.004125157
6.72 0.0117347
6.74 0.02768653
6.76 0.0282853
6.78 0.01889728
6.8 0.003589058
6.82 0.0002075665
6.84 0.01556151
6.86 0.01966305
6.88 0.01504145
6.9 0.009026472
6.92 -0.005020925
6.94 -0.0274315
6.96 -0.0403379
6.98 -0.02532284
7 0.01672643
7.02 0.03432799
7.04 0.03123344
7.06 0.01303761
7.08 -0.01121191
7.1 -0.01997799
7.12 -0.02698857
7.14 -0.03567305
7.16 -0.016881
7.18 0.01951165
7.2 0.02428842
7.22 0.01972185
7.24 0.01780724
7.26 0.02212078
7.28 0.02673623
7.3 0.0319137
7.32 0.04018283
7.34 0.04719147
7.36 0.04294539
7.38 0.03073481
7.4 0.02402541
7.42 0.007982858
7.44 -0.02496095
7.46 -0.06092343
7.48 -0.0732648
7.5 -0.06845204
7.52 -0.03663666
7.54 0.004836718
7.56 0.01454011
7.58 0.00884558
7.6 0.003550676
7.62 0.003616923
7.64 0.005748615
7.66 0.007341858
7.68 0.01841177
7.7 0.04596498
7.72 0.05558467
7.74 0.03940143
7.76 0.02787131
7.78 0.0246276
7.8 0.02622486
7.82 0.03470718
7.84 0.04373325
7.86 0.03486432
7.88 0.01510905
7.9 0.00479159
7.92 0.001860117
7.94 -0.003166549
7.96 -0.009186555
7.98 -0.01763231
8 -0.03601477
8.02 -0.04850482
8.04 -0.04477895
8.06 -0.03537166
8.08 -0.02760448
8.1 -0.02051451
8.12 -0.01043602
8.14 0.001669359
8.16 0.004435643
8.18 -0.0001706833
8.2 -0.002303557
8.22 -0.0005135057
8.24 -0.00149067
8.26 -0.005134172
8.28 -0.005637093
8.3 -0.004829342
8.32 -0.00371249
8.34 0.0003664459
8.36 0.006147808
8.38 0.00293483
8.4 -0.00849831
8.42 -0.02317009
8.44 -0.03057442
8.46 -0.02923442
8.48 -0.004894412
8.5 0.02314958
8.52 0.03035597
8.54 0.03118537
8.56 0.02826014
8.58 0.01900876
8.6 0.01048066
8.62 -0.006267775
8.64 -0.0245554
8.66 -0.03668124
8.68 -0.05101332
8.7 -0.06156751
8.72 -0.06964207
8.74 -0.06297359
8.76 -0.03557153
8.78 -0.02283062
8.8 -0.02611513
8.82 -0.02036334
8.84 -0.01249318
8.86 -0.002246217
8.88 0.00289048
8.9 -0.0002326848
8.92 -0.0006143362
8.94 0.008355549
8.96 0.02978162
8.98 0.0448685
9 0.04694437
9.02 0.023864
9.04 -0.01151269
9.06 -0.02972305
9.08 -0.008660449
9.1 0.025069
9.12 0.03749377
9.14 0.03058746
9.16 0.01422056
9.18 0.009279573
9.2 0.011601
9.22 0.01714873
9.24 0.0229301
9.26 0.02396042
9.28 0.02204182
9.3 0.02335242
9.32 0.02894927
9.34 0.01647887
9.36 -0.003407063
9.38 -0.00911819
9.4 -0.01216703
9.42 -0.01257103
9.44 -0.01993544
9.46 -0.03308741
9.48 -0.03511859
9.5 -0.006185443
9.52 0.009458439
9.54 0.004737988
9.56 0.001358659
9.58 0.007574509
9.6 0.01405155
9.62 0.01595687
9.64 0.01684538
9.66 0.008460003
9.68 -0.003943203
9.7 -0.01016743
9.72 0.003755419
9.74 0.0166626
9.76 0.01722985
9.78 0.00917085
9.8 0.0007681092
9.82 -0.00576404
9.84 -0.01151284
9.86 -0.01123758
9.88 -0.004682152
9.9 0.002973939
9.92 0.0103118
9.94 0.01937246
9.96 0.02507129
9.98 0.02451858
10 0.01885159
10.02 0.0102693
10.04 0.003228294
10.06 -0.003370149
10.08 -0.00965232
10.1 -0.01786034
10.12 -0.02241784
10.14 -0.01676214
10.16 -0.007314957
10.18 -0.0001790091
10.2 0.0006962382
10.22 -0.002950302
10.24 -0.005158615
10.26 -0.003051286
10.28 -0.0009562008
10.3 0.001939572
10.32 0.002903536
10.34 -0.009205897
10.36 -0.02350525
10.38 -0.031187
10.4 -0.03374419
10.42 -0.03094121
10.44 -0.02845655
10.46 -0.02607795
10.48 -0.02115958
10.5 -0.01363401
10.52 -0.008970579
10.54 -0.01034146
10.56 -0.01093312
10.58 -0.005728024
10.6 0.0009702694
10.62 0.004362839
10.64 0.007042347
10.66 0.01250448
10.68 0.01585724
10.7 0.01529021
10.72 0.01416723
10.74 0.009464034
10.76 0.0006829069
10.78 -0.00647954
10.8 -0.01961914
10.82 -0.03512121
10.84 -0.03259999
10.86 -0.01688597
10.88 -0.008885067
10.9 -0.01133092
10.92 -0.01509987
10.94 -0.01407886
10.96 -0.008901464
10.98 0.005223518
11 0.0185967
11.02 0.02675482
11.04 0.02918453
11.06 0.02509639
11.08 0.01992604
11.1 0.01303697
11.12 0.01467095
11.14 0.02128567
11.16 0.02723536
11.18 0.02681122
11.2 0.01842793
11.22 0.008363517
11.24 0.0003840999
11.26 -0.008262513
11.28 -0.01117467
11.3 -0.009147982
11.32 -0.005333242
11.34 0.002280016
11.36 0.01203632
11.38 0.01865107
11.4 0.02250164
11.42 0.02080854
11.44 0.01449278
11.46 0.008233042
11.48 0.003980654
11.5 0.004488604
11.52 0.001029817
11.54 -0.001883355
11.56 0.002177251
11.58 0.007834178
11.6 0.0101068
11.62 0.006503159
11.64 0.001052318
11.66 -0.001161114
11.68 0.0006463313
11.7 0.005417891
11.72 0.0085045
11.74 0.00218771
11.76 -0.01256755
11.78 -0.02215665
11.8 -0.02196293
11.82 -0.01617351
11.84 -0.01164162
11.86 -0.01258202
11.88 -0.01252593
11.9 -0.01209653
11.92 -0.009331363
11.94 0.0003362091
11.96 0.01098705
11.98 0.01652989
12 0.01492553
12.02 0.007243952
12.04 0.0007425087
12.06 -0.003279355
12.08 -0.008446683
12.1 -0.009661549
12.12 -0.005455128
12.14 0.001764443
12.16 0.01047731
12.18 0.0166912
12.2 0.01938003
12.22 0.01282359
12.24 -0.003855354
12.26 -0.01159518
12.28 -0.01410742
12.3 -0.0173725
12.32 -0.02299273
12.34 -0.02247666
12.36 -0.01192075
12.38 -0.003418986
12.4 -0.003317939
12.42 -0.00497847
12.44 -0.005877069
12.46 -0.007755919
12.48 -0.01102404
12.5 -0.007003219
12.52 0.003304864
12.54 0.01214019
12.56 0.01784515
12.58 0.01804826
12.6 0.009319272
12.62 -0.007281248
12.64 -0.01209472
12.66 -0.008817509
12.68 -0.002008021
12.7 0.001504904
12.72 0.005503317
12.74 0.00933044
12.76 0.007774018
12.78 0.002712828
12.8 -0.001580346
12.82 -0.003116453
12.84 -0.007785991
12.86 -0.01115203
12.88 -0.004743396
12.9 0.0005800449
12.92 -0.0007326829
12.94 0.001885675
12.96 0.008193377
12.98 0.007685485
13 0.001221794
13.02 -0.004973693
13.04 -0.002534945
13.06 0.006353355
13.08 0.01505196
13.1 0.01464718
13.12 0.009325878
13.14 0.007741792
13.16 0.01157599
13.18 0.0142556
13.2 0.01137111
13.22 0.009758517
13.24 0.006344643
13.26 0.001903584
13.28 -6.907478e-05
13.3 -0.001681666
13.32 -0.008145378
13.34 -0.01227132
13.36 -0.01138297
13.38 -0.002724209
13.4 0.003798701
13.42 0.008731516
13.44 0.01454352
13.46 0.0212286
13.48 0.02692235
13.5 0.02059236
13.52 0.01277211
13.54 0.005893229
13.56 0.0002720476
13.58 -0.0003593529
13.6 0.0001894591
13.62 -0.0005775634
13.64 -0.004313753
13.66 -0.009764659
13.68 -0.01087135
13.7 -0.01206783
13.72 -0.01135079
13.74 -0.007578863
13.76 -0.003673259
13.78 -0.002459391
13.8 -0.001689267
13.82 -0.0007559234
13.84 -0.001304653
13.86 -0.001948252
13.88 -0.0006508198
13.9 0.002194988
13.92 0.007809059
13.94 0.01684324
13.96 0.02494928
13.98 0.02720064
14 0.01597574
14.02 0.005760423
14.04 -0.00162225
14.06 -0.009408025
14.08 -0.01225283
14.1 -0.01224768
14.12 -0.01647659
14.14 -0.0190032
14.16 -0.00988241
14.18 0.00238318
14.2 0.004165241
14.22 -0.0002726805
14.24 -0.01653037
14.26 -0.02915602
14.28 -0.02336558
14.3 -0.01500875
14.32 -0.007407703
14.34 -0.004003879
14.36 -0.002453451
14.38 -0.0006224879
14.4 -0.001775033
14.42 -0.005305214
14.44 -0.004043493
14.46 0.003106768
14.48 0.0007037816
14.5 -0.008686293
14.52 -0.01619146
14.54 -0.01688107
14.56 -0.01226457
14.58 -0.008709825
14.6 -0.004693031
14.62 -0.006088308
14.64 -0.01007343
14.66 -0.0122542
14.68 -0.00899436
14.7 -0.002100151
14.72 0.001718786
14.74 -4.166822e-05
14.76 0.0004724083
14.78 0.002760317
14.8 0.005603072
14.82 0.00877128
14.84 0.007336214
14.86 0.006376455
14.88 0.00485266
14.9 -0.003836676
14.92 -0.01181209
14.94 -0.01118794
14.96 -0.001728529
14.98 0.007533201
15 0.002761779
15.02 -0.004000824
15.04 -0.007056792
15.06 -0.006388701
15.08 -0.001895645
15.1 0.002236409
15.12 0.008112616
15.14 0.01410418
15.16 0.01567913
15.18 0.01608113
15.2 0.01645045
15.22 0.01284073
15.24 0.00774995
15.26 0.006016931
15.28 0.01106184
15.3 0.01494301
15.32 0.01902616
15.34 0.01600107
15.36 0.006789523
15.38 -0.006656219
15.4 -0.01339025
15.42 -0.009820312
15.44 -0.007305978
15.46 -0.007470192
15.48 -0.006453237
15.5 -0.006081952
15.52 -0.007910793
15.54 -0.00609925
15.56 -0.005732028
15.58 -0.006718362
15.6 -0.006151279
15.62 0.001879185
15.64 0.01065735
15.66 0.01096962
15.68 0.0035798
15.7 -0.006110207
15.72 -0.01453033
15.74 -0.009122387
15.76 0.001596793
15.78 0.009244822
15.8 0.01168374
15.82 0.005629108
15.84 -0.0007887121
15.86 -0.002261607
15.88 -0.00115082
15.9 -0.001943345
15.92 -0.001709775
15.94 0.001629728
15.96 0.003993096
15.98 0.004727566
16 0.001088258
16.02 -0.003570088
16.04 -0.002912184
16.06 -0.001327095
16.08 -0.002385845
16.1 -0.002593931
16.12 0.001944025
16.14 0.008283397
16.16 0.00714618
16.18 0.003907678
16.2 0.005842613
16.22 0.008793517
16.24 0.008898668
16.26 0.004870719
16.28 0.002065749
16.3 0.0003705028
16.32 -0.002460983
16.34 -0.00975806
16.36 -0.01310982
16.38 -0.008675942
16.4 -0.001291154
16.42 0.002845009
16.44 0.002598196
16.46 0.003932372
16.48 0.00843875
16.5 0.01120709
16.52 0.007658591
16.54 0.005148359
16.56 0.009024369
16.58 0.01236901
16.6 0.00846254
16.62 -0.0009010715
16.64 -0.005915423
16.66 -0.006420337
16.68 -0.001934402
16.7 0.003168695
16.72 0.001146094
16.74 -0.003102198
16.76 -0.005605283
16.78 -0.00494435
16.8 -0.002152593
16.82 -0.003493853
16.84 -0.00396204
16.86 -0.002186215
16.88 -0.00223312
16.9 -0.003656007
16.92 -0.00261155
16.94 0.0004943635
16.96 0.003711444
16.98 0.009251089
17 0.0116818
17.02 0.01053132
17.04 0.004012582
17.06 -0.003848571
17.08 -0.006717872
17.1 -0.003703832
17.12 0.002863959
17.14 0.005427303
17.16 -0.0004875974
17.18 -0.007197167
17.2 -0.01217073
17.22 -0.01174138
17.24 -0.004486193
17.26 0.004228746
17.28 0.007645843
17.3 0.003049753
17.32 -0.003968818
17.34 -0.008086605
17.36 -0.008445662
17.38 -0.005802866
17.4 4.380847e-05
17.42 -0.0003977902
17.44 -0.005009168
17.46 -0.01162184
17.48 -0.0136507
17.5 -0.007681711
17.52 -0.003869928
17.54 -0.006832995
17.56 -0.008493595
17.58 -0.006984042
17.6 -0.006022201
17.62 -0.005531574
17.64 -0.001847399
17.66 0.005427263
17.68 0.01193899
17.7 0.01270717
17.72 0.005447929
17.74 -0.0004813574
17.76 -0.000885311
17.78 0.0006416288
17.8 0.001509633
17.82 0.002132863
17.84 0.001919674
17.86 0.00451047
17.88 0.006044612
17.9 0.002156408
17.92 -0.0003262876
17.94 -0.001018885
17.96 -0.0008587633
17.98 -0.001392235
18 -0.001128087
18.02 0.00302024
18.04 0.009853227
18.06 0.01153835
18.08 0.006333352
18.1 -0.0004629456
18.12 -0.002992589
18.14 0.002914212
18.16 0.002963246
18.18 -0.003192451
18.2 -0.007617235
18.22 -0.007897823
18.24 -0.00430644
18.26 -0.001177048
18.28 -0.0007761801
18.3 0.0002876751
18.32 0.003202838
18.34 0.003820976
18.36 0.004036217
18.38 0.002064574
18.4 -0.0004068935
18.42 -0.0001661981
18.44 0.001320962
18.46 0.002049256
18.48 0.0004611479
18.5 -0.002566225
18.52 -0.004605221
18.54 -0.005350896
18.56 -0.004280945
18.58 -0.00193084
18.6 -0.003222141
18.62 -0.007203215
18.64 -0.01042747
18.66 -0.01022454
18.68 -0.007323688
18.7 -0.006465874
18.72 -0.005245984
18.74 -0.003432413
18.76 -0.003087693
18.78 -0.002393095
18.8 0.001252335
18.82 0.003802362
18.84 0.005552662
18.86 0.007516206
18.88 0.00882488
18.9 0.007835486
18.92 0.006803253
18.94 0.005048879
18.96 0.002086792
18.98 0.001453348
19 0.002917029
19.02 0.004319542
19.04 0.002868089
19.06 0.001855214
19.08 0.0009555656
19.1 -0.001277235
19.12 -0.002743046
19.14 -0.0003409928
19.16 0.003838931
19.18 0.007248858
19.2 0.007470235
19.22 0.004206196
19.24 0.002602726
19.26 0.003008652
19.28 0.003810359
19.3 0.004617168
19.32 0.00719674
19.34 0.009967102
19.36 0.006874505
19.38 0.001828528
19.4 -0.001964886
19.42 -0.0004808546
19.44 0.002170124
19.46 0.001890635
19.48 0.001272513
19.5 0.001363276
19.52 -0.0003523473
19.54 -0.005318758
19.56 -0.00751897
19.58 -0.003264637
19.6 0.001099945
19.62 0.001548759
19.64 2.69315e-05
19.66 -0.001507188
19.68 0.0004328154
19.7 0.001770041
19.72 0.0002329084
19.74 -0.0009452197
19.76 -0.0005882718
19.78 0.002490059
19.8 0.004910535
19.82 0.005216568
19.84 0.004458732
19.86 0.001182475
19.88 -0.004895694
19.9 -0.008247499
19.92 -0.01020593
19.94 -0.01194202
19.96 -0.01113731
19.98 -0.009215718
20 -0.003471127
20.02 -0.0009945309
20.04 -0.002708127
20.06 -0.004958284
20.08 -0.003337563
20.1 -0.001622936
20.12 -0.002823518
20.14 -8.180768e-05
20.16 0.003175036
20.18 0.005607746
20.2 0.005436421
20.22 0.002395816
20.24 -0.001788242
20.26 -0.003310146
20.28 -0.003736537
20.3 -0.004415928
20.32 -0.001991439
20.34 0.0002994798
20.36 0.001425557
20.38 0.0006105691
20.4 0.0006268673
20.42 -8.91917e-05
20.44 -0.0005533284
20.46 -0.0006992296
20.48 -0.003075848
20.5 -0.006512241
20.52 -0.007501684
20.54 -0.003735878
20.56 -0.0003831744
20.58 0.002151515
20.6 0.001594573
20.62 0.00125387
20.64 0.002991917
20.66 0.005193062
20.68 0.003138773
20.7 -0.0005159214
20.72 0.001718851
20.74 0.004427955
20.76 0.005318405
20.78 0.004029119
20.8 0.001771844
20.82 -0.0005629712
20.84 -0.004198275
20.86 -0.00424831
20.88 -0.002886644
20.9 -0.001601472
20.92 -0.0003805568
20.94 -0.0005141995
20.96 -0.002162542
20.98 -0.002748058
21 -0.001231355
21.02 -0.0002858328
21.04 -0.001644494
21.06 -0.003170451
21.08 -0.002536053
21.1 -0.00216685
21.12 -0.001491654
21.14 0.001410225
21.16 0.003860234
21.18 0.004200907
21.2 0.003515442
21.22 0.004059073
21.24 0.004788361
21.26 0.003212455
21.28 -0.0007716822
21.3 -0.003954131
21.32 -0.003870545
21.34 -0.002621093
21.36 0.0001185808
21.38 0.003322382
21.4 0.005182854
21.42 0.003409073
21.44 0.002028982
21.46 7.306952e-06
21.48 -0.0005272059
21.5 -0.001789998
21.52 -0.002560155
21.54 -0.000634442
21.56 0.00492858
21.58 0.00907084
21.6 0.007272588
21.62 0.005196857
21.64 0.002799829
21.66 0.002323442
21.68 0.003007826
21.7 0.005050853
21.72 0.00672977
21.74 0.005372158
21.76 0.003256661
21.78 0.001722522
21.8 0.0009034339
21.82 0.002140648
21.84 0.003089237
21.86 0.001420486
21.88 0.0003137606
21.9 0.0002882184
21.92 0.001799826
21.94 0.003783698
21.96 0.003376706
21.98 0.003564357
22 0.004221229
22.02 0.00362043
22.04 0.0007165003
22.06 -0.002047754
22.08 -0.003329917
22.1 -0.00535975
22.12 -0.006073774
22.14 -0.005928985
22.16 -0.007363112
22.18 -0.01028238
22.2 -0.01246828
22.22 -0.01341697
22.24 -0.01167997
22.26 -0.009284008
22.28 -0.006562693
22.3 -0.00550497
22.32 -0.004604355
22.34 -0.003488483
22.36 -0.002921416
22.38 0.0004057997
22.4 0.00422874
22.42 0.00535991
22.44 0.005671002
22.46 0.004681599
22.48 0.004453112
22.5 0.001970435
22.52 -0.003339696
22.54 -0.006073371
22.56 -0.004223155
22.58 -0.0009183696
22.6 0.0003270263
22.62 0.001129763
22.64 0.0009696162
22.66 -0.0008623046
22.68 -0.00506167
22.7 -0.006947738
22.72 -0.005732998
22.74 -0.0009257515
22.76 0.003883523
22.78 0.005094294
22.8 0.003519408
22.82 0.0008163874
22.84 0.001215151
22.86 0.00363153
22.88 0.004184362
22.9 0.00436489
22.92 0.005173727
22.94 0.004745338
22.96 0.002857302
22.98 0.002041272
23 0.002628747
23.02 0.004772797
23.04 0.006730185
23.06 0.004304584
23.08 0.002488974
23.1 0.002074824
23.12 0.0001531306
23.14 0.0004631722
23.16 0.003141668
23.18 0.004887907
23.2 0.005771226
23.22 0.004866463
23.24 0.003629195
23.26 0.003842362
23.28 0.002198127
23.3 0.000919016
23.32 0.0008445441
23.34 0.002241925
23.36 0.000542623
23.38 -0.00175037
23.4 -0.002381751
23.42 -0.00248175
23.44 -0.0003142491
23.46 -0.001284274
23.48 -0.003444625
23.5 -0.007040172
23.52 -0.007363555
23.54 -0.005129773
23.56 -0.002310521
23.58 0.0003629009
23.6 0.001440029
23.62 0.00180112
23.64 -0.0005040556
23.66 -0.003657936
23.68 -0.004887067
23.7 -0.004284253
23.72 -0.002499281
23.74 0.0007228909
23.76 0.003376934
23.78 0.004107277
23.8 0.002846585
23.82 0.0005607791
23.84 -0.003500849
23.86 -0.006781193
23.88 -0.008421386
23.9 -0.007111751
23.92 -0.003980377
23.94 -0.001047865
23.96 0.0002118366
23.98 0.001710235
24 0.0008412288
24.02 -0.003163281
24.04 -0.007010723
24.06 -0.007599309
24.08 -0.005894909
24.1 -0.004282283
24.12 -0.001844491
24.14 -0.0001614659
24.16 -0.0009019735
24.18 0.0001843309
24.2 0.0007545265
24.22 0.001009539
24.24 -0.0003694723
24.26 -0.002664484
24.28 -0.002311555
24.3 -0.003896659
24.32 -0.002858315
24.34 -0.002000465
24.36 0.0009667016
24.38 0.003023058
24.4 0.0032842
24.42 0.002554938
24.44 -0.0006508951
24.46 -0.002618481
24.48 -0.003482431
24.5 -0.002413459
24.52 -0.0008997865
24.54 0.001505398
24.56 0.002864062
24.58 0.002926316
24.6 0.002377587
24.62 0.001077116
24.64 -0.0009536921
24.66 -0.0007262255
24.68 -0.0002417068
24.7 -0.0007618997
24.72 0.001020043
24.74 0.002339968
24.76 0.0011313
24.78 0.0008752929
24.8 0.002802088
24.82 0.003874136
24.84 0.006054933
24.86 0.005156382
24.88 0.004051739
24.9 0.005685816
24.92 0.005513498
24.94 0.003149195
24.96 -0.0001382433
24.98 -0.001555032
25 -0.0005748005
25.02 0.00131426
25.04 0.004317188
25.06 0.002957595
25.08 0.001146121
25.1 -0.0002910383
25.12 0.0008615742
25.14 0.002955677
25.16 0.00268952
25.18 0.0002711586
25.2 -0.002271687
25.22 -0.0008854935
25.24 0.001720634
25.26 0.003764787
25.28 0.003736288
25.3 0.002890758
25.32 0.0006743512
25.34 0.0005693234
25.36 0.0004428868
25.38 0.001385408
25.4 0.00183732
25.42 0.002218852
25.44 0.003166494
25.46 0.003676547
25.48 0.005947131
25.5 0.006771398
25.52 0.002124391
25.54 -0.001386443
25.56 -0.001188522
25.58 -0.001772961
25.6 -0.002215583
25.62 -0.003955633
25.64 -0.004737919
25.66 -0.002853925
25.68 -0.001266738
25.7 -0.002133667
25.72 -0.002843532
25.74 -0.001876518
25.76 0.0004165091
25.78 0.0009959573
25.8 0.0001167923
25.82 0.0001015685
25.84 -0.001610938
25.86 -0.002419739
25.88 -0.001509844
25.9 0.001339095
25.92 0.003264951
25.94 0.0005895779
25.96 -0.001783886
25.98 -0.002164282
26 -0.002122384
26.02 -0.001312426
26.04 0.0001452262
26.06 0.00205578
26.08 0.002766827
26.1 0.002071282
26.12 0.001364522
26.14 0.0001875288
26.16 -0.001460692
26.18 -0.003366991
26.2 -0.003336326
26.22 -0.00116875
26.24 0.0001879603
26.26 -0.0005249109
26.28 -0.0009593204
26.3 -0.001757894
26.32 -0.0013141
26.34 -0.0006938349
26.36 -0.00209214
26.38 -0.002929469
26.4 -0.003087455
26.42 -0.004528613
26.44 -0.00371763
26.46 -0.0037165
26.48 -0.00373884
26.5 -0.002940067
26.52 -0.001263107
26.54 0.002273358
26.56 0.002036855
26.58 -0.00121478
26.6 -0.002410109
26.62 0.0001726417
26.64 0.00096838
26.66 0.0008869041
26.68 0.00114919
26.7 -0.0007427801
26.72 -0.00185038
26.74 -0.002681551
26.76 -0.003326076
26.78 -0.002571159
26.8 -0.001443941
26.82 0.0003258917
26.84 0.0007789071
26.86 0.0004526499
26.88 -0.002289975
26.9 -0.005681343
26.92 -0.005256911
26.94 -0.00253032
26.96 -0.0008502475
26.98 0.001138902
27 0.002274301
27.02 0.004031929
27.04 0.005538635
27.06 0.006077366
27.08 0.004485336
27.1 0.0006421308
27.12 -0.001789404
27.14 -0.002287026
27.16 -0.002060434
27.18 -0.001731848
27.2 0.0005520887
27.22 -0.0002698482
27.24 -0.001794602
27.26 -0.001106972
27.28 -0.0003601785
27.3 0.002177764
27.32 0.001990282
27.34 0.001381519
27.36 -2.589525e-05
27.38 -0.001847458
27.4 -0.001107797
27.42 -0.0008271206
27.44 -0.0001517011
27.46 0.0002391615
27.48 0.001111438
27.5 0.002277497
27.52 0.001771768
27.54 0.0009059651
27.56 -0.0005565065
27.58 -0.00370711
27.6 -0.004226122
27.62 -0.002475611
27.64 -0.0005047764
27.66 0.0008795611
27.68 0.002784096
27.7 0.003444249
27.72 0.0040585
27.74 0.004229071
27.76 0.00337555
27.78 0.002755603
27.8 0.001703173
27.82 0.00126682
27.84 0.000951838
27.86 0.001409011
27.88 0.0007972291
27.9 0.0009320694
27.92 0.00306408
27.94 0.004369924
27.96 0.004243703
27.98 0.002801673
28 0.001560569
28.02 0.002488978
28.04 0.00494435
28.06 0.005047636
28.08 0.004019729
28.1 0.003549758
28.12 0.001379446
28.14 0.001280729
28.16 0.001030073
28.18 0.0001245426
28.2 0.0002237317
28.22 -0.0003013263
28.24 -0.002711319
28.26 -0.004161518
28.28 -0.004382613
28.3 -0.00253822
28.32 -0.001998367
28.34 -0.003298614
28.36 -0.003851192
28.38 -0.003796878
28.4 -0.004004688
28.42 -0.00420027
28.44 -0.003356461
28.46 -0.003213402
28.48 -0.002827575
28.5 -0.001804228
28.52 0.001350912
28.54 0.002211088
28.56 0.002158341
28.58 0.002105605
28.6 0.0003321264
28.62 -0.001024198
28.64 -0.0009484333
28.66 -0.001030752
28.68 -0.001648581
28.7 -0.001528957
28.72 0.0006449579
28.74 0.0009553667
28.76 -0.000571265
28.78 -0.0008708473
28.8 -0.001089876
28.82 -0.0005758812
28.84 0.0009742356
28.86 0.001859256
28.88 0.001724628
28.9 0.001845824
28.92 0.001692656
28.94 0.002268344
28.96 0.003340933
28.98 0.002791255
29 0.002211464
29.02 0.0001618517
29.04 -0.0006475052
29.06 -0.0003826407
29.08 0.001096517
29.1 0.0009083928
29.12 -0.0009802615
29.14 0.0003479029
29.16 0.001464295
29.18 0.001298202
29.2 0.001246314
29.22 0.0008412294
29.24 -0.0003868914
29.26 -0.0003357592
29.28 -0.0004599753
29.3 5.361608e-05
29.32 0.001208832
29.34 0.0002570828
29.36 -0.002238945
29.38 -0.002981648
29.4 -0.003658624
29.42 -0.003244667
29.44 -0.002987206
29.46 -0.003426476
29.48 -0.002338318
29.5 -0.00207517
29.52 -0.001915496
29.54 -0.0009386394
29.56 -0.000683891
29.58 -0.0005802113
29.6 -0.0004122971
29.62 -6.256201e-05
29.64 0.0001167265
29.66 0.001742821
29.68 0.003021655
29.7 0.002017584
29.72 0.0003853351
29.74 -0.000321449
29.76 -0.001002243
29.78 -0.0008185582
29.8 0.0009666816
29.82 0.002221954
29.84 0.002839794
29.86 0.002346337
29.88 0.001137433
29.9 -0.0004419881
29.92 -0.0005287467
29.94 5.675104e-05
29.96 0.0006683858
29.98 0.0004440901
30 0.0005759708
30.02 0.0003273339
30.04 -9.464153e-05
30.06 -0.0007079893
30.08 -0.0009077162
30.1 -0.001289935
30.12 -0.00168991
30.14 -0.001302772
30.16 -0.001501678
30.18 -0.001547506
30.2 -0.001676238
30.22 -0.001290536
30.24 -0.0009262985
30.26 -0.0003217361
30.28 7.772658e-06
30.3 0.0003617265
30.32 0.000768764
30.34 0.0006060554
30.36 0.0006625267
30.38 0.0005382943
30.4 0.000115364
30.42 6.668692e-05
30.44 0.0001639322
30.46 0.000265877
30.48 9.721598e-05
30.5 -0.000126318
30.52 -9.307252e-05
30.54 6.099783e-05
30.56 0.0001100698
30.58 0.0001606055
30.6 0.0001792274
30.62 0.00041179
30.64 0.0004389847
30.66 0.0004018932
30.68 0.0003849798
30.7 0.0001825035
30.72 0.0002780316
30.74 0.0001813404
30.76 0.0001869952
30.78 0.0001769785
30.8 3.642637e-05
30.82 -3.44407e-05
30.84 -0.0001535079
30.86 -0.0001553951
30.88 -6.725165e-05
30.9 4.368466e-05
30.92 5.096715e-05
30.94 7.917239e-05
30.96 8.823513e-05
30.98 0.0001196741
31 7.717753e-05
31.02 3.06712e-05
31.04 2.284942e-06
31.06 -9.89816e-05
31.08 -0.0001445441
31.1 -0.0001344411
31.12 -4.659825e-05
31.14 1.550323e-05
31.16 5.304429e-05
31.18 8.544256e-05
31.2 7.777566e-05
31.22 5.455486e-05
31.24 5.81675e-05
31.26 6.84766e-05
31.28 5.890795e-05
31.3 5.732385e-05
31.32 5.22604e-05
31.34 3.564905e-05
31.36 2.256648e-05
31.38 1.980481e-05
31.4 2.560695e-05
31.42 1.957746e-05
31.44 1.799383e-05
31.46 6.232287e-06
31.48 -6.534261e-07
31.5 -3.163853e-06
31.52 -3.440163e-06
31.54 -1.633503e-07
31.56 -6.415982e-07
31.58 -1.218736e-06
31.6 -3.560985e-06
31.62 -1.667413e-06
31.64 -1.218751e-06
31.66 -5.1866e-07
31.68 5.090784e-07
31.7 1.894458e-06
31.72 3.714296e-06
31.74 5.298725e-06
31.76 6.97702e-06
31.78 8.716304e-06
31.8 1.058247e-05
31.82 1.243737e-05
31.84 1.429163e-05
31.86 1.62448e-05
31.88 1.828862e-05
31.9 2.041728e-05
31.92 2.261591e-05
31.94 2.485717e-05
31.96 2.713255e-05
31.98 2.944819e-05
