0 -0.0001222564
0.01 -0.0001160336
0.02 -0.0001164115
0.03 -0.0001103894
0.04 -0.000109787
0.05 -0.0001058874
0.06 -0.0001033117
0.07 -0.0001025202
0.08 -9.594217e-05
0.09 -0.0001002922
0.1 -8.767809e-05
0.11 -9.920113e-05
0.12 -7.649163e-05
0.13 -0.0001013261
0.14 -6.33785e-05
0.15 -0.0001066436
0.16 -4.629514e-05
0.17 -0.0001192234
0.18 -1.402553e-05
0.19 -0.000166613
0.2 0.0001921473
0.21 0.0002612241
0.22 -0.000152693
0.23 -3.959754e-05
0.24 -9.15893e-05
0.25 -5.970204e-05
0.26 -7.459008e-05
0.27 -5.961814e-05
0.28 -7.668378e-05
0.29 0.0003808982
0.3 1.874254e-06
0.31 -0.0001087283
0.32 -3.592609e-05
0.33 -9.031421e-05
0.34 -3.958681e-05
0.35 -8.103378e-05
0.36 -4.035949e-05
0.37 -7.282063e-05
0.38 -4.025297e-05
0.39 -6.470095e-05
0.4 -4.027828e-05
0.41 -5.667827e-05
0.42 -4.043688e-05
0.43 -4.975894e-05
0.44 -3.968538e-05
0.45 -4.29387e-05
0.46 -3.803971e-05
0.47 -3.826144e-05
0.48 -3.647945e-05
0.49 -3.365828e-05
0.5 -3.299081e-05
0.51 -3.018973e-05
0.52 -2.960394e-05
0.53 -2.782941e-05
0.54 -2.428512e-05
0.55 -2.761199e-05
0.56 -1.803579e-05
0.57 -3.05122e-05
0.58 -5.760723e-06
0.59 -4.166948e-05
0.6 2.069515e-05
0.61 -8.855851e-05
0.62 0.0002251249
0.63 0.0003377737
0.64 -0.000120479
0.65 3.152538e-05
0.66 -5.215059e-05
0.67 -7.78489e-06
0.68 0.0004114861
0.69 5.002704e-05
0.7 -6.330229e-05
0.71 -1.107899e-05
0.72 0.0003993294
0.73 5.293884e-05
0.74 -8.627726e-05
0.75 1.470851e-05
0.76 -7.866973e-05
0.77 0.000451112
0.78 -2.460061e-06
0.79 -3.957495e-05
0.8 -4.55332e-05
0.81 -1.507863e-05
0.82 -6.157482e-05
0.83 1.354828e-05
0.84 -0.0001093355
0.85 0.0002181662
0.86 0.0003171083
0.87 -0.0001292036
0.88 1.495644e-05
0.89 -6.757369e-05
0.9 -9.496734e-06
0.91 -4.80486e-05
0.92 -1.765747e-05
0.93 -3.680565e-05
0.94 -2.180795e-05
0.95 -2.870503e-05
0.96 -2.39901e-05
0.97 -2.270448e-05
0.98 -2.319113e-05
0.99 -1.783321e-05
1 -2.147892e-05
1.01 -1.5096e-05
1.02 -1.982487e-05
1.03 -1.343451e-05
1.04 -1.619377e-05
1.05 -1.186957e-05
1.06 -1.365026e-05
1.07 -1.037291e-05
1.08 -1.016071e-05
1.09 -9.968485e-06
1.1 -6.716706e-06
1.11 -8.625219e-06
1.12 -4.366117e-06
1.13 -6.329015e-06
1.14 -2.092169e-06
1.15 -4.118418e-06
1.16 -9.018246e-07
1.17 -1.965454e-06
1.18 -7.678691e-07
1.19 2.170436e-06
1.2 -7.142466e-07
1.21 7.2338e-06
1.22 -3.778085e-06
1.23 1.42748e-05
1.24 -8.910308e-06
1.25 2.526212e-05
1.26 -2.301178e-05
1.27 0.0004659239
1.28 0.0004739307
1.29 7.157889e-05
1.3 -0.0001100958
1.31 0.0002451546
1.32 0.0003235802
1.33 -0.000107008
1.34 2.265477e-05
1.35 -4.814188e-05
1.36 -5.240841e-07
1.37 -3.138914e-05
1.38 -8.383873e-06
1.39 -2.087755e-05
1.4 -1.324446e-05
1.41 -1.349803e-05
1.42 -1.711847e-05
1.43 -5.169608e-06
1.44 -2.207796e-05
1.45 4.122005e-06
1.46 -2.812302e-05
1.47 1.537892e-05
1.48 -3.83048e-05
1.49 3.169477e-05
1.5 -5.770902e-05
1.51 6.529899e-05
1.52 -0.0001148977
1.53 0.0002789849
1.54 0.0002950373
1.55 -4.40139e-05
1.56 -5.927452e-05
1.57 0.0002170549
1.58 0.0003384809
1.59 -0.0001138194
1.6 2.300307e-05
1.61 -4.381495e-05
1.62 -8.745189e-06
1.63 -2.469915e-05
1.64 0.0004031853
1.65 8.718989e-05
1.66 -0.0001562985
1.67 0.0006911994
1.68 0.0003525435
1.69 -0.0001556002
1.7 1.165098e-05
1.71 -8.532062e-05
1.72 -1.312774e-05
1.73 -7.134827e-05
1.74 -1.237576e-05
1.75 -8.70785e-05
1.76 0.0001351213
1.77 0.0009506606
1.78 0.0008618219
1.79 0.0009316707
1.8 0.0006655112
1.81 -0.0001362229
1.82 -0.000118383
1.83 -0.000123802
1.84 -0.0001220692
1.85 -0.0001129615
1.86 -0.0001246909
1.87 -0.0001042576
1.88 -0.0001253185
1.89 -9.665571e-05
1.9 -0.0001239946
1.91 -8.915415e-05
1.92 -0.0001227926
1.93 -8.376578e-05
1.94 -0.0001196644
1.95 -8.046149e-05
1.96 -0.0001136112
1.97 -8.124131e-05
1.98 -0.0001027039
1.99 -9.386767e-05
2 0.0003465747
2.01 -2.57425e-05
2.02 -0.0001333667
2.03 -8.164388e-05
2.04 0.000329165
2.05 -1.851801e-05
2.06 -0.0001514797
2.07 -6.565257e-05
2.08 -0.0001270301
2.09 -7.459473e-05
2.1 -0.0001146474
2.11 -7.470072e-05
2.12 -0.0001151337
2.13 0.0003605012
2.14 -3.181459e-05
2.15 -0.0001364757
2.16 -6.174161e-05
2.17 -0.0001284852
2.18 -5.441252e-05
2.19 -0.0001357209
2.2 -2.988216e-05
2.21 -0.00017767
2.22 0.0001675487
2.23 0.0002587412
2.24 -0.000189095
2.25 -3.036602e-05
2.26 -0.0001459144
2.27 -2.541491e-05
2.28 -0.0001785012
2.29 0.0001698453
2.3 0.0002549753
2.31 -0.0001797557
2.32 -4.626968e-05
2.33 -0.0001172779
2.34 -7.183358e-05
2.35 -9.182639e-05
2.36 -8.926071e-05
2.37 -6.342413e-05
2.38 -0.0001291771
2.39 0.0001135886
2.4 0.0008715267
2.41 0.001317419
2.42 0.0008656613
2.43 0.0008381415
2.44 0.0001710552
2.45 -0.0002714687
2.46 -0.0001385094
2.47 -0.000196732
2.48 -0.00017302
2.49 -0.0001527308
2.5 -0.0002230224
2.51 4.915795e-05
2.52 0.0006390203
2.53 0.0001910309
2.54 0.0004882767
2.55 0.0008661824
2.56 7.559449e-05
2.57 0.0001463439
2.58 -0.0001343076
2.59 -0.0003013721
2.6 0.0002490962
2.61 -0.0001950579
2.62 -0.0002511899
2.63 -0.0002212879
2.64 -0.0002363895
2.65 -0.0002164103
2.66 -0.0002277348
2.67 -0.0002127175
2.68 -0.0002171135
2.69 -0.0002102001
2.7 -0.0002045777
2.71 -0.0002098677
2.72 -0.0001891231
2.73 -0.0002137568
2.74 -0.000167699
2.75 -0.0002279544
2.76 -0.0001311632
2.77 -0.0002796859
2.78 0.0004966982
2.79 0.0007731003
2.8 0.0009449711
2.81 0.001536421
2.82 0.001083298
2.83 0.0007649127
2.84 0.0005681381
2.85 0.0006783348
2.86 0.0005381134
2.87 0.0006687
2.88 -8.234422e-05
2.89 -0.0004712312
2.9 -0.0003562718
2.91 -0.0004198782
2.92 -0.0003501214
2.93 -0.0004196931
2.94 -0.0002986523
2.95 -0.001004004
2.96 -0.001381721
2.97 -0.001242841
2.98 -0.001272741
2.99 -0.001210448
3 -0.0007876655
3.01 -0.0005374553
3.02 0.0004703993
3.03 0.0008128203
3.04 0.0006933337
3.05 0.0007346609
3.06 0.0006748852
3.07 0.0006685834
3.08 0.0007839459
3.09 0.001672168
3.1 0.001455329
3.11 0.002066644
3.12 0.001273275
3.13 0.0005124838
3.14 -0.0001928939
3.15 -0.0005710315
3.16 -0.000628712
3.17 -0.001545258
3.18 -0.0009192207
3.19 -0.001435978
3.2 -0.0007623476
3.21 -0.0003336664
3.22 9.940002e-05
3.23 0.0009285315
3.24 0.0007791955
3.25 0.001055054
3.26 0.001614621
3.27 0.0007055161
3.28 0.0004009063
3.29 -0.000143415
3.3 -0.001296833
3.31 -0.001499428
3.32 -0.001942036
3.33 -0.001416461
3.34 -0.002038648
3.35 -0.001794775
3.36 -0.00158398
3.37 -0.001474428
3.38 -0.0009570064
3.39 -0.0003219629
3.4 0.0003387061
3.41 0.001423055
3.42 0.001641415
3.43 0.001663861
3.44 0.0008867434
3.45 0.0005668725
3.46 0.0003318892
3.47 -0.0002171626
3.48 -7.234564e-05
3.49 -0.0003782605
3.5 0.0006519154
3.51 0.0004310533
3.52 0.0006191652
3.53 -0.0001675721
3.54 -0.0005290755
3.55 -0.0004270991
3.56 -0.0004931169
3.57 -0.0002926783
3.58 0.0006943698
3.59 0.001928969
3.6 0.00146056
3.61 0.001387999
3.62 0.0007616976
3.63 0.0002088349
3.64 0.0004742843
3.65 6.094742e-05
3.66 -0.0005630165
3.67 -0.0008541772
3.68 -0.001563675
3.69 -0.001577793
3.7 -0.001487033
3.71 -0.001519378
3.72 -0.001415536
3.73 -0.001461212
3.74 -0.001341591
3.75 -0.001424621
3.76 -0.0007182229
3.77 0.000303857
3.78 0.001243439
3.79 0.002190011
3.8 0.002661606
3.81 0.003382325
3.82 0.002665326
3.83 0.001991404
3.84 0.001095106
3.85 -0.0003975354
3.86 -0.001416777
3.87 -0.001761521
3.88 -0.00157076
3.89 -0.002222477
3.9 -0.00276075
3.91 -0.003434878
3.92 -0.00321492
3.93 -0.002117629
3.94 -0.001170186
3.95 -8.685475e-05
3.96 0.0006402507
3.97 0.0006963486
3.98 0.0004444326
3.99 -0.0003521222
4 -0.0003394312
4.01 -0.0003099568
4.02 -0.0007815675
4.03 -0.0003447033
4.04 -0.000725175
4.05 -0.0003443348
4.06 -0.0002615682
4.07 -0.0001297508
4.08 0.0007673271
4.09 0.0006044575
4.1 0.001297867
4.11 0.001717697
4.12 0.0009211557
4.13 0.0003770039
4.14 -0.0001530857
4.15 -0.001255446
4.16 -0.00198295
4.17 -0.002322183
4.18 -0.002056219
4.19 -0.0009619596
4.2 -0.0001551145
4.21 0.001686902
4.22 0.002061098
4.23 0.002151956
4.24 0.002714665
4.25 0.002401632
4.26 0.002513409
4.27 0.001781426
4.28 0.001068179
4.29 0.0005075874
4.3 -0.0009273588
4.31 -0.001657497
4.32 -0.002063406
4.33 -0.002546824
4.34 -0.002856316
4.35 -0.003604343
4.36 -0.004072007
4.37 -0.003570033
4.38 -0.002205827
4.39 -0.001510722
4.4 -0.000376185
4.41 -0.0003256277
4.42 -0.001085936
4.43 -0.0007395177
4.44 0.0002632254
4.45 0.0009983164
4.46 0.001618494
4.47 0.002042474
4.48 0.00182882
4.49 0.001913936
4.5 0.001734255
4.51 0.001980009
4.52 0.002263516
4.53 0.002009311
4.54 0.001351338
4.55 0.0007081121
4.56 -4.578143e-05
4.57 -0.0003992323
4.58 -0.0003693604
4.59 -0.0001548952
4.6 0.0006154171
4.61 0.0006799687
4.62 -6.614511e-05
4.63 5.849836e-05
4.64 -0.0008870306
4.65 -0.001450537
4.66 -0.001187357
4.67 -0.001331531
4.68 -0.0005912561
4.69 -0.0001163623
4.7 -0.0003596588
4.71 7.392963e-05
4.72 7.164902e-05
4.73 -0.0002440245
4.74 -0.0002514761
4.75 -0.0001163421
4.76 -0.0004705064
4.77 -0.0009234707
4.78 -0.0002550652
4.79 0.0006230133
4.8 0.00200583
4.81 0.00266571
4.82 0.003016617
4.83 0.003083863
4.84 0.002864637
4.85 0.002568332
4.86 0.001499283
4.87 -0.0003799308
4.88 -0.002457141
4.89 -0.003997863
4.9 -0.0050646
4.91 -0.004992589
4.92 -0.003521281
4.93 -0.002140335
4.94 -0.0004152416
4.95 0.0006266873
4.96 0.001514785
4.97 0.001991112
4.98 0.001508674
4.99 0.0008910486
5 0.0001195844
5.01 -0.0007933641
5.02 -0.001344321
5.03 -0.0006106029
5.04 0.0001619051
5.05 0.0003965021
5.06 0.001522872
5.07 0.002386592
5.08 0.002886664
5.09 0.003697883
5.1 0.004613738
5.11 0.005343497
5.12 0.004549689
5.13 0.003449102
5.14 0.002241868
5.15 0.0003210425
5.16 -0.0003513605
5.17 -0.001161198
5.18 -0.002626302
5.19 -0.003254086
5.2 -0.00455002
5.21 -0.005592327
5.22 -0.006535249
5.23 -0.00691536
5.24 -0.005450204
5.25 -0.003443111
5.26 -0.0009771874
5.27 0.0006615643
5.28 0.00173987
5.29 0.00143087
5.3 0.0006469965
5.31 5.539845e-05
5.32 -0.0001057623
5.33 0.0006198992
5.34 0.001548595
5.35 0.002681971
5.36 0.003998497
5.37 0.004560416
5.38 0.004557243
5.39 0.003775802
5.4 0.002699331
5.41 0.001519582
5.42 -0.0004945209
5.43 -0.001851487
5.44 -0.002439487
5.45 -0.0030809
5.46 -0.003442981
5.47 -0.002665117
5.48 -0.001535632
5.49 -0.001191184
5.5 -0.001206937
5.51 -0.001175326
5.52 -0.001120292
5.53 -0.001137439
5.54 -0.001031063
5.55 -0.001128627
5.56 -0.0007873985
5.57 -0.0001081747
5.58 0.0006429386
5.59 0.0008253689
5.6 -9.776239e-05
5.61 -0.0004633013
5.62 -2.622543e-06
5.63 0.001186415
5.64 0.002362134
5.65 0.0035915
5.66 0.003461504
5.67 0.002666694
5.68 0.001950167
5.69 0.0008896135
5.7 0.0004255157
5.71 0.0008229161
5.72 0.0008438959
5.73 0.0004543874
5.74 -1.854622e-05
5.75 -0.00134114
5.76 -0.002571124
5.77 -0.003403269
5.78 -0.004340603
5.79 -0.005028441
5.8 -0.004844541
5.81 -0.004844968
5.82 -0.003878096
5.83 -0.001835062
5.84 0.0007756538
5.85 0.003143815
5.86 0.004770042
5.87 0.005002181
5.88 0.004886904
5.89 0.004092483
5.9 0.003651822
5.91 0.002982247
5.92 0.002492277
5.93 0.00194614
5.94 0.0008022463
5.95 -0.0001533375
5.96 -0.001049392
5.97 -0.002285784
5.98 -0.003300696
5.99 -0.003762376
6 -0.00474583
6.01 -0.005047202
6.02 -0.003991202
6.03 -0.002125471
6.04 -0.0009670646
6.05 0.001044271
6.06 0.002787166
6.07 0.003641949
6.08 0.004162849
6.09 0.004756096
6.1 0.004145658
6.11 0.002831067
6.12 0.002611956
6.13 0.002302056
6.14 0.001495408
6.15 0.001428213
6.16 0.001428382
6.17 0.001363126
6.18 0.001234368
6.19 0.0001197977
6.2 -0.001122252
6.21 -0.002486221
6.22 -0.003465005
6.23 -0.003354217
6.24 -0.003281317
6.25 -0.003083934
6.26 -0.00193739
6.27 -0.001164191
6.28 -0.001102189
6.29 -0.001077484
6.3 -0.00161006
6.31 -0.002262983
6.32 -0.00285047
6.33 -0.002289367
6.34 -0.001459883
6.35 -0.0008711227
6.36 -0.0006680078
6.37 -0.0008090678
6.38 -0.001037232
6.39 -0.0008925818
6.4 0.0002317135
6.41 0.001462256
6.42 0.00230091
6.43 0.001968991
6.44 0.001073667
6.45 -5.106495e-05
6.46 -0.0007257267
6.47 -0.0003820906
6.48 -0.000432633
6.49 0.0001578208
6.5 0.0009060599
6.51 0.001260028
6.52 0.001662001
6.53 0.003039718
6.54 0.00394839
6.55 0.004495792
6.56 0.004379702
6.57 0.004512165
6.58 0.004585102
6.59 0.004360686
6.6 0.004346741
6.61 0.003635575
6.62 0.002287672
6.63 0.0005369604
6.64 -0.0006494276
6.65 -0.00198754
6.66 -0.002790125
6.67 -0.003757412
6.68 -0.005018817
6.69 -0.005561072
6.7 -0.006205232
6.71 -0.007100452
6.72 -0.005908397
6.73 -0.004549512
6.74 -0.002824462
6.75 -0.0009861766
6.76 0.0002300177
6.77 0.001373809
6.78 0.001827959
6.79 0.002399068
6.8 0.001890146
6.81 0.001246052
6.82 0.0005112504
6.83 4.977245e-05
6.84 0.0008251683
6.85 0.001187795
6.86 0.001063614
6.87 0.001097489
6.88 0.00104105
6.89 0.00103885
6.9 0.00101529
6.91 0.0009731321
6.92 0.001020672
6.93 0.0003303204
6.94 -0.0001036583
6.95 -0.000393293
6.96 -0.0001317021
6.97 0.0001214182
6.98 -0.000651544
6.99 -0.001111439
7 -0.002074941
7.01 -0.002660839
7.02 -0.00153846
7.03 -0.0007681793
7.04 -0.0001633335
7.05 0.0009826264
7.06 0.001194297
7.07 0.001759409
7.08 0.002250064
7.09 0.001797316
7.1 0.001120835
7.11 0.0003965245
7.12 -4.003207e-05
7.13 0.0002330345
7.14 0.00160043
7.15 0.002621561
7.16 0.003472269
7.17 0.003894067
7.18 0.002816769
7.19 0.001447801
7.2 -4.94778e-05
7.21 -0.00216308
7.22 -0.003786756
7.23 -0.004158182
7.24 -0.003700197
7.25 -0.002819197
7.26 -0.0009071208
7.27 0.001921465
7.28 0.003712125
7.29 0.005678637
7.3 0.006652881
7.31 0.006403512
7.32 0.005775398
7.33 0.004260693
7.34 0.002994243
7.35 0.001328898
7.36 -0.0006751103
7.37 -0.002645093
7.38 -0.003856809
7.39 -0.00515497
7.4 -0.005480111
7.41 -0.005208226
7.42 -0.005176908
7.43 -0.0049574
7.44 -0.005487625
7.45 -0.005866995
7.46 -0.004890765
7.47 -0.004355004
7.48 -0.002626728
7.49 -0.000337021
7.5 0.000449069
7.51 0.00211623
7.52 0.003103019
7.53 0.00336671
7.54 0.003214149
7.55 0.003191307
7.56 0.003055556
7.57 0.003606164
7.58 0.004580073
7.59 0.00496396
7.6 0.00562463
7.61 0.005351968
7.62 0.003615108
7.63 0.001563412
7.64 -0.0009912754
7.65 -0.00344992
7.66 -0.004369023
7.67 -0.003688441
7.68 -0.002345313
7.69 -0.0009469934
7.7 -0.0002755077
7.71 0.0004166372
7.72 0.0008254155
7.73 0.001109462
7.74 0.0008188168
7.75 0.0005816622
7.76 0.0007710144
7.77 -2.429637e-05
7.78 -0.0004639501
7.79 -0.002052862
7.8 -0.003399563
7.81 -0.004568546
7.82 -0.005623443
7.83 -0.00574145
7.84 -0.005471882
7.85 -0.003718173
7.86 -0.001524067
7.87 0.001509768
7.88 0.004103902
7.89 0.006072494
7.9 0.00700188
7.91 0.006828732
7.92 0.006035697
7.93 0.005422791
7.94 0.005468235
7.95 0.005175422
7.96 0.005752865
7.97 0.006071588
7.98 0.005028676
7.99 0.003327863
8 0.001052009
8.01 -0.00172736
8.02 -0.003966315
8.03 -0.005654028
8.04 -0.005800101
8.05 -0.006254926
8.06 -0.006596249
8.07 -0.006244008
8.08 -0.006769364
8.09 -0.007793054
8.1 -0.009377777
8.11 -0.01011106
8.12 -0.009721196
8.13 -0.008033681
8.14 -0.006676352
8.15 -0.005485339
8.16 -0.004078441
8.17 -0.001965434
8.18 0.002114488
8.19 0.0050962
8.2 0.007281663
8.21 0.008633125
8.22 0.008578385
8.23 0.008453162
8.24 0.008141138
8.25 0.008629751
8.26 0.009423623
8.27 0.009745002
8.28 0.01022981
8.29 0.009996547
8.3 0.009632612
8.31 0.00776978
8.32 0.00559362
8.33 0.00350663
8.34 0.001630862
8.35 0.0006525617
8.36 -0.0003921218
8.37 -0.0008757493
8.38 -0.002338596
8.39 -0.004578898
8.4 -0.006593977
8.41 -0.00712512
8.42 -0.007062199
8.43 -0.006224644
8.44 -0.005641725
8.45 -0.005682488
8.46 -0.005391806
8.47 -0.005996986
8.48 -0.006250703
8.49 -0.005975123
8.5 -0.005940393
8.51 -0.005144523
8.52 -0.003877855
8.53 -0.001647519
8.54 0.001147851
8.55 0.002990219
8.56 0.004929951
8.57 0.006535053
8.58 0.006850492
8.59 0.005727981
8.6 0.00425852
8.61 0.002827386
8.62 0.002128043
8.63 0.000804059
8.64 -0.000353492
8.65 -0.000669243
8.66 -0.0003964685
8.67 0.0002657461
8.68 -0.0007997975
8.69 -0.001674881
8.7 -0.002562058
8.71 -0.002220367
8.72 -0.000373962
8.73 0.001924209
8.74 0.00332494
8.75 0.003076582
8.76 0.003382255
8.77 0.00228705
8.78 0.0005165473
8.79 -0.0006720022
8.8 -0.001904463
8.81 -0.001600639
8.82 -0.001977331
8.83 -0.002503397
8.84 -0.00336935
8.85 -0.005067889
8.86 -0.005414874
8.87 -0.004309481
8.88 -0.002503999
8.89 -0.001226329
8.9 -4.836656e-05
8.91 0.0002599174
8.92 0.0001226011
8.93 0.000917198
8.94 0.003060246
8.95 0.006300619
8.96 0.009147474
8.97 0.0106696
8.98 0.01077209
8.99 0.0102588
9 0.009057262
9.01 0.007309933
9.02 0.004865012
9.03 0.002073913
9.04 -0.000491244
9.05 -0.00359466
9.06 -0.005630701
9.07 -0.008122442
9.08 -0.01023953
9.09 -0.01184441
9.1 -0.01143866
9.11 -0.01056382
9.12 -0.01001907
9.13 -0.007515675
9.14 -0.005248426
9.15 -0.003118864
9.16 -0.001295238
9.17 -0.0009065362
9.18 -0.000836647
9.19 0.0002379342
9.2 0.001697648
9.21 0.003781998
9.22 0.005500255
9.23 0.006736083
9.24 0.006075986
9.25 0.004857532
9.26 0.003051128
9.27 0.0006788649
9.28 -0.0006874802
9.29 -0.00171715
9.3 -0.001648439
9.31 -0.002149992
9.32 -0.002872081
9.33 -0.00329505
9.34 -0.003645139
9.35 -0.004001738
9.36 -0.00363363
9.37 -0.003139027
9.38 -0.00295637
9.39 -0.003528075
9.4 -0.003935948
9.41 -0.003498435
9.42 -0.002026447
9.43 0.0009468529
9.44 0.004622341
9.45 0.007388796
9.46 0.009622135
9.47 0.01036083
9.48 0.01019379
9.49 0.009085351
9.5 0.007487939
9.51 0.005889316
9.52 0.003069282
9.53 -0.00010492
9.54 -0.003418309
9.55 -0.005994323
9.56 -0.007120316
9.57 -0.006582578
9.58 -0.005639847
9.59 -0.003781108
9.6 -0.002501797
9.61 -0.002601459
9.62 -0.002409117
9.63 -0.002520483
9.64 -0.001602665
9.65 0.0004145535
9.66 0.002323445
9.67 0.004092414
9.68 0.004195005
9.69 0.002410832
9.7 0.0003739047
9.71 -0.001005913
9.72 -0.001647955
9.73 -0.001717004
9.74 -0.001000609
9.75 -0.0005218434
9.76 -0.0007383006
9.77 8.403048e-05
9.78 0.0002248041
9.79 -0.0001424792
9.8 0.00123862
9.81 0.002816357
9.82 0.003944597
9.83 0.005631533
9.84 0.005932766
9.85 0.006819147
9.86 0.006673421
9.87 0.004398136
9.88 0.002509614
9.89 -0.0001995082
9.9 -0.002699468
9.91 -0.005341944
9.92 -0.006980468
9.93 -0.00777208
9.94 -0.00856638
9.95 -0.008918706
9.96 -0.009423176
9.97 -0.009243643
9.98 -0.008426453
9.99 -0.007015163
10 -0.004895377
10.01 -0.003415129
10.02 -0.002640623
10.03 -0.00239984
10.04 -0.001312487
10.05 -0.000396509
10.06 0.00124757
10.07 0.003120544
10.08 0.003194275
10.09 0.002069004
10.1 0.0006959377
10.11 3.302042e-06
10.12 -0.0006391249
10.13 -0.0001474418
10.14 0.00120502
10.15 0.00326973
10.16 0.003901337
10.17 0.004005882
10.18 0.003906238
10.19 0.003950421
10.2 0.004852555
10.21 0.006259666
10.22 0.008045064
10.23 0.008665084
10.24 0.008998898
10.25 0.008367303
10.26 0.006846826
10.27 0.003681371
10.28 0.0003565078
10.29 -0.00149614
10.3 -0.003945745
10.31 -0.004517166
10.32 -0.00394055
10.33 -0.003253864
10.34 -0.003009021
10.35 -0.003773476
10.36 -0.005867777
10.37 -0.008444261
10.38 -0.01060648
10.39 -0.01179972
10.4 -0.01167734
10.41 -0.0089671
10.42 -0.0052842
10.43 -0.002055791
10.44 0.0006365765
10.45 0.001462742
10.46 0.001585306
10.47 0.001357038
10.48 0.001732359
10.49 0.001732406
10.5 0.001354496
10.51 0.0008113711
10.52 0.0002258001
10.53 0.0006553668
10.54 0.001393864
10.55 0.003129656
10.56 0.004772741
10.57 0.005192572
10.58 0.004030736
10.59 0.00273353
10.6 0.001058996
10.61 -0.0007329186
10.62 -0.001855453
10.63 -0.003167752
10.64 -0.00380378
10.65 -0.003685957
10.66 -0.003663884
10.67 -0.003326366
10.68 -0.002372639
10.69 -0.0005428144
10.7 0.002909895
10.71 0.005740112
10.72 0.008576869
10.73 0.00996033
10.74 0.009259993
10.75 0.008287646
10.76 0.006895304
10.77 0.00612945
10.78 0.006198121
10.79 0.006025349
10.8 0.003957316
10.81 0.0006649962
10.82 -0.002883019
10.83 -0.006022534
10.84 -0.007481072
10.85 -0.008363718
10.86 -0.008507694
10.87 -0.008592535
10.88 -0.008765022
10.89 -0.008267317
10.9 -0.006766908
10.91 -0.004778193
10.92 -0.00202046
10.93 -0.0002652201
10.94 -0.0008515146
10.95 -0.001118913
10.96 -0.001119981
10.97 -0.000826817
10.98 0.0003329514
10.99 0.001224019
11 0.001802518
11.01 0.002468805
11.02 0.002449123
11.03 0.002375582
11.04 0.002361401
11.05 0.002246651
11.06 0.002837499
11.07 0.003395987
11.08 0.004024686
11.09 0.003938493
11.1 0.003866848
11.11 0.003746688
11.12 0.003189369
11.13 0.001691793
11.14 0.0006194611
11.15 -0.001750097
11.16 -0.00383654
11.17 -0.004851789
11.18 -0.005903719
11.19 -0.005713754
11.2 -0.004808659
11.21 -0.003223186
11.22 -0.002329051
11.23 -0.001350719
11.24 -0.001412896
11.25 -0.001295765
11.26 -0.001301791
11.27 -0.001146514
11.28 0.0005719534
11.29 0.001868931
11.3 0.003383328
11.31 0.004584691
11.32 0.004864888
11.33 0.005051899
11.34 0.004121007
11.35 0.003144163
11.36 0.002418431
11.37 0.001345269
11.38 0.0008239248
11.39 -0.0005672009
11.4 -0.001015358
11.41 -0.0008366636
11.42 -0.0003750456
11.43 0.001013254
11.44 0.002191797
11.45 0.00311064
11.46 0.003870831
11.47 0.00315261
11.48 0.002013341
11.49 0.001596453
11.5 0.001847486
11.51 0.002557299
11.52 0.002521941
11.53 0.002293976
11.54 0.001236254
11.55 0.0002941781
11.56 -0.001296892
11.57 -0.00319965
11.58 -0.003340275
11.59 -0.003316211
11.6 -0.003001129
11.61 -0.002139911
11.62 -0.00211592
11.63 -0.00200922
11.64 -0.002590814
11.65 -0.003024078
11.66 -0.00270248
11.67 -0.002906916
11.68 -0.001813557
11.69 -0.0006757383
11.7 -1.409471e-05
11.71 0.002195195
11.72 0.00314997
11.73 0.003092923
11.74 0.002849096
11.75 0.001802957
11.76 0.0008110809
11.77 -0.0001913593
11.78 -0.001005243
11.79 -0.0009069606
11.8 -0.000979986
11.81 -0.0007144999
11.82 0.0002142577
11.83 0.001264609
11.84 0.001962763
11.85 0.001989853
11.86 0.001712586
11.87 0.000885351
11.88 0.0004551817
11.89 0.000751883
11.9 0.0009738959
11.91 9.634377e-06
11.92 -0.0008783344
11.93 -0.002546648
11.94 -0.00314238
11.95 -0.002071913
11.96 -5.763294e-05
11.97 0.001153296
11.98 0.0009400414
11.99 0.0009905753
12 -0.0008866959
12.01 -0.001770656
12.02 -0.000843046
12.03 -0.0007694462
12.04 0.0003714281
12.05 0.001040515
12.06 0.001209999
12.07 0.002712163
12.08 0.004741979
12.09 0.006306532
12.1 0.006618841
12.11 0.006106319
12.12 0.004707623
12.13 0.0032481
12.14 0.001502561
12.15 0.0009525415
12.16 0.001775976
12.17 0.002004516
12.18 0.001961952
12.19 0.001722325
12.2 0.0006794003
12.21 -0.0001370288
12.22 -0.0006764103
12.23 -0.001409061
12.24 -0.001957681
12.25 -0.002075036
12.26 -0.001888999
12.27 -0.001996197
12.28 -0.001812241
12.29 -0.001922179
12.3 -0.001744899
12.31 -0.001344193
12.32 -8.943071e-05
12.33 0.001485069
12.34 0.000946567
12.35 0.001766195
12.36 0.001434891
12.37 0.0007215861
12.38 -0.0001674233
12.39 -0.0009992955
12.4 -0.001532269
12.41 -0.00217582
12.42 -0.002835037
12.43 -0.002602563
12.44 -0.001754699
12.45 -0.001147096
12.46 -6.562411e-05
12.47 0.0009823463
12.48 0.002975887
12.49 0.004623267
12.5 0.005444981
12.51 0.005903052
12.52 0.006387244
12.53 0.006902997
12.54 0.007179565
12.55 0.006250367
12.56 0.005510341
12.57 0.004615766
12.58 0.004522598
12.59 0.00376145
12.6 0.003123012
12.61 0.003845438
12.62 0.004065465
12.63 0.003762554
12.64 0.002051644
12.65 -3.339162e-05
12.66 -0.001953543
12.67 -0.003900432
12.68 -0.005630581
12.69 -0.005868102
12.7 -0.005545102
12.71 -0.004421193
12.72 -0.003589534
12.73 -0.003475806
12.74 -0.003637786
12.75 -0.004349198
12.76 -0.004810216
12.77 -0.005964582
12.78 -0.007737696
12.79 -0.009394503
12.8 -0.00952738
12.81 -0.008547583
12.82 -0.00607801
12.83 -0.003337546
12.84 -0.0006672524
12.85 0.00173191
12.86 0.002892743
12.87 0.003605728
12.88 0.003453864
12.89 0.003539658
12.9 0.004449446
12.91 0.005117803
12.92 0.004952878
12.93 0.004860721
12.94 0.004553996
12.95 0.003437202
12.96 0.002382264
12.97 0.001448565
12.98 0.001527782
12.99 0.0006440981
13 -0.001412519
13.01 -0.003270798
13.02 -0.005091865
13.03 -0.005233953
13.04 -0.005054284
13.05 -0.003199163
13.06 -0.002012254
13.07 -0.002013484
13.08 -0.002141157
13.09 -0.003564263
13.1 -0.006412765
13.11 -0.009349417
13.12 -0.01089901
13.13 -0.01078737
13.14 -0.009146356
13.15 -0.007058548
13.16 -0.004693185
13.17 -0.003760017
13.18 -0.003131941
13.19 -0.004018203
13.2 -0.005195739
13.21 -0.004206303
13.22 -0.003724161
13.23 -0.002366216
13.24 -0.0007051425
13.25 0.001066121
13.26 0.002697457
13.27 0.003960514
13.28 0.004853439
13.29 0.005453229
13.3 0.005071057
13.31 0.004431992
13.32 0.004477145
13.33 0.004422932
13.34 0.005931169
13.35 0.007936633
13.36 0.01064176
13.37 0.01314352
13.38 0.01458554
13.39 0.01395727
13.4 0.01046191
13.41 0.00487707
13.42 -0.001433646
13.43 -0.007865425
13.44 -0.01357823
13.45 -0.01885708
13.46 -0.02253612
13.47 -0.02457209
13.48 -0.02490987
13.49 -0.02318334
13.5 -0.02031464
13.51 -0.01581502
13.52 -0.01133015
13.53 -0.006970225
13.54 -0.001688728
13.55 0.001872514
13.56 0.005707764
13.57 0.01062987
13.58 0.01486751
13.59 0.01859745
13.6 0.02111865
13.61 0.02246867
13.62 0.02205596
13.63 0.02000203
13.64 0.01669037
13.65 0.01241783
13.66 0.008179181
13.67 0.004420952
13.68 -8.0925e-05
13.69 -0.007201269
13.7 -0.01334576
13.71 -0.01858511
13.72 -0.02146086
13.73 -0.02230318
13.74 -0.02162428
13.75 -0.01890619
13.76 -0.01663949
13.77 -0.01419236
13.78 -0.0119619
13.79 -0.009676224
13.8 -0.00687683
13.81 -0.00180059
13.82 0.004056268
13.83 0.01161893
13.84 0.01816199
13.85 0.02409482
13.86 0.02850465
13.87 0.03068063
13.88 0.02989408
13.89 0.02770405
13.9 0.02303832
13.91 0.01493176
13.92 0.008713744
13.93 0.002733251
13.94 -0.00150754
13.95 -0.004602963
13.96 -0.006218917
13.97 -0.008375887
13.98 -0.01084776
13.99 -0.01491766
14 -0.01874337
14.01 -0.02290358
14.02 -0.0276432
14.03 -0.03157121
14.04 -0.03387822
14.05 -0.03429471
14.06 -0.03247436
14.07 -0.028884
14.08 -0.02544647
14.09 -0.0205953
14.1 -0.01580562
14.11 -0.01002119
14.12 -0.002425354
14.13 0.005568878
14.14 0.01313004
14.15 0.02067789
14.16 0.02737711
14.17 0.03270075
14.18 0.03657014
14.19 0.03893114
14.2 0.03893904
14.21 0.03563046
14.22 0.02817635
14.23 0.01810218
14.24 0.006189079
14.25 -0.004550458
14.26 -0.01242436
14.27 -0.01719386
14.28 -0.01902495
14.29 -0.01907006
14.3 -0.01732123
14.31 -0.01481442
14.32 -0.01167184
14.33 -0.008996231
14.34 -0.007858877
14.35 -0.008116412
14.36 -0.00860749
14.37 -0.01011714
14.38 -0.01153841
14.39 -0.01225748
14.4 -0.01211237
14.41 -0.01008584
14.42 -0.00783335
14.43 -0.005120377
14.44 -0.001721108
14.45 0.002127359
14.46 0.006243029
14.47 0.01091369
14.48 0.01602982
14.49 0.0205301
14.5 0.02443283
14.51 0.02668338
14.52 0.02633812
14.53 0.02338182
14.54 0.02035905
14.55 0.01645436
14.56 0.01272272
14.57 0.01161145
14.58 0.01004884
14.59 0.008208537
14.6 0.00616611
14.61 0.00463925
14.62 0.003268722
14.63 0.002046717
14.64 0.001168749
14.65 -6.965152e-05
14.66 -0.001981164
14.67 -0.003848602
14.68 -0.005848227
14.69 -0.008617395
14.7 -0.01171766
14.71 -0.0144329
14.72 -0.01625348
14.73 -0.01549717
14.74 -0.0133582
14.75 -0.009660251
14.76 -0.00424031
14.77 0.001040675
14.78 0.006158917
14.79 0.01068982
14.8 0.01410999
14.81 0.01626347
14.82 0.01857686
14.83 0.01937162
14.84 0.01844096
14.85 0.01566966
14.86 0.01314292
14.87 0.009855515
14.88 0.006975998
14.89 0.004187096
14.9 0.001727061
14.91 -0.0001577539
14.92 -0.002130819
14.93 -0.004045266
14.94 -0.00580984
14.95 -0.00789609
14.96 -0.01022957
14.97 -0.01100281
14.98 -0.01096458
14.99 -0.009078037
15 -0.006052331
15.01 -0.0002618292
15.02 0.005388867
15.03 0.01183121
15.04 0.01694968
15.05 0.01961299
15.06 0.02130778
15.07 0.02140429
15.08 0.02084799
15.09 0.01859803
15.1 0.01623678
15.11 0.01321317
15.12 0.01034314
15.13 0.006809935
15.14 0.003545401
15.15 0.001158175
15.16 -0.0006399516
15.17 -0.001647351
15.18 -0.00220944
15.19 -0.003072795
15.2 -0.004619172
15.21 -0.007297617
15.22 -0.01121104
15.23 -0.01409938
15.24 -0.01730243
15.25 -0.02084711
15.26 -0.02425646
15.27 -0.02695447
15.28 -0.02905045
15.29 -0.02951105
15.3 -0.02873006
15.31 -0.02751048
15.32 -0.02561103
15.33 -0.02292157
15.34 -0.01943975
15.35 -0.01549152
15.36 -0.01107847
15.37 -0.007154943
15.38 -0.004047625
15.39 -0.0009970223
15.4 0.001882439
15.41 0.005129382
15.42 0.009847847
15.43 0.01558949
15.44 0.02235483
15.45 0.0270598
15.46 0.02952936
15.47 0.02971713
15.48 0.02743675
15.49 0.02399313
15.5 0.01989839
15.51 0.01517464
15.52 0.008940046
15.53 0.002177859
15.54 -0.004198217
15.55 -0.009319235
15.56 -0.01387723
15.57 -0.0178423
15.58 -0.02100127
15.59 -0.02302343
15.6 -0.02501625
15.61 -0.02460992
15.62 -0.02227312
15.63 -0.01782715
15.64 -0.01103629
15.65 -0.004874106
15.66 0.002230969
15.67 0.007869011
15.68 0.0120244
15.69 0.01449141
15.7 0.0157449
15.71 0.0153926
15.72 0.01520622
15.73 0.0152264
15.74 0.01570088
15.75 0.01681234
15.76 0.0168538
15.77 0.01554833
15.78 0.01309299
15.79 0.009057397
15.8 0.004013459
15.81 0.000731736
15.82 -0.002577014
15.83 -0.005605254
15.84 -0.007139558
15.85 -0.007629728
15.86 -0.007960711
15.87 -0.007412216
15.88 -0.006621283
15.89 -0.0046966
15.9 -0.002014171
15.91 0.0007273435
15.92 0.003653367
15.93 0.004516685
15.94 0.003962818
15.95 0.001687571
15.96 -0.001545979
15.97 -0.005027872
15.98 -0.008241313
15.99 -0.01129335
16 -0.01387412
16.01 -0.01553136
16.02 -0.01764308
16.03 -0.01819035
16.04 -0.01709743
16.05 -0.01417215
16.06 -0.01026061
16.07 -0.006464206
16.08 -0.001815964
16.09 0.003250417
16.1 0.007148034
16.11 0.009847919
16.12 0.01200019
16.13 0.01278641
16.14 0.01229255
16.15 0.0104592
16.16 0.008133261
16.17 0.006259367
16.18 0.005100313
16.19 0.004065351
16.2 0.002829593
16.21 0.0006911573
16.22 -0.002916833
16.23 -0.008608748
16.24 -0.01501068
16.25 -0.02033174
16.26 -0.02323031
16.27 -0.02177675
16.28 -0.01580383
16.29 -0.006044591
16.3 0.006515601
16.31 0.01873499
16.32 0.02916618
16.33 0.03470505
16.34 0.03513393
16.35 0.03167681
16.36 0.02475841
16.37 0.01707914
16.38 0.009113114
16.39 0.0026759
16.4 -0.002406806
16.41 -0.005392074
16.42 -0.007035699
16.43 -0.007241518
16.44 -0.006943814
16.45 -0.005035818
16.46 -0.001498626
16.47 0.003883877
16.48 0.01003895
16.49 0.0153481
16.5 0.01833297
16.51 0.01771981
16.52 0.0134436
16.53 0.006035699
16.54 -0.002947806
16.55 -0.01294648
16.56 -0.02119147
16.57 -0.02738693
16.58 -0.03026641
16.59 -0.02939899
16.6 -0.02606245
16.61 -0.02112768
16.62 -0.01435199
16.63 -0.006459326
16.64 0.001310578
16.65 0.009689139
16.66 0.01810813
16.67 0.02603623
16.68 0.03302071
16.69 0.03729413
16.7 0.03859933
16.71 0.03665123
16.72 0.03135651
16.73 0.0244856
16.74 0.0165133
16.75 0.008107511
16.76 -0.001033742
16.77 -0.01055006
16.78 -0.01961213
16.79 -0.0284724
16.8 -0.03553903
16.81 -0.04142568
16.82 -0.04540343
16.83 -0.04804859
16.84 -0.04903463
16.85 -0.04814173
16.86 -0.04678103
16.87 -0.04402164
16.88 -0.03893359
16.89 -0.03164574
16.9 -0.02258959
16.91 -0.01221195
16.92 -0.001748202
16.93 0.009368408
16.94 0.01981845
16.95 0.02734132
16.96 0.03393237
16.97 0.03897463
16.98 0.04282074
16.99 0.0446774
17 0.04396374
17.01 0.04153685
17.02 0.03667196
17.03 0.03122308
17.04 0.02425482
17.05 0.01775076
17.06 0.01157865
17.07 0.004833824
17.08 -0.002261442
17.09 -0.0106064
17.1 -0.01858674
17.11 -0.02561412
17.12 -0.03063658
17.13 -0.03247685
17.14 -0.03232658
17.15 -0.03032532
17.16 -0.02686196
17.17 -0.0225101
17.18 -0.01882952
17.19 -0.01480241
17.2 -0.01115487
17.21 -0.008025443
17.22 -0.004531309
17.23 -0.001088836
17.24 0.00430255
17.25 0.01089001
17.26 0.01846545
17.27 0.02498081
17.28 0.02995164
17.29 0.03281888
17.3 0.03332858
17.31 0.0316921
17.32 0.02942017
17.33 0.02651333
17.34 0.02165405
17.35 0.0153823
17.36 0.007082989
17.37 -0.003158799
17.38 -0.0129935
17.39 -0.02147045
17.4 -0.02859374
17.41 -0.03390379
17.42 -0.03714452
17.43 -0.03836121
17.44 -0.03703337
17.45 -0.0337908
17.46 -0.02974808
17.47 -0.02391384
17.48 -0.01682922
17.49 -0.009816784
17.5 -0.001721793
17.51 0.006019922
17.52 0.01303655
17.53 0.01738615
17.54 0.01942463
17.55 0.01926908
17.56 0.01605181
17.57 0.01100259
17.58 0.004359763
17.59 -0.002821238
17.6 -0.009497594
17.61 -0.01382019
17.62 -0.01625587
17.63 -0.01671252
17.64 -0.01639216
17.65 -0.01514549
17.66 -0.01271356
17.67 -0.01052589
17.68 -0.007585947
17.69 -0.002566502
17.7 0.002769081
17.71 0.007871323
17.72 0.01224393
17.73 0.01412144
17.74 0.0134566
17.75 0.0100711
17.76 0.005103303
17.77 -0.001003505
17.78 -0.007027082
17.79 -0.0105904
17.8 -0.01148141
17.81 -0.01017614
17.82 -0.006170971
17.83 -0.0004761887
17.84 0.005430667
17.85 0.01108201
17.86 0.01670564
17.87 0.02192512
17.88 0.02626599
17.89 0.03034623
17.9 0.03288176
17.91 0.03434855
17.92 0.03468353
17.93 0.03310107
17.94 0.03122059
17.95 0.02822273
17.96 0.02477788
17.97 0.02034117
17.98 0.01514762
17.99 0.01028794
18 0.005068284
18.01 8.0629e-05
18.02 -0.004234442
18.03 -0.007829265
18.04 -0.009884995
18.05 -0.01004058
18.06 -0.01091027
18.07 -0.01141708
18.08 -0.01125751
18.09 -0.01083587
18.1 -0.009647947
18.11 -0.008519768
18.12 -0.006815257
18.13 -0.004592781
18.14 -0.002882589
18.15 -0.00173284
18.16 -0.002155848
18.17 -0.004407277
18.18 -0.007796672
18.19 -0.01289856
18.2 -0.01648382
18.21 -0.02040682
18.22 -0.02520032
18.23 -0.02711144
18.24 -0.02696996
18.25 -0.02585499
18.26 -0.02223736
18.27 -0.01624509
18.28 -0.008837335
18.29 -0.0003827133
18.3 0.008719726
18.31 0.01729925
18.32 0.02449654
18.33 0.02983026
18.34 0.03341173
18.35 0.03482434
18.36 0.03369296
18.37 0.03068963
18.38 0.02495741
18.39 0.01875264
18.4 0.014039
18.41 0.01180157
18.42 0.01021984
18.43 0.008693494
18.44 0.006878243
18.45 0.004572541
18.46 0.0001658466
18.47 -0.006583814
18.48 -0.01502425
18.49 -0.02379494
18.5 -0.03000902
18.51 -0.03448541
18.52 -0.03653812
18.53 -0.03769835
18.54 -0.03855992
18.55 -0.04045927
18.56 -0.04330027
18.57 -0.04625833
18.58 -0.04740139
18.59 -0.04576
18.6 -0.04143035
18.61 -0.03407286
18.62 -0.02625556
18.63 -0.01772564
18.64 -0.01015175
18.65 -0.003106281
18.66 0.003748621
18.67 0.008728219
18.68 0.01239032
18.69 0.01548652
18.7 0.0159418
18.71 0.01480202
18.72 0.01220758
18.73 0.00722612
18.74 0.00114833
18.75 -0.00552358
18.76 -0.01209164
18.77 -0.01826049
18.78 -0.02352799
18.79 -0.02797472
18.8 -0.02957144
18.81 -0.02925455
18.82 -0.02691915
18.83 -0.02335949
18.84 -0.01855624
18.85 -0.01265154
18.86 -0.00536438
18.87 0.004236021
18.88 0.01419862
18.89 0.02443107
18.9 0.03363223
18.91 0.04249787
18.92 0.04952716
18.93 0.05448904
18.94 0.05840102
18.95 0.05995237
18.96 0.06049263
18.97 0.05912058
18.98 0.05635816
18.99 0.05133962
19 0.04420095
19.01 0.03506589
19.02 0.02604748
19.03 0.01774973
19.04 0.01028154
19.05 0.004435106
19.06 -0.002230853
19.07 -0.00839982
19.08 -0.01375927
19.09 -0.01775419
19.1 -0.02037584
19.11 -0.02100671
19.12 -0.02033686
19.13 -0.01727284
19.14 -0.01399443
19.15 -0.009311142
19.16 -0.002377422
19.17 0.004264306
19.18 0.01122434
19.19 0.01844149
19.2 0.02471915
19.21 0.03105138
19.22 0.03733478
19.23 0.04124811
19.24 0.04404842
19.25 0.04627168
19.26 0.0475835
19.27 0.04899336
19.28 0.04760045
19.29 0.04411098
19.3 0.03864536
19.31 0.02979118
19.32 0.01908964
19.33 0.0056293
19.34 -0.009120995
19.35 -0.02526737
19.36 -0.04098492
19.37 -0.05508858
19.38 -0.06778326
19.39 -0.07899975
19.4 -0.08822723
19.41 -0.0955832
19.42 -0.1011393
19.43 -0.1030696
19.44 -0.1018613
19.45 -0.09680201
19.46 -0.08791702
19.47 -0.0756147
19.48 -0.06055624
19.49 -0.04425882
19.5 -0.02702248
19.51 -0.00961193
19.52 0.008768836
19.53 0.02657853
19.54 0.04269408
19.55 0.0581109
19.56 0.07149937
19.57 0.08250554
19.58 0.08962941
19.59 0.09274668
19.6 0.09163191
19.61 0.08610198
19.62 0.07758523
19.63 0.06612296
19.64 0.05273784
19.65 0.03780222
19.66 0.02114894
19.67 0.004285755
19.68 -0.0130234
19.69 -0.02876028
19.7 -0.040317
19.71 -0.04766237
19.72 -0.04989236
19.73 -0.04700763
19.74 -0.04058838
19.75 -0.02953655
19.76 -0.01546376
19.77 0.000306079
19.78 0.01594577
19.79 0.02985434
19.8 0.0411668
19.81 0.04870005
19.82 0.05289182
19.83 0.05452516
19.84 0.054169
19.85 0.05100004
19.86 0.04538055
19.87 0.03818155
19.88 0.03137836
19.89 0.02352424
19.9 0.0164478
19.91 0.009694947
19.92 0.001235557
19.93 -0.007474893
19.94 -0.01725038
19.95 -0.02578591
19.96 -0.03273329
19.97 -0.03646804
19.98 -0.03773461
19.99 -0.03708506
20 -0.03472742
20.01 -0.03110673
20.02 -0.02478195
20.03 -0.0172692
20.04 -0.008766844
20.05 0.001484786
20.06 0.01131552
20.07 0.01881905
20.08 0.02368322
20.09 0.02528148
20.1 0.02334491
20.11 0.01764861
20.12 0.009811841
20.13 0.0005039208
20.14 -0.009236741
20.15 -0.01865814
20.16 -0.02676098
20.17 -0.03388711
20.18 -0.03851409
20.19 -0.04064994
20.2 -0.04044192
20.21 -0.03919625
20.22 -0.03735826
20.23 -0.03579474
20.24 -0.03596549
20.25 -0.03418375
20.26 -0.03137052
20.27 -0.02685626
20.28 -0.02094452
20.29 -0.01532428
20.3 -0.00977268
20.31 -0.004896393
20.32 -0.0009724409
20.33 0.003192873
20.34 0.007718434
20.35 0.01204889
20.36 0.01613074
20.37 0.01875942
20.38 0.0194591
20.39 0.01872562
20.4 0.01735115
20.41 0.01593396
20.42 0.01460598
20.43 0.01333017
20.44 0.01376094
20.45 0.01359768
20.46 0.01223301
20.47 0.0102511
20.48 0.00679344
20.49 0.00220189
20.5 -0.002823636
20.51 -0.008099601
20.52 -0.01351221
20.53 -0.01858246
20.54 -0.02320032
20.55 -0.02645353
20.56 -0.0275519
20.57 -0.02717596
20.58 -0.02421663
20.59 -0.02046696
20.6 -0.01610337
20.61 -0.01186104
20.62 -0.007529682
20.63 -0.002554013
20.64 0.001075725
20.65 0.005002821
20.66 0.006456955
20.67 0.009701139
20.68 0.01288259
20.69 0.01534349
20.7 0.01782398
20.71 0.0188167
20.72 0.02016537
20.73 0.02043702
20.74 0.01995373
20.75 0.01894452
20.76 0.01703275
20.77 0.01380238
20.78 0.009804595
20.79 0.003995217
20.8 -0.001900004
20.81 -0.008262073
20.82 -0.01491824
20.83 -0.02141283
20.84 -0.0282915
20.85 -0.03544881
20.86 -0.04148367
20.87 -0.04661605
20.88 -0.05028763
20.89 -0.05115833
20.9 -0.0487356
20.91 -0.04239742
20.92 -0.03337202
20.93 -0.02153714
20.94 -0.008620579
20.95 0.003216851
20.96 0.01292082
20.97 0.0190484
20.98 0.02190308
20.99 0.02142943
21 0.0201662
21.01 0.01746997
21.02 0.0148674
21.03 0.01380167
21.04 0.0130293
21.05 0.01302711
21.06 0.01256742
21.07 0.01307018
21.08 0.01387656
21.09 0.01578843
21.1 0.01868366
21.11 0.02153137
21.12 0.02408937
21.13 0.02537518
21.14 0.02627654
21.15 0.02566732
21.16 0.02402797
21.17 0.02078242
21.18 0.01748889
21.19 0.01383226
21.2 0.01051966
21.21 0.008289711
21.22 0.006423344
21.23 0.00498648
21.24 0.003698978
21.25 0.001267782
21.26 -0.002820144
21.27 -0.006684373
21.28 -0.01134534
21.29 -0.01423088
21.3 -0.01665219
21.31 -0.01796745
21.32 -0.01810566
21.33 -0.01836514
21.34 -0.01795749
21.35 -0.01743227
21.36 -0.01763997
21.37 -0.01818666
21.38 -0.01881931
21.39 -0.02029008
21.4 -0.02167487
21.41 -0.02250871
21.42 -0.0219872
21.43 -0.02079203
21.44 -0.01888825
21.45 -0.01539373
21.46 -0.01122652
21.47 -0.006144563
21.48 -1.868893e-05
21.49 0.007567979
21.5 0.0145159
21.51 0.02159089
21.52 0.0287718
21.53 0.0348796
21.54 0.04016862
21.55 0.04319602
21.56 0.04433248
21.57 0.04343702
21.58 0.0405131
21.59 0.03491601
21.6 0.02877321
21.61 0.02128737
21.62 0.01326915
21.63 0.005537341
21.64 -0.001944254
21.65 -0.009601063
21.66 -0.01640379
21.67 -0.02152608
21.68 -0.02513738
21.69 -0.02481993
21.7 -0.0226643
21.71 -0.01741465
21.72 -0.01039986
21.73 -0.003693212
21.74 0.002038
21.75 0.006492366
21.76 0.009534601
21.77 0.01094704
21.78 0.01110664
21.79 0.01065508
21.8 0.008110711
21.81 0.003685147
21.82 -0.001702568
21.83 -0.007666155
21.84 -0.01246759
21.85 -0.01507942
21.86 -0.01482432
21.87 -0.01283124
21.88 -0.009994984
21.89 -0.006904293
21.9 -0.003866462
21.91 -0.0006234298
21.92 0.003436704
21.93 0.007192483
21.94 0.01020507
21.95 0.01160255
21.96 0.01127414
21.97 0.009385126
21.98 0.006098097
21.99 0.002016999
22 -0.002165293
22.01 -0.006001008
22.02 -0.00894501
22.03 -0.009957984
22.04 -0.01059394
22.05 -0.01126841
22.06 -0.01018363
22.07 -0.009637558
22.08 -0.009210831
22.09 -0.008074387
22.1 -0.006089438
22.11 -0.002417746
22.12 0.002395434
22.13 0.008187071
22.14 0.01384795
22.15 0.01859992
22.16 0.02109065
22.17 0.02053167
22.18 0.01740646
22.19 0.0116386
22.2 0.004484389
22.21 -0.002759557
22.22 -0.008900486
22.23 -0.01245855
22.24 -0.015067
22.25 -0.01562412
22.26 -0.01594706
22.27 -0.01535
22.28 -0.0127396
22.29 -0.008390789
22.3 -0.002335856
22.31 0.006020385
22.32 0.01490582
22.33 0.02211984
22.34 0.0292663
22.35 0.03512318
22.36 0.03893499
22.37 0.04089907
22.38 0.04111465
22.39 0.03919659
22.4 0.03610695
22.41 0.03170505
22.42 0.02634372
22.43 0.0206296
22.44 0.01412204
22.45 0.006351989
22.46 -0.001738477
22.47 -0.009253062
22.48 -0.0154069
22.49 -0.01980394
22.5 -0.02227653
22.51 -0.02413678
22.52 -0.02530941
22.53 -0.02516395
22.54 -0.02436608
22.55 -0.02230354
22.56 -0.0196545
22.57 -0.01520209
22.58 -0.009623444
22.59 -0.003795055
22.6 0.00220448
22.61 0.007637616
22.62 0.0118062
22.63 0.01384423
22.64 0.01402986
22.65 0.01210023
22.66 0.009582006
22.67 0.006446321
22.68 0.002880436
22.69 0.0002515731
22.7 -0.00250291
22.71 -0.004214146
22.72 -0.005218578
22.73 -0.00485111
22.74 -0.004215185
22.75 -0.004426387
22.76 -0.004025939
22.77 -0.003140735
22.78 -0.002003727
22.79 -0.001318425
22.8 -0.00123121
22.81 -0.0018096
22.82 -0.001207604
22.83 0.0003348922
22.84 0.002965521
22.85 0.005142024
22.86 0.006813663
22.87 0.008564014
22.88 0.009786698
22.89 0.01172384
22.9 0.01417944
22.91 0.01773153
22.92 0.02035733
22.93 0.02084042
22.94 0.02007848
22.95 0.01786657
22.96 0.01296969
22.97 0.006484518
22.98 -0.001044613
22.99 -0.009013213
23 -0.01644694
23.01 -0.02405307
23.02 -0.03038138
23.03 -0.03551081
23.04 -0.04034503
23.05 -0.04424308
23.06 -0.04752465
23.07 -0.04941663
23.08 -0.04941834
23.09 -0.04790028
23.1 -0.04593071
23.11 -0.04310173
23.12 -0.04017678
23.13 -0.03694233
23.14 -0.03340454
23.15 -0.02988088
23.16 -0.02680947
23.17 -0.02415628
23.18 -0.02178282
23.19 -0.01996954
23.2 -0.01758487
23.21 -0.01372054
23.22 -0.008138079
23.23 -0.001957547
23.24 0.005579576
23.25 0.01383834
23.26 0.0207662
23.27 0.0259496
23.28 0.02912943
23.29 0.03031194
23.3 0.02997455
23.31 0.02941087
23.32 0.02984879
23.33 0.03000175
23.34 0.03157702
23.35 0.03399417
23.36 0.03728194
23.37 0.04009405
23.38 0.04149973
23.39 0.04194498
23.4 0.04148239
23.41 0.03889935
23.42 0.0348992
23.43 0.02919021
23.44 0.02161924
23.45 0.01373155
23.46 0.005625333
23.47 -0.000622176
23.48 -0.006294311
23.49 -0.01042333
23.5 -0.01392318
23.51 -0.01823432
23.52 -0.02207206
23.53 -0.0253685
23.54 -0.02865013
23.55 -0.03191344
23.56 -0.03425113
23.57 -0.03512178
23.58 -0.0347047
23.59 -0.03345436
23.6 -0.03014436
23.61 -0.02517911
23.62 -0.01756695
23.63 -0.008482595
23.64 0.0005697033
23.65 0.008842438
23.66 0.01500886
23.67 0.01872363
23.68 0.02061635
23.69 0.02102118
23.7 0.01968352
23.71 0.0181769
23.72 0.01570001
23.73 0.0135437
23.74 0.01058235
23.75 0.007863705
23.76 0.004816605
23.77 0.001947865
23.78 -8.9767e-05
23.79 -0.003605011
23.8 -0.005600567
23.81 -0.006397318
23.82 -0.006624119
23.83 -0.006369954
23.84 -0.006223143
23.85 -0.006663173
23.86 -0.007103034
23.87 -0.008333888
23.88 -0.01027822
23.89 -0.01164034
23.9 -0.01238909
23.91 -0.01245416
23.92 -0.01127631
23.93 -0.008983295
23.94 -0.006799751
23.95 -0.0052815
23.96 -0.003805367
23.97 -0.002607087
23.98 -0.001572805
23.99 -0.0005678021
24 0.0006803211
24.01 0.001986895
24.02 0.003459011
24.03 0.005479198
24.04 0.007245091
24.05 0.009049232
24.06 0.01085064
24.07 0.01176325
24.08 0.01142032
24.09 0.01065427
24.1 0.00917575
24.11 0.006932482
24.12 0.004266329
24.13 0.0009857072
24.14 -0.002094378
24.15 -0.004675056
24.16 -0.005956279
24.17 -0.006025422
24.18 -0.005693543
24.19 -0.005043523
24.2 -0.005304109
24.21 -0.00577337
24.22 -0.006296586
24.23 -0.007208444
24.24 -0.009078956
24.25 -0.01039604
24.26 -0.01153739
24.27 -0.01345083
24.28 -0.01498946
24.29 -0.01633247
24.3 -0.01726146
24.31 -0.01786084
24.32 -0.0175896
24.33 -0.01537829
24.34 -0.01250209
24.35 -0.008697851
24.36 -0.003826408
24.37 0.0002483077
24.38 0.004159123
24.39 0.007478364
24.4 0.01006974
24.41 0.01299898
24.42 0.01575518
24.43 0.01720272
24.44 0.0183086
24.45 0.01930682
24.46 0.02055412
24.47 0.02307634
24.48 0.02558692
24.49 0.02693757
24.5 0.02805332
24.51 0.02843313
24.52 0.02756658
24.53 0.02542975
24.54 0.02191321
24.55 0.01622256
24.56 0.009969082
24.57 0.002830393
24.58 -0.004876299
24.59 -0.0114136
24.6 -0.01705518
24.61 -0.02162142
24.62 -0.0241951
24.63 -0.02465067
24.64 -0.02387972
24.65 -0.02158945
24.66 -0.01737646
24.67 -0.01323853
24.68 -0.009862372
24.69 -0.00564331
24.7 -0.001811262
24.71 0.001176582
24.72 0.003577388
24.73 0.004548542
24.74 0.00489878
24.75 0.00447824
24.76 0.003761692
24.77 0.002488656
24.78 0.0006335042
24.79 -0.001533137
24.8 -0.004087479
24.81 -0.006537647
24.82 -0.0086936
24.83 -0.01013006
24.84 -0.01020733
24.85 -0.009307733
24.86 -0.007177078
24.87 -0.004052423
24.88 -0.000796517
24.89 0.003056678
24.9 0.00761935
24.91 0.01169174
24.92 0.01577795
24.93 0.01817372
24.94 0.01948119
24.95 0.02113338
24.96 0.0219355
24.97 0.02220123
24.98 0.02114288
24.99 0.01937373
25 0.01711679
25.01 0.01450584
25.02 0.01150025
25.03 0.009229809
25.04 0.007720103
25.05 0.006212137
25.06 0.004937075
25.07 0.004530186
25.08 0.004440157
25.09 0.00435567
25.1 0.003639565
25.11 0.00234667
25.12 0.0008190974
25.13 0.0008406103
25.14 0.001042922
25.15 0.001801615
25.16 0.003114503
25.17 0.004491939
25.18 0.005858314
25.19 0.006859589
25.2 0.0084336
25.21 0.009722641
25.22 0.01068703
25.23 0.01190118
25.24 0.01312482
25.25 0.01316522
25.26 0.01200886
25.27 0.009428163
25.28 0.006516711
25.29 0.003730608
25.3 0.001686527
25.31 0.001446711
25.32 0.002983081
25.33 0.004836531
25.34 0.007099512
25.35 0.009578692
25.36 0.01113571
25.37 0.01243039
25.38 0.01343643
25.39 0.01429152
25.4 0.0150128
25.41 0.01495245
25.42 0.01501144
25.43 0.01351476
25.44 0.01185698
25.45 0.01030707
25.46 0.008644199
25.47 0.006882311
25.48 0.003914606
25.49 0.0008048101
25.5 -0.002265578
25.51 -0.004619545
25.52 -0.006467243
25.53 -0.008288499
25.54 -0.009048892
25.55 -0.009725233
25.56 -0.01183252
25.57 -0.01388612
25.58 -0.01693953
25.59 -0.01921531
25.6 -0.0214852
25.61 -0.02284637
25.62 -0.02337257
25.63 -0.0227003
25.64 -0.02090853
25.65 -0.01847816
25.66 -0.01524452
25.67 -0.01316784
25.68 -0.01081943
25.69 -0.008997348
25.7 -0.007622565
25.71 -0.006147971
25.72 -0.005365869
25.73 -0.005199722
25.74 -0.005887591
25.75 -0.00790289
25.76 -0.008968013
25.77 -0.01018177
25.78 -0.01101339
25.79 -0.01087561
25.8 -0.01172915
25.81 -0.01165259
25.82 -0.01111342
25.83 -0.01004873
25.84 -0.007592277
25.85 -0.004808641
25.86 -0.002122004
25.87 -0.0001288906
25.88 0.001788892
25.89 0.003502087
25.9 0.004321225
25.91 0.005183177
25.92 0.006001297
25.93 0.006228434
25.94 0.005894436
25.95 0.005868475
25.96 0.005419644
25.97 0.004373644
25.98 0.003172909
25.99 0.001808866
26 0.0003546671
26.01 -0.001245776
26.02 -0.002599189
26.03 -0.003559801
26.04 -0.004166907
26.05 -0.004463622
26.06 -0.004932462
26.07 -0.005365743
26.08 -0.004941044
26.09 -0.003941285
26.1 -0.002903643
26.11 -0.001857131
26.12 -0.001086267
26.13 -0.001016954
26.14 -0.001722559
26.15 -0.001546788
26.16 -0.0007217797
26.17 -0.0001948755
26.18 -2.06616e-05
26.19 -0.0007852612
26.2 -0.001830184
26.21 -0.004481471
26.22 -0.007207245
26.23 -0.01026197
26.24 -0.01304532
26.25 -0.01465569
26.26 -0.01565181
26.27 -0.01605316
26.28 -0.01544614
26.29 -0.0143245
26.3 -0.01337202
26.31 -0.01198632
26.32 -0.01116776
26.33 -0.01015083
26.34 -0.009855263
26.35 -0.009663261
26.36 -0.00877097
26.37 -0.007387656
26.38 -0.005146516
26.39 -0.003367705
26.4 -0.001564964
26.41 -0.000177135
26.42 0.0008293236
26.43 0.0006289362
26.44 -0.0006397626
26.45 -0.002613318
26.46 -0.005867368
26.47 -0.00881538
26.48 -0.01182683
26.49 -0.01418997
26.5 -0.0149823
26.51 -0.01432459
26.52 -0.01236537
26.53 -0.01001766
26.54 -0.007619674
26.55 -0.004634439
26.56 -0.001968762
26.57 0.0007685098
26.58 0.003290186
26.59 0.004167964
26.6 0.005302626
26.61 0.005212333
26.62 0.005392568
26.63 0.003685556
26.64 0.002168898
26.65 0.0007317119
26.66 -0.0005562839
26.67 -0.000260461
26.68 -0.0001804697
26.69 0.001429272
26.7 0.002426985
26.71 0.003287463
26.72 0.002773611
26.73 0.002769336
26.74 0.002637571
26.75 0.001594373
26.76 0.0008870691
26.77 0.0008947695
26.78 0.001516854
26.79 0.002822361
26.8 0.004086932
26.81 0.005522733
26.82 0.007589565
26.83 0.008679973
26.84 0.009500324
26.85 0.01014956
26.86 0.009903476
26.87 0.009804424
26.88 0.009495903
26.89 0.01003556
26.9 0.01075761
26.91 0.01177775
26.92 0.01277778
26.93 0.01403473
26.94 0.01574908
26.95 0.01740872
26.96 0.02054832
26.97 0.02405001
26.98 0.02707514
26.99 0.02954878
27 0.03200829
27.01 0.03222033
27.02 0.0314557
27.03 0.02940505
27.04 0.0252144
27.05 0.02162814
27.06 0.01721354
27.07 0.01270777
27.08 0.009064526
27.09 0.006365949
27.1 0.004925086
27.11 0.003987694
27.12 0.003762502
27.13 0.004267211
27.14 0.004486216
27.15 0.004779235
27.16 0.005182717
27.17 0.004636163
27.18 0.005338825
27.19 0.005209531
27.2 0.004157354
27.21 0.003899721
27.22 0.00207245
27.23 -0.0001434616
27.24 -0.003277023
27.25 -0.005691711
27.26 -0.007438626
27.27 -0.009762538
27.28 -0.01082061
27.29 -0.0115118
27.3 -0.01298334
27.31 -0.01408963
27.32 -0.01518235
27.33 -0.01534137
27.34 -0.01493029
27.35 -0.01412102
27.36 -0.01311724
27.37 -0.01226902
27.38 -0.01104286
27.39 -0.01159539
27.4 -0.01214466
27.41 -0.01284632
27.42 -0.01371327
27.43 -0.01493981
27.44 -0.01685767
27.45 -0.01860228
27.46 -0.01980059
27.47 -0.020443
27.48 -0.02020342
27.49 -0.01979392
27.5 -0.01850429
27.51 -0.01605714
27.52 -0.01373857
27.53 -0.01153168
27.54 -0.008542981
27.55 -0.00431038
27.56 -0.0004997669
27.57 0.00427018
27.58 0.009335168
27.59 0.0125995
27.6 0.01485449
27.61 0.01523225
27.62 0.01401688
27.63 0.01185993
27.64 0.008789255
27.65 0.006144705
27.66 0.003292866
27.67 0.0007800906
27.68 -0.00200641
27.69 -0.004148824
27.7 -0.006079945
27.71 -0.00698572
27.72 -0.006882131
27.73 -0.005862051
27.74 -0.003933974
27.75 -0.00270579
27.76 -0.001270818
27.77 -0.0004945414
27.78 -0.00108183
27.79 -0.002075701
27.8 -0.003104666
27.81 -0.005004861
27.82 -0.006763738
27.83 -0.008542189
27.84 -0.01024682
27.85 -0.01178386
27.86 -0.01236925
27.87 -0.01260038
27.88 -0.01112144
27.89 -0.007972695
27.9 -0.004222981
27.91 -6.187506e-05
27.92 0.004911989
27.93 0.009333152
27.94 0.01321207
27.95 0.01567988
27.96 0.0163691
27.97 0.01598704
27.98 0.01318502
27.99 0.01071709
28 0.007775824
28.01 0.005084927
28.02 0.00237862
28.03 -0.0002835379
28.04 -0.001699555
28.05 -0.002260012
28.06 -0.002479015
28.07 -0.003151097
28.08 -0.003640182
28.09 -0.00477184
28.1 -0.006553586
28.11 -0.008306851
28.12 -0.0100603
28.13 -0.01111139
28.14 -0.01212051
28.15 -0.01250746
28.16 -0.01278089
28.17 -0.01259738
28.18 -0.01152103
28.19 -0.01073554
28.2 -0.008854192
28.21 -0.007188952
28.22 -0.00571421
28.23 -0.004369884
28.24 -0.003939034
28.25 -0.003844705
28.26 -0.003648667
28.27 -0.003566391
28.28 -0.003323653
28.29 -0.003353123
28.3 -0.002302057
28.31 -0.0008297326
28.32 0.0001234914
28.33 0.001608171
28.34 0.002690595
28.35 0.003554983
28.36 0.004641967
28.37 0.00480893
28.38 0.004953729
28.39 0.00567459
28.4 0.005706894
28.41 0.007230072
28.42 0.009123691
28.43 0.01082762
28.44 0.01260335
28.45 0.01411846
28.46 0.01417948
28.47 0.01369135
28.48 0.01169107
28.49 0.008396182
28.5 0.00545341
28.51 0.001938522
28.52 -0.0009939695
28.53 -0.003279866
28.54 -0.004817935
28.55 -0.00513621
28.56 -0.004646067
28.57 -0.003110271
28.58 -0.0006093919
28.59 0.001913657
28.6 0.004672444
28.61 0.006725852
28.62 0.00925892
28.63 0.01112156
28.64 0.0125593
28.65 0.0147578
28.66 0.01597698
28.67 0.01681776
28.68 0.01781116
28.69 0.01800678
28.7 0.01773481
28.71 0.01707588
28.72 0.01712677
28.73 0.01648332
28.74 0.01495805
28.75 0.01404137
28.76 0.01261892
28.77 0.01121456
28.78 0.008916849
28.79 0.006791362
28.8 0.004184226
28.81 0.002480839
28.82 0.001109479
28.83 0.000308806
28.84 0.0002317576
28.85 0.0002311017
28.86 6.559007e-05
28.87 0.0004627917
28.88 0.001556915
28.89 0.001906803
28.9 0.003015476
28.91 0.004065933
28.92 0.00534693
28.93 0.006168389
28.94 0.005974934
28.95 0.005715666
28.96 0.00562757
28.97 0.005138731
28.98 0.004282693
28.99 0.003279555
29 0.001727322
29.01 0.0002515886
29.02 -0.002038915
29.03 -0.003175164
29.04 -0.004230631
29.05 -0.005294451
29.06 -0.00560192
29.07 -0.005639769
29.08 -0.00466409
29.09 -0.004751471
29.1 -0.003986643
29.11 -0.003542328
29.12 -0.003632289
29.13 -0.0040617
29.14 -0.005379841
29.15 -0.00662829
29.16 -0.008572462
29.17 -0.01003161
29.18 -0.01140724
29.19 -0.01145432
29.2 -0.01130101
29.21 -0.01023186
29.22 -0.008069083
29.23 -0.005920763
29.24 -0.004152581
29.25 -0.002853577
29.26 -0.001678021
29.27 -0.00178279
29.28 -0.001690977
29.29 -0.002298459
29.3 -0.002942563
29.31 -0.004049388
29.32 -0.005442907
29.33 -0.00637181
29.34 -0.008042
29.35 -0.009270026
29.36 -0.01056886
29.37 -0.01231366
29.38 -0.01366272
29.39 -0.01327816
29.4 -0.01328594
29.41 -0.01250351
29.42 -0.01106774
29.43 -0.01035334
29.44 -0.009286431
29.45 -0.00914335
29.46 -0.00826125
29.47 -0.007445001
29.48 -0.006417425
29.49 -0.0047736
29.5 -0.003541145
29.51 -0.001300603
29.52 0.002074638
29.53 0.004577846
29.54 0.007267209
29.55 0.01004426
29.56 0.01272233
29.57 0.01471441
29.58 0.01612124
29.59 0.01642033
29.6 0.01677776
29.61 0.01607419
29.62 0.01522052
29.63 0.01431692
29.64 0.01349479
29.65 0.01266234
29.66 0.01179096
29.67 0.0116648
29.68 0.01125422
29.69 0.01096289
29.7 0.01072203
29.71 0.009708052
29.72 0.009084866
29.73 0.008671904
29.74 0.007621381
29.75 0.00678705
29.76 0.00553256
29.77 0.004245768
29.78 0.002110587
29.79 8.515546e-05
29.8 -0.001913167
29.81 -0.003867653
29.82 -0.005757395
29.83 -0.007606746
29.84 -0.009949098
29.85 -0.01299473
29.86 -0.01593192
29.87 -0.01842485
29.88 -0.02088279
29.89 -0.02147237
29.9 -0.02101165
29.91 -0.01976455
29.92 -0.01729981
29.93 -0.01441975
29.94 -0.01162562
29.95 -0.00924457
29.96 -0.007217302
29.97 -0.005649771
29.98 -0.00407545
29.99 -0.003063387
30 -0.002290623
30.01 -0.001886058
30.02 -0.001846341
30.03 -0.002454094
30.04 -0.002808934
30.05 -0.003163982
30.06 -0.004436281
30.07 -0.005576412
30.08 -0.006212632
30.09 -0.006015145
30.1 -0.005922883
30.11 -0.005582763
30.12 -0.004437557
30.13 -0.003530646
30.14 -0.002917904
30.15 -0.002001636
30.16 -0.002622285
30.17 -0.003476987
30.18 -0.004184933
30.19 -0.00495572
30.2 -0.004718924
30.21 -0.004669539
30.22 -0.003926998
30.23 -0.002555991
30.24 -0.001171274
30.25 -0.0002248522
30.26 0.001211129
30.27 0.002743287
30.28 0.00263045
30.29 0.002456218
30.3 0.002459418
30.31 0.002469239
30.32 0.001774494
30.33 0.001334018
30.34 0.00144144
30.35 0.001394386
30.36 0.001370585
30.37 0.001454381
30.38 0.0007217186
30.39 0.0004043093
30.4 -0.0001555768
30.41 -0.0005936319
30.42 -0.000414122
30.43 -0.0004196474
30.44 -0.0005250341
30.45 -0.001353436
30.46 -0.001196008
30.47 -0.001248929
30.48 -0.0009288979
30.49 -0.0001248898
30.5 0.0004764877
30.51 0.001617381
30.52 0.002326733
30.53 0.001902032
30.54 0.001780326
30.55 0.001828381
30.56 0.001789982
30.57 0.001231615
30.58 0.000506716
30.59 -4.655744e-05
30.6 -0.0007193675
30.61 -0.001691377
30.62 -0.001572264
30.63 -0.001665285
30.64 -0.002490947
30.65 -0.002619202
30.66 -0.003168834
30.67 -0.003470869
30.68 -0.003273405
30.69 -0.00259311
30.7 -0.001958299
30.71 -0.002121495
30.72 -0.001803775
30.73 -0.002068024
30.74 -0.003188111
30.75 -0.004467697
30.76 -0.00585464
30.77 -0.007010917
30.78 -0.007798986
30.79 -0.008161063
30.8 -0.00839072
30.81 -0.007912577
30.82 -0.00841809
30.83 -0.008520302
30.84 -0.008172459
30.85 -0.007405098
30.86 -0.005835387
30.87 -0.004364937
30.88 -0.002876939
30.89 -0.001444845
30.9 -0.0001755465
30.91 -0.0002664597
30.92 0.0001151049
30.93 0.0009306003
30.94 0.001132893
30.95 0.002226592
30.96 0.003103959
30.97 0.004776177
30.98 0.006542372
30.99 0.00738986
31 0.008292134
31.01 0.008549313
31.02 0.008267366
31.03 0.008275647
31.04 0.008002453
31.05 0.007625376
31.06 0.00758429
31.07 0.008659342
31.08 0.009416016
31.09 0.01016075
31.1 0.01110891
31.11 0.01101909
31.12 0.01108565
31.13 0.01010658
31.14 0.009374296
31.15 0.008418904
31.16 0.007927005
31.17 0.007264835
31.18 0.006007274
31.19 0.005036036
31.2 0.00432615
31.21 0.003557156
31.22 0.004044433
31.23 0.005086154
31.24 0.005991103
31.25 0.007439484
31.26 0.007718931
31.27 0.008479878
31.28 0.008418052
31.29 0.0087624
31.3 0.009012612
31.31 0.00874409
31.32 0.008664561
31.33 0.007263648
31.34 0.006398404
31.35 0.003884478
31.36 0.001452825
31.37 -0.0005380867
31.38 -0.003425874
31.39 -0.004498817
31.4 -0.005409446
31.41 -0.006014137
31.42 -0.005878341
31.43 -0.006136967
31.44 -0.005648064
31.45 -0.00535198
31.46 -0.004772951
31.47 -0.003758349
31.48 -0.003844796
31.49 -0.003743603
31.5 -0.002931027
31.51 -0.001992429
31.52 -0.0005267846
31.53 0.0007835422
31.54 0.001887411
31.55 0.002777376
31.56 0.003170662
31.57 0.002918202
31.58 0.003584989
31.59 0.004506102
31.6 0.004944268
31.61 0.006150741
31.62 0.006719662
31.63 0.007174537
31.64 0.007173875
31.65 0.006264404
31.66 0.005771487
31.67 0.005172109
31.68 0.003722643
31.69 0.002411765
31.7 0.0008727475
31.71 -0.001279644
31.72 -0.002407381
31.73 -0.003929799
31.74 -0.005689861
31.75 -0.006416697
31.76 -0.007301528
31.77 -0.007986815
31.78 -0.008868741
31.79 -0.009297319
31.8 -0.009868121
31.81 -0.01112088
31.82 -0.01082723
31.83 -0.009607071
31.84 -0.007768407
31.85 -0.005520087
31.86 -0.003500391
31.87 -0.001359519
31.88 0.000390895
31.89 0.001579901
31.9 0.002965638
31.91 0.003584497
31.92 0.003630607
31.93 0.003348726
31.94 0.002395383
31.95 0.0007740374
31.96 -0.001094585
31.97 -0.001859663
31.98 -0.002907974
31.99 -0.003029273
32 -0.002973194
32.01 -0.002631087
32.02 -0.001224221
32.03 0.0001607304
32.04 0.001907113
32.05 0.004829857
32.06 0.007219159
32.07 0.008406192
32.08 0.01045069
32.09 0.01179172
32.1 0.0126717
32.11 0.01260707
32.12 0.01241028
32.13 0.01128313
32.14 0.009609897
32.15 0.008158507
32.16 0.006798081
32.17 0.006260981
32.18 0.005191358
32.19 0.005421715
32.2 0.00592501
32.21 0.00608722
32.22 0.006608001
32.23 0.007150936
32.24 0.007335205
32.25 0.00764184
32.26 0.008171576
32.27 0.008543919
32.28 0.009007417
32.29 0.009374229
32.3 0.009802448
32.31 0.01014269
32.32 0.01096613
32.33 0.01108252
32.34 0.01220562
32.35 0.01284603
32.36 0.01308522
32.37 0.01337386
32.38 0.01311769
32.39 0.01247519
32.4 0.01083465
32.41 0.009159911
32.42 0.007276701
32.43 0.005766238
32.44 0.003787955
32.45 0.0009104397
32.46 -0.001410963
32.47 -0.003425216
32.48 -0.00466474
32.49 -0.005637692
32.5 -0.00615849
32.51 -0.005271615
32.52 -0.005136624
32.53 -0.003568279
32.54 -0.002663102
32.55 -0.001423121
32.56 -0.0003287911
32.57 -0.0004972095
32.58 -0.0005038701
32.59 -0.0005988932
32.6 -0.0006246769
32.61 -0.001253234
32.62 -0.00203566
32.63 -0.002557674
32.64 -0.003550355
32.65 -0.004793863
32.66 -0.006311657
32.67 -0.007655775
32.68 -0.008359544
32.69 -0.009181237
32.7 -0.008282213
32.71 -0.007645259
32.72 -0.006569017
32.73 -0.005166216
32.74 -0.003728036
32.75 -0.003252857
32.76 -0.003771805
32.77 -0.003519387
32.78 -0.00376705
32.79 -0.005076161
32.8 -0.006206781
32.81 -0.00808488
32.82 -0.009644632
32.83 -0.01061978
32.84 -0.0121982
32.85 -0.01286617
32.86 -0.01359708
32.87 -0.0142363
32.88 -0.01494615
32.89 -0.01496149
32.9 -0.01454655
32.91 -0.01372866
32.92 -0.01168811
32.93 -0.009382132
32.94 -0.006564127
32.95 -0.003921603
32.96 -0.001582254
32.97 0.001072769
32.98 0.00304785
32.99 0.005185659
33 0.00739945
33.01 0.008761708
33.02 0.009835584
33.03 0.01066721
33.04 0.01072978
33.05 0.01032023
33.06 0.01016061
33.07 0.009743913
33.08 0.009663547
33.09 0.008591962
33.1 0.008059891
33.11 0.008089018
33.12 0.006706992
33.13 0.006228822
33.14 0.005112695
33.15 0.003919201
33.16 0.00286798
33.17 0.001713511
33.18 0.0003018835
33.19 -0.0009145407
33.2 -0.001710046
33.21 -0.003083992
33.22 -0.004068057
33.23 -0.004620803
33.24 -0.005575489
33.25 -0.006622609
33.26 -0.007892652
33.27 -0.008986597
33.28 -0.01000432
33.29 -0.01055052
33.3 -0.01170696
33.31 -0.01246332
33.32 -0.01237614
33.33 -0.01291921
33.34 -0.01261988
33.35 -0.01233802
33.36 -0.01208488
33.37 -0.01177334
33.38 -0.01156654
33.39 -0.01120036
33.4 -0.01161275
33.41 -0.01233324
33.42 -0.01301008
33.43 -0.01364486
33.44 -0.01377255
33.45 -0.01303847
33.46 -0.0120994
33.47 -0.01093458
33.48 -0.009103628
33.49 -0.006621946
33.5 -0.003791116
33.51 -0.001155032
33.52 0.001553355
33.53 0.002934004
33.54 0.003546455
33.55 0.003581857
33.56 0.002881974
33.57 0.002184535
33.58 0.001546823
33.59 0.0008072533
33.6 0.0004594039
33.61 -5.365925e-05
33.62 -0.0005815041
33.63 -0.0001568664
33.64 0.0005917893
33.65 0.000595585
33.66 0.000675494
33.67 0.0004144016
33.68 0.0001719621
33.69 -0.0008556453
33.7 -0.001302412
33.71 -0.001665877
33.72 -0.002764875
33.73 -0.003621219
33.74 -0.005639201
33.75 -0.007054099
33.76 -0.008099687
33.77 -0.00917372
33.78 -0.009649479
33.79 -0.009373849
33.8 -0.009105098
33.81 -0.00885595
33.82 -0.008018909
33.83 -0.006649616
33.84 -0.006040702
33.85 -0.004789331
33.86 -0.003927134
33.87 -0.003521562
33.88 -0.002620364
33.89 -0.002338705
33.9 -0.001216049
33.91 -0.0001876224
33.92 0.000878061
33.93 0.00225805
33.94 0.00354673
33.95 0.004793323
33.96 0.006098001
33.97 0.007032088
33.98 0.008049286
33.99 0.009292212
34 0.01036432
34.01 0.0114466
34.02 0.01312467
34.03 0.01462465
34.04 0.01582905
34.05 0.01713481
34.06 0.0185127
34.07 0.01961796
34.08 0.01968028
34.09 0.02002462
34.1 0.01990795
34.11 0.01880967
34.12 0.0176618
34.13 0.01668169
34.14 0.01540344
34.15 0.01302373
34.16 0.01136753
34.17 0.009729233
34.18 0.006626071
34.19 0.004332959
34.2 0.001581552
34.21 -0.0007702257
34.22 -0.002672963
34.23 -0.004399039
34.24 -0.00527134
34.25 -0.006122559
34.26 -0.006569687
34.27 -0.00713151
34.28 -0.007011288
34.29 -0.006834997
34.3 -0.006691166
34.31 -0.006577383
34.32 -0.005794811
34.33 -0.005195568
34.34 -0.005244087
34.35 -0.005031943
34.36 -0.00450979
34.37 -0.005322388
34.38 -0.005891383
34.39 -0.005224017
34.4 -0.004557963
34.41 -0.003673186
34.42 -0.002686257
34.43 -0.001412914
34.44 -1.774344e-05
34.45 0.0006354259
34.46 0.001313535
34.47 0.001687923
34.48 0.002099318
34.49 0.003238119
34.5 0.003939656
34.51 0.005108496
34.52 0.006820229
34.53 0.008690468
34.54 0.01014778
34.55 0.01105573
34.56 0.01218291
34.57 0.01249053
34.58 0.01233772
34.59 0.01126369
34.6 0.01010367
34.61 0.008530162
34.62 0.007157589
34.63 0.005244114
34.64 0.004010108
34.65 0.003118258
34.66 0.001696915
34.67 0.001831339
34.68 0.001609949
34.69 0.001628384
34.7 0.001477103
34.71 0.001452698
34.72 0.001331567
34.73 0.001297855
34.74 0.001162371
34.75 0.001705354
34.76 0.002277635
34.77 0.002814474
34.78 0.003228833
34.79 0.002657533
34.8 0.002514071
34.81 0.002372133
34.82 0.002351147
34.83 0.00154121
34.84 0.001070669
34.85 0.0009216384
34.86 -5.273919e-05
34.87 -0.0005282707
34.88 -0.00197512
34.89 -0.003557189
34.9 -0.004361262
34.91 -0.00590128
34.92 -0.007347671
34.93 -0.007558335
34.94 -0.007400335
34.95 -0.006693855
34.96 -0.005479998
34.97 -0.004966575
34.98 -0.003886289
34.99 -0.003105386
35 -0.002447482
35.01 -0.001932489
35.02 -0.002176218
35.03 -0.001369938
35.04 -0.001047473
35.05 -0.001107425
35.06 -0.001142318
35.07 -0.0009737579
35.08 -0.0001441163
35.09 -0.0002683638
35.1 -0.000196967
35.11 -0.0004741359
35.12 -0.00141938
35.13 -0.002454902
35.14 -0.003300961
35.15 -0.004892991
35.16 -0.006780724
35.17 -0.008578876
35.18 -0.01032765
35.19 -0.01163226
35.2 -0.01349194
35.21 -0.01425843
35.22 -0.01483365
35.23 -0.01510322
35.24 -0.01542269
35.25 -0.01512168
35.26 -0.01471158
35.27 -0.01429464
35.28 -0.01279552
35.29 -0.0118992
35.3 -0.01067757
35.31 -0.009069873
35.32 -0.007923222
35.33 -0.006795985
35.34 -0.00496822
35.35 -0.003460122
35.36 -0.002042758
35.37 -0.0009101417
35.38 0.0001132493
35.39 0.0004781689
35.4 0.0004719509
35.41 -0.0001358107
35.42 -0.0005606068
35.43 -0.0003696727
35.44 -0.0004151736
35.45 -0.000324488
35.46 -0.0003137986
35.47 -0.0002655995
35.48 -0.0006300449
35.49 -0.0008505306
35.5 -0.001276096
35.51 -0.002170124
35.52 -0.002881115
35.53 -0.00276331
35.54 -0.002655645
35.55 -0.002592361
35.56 -0.00229946
35.57 -0.001362967
35.58 -0.00138786
35.59 -0.001073291
35.6 -0.0002062737
35.61 -0.0002027907
35.62 -0.0001021122
35.63 -0.0001327133
35.64 3.901864e-05
35.65 -0.0006559376
35.66 -0.0009307103
35.67 -0.001394505
35.68 -0.002394873
35.69 -0.002815038
35.7 -0.002949537
35.71 -0.003827549
35.72 -0.004803822
35.73 -0.00569271
35.74 -0.006934887
35.75 -0.007476611
35.76 -0.008361276
35.77 -0.008803332
35.78 -0.008130971
35.79 -0.008185409
35.8 -0.00807861
35.81 -0.007680412
35.82 -0.007564724
35.83 -0.006589722
35.84 -0.005817576
35.85 -0.004662225
35.86 -0.003632542
35.87 -0.003534648
35.88 -0.002728118
35.89 -0.001931518
35.9 -0.0010345
35.91 0.0008206526
35.92 0.002178333
35.93 0.003707021
35.94 0.005802022
35.95 0.007019972
35.96 0.007813854
35.97 0.009194525
35.98 0.01000728
35.99 0.01048498
36 0.01089379
36.01 0.01149416
36.02 0.0115718
36.03 0.01198959
36.04 0.01219439
36.05 0.01187552
36.06 0.01166262
36.07 0.01151103
36.08 0.01103119
36.09 0.01011458
36.1 0.009675717
36.11 0.008776525
36.12 0.008375329
36.13 0.007482619
36.14 0.007241451
36.15 0.00786227
36.16 0.007996636
36.17 0.008482297
36.18 0.008691373
36.19 0.008525232
36.2 0.007643769
36.21 0.007198268
36.22 0.006380753
36.23 0.006502666
36.24 0.006865244
36.25 0.007175862
36.26 0.007712635
36.27 0.008386663
36.28 0.009046744
36.29 0.009372288
36.3 0.0102557
36.31 0.01104609
36.32 0.01229331
36.33 0.01251343
36.34 0.01300099
36.35 0.01312761
36.36 0.01384616
36.37 0.01414561
36.38 0.01455952
36.39 0.01390769
36.4 0.01303866
36.41 0.01229703
36.42 0.0107528
36.43 0.009677501
36.44 0.008692139
36.45 0.007757834
36.46 0.006234969
36.47 0.006482417
36.48 0.004449629
36.49 0.003092888
36.5 0.002248588
36.51 0.0008541402
36.52 0.0002469235
36.53 -0.00149395
36.54 -0.002074159
36.55 -0.003415377
36.56 -0.003845721
36.57 -0.004268121
36.58 -0.004774629
36.59 -0.004974474
36.6 -0.004442073
36.61 -0.004024574
36.62 -0.00441101
36.63 -0.003833616
36.64 -0.004551311
36.65 -0.004528505
36.66 -0.004389379
36.67 -0.004468624
36.68 -0.003659266
36.69 -0.003269283
36.7 -0.003283699
36.71 -0.002850199
36.72 -0.002948087
36.73 -0.002712164
36.74 -0.002229187
36.75 -0.002233011
36.76 -0.001582253
36.77 -0.001010642
36.78 -0.0001159768
36.79 0.0006466021
36.8 0.001135488
36.81 0.00217798
36.82 0.002942764
36.83 0.003447314
36.84 0.004107035
36.85 0.005087671
36.86 0.005567763
36.87 0.005635332
36.88 0.006224935
36.89 0.005995434
36.9 0.005836831
36.91 0.00544146
36.92 0.004408687
36.93 0.00430404
36.94 0.004497991
36.95 0.004056649
36.96 0.003626922
36.97 0.004287867
36.98 0.004401474
36.99 0.004226357
37 0.003971578
37.01 0.003934584
37.02 0.003431646
37.03 0.002619875
37.04 0.002158412
37.05 0.001387397
37.06 0.0003873359
37.07 -0.001076012
37.08 -0.002011367
37.09 -0.003026698
37.1 -0.004458946
37.11 -0.005433183
37.12 -0.006374147
37.13 -0.007215394
37.14 -0.007759358
37.15 -0.008254307
37.16 -0.008844973
37.17 -0.009664852
37.18 -0.01053095
37.19 -0.01120281
37.2 -0.0122461
37.21 -0.01370237
37.22 -0.0145802
37.23 -0.01622523
37.24 -0.01780975
37.25 -0.01936151
37.26 -0.02085468
37.27 -0.02235149
37.28 -0.02319033
37.29 -0.0233623
37.3 -0.02282989
37.31 -0.02231766
37.32 -0.02119207
37.33 -0.01959661
37.34 -0.01824397
37.35 -0.0167359
37.36 -0.01588219
37.37 -0.01405886
37.38 -0.01313261
37.39 -0.01189142
37.4 -0.01058173
37.41 -0.009334857
37.42 -0.007694462
37.43 -0.006255249
37.44 -0.004161697
37.45 -0.002031737
37.46 -0.0002192876
37.47 0.0009612105
37.48 0.002826002
37.49 0.003640828
37.5 0.004756181
37.51 0.004709925
37.52 0.004446959
37.53 0.00476194
37.54 0.003551568
37.55 0.003895726
37.56 0.003256557
37.57 0.003021526
37.58 0.0022397
37.59 0.001583578
37.6 0.001034254
37.61 0.0006332327
37.62 0.000586062
37.63 -0.0002618645
37.64 -0.0001478685
37.65 -0.000534828
37.66 -0.000747096
37.67 -0.001011394
37.68 -0.001012721
37.69 -0.00188258
37.7 -0.001585251
37.71 -0.002300946
37.72 -0.002481958
37.73 -0.002531286
37.74 -0.003233365
37.75 -0.003102667
37.76 -0.002812688
37.77 -0.001821926
37.78 -0.001851364
37.79 -0.001051412
37.8 -0.0004326458
37.81 0.0009899295
37.82 0.002028959
37.83 0.003181828
37.84 0.00449458
37.85 0.005863909
37.86 0.007932918
37.87 0.008993129
37.88 0.009782854
37.89 0.01044421
37.9 0.01009928
37.91 0.01065003
37.92 0.01077295
37.93 0.01052176
37.94 0.01025484
37.95 0.01015305
37.96 0.009638623
37.97 0.008744958
37.98 0.008316179
37.99 0.00735522
38 0.007232423
38.01 0.006485865
38.02 0.005666282
38.03 0.004910789
38.04 0.005043578
38.05 0.003152997
38.06 0.001992156
38.07 0.0008709227
38.08 -0.0009412899
38.09 -0.001996288
38.1 -0.00332869
38.11 -0.004090517
38.12 -0.004809287
38.13 -0.005257602
38.14 -0.005579309
38.15 -0.005850154
38.16 -0.006443162
38.17 -0.006889947
38.18 -0.006715401
38.19 -0.007154937
38.2 -0.00738663
38.21 -0.007507681
38.22 -0.006953841
38.23 -0.00669318
38.24 -0.005875151
38.25 -0.005265854
38.26 -0.004647977
38.27 -0.003329831
38.28 -0.002374575
38.29 -0.001196942
38.3 -0.0006845688
38.31 0.0007701962
38.32 0.001427411
38.33 0.002097075
38.34 0.00272751
38.35 0.00375946
38.36 0.004621395
38.37 0.005163738
38.38 0.005732577
38.39 0.006279289
38.4 0.007212882
38.41 0.007987534
38.42 0.00885174
38.43 0.009552307
38.44 0.01056506
38.45 0.01164502
38.46 0.01270065
38.47 0.01309541
38.48 0.01345258
38.49 0.01319401
38.5 0.01288132
38.51 0.012419
38.52 0.01127438
38.53 0.01054751
38.54 0.008916778
38.55 0.007094745
38.56 0.00570347
38.57 0.003681106
38.58 0.001593488
38.59 -0.0003033962
38.6 -0.002352636
38.61 -0.003939672
38.62 -0.00510622
38.63 -0.005692925
38.64 -0.005795119
38.65 -0.005877226
38.66 -0.005562509
38.67 -0.00562403
38.68 -0.005134962
38.69 -0.004367492
38.7 -0.003561246
38.71 -0.002512836
38.72 -0.001828654
38.73 -0.001183745
38.74 -0.0003961607
38.75 -5.394627e-05
38.76 0.0004779701
38.77 0.001577339
38.78 0.001990188
38.79 0.002891919
38.8 0.003784277
38.81 0.004669117
38.82 0.00550742
38.83 0.006355451
38.84 0.007131851
38.85 0.008384954
38.86 0.009181813
38.87 0.00949926
38.88 0.009969697
38.89 0.009750356
38.9 0.009442265
38.91 0.009291772
38.92 0.008340455
38.93 0.007723559
38.94 0.007471163
38.95 0.00626604
38.96 0.006893219
38.97 0.006969511
38.98 0.006920843
38.99 0.007528063
39 0.007287893
39.01 0.007025197
39.02 0.007039872
39.03 0.007039464
39.04 0.006096474
39.05 0.005315291
39.06 0.004412825
39.07 0.003812989
39.08 0.003842434
39.09 0.00348837
39.1 0.004134316
39.11 0.004265768
39.12 0.004113713
39.13 0.003820341
39.14 0.003994677
39.15 0.00441661
39.16 0.004781123
39.17 0.005473928
39.18 0.004834135
39.19 0.004727372
39.2 0.004552218
39.21 0.003707531
39.22 0.00298465
39.23 0.001854563
39.24 0.001004575
39.25 0.0002032862
39.26 -0.0002846001
39.27 -0.0002998286
39.28 -0.0003765546
39.29 -0.0005286438
39.3 -0.000472119
39.31 -0.001319398
39.32 -0.00168502
39.33 -0.00229865
39.34 -0.003409983
39.35 -0.003899304
39.36 -0.005244497
39.37 -0.005880325
39.38 -0.006477217
39.39 -0.006490642
39.4 -0.006362754
39.41 -0.005938506
39.42 -0.006020486
39.43 -0.005256927
39.44 -0.005240686
39.45 -0.004568386
39.46 -0.004069981
39.47 -0.004242832
39.48 -0.003659594
39.49 -0.004085399
39.5 -0.004690559
39.51 -0.005766784
39.52 -0.005997436
39.53 -0.006281227
39.54 -0.006503952
39.55 -0.006770157
39.56 -0.006552078
39.57 -0.006721051
39.58 -0.007394864
39.59 -0.007436397
39.6 -0.008189311
39.61 -0.008506953
39.62 -0.009210261
39.63 -0.00946072
39.64 -0.009825249
39.65 -0.00990576
39.66 -0.01040225
39.67 -0.01093559
39.68 -0.01073146
39.69 -0.01142998
39.7 -0.01109685
39.71 -0.01094435
39.72 -0.01065015
39.73 -0.01051083
39.74 -0.009646042
39.75 -0.008407194
39.76 -0.0073009
39.77 -0.006170008
39.78 -0.005071193
39.79 -0.004463173
39.8 -0.00343592
39.81 -0.002561345
39.82 -0.002534618
39.83 -0.002502332
39.84 -0.002398218
39.85 -0.002592174
39.86 -0.00329677
39.87 -0.003818755
39.88 -0.004815068
39.89 -0.005603807
39.9 -0.00609069
39.91 -0.006602499
39.92 -0.007087575
39.93 -0.007561202
39.94 -0.008028718
39.95 -0.008461931
39.96 -0.00892068
39.97 -0.009302968
39.98 -0.009769892
39.99 -0.01007365
40 -0.01060899
40.01 -0.01019715
40.02 -0.0107156
40.03 -0.01057294
40.04 -0.009451106
40.05 -0.009039173
40.06 -0.007969214
40.07 -0.007201512
40.08 -0.00627835
40.09 -0.005467248
40.1 -0.005189019
40.11 -0.005111085
40.12 -0.004831905
40.13 -0.004817049
40.14 -0.003888331
40.15 -0.003425747
40.16 -0.002740018
40.17 -0.00155214
40.18 -0.0005055015
40.19 -4.982233e-05
40.2 -0.0001046506
40.21 2.27781e-05
40.22 5.293959e-05
40.23 9.070672e-06
40.24 -0.001007781
40.25 -0.001622112
40.26 -0.002121226
40.27 -0.003224214
40.28 -0.004459914
40.29 -0.004900195
40.3 -0.005411325
40.31 -0.006164632
40.32 -0.006999788
40.33 -0.006996332
40.34 -0.00736739
40.35 -0.007544975
40.36 -0.007159284
40.37 -0.006926723
40.38 -0.006821735
40.39 -0.00742218
40.4 -0.007065336
40.41 -0.006867589
40.42 -0.006525159
40.43 -0.006359072
40.44 -0.005843734
40.45 -0.004840971
40.46 -0.004034396
40.47 -0.002725081
40.48 -0.00167225
40.49 -0.0008915159
40.5 0.000436668
40.51 0.00194524
40.52 0.003141643
40.53 0.004836851
40.54 0.006168788
40.55 0.00759434
40.56 0.00963368
40.57 0.01130389
40.58 0.01323186
40.59 0.01462574
40.6 0.01564416
40.61 0.01700685
40.62 0.01796608
40.63 0.01868554
40.64 0.01891003
40.65 0.01897894
40.66 0.0193677
40.67 0.01828766
40.68 0.01771646
40.69 0.01686989
40.7 0.01580553
40.71 0.01483023
40.72 0.01452588
40.73 0.01358873
40.74 0.01286522
40.75 0.01271404
40.76 0.01242808
40.77 0.01198193
40.78 0.01092317
40.79 0.01056743
40.8 0.009319432
40.81 0.008186736
40.82 0.00703173
40.83 0.005918769
40.84 0.004429635
40.85 0.003116038
40.86 0.001173906
40.87 -0.0008397516
40.88 -0.002090353
40.89 -0.003339013
40.9 -0.004362758
40.91 -0.004524476
40.92 -0.004351472
40.93 -0.004238064
40.94 -0.004115533
40.95 -0.003977802
40.96 -0.003900623
40.97 -0.003587287
40.98 -0.002628351
40.99 -0.00264211
41 -0.001886667
41.01 -0.0007914766
41.02 -0.0002263712
41.03 0.0006845546
41.04 0.001751267
41.05 0.002476974
41.06 0.00248799
41.07 0.002381255
41.08 0.002587186
41.09 0.003346321
41.1 0.00324995
41.11 0.003377682
41.12 0.004176809
41.13 0.004515128
41.14 0.005902729
41.15 0.006665783
41.16 0.007387157
41.17 0.008584713
41.18 0.009300258
41.19 0.009887372
41.2 0.01021191
41.21 0.01067847
41.22 0.01059829
41.23 0.01082728
41.24 0.01001304
41.25 0.009093731
41.26 0.008099467
41.27 0.00673901
41.28 0.005946966
41.29 0.005067841
41.3 0.004400629
41.31 0.003462214
41.32 0.003498094
41.33 0.003059634
41.34 0.002328175
41.35 0.001499155
41.36 0.001123847
41.37 0.0009298114
41.38 6.091161e-05
41.39 5.38825e-05
41.4 -0.0003662012
41.41 -0.0006878008
41.42 -0.00100163
41.43 -0.000960877
41.44 -0.0009534792
41.45 -0.0009986363
41.46 -0.0009225977
41.47 -0.001059054
41.48 -0.0003182426
41.49 2.122434e-05
41.5 -6.690759e-05
41.51 0.0003328742
41.52 3.590485e-05
41.53 -0.0008457165
41.54 -0.001072916
41.55 -0.00186952
41.56 -0.003264847
41.57 -0.004065834
41.58 -0.004841772
41.59 -0.005256081
41.6 -0.005892977
41.61 -0.006347857
41.62 -0.006378508
41.63 -0.005934747
41.64 -0.005504996
41.65 -0.005039727
41.66 -0.004227208
41.67 -0.003550003
41.68 -0.002226786
41.69 -0.0008688682
41.7 0.000399159
41.71 0.001283148
41.72 0.002252803
41.73 0.002981767
41.74 0.002858399
41.75 0.002836044
41.76 0.002140684
41.77 0.001401544
41.78 0.0007553165
41.79 -5.060592e-06
41.8 -0.0004083628
41.81 -0.0007299786
41.82 -0.00101608
41.83 -0.001421592
41.84 -0.0006099997
41.85 -0.0003071795
41.86 0.0002377868
41.87 0.001276546
41.88 0.001762676
41.89 0.00237779
41.9 0.002976089
41.91 0.003309713
41.92 0.00308798
41.93 0.003051533
41.94 0.002928444
41.95 0.002837238
41.96 0.002761604
41.97 0.002630898
41.98 0.002604746
41.99 0.002406936
42 0.002597371
42.01 0.003230437
42.02 0.003621751
42.03 0.003047846
42.04 0.003073102
42.05 0.003818935
42.06 0.003609437
42.07 0.003584094
42.08 0.002801291
42.09 0.002080431
42.1 0.00130572
42.11 0.0006516798
42.12 -0.0005588579
42.13 -0.000793363
42.14 -0.001013413
42.15 -0.001829147
42.16 -0.001794224
42.17 -0.002362017
42.18 -0.003077255
42.19 -0.003573015
42.2 -0.003910559
42.21 -0.004449273
42.22 -0.005177809
42.23 -0.005342926
42.24 -0.005495033
42.25 -0.005930098
42.26 -0.005644621
42.27 -0.006042061
42.28 -0.00572171
42.29 -0.005785277
42.3 -0.005372481
42.31 -0.004123955
42.32 -0.003762182
42.33 -0.003350575
42.34 -0.003395609
42.35 -0.00325948
42.36 -0.003282829
42.37 -0.003114422
42.38 -0.003333565
42.39 -0.003994021
42.4 -0.004539011
42.41 -0.005055317
42.42 -0.00581014
42.43 -0.00658042
42.44 -0.006290214
42.45 -0.006444105
42.46 -0.006599991
42.47 -0.006827791
42.48 -0.006751796
42.49 -0.006687702
42.5 -0.007472412
42.51 -0.007066907
42.52 -0.007719004
42.53 -0.007793433
42.54 -0.007660842
42.55 -0.007169981
42.56 -0.006827809
42.57 -0.007735338
42.58 -0.007005323
42.59 -0.007352442
42.6 -0.008176681
42.61 -0.008084819
42.62 -0.008168865
42.63 -0.008600778
42.64 -0.008532356
42.65 -0.007926684
42.66 -0.007093309
42.67 -0.006120929
42.68 -0.005077544
42.69 -0.003607167
42.7 -0.002323108
42.71 -0.0005796471
42.72 0.001232022
42.73 0.002401398
42.74 0.004165941
42.75 0.005045076
42.76 0.005945886
42.77 0.006802822
42.78 0.007651242
42.79 0.008033573
42.8 0.008773754
42.81 0.009472758
42.82 0.009158419
42.83 0.009110174
42.84 0.008634533
42.85 0.007586602
42.86 0.005933456
42.87 0.004762073
42.88 0.00254298
42.89 0.0009701134
42.9 -0.0004066597
42.91 -0.001750823
42.92 -0.002590918
42.93 -0.003855268
42.94 -0.004629077
42.95 -0.005463754
42.96 -0.005894241
42.97 -0.00637015
42.98 -0.006440658
42.99 -0.007028154
43 -0.006821207
43.01 -0.006619019
43.02 -0.006422697
43.03 -0.006233238
43.04 -0.006016206
43.05 -0.005897293
43.06 -0.005032488
43.07 -0.004452712
43.08 -0.004282188
43.09 -0.003025562
43.1 -0.002059765
43.11 -0.0008558069
43.12 -0.0001048818
43.13 0.0006019422
43.14 0.001247402
43.15 0.002103008
43.16 0.003181264
43.17 0.003979861
43.18 0.005642454
43.19 0.006865509
43.2 0.008217986
43.21 0.010161
43.22 0.01135794
43.23 0.01292686
43.24 0.01391521
43.25 0.01498462
43.26 0.01568856
43.27 0.0158623
43.28 0.01665114
43.29 0.016521
43.3 0.01612617
43.31 0.01570997
43.32 0.0154155
43.33 0.01438247
43.34 0.01303456
43.35 0.01171899
43.36 0.01054548
43.37 0.009038159
43.38 0.007544736
43.39 0.005955824
43.4 0.004821652
43.41 0.003478247
43.42 0.00221731
43.43 0.002129763
43.44 0.0005099206
43.45 -0.0004526232
43.46 -0.001093906
43.47 -0.001724065
43.48 -0.001974168
43.49 -0.00271723
43.5 -0.0027047
43.51 -0.002587654
43.52 -0.00325128
43.53 -0.003149877
43.54 -0.003394872
43.55 -0.002887343
43.56 -0.002227366
43.57 -0.002543137
43.58 -0.001615799
43.59 -0.001380994
43.6 -0.001161566
43.61 -0.0003823804
43.62 -0.0003610293
43.63 -0.0009974373
43.64 -0.001502714
43.65 -0.001221972
43.66 -0.002041702
43.67 -0.002296504
43.68 -0.002285488
43.69 -0.002144151
43.7 -0.002322759
43.71 -0.001700906
43.72 -0.0008468525
43.73 -0.001085794
43.74 -0.0001173031
43.75 -0.0002781389
43.76 -4.742557e-05
43.77 0.0003613074
43.78 -4.934183e-05
43.79 -0.0002507923
43.8 -0.0009568446
43.81 -0.001278221
43.82 -0.00186518
43.83 -0.002247228
43.84 -0.002717778
43.85 -0.003209526
43.86 -0.002930407
43.87 -0.003035009
43.88 -0.002832452
43.89 -0.003048627
43.9 -0.003782334
43.91 -0.003632756
43.92 -0.003805205
43.93 -0.004467419
43.94 -0.004975326
43.95 -0.005507017
43.96 -0.005657436
43.97 -0.005818526
43.98 -0.006539228
43.99 -0.006057592
44 -0.005447089
44.01 -0.004877381
44.02 -0.003593441
44.03 -0.002673231
44.04 -0.001540789
44.05 -0.0006190638
44.06 3.064897e-05
44.07 0.0006616768
44.08 0.001329952
44.09 0.001763534
44.1 0.001503738
44.11 0.001818843
44.12 0.00243375
44.13 0.002645928
44.14 0.003326412
44.15 0.003293995
44.16 0.003110826
44.17 0.003740533
44.18 0.004042042
44.19 0.003837957
44.2 0.003789855
44.21 0.003659882
44.22 0.003586489
44.23 0.003468263
44.24 0.003400175
44.25 0.003271141
44.26 0.003231853
44.27 0.003051124
44.28 0.003217981
44.29 0.003879174
44.3 0.003811998
44.31 0.003186007
44.32 0.003577753
44.33 0.002856822
44.34 0.002320674
44.35 0.002377844
44.36 0.002221087
44.37 0.002192515
44.38 0.002079898
44.39 0.002026622
44.4 0.001947141
44.41 0.00174141
44.42 0.0007386081
44.43 0.0009264849
44.44 6.291525e-07
44.45 -0.0001735698
44.46 -0.00104295
44.47 -0.0008563816
44.48 -0.0005214903
44.49 -0.001475655
44.5 -0.001187316
44.51 -0.001281794
44.52 -0.001868099
44.53 -0.002303789
44.54 -0.002184249
44.55 -0.00210988
44.56 -0.00281317
44.57 -0.003055067
44.58 -0.003267322
44.59 -0.003663968
44.6 -0.004133226
44.61 -0.004925643
44.62 -0.004592289
44.63 -0.004585337
44.64 -0.004532409
44.65 -0.003744744
44.66 -0.003343709
44.67 -0.002683827
44.68 -0.002229934
44.69 -0.00168465
44.7 -0.001116823
44.71 -0.001361595
44.72 -0.0005693888
44.73 -0.0001951755
44.74 -0.0003220174
44.75 -0.0002377938
44.76 -0.0003400645
44.77 -0.0002408007
44.78 -0.000390159
44.79 -9.413066e-05
44.8 0.0005975604
44.81 0.0007732738
44.82 0.001576514
44.83 0.001410224
44.84 0.002065914
44.85 0.002394756
44.86 0.002225358
44.87 0.002155369
44.88 0.002695933
44.89 0.003094033
44.9 0.002810603
44.91 0.002851372
44.92 0.002651034
44.93 0.002655523
44.94 0.002478223
44.95 0.002480553
44.96 0.001874837
44.97 0.002221602
44.98 0.002231333
44.99 0.001529056
45 0.0007971348
45.01 0.0001215834
45.02 -0.000158194
45.03 -0.0009884571
45.04 -0.0009463314
45.05 -0.001426767
45.06 -0.001589356
45.07 -0.002136086
45.08 -0.001417139
45.09 -0.001209648
45.1 -0.002117597
45.11 -0.001334652
45.12 -0.001912017
45.13 -0.001822886
45.14 -0.002036343
45.15 -0.002843106
45.16 -0.002689886
45.17 -0.003369362
45.18 -0.00369666
45.19 -0.003553747
45.2 -0.003503089
45.21 -0.00349261
45.22 -0.00279358
45.23 -0.001734635
45.24 -0.001146905
45.25 -0.000497662
45.26 0.0002046814
45.27 0.0005348841
45.28 0.001020923
45.29 0.001536534
45.3 0.001068533
45.31 0.0003425708
45.32 0.0002323829
45.33 0.000307347
45.34 -0.0004137141
45.35 -0.000856496
45.36 -0.0007129457
45.37 -0.0008260035
45.38 -0.0007379364
45.39 -0.0008304687
45.4 -0.0007516474
45.41 -0.0008374787
45.42 -0.001170566
45.43 -0.001497627
45.44 -0.001806714
45.45 -0.001251585
45.46 -0.00169122
45.47 -0.001661593
45.48 -0.00230928
45.49 -0.002662535
45.5 -0.003110969
45.51 -0.00414735
45.52 -0.005126016
45.53 -0.006462996
45.54 -0.006967266
45.55 -0.006838691
45.56 -0.007278314
45.57 -0.007613669
45.58 -0.007234823
45.59 -0.00721136
45.6 -0.006919077
45.61 -0.00686091
45.62 -0.0065929
45.63 -0.006530669
45.64 -0.006261279
45.65 -0.006236815
45.66 -0.005788478
45.67 -0.004902259
45.68 -0.004727642
45.69 -0.004677967
45.7 -0.004311746
45.71 -0.003403951
45.72 -0.003318874
45.73 -0.003211195
45.74 -0.0031165
45.75 -0.003017814
45.76 -0.002928379
45.77 -0.002815861
45.78 -0.00277074
45.79 -0.002469903
45.8 -0.001579738
45.81 -0.001424079
45.82 -0.000269218
45.83 0.000454277
45.84 0.0006883166
45.85 0.001527163
45.86 0.001442241
45.87 0.001548171
45.88 0.0008478332
45.89 0.000317219
45.9 -0.0006034841
45.91 -0.001336055
45.92 -0.001844118
45.93 -0.002865854
45.94 -0.00322442
45.95 -0.003921083
45.96 -0.003720859
45.97 -0.003678531
45.98 -0.003449879
45.99 -0.003486711
46 -0.002483831
46.01 -0.0009811929
46.02 -0.0001125855
46.03 0.001025715
46.04 0.001861043
46.05 0.003443804
46.06 0.003641806
46.07 0.004263212
46.08 0.004435681
46.09 0.003835558
46.1 0.003604523
46.11 0.003110467
46.12 0.002468912
46.13 0.001706777
46.14 0.001343374
46.15 0.0008668414
46.16 0.0001238383
46.17 -0.000377574
46.18 -0.0006813627
46.19 -0.00129009
46.2 -0.001480245
46.21 -0.002167035
46.22 -0.002091157
46.23 -0.0019694
46.24 -0.001928656
46.25 -0.001770341
46.26 -0.001799122
46.27 -0.001001274
46.28 -0.0005340401
46.29 -0.0005879135
46.3 -0.0004629332
46.31 -0.0004508921
46.32 -0.0007798483
46.33 -0.0004440784
46.34 5.407332e-07
46.35 0.0002679467
46.36 0.0009031929
46.37 0.001966134
46.38 0.003338264
46.39 0.004352117
46.4 0.005221568
46.41 0.005711527
46.42 0.006338568
46.43 0.006232855
46.44 0.006131251
46.45 0.006005942
46.46 0.005938256
46.47 0.005650787
46.48 0.004681095
46.49 0.00475095
46.5 0.003923261
46.51 0.003503452
46.52 0.003507677
46.53 0.003462846
46.54 0.003352028
46.55 0.00341594
46.56 0.003136571
46.57 0.004131316
46.58 0.004504548
46.59 0.004532429
46.6 0.005074547
46.61 0.004856392
46.62 0.00584266
46.63 0.005403
46.64 0.006185485
46.65 0.00625967
46.66 0.006347609
46.67 0.006956992
46.68 0.006969107
46.69 0.00768677
46.7 0.007350451
46.71 0.007946666
46.72 0.008054636
46.73 0.008457935
46.74 0.008681692
46.75 0.008916579
46.76 0.009441595
46.77 0.009813041
46.78 0.009621542
46.79 0.00992427
46.8 0.01040669
46.81 0.009810378
46.82 0.0104026
46.83 0.01034568
46.84 0.01024263
46.85 0.01072293
46.86 0.01084053
46.87 0.01014202
46.88 0.009740902
46.89 0.008913904
46.9 0.007858082
46.91 0.00708277
46.92 0.005876481
46.93 0.004315007
46.94 0.002824525
46.95 0.001451615
46.96 -0.0006191064
46.97 -0.002413161
46.98 -0.003545825
46.99 -0.005085056
47 -0.007110063
47.01 -0.008197572
47.02 -0.01001861
47.03 -0.01151818
47.04 -0.01243816
47.05 -0.01350916
47.06 -0.01406016
47.07 -0.0146343
47.08 -0.01414417
47.09 -0.01451925
47.1 -0.01458182
47.11 -0.0140331
47.12 -0.0144239
47.13 -0.01437418
47.14 -0.01450801
47.15 -0.01478864
47.16 -0.01501805
47.17 -0.01464082
47.18 -0.01422046
47.19 -0.01365863
47.2 -0.01228651
47.21 -0.01098627
47.22 -0.009732352
47.23 -0.008018359
47.24 -0.006841392
47.25 -0.005437811
47.26 -0.00361743
47.27 -0.002298777
47.28 -0.0009921528
47.29 0.0005813121
47.3 0.001959156
47.31 0.002765665
47.32 0.003665851
47.33 0.004972651
47.34 0.005361945
47.35 0.006190005
47.36 0.006691375
47.37 0.007203366
47.38 0.007440521
47.39 0.008418849
47.4 0.009022911
47.41 0.008505938
47.42 0.009210407
47.43 0.008740886
47.44 0.009202192
47.45 0.009250817
47.46 0.008898254
47.47 0.008639834
47.48 0.008391999
47.49 0.007537092
47.5 0.006880016
47.51 0.006279756
47.52 0.005306735
47.53 0.004697075
47.54 0.003752732
47.55 0.003379214
47.56 0.002699629
47.57 0.002121337
47.58 0.002375551
47.59 0.002348079
47.6 0.001703648
47.61 0.0009562572
47.62 0.0009435085
47.63 0.0002648615
47.64 -0.000124437
47.65 -0.000201328
47.66 -0.001169257
47.67 -0.001837812
47.68 -0.001762909
47.69 -0.002324345
47.7 -0.002650913
47.71 -0.002493687
47.72 -0.002507283
47.73 -0.002424452
47.74 -0.002400878
47.75 -0.002341462
47.76 -0.002316005
47.77 -0.001803594
47.78 -0.001145979
47.79 -0.001179547
47.8 -0.001442694
47.81 -0.001392273
47.82 -0.00135749
47.83 -0.001400617
47.84 -0.001190238
47.85 -0.0005397735
47.86 -0.0005881776
47.87 -0.0001062401
47.88 0.0002869996
47.89 2.211528e-05
47.9 0.0002222644
47.91 -0.0001314424
47.92 0.0004937512
47.93 -6.290623e-06
47.94 -0.0009653884
47.95 -0.0008398312
47.96 -0.001645583
47.97 -0.001438963
47.98 -0.001679258
47.99 -0.002192983
48 -0.002165128
48.01 -0.002400782
48.02 -0.002549076
48.03 -0.002750805
48.04 -0.002567245
48.05 -0.002601125
48.06 -0.002295322
48.07 -0.001727166
48.08 -0.00149428
48.09 -0.0009248461
48.1 -0.0007526113
48.11 -0.0004835925
48.12 -0.0002350081
48.13 -0.0001636034
48.14 -0.0002007058
48.15 -0.0005192149
48.16 -0.0002333877
48.17 -0.0003028876
48.18 -0.0009215687
48.19 -0.0008243828
48.2 -0.0009606759
48.21 -0.00151544
48.22 -0.00136261
48.23 -0.001847292
48.24 -0.001971252
48.25 -0.00196222
48.26 -0.0016229
48.27 -0.001982828
48.28 -0.002300887
48.29 -0.002182853
48.3 -0.002708946
48.31 -0.002605635
48.32 -0.002598117
48.33 -0.002372708
48.34 -0.00240208
48.35 -0.001780567
48.36 -0.001534144
48.37 -0.001072124
48.38 -0.0007435061
48.39 -0.0007755331
48.4 -0.0006901485
48.41 -0.0006497097
48.42 -0.0006994913
48.43 -0.001164581
48.44 -0.001041053
48.45 -0.001025828
48.46 -0.0009095081
48.47 -0.0008988248
48.48 -0.0007743799
48.49 -0.000797062
48.5 -0.0005548567
48.51 -0.0001260578
48.52 6.327802e-05
48.53 0.0004755315
48.54 0.0008602288
48.55 0.001073431
48.56 0.000998317
48.57 0.001000334
48.58 0.0009831311
48.59 0.0009462147
48.6 0.0009754406
48.61 0.000596368
48.62 0.000374454
48.63 0.0004553531
48.64 0.0004055057
48.65 0.0004699097
48.66 0.0003927778
48.67 0.0007889247
48.68 0.0009185344
48.69 0.001201451
48.7 0.001382186
48.71 0.001288789
48.72 0.001256972
48.73 0.001251994
48.74 0.0008786073
48.75 0.0006913964
48.76 0.0004333747
48.77 -6.910044e-05
48.78 -0.0004679153
48.79 -0.0008652
48.8 -0.001066335
48.81 -0.001281555
48.82 -0.001307155
48.83 -0.00155591
48.84 -0.001452818
48.85 -0.001345674
48.86 -0.001253724
48.87 -0.001152784
48.88 -0.001057505
48.89 -0.0009869695
48.9 -0.0006318915
48.91 -0.0003685606
48.92 -0.0003856714
48.93 -0.0002121215
48.94 0.0001617427
48.95 0.0001590221
48.96 0.0004741973
48.97 0.0006403957
48.98 0.0006307933
48.99 0.0006252598
49 0.0007395426
49.01 0.0008007403
49.02 0.0006247508
49.03 0.0008620013
49.04 0.0006902859
49.05 0.0006825095
49.06 0.0006974404
49.07 0.0006955966
49.08 0.0007116201
49.09 0.0007045245
49.1 0.0007243113
49.11 0.0007074214
49.12 0.0007440594
49.13 0.0005182098
49.14 0.000390106
49.15 0.0004614745
49.16 0.0004352881
49.17 0.0005042658
49.18 0.0002815387
49.19 0.0001975803
49.2 0.0002475414
49.21 0.0002736794
49.22 0.0002945864
49.23 0.0003341278
49.24 0.0003337458
49.25 0.0004284701
49.26 0.0007899105
49.27 0.0008510632
49.28 0.001117784
49.29 0.001239223
49.3 0.001457991
49.31 0.001643169
49.32 0.001592993
49.33 0.001851412
49.34 0.001779765
49.35 0.001613536
49.36 0.001564402
49.37 0.001495803
49.38 0.00142738
49.39 0.001379437
49.4 0.001265018
49.41 0.001014022
49.42 0.0009789358
49.43 0.0009301565
49.44 0.0008928259
49.45 0.000849097
49.46 0.000812204
49.47 0.0007677242
49.48 0.0007654792
49.49 0.0009222789
49.5 0.0008324286
49.51 0.0009551436
49.52 0.0009584846
49.53 0.000935141
49.54 0.001042733
49.55 0.0009682528
49.56 0.0009346435
49.57 0.001050894
49.58 0.0009149922
49.59 0.000712778
49.6 0.0007243078
49.61 0.0006204757
49.62 0.0004930756
49.63 0.0003258461
49.64 0.0002715271
49.65 0.0002522704
49.66 0.0002726201
49.67 0.0002209912
49.68 0.0002895429
49.69 0.0002892899
49.7 0.0003806294
49.71 0.0003176361
49.72 0.0002923287
49.73 0.0002096517
49.74 0.0002657044
49.75 0.0002526376
49.76 7.18987e-05
49.77 8.113311e-05
49.78 1.325838e-05
49.79 8.923138e-06
49.8 -0.0001351119
49.81 -0.0001460213
49.82 -0.000211795
49.83 -0.000191649
49.84 -0.0002495374
49.85 -0.0002931517
49.86 -0.0002865851
49.87 -0.0003935039
49.88 -0.0004545343
49.89 -0.0004329055
49.9 -0.0005323663
49.91 -0.0005628962
49.92 -0.0005789991
49.93 -0.0006567018
49.94 -0.0006680083
49.95 -0.0007343528
49.96 -0.0007799995
49.97 -0.000819585
49.98 -0.0008635543
49.99 -0.0008829947
50 -0.0009276565
50.01 -0.0009095835
50.02 -0.0008857527
50.03 -0.00095342
50.04 -0.0008934557
50.05 -0.0008485653
50.06 -0.0008019672
50.07 -0.0007550015
50.08 -0.0007171698
50.09 -0.000657514
50.1 -0.0005496051
50.11 -0.0005255677
50.12 -0.0004746612
50.13 -0.0003865025
50.14 -0.0003538054
50.15 -0.0002554962
50.16 -0.0001834028
50.17 -0.000181594
50.18 -0.000125293
50.19 -9.178127e-05
50.2 -0.0001005414
50.21 -9.27984e-05
50.22 -9.671683e-05
50.23 -9.041144e-05
50.24 -0.0001213726
50.25 -9.186282e-05
50.26 -8.552364e-05
50.27 -0.0001129699
50.28 -8.738426e-05
50.29 -7.928734e-05
50.3 -8.431424e-05
50.31 -6.956783e-05
50.32 -2.715799e-05
50.33 -3.228836e-05
50.34 -5.47007e-05
50.35 -7.070557e-05
50.36 -8.724724e-05
50.37 -7.989414e-05
50.38 -8.92374e-05
50.39 -0.0001250219
50.4 -0.0001145602
50.41 -0.0001214998
50.42 -0.0001468724
50.43 -0.0001412675
50.44 -0.0001227691
50.45 -8.584455e-05
50.46 -7.996589e-05
50.47 -8.104497e-05
50.48 -3.395105e-05
50.49 -3.457165e-05
50.5 -4.124677e-05
50.51 -3.831644e-05
50.52 -4.034794e-05
50.53 -2.115067e-05
50.54 -3.123066e-07
50.55 1.255435e-05
50.56 1.808923e-05
50.57 3.016563e-05
50.58 3.181287e-05
50.59 4.135533e-05
50.6 5.214936e-05
50.61 4.922932e-05
50.62 4.222946e-05
50.63 5.056225e-05
50.64 5.298797e-05
50.65 5.168931e-05
50.66 3.325119e-05
50.67 2.862222e-05
50.68 3.235679e-05
50.69 2.019084e-05
50.7 1.01331e-05
50.71 2.130372e-05
50.72 9.915775e-06
50.73 -1.001752e-05
50.74 -1.688982e-05
50.75 -3.904623e-05
50.76 -5.335345e-05
50.77 -6.329893e-05
50.78 -7.593504e-05
50.79 -9.971222e-05
50.8 -0.0001098255
50.81 -0.0001179828
50.82 -0.0001298298
50.83 -0.0001382355
50.84 -0.0001395266
50.85 -0.0001425339
50.86 -0.0001341527
50.87 -0.0001297994
50.88 -0.0001312504
50.89 -0.0001232908
50.9 -0.0001149434
50.91 -0.0001096827
50.92 -0.0001103863
50.93 -0.0001015624
50.94 -9.977388e-05
50.95 -9.733174e-05
50.96 -9.476171e-05
50.97 -8.644244e-05
50.98 -7.803473e-05
50.99 -7.048629e-05
51 -6.31743e-05
51.01 -5.634725e-05
51.02 -5.022538e-05
51.03 -4.297482e-05
51.04 -3.248872e-05
51.05 -2.830434e-05
51.06 -2.741119e-05
51.07 -2.627546e-05
51.08 -2.008496e-05
51.09 -2.078787e-05
51.1 -1.742451e-05
51.11 -1.413084e-05
51.12 -1.02165e-05
51.13 -8.021363e-06
51.14 -7.034595e-06
51.15 -3.687898e-06
51.16 1.307088e-06
51.17 5.106865e-06
51.18 1.912679e-06
51.19 4.428482e-06
51.2 4.986849e-06
51.21 4.645047e-06
51.22 4.887014e-06
51.23 6.63842e-06
51.24 9.942048e-06
51.25 1.0399e-05
51.26 1.202722e-05
51.27 1.420265e-05
51.28 1.604125e-05
51.29 1.74325e-05
51.3 1.904141e-05
51.31 2.135315e-05
51.32 2.160783e-05
51.33 2.296983e-05
51.34 2.337859e-05
51.35 2.373549e-05
51.36 2.405711e-05
51.37 2.351102e-05
51.38 2.301965e-05
51.39 2.275097e-05
51.4 2.192285e-05
51.41 2.072782e-05
51.42 2.024547e-05
51.43 1.873141e-05
51.44 1.765544e-05
51.45 1.679522e-05
51.46 1.580732e-05
51.47 1.500888e-05
51.48 1.401058e-05
51.49 1.303388e-05
51.5 1.190438e-05
51.51 1.095157e-05
51.52 9.867031e-06
51.53 8.594513e-06
51.54 7.463437e-06
51.55 6.375099e-06
51.56 5.22098e-06
51.57 4.16914e-06
51.58 3.273939e-06
51.59 2.480481e-06
51.6 1.808995e-06
51.61 1.232804e-06
51.62 7.475258e-07
51.63 3.563508e-07
51.64 -4.185019e-08
51.65 -3.181362e-07
51.66 -4.588643e-07
51.67 -6.322737e-07
51.68 -7.121036e-07
51.69 -7.104186e-07
51.7 -7.017591e-07
51.71 -6.495914e-07
51.72 -6.197264e-07
51.73 -5.354107e-07
51.74 -4.4484e-07
51.75 -3.283102e-07
51.76 -1.947951e-07
51.77 -7.206303e-08
51.78 7.65716e-08
51.79 2.116574e-07
51.8 3.535758e-07
51.81 4.981385e-07
51.82 6.348113e-07
51.83 7.661635e-07
51.84 8.990355e-07
51.85 1.026211e-06
51.86 1.149301e-06
51.87 1.267576e-06
51.88 1.383144e-06
51.89 1.494886e-06
51.9 1.602815e-06
51.91 1.70909e-06
51.92 1.813314e-06
51.93 1.915742e-06
51.94 2.0167e-06
51.95 2.116289e-06
51.96 2.214726e-06
51.97 2.312298e-06
51.98 2.409254e-06
51.99 2.505826e-06
