0 -0.003171529
0.02 5.633816e-05
0.04 0.002259099
0.06 0.001911853
0.08 0.001425881
0.1 0.0007195821
0.12 0.0001754573
0.14 -0.001177534
0.16 -0.0009423909
0.18 -0.0002268342
0.2 0.001177216
0.22 0.002429281
0.24 0.001543419
0.26 -0.0003991683
0.28 -0.002962942
0.3 -0.004002842
0.32 -0.002948687
0.34 0.0001485221
0.36 0.003169225
0.38 0.003763342
0.4 0.002598973
0.42 0.00108474
0.44 -0.0003948208
0.46 -0.0008717265
0.48 -0.0003153778
0.5 -0.0003445146
0.52 0.001810163
0.54 0.001448495
0.56 0.0002565417
0.58 0.001356522
0.6 0.003167439
0.62 0.003616649
0.64 0.001537274
0.66 -0.001781406
0.68 -0.006170072
0.7 -0.008407562
0.72 -0.007274978
0.74 -0.003413899
0.76 0.000398214
0.78 0.004833543
0.8 0.006024246
0.82 0.003005405
0.84 -0.001628102
0.86 -0.001629794
0.88 0.00336651
0.9 0.007543748
0.92 0.008532463
0.94 0.005465652
0.96 0.001868435
0.98 -0.003198605
1 -0.006456171
1.02 -0.00630592
1.04 -0.002230716
1.06 -0.0007534553
1.08 0.0007697004
1.1 0.003015012
1.12 0.004161778
1.14 0.002764661
1.16 0.001797978
1.18 -0.001317849
1.2 -0.00624418
1.22 -0.007195576
1.24 -0.006423175
1.26 -0.00434416
1.28 -0.003941009
1.3 -0.002256742
1.32 -0.003461119
1.34 -0.004042281
1.36 -0.0008229267
1.38 0.004751603
1.4 0.007323249
1.42 0.008439352
1.44 0.00852117
1.46 0.004590302
1.48 -0.000208588
1.5 -0.002719623
1.52 -0.00410356
1.54 -0.002913023
1.56 -0.0007494093
1.58 -0.001774319
1.6 -0.004866773
1.62 -0.008701791
1.64 -0.009198352
1.66 -0.005429279
1.68 -0.001938667
1.7 0.0009950198
1.72 0.007270223
1.74 0.008130242
1.76 0.001662579
1.78 -0.002726328
1.8 -0.003342259
1.82 -0.002709714
1.84 0.003020787
1.86 0.006699046
1.88 0.007634521
1.9 0.009742992
1.92 0.00884144
1.94 0.003585504
1.96 -0.007904674
1.98 -0.0161839
2 -0.01642756
2.02 -0.01217303
2.04 -0.01010946
2.06 -0.01127522
2.08 -0.009126996
2.1 -0.000731278
2.12 0.01129257
2.14 0.01127634
2.16 0.003823298
2.18 0.005035144
2.2 0.01617771
2.22 0.01108288
2.24 -0.007080177
2.26 -0.008896723
2.28 -0.007513533
2.3 -0.001110926
2.32 0.0154009
2.34 0.01293154
2.36 -0.01132604
2.38 -0.01871996
2.4 -0.01462461
2.42 -0.01390342
2.44 -0.01673591
2.46 0.002198392
2.48 0.0247792
2.5 0.02019943
2.52 0.008553112
2.54 0.001736486
2.56 -0.002627043
2.58 -0.0109645
2.6 -0.01439779
2.62 -0.007078244
2.64 0.009629377
2.66 0.01468758
2.68 0.01101559
2.7 0.003731786
2.72 -0.006140783
2.74 -0.01134379
2.76 -0.01018506
2.78 0.003778736
2.8 0.01547814
2.82 0.01991717
2.84 0.01418171
2.86 -0.007695252
2.88 -0.02387348
2.9 -0.02893983
2.92 -0.02507506
2.94 -0.005556356
2.96 0.02344529
2.98 0.04147173
3 0.04583832
3.02 0.01389191
3.04 -0.04530382
3.06 -0.05940025
3.08 -0.03192249
3.1 0.01133261
3.12 0.03478646
3.14 0.0256513
3.16 0.01200979
3.18 0.007319785
3.2 0.004179164
3.22 -0.02161668
3.24 -0.03489407
3.26 -0.01087822
3.28 0.0005294182
3.3 0.006127128
3.32 0.002000154
3.34 -0.01273074
3.36 -0.02096933
3.38 -0.009795295
3.4 0.01349838
3.42 0.01891962
3.44 0.01525164
3.46 0.008781715
3.48 0.0002952477
3.5 -0.01450094
3.52 -0.004924231
3.54 0.002212637
3.56 -0.002579397
3.58 -0.007830431
3.6 -0.01342419
3.62 -0.01360583
3.64 -0.01931994
3.66 0.008205692
3.68 0.02874841
3.7 0.03034769
3.72 0.01385012
3.74 -0.003409387
3.76 -0.0002168761
3.78 0.002685953
3.8 -0.001784797
3.82 -0.01856185
3.84 -0.0117667
3.86 0.0061699
3.88 0.01950018
3.9 0.02197154
3.92 0.01896551
3.94 -0.0123741
3.96 -0.03739378
3.98 -0.02580464
4 -0.01817617
4.02 -0.007890592
4.04 0.001937
4.06 0.01001835
4.08 0.006460482
4.1 -0.005564408
4.12 -0.0058389
4.14 0.004919948
4.16 0.01996993
4.18 0.02330419
4.2 0.01921695
4.22 0.007128805
4.24 -0.008171312
4.26 -0.01501971
4.28 -0.040885
4.3 -0.05229075
4.32 -0.0108034
4.34 0.0362807
4.36 0.05828197
4.38 0.07226197
4.4 0.08286882
4.42 0.07948434
4.44 0.06625481
4.46 0.04662376
4.48 0.03139401
4.5 0.02968742
4.52 0.03723324
4.54 0.0448617
4.56 0.04633546
4.58 0.03220934
4.6 -0.01695682
4.62 -0.07722671
4.64 -0.1184001
4.66 -0.1511454
4.68 -0.1467126
4.7 -0.08681935
4.72 -0.01006245
4.74 0.03588535
4.76 0.04210517
4.78 0.03163575
4.8 0.02010043
4.82 0.01699234
4.84 0.01654238
4.86 0.01569665
4.88 0.0140737
4.9 0.009912969
4.92 -0.01389908
4.94 -0.03319048
4.96 -0.03717781
4.98 -0.03410368
5 -0.0240711
5.02 -0.01228618
5.04 -0.004359902
5.06 0.004194689
5.08 0.01636926
5.1 0.02237895
5.12 0.0268107
5.14 0.03159129
5.16 0.04104858
5.18 0.04526919
5.2 0.04825049
5.22 0.05560556
5.24 0.06148366
5.26 0.06205471
5.28 0.07860507
5.3 0.1034602
5.32 0.1035458
5.34 0.06846071
5.36 0.01312658
5.38 -0.02472271
5.4 -0.04307777
5.42 -0.05742729
5.44 -0.05479686
5.46 -0.01436932
5.48 0.02165896
5.5 0.02611111
5.52 0.002878408
5.54 -0.0384501
5.56 -0.07881676
5.58 -0.1176524
5.6 -0.1479965
5.62 -0.1589321
5.64 -0.1408854
5.66 -0.09015588
5.68 -0.01729234
5.7 0.03433786
5.72 0.05843621
5.74 0.04419686
5.76 -0.005885294
5.78 -0.0682044
5.8 -0.1104223
5.82 -0.1172514
5.84 -0.1136479
5.86 -0.0940294
5.88 -0.05964024
5.9 -0.01866293
5.92 0.01110969
5.94 0.01711223
5.96 0.03013339
5.98 0.05974178
6 0.07366769
6.02 0.07405207
6.04 0.06173031
6.06 0.02899223
6.08 0.009288727
6.1 0.007579048
6.12 0.01403753
6.14 0.03191389
6.16 0.04811132
6.18 0.05768489
6.2 0.06221658
6.22 0.04827099
6.24 0.006460012
6.26 -0.02150549
6.28 -0.02503179
6.3 -0.02915376
6.32 -0.02245661
6.34 -0.004296683
6.36 0.003936598
6.38 0.004138399
6.4 0.0008977016
6.42 -0.006551517
6.44 -0.01088871
6.46 -0.008036952
6.48 0.00639997
6.5 0.02006781
6.52 0.03560226
6.54 0.06905606
6.56 0.09178967
6.58 0.07478406
6.6 0.03137985
6.62 -0.0231342
6.64 -0.04998076
6.66 -0.05707603
6.68 -0.04314707
6.7 0.0008157935
6.72 0.02472138
6.74 0.02187645
6.76 0.005873511
6.78 -0.01465312
6.8 -0.03905575
6.82 -0.05629493
6.84 -0.0532157
6.86 -0.02973852
6.88 0.0009888337
6.9 0.03867156
6.92 0.05400915
6.94 0.04143444
6.96 0.03749708
6.98 0.04601291
7 0.05507546
7.02 0.0601029
7.04 0.05868393
7.06 0.053697
7.08 0.03675976
7.1 -0.01358658
7.12 -0.07314962
7.14 -0.09831216
7.16 -0.09403543
7.18 -0.08528398
7.2 -0.07728732
7.22 -0.07126539
7.24 -0.06849318
7.26 -0.06650331
7.28 -0.06071699
7.3 -0.05224093
7.32 -0.04649541
7.34 -0.04102428
7.36 -0.01620884
7.38 0.02897294
7.4 0.07007472
7.42 0.08241455
7.44 0.06732758
7.46 0.02461698
7.48 -0.004792824
7.5 -0.0106039
7.52 0.001014779
7.54 0.02376574
7.56 0.03058635
7.58 0.03277003
7.6 0.02942123
7.62 0.02188839
7.64 0.016112
7.66 0.03042858
7.68 0.04219517
7.7 0.03532636
7.72 0.005856384
7.74 -0.04124735
7.76 -0.07025832
7.78 -0.07792782
7.8 -0.05646818
7.82 -0.01211361
7.84 0.02881273
7.86 0.06383227
7.88 0.08220132
7.9 0.09659646
7.92 0.109225
7.94 0.104798
7.96 0.06929271
7.98 0.0191708
8 -0.01350502
8.02 -0.03851044
8.04 -0.06388205
8.06 -0.0915619
8.08 -0.1155269
8.1 -0.1232862
8.12 -0.1164972
8.14 -0.1012524
8.16 -0.08152573
8.18 -0.03475883
8.2 0.05017135
8.22 0.1146577
8.24 0.1284163
8.26 0.1019533
8.28 0.04144172
8.3 -0.01355067
8.32 -0.02335503
8.34 -0.01108454
8.36 -0.0181298
8.38 -0.05157469
8.4 -0.07804176
8.42 -0.08671086
8.44 -0.08733418
8.46 -0.06929151
8.48 -0.03019911
8.5 0.02192381
8.52 0.07045122
8.54 0.08744533
8.56 0.06996752
8.58 0.04707046
8.6 0.04035059
8.62 0.04081561
8.64 0.04653057
8.66 0.05752096
8.68 0.06204252
8.7 0.05507582
8.72 0.05464324
8.74 0.06526745
8.76 0.07249711
8.78 0.0642187
8.8 0.0142386
8.82 -0.06331719
8.84 -0.1265747
8.86 -0.1676715
8.88 -0.1688232
8.9 -0.1123949
8.92 -0.05366643
8.94 -0.02033497
8.96 0.01283433
8.98 0.04790285
9 0.07922491
9.02 0.1123759
9.04 0.1329971
9.06 0.1341139
9.08 0.1260283
9.1 0.1107078
9.12 0.08679892
9.14 0.05921089
9.16 0.02574154
9.18 -0.006492582
9.2 -0.0341418
9.22 -0.04688373
9.24 -0.04303432
9.26 -0.03989893
9.28 -0.03483675
9.3 -0.01943687
9.32 -0.00133807
9.34 0.006742292
9.36 0.01100276
9.38 0.0160935
9.4 0.009067662
9.42 -0.03312369
9.44 -0.07198374
9.46 -0.08342106
9.48 -0.08046008
9.5 -0.05859849
9.52 -0.03353511
9.54 -0.02533846
9.56 -0.02252537
9.58 -0.04674127
9.6 -0.09765361
9.62 -0.145456
9.64 -0.1747259
9.66 -0.1795333
9.68 -0.1648087
9.7 -0.1322829
9.72 -0.09325984
9.74 -0.02827469
9.76 0.06852835
9.78 0.1402384
9.8 0.165112
9.82 0.1446743
9.84 0.08048252
9.86 0.004222148
9.88 -0.03202565
9.9 -0.02092096
9.92 0.01483303
9.94 0.06714775
9.96 0.09432969
9.98 0.09636862
10 0.08447741
10.02 0.07346237
10.04 0.06802061
10.06 0.06716274
10.08 0.07510646
10.1 0.0776666
10.12 0.07394356
10.14 0.06148931
10.16 0.0361035
10.18 -0.0003931582
10.2 -0.02591463
10.22 -0.03110953
10.24 -0.03479279
10.26 -0.04088632
10.28 -0.04083536
10.3 -0.02583222
10.32 -0.01142272
10.34 -0.004253178
10.36 -0.004283817
10.38 -0.007997675
10.4 -0.007726393
10.42 0.00223489
10.44 0.01760319
10.46 0.0203592
10.48 0.01296518
10.5 0.005623191
10.52 0.02152904
10.54 0.07124687
10.56 0.1143052
10.58 0.1240104
10.6 0.1225191
10.62 0.1054983
10.64 0.04104962
10.66 -0.05068309
10.68 -0.1140873
10.7 -0.146709
10.72 -0.143547
10.74 -0.1076461
10.76 -0.07205222
10.78 -0.05459596
10.8 -0.02336664
10.82 0.006476495
10.84 0.01127761
10.86 -0.007305785
10.88 -0.04035279
10.9 -0.07225738
10.92 -0.09942612
10.94 -0.1243825
10.96 -0.1521571
10.98 -0.1549794
11 -0.1326354
11.02 -0.1100423
11.04 -0.09903453
11.06 -0.07433219
11.08 -0.04532952
11.1 -0.03660751
11.12 -0.02096887
11.14 0.01187409
11.16 0.05805866
11.18 0.1086058
11.2 0.1459908
11.22 0.175275
11.24 0.1910034
11.26 0.1930516
11.28 0.1536285
11.3 0.07197244
11.32 -0.0009871465
11.34 -0.03365265
11.36 -0.02555589
11.38 0.005862149
11.4 0.04656219
11.42 0.07284249
11.44 0.06084933
11.46 0.03175689
11.48 0.01635285
11.5 0.004671815
11.52 -0.002833341
11.54 -0.002481437
11.56 -0.001410432
11.58 -0.004421466
11.6 -0.009420479
11.62 -0.008926793
11.64 0.006771015
11.66 0.02672324
11.68 0.04114401
11.7 0.04501186
11.72 0.04332275
11.74 0.03204667
11.76 0.009067096
11.78 -0.002029472
11.8 0.006582402
11.82 0.0273537
11.84 0.03618793
11.86 0.02924378
11.88 0.005675681
11.9 -0.02060256
11.92 -0.03788542
11.94 -0.04991631
11.96 -0.07068859
11.98 -0.0916659
12 -0.1027961
12.02 -0.107939
12.04 -0.106717
12.06 -0.09915363
12.08 -0.07606488
12.1 -0.0452425
12.12 -0.005765418
12.14 0.04176049
12.16 0.07143843
12.18 0.0799422
12.2 0.08078781
12.22 0.07538795
12.24 0.06411391
12.26 0.04597222
12.28 0.01758668
12.3 -0.02243198
12.32 -0.05796161
12.34 -0.07036477
12.36 -0.06090119
12.38 -0.03244519
12.4 -0.008952523
12.42 0.00146885
12.44 0.006976884
12.46 0.01374972
12.48 0.02119473
12.5 0.02216478
12.52 0.0173749
12.54 0.00827042
12.56 0.003230636
12.58 0.005277815
12.6 0.008691793
12.62 0.01264433
12.64 0.01316355
12.66 0.00709765
12.68 0.0002075903
12.7 -0.004646548
12.72 -0.004903547
12.74 -0.002841065
12.76 0.01050262
12.78 0.03026822
12.8 0.04183099
12.82 0.04280309
12.84 0.03077223
12.86 0.009433878
12.88 -0.01265724
12.9 -0.03139153
12.92 -0.04002374
12.94 -0.03929745
12.96 -0.02906374
12.98 -0.02010197
13 -0.02754792
13.02 -0.04958395
13.04 -0.06626906
13.06 -0.07650879
13.08 -0.08224625
13.1 -0.08246551
13.12 -0.07659534
13.14 -0.06401971
13.16 -0.05046794
13.18 -0.0381422
13.2 -0.02743215
13.22 -0.004083275
13.24 0.02930342
13.26 0.0561509
13.28 0.06615103
13.3 0.06554725
13.32 0.05511372
13.34 0.04543092
13.36 0.04156008
13.38 0.04006686
13.4 0.04771488
13.42 0.06238865
13.44 0.07012031
13.46 0.05939303
13.48 0.03406547
13.5 0.01177853
13.52 0.0008034001
13.54 -0.01094897
13.56 -0.02065013
13.58 -0.02481269
13.6 -0.04346741
13.62 -0.06073289
13.64 -0.06639585
13.66 -0.06517077
13.68 -0.05255433
13.7 -0.03046004
13.72 -0.005301679
13.74 0.01935383
13.76 0.04956833
13.78 0.06750714
13.8 0.06966756
13.82 0.06150049
13.84 0.03683085
13.86 0.01807719
13.88 0.01385548
13.9 0.01108625
13.92 0.009495121
13.94 0.008689393
13.96 0.006084382
13.98 -0.0005475864
14 -0.01096579
14.02 -0.01650228
14.04 -0.01664399
14.06 -0.01540564
14.08 -0.01407957
14.1 -0.01254541
14.12 -0.007865579
14.14 -0.0004378648
14.16 0.01774881
14.18 0.02794889
14.2 0.02611806
14.22 0.01037341
14.24 -0.0148919
14.26 -0.03046213
14.28 -0.03218892
14.3 -0.02478262
14.32 -0.0164216
14.34 -0.01263019
14.36 -0.01598387
14.38 -0.02387553
14.4 -0.03350017
14.42 -0.03539627
14.44 -0.03107854
14.46 -0.02720551
14.48 -0.02018376
14.5 -0.0005354171
14.52 0.01705049
14.54 0.03314922
14.56 0.0560891
14.58 0.06995404
14.6 0.07231645
14.62 0.06559371
14.64 0.0553081
14.66 0.04399741
14.68 0.02558343
14.7 0.001824655
14.72 -0.01010008
14.74 -0.0113546
14.76 -0.008535235
14.78 -0.004518392
14.8 -0.001322647
14.82 0.004182376
14.84 0.007860581
14.86 0.007111985
14.88 0.0009247499
14.9 -0.005471585
14.92 -0.00973306
14.94 -0.01423729
14.96 -0.01762259
14.98 -0.02266436
15 -0.03368334
15.02 -0.05436273
15.04 -0.07830612
15.06 -0.08786957
15.08 -0.07574166
15.1 -0.04338004
15.12 -0.005737876
15.14 0.01454593
15.16 0.02046406
15.18 0.0200388
15.2 0.006996155
15.22 -0.01726242
15.24 -0.03748689
15.26 -0.04487466
15.28 -0.04257957
15.3 -0.01940916
15.32 0.01057893
15.34 0.03598415
15.36 0.05184728
15.38 0.06097229
15.4 0.06857648
15.42 0.07884288
15.44 0.08950196
15.46 0.09063834
15.48 0.07764364
15.5 0.04867163
15.52 0.01978227
15.54 -0.004904703
15.56 -0.02306061
15.58 -0.02857668
15.6 -0.02570733
15.62 -0.006947398
15.64 0.01219707
15.66 0.02060706
15.68 0.02355802
15.7 0.01862743
15.72 0.01493103
15.74 0.01460779
15.76 0.01894492
15.78 0.02045972
15.8 0.01537613
15.82 -0.003551922
15.84 -0.02828071
15.86 -0.03643756
15.88 -0.03159144
15.9 -0.008303731
15.92 0.0191313
15.94 0.02494642
15.96 0.01917025
15.98 -0.001254142
16 -0.01539941
16.02 -0.0158726
16.04 0.0004648371
16.06 0.02857205
16.08 0.03764708
16.1 0.02472276
16.12 0.0007559092
16.14 -0.01601484
16.16 -0.0216635
16.18 -0.02197043
16.2 -0.01059734
16.22 0.006619334
16.24 0.01233143
16.26 0.005588302
16.28 -0.0158418
16.3 -0.03580617
16.32 -0.04529513
16.34 -0.05069084
16.36 -0.04955549
16.38 -0.04296109
16.4 -0.02826076
16.42 -0.01104409
16.44 -0.0003860184
16.46 0.0003148149
16.48 -0.01642125
16.5 -0.03782075
16.52 -0.04830524
16.54 -0.04989941
16.56 -0.04543988
16.58 -0.02808448
16.6 -0.005325132
16.62 0.00592046
16.64 0.008151293
16.66 0.006930446
16.68 0.004261199
16.7 -0.0009325475
16.72 -0.01166183
16.74 -0.02230544
16.76 -0.02874767
16.78 -0.03414337
16.8 -0.04247872
16.82 -0.05054581
16.84 -0.05402799
16.86 -0.04845156
16.88 -0.03268839
16.9 -0.01877958
16.92 -0.01248608
16.94 -0.01283075
16.96 -0.0153011
16.98 -0.008175294
17 0.01047855
17.02 0.03345211
17.04 0.04658878
17.06 0.04812295
17.08 0.04020274
17.1 0.0197702
17.12 0.002443548
17.14 -0.0031786
17.16 0.001247271
17.18 0.01889846
17.2 0.03412308
17.22 0.0393119
17.24 0.03778709
17.26 0.03072164
17.28 0.02902955
17.3 0.03312087
17.32 0.04167468
17.34 0.04461237
17.36 0.04282949
17.38 0.03376994
17.4 0.009547075
17.42 -0.009809377
17.44 -0.01708291
17.46 -0.01898614
17.48 -0.02054257
17.5 -0.02047312
17.52 -0.02182147
17.54 -0.02292502
17.56 -0.02270869
17.58 -0.01957822
17.6 -0.01333574
17.62 0.0007444299
17.64 0.01867102
17.66 0.02997372
17.68 0.03472497
17.7 0.03193637
17.72 0.01731069
17.74 -0.001456206
17.76 -0.009707919
17.78 -0.01298203
17.8 -0.01492301
17.82 -0.01736582
17.84 -0.0202146
17.86 -0.02287161
17.88 -0.02198515
17.9 -0.01508578
17.92 -0.005721075
17.94 0.0005438504
17.96 0.002853215
17.98 0.005014679
18 0.007698383
18.02 0.01059832
18.04 0.01474981
18.06 0.01554141
18.08 0.01446437
18.1 0.01263458
18.12 0.0106477
18.14 0.008993346
18.16 0.006668849
18.18 0.00612017
18.2 0.007517652
18.22 0.005853094
18.24 -0.0006340243
18.26 -0.006797803
18.28 -0.01150094
18.3 -0.01513614
18.32 -0.01699246
18.34 -0.01470758
18.36 -0.007818421
18.38 0.001349418
18.4 0.01067842
18.42 0.01941377
18.44 0.02882437
18.46 0.03792489
18.48 0.04643993
18.5 0.05208979
18.52 0.05202051
18.54 0.04816397
18.56 0.04198182
18.58 0.03279578
18.6 0.02133003
18.62 0.01616075
18.64 0.01577833
18.66 0.01612521
18.68 0.01783174
18.7 0.01963619
18.72 0.01982905
18.74 0.01487804
18.76 0.007861539
18.78 -0.0007777863
18.8 -0.01288308
18.82 -0.0274435
18.84 -0.04163673
18.86 -0.04922035
18.88 -0.04922334
18.9 -0.04354289
18.92 -0.03688834
18.94 -0.03140474
18.96 -0.02662903
18.98 -0.02148816
19 -0.01253657
19.02 -0.0004036015
19.04 0.007655488
19.06 0.008500118
19.08 0.006730487
19.1 0.003714417
19.12 0.003697146
19.14 0.005326153
19.16 0.009986603
19.18 0.02237457
19.2 0.0344902
19.22 0.04085506
19.24 0.04022069
19.26 0.03416196
19.28 0.01894872
19.3 0.003813009
19.32 -0.002889346
19.34 -0.007011101
19.36 -0.008981676
19.38 -0.007237412
19.4 -0.006018448
19.42 -0.006242785
19.44 -0.01014524
19.46 -0.01693939
19.48 -0.02271458
19.5 -0.02689243
19.52 -0.02585605
19.54 -0.02151487
19.56 -0.01727161
19.58 -0.01627399
19.6 -0.01718581
19.62 -0.01968067
19.64 -0.02298031
19.66 -0.02847907
19.68 -0.03263245
19.7 -0.03356059
19.72 -0.0358841
19.74 -0.03791281
19.76 -0.04059944
19.78 -0.04189784
19.8 -0.04290656
19.82 -0.04612766
19.84 -0.04942017
19.86 -0.0508675
19.88 -0.05067976
19.9 -0.04777475
19.92 -0.03870077
19.94 -0.02418714
19.96 -0.006314645
19.98 0.01307968
20 0.0311062
20.02 0.04344723
20.04 0.05062196
20.06 0.05376362
20.08 0.0522255
20.1 0.04812923
20.12 0.04202969
20.14 0.03571798
20.16 0.0326723
20.18 0.03460322
20.2 0.03785401
20.22 0.03919739
20.24 0.03885575
20.26 0.03658425
20.28 0.03517364
20.3 0.03635892
20.32 0.03995447
20.34 0.04280542
20.36 0.04124282
20.38 0.03597456
20.4 0.03047273
20.42 0.0264244
20.44 0.02545952
20.46 0.02297586
20.48 0.01830839
20.5 0.01210785
20.52 0.003207373
20.54 -0.005805305
20.56 -0.01133876
20.58 -0.01146214
20.6 -0.0106563
20.62 -0.009828022
20.64 -0.01098569
20.66 -0.01303686
20.68 -0.01622636
20.7 -0.01984936
20.72 -0.02356926
20.74 -0.02959233
20.76 -0.03630389
20.78 -0.04252381
20.8 -0.04463722
20.82 -0.04244724
20.84 -0.03726561
20.86 -0.03221963
20.88 -0.02902598
20.9 -0.0278101
20.92 -0.02825479
20.94 -0.02638102
20.96 -0.0220011
20.98 -0.01509465
21 -0.007237557
21.02 -0.0005738652
21.04 0.005032086
21.06 0.006690637
21.08 0.007151706
21.1 0.007505678
21.12 0.01035151
21.14 0.01496398
21.16 0.01686427
21.18 0.01809747
21.2 0.01730088
21.22 0.01721523
21.24 0.01381865
21.26 0.007149923
21.28 0.003197448
21.3 0.003439215
21.32 0.00897274
21.34 0.01721538
21.36 0.02340783
21.38 0.02739503
21.4 0.02653826
21.42 0.02493484
21.44 0.02506134
21.46 0.02723396
21.48 0.03049595
21.5 0.03100903
21.52 0.03013185
21.54 0.02517875
21.56 0.01714933
21.58 0.007717409
21.6 -0.002060291
21.62 -0.009239032
21.64 -0.01444408
21.66 -0.01942063
21.68 -0.02603123
21.7 -0.03288154
21.72 -0.03789788
21.74 -0.04160658
21.76 -0.04200336
21.78 -0.0413281
21.8 -0.04014998
21.82 -0.03929725
21.84 -0.03884129
21.86 -0.03773866
21.88 -0.03460929
21.9 -0.02971633
21.92 -0.02418385
21.94 -0.01534553
21.96 -0.004993539
21.98 0.003879452
22 0.007897242
22.02 0.009330352
22.04 0.0103575
22.06 0.009147791
22.08 0.00859394
22.1 0.009193708
22.12 0.01225984
22.14 0.01760668
22.16 0.02247515
22.18 0.02532503
22.2 0.02421324
22.22 0.01831765
22.24 0.0112154
22.26 0.00473738
22.28 -0.0003371147
22.3 -0.00471597
22.32 -0.009266188
22.34 -0.01202937
22.36 -0.0133064
22.38 -0.01224458
22.4 -0.01070947
22.42 -0.009801675
22.44 -0.008329813
22.46 -0.005113753
22.48 -0.001613112
22.5 -0.001222452
22.52 -0.002226132
22.54 -0.004359973
22.56 -0.007210875
22.58 -0.01071458
22.6 -0.01360934
22.62 -0.01417136
22.64 -0.01404896
22.66 -0.01430091
22.68 -0.01521687
22.7 -0.01664181
22.72 -0.01876138
22.74 -0.01954576
22.76 -0.01743437
22.78 -0.0111573
22.8 -0.0001188632
22.82 0.01111949
22.84 0.01741901
22.86 0.0200047
22.88 0.01900814
22.9 0.01591753
22.92 0.01419067
22.94 0.01192218
22.96 0.01125407
22.98 0.01120408
23 0.01172122
23.02 0.01374998
23.04 0.01387237
23.06 0.01495866
23.08 0.01876528
23.1 0.02593791
23.12 0.03294428
23.14 0.03719971
23.16 0.0381228
23.18 0.03558502
23.2 0.03354501
23.22 0.03340831
23.24 0.03383567
23.26 0.03285442
23.28 0.02955776
23.3 0.02392836
23.32 0.01670676
23.34 0.008337638
23.36 0.002460379
23.38 -0.001348319
23.4 -0.003185356
23.42 -0.004708235
23.44 -0.006771714
23.46 -0.01005817
23.48 -0.01339563
23.5 -0.01509599
23.52 -0.01344667
23.54 -0.008297734
23.56 -0.002049234
23.58 0.003655603
23.6 0.005262082
23.62 0.00619128
23.64 0.001908278
23.66 -0.004864546
23.68 -0.01040725
23.7 -0.01467699
23.72 -0.01516559
23.74 -0.01252688
23.76 -0.009775965
23.78 -0.008158269
23.8 -0.009964716
23.82 -0.01361634
23.84 -0.01623063
23.86 -0.01651217
23.88 -0.0123353
23.9 -0.007187387
23.92 -0.003405254
23.94 -0.003350202
23.96 -0.00631639
23.98 -0.009687519
24 -0.01250479
24.02 -0.01353196
24.04 -0.01117782
24.06 -0.008051556
24.08 -0.005412846
24.1 -0.005822916
24.12 -0.008683027
24.14 -0.01243972
24.16 -0.01604035
24.18 -0.01902694
24.2 -0.02122099
24.22 -0.0223981
24.24 -0.02397097
24.26 -0.02408423
24.28 -0.02386089
24.3 -0.02310204
24.32 -0.01934133
24.34 -0.01506348
24.36 -0.009820719
24.38 -0.004248494
24.4 0.002127491
24.42 0.007837415
24.44 0.008888999
24.46 0.008724743
24.48 0.008510508
24.5 0.01038931
24.52 0.01517512
24.54 0.01957331
24.56 0.023843
24.58 0.02710186
24.6 0.02794332
24.62 0.02549018
24.64 0.02159171
24.66 0.0165804
24.68 0.01160073
24.7 0.008281611
24.72 0.00644557
24.74 0.00544797
24.76 0.006337371
24.78 0.008224331
24.8 0.00856905
24.82 0.005880289
24.84 0.001632968
24.86 -0.001932994
24.88 -0.004874715
24.9 -0.003737457
24.92 5.90061e-06
24.94 0.002691518
24.96 0.002975036
24.98 0.002197753
25 -0.00166809
25.02 -0.005267713
25.04 -0.007691277
25.06 -0.006875321
25.08 -0.003319645
25.1 0.00191597
25.12 0.004792326
25.14 0.004101742
25.16 0.0007499766
25.18 -0.003859449
25.2 -0.008316894
25.22 -0.01080165
25.24 -0.01246329
25.26 -0.01360063
25.28 -0.01356804
25.3 -0.0153082
25.32 -0.01635681
25.34 -0.01755025
25.36 -0.01846422
25.38 -0.01968624
25.4 -0.02127034
25.42 -0.02265147
25.44 -0.02151217
25.46 -0.01966194
25.48 -0.01588595
25.5 -0.01072582
25.52 -0.006243986
25.54 -0.001030815
25.56 0.001974055
25.58 0.003925267
25.6 0.005431758
25.62 0.007003528
25.64 0.007655259
25.66 0.007855129
25.68 0.009272879
25.7 0.009865449
25.72 0.01037642
25.74 0.01049979
25.76 0.009412419
25.78 0.006833808
25.8 0.004004277
25.82 0.004286767
25.84 0.006972377
25.86 0.009805884
25.88 0.01011795
25.9 0.009048942
25.92 0.006056211
25.94 0.003824399
25.96 0.002526907
25.98 0.002292255
26 0.0004092834
26.02 -0.001226848
26.04 -0.0005577809
26.06 -0.0001865532
26.08 0.004388094
26.1 0.0100062
26.12 0.01599457
26.14 0.01777339
26.16 0.01775193
26.18 0.01670535
26.2 0.01461735
26.22 0.01181333
26.24 0.008520712
26.26 0.006414359
26.28 0.005151545
26.3 0.006346931
26.32 0.007258759
26.34 0.008941706
26.36 0.01237293
26.38 0.01440982
26.4 0.0153808
26.42 0.01615085
26.44 0.01539498
26.46 0.01522662
26.48 0.01478695
26.5 0.01309369
26.52 0.01038962
26.54 0.008121086
26.56 0.008510672
26.58 0.01015792
26.6 0.0107464
26.62 0.01075961
26.64 0.007962715
26.66 0.003351241
26.68 -6.071306e-05
26.7 -0.002942267
26.72 -0.004591662
26.74 -0.006239016
26.76 -0.00822705
26.78 -0.0128477
26.8 -0.01786004
26.82 -0.0219095
26.84 -0.02235018
26.86 -0.02067948
26.88 -0.01989618
26.9 -0.01696271
26.92 -0.0141904
26.94 -0.01256254
26.96 -0.01177618
26.98 -0.01151409
27 -0.01183136
27.02 -0.01040648
27.04 -0.009170291
27.06 -0.008755204
27.08 -0.00898068
27.1 -0.007777132
27.12 -0.005451587
27.14 -0.0024355
27.16 -0.0002007346
27.18 -0.001050448
27.2 -0.003415882
27.22 -0.007014496
27.24 -0.01055293
27.26 -0.0128745
27.28 -0.01215852
27.3 -0.01066632
27.32 -0.006965804
27.34 -0.002860357
27.36 -0.0001686305
27.38 0.001161396
27.4 0.002836183
27.42 0.00404585
27.44 0.003140037
27.46 0.0008704844
27.48 -0.003290148
27.5 -0.00637366
27.52 -0.007283553
27.54 -0.005543485
27.56 -0.004623498
27.58 -0.00421351
27.6 -0.004051383
27.62 -0.003129354
27.64 -0.002855026
27.66 -0.0008232379
27.68 0.002693671
27.7 0.005182418
27.72 0.007375368
27.74 0.009426536
27.76 0.0134514
27.78 0.01777004
27.8 0.02258031
27.82 0.02681019
27.84 0.02965696
27.86 0.03220794
27.88 0.03244248
27.9 0.03094303
27.92 0.03000662
27.94 0.02871832
27.96 0.02640388
27.98 0.02331221
28 0.01808569
28.02 0.01326104
28.04 0.01002453
28.06 0.005325339
28.08 0.002445831
28.1 0.0003996625
28.12 0.001509375
28.14 0.002675187
28.16 0.002915859
28.18 0.002595532
28.2 0.001541825
28.22 0.0004728178
28.24 -0.003236969
28.26 -0.006762135
28.28 -0.01010472
28.3 -0.01220903
28.32 -0.01398999
28.34 -0.01589846
28.36 -0.01619737
28.38 -0.01508356
28.4 -0.01338531
28.42 -0.01173806
28.44 -0.0101367
28.46 -0.009235068
28.48 -0.008457873
28.5 -0.009059715
28.52 -0.009831899
28.54 -0.01152208
28.56 -0.01420574
28.58 -0.01568479
28.6 -0.01823279
28.62 -0.01891317
28.64 -0.01907438
28.66 -0.01830839
28.68 -0.01746592
28.7 -0.01803308
28.72 -0.02036382
28.74 -0.0216562
28.76 -0.02205709
28.78 -0.02153592
28.8 -0.01989784
28.82 -0.01769059
28.84 -0.01434606
28.86 -0.009907053
28.88 -0.005319132
28.9 -0.00169103
28.92 0.002710233
28.94 0.005470315
28.96 0.007586778
28.98 0.008303801
29 0.008503686
29.02 0.009449189
29.04 0.0117105
29.06 0.0128498
29.08 0.01248257
29.1 0.01178995
29.12 0.01020994
29.14 0.008099522
29.16 0.005150667
29.18 0.003109614
29.2 0.004353982
29.22 0.005830909
29.24 0.006142997
29.26 0.006618286
29.28 0.003144134
29.3 -0.0004932165
29.32 -0.002783146
29.34 -0.003672617
29.36 -0.001280747
29.38 0.001056044
29.4 0.003846734
29.42 0.003561106
29.44 0.002270778
29.46 -5.892977e-05
29.48 -0.001864357
29.5 -0.002269324
29.52 -0.002287711
29.54 -6.617682e-05
29.56 0.0006845174
29.58 0.002429712
29.6 0.003395627
29.62 0.004062683
29.64 0.004804198
29.66 0.005253995
29.68 0.006317832
29.7 0.00605057
29.72 0.003701487
29.74 0.000334445
29.76 -0.003384497
29.78 -0.006638318
29.8 -0.007014718
29.82 -0.006516977
29.84 -0.006222218
29.86 -0.005151236
29.88 -0.005204296
29.9 -0.005548054
29.92 -0.006350811
29.94 -0.007029129
29.96 -0.004783105
29.98 -0.001360002
30 0.001850942
30.02 0.004660006
30.04 0.005355632
30.06 0.006072677
30.08 0.006079804
30.1 0.00692129
30.12 0.009890498
30.14 0.01120934
30.16 0.01185193
30.18 0.01215792
30.2 0.01132355
30.22 0.00750772
30.24 0.00499443
30.26 0.002811621
30.28 0.002288352
30.3 0.002672884
30.32 0.001800776
30.34 0.002448468
30.36 0.002606561
30.38 0.003281795
30.4 0.00334401
30.42 0.003443964
30.44 0.004087579
30.46 0.004596555
30.48 0.002854392
30.5 0.0008062288
30.52 -0.001022634
30.54 -0.001403096
30.56 -0.001826397
30.58 -0.0009542981
30.6 0.0003706816
30.62 0.0006420018
30.64 0.0002095227
30.66 -0.001750916
30.68 -0.001590774
30.7 -0.001608111
30.72 -0.001482648
30.74 -0.001010385
30.76 -0.001157261
30.78 -0.0009603957
30.8 -0.00126435
30.82 -0.001458144
30.84 -0.001528518
30.86 -0.001644791
30.88 -0.002435283
30.9 -0.002560735
30.92 -0.0008858858
30.94 0.0006706437
30.96 0.001651893
30.98 0.0002249244
31 -0.002206744
31.02 -0.003849952
31.04 -0.0040366
31.06 -0.003993747
31.08 -0.004057993
31.1 -0.003981478
31.12 -0.004143644
31.14 -0.003756028
31.16 -0.003813132
31.18 -0.004001815
31.2 -0.004381238
31.22 -0.00501464
31.24 -0.006974041
31.26 -0.009529123
31.28 -0.01032981
31.3 -0.009806521
31.32 -0.00775834
31.34 -0.004719738
31.36 -0.002520596
31.38 -0.002577693
31.4 -0.003806769
31.42 -0.005136824
31.44 -0.006577039
31.46 -0.007252253
31.48 -0.008064147
31.5 -0.009133081
31.52 -0.006809492
31.54 -0.004493045
31.56 -0.003348576
31.58 -0.003522966
31.6 -0.003998256
31.62 -0.004191005
31.64 -0.004730553
31.66 -0.003979802
31.68 -0.0008657083
31.7 0.004659665
31.72 0.009253779
31.74 0.01182116
31.76 0.01272287
31.78 0.01284837
31.8 0.01158565
31.82 0.0109186
31.84 0.01077074
31.86 0.01128282
31.88 0.01227532
31.9 0.01209278
31.92 0.01374318
31.94 0.01436134
31.96 0.0140819
31.98 0.01249992
32 0.01223579
32.02 0.01212669
32.04 0.01175444
32.06 0.01166983
32.08 0.01089467
32.1 0.01069684
32.12 0.009758488
32.14 0.008052075
32.16 0.004261804
32.18 0.001420135
32.2 -0.002076374
32.22 -0.004866023
32.24 -0.006835591
32.26 -0.008705199
32.28 -0.007854465
32.3 -0.007191411
32.32 -0.006754795
32.34 -0.006573179
32.36 -0.006921963
32.38 -0.007442106
32.4 -0.008814969
32.42 -0.008491569
32.44 -0.009531912
32.46 -0.01069975
32.48 -0.01237861
32.5 -0.01487857
32.52 -0.0169491
32.54 -0.01788847
32.56 -0.01618296
32.58 -0.01236707
32.6 -0.007552611
32.62 -0.003065566
32.64 0.00078194
32.66 0.000887067
32.68 0.0006372349
32.7 -0.001812737
32.72 -0.002795947
32.74 -0.001591258
32.76 -0.0004314469
32.78 0.002617404
32.8 0.004933897
32.82 0.006715909
32.84 0.005823482
32.86 0.004890257
32.88 0.004923992
32.9 0.004573187
32.92 0.003421684
32.94 0.002015181
32.96 1.707921e-05
32.98 -0.001406762
33 -0.002746963
33.02 -0.001380083
33.04 0.001052698
33.06 0.0026909
33.08 0.005100221
33.1 0.006162124
33.12 0.005706268
33.14 0.004986232
33.16 0.003676638
33.18 0.003413564
33.2 0.00390529
33.22 0.005675077
33.24 0.006976685
33.26 0.006503494
33.28 0.006434223
33.3 0.006555693
33.32 0.006432365
33.34 0.007086275
33.36 0.008395028
33.38 0.009354941
33.4 0.009189796
33.42 0.00726515
33.44 0.004266445
33.46 0.002590681
33.48 0.001033238
33.5 6.194675e-06
33.52 0.0007172327
33.54 0.001330351
33.56 0.003096071
33.58 0.004007031
33.6 0.003916352
33.62 0.003941954
33.64 0.003506516
33.66 0.001611459
33.68 -0.001034317
33.7 -0.004488953
33.72 -0.008056807
33.74 -0.0116318
33.76 -0.01436223
33.78 -0.01573505
33.8 -0.0142335
33.82 -0.0118313
33.84 -0.008372363
33.86 -0.004838971
33.88 -0.003655661
33.9 -0.00446135
33.92 -0.006755217
33.94 -0.007566004
33.96 -0.007794371
33.98 -0.006482536
34 -0.004448542
34.02 -0.001558766
34.04 0.00047319
34.06 0.001340307
34.08 0.001699465
34.1 0.002608403
34.12 0.003283762
34.14 0.003933621
34.16 0.005055742
34.18 0.004060343
34.2 0.004728564
34.22 0.004176867
34.24 0.00188301
34.26 0.001495534
34.28 0.0008989584
34.3 0.0003136035
34.32 0.001481629
34.34 0.003224936
34.36 0.004549022
34.38 0.004613411
34.4 0.002094138
34.42 -0.002460032
34.44 -0.005031323
34.46 -0.006365353
34.48 -0.006358082
34.5 -0.006565011
34.52 -0.007759298
34.54 -0.009628825
34.56 -0.01205119
34.58 -0.01240296
34.6 -0.01086772
34.62 -0.006179667
34.64 -0.001368191
34.66 0.003056705
34.68 0.005631322
34.7 0.0073063
34.72 0.007121818
34.74 0.005309417
34.76 0.003076777
34.78 0.001847817
34.8 0.001987698
34.82 0.002682459
34.84 0.005583481
34.86 0.006229283
34.88 0.004632106
34.9 0.002412731
34.92 -1.880487e-05
34.94 -0.00196788
34.96 -0.001849414
34.98 -0.0006120084
35 -0.0006526618
35.02 0.001146765
35.04 0.002489233
35.06 0.003832721
35.08 0.00458461
35.1 0.00611272
35.12 0.007739769
35.14 0.008082641
35.16 0.006996491
35.18 0.005402382
35.2 0.005137335
35.22 0.002948567
35.24 0.0008016202
35.26 -0.001883886
35.28 -0.004168531
35.3 -0.005295477
35.32 -0.005750242
35.34 -0.006129527
35.36 -0.00586621
35.38 -0.007193074
35.4 -0.006512577
35.42 -0.004907959
35.44 -0.001290881
35.46 0.003288057
35.48 0.006139116
35.5 0.006597255
35.52 0.006019077
35.54 0.005720376
35.56 0.005448197
35.58 0.005705398
35.6 0.00518638
35.62 0.005845462
35.64 0.004762385
35.66 0.003187668
35.68 0.002996072
35.7 0.005239215
35.72 0.007144739
35.74 0.009373604
35.76 0.01057737
35.78 0.01026848
35.8 0.01043388
35.82 0.009961786
35.84 0.01009353
35.86 0.0102467
35.88 0.01095067
35.9 0.01048163
35.92 0.009784124
35.94 0.008352211
35.96 0.0062165
35.98 0.004835589
36 0.003601278
36.02 0.00239919
36.04 0.0005509539
36.06 -0.0008845737
36.08 -0.002780203
36.1 -0.003421449
36.12 -0.004981128
36.14 -0.006628107
36.16 -0.00875958
36.18 -0.009589476
36.2 -0.009479623
36.22 -0.01122254
36.24 -0.01049231
36.26 -0.01016699
36.28 -0.01135134
36.3 -0.01216192
36.32 -0.01492987
36.34 -0.01786368
36.36 -0.01953997
36.38 -0.02074799
36.4 -0.02095017
36.42 -0.01972045
36.44 -0.01924541
36.46 -0.01728448
36.48 -0.01548428
36.5 -0.01456065
36.52 -0.01281582
36.54 -0.01174978
36.56 -0.01010889
36.58 -0.00871563
36.6 -0.007038321
36.62 -0.003903378
36.64 0.0002690789
36.66 0.00465926
36.68 0.008228842
36.7 0.01002259
36.72 0.0104184
36.74 0.00886716
36.76 0.007105786
36.78 0.004971656
36.8 0.003780851
36.82 0.002618542
36.84 0.0005202319
36.86 -0.0007825059
36.88 -0.000901869
36.9 2.174713e-06
36.92 0.001345757
36.94 0.002680807
36.96 0.002769274
36.98 0.002134816
37 0.002011256
37.02 0.001602841
37.04 0.00315757
37.06 0.004164899
37.08 0.004057875
37.1 0.00415444
37.12 0.004040596
37.14 0.003815848
37.16 0.003024209
37.18 0.003898094
37.2 0.005151762
37.22 0.0056865
37.24 0.0056202
37.26 0.005098743
37.28 0.004069158
37.3 0.00355721
37.32 0.004035835
37.34 0.004666604
37.36 0.005370163
37.38 0.005997194
37.4 0.00644993
37.42 0.006222417
37.44 0.005847266
37.46 0.004886924
37.48 0.004162434
37.5 0.002912404
37.52 0.002030944
37.54 0.001296238
37.56 0.0005101598
37.58 -0.0001619434
37.6 -0.0008984947
37.62 -0.0005734581
37.64 -0.0006922612
37.66 -0.0007448344
37.68 -0.001401268
37.7 -0.002503212
37.72 -0.00319987
37.74 -0.003669648
37.76 -0.004217265
37.78 -0.003664006
37.8 -0.002961979
37.82 -0.002460719
37.84 -0.001894437
37.86 -0.001910416
37.88 -0.00186386
37.9 -0.001972292
37.92 -0.001985276
37.94 -0.002347773
37.96 -0.002350963
37.98 -0.002454688
38 -0.002670691
38.02 -0.002331017
38.04 -0.001752051
38.06 -0.0007617587
38.08 5.217126e-06
38.1 0.0005506292
38.12 0.001119388
38.14 0.001560954
38.16 0.001696939
38.18 0.001621831
38.2 0.001585035
38.22 0.001548255
38.24 0.001745024
38.26 0.00163887
38.28 0.001500479
38.3 0.001333939
38.32 0.001010816
38.34 0.000634299
38.36 0.0004114608
38.38 0.0002658813
38.4 8.27879e-05
38.42 7.25762e-05
38.44 0.0001283188
38.46 9.494163e-05
38.48 0.0001215666
38.5 0.0002104318
38.52 0.0002570084
38.54 0.0003698467
38.56 0.000485704
38.58 0.000477183
38.6 0.0004879576
38.62 0.0004656593
38.64 0.0003678871
38.66 0.0002484286
38.68 0.0001234692
38.7 -5.743472e-05
38.72 -0.0002441089
38.74 -0.0004124155
38.76 -0.0005347474
38.78 -0.0005008511
38.8 -0.0004544024
38.82 -0.0003809423
38.84 -0.0003509847
38.86 -0.0003455215
38.88 -0.0003704164
38.9 -0.000366206
38.92 -0.0003235794
38.94 -0.0002399907
38.96 -0.000157572
38.98 -0.0001088783
39 -9.141635e-05
39.02 -7.564515e-05
39.04 -6.124722e-05
39.06 -3.891885e-05
39.08 -5.348565e-06
39.1 8.191876e-06
39.12 3.592012e-05
39.14 3.831281e-05
39.16 2.667511e-05
39.18 2.40221e-05
39.2 1.444194e-05
39.22 1.429336e-05
39.24 1.582693e-05
39.26 1.632804e-05
39.28 1.701222e-05
39.3 1.657753e-05
39.32 1.753471e-05
39.34 1.581083e-05
39.36 1.581887e-05
39.38 1.511298e-05
39.4 1.81369e-05
39.42 1.612403e-05
39.44 1.19242e-05
39.46 7.553254e-06
39.48 1.237018e-07
39.5 -6.402066e-06
39.52 -1.117567e-05
39.54 -1.487114e-05
39.56 -1.87858e-05
39.58 -2.16986e-05
39.6 -2.498855e-05
39.62 -2.804062e-05
39.64 -3.041229e-05
39.66 -3.214091e-05
39.68 -3.246832e-05
39.7 -3.192217e-05
39.72 -3.089899e-05
39.74 -2.966558e-05
39.76 -2.853852e-05
39.78 -2.750583e-05
39.8 -2.6535e-05
39.82 -2.570334e-05
39.84 -2.494732e-05
39.86 -2.42861e-05
39.88 -2.370934e-05
39.9 -2.321719e-05
39.92 -2.280114e-05
39.94 -2.245302e-05
39.96 -2.216188e-05
39.98 -2.190637e-05
