0 -5.421456e-05
0.01 -2.564973e-05
0.02 -5.522489e-05
0.03 -2.360007e-05
0.04 -5.725524e-05
0.05 -2.053043e-05
0.06 -6.132563e-05
0.07 -1.542083e-05
0.08 -6.539603e-05
0.09 -1.745126e-05
0.1 0.0003599535
0.11 9.78183e-05
0.12 -0.0001571769
0.13 9.884782e-05
0.14 -0.0002418274
0.15 0.0004864573
0.16 0.000634362
0.17 -0.0001734733
0.18 1.319147e-05
0.19 -5.718381e-05
0.2 -4.59591e-05
0.21 -9.234409e-06
0.22 -0.0001081697
0.23 0.000193755
0.24 0.0003283996
0.25 -0.0001397757
0.26 2.444897e-05
0.27 -9.284639e-05
0.28 1.221827e-05
0.29 -9.487709e-05
0.3 2.854754e-05
0.31 -0.0001397478
0.32 0.0002223568
0.33 0.0002998814
0.34 -0.000110154
0.35 -7.129408e-06
0.36 -5.710482e-05
0.37 -2.752024e-05
0.38 -4.995566e-05
0.39 -2.24111e-05
0.4 -7.544655e-05
0.41 0.0008598981
0.42 0.0001102025
0.43 -0.0001070529
0.44 2.091615e-06
0.45 -5.808385e-05
0.46 -5.297935e-05
0.47 0.0001347051
0.48 0.0003988896
0.49 -0.0002365659
0.5 0.0002785386
0.51 0.0002642631
0.52 -8.457243e-05
0.53 -2.336796e-05
0.54 -4.478351e-05
0.55 -3.559907e-05
0.56 -3.967463e-05
0.57 -3.661019e-05
0.58 -3.966577e-05
0.59 -3.660136e-05
0.6 -3.863695e-05
0.61 -3.659255e-05
0.62 -3.862815e-05
0.63 -3.760377e-05
0.64 -3.759939e-05
0.65 -3.759502e-05
0.66 -3.657066e-05
0.67 -3.86063e-05
0.68 -3.656195e-05
0.69 -3.859761e-05
0.7 -3.655328e-05
0.71 -3.756896e-05
0.72 -3.552464e-05
0.73 -3.756033e-05
0.74 -3.653603e-05
0.75 -3.653174e-05
0.76 -3.652745e-05
0.77 -3.652318e-05
0.78 -3.65189e-05
0.79 -3.651464e-05
0.8 -3.651038e-05
0.81 -3.650614e-05
0.82 -3.65019e-05
0.83 -3.649767e-05
0.84 -3.547344e-05
0.85 -3.546922e-05
0.86 -3.546502e-05
0.87 -3.546082e-05
0.88 -3.545662e-05
0.89 -3.545243e-05
0.9 -3.544826e-05
0.91 -3.544408e-05
0.92 -3.543992e-05
0.93 -3.543577e-05
0.94 -3.543162e-05
0.95 -3.440748e-05
0.96 -3.440335e-05
0.97 -3.439923e-05
0.98 -3.439511e-05
0.99 -3.4391e-05
1 -3.438691e-05
1.01 -3.438281e-05
1.02 -3.437873e-05
1.03 -3.437465e-05
1.04 -3.437058e-05
1.05 -3.334652e-05
1.06 -3.334247e-05
1.07 -3.333842e-05
1.08 -3.333439e-05
1.09 -3.333035e-05
1.1 -3.332634e-05
1.11 -3.332232e-05
1.12 -3.331831e-05
1.13 -3.331431e-05
1.14 -3.331032e-05
1.15 -3.228634e-05
1.16 -3.228237e-05
1.17 -3.22784e-05
1.18 -3.227444e-05
1.19 -3.329049e-05
1.2 -3.124654e-05
1.21 -3.328262e-05
1.22 -3.021869e-05
1.23 -3.429476e-05
1.24 -2.919085e-05
1.25 -3.530695e-05
1.26 -2.714306e-05
1.27 -3.631916e-05
1.28 -2.509528e-05
1.29 -3.835142e-05
1.3 -2.406755e-05
1.31 -3.93637e-05
1.32 -2.201985e-05
1.33 -3.9356e-05
1.34 -2.099217e-05
1.35 -3.934835e-05
1.36 -2.200454e-05
1.37 -3.730073e-05
1.38 -2.505693e-05
1.39 -3.015314e-05
1.4 -4.136935e-05
1.41 0.0004125344
1.42 5.247819e-05
1.43 -7.093804e-05
1.44 1.485707e-06
1.45 -5.359055e-05
1.46 -7.686812e-06
1.47 -4.644308e-05
1.48 -1.379936e-05
1.49 -4.133565e-05
1.5 -1.889195e-05
1.51 -3.724825e-05
1.52 -2.194457e-05
1.53 -3.316088e-05
1.54 -2.397721e-05
1.55 -3.213354e-05
1.56 -2.396989e-05
1.57 -3.212624e-05
1.58 -2.192259e-05
1.59 -3.517896e-05
1.6 -1.681534e-05
1.61 -4.129173e-05
1.62 -8.648118e-06
1.63 -5.046451e-05
1.64 4.619075e-06
1.65 -6.677734e-05
1.66 2.604624e-05
1.67 -9.73702e-05
1.68 7.603337e-05
1.69 -0.0001963031
1.7 0.0004697605
1.71 0.0006788641
1.72 -0.0001922124
1.73 6.075105e-05
1.74 -8.000544e-05
1.75 9.758062e-06
1.76 -4.837844e-05
1.77 -1.063495e-05
1.78 -3.307147e-05
1.79 -2.0828e-05
1.8 -2.490454e-05
1.81 -2.694108e-05
1.82 -2.081764e-05
1.83 -2.999419e-05
1.84 -1.877076e-05
1.85 -2.896734e-05
1.86 -1.978393e-05
1.87 -2.692052e-05
1.88 -2.181711e-05
1.89 -2.283372e-05
1.9 -2.691034e-05
1.91 -1.670696e-05
1.92 -3.30236e-05
1.93 -8.54024e-06
1.94 -4.219689e-05
1.95 3.706455e-06
1.96 -5.851021e-05
1.97 2.921312e-05
1.98 -0.0001074636
1.99 0.0002250598
2 0.0003301231
2.01 -0.0001043936
2.02 2.106963e-05
2.03 -4.828708e-05
2.04 -3.403819e-06
2.05 -3.298056e-05
2.06 -1.35973e-05
2.07 -2.583405e-05
2.08 -1.869082e-05
2.09 -2.174758e-05
2.1 -2.174437e-05
2.11 -1.868115e-05
2.12 -2.275795e-05
2.13 -1.765474e-05
2.14 -2.275156e-05
2.15 -1.764837e-05
2.16 -2.27452e-05
2.17 -1.662203e-05
2.18 -2.171888e-05
2.19 -1.661572e-05
2.2 -2.171258e-05
2.21 -1.762945e-05
2.22 -2.068632e-05
2.23 -1.76232e-05
2.24 -1.966009e-05
2.25 -1.863699e-05
2.26 -1.86339e-05
2.27 -1.965081e-05
2.28 -1.658774e-05
2.29 -2.168467e-05
2.3 -1.352161e-05
2.31 -2.473855e-05
2.32 -9.435505e-06
2.33 -2.983247e-05
2.34 -2.28944e-06
2.35 -3.798642e-05
2.36 8.936595e-06
2.37 -5.32804e-05
2.38 3.44426e-05
2.39 -0.0001022344
2.4 0.0002302885
2.41 0.0003353515
2.42 -9.91655e-05
2.43 2.629747e-05
2.44 -4.305958e-05
2.45 1.823354e-06
2.46 -2.775371e-05
2.47 -8.370786e-06
2.48 -2.060787e-05
2.49 -1.346496e-05
2.5 -1.652206e-05
2.51 -1.549917e-05
2.52 -1.345628e-05
2.53 -1.75334e-05
2.54 -1.243054e-05
2.55 -1.752767e-05
2.56 -1.140482e-05
2.57 -1.650197e-05
2.58 -1.241913e-05
2.59 -1.649631e-05
2.6 -1.241349e-05
2.61 -1.547067e-05
2.62 -1.240787e-05
2.63 -1.444507e-05
2.64 -1.342228e-05
2.65 -1.34195e-05
2.66 -1.341673e-05
2.67 -1.341396e-05
2.68 -1.23912e-05
2.69 -1.238845e-05
2.7 -1.238572e-05
2.71 -1.238298e-05
2.72 -1.238026e-05
2.73 -1.237754e-05
2.74 -1.237482e-05
2.75 -1.237213e-05
2.76 -1.236943e-05
2.77 -1.134674e-05
2.78 -1.236407e-05
2.79 -9.301395e-06
2.8 -1.337874e-05
2.81 -9.296079e-06
2.82 -1.337343e-05
2.83 -9.290792e-06
2.84 -1.234817e-05
2.85 -9.285541e-06
2.86 -1.030292e-05
2.87 -1.234032e-05
2.88 -6.217718e-06
2.89 -1.641512e-05
2.9 -9.254477e-08
2.91 -2.354997e-05
2.92 8.072598e-06
2.93 -3.374484e-05
2.94 2.235771e-05
2.95 -5.005975e-05
2.96 4.378278e-05
2.97 -8.065468e-05
2.98 9.376783e-05
2.99 -0.0001785696
3 0.0004864728
3.01 0.0006965953
3.02 -0.0001744821
3.03 7.848031e-05
3.04 -6.22772e-05
3.05 2.748526e-05
3.06 -3.167228e-05
3.07 8.110166e-06
3.08 -1.636739e-05
3.09 -2.084958e-06
3.1 -8.202532e-06
3.11 -8.200114e-06
3.12 -3.097703e-06
3.13 -1.22753e-05
3.14 -3.290491e-08
3.15 -1.431052e-05
3.16 2.011861e-06
3.17 -1.532577e-05
3.18 4.056597e-06
3.19 -1.736104e-05
3.2 6.101301e-06
3.21 -1.837636e-05
3.22 9.165974e-06
3.23 -2.04117e-05
3.24 1.121062e-05
3.25 -2.142707e-05
3.26 1.325522e-05
3.27 -2.244247e-05
3.28 1.427981e-05
3.29 -2.243791e-05
3.3 1.326435e-05
3.31 -1.835338e-05
3.32 6.128876e-06
3.33 -4.068875e-06
3.34 -2.548664e-05
3.35 0.0008823157
3.36 0.0001591378
3.37 -8.565996e-05
3.38 5.612225e-05
3.39 -4.995555e-05
3.4 3.776665e-05
3.41 -3.669117e-05
3.42 2.859101e-05
3.43 -2.954682e-05
3.44 2.247534e-05
3.45 -2.44425e-05
3.46 1.941964e-05
3.47 -2.239821e-05
3.48 2.044392e-05
3.49 -2.341395e-05
3.5 2.452816e-05
3.51 -3.054973e-05
3.52 3.473237e-05
3.53 -4.380553e-05
3.54 5.411656e-05
3.55 -7.236137e-05
3.56 0.0001030807
3.57 -0.0001692573
3.58 0.0004957848
3.59 0.0007059068
3.6 -0.000165171
3.61 8.677096e-05
3.62 -5.296702e-05
3.63 3.6795e-05
3.64 -2.236299e-05
3.65 1.741901e-05
3.66 -7.05899e-06
3.67 7.222998e-06
3.68 1.10498e-06
3.69 1.106954e-06
3.7 6.20892e-06
3.71 -1.949121e-06
3.72 8.25283e-06
3.73 -1.945226e-06
3.74 8.25671e-06
3.75 -9.213607e-07
3.76 7.240561e-06
3.77 2.142475e-06
3.78 4.184381e-06
3.79 6.226281e-06
3.8 1.08172e-07
3.81 1.133005e-05
3.82 -3.968067e-06
3.83 1.64338e-05
3.84 -9.064337e-06
3.85 2.255752e-05
3.86 -1.416064e-05
3.87 2.766121e-05
3.88 -2.027696e-05
3.89 3.480486e-05
3.9 -2.639332e-05
3.91 4.194849e-05
3.92 -3.45497e-05
3.93 5.521208e-05
3.94 -6.004612e-05
3.95 -0.0002069243
3.96 0.0003265374
3.97 -0.0006424607
3.98 -0.001061679
3.99 -0.0009066373
4 -0.0006302155
4.01 -0.0002283338
4.02 1.136792e-05
4.03 3.686964e-05
4.04 -5.084865e-05
4.05 0.000619293
4.06 0.001116035
4.07 0.0003347164
4.08 -5.798185e-05
4.09 4.605982e-05
4.1 -1.71785e-05
4.11 3.280315e-05
4.12 -1.513519e-05
4.13 0.0004530465
4.14 0.0005264881
4.15 5.626974e-05
4.16 -5.94863e-06
4.17 2.159299e-05
4.18 3.234604e-06
4.19 1.955621e-05
4.2 2.21781e-06
4.21 2.15994e-05
4.22 1.809875e-07
4.23 2.568256e-05
4.24 -4.915864e-06
4.25 3.18057e-05
4.26 -1.103275e-05
4.27 4.09888e-05
4.28 -2.122965e-05
4.29 5.629188e-05
4.3 -4.672659e-05
4.31 0.000111375
4.32 -0.0006648435
4.33 -0.0008678221
4.34 6.751945e-05
4.35 -3.549905e-05
4.36 6.446243e-05
4.37 -4.671608e-05
4.38 0.0005122454
4.39 2.876685e-05
4.4 7.160831e-05
4.41 -0.0006199502
4.42 -0.001018769
4.43 -0.001067728
4.44 -0.002040806
4.45 -0.001284985
4.46 -0.0009249231
4.47 -0.0004363417
4.48 0.0003306997
4.49 0.0008764012
4.5 0.001252782
4.51 0.001353763
4.52 0.0008896652
4.53 0.001087546
4.54 0.000873348
4.55 0.001697509
4.56 0.00194129
4.57 0.002236072
4.58 0.001759733
4.59 0.0002501347
4.6 -0.000169084
4.61 -0.0009279628
4.62 -0.001562401
4.63 -0.0020367
4.64 -0.001890838
4.65 -0.001966318
4.66 -0.001929596
4.67 -0.001932655
4.68 -0.001975494
4.69 -0.001761292
4.7 -0.0009789512
4.71 -0.0003985699
4.72 0.0002858513
4.73 0.001060032
4.74 0.002224874
4.75 0.002883795
4.76 0.003058216
4.77 0.002706317
4.78 0.002103498
4.79 0.00115796
4.8 -2.523904e-05
4.81 -0.0005025978
4.82 -0.001682737
4.83 -0.001974456
4.84 -0.001907134
4.85 -0.001978533
4.86 -0.001868372
4.87 -0.002063191
4.88 -0.00111153
4.89 0.0001593913
4.9 0.001789352
4.91 0.003015394
4.92 0.003509075
4.93 0.004090475
4.94 0.003733477
4.95 0.002429918
4.96 0.001184499
4.97 -0.00121556
4.98 -0.002677219
4.99 -0.002976078
5 -0.002724136
5.01 -0.001958116
5.02 -0.001872435
5.03 -0.002582353
5.04 -0.002842453
5.05 -0.001854071
5.06 -0.002018291
5.07 -0.001736769
5.08 -0.001271648
5.09 9.515243e-05
5.1 0.002042334
5.11 0.002736954
5.12 0.003095996
5.13 0.004142515
5.14 0.004900377
5.15 0.004856518
5.16 0.003150059
5.17 0.00135588
5.18 0.0003420011
5.19 -0.0001506579
5.2 -0.001120677
5.21 -0.001938716
5.22 -0.001512355
5.23 -0.001703095
5.24 -0.0009340134
5.25 -0.001540913
5.26 -0.002056011
5.27 -0.001835691
5.28 -0.002031529
5.29 -0.001793869
5.3 -0.002744508
5.31 -0.004007267
5.32 -0.003568667
5.33 -0.001655145
5.34 0.0007785752
5.35 0.002252476
5.36 0.002912417
5.37 0.003006257
5.38 0.002919558
5.39 0.003035839
5.4 0.00233918
5.41 0.001896501
5.42 0.002043382
5.43 0.002347342
5.44 0.002200464
5.45 0.001120284
5.46 -8.841523e-05
5.47 -0.001733674
5.48 -0.003102513
5.49 -0.004079673
5.5 -0.004289792
5.51 -0.003663511
5.52 -0.002364031
5.53 -0.00125733
5.54 -0.0007218293
5.55 -4.046863e-05
5.56 0.000681692
5.57 0.0005062528
5.58 -0.0001618465
5.59 0.0003022541
5.6 0.0009193548
5.61 0.001617035
5.62 0.002630916
5.63 0.003612157
5.64 0.004060958
5.65 0.003726398
5.66 0.002912439
5.67 0.001192719
5.68 -0.0006901999
5.69 -0.002866879
5.7 -0.003695118
5.71 -0.003529878
5.72 -0.003430938
5.73 -0.002158997
5.74 -0.001393997
5.75 -0.0001047157
5.76 0.001652745
5.77 0.002071966
5.78 0.001932226
5.79 0.002034227
5.8 0.001944467
5.81 0.002029127
5.82 0.001945488
5.83 0.002031168
5.84 0.001937329
5.85 0.00205463
5.86 0.001800651
5.87 0.000512391
5.88 -0.001386848
5.89 -0.003801188
5.9 -0.005468887
5.91 -0.006407287
5.92 -0.005835066
5.93 -0.005414826
5.94 -0.003326885
5.95 -0.001762205
5.96 -0.0001750846
5.97 0.001087676
5.98 0.001001996
5.99 0.0004399768
6 -0.0001281627
6.01 0.001106038
6.02 0.001326358
6.03 0.001886339
6.04 0.002227019
6.05 0.00235758
6.06 0.00187614
6.07 0.002073001
6.08 0.001889401
6.09 0.002217841
6.1 0.002908381
6.11 0.003053221
6.12 0.002321882
6.13 0.001020362
6.14 -0.000569817
6.15 -0.001887656
6.16 -0.0008564363
6.17 -0.001048196
6.18 -0.0007360756
6.19 1.38476e-06
6.2 5.64651e-05
6.21 -1.697456e-05
6.22 0.0001217458
6.23 -0.0007442338
6.24 -0.002565953
6.25 -0.003618593
6.26 -0.003254453
6.27 -0.001046153
6.28 0.0006460276
6.29 0.001116248
6.3 0.0008337082
6.31 -0.0005443114
6.32 -0.001602051
6.33 -0.002596551
6.34 -0.00297191
6.35 -0.00279953
6.36 -0.001173651
6.37 0.0007684301
6.38 0.00340615
6.39 0.005667491
6.4 0.00597043
6.41 0.005192171
6.42 0.003100151
6.43 0.001750692
6.44 0.001572191
6.45 0.002696232
6.46 0.003006312
6.47 0.002856373
6.48 0.001246812
6.49 -0.0007666671
6.5 -0.002742407
6.51 -0.004505987
6.52 -0.005673887
6.53 -0.006956026
6.54 -0.006610246
6.55 -0.005354626
6.56 -0.003987826
6.57 -0.002750565
6.58 -0.001756066
6.59 -0.0009655656
6.6 -0.0008288854
6.61 0.0002023347
6.62 0.001526295
6.63 0.002852295
6.64 0.004029375
6.65 0.003337815
6.66 0.002721735
6.67 0.002017935
6.68 0.001541596
6.69 0.001886355
6.7 0.002075056
6.71 0.001759875
6.72 0.001076476
6.73 0.000382876
6.74 -0.000158744
6.75 -0.001134884
6.76 -0.001891724
6.77 -0.002438444
6.78 -0.001800943
6.79 -0.0009778037
6.8 -0.0003617236
6.81 0.0002329364
6.82 0.001177457
6.83 0.001848616
6.84 0.0008765565
6.85 -0.0007044435
6.86 -0.002220163
6.87 -0.002838284
6.88 -0.002989243
6.89 -0.002311964
6.9 -0.001183843
6.91 0.0008949165
6.92 0.002104636
6.93 0.003748876
6.94 0.004998376
6.95 0.004922896
6.96 0.004230316
6.97 0.002641156
6.98 0.002078116
6.99 0.001921036
7 0.001532416
7.01 -3.124377e-05
7.02 -0.002669984
7.03 -0.004715084
7.04 -0.006610243
7.05 -0.008112705
7.06 -0.008575783
7.07 -0.007643504
7.08 -0.004335645
7.09 -0.0004698443
7.1 0.002384115
7.11 0.005444116
7.12 0.007076115
7.13 0.006067336
7.14 0.004195635
7.15 0.001561995
7.16 -0.0008717251
7.17 -0.002126325
7.18 -0.002821965
7.19 -0.001598985
7.2 0.0006837745
7.21 0.002930835
7.22 0.003370454
7.23 0.002332094
7.24 0.001191734
7.25 -0.0007126063
7.26 -0.003345227
7.27 -0.005639206
7.28 -0.005786087
7.29 -0.003976607
7.3 -0.001104287
7.31 0.0007786327
7.32 0.002792113
7.33 0.004639332
7.34 0.004425132
7.35 0.003106271
7.36 0.001301892
7.37 0.001072391
7.38 0.002275991
7.39 0.004715831
7.4 0.006013271
7.41 0.00572461
7.42 0.004260911
7.43 0.00156301
7.44 -0.00151637
7.45 -0.00550865
7.46 -0.009230631
7.47 -0.01159091
7.48 -0.01038527
7.49 -0.005302611
7.5 0.001470189
7.51 0.006565088
7.52 0.009771968
7.53 0.01018099
7.54 0.007191368
7.55 0.001600747
7.56 -0.004169393
7.57 -0.008427895
7.58 -0.009832433
7.59 -0.009677393
7.6 -0.007897494
7.61 -0.004509055
7.62 -0.001353174
7.63 0.0001095049
7.64 2.076465e-05
7.65 -4.451565e-05
7.66 0.000888784
7.67 0.003841684
7.68 0.005514483
7.69 0.006168303
7.7 0.006824162
7.71 0.006947582
7.72 0.006287642
7.73 0.005150342
7.74 0.003074641
7.75 0.001879201
7.76 -0.0003025792
7.77 -0.0028791
7.78 -0.004441739
7.79 -0.00557598
7.8 -0.00600234
7.81 -0.006916261
7.82 -0.006071701
7.83 -0.004080662
7.84 -0.002106963
7.85 -0.0002158826
7.86 0.002402457
7.87 0.004849437
7.88 0.006401876
7.89 0.005827616
7.9 0.004324135
7.91 0.003274555
7.92 0.002409594
7.93 0.0005909343
7.94 -0.001758126
7.95 -0.001360326
7.96 -0.000265867
7.97 0.0001931326
7.98 0.001205992
7.99 0.001845532
8 0.0008663314
8.01 -0.0002220091
8.02 -0.00280465
8.03 -0.005672889
8.04 -0.00508639
8.05 -0.00368185
8.06 -0.002233451
8.07 -8.329178e-05
8.08 0.001640508
8.09 0.002099507
8.1 0.001805747
8.11 0.0004695464
8.12 -0.0006810141
8.13 -0.0009890546
8.14 -0.0008248351
8.15 0.0007337244
8.16 0.002973644
8.17 0.005211523
8.18 0.005293123
8.19 0.004212942
8.2 0.001449762
8.21 -0.002437459
8.22 -0.004727359
8.23 -0.0059687
8.24 -0.005081299
8.25 -0.00307292
8.26 -0.00125936
8.27 -0.0008452414
8.28 -0.001572501
8.29 -0.002018242
8.3 -0.001758143
8.31 -0.0003515635
8.32 0.0001512959
8.33 -5.066461e-05
8.34 0.0002206548
8.35 0.001561955
8.36 0.002700274
8.37 0.003059314
8.38 0.002250452
8.39 0.0007000521
8.4 0.0002553315
8.41 0.001122331
8.42 0.00209745
8.43 0.00174147
8.44 0.001643549
8.45 0.002096428
8.46 0.001928128
8.47 0.001999527
8.48 2.174708e-05
8.49 -0.002009074
8.5 -0.001736734
8.51 -0.0008840147
8.52 -0.001649015
8.53 -0.003755316
8.54 -0.004942596
8.55 -0.004664137
8.56 -0.003362617
8.57 -0.002023358
8.58 -0.0003678988
8.59 0.001297761
8.6 0.002756359
8.61 0.002994019
8.62 0.003005238
8.63 0.002415678
8.64 0.001732277
8.65 0.0009958369
8.66 -0.001198184
8.67 -0.002544584
8.68 -0.001744905
8.69 -0.0008564856
8.7 0.0008438539
8.71 0.002093354
8.72 0.001958712
8.73 0.001934232
8.74 0.0007653112
8.75 0.0003338506
8.76 0.00284815
8.77 0.006388569
8.78 0.00863869
8.79 0.008766189
8.8 0.007189268
8.81 0.004427106
8.82 0.000354246
8.83 -0.002855695
8.84 -0.005816755
8.85 -0.008455496
8.86 -0.008854317
8.87 -0.008061777
8.88 -0.005819817
8.89 -0.003097439
8.9 -0.0006698393
8.91 0.0003267001
8.92 -0.001369561
8.93 -0.003833881
8.94 -0.007242722
8.95 -0.009421443
8.96 -0.007947544
8.97 -0.004251064
8.98 -0.0004576847
8.99 0.001921974
9 0.003153114
9.01 0.004138433
9.02 0.004978913
9.03 0.004302651
9.04 0.001930131
9.05 -8.436968e-05
9.06 -0.00156031
9.07 -0.001848971
9.08 -0.0007147318
9.09 0.0001573674
9.1 0.001224286
9.11 0.002132086
9.12 0.003072525
9.13 0.002884845
9.14 0.003257144
9.15 0.003852823
9.16 0.004696362
9.17 0.004282242
9.18 0.002168801
9.19 0.0002461001
9.2 -0.001073781
9.21 -0.0001323213
9.22 0.001305878
9.23 0.001840357
9.24 0.0009978365
9.25 0.001626156
9.26 0.002690015
9.27 0.003108214
9.28 0.002348313
9.29 0.001961733
9.3 0.002036192
9.31 0.002025991
9.32 0.00199335
9.33 0.00208719
9.34 0.001397669
9.35 0.0004592681
9.36 -0.0008850926
9.37 -0.003680913
9.38 -0.005578114
9.39 -0.008150555
9.4 -0.01070157
9.41 -0.01155837
9.42 -0.01004266
9.43 -0.007226438
9.44 -0.003112778
9.45 0.00179546
9.46 0.006588439
9.47 0.0097484
9.48 0.01137938
9.49 0.01019006
9.5 0.007509496
9.51 0.004317915
9.52 0.001164075
9.53 -0.0006698859
9.54 -0.002726207
9.55 -0.003984888
9.56 -0.003537108
9.57 -0.004113409
9.58 -0.00501713
9.59 -0.004200111
9.6 -0.002655831
9.61 -0.0009860923
9.62 0.0007693268
9.63 0.002918466
9.64 0.004023125
9.65 0.003964984
9.66 0.004012924
9.67 0.003860942
9.68 0.002399282
9.69 0.001833181
9.7 0.0003858003
9.71 -0.001809241
9.72 -0.002990401
9.73 -0.004506122
9.74 -0.004334762
9.75 -0.003119944
9.76 -0.002314145
9.77 -0.001134005
9.78 -0.001042206
9.79 -0.002008147
9.8 -0.003580988
9.81 -0.005743388
9.82 -0.00927361
9.83 -0.01310167
9.84 -0.01360657
9.85 -0.01173589
9.86 -0.006305412
9.87 0.0005296063
9.88 0.006205905
9.89 0.01045319
9.9 0.01249114
9.91 0.01282162
9.92 0.01042564
9.93 0.008026601
9.94 0.006156941
9.95 0.004296459
9.96 0.003378458
9.97 0.002760338
9.98 0.002065717
9.99 0.002004516
10 0.002074895
10.01 0.001376195
10.02 -0.001477767
10.03 -0.005420068
10.04 -0.009193049
10.05 -0.008997208
10.06 -0.00528033
10.07 -0.002525311
10.08 0.0006540284
10.09 0.002737888
10.1 0.005471486
10.11 0.007088185
10.12 0.006197725
10.13 0.004072044
10.14 0.003035723
10.15 0.002298262
10.16 0.0002399014
10.17 -0.00171442
10.18 -0.00298942
10.19 -0.002224421
10.2 -0.001768482
10.21 -0.002631403
10.22 -0.004580624
10.23 -0.004708124
10.24 -0.003700365
10.25 -0.002671187
10.26 -0.002446787
10.27 -0.003550428
10.28 -0.004464349
10.29 -0.00496211
10.3 -0.004508211
10.31 -0.002059191
10.32 0.001643407
10.33 0.005432706
10.34 0.008307067
10.35 0.01137319
10.36 0.01297765
10.37 0.01202802
10.38 0.009952323
10.39 0.006389461
10.4 0.00236352
10.41 -0.00124626
10.42 -0.002594701
10.43 -0.002856843
10.44 -0.001029003
10.45 -1.104415e-05
10.46 -0.001513505
10.47 -0.002564106
10.48 -0.003429067
10.49 -0.005155927
10.5 -0.005937249
10.51 -0.005761809
10.52 -0.00571285
10.53 -0.004652051
10.54 -0.003209772
10.55 -0.000858673
10.56 0.001760686
10.57 0.003905745
10.58 0.004451444
10.59 0.003171343
10.6 0.0007141624
10.61 -0.002039839
10.62 -0.003883999
10.63 -0.0037157
10.64 -0.002306061
10.65 -0.001088182
10.66 0.000311257
10.67 0.001013016
10.68 0.0005417753
10.69 -0.0008087057
10.7 -0.002579427
10.71 -0.005301807
10.72 -0.007563149
10.73 -0.007139849
10.74 -0.00479283
10.75 -0.001631851
10.76 0.001787188
10.77 0.004729887
10.78 0.006816806
10.79 0.007905145
10.8 0.007935743
10.81 0.007288043
10.82 0.006296603
10.83 0.005130742
10.84 0.00331208
10.85 0.00288878
10.86 0.003632359
10.87 0.004072997
10.88 0.003286577
10.89 0.0005764361
10.9 -0.001764464
10.91 -0.003664726
10.92 -0.005499706
10.93 -0.006462587
10.94 -0.006823668
10.95 -0.004857109
10.96 -0.00213269
10.97 1.950898e-05
10.98 0.002408348
10.99 0.004066867
11 0.005548926
11.01 0.006581165
11.02 0.007022825
11.03 0.006169083
11.04 0.003608882
11.05 0.0003703817
11.06 -0.002783459
11.07 -0.00456846
11.08 -0.00682878
11.09 -0.009517502
11.1 -0.01156159
11.11 -0.01329354
11.12 -0.01395144
11.13 -0.01360872
11.14 -0.01281516
11.15 -0.0108435
11.16 -0.007237808
11.17 -0.003764709
11.18 -0.00169717
11.19 0.001506649
11.2 0.005574408
11.21 0.009334127
11.22 0.01154447
11.23 0.01183619
11.24 0.01163831
11.25 0.0106693
11.26 0.009567703
11.27 0.007110522
11.28 0.00513784
11.29 0.00312538
11.3 0.001388319
11.31 0.0002173582
11.32 -0.001611503
11.33 -0.002037864
11.34 -0.001163724
11.35 0.0002958945
11.36 0.001375053
11.37 0.001692272
11.38 0.002208392
11.39 0.002438911
11.4 0.00113229
11.41 -0.0005741708
11.42 -0.001630892
11.43 -0.001992993
11.44 -0.001876713
11.45 -0.002024615
11.46 -0.0007434953
11.47 0.0007263238
11.48 -0.0003120371
11.49 -0.002577458
11.5 -0.004840839
11.51 -0.00578638
11.52 -0.006516701
11.53 -0.006338201
11.54 -0.005021382
11.55 -0.003539324
11.56 -0.001296344
11.57 0.001507635
11.58 0.003217154
11.59 0.004052533
11.6 0.004966452
11.61 0.004865471
11.62 0.00498175
11.63 0.004718589
11.64 0.003966849
11.65 0.003372187
11.66 0.002674506
11.67 0.002052306
11.68 0.001801385
11.69 0.0004539641
11.7 -0.0007118968
11.71 -0.0009689378
11.72 -0.001008719
11.73 -0.0003640795
11.74 0.0002285397
11.75 0.001535159
11.76 0.002676537
11.77 0.003018237
11.78 0.002368496
11.79 0.001288315
11.8 0.0009007143
11.81 0.001618794
11.82 0.002050252
11.83 0.002023731
11.84 0.003216111
11.85 0.00372917
11.86 0.002761189
11.87 4.128188e-06
11.88 -0.002563213
11.89 -0.003621974
11.9 -0.003941234
11.91 -0.003918795
11.92 -0.003880036
11.93 -0.003889217
11.94 -0.001954278
11.95 0.0006151012
11.96 0.00170854
11.97 0.001814619
11.98 0.001044519
11.99 -0.0002876023
12 -0.002979383
12.01 -0.003752544
12.02 -0.002378605
12.03 -0.001256606
12.04 -0.0009108266
12.05 -0.001547307
12.06 -0.002753968
12.07 -0.004700129
12.08 -0.006668729
12.09 -0.008103871
12.1 -0.008641412
12.11 -0.007596933
12.12 -0.005086713
12.13 -0.003188494
12.14 -0.001062815
12.15 -1.425605e-05
12.16 0.0001836231
12.17 0.0008405023
12.18 -0.0001397186
12.19 -0.00170236
12.2 -0.00317116
12.21 -0.001953281
12.22 0.000720138
12.23 0.003362957
12.24 0.005746696
12.25 0.007635737
12.26 0.008522115
12.27 0.008034554
12.28 0.007841772
12.29 0.007703052
12.3 0.006132251
12.31 0.00406573
12.32 0.00215935
12.33 0.0002907088
12.34 -0.000598732
12.35 -0.001685033
12.36 -0.002012453
12.37 -0.002014494
12.38 -0.003861716
12.39 -0.006379076
12.4 -0.009613498
12.41 -0.01035198
12.42 -0.008374199
12.43 -0.005834399
12.44 -0.00363426
12.45 -0.0006895212
12.46 0.002488798
12.47 0.004238097
12.48 0.004100396
12.49 0.002687696
12.5 0.001934935
12.51 0.002627514
12.52 0.004769513
12.53 0.006567772
12.54 0.008715893
12.55 0.009809332
12.56 0.009695089
12.57 0.007508208
12.58 0.004352328
12.59 0.001598327
12.6 -0.001667714
12.61 -0.004891934
12.62 -0.007636755
12.63 -0.007137976
12.64 -0.005501897
12.65 -0.003785237
12.66 -0.002839698
12.67 -0.001764619
12.68 -0.0009547398
12.69 0.0004089995
12.7 0.001826798
12.71 0.002731538
12.72 0.004121797
12.73 0.004882716
12.74 0.005261136
12.75 0.005077534
12.76 0.004034074
12.77 0.002341893
12.78 0.001122992
12.79 -0.0007691084
12.8 -0.002473529
12.81 -0.00619959
12.82 -0.008833231
12.83 -0.009833851
12.84 -0.009143313
12.85 -0.006979893
12.86 -0.005180614
12.87 -0.003510875
12.88 -0.001798296
12.89 0.0009210238
12.9 0.003638303
12.91 0.003856582
12.92 0.004160542
12.93 0.003648501
12.94 0.00275396
12.95 0.0024551
12.96 0.001188259
12.97 0.0003834777
12.98 -0.000186703
12.99 0.0002274163
13 0.0009108155
13.01 0.0009811948
13.02 0.000942434
13.03 0.0009526333
13.04 0.0009771126
13.05 0.0008914317
13.06 0.001589111
13.07 0.00199201
13.08 0.001938969
13.09 0.001774749
13.1 0.0009475282
13.11 0.0009393673
13.12 0.001010767
13.13 0.0003202259
13.14 -8.471479e-05
13.15 -3.779552e-05
13.16 0.0005487038
13.17 0.001193343
13.18 0.001946102
13.19 0.001348381
13.2 0.0003161409
13.21 -0.0008038198
13.22 -0.00275712
13.23 -0.004875661
13.24 -0.007721462
13.25 -0.009447303
13.26 -0.01052544
13.27 -0.01030206
13.28 -0.009025025
13.29 -0.006330185
13.3 -0.0005406662
13.31 0.004677653
13.32 0.008766833
13.33 0.01046513
13.34 0.008468991
13.35 0.006257631
13.36 0.00419723
13.37 0.003769849
13.38 0.004599108
13.39 0.007247027
13.4 0.009644027
13.41 0.01193188
13.42 0.0129784
13.43 0.01174828
13.44 0.007793744
13.45 0.001905283
13.46 -0.003206957
13.47 -0.007585818
13.48 -0.008722099
13.49 -0.007668439
13.5 -0.00449828
13.51 -0.002252241
13.52 -0.001889122
13.53 -0.002751021
13.54 -0.004721662
13.55 -0.006764723
13.56 -0.007916304
13.57 -0.007863265
13.58 -0.007761264
13.59 -0.006181285
13.6 -0.004065806
13.61 -0.002400147
13.62 -0.001246528
13.63 -0.001582108
13.64 -0.002129849
13.65 -0.00136791
13.66 -0.0003693302
13.67 9.068909e-05
13.68 -0.0007151116
13.69 -0.000532532
13.7 0.0008189672
13.71 0.002147007
13.72 0.002851826
13.73 0.002993605
13.74 0.002130684
13.75 0.0002151241
13.76 -0.002470536
13.77 -0.004209636
13.78 -0.005509118
13.79 -0.005909978
13.8 -0.004186179
13.81 -0.00160456
13.82 0.001373839
13.83 0.004414459
13.84 0.005958738
13.85 0.005695578
13.86 0.004100298
13.87 0.002673317
13.88 0.001858336
13.89 0.002703915
13.9 0.003946275
13.91 0.004390994
13.92 0.005557873
13.93 0.006451393
13.94 0.006842053
13.95 0.004881612
13.96 0.002079672
13.97 0.0008036509
13.98 0.00169717
13.99 0.00369637
14 0.005544609
14.01 0.005766968
14.02 0.004623548
14.03 0.003941168
14.04 0.003198607
14.05 0.0003946264
14.06 -0.003614994
14.07 -0.007357375
14.08 -0.009646255
14.09 -0.009270895
14.1 -0.008174396
14.11 -0.007393076
14.12 -0.007293117
14.13 -0.006073198
14.14 -0.004293298
14.15 -0.003838379
14.16 -0.00470946
14.17 -0.0066495
14.18 -0.006783121
14.19 -0.005776381
14.2 -0.004327982
14.21 -0.003894483
14.22 -0.003381422
14.23 -0.0003724233
14.24 0.002801816
14.25 0.003928916
14.26 0.003819775
14.27 0.004034995
14.28 0.004907094
14.29 0.004225734
14.3 0.003788153
14.31 0.003922792
14.32 0.003415852
14.33 0.003351591
14.34 0.003931971
14.35 0.005495631
14.36 0.00590975
14.37 0.005661889
14.38 0.004696968
14.39 0.003820789
14.4 0.004464408
14.41 0.004999908
14.42 0.004148207
14.43 0.003967667
14.44 0.005005006
14.45 0.005994406
14.46 0.006801225
14.47 0.006829785
14.48 0.006252464
14.49 0.004934624
14.5 0.001340143
14.51 -0.002555236
14.52 -0.007138097
14.53 -0.01148126
14.54 -0.01533481
14.55 -0.01851211
14.56 -0.01794091
14.57 -0.01577545
14.58 -0.0122738
14.59 -0.008178502
14.6 -0.005075661
14.61 -0.003743541
14.62 -0.003013222
14.63 -0.002956102
14.64 -0.003041783
14.65 -0.002377763
14.66 -0.001801464
14.67 -0.0004520041
14.68 8.043545e-05
14.69 -0.000138865
14.7 4.983462e-05
14.71 -0.0001674258
14.72 0.0006434738
14.73 0.0009433533
14.74 0.001071872
14.75 0.002562092
14.76 0.005446652
14.77 0.009229832
14.78 0.01172782
14.79 0.0144808
14.8 0.01565685
14.81 0.01366683
14.82 0.01097301
14.83 0.008479109
14.84 0.007073549
14.85 0.006763469
14.86 0.006850168
14.87 0.006887908
14.88 0.008060908
14.89 0.008584167
14.9 0.007201047
14.91 0.004215506
14.92 0.0005679859
14.93 -0.002649094
14.94 -0.005800895
14.95 -0.007068756
14.96 -0.008413115
14.97 -0.009134256
14.98 -0.009738097
14.99 -0.009917616
15 -0.009180157
15.01 -0.008647717
15.02 -0.007821518
15.03 -0.007937798
15.04 -0.007647098
15.05 -0.006427179
15.06 -0.004409619
15.07 -0.002295159
15.08 -0.00129964
15.09 -0.0014914
15.1 -0.00280312
15.11 -0.005233781
15.12 -0.008514102
15.13 -0.01181584
15.14 -0.01385482
15.15 -0.01299394
15.16 -0.01031644
15.17 -0.006063043
15.18 -0.0009038827
15.19 0.004416437
15.2 0.009516438
15.21 0.01441958
15.22 0.01728068
15.23 0.01778966
15.24 0.0162413
15.25 0.01328228
15.26 0.01010804
15.27 0.006981735
15.28 0.005072294
15.29 0.003702434
15.3 0.002257094
15.31 0.0006128535
15.32 0.0001824133
15.33 -0.0008732871
15.34 -0.002059547
15.35 -0.004278047
15.36 -0.006781128
15.37 -0.008566129
15.38 -0.01051636
15.39 -0.0108142
15.4 -0.01022668
15.41 -0.00897821
15.42 -0.007052449
15.43 -0.005597929
15.44 -0.00507365
15.45 -0.00609059
15.46 -0.009167931
15.47 -0.01221671
15.48 -0.01464737
15.49 -0.01502273
15.5 -0.01221671
15.51 -0.007368651
15.52 -0.0002980117
15.53 0.008682069
15.54 0.0181854
15.55 0.02647494
15.56 0.03210534
15.57 0.03371898
15.58 0.03286422
15.59 0.02938398
15.6 0.02333436
15.61 0.01627596
15.62 0.007655946
15.63 -0.000197034
15.64 -0.007932714
15.65 -0.01360085
15.66 -0.01805315
15.67 -0.02032265
15.68 -0.02047973
15.69 -0.01866617
15.7 -0.01578875
15.71 -0.01400682
15.72 -0.01363248
15.73 -0.0135927
15.74 -0.01201884
15.75 -0.009124075
15.76 -0.003538557
15.77 0.003045543
15.78 0.011178
15.79 0.01738368
15.8 0.02093838
15.81 0.02152692
15.82 0.01795998
15.83 0.01235202
15.84 0.004681623
15.85 -0.002415537
15.86 -0.007502277
15.87 -0.01062654
15.88 -0.01179138
15.89 -0.01154862
15.9 -0.0100788
15.91 -0.007344178
15.92 -0.004442279
15.93 -0.001837199
15.94 0.0007342211
15.95 0.003008821
15.96 0.005665921
15.97 0.007788541
15.98 0.008849341
15.99 0.009452161
16 0.009946861
16.01 0.009676561
16.02 0.00817206
16.03 0.00603108
16.04 0.00444294
16.05 0.0049305
16.06 0.00430422
16.07 0.00145026
16.08 -0.00262872
16.09 -0.007998
16.1 -0.01243806
16.11 -0.01535424
16.12 -0.01555212
16.13 -0.01388646
16.14 -0.01179546
16.15 -0.008096941
16.16 -0.003052021
16.17 0.001588979
16.18 0.005598599
16.19 0.0087861
16.2 0.009904019
16.21 0.009706138
16.22 0.008192458
16.23 0.005519038
16.24 0.002429458
16.25 -0.001474082
16.26 -0.003534482
16.27 -0.003950641
16.28 -0.001053841
16.29 0.004708139
16.3 0.0107037
16.31 0.01788042
16.32 0.02388006
16.33 0.0274113
16.34 0.02660754
16.35 0.02255304
16.36 0.01649016
16.37 0.008711639
16.38 0.0002609383
16.39 -0.008655901
16.4 -0.01688934
16.41 -0.02381106
16.42 -0.02783496
16.43 -0.03012384
16.44 -0.02958936
16.45 -0.02741166
16.46 -0.02440164
16.47 -0.02182716
16.48 -0.02084592
16.49 -0.01976676
16.5 -0.01759212
16.51 -0.01417614
16.52 -0.009874802
16.53 -0.004775822
16.54 0.0006362985
16.55 0.005492519
16.56 0.009587819
16.57 0.01299972
16.58 0.01477248
16.59 0.01553034
16.6 0.01471434
16.61 0.01282428
16.62 0.01004886
16.63 0.008171038
16.64 0.007359118
16.65 0.006022919
16.66 0.004407239
16.67 0.003203639
16.68 0.003147539
16.69 0.004578599
16.7 0.007550879
16.71 0.01132079
16.72 0.01550586
16.73 0.01829862
16.74 0.0188739
16.75 0.0176601
16.76 0.01495098
16.77 0.01045176
16.78 0.004745879
16.79 -0.00093042
16.8 -0.00734316
16.81 -0.01233504
16.82 -0.01607232
16.83 -0.01837038
16.84 -0.01840608
16.85 -0.01695462
16.86 -0.01402314
16.87 -0.01028178
16.88 -0.007848059
16.89 -0.006276239
16.9 -0.004949218
16.91 -0.003736438
16.92 -0.002171759
16.93 -9.70784e-05
16.94 0.001140182
16.95 0.0003762018
16.96 -0.000556078
16.97 -0.001654617
16.98 -0.001842298
16.99 -0.0002235576
17 0.001960263
17.01 0.005300763
17.02 0.008377082
17.03 0.01058232
17.04 0.01068024
17.05 0.009706144
17.06 0.008013965
17.07 0.004874404
17.08 0.002331544
17.09 0.001879684
17.1 0.002672224
17.11 0.005484364
17.12 0.009331806
17.13 0.01167781
17.14 0.01280797
17.15 0.01265803
17.16 0.01038445
17.17 0.006040265
17.18 0.0009157855
17.19 -0.004425954
17.2 -0.009406613
17.21 -0.01322753
17.22 -0.01487381
17.23 -0.01375589
17.24 -0.01079993
17.25 -0.007360493
17.26 -0.003058133
17.27 0.001384987
17.28 0.004457228
17.29 0.006060667
17.3 0.005037607
17.31 0.0008413282
17.32 -0.003718072
17.33 -0.006541431
17.34 -0.006935151
17.35 -0.00627725
17.36 -0.005052231
17.37 -0.003786411
17.38 -0.00416381
17.39 -0.00482885
17.4 -0.004994089
17.41 -0.00464321
17.42 -0.004546309
17.43 -0.005101189
17.44 -0.005933508
17.45 -0.005752968
17.46 -0.006725028
17.47 -0.007867428
17.48 -0.008306028
17.49 -0.007786847
17.5 -0.005674427
17.51 -0.001495487
17.52 0.003611653
17.53 0.009343034
17.54 0.01550077
17.55 0.02018257
17.56 0.02337926
17.57 0.02469506
17.58 0.02477972
17.59 0.02194106
17.6 0.01788962
17.61 0.0123245
17.62 0.007098016
17.63 0.003395416
17.64 -0.0007080433
17.65 -0.004343323
17.66 -0.006934123
17.67 -0.009709543
17.68 -0.01276138
17.69 -0.01601314
17.7 -0.01930468
17.71 -0.02247076
17.72 -0.02356318
17.73 -0.02345914
17.74 -0.02123248
17.75 -0.01818267
17.76 -0.01509717
17.77 -0.01186786
17.78 -0.01010428
17.79 -0.007989819
17.8 -0.006191558
17.81 -0.003938377
17.82 -0.001241498
17.83 0.0007903426
17.84 0.002130623
17.85 0.002912963
17.86 0.002745683
17.87 0.001798104
17.88 0.0002089443
17.89 -0.001328195
17.9 -0.001797395
17.91 -0.0005111746
17.92 0.0008250257
17.93 0.002076566
17.94 0.003572906
17.95 0.005825067
17.96 0.008692287
17.97 0.01169313
17.98 0.01447569
17.99 0.01575477
18 0.01527741
18.01 0.01301097
18.02 0.01017435
18.03 0.00616983
18.04 0.00288441
18.05 -0.0003867294
18.06 -0.003435509
18.07 -0.003904709
18.08 -0.002292088
18.09 0.0004292721
18.1 0.002117372
18.11 0.001139193
18.12 -0.001383266
18.13 -0.004046487
18.14 -0.006672986
18.15 -0.008069366
18.16 -0.006971845
18.17 -0.003446725
18.18 0.0005985957
18.19 0.004351176
18.2 0.006140256
18.21 0.006761437
18.22 0.006309577
18.23 0.004986638
18.24 0.003202658
18.25 0.002977239
18.26 0.004028859
18.27 0.005591499
18.28 0.00697156
18.29 0.00660334
18.3 0.005221241
18.31 0.002339741
18.32 -0.002176818
18.33 -0.006676038
18.34 -0.009542237
18.35 -0.009777856
18.36 -0.007987757
18.37 -0.004834936
18.38 -0.003463035
18.39 -0.004765575
18.4 -0.007289055
18.41 -0.01211263
18.42 -0.01617631
18.43 -0.01847947
18.44 -0.01770121
18.45 -0.01237171
18.46 -0.004116852
18.47 0.004220629
18.48 0.01118927
18.49 0.01390552
18.5 0.01294876
18.51 0.01025699
18.52 0.006274911
18.53 0.004309371
18.54 0.005551732
18.55 0.007735552
18.56 0.008899373
18.57 0.008090514
18.58 0.006028074
18.59 0.004154334
18.6 0.002128615
18.61 0.0001416554
18.62 -0.003111124
18.63 -0.006722944
18.64 -0.01034292
18.65 -0.01426584
18.66 -0.01825098
18.67 -0.0214395
18.68 -0.02197296
18.69 -0.01812348
18.7 -0.01049592
18.71 -0.0009252596
18.72 0.008714761
18.73 0.01686558
18.74 0.0202683
18.75 0.01902595
18.76 0.01542433
18.77 0.009384904
18.78 0.003512765
18.79 -0.003559916
18.8 -0.009405536
18.81 -0.01303775
18.82 -0.01369565
18.83 -0.01121909
18.84 -0.006440392
18.85 -0.000449932
18.86 0.004754108
18.87 0.01056811
18.88 0.01601899
18.89 0.01929931
18.9 0.01941559
18.91 0.01810999
18.92 0.01503877
18.93 0.009516493
18.94 0.001234092
18.95 -0.007027907
18.96 -0.01459733
18.97 -0.01894457
18.98 -0.01964531
18.99 -0.01802248
19 -0.01389352
19.01 -0.01014196
19.02 -0.006025242
19.03 -0.002999922
19.04 -0.0004897013
19.05 0.002179639
19.06 0.004865299
19.07 0.008604619
19.08 0.01228988
19.09 0.01548044
19.1 0.01866183
19.11 0.02032443
19.12 0.0214352
19.13 0.02120468
19.14 0.01999904
19.15 0.01913714
19.16 0.01615874
19.17 0.01298348
19.18 0.009396147
19.19 0.005624187
19.2 0.002722288
19.21 0.002093968
19.22 0.002106209
19.23 0.00282123
19.24 0.00302727
19.25 0.002275531
19.26 0.003218012
19.27 0.003017072
19.28 0.001378953
19.29 -0.002318546
19.3 -0.006244525
19.31 -0.009623785
19.32 -0.01225436
19.33 -0.0137915
19.34 -0.01418114
19.35 -0.01396796
19.36 -0.01345082
19.37 -0.01355588
19.38 -0.01254302
19.39 -0.00960032
19.4 -0.006029299
19.41 -0.002185938
19.42 0.0001162018
19.43 -0.0004631575
19.44 -0.002395036
19.45 -0.005185756
19.46 -0.008437516
19.47 -0.01010726
19.48 -0.0105887
19.49 -0.009754333
19.5 -0.007503191
19.51 -0.004844052
19.52 -0.002169611
19.53 7.234894e-05
19.54 0.0009250697
19.55 0.00145445
19.56 0.001084191
19.57 0.0002875716
19.58 -0.001420928
19.59 -0.003240607
19.6 -0.003692466
19.61 -0.002807106
19.62 -0.0003988851
19.63 0.001818596
19.64 0.004263536
19.65 0.007710118
19.66 0.01193394
19.67 0.01667082
19.68 0.0199032
19.69 0.02099663
19.7 0.02082834
19.71 0.01927998
19.72 0.01667184
19.73 0.01298862
19.74 0.007784583
19.75 0.002041984
19.76 -0.003997435
19.77 -0.009094375
19.78 -0.01465338
19.79 -0.01986966
19.8 -0.02295617
19.81 -0.02403941
19.82 -0.02163017
19.83 -0.01684943
19.84 -0.01021331
19.85 -0.00218081
19.86 0.005245811
19.87 0.01014181
19.88 0.01225933
19.89 0.0121145
19.9 0.01049984
19.91 0.007981455
19.92 0.004661356
19.93 0.001659496
19.94 -0.000873163
19.95 -0.003900522
19.96 -0.006791202
19.97 -0.009773682
19.98 -0.0120187
19.99 -0.01263376
20 -0.01232572
20.01 -0.009671678
20.02 -0.005833417
20.03 -0.001666717
20.04 0.0006925442
20.05 0.001731925
20.06 0.001817605
20.07 0.001610547
20.08 0.002488767
20.09 0.003141568
20.1 0.005864968
20.11 0.008829089
20.12 0.01120875
20.13 0.01291011
20.14 0.01341705
20.15 0.01251537
20.16 0.0104458
20.17 0.006810514
20.18 0.003603634
20.19 0.001267835
20.2 -0.002098164
20.21 -0.005797704
20.22 -0.009965422
20.23 -0.01284591
20.24 -0.01313253
20.25 -0.01125164
20.26 -0.00766226
20.27 -0.001883959
20.28 0.003662801
20.29 0.008931103
20.3 0.01391584
20.31 0.01728796
20.32 0.0172339
20.33 0.01262657
20.34 0.007617346
20.35 0.002993687
20.36 -0.001074072
20.37 -0.004137131
20.38 -0.00598537
20.39 -0.00615979
20.4 -0.004614489
20.41 -0.001746248
20.42 0.001605473
20.43 0.004863353
20.44 0.007874394
20.45 0.009043315
20.46 0.01023263
20.47 0.01218593
20.48 0.01658009
20.49 0.02258075
20.5 0.02843964
20.51 0.03366714
20.52 0.03610086
20.53 0.03416184
20.54 0.0273462
20.55 0.01901178
20.56 0.009268744
20.57 -0.001347416
20.58 -0.01168104
20.59 -0.02222885
20.6 -0.03207185
20.61 -0.04065209
20.62 -0.04661297
20.63 -0.04863461
20.64 -0.04683737
20.65 -0.04220963
20.66 -0.03531035
20.67 -0.02639962
20.68 -0.01771432
20.69 -0.008176306
20.7 0.0009343341
20.71 0.008378295
20.72 0.01314169
20.73 0.01619353
20.74 0.01975231
20.75 0.02378744
20.76 0.02696678
20.77 0.02810612
20.78 0.02726156
20.79 0.0228266
20.8 0.01630982
20.81 0.009133103
20.82 0.002537784
20.83 -0.002986536
20.84 -0.005480435
20.85 -0.004307434
20.86 0.001489227
20.87 0.007959087
20.88 0.01115373
20.89 0.01067025
20.9 0.00602925
20.91 -0.001035269
20.92 -0.007424548
20.93 -0.01241438
20.94 -0.0145421
20.95 -0.01293765
20.96 -0.009037165
20.97 -0.002734585
20.98 0.002028816
20.99 0.004342177
21 0.003305858
21.01 -0.0007741413
21.02 -0.006802341
21.03 -0.01362512
21.04 -0.01863944
21.05 -0.02257256
21.06 -0.02586104
21.07 -0.02927702
21.08 -0.03351817
21.09 -0.03825097
21.1 -0.04143745
21.11 -0.04317349
21.12 -0.04296133
21.13 -0.04001047
21.14 -0.03787255
21.15 -0.03576727
21.16 -0.03468912
21.17 -0.03477072
21.18 -0.03660468
21.19 -0.03945661
21.2 -0.04076425
21.21 -0.03906697
21.22 -0.03267769
21.23 -0.02391793
21.24 -0.01234908
21.25 -0.001352462
21.26 0.007715338
21.27 0.014073
21.28 0.01883028
21.29 0.02377422
21.3 0.02867634
21.31 0.03340302
21.32 0.03731677
21.33 0.04170481
21.34 0.04710877
21.35 0.0507318
21.36 0.0513846
21.37 0.05062776
21.38 0.04675584
21.39 0.04126824
21.4 0.03528697
21.41 0.02902417
21.42 0.02354065
21.43 0.01956877
21.44 0.01719013
21.45 0.01550611
21.46 0.01448509
21.47 0.01338757
21.48 0.01138124
21.49 0.008910798
21.5 0.006162918
21.51 0.003700639
21.52 0.0008793201
21.53 -0.001236159
21.54 -0.002209238
21.55 -0.002540738
21.56 -0.0001223167
21.57 0.004222884
21.58 0.01103955
21.59 0.01830908
21.6 0.02545112
21.61 0.03202808
21.62 0.03617438
21.63 0.03760341
21.64 0.03270435
21.65 0.02324997
21.66 0.01034391
21.67 -0.004027888
21.68 -0.01678911
21.69 -0.02830185
21.7 -0.03694941
21.71 -0.04254002
21.72 -0.04355798
21.73 -0.04222178
21.74 -0.0384488
21.75 -0.03319682
21.76 -0.027749
21.77 -0.02191868
21.78 -0.01719506
21.79 -0.01397899
21.8 -0.01326601
21.81 -0.01417687
21.82 -0.01619953
21.83 -0.01751227
21.84 -0.01636376
21.85 -0.01114646
21.86 -0.002729412
21.87 0.007144188
21.88 0.01691885
21.89 0.02599583
21.9 0.03100709
21.91 0.03168335
21.92 0.02837345
21.93 0.02230343
21.94 0.01596924
21.95 0.008871055
21.96 0.002725556
21.97 -0.002572323
21.98 -0.007739642
21.99 -0.01291308
22 -0.01691556
22.01 -0.01923504
22.02 -0.01905959
22.03 -0.01784783
22.04 -0.01759487
22.05 -0.01678908
22.06 -0.01640658
22.07 -0.01663302
22.08 -0.01765404
22.09 -0.0183354
22.1 -0.01720319
22.11 -0.01415951
22.12 -0.009221691
22.13 -0.00344645
22.14 0.003101951
22.15 0.009465732
22.16 0.01446577
22.17 0.01822345
22.18 0.019934
22.19 0.01881404
22.2 0.01761248
22.21 0.01598354
22.22 0.0141353
22.23 0.01315508
22.24 0.01221667
22.25 0.01102327
22.26 0.00914648
22.27 0.006402681
22.28 0.002361442
22.29 -0.001357477
22.3 -0.004285896
22.31 -0.007265316
22.32 -0.0101407
22.33 -0.01320784
22.34 -0.01533453
22.35 -0.01575579
22.36 -0.01435023
22.37 -0.01106889
22.38 -0.00720105
22.39 -0.0008658292
22.4 0.007148312
22.41 0.01476568
22.42 0.02088262
22.43 0.02322148
22.44 0.02402626
22.45 0.02342139
22.46 0.02179755
22.47 0.01962801
22.48 0.01564287
22.49 0.009458619
22.5 3.483946e-05
22.51 -0.00987956
22.52 -0.01897592
22.53 -0.02578952
22.54 -0.03004394
22.55 -0.03081506
22.56 -0.02768264
22.57 -0.01981741
22.58 -0.009628633
22.59 0.001108907
22.6 0.01105187
22.61 0.01846013
22.62 0.02323577
22.63 0.02623457
22.64 0.02741267
22.65 0.02732394
22.66 0.02723621
22.67 0.02567663
22.68 0.02287571
22.69 0.01879571
22.7 0.01318469
22.71 0.005503075
22.72 -0.003464763
22.73 -0.01198584
22.74 -0.01990716
22.75 -0.02513058
22.76 -0.02731542
22.77 -0.02685744
22.78 -0.02419932
22.79 -0.0210567
22.8 -0.01714194
22.81 -0.01375043
22.82 -0.01124327
22.83 -0.01078937
22.84 -0.01098317
22.85 -0.01071797
22.86 -0.009212454
22.87 -0.004577571
22.88 0.003054069
22.89 0.01259719
22.9 0.02228413
22.91 0.03040945
22.92 0.03619591
22.93 0.03713737
22.94 0.03507799
22.95 0.02982193
22.96 0.02268091
22.97 0.01616413
22.98 0.01025324
22.99 0.006120197
23 0.002228898
23.01 -0.0003027413
23.02 -0.003380081
23.03 -0.00702556
23.04 -0.008499458
23.05 -0.009857078
23.06 -0.01152885
23.07 -0.01210923
23.08 -0.01107699
23.09 -0.009324635
23.1 -0.005849494
23.11 -0.001444114
23.12 0.002244206
23.13 0.004575927
23.14 0.006424168
23.15 0.006006989
23.16 0.00389661
23.17 0.00186375
23.18 -0.001130969
23.19 -0.004071628
23.2 -0.006820527
23.21 -0.009383787
23.22 -0.01186952
23.23 -0.0135872
23.24 -0.01588934
23.25 -0.01854542
23.26 -0.02063744
23.27 -0.0217727
23.28 -0.02173904
23.29 -0.02107706
23.3 -0.01877084
23.31 -0.01547011
23.32 -0.01041296
23.33 -0.003081198
23.34 0.005723442
23.35 0.01481674
23.36 0.02182108
23.37 0.02687824
23.38 0.02805328
23.39 0.02532989
23.4 0.02175683
23.41 0.01590611
23.42 0.008644728
23.43 0.002141209
23.44 -0.002502851
23.45 -0.00331783
23.46 -0.002248868
23.47 0.001333372
23.48 0.005303212
23.49 0.009252653
23.5 0.01235652
23.51 0.01230245
23.52 0.009607615
23.53 0.004460696
23.54 -0.002253963
23.55 -0.007935363
23.56 -0.01197966
23.57 -0.0140064
23.58 -0.01318734
23.59 -0.01046802
23.6 -0.005732159
23.61 0.0002950211
23.62 0.005364422
23.63 0.009072122
23.64 0.01141914
23.65 0.01031551
23.66 0.007001524
23.67 0.002656325
23.68 -0.002639514
23.69 -0.008200554
23.7 -0.01333523
23.71 -0.01907273
23.72 -0.02336081
23.73 -0.02699405
23.74 -0.0276091
23.75 -0.02574251
23.76 -0.02205521
23.77 -0.01646561
23.78 -0.01041803
23.79 -0.003108707
23.8 0.003923173
23.81 0.01176391
23.82 0.01715257
23.83 0.02088884
23.84 0.022529
23.85 0.02161508
23.86 0.01901612
23.87 0.01596224
23.88 0.01120802
23.89 0.005366479
23.9 -0.00120334
23.91 -0.007458999
23.92 -0.01323729
23.93 -0.01673895
23.94 -0.01790379
23.95 -0.01700313
23.96 -0.0145888
23.97 -0.01138702
23.98 -0.007212156
23.99 -0.006450215
24 -0.004918174
24.01 -0.005134413
24.02 -0.004879413
24.03 -0.003428972
24.04 -0.0004587318
24.05 0.005096189
24.06 0.01116621
24.07 0.01797063
24.08 0.02291559
24.09 0.02507901
24.1 0.02472099
24.11 0.02169772
24.12 0.01605304
24.13 0.009019114
24.14 0.002462554
24.15 -0.003538106
24.16 -0.009166466
24.17 -0.01362999
24.18 -0.01646151
24.19 -0.01690419
24.2 -0.01593621
24.21 -0.01218566
24.22 -0.006662362
24.23 -9.356093e-05
24.24 0.006249819
24.25 0.01195264
24.26 0.0178972
24.27 0.02132848
24.28 0.02302576
24.29 0.0235021
24.3 0.02315836
24.31 0.02236889
24.32 0.02008919
24.33 0.01695779
24.34 0.01236677
24.35 0.008076646
24.36 0.003617206
24.37 -0.0008116333
24.38 -0.004578493
24.39 -0.008016912
24.4 -0.01075052
24.41 -0.01384315
24.42 -0.01662367
24.43 -0.02026099
24.44 -0.02411047
24.45 -0.02637181
24.46 -0.02834857
24.47 -0.02955319
24.48 -0.02944303
24.49 -0.02898709
24.5 -0.02751523
24.51 -0.02466535
24.52 -0.0211392
24.53 -0.0165339
24.54 -0.01147878
24.55 -0.005509744
24.56 0.0001777762
24.57 0.006206996
24.58 0.01219746
24.59 0.01581948
24.6 0.01910081
24.61 0.02113775
24.62 0.02155595
24.63 0.02074404
24.64 0.01809918
24.65 0.01514118
24.66 0.01206996
24.67 0.008101142
24.68 0.004341422
24.69 0.001985222
24.7 0.0001716628
24.71 -0.001938716
24.72 -0.003185156
24.73 -0.004086835
24.74 -0.003752276
24.75 -0.003143335
24.76 -0.002311015
24.77 -0.002110074
24.78 -0.001317534
24.79 -0.001708193
24.8 -0.001856092
24.81 -0.002339573
24.82 -0.004955872
24.83 -0.006622551
24.84 -0.009314331
24.85 -0.01233354
24.86 -0.01409813
24.87 -0.01461017
24.88 -0.01309445
24.89 -0.01098509
24.9 -0.009163368
24.91 -0.006598068
24.92 -0.005742287
24.93 -0.004294908
24.94 -0.002088647
24.95 0.0009254533
24.96 0.003513194
24.97 0.006814934
24.98 0.006800655
24.99 0.004800434
25 0.002640075
25.01 -0.0007208244
25.02 -0.002244704
25.03 -0.003018883
25.04 -0.003040303
25.05 -0.002455843
25.06 -0.001352202
25.07 -0.0009697023
25.08 -0.001684722
25.09 -0.002236542
25.1 -0.003181061
25.11 -0.00392362
25.12 -0.001757141
25.13 0.00168434
25.14 0.00689246
25.15 0.012581
25.16 0.0173393
25.17 0.02031056
25.18 0.02162024
25.19 0.0205625
25.2 0.01704962
25.21 0.01240352
25.22 0.008014464
25.23 0.004960583
25.24 0.003062363
25.25 0.001591524
25.26 0.0009744241
25.27 0.0003124445
25.28 -0.0009166551
25.29 -0.001395035
25.3 -0.003371794
25.31 -0.004746754
25.32 -0.003616594
25.33 -0.001475613
25.34 0.001546646
25.35 0.005108487
25.36 0.006518127
25.37 0.006740487
25.38 0.004324108
25.39 0.000233908
25.4 -0.003503372
25.41 -0.005812651
25.42 -0.007699651
25.43 -0.007198831
25.44 -0.00578409
25.45 -0.00375021
25.46 -0.0005463901
25.47 0.00227493
25.48 0.004703551
25.49 0.00651099
25.5 0.008448992
25.51 0.00875601
25.52 0.008572412
25.53 0.007147472
25.54 0.006081571
25.55 0.005171733
25.56 0.004005873
25.57 0.002019932
25.58 0.0002502326
25.59 -0.0009013472
25.6 -0.002211027
25.61 -0.001831586
25.62 -0.0006157465
25.63 0.0007949137
25.64 0.001976074
25.65 0.003051154
25.66 0.003210274
25.67 0.002192314
25.68 0.0009570949
25.69 -0.001968265
25.7 -0.004238784
25.71 -0.007740446
25.72 -0.009029725
25.73 -0.01006196
25.74 -0.01208768
25.75 -0.0117827
25.76 -0.01138898
25.77 -0.0100487
25.78 -0.008163744
25.79 -0.006325703
25.8 -0.005261843
25.81 -0.003213682
25.82 -0.001346063
25.83 0.0007184173
25.84 0.002017897
25.85 0.002935898
25.86 0.003947737
25.87 0.004885118
25.88 0.006421238
25.89 0.009127298
25.9 0.011407
25.91 0.01160488
25.92 0.0115804
25.93 0.009189518
25.94 0.004946319
25.95 0.0002318788
25.96 -0.003545181
25.97 -0.005834061
25.98 -0.00584732
25.99 -0.004972161
26 -0.00325652
26.01 -0.001511301
26.02 -0.0007656805
26.03 -0.00152456
26.04 -0.003946041
26.05 -0.00592586
26.06 -0.00885938
26.07 -0.01001402
26.08 -0.009352041
26.09 -0.008199441
26.1 -0.006169639
26.11 -0.004352
26.12 -0.002049859
26.13 -6.797103e-07
26.14 0.00145792
26.15 0.001749641
26.16 0.0002196404
26.17 -0.001354219
26.18 -0.003031099
26.19 -0.00425408
26.2 -0.005059879
26.21 -0.005077219
26.22 -0.00439586
26.23 -0.002095759
26.24 0.0007010807
26.25 0.0042976
26.26 0.008317422
26.27 0.01197718
26.28 0.01591744
26.29 0.01734748
26.3 0.0182971
26.31 0.0176698
26.32 0.01724548
26.33 0.0158185
26.34 0.01367038
26.35 0.01170076
26.36 0.008643822
26.37 0.00525436
26.38 0.00107236
26.39 -0.002489479
26.4 -0.005607619
26.41 -0.007813879
26.42 -0.00982022
26.43 -0.01104524
26.44 -0.01033736
26.45 -0.0092225
26.46 -0.007055
26.47 -0.003762439
26.48 -0.0004800798
26.49 0.00263908
26.5 0.00395692
26.51 0.00469234
26.52 0.0047566
26.53 0.00415072
26.54 0.002949159
26.55 0.0009734197
26.56 -0.0009115403
26.57 -0.00353702
26.58 -0.005967681
26.59 -0.007652721
26.6 -0.00813416
26.61 -0.00780878
26.62 -0.006940761
26.63 -0.005439321
26.64 -0.004442781
26.65 -0.003958282
26.66 -0.004784481
26.67 -0.005098641
26.68 -0.005132301
26.69 -0.004361182
26.7 -0.002310982
26.71 -0.000286282
26.72 0.002781877
26.73 0.005433878
26.74 0.008057319
26.75 0.01053694
26.76 0.01159468
26.77 0.01145698
26.78 0.009851496
26.79 0.007826795
26.8 0.005799036
26.81 0.002194356
26.82 -0.001755083
26.83 -0.005715743
26.84 -0.008894065
26.85 -0.01070049
26.86 -0.01268745
26.87 -0.01289145
26.88 -0.01298937
26.89 -0.01229169
26.9 -0.01133595
26.91 -0.01013949
26.92 -0.008383047
26.93 -0.007139666
26.94 -0.004084766
26.95 -0.001198167
26.96 0.003151113
26.97 0.007574853
26.98 0.01286661
26.99 0.01685481
27 0.02003823
27.01 0.02128365
27.02 0.02187831
27.03 0.02084097
27.04 0.01648965
27.05 0.01178439
27.06 0.005312491
27.07 -0.001164509
27.08 -0.007453829
27.09 -0.01152159
27.1 -0.01540983
27.11 -0.01751307
27.12 -0.01791699
27.13 -0.01705713
27.14 -0.01547307
27.15 -0.01321275
27.16 -0.01107381
27.17 -0.009243931
27.18 -0.007170272
27.19 -0.005326112
27.2 -0.003235112
27.21 -0.001948892
27.22 -0.001127794
27.23 -0.001214494
27.24 -0.000549454
27.25 5.234572e-05
27.26 0.0008999654
27.27 0.002417725
27.28 0.002861425
27.29 0.002574805
27.3 0.001790424
27.31 0.001287563
27.32 -9.351662e-05
27.33 -0.001255297
27.34 -0.002829157
27.35 -0.002443597
27.36 -0.000230198
27.37 0.003439761
27.38 0.008337801
27.39 0.01201286
27.4 0.01447616
27.41 0.015029
27.42 0.01352144
27.43 0.01074908
27.44 0.007066879
27.45 0.003353059
27.46 0.0001920783
27.47 -0.003021943
27.48 -0.004123543
27.49 -0.003922603
27.5 -0.002511943
27.51 -0.001453183
27.52 -0.0004729642
27.53 -0.0005810845
27.54 -0.002066205
27.55 -0.003163725
27.56 -0.005281246
27.57 -0.006761266
27.58 -0.007081546
27.59 -0.006177826
27.6 -0.002912808
27.61 0.001279392
27.62 0.005616432
27.63 0.00963115
27.64 0.01246573
27.65 0.01363057
27.66 0.01345411
27.67 0.01186087
27.68 0.009845349
27.69 0.007860428
27.7 0.006611947
27.71 0.007332067
27.72 0.008466306
27.73 0.01049101
27.74 0.01226581
27.75 0.01273195
27.76 0.01186189
27.77 0.009757624
27.78 0.006089703
27.79 0.001009083
27.8 -0.003578877
27.81 -0.007667038
27.82 -0.01070357
27.83 -0.01310669
27.84 -0.01454693
27.85 -0.01538741
27.86 -0.01604123
27.87 -0.01668792
27.88 -0.01733257
27.89 -0.01840969
27.9 -0.01928383
27.91 -0.02051395
27.92 -0.02227039
27.93 -0.02286811
27.94 -0.02345869
27.95 -0.02193073
27.96 -0.01927363
27.97 -0.01616773
27.98 -0.01219177
27.99 -0.008364728
28 -0.004299008
28.01 -0.001232889
28.02 0.001119231
28.03 0.00277163
28.04 0.00402317
28.05 0.004812648
28.06 0.004899348
28.07 0.006071327
28.08 0.005997887
28.09 0.004604566
28.1 0.003181666
28.11 0.001023345
28.12 -0.001312455
28.13 -0.004732516
28.14 -0.007722136
28.15 -0.009164417
28.16 -0.009679518
28.17 -0.008240298
28.18 -0.005878999
28.19 -0.003290239
28.2 -0.0005943803
28.21 0.001769979
28.22 0.003621278
28.23 0.005659237
28.24 0.007521757
28.25 0.009737196
28.26 0.01203831
28.27 0.01435065
28.28 0.01646103
28.29 0.01819809
28.3 0.01919055
28.31 0.02018811
28.32 0.02062467
28.33 0.01988517
28.34 0.01935681
28.35 0.01789209
28.36 0.01562361
28.37 0.01285737
28.38 0.01152525
28.39 0.01006869
28.4 0.007894045
28.41 0.006654745
28.42 0.005708184
28.43 0.004282223
28.44 0.003248963
28.45 0.002231002
28.46 0.002011701
28.47 0.003088821
28.48 0.00457802
28.49 0.006705739
28.5 0.008992578
28.51 0.01059908
28.52 0.01072556
28.53 0.01029818
28.54 0.008860995
28.55 0.007225935
28.56 0.004200614
28.57 0.001203853
28.58 -0.001511388
28.59 -0.005407788
28.6 -0.007691567
28.61 -0.009443929
28.62 -0.01040987
28.63 -0.01143905
28.64 -0.01178177
28.65 -0.01226423
28.66 -0.01293335
28.67 -0.01194089
28.68 -0.01234278
28.69 -0.01277424
28.7 -0.01269876
28.71 -0.01260186
28.72 -0.0114258
28.73 -0.00946638
28.74 -0.0071112
28.75 -0.004870261
28.76 -0.002105042
28.77 -0.0006974427
28.78 -1.404363e-05
28.79 9.509552e-05
28.8 -5.688533e-05
28.81 0.0007121939
28.82 0.001019213
28.83 0.001638352
28.84 0.001645491
28.85 0.00190763
28.86 0.001513909
28.87 0.0006999486
28.88 0.0001817878
28.89 -0.000604633
28.9 -0.000986114
28.91 -0.0008790148
28.92 -0.0009667358
28.93 -0.0008402566
28.94 -0.001147277
28.95 -0.001704198
28.96 -0.0009340994
28.97 -0.0007586602
28.98 0.0001970789
28.99 0.001683218
29 0.002091217
29.01 0.002053476
29.02 0.001352735
29.03 -0.0003720857
29.04 -0.001919427
29.05 -0.003634047
29.06 -0.005470048
29.07 -0.006390089
29.08 -0.00745497
29.09 -0.007790551
29.1 -0.007618172
29.11 -0.006535952
29.12 -0.005879074
29.13 -0.004977395
29.14 -0.003747275
29.15 -0.003297456
29.16 -0.002619158
29.17 -0.003569799
29.18 -0.00375442
29.19 -0.004551041
29.2 -0.006033102
29.21 -0.006778723
29.22 -0.008429083
29.23 -0.008163885
29.24 -0.006928665
29.25 -0.004834606
29.26 -0.001451268
29.27 0.001589351
29.28 0.00445249
29.29 0.006980049
29.3 0.007894988
29.31 0.008634487
29.32 0.008847667
29.33 0.007940884
29.34 0.007465564
29.35 0.006229323
29.36 0.006063062
29.37 0.005404141
29.38 0.004446361
29.39 0.003221339
29.4 0.002047318
29.41 0.002120757
29.42 0.002241116
29.43 0.003224395
29.44 0.004805394
29.45 0.006309893
29.46 0.007384972
29.47 0.007175871
29.48 0.006769909
29.49 0.006120168
29.5 0.005418408
29.51 0.004975727
29.52 0.005114445
29.53 0.005540804
29.54 0.006577122
29.55 0.006921883
29.56 0.006334361
29.57 0.00535618
29.58 0.002674599
29.59 0.0007253782
29.6 -0.001320743
29.61 -0.002452944
29.62 -0.003387265
29.63 -0.003788126
29.64 -0.004250187
29.65 -0.004877488
29.66 -0.00455415
29.67 -0.00484893
29.68 -0.004414411
29.69 -0.003825873
29.7 -0.003473974
29.71 -0.002794655
29.72 -0.002651856
29.73 -0.002941537
29.74 -0.003674918
29.75 -0.00373918
29.76 -0.00365554
29.77 -0.003776921
29.78 -0.003075163
29.79 -0.002119424
29.8 -0.000917865
29.81 0.0004377138
29.82 0.001216993
29.83 0.001052771
29.84 9.703037e-05
29.85 -0.001353411
29.86 -0.002350972
29.87 -0.003404632
29.88 -0.003687174
29.89 -0.003861595
29.9 -0.004520517
29.91 -0.003646377
29.92 -0.003293459
29.93 -0.00342096
29.94 -0.002712062
29.95 -0.002724302
29.96 -0.002109244
29.97 -0.001479905
29.98 -0.0006180059
29.99 0.000392813
30 0.001937092
30.01 0.00391283
30.02 0.00471353
30.03 0.005907948
30.04 0.006080327
30.05 0.006766786
30.06 0.007175805
30.07 0.007088083
30.08 0.007524642
30.09 0.007800041
30.1 0.008150919
30.11 0.008083598
30.12 0.007580737
30.13 0.006271056
30.14 0.004437095
30.15 0.002332834
30.16 0.001102712
30.17 -0.0003558886
30.18 -0.0007781699
30.19 -0.000682291
30.2 -0.0007108522
30.21 -0.0007332935
30.22 -0.0005456147
30.23 0.000294864
30.24 0.0002489628
30.25 0.0003162815
30.26 -0.0002946997
30.27 -0.001385081
30.28 -0.002274522
30.29 -0.003343484
30.3 -0.004223744
30.31 -0.004914286
30.32 -0.005062187
30.33 -0.005705808
30.34 -0.00672581
30.35 -0.00769379
30.36 -0.009112613
30.37 -0.009658314
30.38 -0.009251334
30.39 -0.008624036
30.4 -0.007792737
30.41 -0.005747638
30.42 -0.00386982
30.43 -0.001795141
30.44 -0.0001315222
30.45 0.001164897
30.46 0.002247115
30.47 0.002844834
30.48 0.002887673
30.49 0.003086571
30.5 0.00330281
30.51 0.003175309
30.52 0.003256907
30.53 0.003212026
30.54 0.003217125
30.55 0.003275264
30.56 0.002605122
30.57 0.002173661
30.58 0.00225118
30.59 0.002813199
30.6 0.003369097
30.61 0.003097776
30.62 0.003883175
30.63 0.004376853
30.64 0.005745692
30.65 0.00695133
30.66 0.00850377
30.67 0.01020003
30.68 0.01121493
30.69 0.01292037
30.7 0.01219821
30.71 0.01195238
30.72 0.0120146
30.73 0.01021838
30.74 0.00894032
30.75 0.007410317
30.76 0.005321357
30.77 0.003458835
30.78 0.001398434
30.79 -0.0004294075
30.8 -0.002595889
30.81 -0.00359651
30.82 -0.004296231
30.83 -0.004103452
30.84 -0.003486354
30.85 -0.003752575
30.86 -0.003536337
30.87 -0.003858658
30.88 -0.0047175
30.89 -0.00571302
30.9 -0.005444762
30.91 -0.006365824
30.92 -0.005957824
30.93 -0.005594706
30.94 -0.005428447
30.95 -0.004674669
30.96 -0.00453085
30.97 -0.004944972
30.98 -0.005151012
30.99 -0.004901114
31 -0.005251995
31.01 -0.004234036
31.02 -0.003843378
31.03 -0.002945779
31.04 -0.002698941
31.05 -0.002095102
31.06 -0.001577964
31.07 -0.002244025
31.08 -0.001696286
31.09 -0.001806448
31.1 -0.0009394488
31.11 0.0008955299
31.12 0.001859428
31.13 0.002819248
31.14 0.003862706
31.15 0.004202365
31.16 0.004053443
31.17 0.002397982
31.18 0.0005854404
31.19 -0.0005610409
31.2 -0.002378682
31.21 -0.003358903
31.22 -0.003768945
31.23 -0.003648586
31.24 -0.003722027
31.25 -0.003683269
31.26 -0.00368633
31.27 -0.004243251
31.28 -0.005487653
31.29 -0.007445034
31.3 -0.008809796
31.31 -0.01013784
31.32 -0.01070801
31.33 -0.0104469
31.34 -0.0106968
31.35 -0.01030512
31.36 -0.009692103
31.37 -0.009358565
31.38 -0.008694547
31.39 -0.007999927
31.4 -0.00703093
31.41 -0.005871191
31.42 -0.003934212
31.43 -0.001950314
31.44 -2.863474e-05
31.45 0.001880804
31.46 0.002123562
31.47 0.002309201
31.48 0.00309664
31.49 0.003235359
31.5 0.004266577
31.51 0.005075436
31.52 0.005028515
31.53 0.005123372
31.54 0.004427731
31.55 0.00399729
31.56 0.004109489
31.57 0.004050327
31.58 0.004067666
31.59 0.004097245
31.6 0.003476064
31.61 0.002869163
31.62 0.001446261
31.63 -0.0007589804
31.64 -0.001965642
31.65 -0.003394663
31.66 -0.004443224
31.67 -0.004978726
31.68 -0.005755967
31.69 -0.005721288
31.7 -0.005821249
31.71 -0.005117451
31.72 -0.004729853
31.73 -0.004255554
31.74 -0.003505855
31.75 -0.002822456
31.76 -0.001008898
31.77 0.0002548807
31.78 0.001695119
31.79 0.002640658
31.8 0.003896277
31.81 0.005116195
31.82 0.006757374
31.83 0.007980352
31.84 0.008448531
31.85 0.00917987
31.86 0.009831649
31.87 0.009871427
31.88 0.009912226
31.89 0.009243104
31.9 0.008821842
31.91 0.008382222
31.92 0.007049081
31.93 0.00562006
31.94 0.003282218
31.95 0.001044336
31.96 -0.001713745
31.97 -0.003657866
31.98 -0.005659107
31.99 -0.007043248
32 -0.00776643
32.01 -0.007690951
32.02 -0.006600572
32.03 -0.005780493
32.04 -0.004077095
32.05 -0.002153377
32.06 -0.0001092977
32.07 0.001717521
32.08 0.00385748
32.09 0.005451738
32.1 0.006684917
32.11 0.006767536
32.12 0.007215315
32.13 0.006452353
32.14 0.004067592
32.15 0.002136731
32.16 0.0003945692
32.17 -0.0008396321
32.18 -0.002037113
32.19 -0.001392475
32.2 -0.0001592958
32.21 0.001629783
32.22 0.002120401
32.23 0.00365448
32.24 0.005053919
32.25 0.004734658
32.26 0.005043716
32.27 0.004581655
32.28 0.004032894
32.29 0.003625913
32.3 0.003025131
32.31 0.00267119
32.32 0.002004109
32.33 0.001833767
32.34 0.002170366
32.35 0.002815005
32.36 0.003553484
32.37 0.003949242
32.38 0.003335201
32.39 0.00204796
32.4 0.0002496989
32.41 -0.002473703
32.42 -0.004776863
32.43 -0.006737304
32.44 -0.008495786
32.45 -0.009548427
32.46 -0.009901348
32.47 -0.009695309
32.48 -0.008824231
32.49 -0.008424392
32.5 -0.006913773
32.51 -0.006032494
32.52 -0.005136936
32.53 -0.003784417
32.54 -0.002844998
32.55 -0.00201982
32.56 -0.001937201
32.57 2.83382e-05
32.58 0.000182357
32.59 0.001477756
32.6 0.001989795
32.61 0.001844954
32.62 0.001868412
32.63 0.002080571
32.64 0.00225091
32.65 0.002327408
32.66 0.003608527
32.67 0.004393926
32.68 0.005501645
32.69 0.006413524
32.7 0.006870483
32.71 0.006716462
32.72 0.00629418
32.73 0.004872298
32.74 0.003805378
32.75 0.003842097
32.76 0.003800276
32.77 0.004373515
32.78 0.005950434
32.79 0.005913712
32.8 0.005692371
32.81 0.005901471
32.82 0.004987549
32.83 0.003610548
32.84 0.002306987
32.85 0.001062585
32.86 -0.0009151951
32.87 -0.002251396
32.88 -0.003600857
32.89 -0.004264878
32.9 -0.004998259
32.91 -0.0048371
32.92 -0.004021102
32.93 -0.003878303
32.94 -0.003012323
32.95 -0.002549245
32.96 -0.001169186
32.97 0.0004556731
32.98 0.001720472
32.99 0.003037291
33 0.00383391
33.01 0.003749249
33.02 0.004046067
33.03 0.004177647
33.04 0.003725786
33.05 0.003849204
33.06 0.003825743
33.07 0.003236183
33.08 0.002619082
33.09 0.00118904
33.1 -0.0005612802
33.11 -0.002109641
33.12 -0.003811002
33.13 -0.005683723
33.14 -0.006131504
33.15 -0.007155584
33.16 -0.007893046
33.17 -0.008008307
33.18 -0.007713527
33.19 -0.007027069
33.2 -0.00633347
33.21 -0.005381811
33.22 -0.004168011
33.23 -0.002427893
33.24 -0.001282434
33.25 0.0007198254
33.26 0.002066224
33.27 0.003397323
33.28 0.003960363
33.29 0.004136822
33.3 0.00403278
33.31 0.00361866
33.32 0.004174559
33.33 0.004479538
33.34 0.004514217
33.35 0.004835516
33.36 0.004296956
33.37 0.002928114
33.38 0.001751034
33.39 0.0001486131
33.4 -0.001862827
33.41 -0.003815109
33.42 -0.005678649
33.43 -0.00596833
33.44 -0.00654565
33.45 -0.007029132
33.46 -0.007433053
33.47 -0.008139914
33.48 -0.007591154
33.49 -0.007080135
33.5 -0.006657856
33.51 -0.006065236
33.52 -0.005707217
33.53 -0.005056458
33.54 -0.004350619
33.55 -0.00336734
33.56 -0.00234224
33.57 -0.001847542
33.58 -0.0009081219
33.59 0.0004913173
33.6 0.001705117
33.61 0.003678816
33.62 0.005061935
33.63 0.005790214
33.64 0.006225754
33.65 0.005985033
33.66 0.004987472
33.67 0.003698191
33.68 0.002243671
33.69 0.001893811
33.7 0.00127977
33.71 0.0009982493
33.72 0.001951948
33.73 0.002321188
33.74 0.001991727
33.75 0.001908087
33.76 0.001347086
33.77 0.0002781255
33.78 -0.0007102551
33.79 -0.001066236
33.8 -0.001037676
33.81 -0.0008479569
33.82 -5.847743e-05
33.83 0.000521902
33.84 0.001642881
33.85 0.001984581
33.86 0.00187544
33.87 0.00200294
33.88 0.00171734
33.89 0.001004358
33.9 0.0003637983
33.91 -0.0002788021
33.92 -0.0009509826
33.93 -0.001571143
33.94 -0.002270863
33.95 -0.002754344
33.96 -0.001978124
33.97 -0.001979145
33.98 -0.001967926
33.99 -0.001959766
34 -0.002508526
34.01 -0.003269447
34.02 -0.003778427
34.03 -0.004648487
34.04 -0.004742327
34.05 -0.003974268
34.06 -0.003197028
34.07 -0.001152949
34.08 0.0008023906
34.09 0.00259657
34.1 0.00360841
34.11 0.003979689
34.12 0.003911349
34.13 0.003408489
34.14 0.002083509
34.15 0.0008095283
34.16 -0.0005419719
34.17 -0.001669072
34.18 -0.002001592
34.19 -0.001795553
34.2 -0.0004001929
34.21 0.001232827
34.22 0.002898487
34.23 0.004072506
34.24 0.005529066
34.25 0.006831606
34.26 0.006102306
34.27 0.005078226
34.28 0.004173485
34.29 0.002535365
34.3 0.001085945
34.31 -0.0001258152
34.32 -0.001108075
34.33 -0.002046475
34.34 -0.003506095
34.35 -0.004513856
34.36 -0.005533857
34.37 -0.005893916
34.38 -0.005818436
34.39 -0.005748056
34.4 -0.004114016
34.41 -0.002084216
34.42 -0.0001829361
34.43 0.001864204
34.44 0.003176944
34.45 0.004008244
34.46 0.003358504
34.47 0.002376244
34.48 0.001191004
34.49 -0.0001543761
34.5 -0.001068297
34.51 -0.001931216
34.52 -0.001890416
34.53 -0.001902656
34.54 -0.001940396
34.55 -0.001301876
34.56 -0.0008143157
34.57 -0.0009948554
34.58 -0.0008540954
34.59 -0.0009989353
34.6 -0.0007123151
34.61 3.024511e-05
34.62 0.0001954852
34.63 0.001222626
34.64 0.002021286
34.65 0.002018226
34.66 0.002027406
34.67 0.002016187
34.68 0.002047807
34.69 0.001879507
34.7 0.0009992472
34.71 0.001114508
34.72 0.0009339676
34.73 0.001441928
34.74 0.002034548
34.75 0.001160409
34.76 0.002118189
34.77 0.002191629
34.78 0.00192235
34.79 0.00224365
34.8 0.00299335
34.81 0.003010691
34.82 0.003031091
34.83 0.002854631
34.84 0.002019252
34.85 0.001519452
34.86 0.0002862729
34.87 0.0001200134
34.88 -0.0005531861
34.89 -0.0009887257
34.9 -0.0008551051
34.91 -0.0009520046
34.92 -0.000855104
34.93 -0.0009724035
34.94 -0.000807163
34.95 -0.001161102
34.96 -0.001361021
34.97 -0.001931201
34.98 -0.001213121
34.99 -0.00094384
35 -0.0001319193
35.01 0.001226721
35.02 0.002771001
35.03 0.004213283
35.04 0.005128223
35.05 0.005801424
35.06 0.004958904
35.07 0.004424425
35.08 0.003290186
35.09 0.002410947
35.1 0.001359328
35.11 0.0004311285
35.12 -0.0001696507
35.13 -0.0009907499
35.14 -0.002529929
35.15 -0.003466288
35.16 -0.004567887
35.17 -0.004834106
35.18 -0.004885105
35.19 -0.004622965
35.2 -0.003915083
35.21 -0.003225563
35.22 -0.002800222
35.23 -0.002900181
35.24 -0.00256154
35.25 -0.003825319
35.26 -0.003839598
35.27 -0.003904877
35.28 -0.003668236
35.29 -0.002910375
35.3 -0.002306534
35.31 -0.001235533
35.32 -0.0002859117
35.33 0.0002557094
35.34 0.001189011
35.35 0.002023372
35.36 0.002017252
35.37 0.001988694
35.38 0.002070295
35.39 0.001803056
35.4 0.001094158
35.41 0.0004036187
35.42 -2.376006e-05
35.43 8.334119e-05
35.44 3.030246e-05
35.45 7.314375e-05
35.46 -9.413495e-05
35.47 -0.0005837335
35.48 -0.0005847523
35.49 -0.0006520709
35.5 -0.0009315496
35.51 -0.001527228
35.52 -0.002029066
35.53 -0.001829145
35.54 -0.002023963
35.55 -0.001252842
35.56 -0.000899921
35.57 -0.0009356197
35.58 -0.000979478
35.59 -0.0008580965
35.6 -0.001610855
35.61 -0.001925013
35.62 -0.002530892
35.63 -0.00298683
35.64 -0.002470709
35.65 -0.002650227
35.66 -0.002014766
35.67 -0.001274244
35.68 -0.0009366223
35.69 -0.0003664405
35.7 0.0001282613
35.71 -3.085705e-05
35.72 5.788467e-05
35.73 -2.535702e-07
35.74 3.44282e-05
35.75 1.300999e-05
35.76 1.607179e-05
35.77 3.851362e-05
35.78 -0.0001328445
35.79 -0.001006983
35.8 -0.001310941
35.81 -0.001729138
35.82 -0.001793397
35.83 -0.0009855551
35.84 -0.0008111332
35.85 5.888864e-06
35.86 0.0005485309
35.87 0.001283953
35.88 0.001867395
35.89 0.002168296
35.9 0.002924119
35.91 0.002546721
35.92 0.002247863
35.93 0.001893925
35.94 0.002010208
35.95 0.001787849
35.96 0.0009279918
35.97 0.001175854
35.98 0.001396176
35.99 0.0006770783
36 9.031724e-05
36.01 -0.000191187
36.02 -0.0009883516
36.03 -0.0008224032
36.04 4.672158e-05
36.05 -3.954673e-05
36.06 0.0001777008
36.07 0.001053837
36.08 0.0003547613
36.09 -6.517059e-06
36.1 -0.00105641
36.11 -0.002931052
36.12 -0.003818627
36.13 -0.003903697
36.14 -0.003676305
36.15 -0.002681026
36.16 -0.001880504
36.17 -0.001287357
36.18 -0.0007315759
36.19 -0.0009840576
36.2 -0.0007093143
36.21 -0.001553554
36.22 -0.001650054
36.23 -0.000832846
36.24 -0.0002528391
36.25 0.0004165074
36.26 0.001187005
36.27 0.002714259
36.28 0.003584161
36.29 0.004787113
36.3 0.006014912
36.31 0.006923286
36.32 0.007253903
36.33 0.007523972
36.34 0.007649632
36.35 0.00695769
36.36 0.005796009
36.37 0.003836867
36.38 0.002523568
36.39 0.001289652
36.4 4.611646e-06
36.41 -0.001187476
36.42 -0.002095811
36.43 -0.002962009
36.44 -0.003950312
36.45 -0.00457161
36.46 -0.005181021
36.47 -0.005546288
36.48 -0.005258241
36.49 -0.004034259
36.5 -0.003908751
36.51 -0.002639816
36.52 -0.001700005
36.53 -0.0009286547
36.54 0.0002427192
36.55 0.0005931458
36.56 0.001753344
36.57 0.001856574
36.58 0.002469085
36.59 0.002799883
36.6 0.002706407
36.61 0.002663597
36.62 0.003184902
36.63 0.003579367
36.64 0.003377232
36.65 0.003460474
36.66 0.003195403
36.67 0.002447024
36.68 0.002488227
36.69 0.001856477
36.7 0.001129863
36.71 0.0009621074
36.72 0.0005845445
36.73 0.0008071463
36.74 0.001479671
36.75 0.001368583
36.76 0.001593442
36.77 0.002026007
36.78 0.001355622
36.79 0.001200847
36.8 0.0003711335
36.81 -0.0007705779
36.82 -0.001631715
36.83 -0.002339853
36.84 -0.003149718
36.85 -0.003377699
36.86 -0.003258286
36.87 -0.003267625
36.88 -0.003053583
36.89 -0.002355469
36.9 -0.00237723
36.91 -0.002161011
36.92 -0.001507869
36.93 -0.001515873
36.94 -0.00103484
36.95 -0.0005042003
36.96 -3.5174e-05
36.97 0.000169439
36.98 0.0007329616
36.99 0.0007279826
37 0.0007087229
37.01 0.000701878
37.02 0.000684606
37.03 0.0006637243
37.04 0.0007507084
37.05 0.0013763
37.06 0.00120464
37.07 0.001840442
37.08 0.002308593
37.09 0.002444909
37.1 0.002394912
37.11 0.001969139
37.12 0.001839045
37.13 0.001168393
37.14 0.0009988653
37.15 0.0005642165
37.16 -0.0001224319
37.17 -0.0004622124
37.18 -0.001025968
37.19 -0.001641632
37.2 -0.002474563
37.21 -0.003079565
37.22 -0.003598562
37.23 -0.003759592
37.24 -0.00384973
37.25 -0.003619867
37.26 -0.003293972
37.27 -0.002805475
37.28 -0.002379383
37.29 -0.001578878
37.3 -0.0008044278
37.31 8.377457e-05
37.32 0.001176904
37.33 0.001687759
37.34 0.002852354
37.35 0.003330387
37.36 0.003571799
37.37 0.003748513
37.38 0.003515899
37.39 0.003548852
37.4 0.002989321
37.41 0.002807465
37.42 0.002263406
37.43 0.001599673
37.44 0.001275349
37.45 0.000910779
37.46 0.00043091
37.47 1.326925e-05
37.48 -0.0002845283
37.49 -0.0005861624
37.5 -0.0009963336
37.51 -0.001369817
37.52 -0.001586277
37.53 -0.001830859
37.54 -0.001367549
37.55 -0.001241802
37.56 -0.0009029974
37.57 -0.0007813759
37.58 -0.0009833327
37.59 -0.001050919
37.6 -0.001180107
37.61 -0.001498818
37.62 -0.002063218
37.63 -0.002416141
37.64 -0.00248645
37.65 -0.00235852
37.66 -0.002294095
37.67 -0.002210145
37.68 -0.0019046
37.69 -0.001578202
37.7 -0.001218128
37.71 -0.0006041431
37.72 -0.0002183375
37.73 8.405829e-06
37.74 0.000272288
37.75 0.0002754286
37.76 0.0002898153
37.77 6.930766e-05
37.78 -8.511612e-05
37.79 -1.47519e-05
37.8 -4.996663e-05
37.81 3.788683e-05
37.82 0.0003467385
37.83 0.0007754188
37.84 0.001146033
37.85 0.001500657
37.86 0.001735437
37.87 0.001775275
37.88 0.001818969
37.89 0.001604664
37.9 0.001333209
37.91 0.001091651
37.92 0.001035389
37.93 0.0008273907
37.94 0.000647892
37.95 0.0006711398
37.96 0.0005925372
37.97 0.0006003145
37.98 0.0005237527
37.99 0.0005458118
38 0.0003120639
38.01 0.0002307143
38.02 2.817304e-05
38.03 -0.0003224687
38.04 -0.000496301
38.05 -0.0007351121
38.06 -0.0008612493
38.07 -0.000854453
38.08 -0.0006661698
38.09 -0.0005594912
38.1 -0.00043776
38.11 -0.0002699495
38.12 -0.0001407503
38.13 -0.0001118197
38.14 -0.0001360641
38.15 -8.375794e-05
38.16 6.114878e-05
38.17 4.982928e-05
38.18 5.401698e-05
38.19 -6.875676e-05
38.2 -0.0001522536
38.21 -0.0001161436
38.22 -0.0002310391
38.23 -0.0003204508
38.24 -0.0004215402
38.25 -0.0004082355
38.26 -0.0003829924
38.27 -0.0003714358
38.28 -0.000342025
38.29 -0.0003405899
38.3 -0.0002815294
38.31 -0.0001701678
38.32 -6.514656e-05
38.33 -1.039847e-05
38.34 5.302546e-05
38.35 0.000142861
38.36 0.0002107157
38.37 0.0002103296
38.38 0.0001837008
38.39 0.0001837562
38.4 0.0001386087
38.41 4.425158e-05
38.42 -2.864485e-05
38.43 -0.0001016034
38.44 -0.0001677439
38.45 -0.0001674272
38.46 -0.0001526296
38.47 -0.000150642
38.48 -0.0001357571
38.49 -0.0001370751
38.5 -0.0001068899
38.51 -3.070882e-05
38.52 -2.947361e-05
38.53 -2.86077e-05
38.54 -2.739599e-05
38.55 -2.661874e-05
38.56 -2.582475e-05
38.57 -2.368943e-05
38.58 -2.646258e-05
38.59 -9.007976e-06
38.6 8.426459e-06
38.61 -3.794355e-05
38.62 9.899156e-06
38.63 6.535652e-05
38.64 2.260701e-05
38.65 -2.738753e-05
38.66 -2.216775e-05
38.67 -6.719461e-05
38.68 -0.0001509409
38.69 -0.0001679082
38.7 -0.0001994681
38.71 -0.0001948861
38.72 -0.0002123184
38.73 -0.0001827112
38.74 -0.0001295275
38.75 -7.613949e-05
38.76 -2.445774e-05
38.77 -2.131658e-05
38.78 -1.227362e-05
38.79 -1.263833e-05
38.8 -4.912817e-05
38.81 -6.622764e-05
38.82 -8.080651e-05
38.83 -8.169666e-05
38.84 -6.48402e-05
38.85 -4.651983e-05
38.86 -5.759098e-06
38.87 1.775231e-05
38.88 6.799659e-05
38.89 0.000103999
38.9 0.0001505482
38.91 0.0001813892
38.92 0.0002080653
38.93 0.0002200657
38.94 0.0002317366
38.95 0.0002145955
38.96 0.0001933124
38.97 0.0001743262
38.98 0.0001324964
38.99 0.0001127629
39 8.31127e-05
39.01 5.946683e-05
39.02 5.678298e-05
39.03 4.584156e-05
39.04 4.027049e-05
39.05 4.329411e-05
39.06 3.791014e-05
39.07 3.220857e-05
39.08 1.585824e-05
39.09 1.621959e-05
39.1 4.99654e-06
39.11 -5.318606e-07
39.12 1.115956e-06
39.13 5.609594e-07
39.14 1.323909e-06
39.15 1.099197e-06
39.16 1.713962e-06
39.17 1.500921e-06
39.18 2.204328e-06
39.19 1.712085e-06
39.2 3.011218e-06
39.21 -2.705993e-06
39.22 -4.354981e-06
39.23 -6.914542e-06
39.24 -9.643148e-06
39.25 -1.192658e-05
39.26 -8.819729e-06
39.27 -9.440428e-06
39.28 -2.848125e-06
39.29 3.07146e-06
39.3 8.428943e-06
39.31 1.520108e-05
39.32 1.853993e-05
39.33 2.026541e-05
39.34 1.927657e-05
39.35 2.010878e-05
39.36 1.678544e-05
39.37 1.35851e-05
39.38 1.296956e-05
39.39 9.729844e-06
39.4 6.609422e-06
39.41 5.587572e-06
39.42 3.493828e-06
39.43 2.291753e-06
39.44 3.684256e-07
39.45 5.856284e-07
39.46 4.521981e-07
39.47 1.96132e-07
39.48 3.307033e-07
39.49 1.097543e-06
39.5 1.067351e-06
39.51 3.002053e-06
39.52 4.162538e-06
39.53 5.349926e-06
39.54 7.404273e-06
39.55 7.76817e-06
39.56 8.29776e-06
39.57 8.477469e-06
39.58 8.089183e-06
39.59 7.157732e-06
39.6 6.37024e-06
39.61 5.539882e-06
39.62 4.597151e-06
39.63 3.954932e-06
39.64 3.377937e-06
39.65 2.994403e-06
39.66 2.79675e-06
39.67 2.719336e-06
39.68 2.511426e-06
39.69 2.307212e-06
39.7 2.202608e-06
39.71 2.07284e-06
39.72 2.041666e-06
39.73 2.048741e-06
39.74 2.00844e-06
39.75 1.911085e-06
39.76 1.904611e-06
39.77 1.83703e-06
39.78 1.768716e-06
39.79 1.687496e-06
39.8 1.583134e-06
39.81 1.500455e-06
39.82 1.419373e-06
39.83 1.353965e-06
39.84 1.298294e-06
39.85 1.239945e-06
39.86 1.189135e-06
39.87 1.142277e-06
39.88 1.105818e-06
39.89 1.076843e-06
39.9 1.05379e-06
39.91 1.034997e-06
39.92 1.018117e-06
39.93 1.00308e-06
39.94 9.894871e-07
39.95 9.767273e-07
39.96 9.645993e-07
39.97 9.5263e-07
39.98 9.40344e-07
39.99 9.273185e-07
