0 0.00112831
0.01 0.001124143
0.02 0.001112467
0.03 0.001083167
0.04 0.001046349
0.05 0.001029264
0.06 0.001040717
0.07 0.001072206
0.08 0.001104258
0.09 0.001116041
0.1 0.001111216
0.11 0.001109536
0.12 0.001111809
0.13 0.001112603
0.14 0.001130246
0.15 0.001184163
0.16 0.001149032
0.17 0.001044421
0.18 0.0009487646
0.19 0.0009262682
0.2 0.0009237479
0.21 0.0008447058
0.22 0.000571284
0.23 0.0002953418
0.24 0.0001929716
0.25 -7.748956e-06
0.26 -0.0001639969
0.27 -1.712382e-05
0.28 0.0003395414
0.29 0.0007465632
0.3 0.0008410597
0.31 0.0009285678
0.32 0.0008020544
0.33 0.0006238393
0.34 0.0006070101
0.35 0.0006149869
0.36 0.0006657251
0.37 0.001015562
0.38 0.001452533
0.39 0.00187077
0.4 0.002047222
0.41 0.002463052
0.42 0.002753821
0.43 0.002265281
0.44 0.00139559
0.45 0.0004242502
0.46 0.0002721375
0.47 0.0009184576
0.48 0.001542808
0.49 0.002132089
0.5 0.001968666
0.51 0.0007638249
0.52 -0.0002710273
0.53 -0.001638792
0.54 -0.002526457
0.55 -0.002083633
0.56 -0.0006723741
0.57 0.0007865515
0.58 0.001377109
0.59 0.001274814
0.6 0.0008358265
0.61 9.854613e-06
0.62 -0.0003630649
0.63 -0.001060543
0.64 -0.001598259
0.65 -0.0006892098
0.66 0.0004873458
0.67 0.001976843
0.68 0.003076376
0.69 0.002659892
0.7 0.0001069706
0.71 -0.002763421
0.72 -0.004137832
0.73 -0.003328319
0.74 -0.001263395
0.75 -4.486008e-05
0.76 0.0003959549
0.77 -0.0003374427
0.78 -0.001751912
0.79 -0.003844627
0.8 -0.005315057
0.81 -0.006857502
0.82 -0.008778347
0.83 -0.008638609
0.84 -0.007100321
0.85 -0.005823125
0.86 -0.004824451
0.87 -0.003039825
0.88 -0.001025188
0.89 -0.0006188215
0.9 -0.0009292196
0.91 -0.0009653151
0.92 -0.000906794
0.93 -0.0009314904
0.94 -0.0009968812
0.95 -0.00106352
0.96 -0.00108579
0.97 -0.001456223
0.98 -0.003447056
0.99 -0.005739254
1 -0.006227179
1.01 -0.006111453
1.02 -0.007340227
1.03 -0.008931393
1.04 -0.009122695
1.05 -0.006626918
1.06 -0.004326307
1.07 -0.001894815
1.08 0.000936092
1.09 0.003226977
1.1 0.003755264
1.11 0.003488588
1.12 0.003450722
1.13 0.003782627
1.14 0.005202569
1.15 0.006132667
1.16 0.006817453
1.17 0.008048699
1.18 0.008371774
1.19 0.008540227
1.2 0.01055035
1.21 0.01293936
1.22 0.01336262
1.23 0.01301069
1.24 0.01299942
1.25 0.01307239
1.26 0.01243269
1.27 0.01079727
1.28 0.009002528
1.29 0.0049082
1.3 -0.0009762225
1.31 -0.006258805
1.32 -0.009506034
1.33 -0.01197903
1.34 -0.01356005
1.35 -0.01364144
1.36 -0.01342602
1.37 -0.01346306
1.38 -0.0135585
1.39 -0.01462078
1.4 -0.01734767
1.41 -0.02084206
1.42 -0.02459821
1.43 -0.02586773
1.44 -0.02538758
1.45 -0.02414452
1.46 -0.02324292
1.47 -0.02548445
1.48 -0.02952116
1.49 -0.03073086
1.5 -0.02888747
1.51 -0.02336167
1.52 -0.01474965
1.53 -0.005547524
1.54 0.003071349
1.55 0.00837039
1.56 0.01312443
1.57 0.01860143
1.58 0.02297133
1.59 0.02694332
1.6 0.03031997
1.61 0.03297449
1.62 0.03416573
1.63 0.03212833
1.64 0.02753039
1.65 0.02303715
1.66 0.01737493
1.67 0.01259501
1.68 0.01267129
1.69 0.01659491
1.7 0.01980492
1.71 0.02004772
1.72 0.01840155
1.73 0.01433081
1.74 0.008433156
1.75 0.00215109
1.76 -0.005562716
1.77 -0.01343544
1.78 -0.02142261
1.79 -0.0291245
1.8 -0.0329888
1.81 -0.0332457
1.82 -0.03371611
1.83 -0.03619881
1.84 -0.03813446
1.85 -0.03942132
1.86 -0.03930462
1.87 -0.03423911
1.88 -0.02471092
1.89 -0.01446892
1.9 -0.006101664
1.91 0.0006288082
1.92 0.007693522
1.93 0.0142305
1.94 0.01959233
1.95 0.02347085
1.96 0.02495926
1.97 0.02566482
1.98 0.02558136
1.99 0.02728306
2 0.03042596
2.01 0.03335922
2.02 0.03602049
2.03 0.03824456
2.04 0.0378531
2.05 0.03234283
2.06 0.01797596
2.07 -0.004005224
2.08 -0.02015712
2.09 -0.02530812
2.1 -0.02029125
2.11 -0.009093841
2.12 0.0005922853
2.13 0.003117428
2.14 -0.0003307859
2.15 -0.006552834
2.16 -0.01266088
2.17 -0.01471812
2.18 -0.01390725
2.19 -0.0113163
2.2 -0.006195552
2.21 0.0007895784
2.22 0.009917123
2.23 0.01807383
2.24 0.02158063
2.25 0.02059579
2.26 0.01430107
2.27 0.004214943
2.28 -0.004193283
2.29 -0.006031436
2.3 -0.001627096
2.31 0.00551851
2.32 0.01163035
2.33 0.01540533
2.34 0.0133162
2.35 0.003795042
2.36 -0.008306202
2.37 -0.01628812
2.38 -0.01189705
2.39 0.008385789
2.4 0.03187829
2.41 0.04354444
2.42 0.04351037
2.43 0.03392045
2.44 0.01807449
2.45 -0.000476103
2.46 -0.01778591
2.47 -0.03002615
2.48 -0.03757504
2.49 -0.04207381
2.5 -0.04365808
2.51 -0.04294681
2.52 -0.03860162
2.53 -0.03056794
2.54 -0.02172779
2.55 -0.0145616
2.56 -0.01047957
2.57 -0.009633665
2.58 -0.009971141
2.59 -0.01001486
2.6 -0.01002046
2.61 -0.01137656
2.62 -0.01401856
2.63 -0.01479665
2.64 -0.0118113
2.65 -0.006184931
2.66 0.00113558
2.67 0.01309891
2.68 0.02638485
2.69 0.03368064
2.7 0.03521773
2.71 0.03212569
2.72 0.02465722
2.73 0.01250233
2.74 -0.001501473
2.75 -0.009056857
2.76 -0.01202588
2.77 -0.01385094
2.78 -0.01396236
2.79 -0.011626
2.8 -0.007347012
2.81 0.000355487
2.82 0.01447199
2.83 0.02906203
2.84 0.03738434
2.85 0.04128506
2.86 0.04236492
2.87 0.03956861
2.88 0.03132578
2.89 0.01637143
2.9 -0.00554714
2.91 -0.02316374
2.92 -0.03139159
2.93 -0.03417683
2.94 -0.03159819
2.95 -0.02212223
2.96 -0.006486509
2.97 0.009659205
2.98 0.02100764
2.99 0.02771215
3 0.03055611
3.01 0.03171136
3.02 0.03291523
3.03 0.03515035
3.04 0.03987562
3.05 0.04677948
3.06 0.0529531
3.07 0.05725804
3.08 0.05706114
3.09 0.05323334
3.1 0.04446707
3.11 0.03120631
3.12 0.01571633
3.13 0.003532938
3.14 -0.002980519
3.15 -0.007793039
3.16 -0.0124006
3.17 -0.01692467
3.18 -0.02240821
3.19 -0.02830046
3.2 -0.03239132
3.21 -0.03265881
3.22 -0.02946001
3.23 -0.0238131
3.24 -0.01889324
3.25 -0.01909282
3.26 -0.0244451
3.27 -0.02964418
3.28 -0.03338467
3.29 -0.0360161
3.3 -0.04053055
3.31 -0.04865068
3.32 -0.05778824
3.33 -0.06477659
3.34 -0.06789525
3.35 -0.06613292
3.36 -0.06067338
3.37 -0.05568589
3.38 -0.05365062
3.39 -0.05146748
3.4 -0.04823966
3.41 -0.0421206
3.42 -0.0325186
3.43 -0.01934541
3.44 -0.004234377
3.45 0.00746026
3.46 0.0145232
3.47 0.01954491
3.48 0.02599607
3.49 0.03358196
3.5 0.04335076
3.51 0.05431641
3.52 0.06257803
3.53 0.06603025
3.54 0.06405859
3.55 0.05302974
3.56 0.0337363
3.57 0.01342973
3.58 0.001751775
3.59 -7.289592e-05
3.6 0.003048639
3.61 0.00807455
3.62 0.01043925
3.63 0.009442745
3.64 0.005381502
3.65 -0.001364945
3.66 -0.005428547
3.67 -0.007499413
3.68 -0.007333062
3.69 -0.003731491
3.7 0.002727448
3.71 0.008982354
3.72 0.01302376
3.73 0.01471752
3.74 0.01397493
3.75 0.01074526
3.76 0.006072141
3.77 0.0006127548
3.78 -0.004159499
3.79 -0.005240093
3.8 -0.003472662
3.81 0.00118128
3.82 0.006073326
3.83 0.008685862
3.84 0.007711847
3.85 0.003925889
3.86 -0.001364245
3.87 -0.007866544
3.88 -0.01251456
3.89 -0.01400569
3.9 -0.01453361
3.91 -0.01398934
3.92 -0.0115885
3.93 -0.008901304
3.94 -0.009959401
3.95 -0.01495201
3.96 -0.02180783
3.97 -0.02809062
3.98 -0.03163888
3.99 -0.03113025
4 -0.02475257
4.01 -0.01445675
4.02 -0.005484922
4.03 -0.002285501
4.04 -0.004089271
4.05 -0.009830542
4.06 -0.01841746
4.07 -0.02666106
4.08 -0.0299685
4.09 -0.02537705
4.1 -0.01727103
4.11 -0.008199478
4.12 -0.002418174
4.13 -0.0006599921
4.14 -0.0006057875
4.15 -0.0005903732
4.16 0.00100778
4.17 0.00524888
4.18 0.0102383
4.19 0.01671011
4.2 0.02556435
4.21 0.03572293
4.22 0.04342927
4.23 0.04857567
4.24 0.04930617
4.25 0.04721107
4.26 0.04556052
4.27 0.04478917
4.28 0.04631183
4.29 0.04983343
4.3 0.05493995
4.31 0.05886655
4.32 0.05909774
4.33 0.05612407
4.34 0.05118426
4.35 0.04593686
4.36 0.04043246
4.37 0.03354245
4.38 0.02376116
4.39 0.01117656
4.4 -0.006402092
4.41 -0.02819863
4.42 -0.04788189
4.43 -0.06429279
4.44 -0.07742123
4.45 -0.08440231
4.46 -0.08475119
4.47 -0.08163391
4.48 -0.07409755
4.49 -0.05877124
4.5 -0.03720861
4.51 -0.01296123
4.52 0.008252667
4.53 0.0210545
4.54 0.02532567
4.55 0.02333898
4.56 0.01826979
4.57 0.01241599
4.58 0.006737259
4.59 -9.90797e-05
4.6 -0.007613477
4.61 -0.01807449
4.62 -0.03464048
4.63 -0.0479887
4.64 -0.05408901
4.65 -0.05287193
4.66 -0.04311098
4.67 -0.02549372
4.68 -0.007485529
4.69 0.005968424
4.7 0.01428092
4.71 0.02089644
4.72 0.02865757
4.73 0.03473293
4.74 0.03925682
4.75 0.04239407
4.76 0.04400902
4.77 0.04498363
4.78 0.04422688
4.79 0.04120468
4.8 0.03717124
4.81 0.02850523
4.82 0.008149765
4.83 -0.01917715
4.84 -0.03682086
4.85 -0.042484
4.86 -0.0407982
4.87 -0.03502011
4.88 -0.02657901
4.89 -0.01873869
4.9 -0.01260879
4.91 -0.005132951
4.92 0.002533695
4.93 0.007064839
4.94 0.009479002
4.95 0.01170712
4.96 0.01243581
4.97 0.009353068
4.98 0.001182247
4.99 -0.0106256
5 -0.02270347
5.01 -0.03089855
5.02 -0.03440789
5.03 -0.03748598
5.04 -0.04065814
5.05 -0.04151612
5.06 -0.0361174
5.07 -0.02130015
5.08 0.003599995
5.09 0.02577348
5.1 0.035858
5.11 0.03840957
5.12 0.04010373
5.13 0.04093209
5.14 0.04067085
5.15 0.0390709
5.16 0.03448446
5.17 0.02579893
5.18 0.01162469
5.19 -0.007648069
5.2 -0.02641819
5.21 -0.03764066
5.22 -0.041421
5.23 -0.04269962
5.24 -0.0357263
5.25 -0.01742161
5.26 0.005115128
5.27 0.0205285
5.28 0.02764435
5.29 0.0302869
5.3 0.03367443
5.31 0.03826541
5.32 0.04346402
5.33 0.04753616
5.34 0.04926792
5.35 0.04734797
5.36 0.04264861
5.37 0.03212233
5.38 0.01589509
5.39 -0.004025055
5.4 -0.02211219
5.41 -0.03233223
5.42 -0.03727936
5.43 -0.03884621
5.44 -0.03834399
5.45 -0.03673656
5.46 -0.03591168
5.47 -0.03503312
5.48 -0.03028677
5.49 -0.02459407
5.5 -0.02114307
5.51 -0.01682624
5.52 -0.01255475
5.53 -0.009721583
5.54 -0.00561067
5.55 0.002570994
5.56 0.01360587
5.57 0.02093114
5.58 0.02066681
5.59 0.01532172
5.6 0.002194337
5.61 -0.01559953
5.62 -0.02564428
5.63 -0.02724131
5.64 -0.02449835
5.65 -0.01885985
5.66 -0.01161011
5.67 -0.005025979
5.68 0.0005003275
5.69 0.006011427
5.7 0.01281705
5.71 0.02127116
5.72 0.0302476
5.73 0.04031224
5.74 0.0497393
5.75 0.05666599
5.76 0.05944376
5.77 0.05883669
5.78 0.05567713
5.79 0.04692392
5.8 0.03094622
5.81 0.008293942
5.82 -0.01082293
5.83 -0.01780573
5.84 -0.01725452
5.85 -0.01453448
5.86 -0.01070216
5.87 -0.007624576
5.88 -0.006558587
5.89 -0.007362006
5.9 -0.008238313
5.91 -0.009844265
5.92 -0.01144444
5.93 -0.009505891
5.94 -0.007024266
5.95 -0.003245396
5.96 0.00099083
5.97 0.001905846
5.98 0.000870896
5.99 -0.002852605
6 -0.01003006
6.01 -0.01823777
6.02 -0.0302024
6.03 -0.04466813
6.04 -0.05635379
6.05 -0.06451914
6.06 -0.06764028
6.07 -0.06468805
6.08 -0.05775599
6.09 -0.04892986
6.1 -0.03710608
6.11 -0.01964579
6.12 0.004146085
6.13 0.03178666
6.14 0.05752411
6.15 0.07541062
6.16 0.08614384
6.17 0.09164824
6.18 0.09022691
6.19 0.08278149
6.2 0.07048883
6.21 0.04960595
6.22 0.02670747
6.23 0.009991578
6.24 -0.007158176
6.25 -0.02428175
6.26 -0.04035961
6.27 -0.05401539
6.28 -0.06541941
6.29 -0.07261079
6.3 -0.07453335
6.31 -0.07028627
6.32 -0.06073442
6.33 -0.0468423
6.34 -0.02976874
6.35 -0.01026373
6.36 0.0108527
6.37 0.0332119
6.38 0.04881573
6.39 0.0560132
6.4 0.05748133
6.41 0.05279565
6.42 0.04028241
6.43 0.02297921
6.44 0.006461127
6.45 -0.004718199
6.46 -0.009011965
6.47 -0.00755523
6.48 3.550261e-05
6.49 0.01517526
6.5 0.03288394
6.51 0.04828469
6.52 0.06195102
6.53 0.06858517
6.54 0.06820443
6.55 0.06605989
6.56 0.06060861
6.57 0.05140472
6.58 0.0391955
6.59 0.02774345
6.6 0.02066256
6.61 0.01924742
6.62 0.01990086
6.63 0.01987018
6.64 0.01839468
6.65 0.01499778
6.66 0.007399014
6.67 -0.005503385
6.68 -0.01938061
6.69 -0.0309354
6.7 -0.04196963
6.71 -0.05498601
6.72 -0.0692314
6.73 -0.0813322
6.74 -0.08697983
6.75 -0.08637526
6.76 -0.07999737
6.77 -0.06965532
6.78 -0.06197419
6.79 -0.06187455
6.8 -0.06870949
6.81 -0.08031783
6.82 -0.09369745
6.83 -0.1011404
6.84 -0.1009517
6.85 -0.09491117
6.86 -0.08493657
6.87 -0.07162162
6.88 -0.05408983
6.89 -0.0326601
6.9 -0.009613856
6.91 0.01382069
6.92 0.03618764
6.93 0.05534179
6.94 0.07025686
6.95 0.08038998
6.96 0.08623359
6.97 0.08795529
6.98 0.08625377
6.99 0.0823716
7 0.07713057
7.01 0.07264572
7.02 0.06859261
7.03 0.06420457
7.04 0.05929137
7.05 0.0582659
7.06 0.06451858
7.07 0.07658545
7.08 0.0893533
7.09 0.09582899
7.1 0.09416713
7.11 0.08732189
7.12 0.0738746
7.13 0.05123649
7.14 0.02529592
7.15 0.005191814
7.16 -0.003490603
7.17 -0.007048117
7.18 -0.01032462
7.19 -0.01704673
7.2 -0.03188218
7.21 -0.05587162
7.22 -0.08751679
7.23 -0.1188676
7.24 -0.1430371
7.25 -0.1579709
7.26 -0.1643979
7.27 -0.1613851
7.28 -0.1454022
7.29 -0.1104022
7.3 -0.06438493
7.31 -0.02031783
7.32 0.01770247
7.33 0.05306433
7.34 0.08667684
7.35 0.1345258
7.36 0.1756351
7.37 0.1720119
7.38 0.155657
7.39 0.1471603
7.4 0.1400093
7.41 0.130862
7.42 0.1217963
7.43 0.1095275
7.44 0.07901031
7.45 0.03042094
7.46 -0.02371214
7.47 -0.06776227
7.48 -0.09523467
7.49 -0.1129161
7.5 -0.1304584
7.51 -0.1477356
7.52 -0.1588563
7.53 -0.1648199
7.54 -0.1660107
7.55 -0.1561514
7.56 -0.1338167
7.57 -0.1022798
7.58 -0.07077173
7.59 -0.04605914
7.6 -0.02655367
7.61 -0.009428304
7.62 0.004706174
7.63 0.01174705
7.64 0.01360669
7.65 0.01256337
7.66 0.01016191
7.67 0.009339758
7.68 0.0099108
7.69 0.01406461
7.7 0.02398655
7.71 0.03640766
7.72 0.0503433
7.73 0.06518849
7.74 0.07794785
7.75 0.08576485
7.76 0.08680943
7.77 0.08486209
7.78 0.08032513
7.79 0.07221411
7.8 0.05848622
7.81 0.04151789
7.82 0.02702948
7.83 0.01818902
7.84 0.01348132
7.85 0.009659098
7.86 0.005012648
7.87 -0.002673683
7.88 -0.01271851
7.89 -0.02311829
7.9 -0.03117373
7.91 -0.03630661
7.92 -0.03852099
7.93 -0.03839809
7.94 -0.03940348
7.95 -0.04413325
7.96 -0.04773412
7.97 -0.04320401
7.98 -0.02801785
7.99 -0.006511783
8 0.008771864
8.01 0.01276871
8.02 0.01197078
8.03 0.01175883
8.04 0.01204192
8.05 0.01261615
8.06 0.01394318
8.07 0.01338564
8.08 0.01010564
8.09 0.003322549
8.1 -0.007220411
8.11 -0.01821024
8.12 -0.02601785
8.13 -0.03001902
8.14 -0.02942694
8.15 -0.02392116
8.16 -0.01447293
8.17 -0.002076381
8.18 0.007700177
8.19 0.01323106
8.2 0.01833241
8.21 0.02407614
8.22 0.02977569
8.23 0.03520537
8.24 0.03830403
8.25 0.03641753
8.26 0.02921757
8.27 0.01495046
8.28 -0.00944441
8.29 -0.03631179
8.3 -0.05887875
8.31 -0.07706876
8.32 -0.09121505
8.33 -0.1013717
8.34 -0.1065397
8.35 -0.1074954
8.36 -0.1023836
8.37 -0.08821538
8.38 -0.06096087
8.39 -0.02196586
8.4 0.01782273
8.41 0.04428983
8.42 0.06007495
8.43 0.07169356
8.44 0.0806865
8.45 0.08778149
8.46 0.0914127
8.47 0.0923023
8.48 0.09055884
8.49 0.08360744
8.5 0.07266538
8.51 0.05323852
8.52 0.02574673
8.53 0.003309799
8.54 -0.01026229
8.55 -0.02116788
8.56 -0.03228485
8.57 -0.0413169
8.58 -0.04678239
8.59 -0.04985341
8.6 -0.04996247
8.61 -0.04428844
8.62 -0.03011579
8.63 -0.01144883
8.64 0.004749116
8.65 0.01357203
8.66 0.01495494
8.67 0.01413322
8.68 0.0141324
8.69 0.0141043
8.7 0.01237943
8.71 0.008790655
8.72 0.002828051
8.73 -0.005388988
8.74 -0.01265414
8.75 -0.01666749
8.76 -0.01909709
8.77 -0.0212824
8.78 -0.02280762
8.79 -0.025231
8.8 -0.02947429
8.81 -0.0331432
8.82 -0.03332598
8.83 -0.03127729
8.84 -0.02763615
8.85 -0.02007298
8.86 -0.01202845
8.87 -0.003668239
8.88 0.00409437
8.89 0.01185543
8.9 0.02024909
8.91 0.02765897
8.92 0.03326501
8.93 0.03812618
8.94 0.04225038
8.95 0.0454841
8.96 0.04831217
8.97 0.05172727
8.98 0.0534471
8.99 0.05453684
9 0.05431446
9.01 0.05279935
9.02 0.0519872
9.03 0.04956677
9.04 0.04639497
9.05 0.04339592
9.06 0.04157024
9.07 0.03912597
9.08 0.03439058
9.09 0.02582116
9.1 0.0115666
9.11 -0.008404506
9.12 -0.02688506
9.13 -0.03919353
9.14 -0.04566301
9.15 -0.04721393
9.16 -0.0451324
9.17 -0.04081468
9.18 -0.03428733
9.19 -0.02856204
9.2 -0.02443507
9.21 -0.02113271
9.22 -0.01830485
9.23 -0.01566962
9.24 -0.01405985
9.25 -0.01278046
9.26 -0.01192002
9.27 -0.01193942
9.28 -0.01215739
9.29 -0.01359037
9.3 -0.0176295
9.31 -0.02219309
9.32 -0.02699965
9.33 -0.03255926
9.34 -0.036114
9.35 -0.0358549
9.36 -0.03270164
9.37 -0.03023153
9.38 -0.02828339
9.39 -0.0246403
9.4 -0.02011923
9.41 -0.01524618
9.42 -0.007322807
9.43 0.002951081
9.44 0.01138765
9.45 0.01689361
9.46 0.02038104
9.47 0.0199132
9.48 0.01718966
9.49 0.01565398
9.5 0.01525557
9.51 0.01422528
9.52 0.01203082
9.53 0.0115837
9.54 0.01134302
9.55 0.00897998
9.56 0.005569849
9.57 9.284298e-05
9.58 -0.008039035
9.59 -0.01548523
9.6 -0.02166958
9.61 -0.02521422
9.62 -0.02644735
9.63 -0.02595656
9.64 -0.0227691
9.65 -0.01663108
9.66 -0.006253614
9.67 0.005064372
9.68 0.01594327
9.69 0.02519983
9.7 0.03156604
9.71 0.03602259
9.72 0.03646964
9.73 0.03235472
9.74 0.02751143
9.75 0.02351011
9.76 0.0199078
9.77 0.01874279
9.78 0.02097254
9.79 0.02428483
9.8 0.02793736
9.81 0.03245265
9.82 0.03396345
9.83 0.03045327
9.84 0.01975735
9.85 0.002677232
9.86 -0.01333283
9.87 -0.02371514
9.88 -0.03261931
9.89 -0.04080434
9.9 -0.04869051
9.91 -0.05466043
9.92 -0.05568855
9.93 -0.05495209
9.94 -0.05399908
9.95 -0.05172106
9.96 -0.04967439
9.97 -0.04623078
9.98 -0.04045596
9.99 -0.03373157
10 -0.02373548
10.01 -0.01117331
10.02 -0.001577171
10.03 0.002769689
10.04 0.004998216
10.05 0.006948305
10.06 0.008411562
10.07 0.009697451
10.08 0.01152334
10.09 0.01435276
10.1 0.0173436
10.11 0.02012679
10.12 0.02269041
10.13 0.02395529
10.14 0.02385044
10.15 0.02363594
10.16 0.02213089
10.17 0.01933052
10.18 0.01888452
10.19 0.02102285
10.2 0.02406861
10.21 0.02686752
10.22 0.0283578
10.23 0.02591899
10.24 0.02042446
10.25 0.01539152
10.26 0.009323075
10.27 0.002992115
10.28 -0.0005661185
10.29 -0.001533983
10.3 -0.0009959446
10.31 -0.0006714228
10.32 -0.002876367
10.33 -0.006919623
10.34 -0.01003863
10.35 -0.01172576
10.36 -0.01302143
10.37 -0.01036641
10.38 -0.005522027
10.39 -0.001248174
10.4 0.001224326
10.41 0.0005211912
10.42 -0.003955227
10.43 -0.01476676
10.44 -0.03124139
10.45 -0.04699903
10.46 -0.05746522
10.47 -0.0675129
10.48 -0.07493042
10.49 -0.07702914
10.5 -0.0762217
10.51 -0.0704262
10.52 -0.05671561
10.53 -0.03696862
10.54 -0.01115136
10.55 0.01746814
10.56 0.04285826
10.57 0.06744605
10.58 0.09005239
10.59 0.1048623
10.6 0.1137369
10.61 0.117309
10.62 0.1152068
10.63 0.1068927
10.64 0.0927892
10.65 0.07096657
10.66 0.0481065
10.67 0.03062889
10.68 0.01761879
10.69 0.008904088
10.7 0.004318278
10.71 0.002224629
10.72 0.002020839
10.73 0.002248381
10.74 0.002232601
10.75 0.00218645
10.76 0.002202319
10.77 0.002214505
10.78 0.002212449
10.79 0.001964423
10.8 -0.0001970152
10.81 -0.005975319
10.82 -0.01433903
10.83 -0.02081933
10.84 -0.02371008
10.85 -0.02533961
10.86 -0.02443947
10.87 -0.02202681
10.88 -0.02141358
10.89 -0.02204942
10.9 -0.02504834
10.91 -0.02996784
10.92 -0.03245566
10.93 -0.03427486
10.94 -0.03811086
10.95 -0.04118539
10.96 -0.0415965
10.97 -0.04210245
10.98 -0.04151666
10.99 -0.04080132
11 -0.04085235
11.01 -0.04073987
11.02 -0.03934279
11.03 -0.03887881
11.04 -0.04043594
11.05 -0.0401664
11.06 -0.03702145
11.07 -0.03208324
11.08 -0.02591306
11.09 -0.01732205
11.1 -0.00624965
11.11 0.005291405
11.12 0.01653173
11.13 0.02762822
11.14 0.03830491
11.15 0.04579874
11.16 0.04889643
11.17 0.04981023
11.18 0.04960515
11.19 0.04717633
11.2 0.04114283
11.21 0.03177187
11.22 0.01931397
11.23 0.005517069
11.24 -0.004474102
11.25 -0.009548879
11.26 -0.0153114
11.27 -0.02085816
11.28 -0.0249454
11.29 -0.02836615
11.3 -0.0290508
11.31 -0.02598932
11.32 -0.02115305
11.33 -0.01665511
11.34 -0.01160076
11.35 -0.007143818
11.36 -0.001827632
11.37 0.006857902
11.38 0.01812727
11.39 0.02929943
11.4 0.03712085
11.41 0.04104289
11.42 0.04415198
11.43 0.04534761
11.44 0.04490609
11.45 0.04279786
11.46 0.03613917
11.47 0.0240469
11.48 0.008646657
11.49 -0.005191274
11.5 -0.01594814
11.51 -0.02396674
11.52 -0.03130374
11.53 -0.0384455
11.54 -0.04163728
11.55 -0.04104478
11.56 -0.03657658
11.57 -0.02719734
11.58 -0.01336822
11.59 0.002464126
11.6 0.01606361
11.61 0.02528911
11.62 0.02874659
11.63 0.02700482
11.64 0.01902343
11.65 0.003019568
11.66 -0.01478708
11.67 -0.02508034
11.68 -0.02744506
11.69 -0.02682875
11.7 -0.02670343
11.71 -0.02671447
11.72 -0.0243315
11.73 -0.01997329
11.74 -0.01415707
11.75 -0.00435146
11.76 0.008282064
11.77 0.0200944
11.78 0.0295631
11.79 0.03575548
11.8 0.03928744
11.81 0.04037873
11.82 0.03993557
11.83 0.03700738
11.84 0.02985247
11.85 0.02005957
11.86 0.008675899
11.87 -0.0002072508
11.88 -0.005553369
11.89 -0.008290314
11.9 -0.009920187
11.91 -0.0125283
11.92 -0.01488288
11.93 -0.01347241
11.94 -0.008822649
11.95 -0.00245858
11.96 0.006124772
11.97 0.01428952
11.98 0.02036095
11.99 0.02562374
12 0.03084567
12.01 0.03328458
12.02 0.03152181
12.03 0.02327942
12.04 0.01123209
12.05 0.001989705
12.06 -0.002849538
12.07 -0.004989156
12.08 -0.006317871
12.09 -0.009410892
12.1 -0.01491869
12.11 -0.02069988
12.12 -0.02497131
12.13 -0.02899746
12.14 -0.03180082
12.15 -0.0312689
12.16 -0.0293887
12.17 -0.02761163
12.18 -0.02496621
12.19 -0.02141622
12.2 -0.01554955
12.21 -0.006902782
12.22 0.001802511
12.23 0.008125333
12.24 0.01110691
12.25 0.01273786
12.26 0.01540333
12.27 0.01631058
12.28 0.0154399
12.29 0.01228558
12.3 0.00789376
12.31 0.003510792
12.32 -0.0005401906
12.33 -0.003466937
12.34 -0.004666898
12.35 -0.00389736
12.36 -0.002987744
12.37 -0.002227714
12.38 -0.000871091
12.39 0.0009809427
12.4 0.00372404
12.41 0.00610726
12.42 0.008097219
12.43 0.0107721
12.44 0.0103809
12.45 0.008638644
12.46 0.007558785
12.47 0.004234825
12.48 0.0003968404
12.49 -0.00328878
12.5 -0.006197802
12.51 -0.008630443
12.52 -0.008258033
12.53 -0.005090158
12.54 -0.002922664
12.55 -0.002769514
12.56 -0.001830232
12.57 -0.000707977
12.58 -0.001292745
12.59 -0.003870205
12.6 -0.0069912
12.61 -0.009336153
12.62 -0.008604219
12.63 -0.004873008
12.64 -0.001025623
12.65 0.001424445
12.66 0.001130604
12.67 -0.003803959
12.68 -0.008350524
12.69 -0.01142552
12.7 -0.01463813
12.71 -0.01560613
12.72 -0.01493754
12.73 -0.01340445
12.74 -0.01140669
12.75 -0.007787629
12.76 -0.00421343
12.77 -0.001705791
12.78 -0.000351971
12.79 0.0005833224
12.8 0.0004721688
12.81 0.0003578539
12.82 -0.0007157925
12.83 -0.003818702
12.84 -0.008754744
12.85 -0.01199868
12.86 -0.01523349
12.87 -0.01750477
12.88 -0.01635214
12.89 -0.01292853
12.9 -0.008530628
12.91 -0.004315664
12.92 0.0007404478
12.93 0.006788248
12.94 0.01460765
12.95 0.02057432
12.96 0.0218233
12.97 0.02187403
12.98 0.02107211
12.99 0.02063836
13 0.02075837
13.01 0.0208307
13.02 0.02142032
13.03 0.02375213
13.04 0.02579283
13.05 0.02591625
13.06 0.02493559
13.07 0.02156297
13.08 0.01640845
13.09 0.009700398
13.1 0.003281967
13.11 -0.002190431
13.12 -0.007739288
13.13 -0.01340958
13.14 -0.01817121
13.15 -0.02114325
13.16 -0.02240563
13.17 -0.02236726
13.18 -0.02222951
13.19 -0.02293546
13.2 -0.02539776
13.21 -0.02937994
13.22 -0.03257988
13.23 -0.03540458
13.24 -0.03686155
13.25 -0.03657296
13.26 -0.03425969
13.27 -0.03027316
13.28 -0.02675901
13.29 -0.02226211
13.3 -0.0164044
13.31 -0.01056048
13.32 -0.004121253
13.33 0.001566725
13.34 0.005795158
13.35 0.009280497
13.36 0.01219241
13.37 0.01479401
13.38 0.01623297
13.39 0.01620049
13.4 0.01650027
13.41 0.01815965
13.42 0.01966652
13.43 0.02073869
13.44 0.02090435
13.45 0.02075944
13.46 0.02021148
13.47 0.01731966
13.48 0.01269873
13.49 0.009583153
13.5 0.009057512
13.51 0.01119601
13.52 0.01431596
13.53 0.01797315
13.54 0.0222609
13.55 0.02686782
13.56 0.03201187
13.57 0.03578363
13.58 0.03906359
13.59 0.0431814
13.6 0.04499103
13.61 0.04341775
13.62 0.04118132
13.63 0.03831625
13.64 0.03620185
13.65 0.03286859
13.66 0.028401
13.67 0.02405175
13.68 0.02049861
13.69 0.01784436
13.7 0.01605738
13.71 0.01436604
13.72 0.01022676
13.73 0.004218785
13.74 -0.001115547
13.75 -0.005015532
13.76 -0.007754553
13.77 -0.00852748
13.78 -0.01087163
13.79 -0.01341029
13.8 -0.01483233
13.81 -0.01597046
13.82 -0.01735118
13.83 -0.01911619
13.84 -0.02145244
13.85 -0.02232313
13.86 -0.02204873
13.87 -0.02194596
13.88 -0.02202714
13.89 -0.02164378
13.9 -0.01952856
13.91 -0.01643413
13.92 -0.01255389
13.93 -0.007284822
13.94 -0.002956222
13.95 -0.000704298
13.96 0.0003660685
13.97 0.001776828
13.98 0.003456227
13.99 0.005858245
14 0.007467332
14.01 0.009358115
14.02 0.0115064
14.03 0.01198498
14.04 0.01167984
14.05 0.01165406
14.06 0.01175122
14.07 0.01180746
14.08 0.01177174
14.09 0.01061725
14.1 0.007830564
14.11 0.004793886
14.12 0.002493554
14.13 0.000550225
14.14 -0.002118938
14.15 -0.002852319
14.16 -0.002713893
14.17 -0.004515685
14.18 -0.00707687
14.19 -0.00768709
14.2 -0.007547931
14.21 -0.009800117
14.22 -0.01227571
14.23 -0.01283383
14.24 -0.01462958
14.25 -0.01677688
14.26 -0.01667068
14.27 -0.01375265
14.28 -0.01072846
14.29 -0.006179427
14.3 0.0003165475
14.31 0.005180203
14.32 0.008819129
14.33 0.01209806
14.34 0.01672683
14.35 0.02188904
14.36 0.02518308
14.37 0.02654098
14.38 0.02656371
14.39 0.02599369
14.4 0.02393268
14.41 0.02166919
14.42 0.02107855
14.43 0.01892206
14.44 0.01488396
14.45 0.01181811
14.46 0.009229611
14.47 0.005536739
14.48 0.001261282
14.49 -0.002069704
14.5 -0.005777319
14.51 -0.008066826
14.52 -0.00995367
14.53 -0.01189477
14.54 -0.01442991
14.55 -0.0165539
14.56 -0.01664137
14.57 -0.01628003
14.58 -0.01542208
14.59 -0.01301318
14.6 -0.01136011
14.61 -0.01144304
14.62 -0.01168357
14.63 -0.01161024
14.64 -0.01178621
14.65 -0.01410216
14.66 -0.01648889
14.67 -0.01610242
14.68 -0.01359945
14.69 -0.01147379
14.7 -0.01006408
14.71 -0.007547562
14.72 -0.004510573
14.73 -0.001632652
14.74 0.001112478
14.75 0.004053382
14.76 0.006756441
14.77 0.007854149
14.78 0.006749897
14.79 0.002943802
14.8 -0.000755718
14.81 -0.004530678
14.82 -0.009988751
14.83 -0.01587056
14.84 -0.02091711
14.85 -0.02424369
14.86 -0.02784016
14.87 -0.03337413
14.88 -0.03951212
14.89 -0.04411182
14.9 -0.04591269
14.91 -0.04773271
14.92 -0.04850929
14.93 -0.04710282
14.94 -0.04495183
14.95 -0.04220723
14.96 -0.03857817
14.97 -0.03425629
14.98 -0.03084173
14.99 -0.02695999
15 -0.02253939
15.01 -0.01679657
15.02 -0.009619374
15.03 -0.003643528
15.04 -0.000688495
15.05 0.001745055
15.06 0.003392835
15.07 0.003326621
15.08 0.003071737
15.09 0.003146371
15.1 0.002972498
15.11 0.001948405
15.12 0.002547586
15.13 0.004387816
15.14 0.007049622
15.15 0.0111882
15.16 0.01520213
15.17 0.01802469
15.18 0.02060579
15.19 0.02249865
15.2 0.02382105
15.21 0.02461867
15.22 0.02283371
15.23 0.01908448
15.24 0.01384518
15.25 0.007929643
15.26 0.001079186
15.27 -0.004013097
15.28 -0.005526488
15.29 -0.003518914
15.3 -0.001151876
15.31 0.0002799387
15.32 0.002964098
15.33 0.00745414
15.34 0.01063167
15.35 0.0117376
15.36 0.01285133
15.37 0.01343854
15.38 0.01457004
15.39 0.01609394
15.4 0.01757443
15.41 0.01698203
15.42 0.01427094
15.43 0.01277729
15.44 0.01305445
15.45 0.01329776
15.46 0.01319764
15.47 0.01316067
15.48 0.01337997
15.49 0.01434876
15.5 0.0144177
15.51 0.01494286
15.52 0.01475889
15.53 0.01464719
15.54 0.01686901
15.55 0.01833065
15.56 0.01810848
15.57 0.01788924
15.58 0.01798523
15.59 0.01782322
15.6 0.01613403
15.61 0.01227342
15.62 0.005599379
15.63 -0.0009290095
15.64 -0.00635164
15.65 -0.01032233
15.66 -0.01310936
15.67 -0.01570817
15.68 -0.01686585
15.69 -0.01565262
15.7 -0.01465378
15.71 -0.01227887
15.72 -0.009813669
15.73 -0.007683198
15.74 -0.005900541
15.75 -0.005593609
15.76 -0.005571693
15.77 -0.004142218
15.78 -0.002539994
15.79 -0.001078305
15.8 0.0003832478
15.81 0.003088725
15.82 0.007105246
15.83 0.009537678
15.84 0.01073917
15.85 0.01210247
15.86 0.01478933
15.87 0.01929661
15.88 0.02464474
15.89 0.02789095
15.9 0.02896347
15.91 0.03010101
15.92 0.03143743
15.93 0.03085375
15.94 0.02841854
15.95 0.02683695
15.96 0.02460664
15.97 0.01950335
15.98 0.01375219
15.99 0.009390515
16 0.006031045
16.01 0.002634076
16.02 -0.0005544762
16.03 -0.001096499
16.04 -0.0006329224
16.05 -0.0006240157
16.06 -0.0007653764
16.07 -0.001691363
16.08 -0.004198246
16.09 -0.006269807
16.1 -0.009224263
16.11 -0.01297968
16.12 -0.01664867
16.13 -0.0217056
16.14 -0.02630436
16.15 -0.02886956
16.16 -0.02948646
16.17 -0.02930568
16.18 -0.02926441
16.19 -0.02906319
16.2 -0.02656942
16.21 -0.02384137
16.22 -0.02186455
16.23 -0.01923632
16.24 -0.01612161
16.25 -0.01218335
16.26 -0.007889043
16.27 -0.003987652
16.28 -0.001863292
16.29 0.0002130401
16.3 0.002972182
16.31 0.004903134
16.32 0.00749833
16.33 0.009275996
16.34 0.009153628
16.35 0.008879126
16.36 0.008793254
16.37 0.007609807
16.38 0.006106571
16.39 0.004664399
16.4 0.004114315
16.41 0.004129843
16.42 0.002719468
16.43 -0.0001753144
16.44 -0.002596316
16.45 -0.003851858
16.46 -0.005946849
16.47 -0.007836401
16.48 -0.009232505
16.49 -0.01053359
16.5 -0.01138674
16.51 -0.01041785
16.52 -0.009715546
16.53 -0.009879401
16.54 -0.009979562
16.55 -0.008823834
16.56 -0.004364341
16.57 0.0008693295
16.58 0.005040126
16.59 0.008467885
16.6 0.0103782
16.61 0.01310618
16.62 0.01605618
16.63 0.0186041
16.64 0.01906289
16.65 0.01870905
16.66 0.01869484
16.67 0.01877907
16.68 0.01876586
16.69 0.01874634
16.7 0.0187485
16.71 0.01792162
16.72 0.01497568
16.73 0.01187015
16.74 0.008210149
16.75 0.005185731
16.76 0.004107527
16.77 0.003377993
16.78 0.000607431
16.79 0.001064389
16.8 0.004194368
16.81 0.004836119
16.82 0.00425977
16.83 0.004233907
16.84 0.004372755
16.85 0.004353203
16.86 0.004321584
16.87 0.004329538
16.88 0.004322096
16.89 0.003600192
16.9 0.001227691
16.91 -0.0006317476
16.92 -0.0009317714
16.93 -0.002511417
16.94 -0.004959655
16.95 -0.004879444
16.96 -0.003969958
16.97 -0.003977227
16.98 -0.004608882
16.99 -0.00543605
17 -0.005523052
17.01 -0.006286239
17.02 -0.008735637
17.03 -0.01062004
17.04 -0.01240406
17.05 -0.01454626
17.06 -0.0152715
17.07 -0.01702801
17.08 -0.01956468
17.09 -0.01858739
17.1 -0.01656182
17.11 -0.01513609
17.12 -0.01476737
17.13 -0.01490987
17.14 -0.01494063
17.15 -0.01454264
17.16 -0.01248271
17.17 -0.00863559
17.18 -0.005167175
17.19 -0.002487662
17.2 0.0001461709
17.21 0.003139597
17.22 0.004532145
17.23 0.004222977
17.24 0.003975336
17.25 0.004062335
17.26 0.004096147
17.27 0.004066189
17.28 0.004060477
17.29 0.004065949
17.3 0.004062505
17.31 0.003407711
17.32 0.0005850078
17.33 -0.001558635
17.34 -0.00290315
17.35 -0.004762891
17.36 -0.007262412
17.37 -0.00975753
17.38 -0.01118219
17.39 -0.01313145
17.4 -0.01497035
17.41 -0.01393586
17.42 -0.01074241
17.43 -0.007681939
17.44 -0.005007208
17.45 -0.002250894
17.46 0.0005674989
17.47 0.003159728
17.48 0.003884431
17.49 0.00215973
17.5 0.0005068719
17.51 -0.0006688042
17.52 -0.0007431119
17.53 0.0008964794
17.54 0.003386109
17.55 0.004228073
17.56 0.003841574
17.57 0.002568965
17.58 0.0001555366
17.59 -0.001476828
17.6 -0.003351462
17.61 -0.005582865
17.62 -0.007911325
17.63 -0.01038895
17.64 -0.01083161
17.65 -0.01045633
17.66 -0.01044775
17.67 -0.01054063
17.68 -0.01052966
17.69 -0.01026363
17.7 -0.008122094
17.71 -0.00367392
17.72 -0.0006586941
17.73 0.001256412
17.74 0.003610302
17.75 0.004105263
17.76 0.003720221
17.77 0.00368965
17.78 0.003781309
17.79 0.003768902
17.8 0.0037457
17.81 0.003748971
17.82 0.003750413
17.83 0.003745927
17.84 0.003742797
17.85 0.004084927
17.86 0.006597968
17.87 0.008749765
17.88 0.009315401
17.89 0.01133476
17.9 0.01351852
17.91 0.01499834
17.92 0.01679951
17.93 0.01592354
17.94 0.01346175
17.95 0.0118732
17.96 0.009526111
17.97 0.006536946
17.98 0.003670443
17.99 0.0009014027
18 -0.001049319
18.01 -0.001303207
18.02 -0.001054753
18.03 -0.001067926
18.04 -0.001103177
18.05 0.0003274697
18.06 0.003430203
18.07 0.006389404
18.08 0.008946168
18.09 0.01194703
18.1 0.01353301
18.11 0.01320608
18.12 0.0118012
18.13 0.009295581
18.14 0.007902913
18.15 0.007603754
18.16 0.006340587
18.17 0.005456622
18.18 0.003336388
18.19 0.0008436251
18.2 0.000609281
18.21 0.0009601424
18.22 0.0008886704
18.23 0.0008028175
18.24 0.000828949
18.25 0.0008409215
18.26 0.0008400102
18.27 0.001495728
18.28 0.002977766
18.29 0.003437563
18.3 0.00288983
18.31 0.001786309
18.32 0.002427337
18.33 0.004100802
18.34 0.00547927
18.35 0.005841963
18.36 0.006932078
18.37 0.007928465
18.38 0.007202799
18.39 0.004686922
18.4 0.002570274
18.41 5.382565e-05
18.42 -0.002399868
18.43 -0.004524983
18.44 -0.006549359
18.45 -0.006980302
18.46 -0.006701306
18.47 -0.006695081
18.48 -0.006828625
18.49 -0.006859875
18.5 -0.006840875
18.51 -0.0068431
18.52 -0.006851787
18.53 -0.006854506
18.54 -0.006879279
18.55 -0.006945041
18.56 -0.006972779
18.57 -0.006966826
18.58 -0.006963985
18.59 -0.006028488
18.6 -0.003004817
18.61 -0.001703868
18.62 -0.002135757
18.63 -0.002307981
18.64 -0.002931687
18.65 -0.005921455
18.66 -0.007650261
18.67 -0.009133974
18.68 -0.01168377
18.69 -0.01228969
18.7 -0.01281174
18.71 -0.01580139
18.72 -0.01706154
18.73 -0.01455093
18.74 -0.0118045
18.75 -0.01097674
18.76 -0.007982768
18.77 -0.004087135
18.78 -0.001183971
18.79 0.002489516
18.8 0.006312483
18.81 0.007376281
18.82 0.00691202
18.83 0.006840072
18.84 0.007910394
18.85 0.007977169
18.86 0.006849525
18.87 0.006101038
18.88 0.004052423
18.89 0.0001337798
18.9 -0.003208762
18.91 -0.005700522
18.92 -0.005662197
18.93 -0.003255158
18.94 -0.002402859
18.95 -0.002793049
18.96 -0.002888248
18.97 -0.002804506
18.98 -0.00342698
18.99 -0.005737308
19 -0.007867037
19.01 -0.008053739
19.02 -0.007741031
19.03 -0.007777286
19.04 -0.007850842
19.05 -0.007867751
19.06 -0.007918313
19.07 -0.007457683
19.08 -0.004666189
19.09 -0.002655826
19.1 -0.002850861
19.11 -0.002345038
19.12 -0.0009222964
19.13 -0.0006378724
19.14 -0.001299482
19.15 -0.002728778
19.16 -0.003400043
19.17 -0.00329277
19.18 -0.003424586
19.19 -0.004449986
19.2 -0.0046071
19.21 -0.005288324
19.22 -0.005999186
19.23 -0.007073856
19.24 -0.008294897
19.25 -0.008452754
19.26 -0.008263554
19.27 -0.008275613
19.28 -0.008549521
19.29 -0.01088459
19.3 -0.01331153
19.31 -0.01293418
19.32 -0.01102737
19.33 -0.01044183
19.34 -0.01057377
19.35 -0.009399472
19.36 -0.007841189
19.37 -0.005813592
19.38 -0.003776241
19.39 -0.003397467
19.4 -0.003691759
19.41 -0.003721374
19.42 -0.00371404
19.43 -0.003762607
19.44 -0.003954645
19.45 -0.00624008
19.46 -0.008837312
19.47 -0.008997456
19.48 -0.00857264
19.49 -0.008664134
19.5 -0.008819509
19.51 -0.008808319
19.52 -0.008785202
19.53 -0.008797579
19.54 -0.008807409
19.55 -0.008844076
19.56 -0.009028746
19.57 -0.01050602
19.58 -0.01308135
19.59 -0.01522347
19.6 -0.01787816
19.61 -0.01880196
19.62 -0.01849936
19.63 -0.01778529
19.64 -0.01502764
19.65 -0.01311034
19.66 -0.01075917
19.67 -0.006866855
19.68 -0.003661867
19.69 -0.001775199
19.7 0.001557436
19.71 0.005434488
19.72 0.006370009
19.73 0.005982895
19.74 0.006083428
19.75 0.007257774
19.76 0.01040961
19.77 0.01182472
19.78 0.0116304
19.79 0.01247177
19.8 0.01246221
19.81 0.01159803
19.82 0.0101159
19.83 0.007403537
19.84 0.006527747
19.85 0.006113528
19.86 0.006165784
19.87 0.006182237
19.88 0.007070671
19.89 0.007659507
19.9 0.007857217
19.91 0.009520158
19.92 0.01196789
19.93 0.01266533
19.94 0.01235682
19.95 0.01230675
19.96 0.01234659
19.97 0.01140021
19.98 0.008462699
19.99 0.006417705
20 0.004611554
20.01 0.003332534
20.02 0.003343775
20.03 0.003646017
20.04 0.005001326
20.05 0.007687939
20.06 0.008425529
20.07 0.00802394
20.08 0.008825747
20.09 0.0116133
20.1 0.01202527
20.11 0.01123469
20.12 0.01193559
20.13 0.01224994
20.14 0.01196567
20.15 0.01189437
20.16 0.0134157
20.17 0.01562968
20.18 0.0162802
20.19 0.01807672
20.2 0.01935402
20.21 0.01893598
20.22 0.01820122
20.23 0.01594232
20.24 0.0132092
20.25 0.01015257
20.26 0.00718524
20.27 0.004819015
20.28 0.002771152
20.29 0.001304077
20.3 -0.0008291212
20.31 -0.002008986
20.32 -0.001127214
20.33 0.0009560991
20.34 0.002230414
20.35 0.002428351
20.36 0.003751224
20.37 0.005396187
20.38 0.005612063
20.39 0.005278644
20.4 0.005387096
20.41 0.006683553
20.42 0.008246172
20.43 0.008468664
20.44 0.008209234
20.45 0.00957397
20.46 0.01101899
20.47 0.01077956
20.48 0.01020724
20.49 0.009933996
20.5 0.009540484
20.51 0.008219234
20.52 0.006356088
20.53 0.005573771
20.54 0.005551375
20.55 0.005403945
20.56 0.00514186
20.57 0.004920949
20.58 0.004689493
20.59 0.00448325
20.6 0.004792767
20.61 0.005441233
20.62 0.005890117
20.63 0.005529169
20.64 0.005497138
20.65 0.004727682
20.66 0.002810068
20.67 0.001405002
20.68 0.0001221792
20.69 -0.001025155
20.7 -0.00290032
20.71 -0.00385066
20.72 -0.003812192
20.73 -0.004704623
20.74 -0.005311461
20.75 -0.005083102
20.76 -0.004144916
20.77 -0.003221111
20.78 -0.002993579
20.79 -0.002514661
20.8 -0.001569035
20.81 -0.0006789989
20.82 -0.0006044381
20.83 -0.000827687
20.84 -0.0009152009
20.85 -0.0009679332
20.86 -0.001056221
20.87 -0.001119637
20.88 -0.0004716365
20.89 0.0004039914
20.9 0.000339871
20.91 -1.259229e-05
20.92 6.653071e-06
20.93 0.0002791731
20.94 -0.0001182147
20.95 -0.000769632
20.96 -0.001094341
20.97 -0.001775176
20.98 -0.002530391
20.99 -0.002691325
21 -0.002744257
21.01 -0.003456187
21.02 -0.00397017
21.03 -0.003865713
21.04 -0.003556007
21.05 -0.003465967
21.06 -0.00366497
21.07 -0.003607255
21.08 -0.003338395
21.09 -0.003434518
21.1 -0.003578097
21.11 -0.003932621
21.12 -0.004480698
21.13 -0.004737582
21.14 -0.004603618
21.15 -0.004364793
21.16 -0.004157926
21.17 -0.003762727
21.18 -0.003128701
21.19 -0.002672831
21.2 -0.002164154
21.21 -0.001560069
21.22 -0.001198131
21.23 -0.001203989
21.24 -0.001352983
21.25 -0.001469711
21.26 -0.001636311
21.27 -0.001902533
21.28 -0.002062382
21.29 -0.00211089
21.3 -0.002246109
21.31 -0.002388029
21.32 -0.002396416
21.33 -0.002357327
21.34 -0.002335979
21.35 -0.002317243
21.36 -0.002290781
21.37 -0.002233253
21.38 -0.002168115
21.39 -0.002179604
21.4 -0.002192893
21.41 -0.002159217
21.42 -0.002152901
21.43 -0.002214422
21.44 -0.002260604
21.45 -0.002223303
21.46 -0.002153446
21.47 -0.002089512
21.48 -0.002001842
21.49 -0.001883471
21.5 -0.001775764
21.51 -0.001698972
21.52 -0.001618421
21.53 -0.001539909
21.54 -0.001470789
21.55 -0.0014082
21.56 -0.001357564
21.57 -0.001303712
21.58 -0.001256262
21.59 -0.001216533
21.6 -0.001176332
21.61 -0.001134747
21.62 -0.001093065
21.63 -0.001050645
21.64 -0.00100747
21.65 -0.0009657363
21.66 -0.0009244957
21.67 -0.0008826475
21.68 -0.000840584
21.69 -0.000798879
21.7 -0.0007572409
21.71 -0.0007153572
21.72 -0.0006735192
21.73 -0.000631652
21.74 -0.000589893
21.75 -0.0005483427
21.76 -0.0005070358
21.77 -0.0004660049
21.78 -0.0004252989
21.79 -0.0003849375
21.8 -0.0003449422
21.81 -0.0003053449
21.82 -0.0002661693
