0 -0.0008244301
0.02 0.0001670233
0.04 -0.0008937632
0.06 -0.0005275699
0.08 0.0005852633
0.1 0.0003710766
0.12 -0.0007590702
0.14 0.002935383
0.16 0.001372756
0.18 -0.001618891
0.2 0.001909302
0.22 0.001246315
0.24 -0.0005560119
0.26 0.002504001
0.28 0.006259653
0.3 0.002692727
0.32 0.0003865193
0.34 -0.001803408
0.36 -0.0007293352
0.38 0.0007568173
0.4 0.002341909
0.42 -0.001744198
0.44 -0.003857625
0.46 -0.0003814525
0.48 -0.00117092
0.5 -0.0001733477
0.52 -0.003859615
0.54 -0.005615023
0.56 0.004361609
0.58 0.006022181
0.6 0.002411393
0.62 0.0003999657
0.64 -0.001034142
0.66 -0.00142071
0.68 0.001354721
0.7 0.001771914
0.72 -0.004194054
0.74 -0.003267883
0.76 -0.00351777
0.78 0.001691381
0.8 -0.000252727
0.82 0.0004184446
0.84 0.003454996
0.86 0.005254288
0.88 0.001348719
0.9 -0.002962809
0.92 -0.001628637
0.94 -0.003399346
0.96 -0.0009686744
0.98 -0.000942143
1 -0.001972332
1.02 -0.00384096
1.04 0.0003339109
1.06 -0.002340518
1.08 -0.0004871666
1.1 -0.002877015
1.12 -0.006212404
1.14 -0.005854373
1.16 -0.005845182
1.18 -0.002209891
1.2 0.001142859
1.22 0.00226487
1.24 0.001638601
1.26 0.0001840924
1.28 -0.0001453567
1.3 0.001189834
1.32 0.0009848248
1.34 -0.003373625
1.36 -0.005952174
1.38 -0.006536623
1.4 -0.003500072
1.42 -0.0002003621
1.44 -0.0004176115
1.46 0.002168098
1.48 -0.00170177
1.5 0.0001882998
1.52 0.00253533
1.54 0.006731621
1.56 0.004805871
1.58 0.003074941
1.6 0.001732631
1.62 -0.0002900185
1.64 0.006043172
1.66 0.006242081
1.68 0.004549912
1.7 -0.003498898
1.72 -0.007145388
1.74 -0.001688378
1.76 0.005487332
1.78 0.008555502
1.8 0.003339231
1.82 -0.0009600584
1.84 -0.005135928
1.86 -0.006372158
1.88 0.0003343508
1.9 0.00332806
1.92 0.00358715
1.94 0.00861576
1.96 0.01056702
1.98 0.005705719
2 -0.007684832
2.02 -0.007826602
2.04 -0.002069713
2.06 0.002979297
2.08 0.004103346
2.1 0.002958915
2.12 0.002111306
2.14 -0.001246525
2.16 0.001018904
2.18 0.001415693
2.2 -0.0007854578
2.22 -0.0004070286
2.24 0.00340778
2.26 0.00764283
2.28 0.0003039386
2.3 -0.006015972
2.32 -0.007890723
2.34 -0.003640374
2.36 -0.002109346
2.38 0.0002285035
2.4 0.005270372
2.42 0.005735501
2.44 0.0002601501
2.46 0.0006967189
2.48 -0.001417732
2.5 -0.009327823
2.52 -0.007790675
2.54 -0.006267806
2.56 0.002416482
2.58 0.001438311
2.6 0.00178104
2.62 0.001990148
2.64 -0.001273844
2.66 -0.002400935
2.68 -0.001488026
2.7 -0.0004567981
2.72 0.0007202902
2.74 0.006872938
2.76 0.004168927
2.78 -0.007392764
2.8 -0.008908476
2.82 -0.003352528
2.84 -0.00530174
2.86 0.0005143081
2.88 0.003551876
2.9 0.01002888
2.92 0.008353032
2.94 0.00959438
2.96 0.008723308
2.98 -0.001715364
3 -0.008398395
3.02 -0.01197145
3.04 -0.005753519
3.06 -0.01208261
3.08 -0.007677224
3.1 -0.005026236
3.12 -0.0008625882
3.14 0.002670699
3.16 0.007286207
3.18 0.009012055
3.2 0.008093043
3.22 0.00603265
3.24 -0.0008758019
3.26 -0.002313994
3.28 -0.003166706
3.3 -0.009346879
3.32 -0.009964991
3.34 -0.0001474842
3.36 -0.001045077
3.38 -0.001362289
3.4 0.005849118
3.42 0.005717545
3.44 0.01061865
3.46 0.0081217
3.48 0.001461107
3.5 -0.0008563252
3.52 -0.008470618
3.54 -0.00352157
3.56 -7.906362e-05
3.58 0.005609484
3.6 0.00789531
3.62 0.008208457
3.64 0.01035046
3.66 0.0006298719
3.68 -4.026102e-05
3.7 0.000709446
3.72 -0.003030886
3.74 0.00223232
3.76 0.007996347
3.78 0.004261114
3.8 0.00264952
3.82 0.005463707
3.84 0.003749095
3.86 -0.002079179
3.88 -0.004310932
3.9 0.003440054
3.92 0.001676482
3.94 0.002164048
3.96 -0.003609145
3.98 -0.006814998
4 -0.01422733
4.02 -0.01071139
4.04 0.002270161
4.06 -0.003832492
4.08 -0.009441466
4.1 -0.007603419
4.12 0.002428287
4.14 -0.002478926
4.16 -0.00120698
4.18 0.001961146
4.2 0.006012593
4.22 0.007921019
4.24 0.01127274
4.26 0.008324952
4.28 -0.004332221
4.3 -0.006635376
4.32 0.0001415107
4.34 0.005481217
4.36 -0.0001389769
4.38 -0.00431077
4.4 -0.004297504
4.42 -0.009285298
4.44 -0.006870952
4.46 -0.006022306
4.48 -0.00335092
4.5 0.002874146
4.52 -0.0004469682
4.54 0.004630598
4.56 0.003167924
4.58 0.00175115
4.6 -9.504446e-05
4.62 0.002983321
4.64 0.005426227
4.66 0.004845853
4.68 0.008001739
4.7 0.002716104
4.72 -0.00576213
4.74 -0.008536523
4.76 -0.004749258
4.78 0.0003252477
4.8 -0.0003428466
4.82 -0.003316141
4.84 -0.004759435
4.86 -0.00428615
4.88 -0.005881424
4.9 -0.008974058
4.92 -0.01396083
4.94 -0.01651899
4.96 -0.006833062
4.98 -0.004638017
5 -0.002670431
5.02 -0.0001816255
5.04 0.007433699
5.06 0.005220305
5.08 0.003553631
5.1 0.004466536
5.12 0.004005501
5.14 0.001714587
5.16 -0.002051248
5.18 -0.007958062
5.2 -0.008497637
5.22 0.004140167
5.24 0.006226072
5.26 0.007463338
5.28 0.007706103
5.3 0.01009699
5.32 0.004494133
5.34 0.004191198
5.36 -0.002915136
5.38 -0.01002657
5.4 -0.004255406
5.42 -0.001875741
5.44 -0.004546096
5.46 -0.002751911
5.48 -0.01146067
5.5 -0.01332726
5.52 -0.003863697
5.54 -0.0008883513
5.56 -0.003083386
5.58 -0.003255762
5.6 0.0004580632
5.62 0.007014628
5.64 0.01255833
5.66 0.004596218
5.68 -0.0004568575
5.7 0.0002948871
5.72 0.005382652
5.74 0.005721296
5.76 0.006095641
5.78 -0.001752234
5.8 -0.005926069
5.82 0.004686016
5.84 0.007621579
5.86 0.004124005
5.88 6.032905e-05
5.9 0.0007886136
5.92 -0.001976602
5.94 0.002845962
5.96 0.01045517
5.98 0.007393131
6 0.0002684361
6.02 -0.0065115
6.04 -0.007002115
6.06 -0.00926039
6.08 -0.002059186
6.1 0.007610418
6.12 0.007252402
6.14 0.004311747
6.16 0.003382531
6.18 0.009802416
6.2 0.00662818
6.22 -0.002287636
6.24 -0.0009646918
6.26 0.002807273
6.28 0.007016817
6.3 0.007416661
6.32 0.004583105
6.34 -0.002384511
6.36 -0.005398607
6.38 -0.002337583
6.4 0.004077202
6.42 0.01194243
6.44 0.01172313
6.46 0.002795073
6.48 0.001756718
6.5 -0.003619698
6.52 -0.005125214
6.54 -0.00261703
6.56 0.002882813
6.58 0.004617837
6.6 0.001447682
6.62 -0.006179875
6.64 -0.00667559
6.66 -0.002902607
6.68 -0.0001475829
6.7 0.0055991
6.72 0.005042185
6.74 0.006821068
6.76 -0.002912788
6.78 -0.003268763
6.8 -0.00522002
6.82 -0.0005616764
6.84 0.004791288
6.86 0.004530171
6.88 0.006788455
6.9 0.007292338
6.92 0.01783098
6.94 0.0111357
6.96 0.002414709
6.98 1.975287e-05
7 0.002256617
7.02 0.00072662
7.04 -0.006619417
7.06 -0.004508013
7.08 -0.007587389
7.1 0.0004522541
7.12 0.008225677
7.14 0.01067776
7.16 0.004384364
7.18 -0.005294412
7.2 -0.007882148
7.22 -0.009013325
7.24 -0.007642442
7.26 -0.01196316
7.28 -0.01434077
7.3 -0.01689995
7.32 -0.01472225
7.34 -0.01026893
7.36 -0.006403122
7.38 -0.009631418
7.4 -0.005992054
7.42 -0.004149932
7.44 -0.005649329
7.46 -0.001222526
7.48 -0.0002504622
7.5 -0.002570959
7.52 -0.007696456
7.54 0.007314887
7.56 0.00661109
7.58 0.007236354
7.6 0.007021137
7.62 0.003247139
7.64 0.005526843
7.66 0.005161685
7.68 0.007577049
7.7 0.008210471
7.72 0.01167745
7.74 0.009208038
7.76 0.005881821
7.78 0.007727004
7.8 0.003407307
7.82 -0.00115821
7.84 -0.009471206
7.86 -0.01039125
7.88 0.007019139
7.9 0.009259062
7.92 -0.004282455
7.94 -0.02390623
7.96 -0.03620436
7.98 -0.03797917
8 -0.03416641
8.02 -0.02375526
8.04 -0.01207422
8.06 -0.01199465
8.08 -0.01176719
8.1 -0.00355823
8.12 0.007356793
8.14 0.008099355
8.16 -0.004077402
8.18 -0.014563
8.2 -0.003568416
8.22 0.01052289
8.24 0.01365633
8.26 0.01286991
8.28 0.01942036
8.3 0.0286177
8.32 0.02116048
8.34 0.01248947
8.36 0.007011044
8.38 0.0128383
8.4 0.01571981
8.42 0.01886651
8.44 0.001152175
8.46 -0.03186012
8.48 -0.0366633
8.5 -0.03276996
8.52 -0.02365931
8.54 -0.01819721
8.56 -0.00467201
8.58 0.01475084
8.6 0.02677052
8.62 0.03392377
8.64 0.02399713
8.66 0.004739542
8.68 -0.01036972
8.7 -0.01630102
8.72 -0.008981491
8.74 0.00516693
8.76 0.01259049
8.78 0.01384917
8.8 0.005187338
8.82 -0.00454856
8.84 0.004519242
8.86 0.002419065
8.88 -0.002426953
8.9 -0.002759471
8.92 -0.006039789
8.94 0.003050453
8.96 0.008929736
8.98 0.01031694
9 0.00815556
9.02 0.007910762
9.04 0.009058263
9.06 0.01414603
9.08 0.0285321
9.1 0.03503052
9.12 0.03164821
9.14 0.01335757
9.16 -0.009914743
9.18 -0.02729044
9.2 -0.03179986
9.22 -0.03102772
9.24 -0.02568598
9.26 -0.01649578
9.28 -0.004992211
9.3 0.00659091
9.32 0.01323111
9.34 0.003754294
9.36 -0.001234524
9.38 0.02166957
9.4 0.01389412
9.42 -0.004817778
9.44 -0.008878396
9.46 -0.005403254
9.48 0.003649247
9.5 0.01652471
9.52 0.02780387
9.54 0.03008765
9.56 0.01868711
9.58 0.01098611
9.6 0.02096987
9.62 0.02391666
9.64 0.0130965
9.66 0.005350624
9.68 0.009026706
9.7 0.003196387
9.72 -0.01685069
9.74 -0.02562064
9.76 -0.02427424
9.78 -0.03079306
9.8 -0.03535756
9.82 -0.0356095
9.84 -0.02348272
9.86 -0.01320724
9.88 -0.01212603
9.9 -0.01937313
9.92 -0.01478415
9.94 -0.008597852
9.96 -0.00517167
9.98 0.00633597
10 0.006239071
10.02 0.001462414
10.04 0.006608315
10.06 0.007802737
10.08 -0.005781622
10.1 -0.00938528
10.12 -0.01327454
10.14 -0.008320397
10.16 0.001449165
10.18 0.003239265
10.2 -0.000122653
10.22 0.0004291684
10.24 0.00532211
10.26 0.003059752
10.28 0.01142273
10.3 0.003918594
10.32 -0.007644124
10.34 -0.0004725031
10.36 0.005782138
10.38 0.01534362
10.4 0.00190308
10.42 -0.01767786
10.44 -0.006838316
10.46 0.009922325
10.48 0.01050781
10.5 0.004900867
10.52 0.003271928
10.54 0.00335353
10.56 0.0007504911
10.58 -0.01244525
10.6 -0.03443339
10.62 -0.04144181
10.64 -0.04305646
10.66 -0.03977716
10.68 -0.0270394
10.7 -0.0144424
10.72 -0.008711019
10.74 -0.001896398
10.76 -0.01233711
10.78 -0.02777277
10.8 -0.01996059
10.82 -0.01746669
10.84 -0.002986772
10.86 0.03415652
10.88 0.06734834
10.9 0.08139884
10.92 0.07460973
10.94 0.04738389
10.96 0.0157384
10.98 0.009192034
11 0.01599748
11.02 0.01373512
11.04 0.007121437
11.06 -0.006024321
11.08 -0.0125513
11.1 0.003850301
11.12 0.02592922
11.14 0.03289684
11.16 0.03525712
11.18 0.01990918
11.2 -0.01491872
11.22 -0.02367032
11.24 -0.002841913
11.26 0.01653095
11.28 0.01902281
11.3 0.02157587
11.32 0.03029483
11.34 0.03134645
11.36 0.03215735
11.38 0.02620667
11.4 0.000944334
11.42 -0.03070728
11.44 -0.05167032
11.46 -0.06745788
11.48 -0.06590748
11.5 -0.05009034
11.52 -0.02912118
11.54 -0.006967801
11.56 0.00594336
11.58 0.0105507
11.6 -0.01015326
11.62 -0.03165894
11.64 -0.03860922
11.66 -0.04292484
11.68 -0.04424268
11.7 -0.02928029
11.72 -0.01447397
11.74 -0.004602413
11.76 0.004803007
11.78 0.01753465
11.8 0.02634132
11.82 0.02802025
11.84 0.01007743
11.86 -0.00784805
11.88 0.009633731
11.9 0.03099967
11.92 0.05893441
11.94 0.07183843
11.96 0.06622129
11.98 0.03815905
12 0.009764294
12.02 0.003353594
12.04 0.0005914349
12.06 -0.001624004
12.08 -0.000813104
12.1 0.0006189765
12.12 0.008121077
12.14 0.02184314
12.16 0.01600465
12.18 0.009295098
12.2 -0.004174002
12.22 -0.01737994
12.24 -0.02831638
12.26 -0.03738724
12.28 -0.03649372
12.3 -0.02736777
12.32 -0.02029204
12.34 -0.01666798
12.36 -0.001978958
12.38 0.0003027822
12.4 -0.007815397
12.42 -0.02138241
12.44 -0.03817467
12.46 -0.01418734
12.48 0.03038258
12.5 0.02829056
12.52 0.01117395
12.54 0.008134344
12.56 0.008563765
12.58 0.006081085
12.6 0.006381985
12.62 0.005434406
12.64 -0.0007416941
12.66 -0.01011345
12.68 -0.01369977
12.7 -0.006787233
12.72 -0.008470233
12.74 -0.01872837
12.76 -0.02967501
12.78 -0.02680575
12.8 -0.02453421
12.82 -0.0203206
12.84 -0.01251453
12.86 -0.003345752
12.88 -0.004704392
12.9 -0.02462601
12.92 -0.02940064
12.94 -0.01714635
12.96 -0.009708512
12.98 -0.01388643
13 -0.007362511
13.02 -0.0006927314
13.04 0.003234269
13.06 0.005338529
13.08 0.005512949
13.1 0.0002701487
13.12 -0.009985951
13.14 -0.01095189
13.16 -0.009876811
13.18 0.002764048
13.2 0.028874
13.22 0.05047455
13.24 0.05719737
13.26 0.04454529
13.28 0.01985007
13.3 0.01763054
13.32 0.02589765
13.34 0.03808869
13.36 0.04986561
13.38 0.05390582
13.4 0.04629459
13.42 0.03591099
13.44 0.03518067
13.46 0.02990115
13.48 0.02980526
13.5 0.02740011
13.52 0.01858527
13.54 0.002897668
13.56 -0.0116557
13.58 -0.01573875
13.6 -0.01630179
13.62 -0.01931997
13.64 -0.01822347
13.66 -0.01709026
13.68 -0.02177409
13.7 -0.02535633
13.72 -0.02544405
13.74 -0.02503606
13.76 -0.03368871
13.78 -0.04230363
13.8 -0.04373673
13.82 -0.04092766
13.84 -0.03487192
13.86 -0.03475359
13.88 -0.02695876
13.9 -0.01451476
13.92 0.001191203
13.94 0.01751223
13.96 0.02353226
13.98 0.03162902
14 0.03284996
14.02 0.01507238
14.04 -0.004411659
14.06 -0.0125737
14.08 -0.01607332
14.1 -0.01684546
14.12 -0.0099115
14.14 -0.001612781
14.16 -0.003041802
14.18 -0.003437562
14.2 -0.002612383
14.22 0.001268717
14.24 0.01029163
14.26 0.007895656
14.28 -0.0006703042
14.3 -0.004143405
14.32 -0.006762765
14.34 -0.009256665
14.36 -0.008138745
14.38 -0.001402667
14.4 0.007711032
14.42 0.01506319
14.44 0.01039262
14.46 0.004024751
14.48 -0.006959629
14.5 -0.01695053
14.52 -0.01823675
14.54 -0.01887833
14.56 -0.02750447
14.58 -0.02922521
14.6 -0.01946789
14.62 -0.01293785
14.64 -0.01124057
14.66 -0.01466778
14.68 -0.01247171
14.7 -0.007411495
14.72 -0.005426576
14.74 -0.005845796
14.76 -0.002139118
14.78 -0.001224178
14.8 -0.003049979
14.82 -0.002687879
14.84 0.00300984
14.86 0.01215924
14.88 0.01807524
14.9 0.02177987
14.92 0.02473686
14.94 0.02834256
14.96 0.02671769
14.98 0.02880971
15 0.0317055
15.02 0.03187175
15.04 0.03443297
15.06 0.03296111
15.08 0.03172283
15.1 0.02865773
15.12 0.02810999
15.14 0.03192988
15.16 0.02841293
15.18 0.01891265
15.2 0.01488262
15.22 0.01865254
15.24 0.02031311
15.26 0.01651054
15.28 0.01173388
15.3 0.006635922
15.32 -0.002057539
15.34 -0.005356219
15.36 -0.00857432
15.38 -0.01335404
15.4 -0.006011062
15.42 -0.002557343
15.44 -0.004538184
15.46 -0.008929284
15.48 -0.01091216
15.5 -0.009470906
15.52 -0.008620228
15.54 -0.01065308
15.56 -0.01868967
15.58 -0.02488617
15.6 -0.02803389
15.62 -0.02435577
15.64 -0.01971681
15.66 -0.01682512
15.68 -0.0136162
15.7 -0.01215249
15.72 -0.01923334
15.74 -0.02029312
15.76 -0.01344586
15.78 -0.00853966
15.8 -0.002100401
15.82 0.001190117
15.84 0.007602856
15.86 0.01020794
15.88 0.01358311
15.9 0.02156971
15.92 0.01696646
15.94 0.005530211
15.96 -0.007676749
15.98 -0.02389781
16 -0.02745761
16.02 -0.01969745
16.04 -0.01957811
16.06 -0.02822772
16.08 -0.03184871
16.1 -0.0258705
16.12 -0.02127234
16.14 -0.01935984
16.16 -0.02278398
16.18 -0.02478318
16.2 -0.02203938
16.22 -0.01587961
16.24 -0.006728165
16.26 -3.900675e-05
16.28 0.004279672
16.3 0.0122265
16.32 0.01830161
16.34 0.01223567
16.36 0.005457767
16.38 0.005417986
16.4 0.008100585
16.42 0.005299663
16.44 0.0007657622
16.46 0.00231922
16.48 0.00148384
16.5 -0.005067621
16.52 -0.0003664428
16.54 0.009288876
16.56 0.01175625
16.58 0.01510287
16.6 0.01963371
16.62 0.02140953
16.64 0.02015697
16.66 0.01970714
16.68 0.02119839
16.7 0.01983771
16.72 0.0190574
16.74 0.0175835
16.76 0.01504779
16.78 0.007789459
16.8 -0.0007918014
16.82 -0.008828382
16.84 -0.0121393
16.86 -0.01288288
16.88 -0.01709549
16.9 -0.01575929
16.92 -0.01260443
16.94 -0.002529891
16.96 -0.001026412
16.98 -0.008631534
17 -0.01501571
17.02 -0.008608076
17.04 0.003464641
17.06 0.00274554
17.08 0.005923858
17.1 0.01796394
17.12 0.02809355
17.14 0.02860662
17.16 0.02511617
17.18 0.01752941
17.2 0.01209077
17.22 0.006885708
17.24 0.008132146
17.26 0.007535445
17.28 0.004381603
17.3 0.008453442
17.32 0.009816161
17.34 0.008603379
17.36 0.008817578
17.38 0.008614595
17.4 0.004321414
17.42 -0.001351828
17.44 -0.002639069
17.46 -0.0007092304
17.48 -0.003611132
17.5 -0.008221533
17.52 -0.005169695
17.54 0.003514583
17.56 0.001425621
17.58 -0.0024259
17.6 -0.007671762
17.62 -0.007412683
17.64 -0.003557085
17.66 -0.002871647
17.68 -0.009231348
17.7 -0.01927427
17.72 -0.02157641
17.74 -0.01469345
17.76 -0.006959814
17.78 -0.009951477
17.8 -0.01437216
17.82 -0.0147414
17.84 -0.01478935
17.86 -0.01643868
17.88 -0.01433748
17.9 -0.01238725
17.92 -0.008764208
17.94 0.0004412896
17.96 0.01270067
17.98 0.0254578
18 0.0298846
18.02 0.0260392
18.04 0.01998346
18.06 0.0136921
18.08 0.009610057
18.1 0.007440515
18.12 0.008274874
18.14 0.009033752
18.16 0.00606555
18.18 0.002577148
18.2 -0.005245234
18.22 -0.01085014
18.24 -0.007963537
18.26 -0.000928599
18.28 -0.0007909008
18.3 0.0005850773
18.32 0.005971695
18.34 0.003175874
18.36 0.001811112
18.38 0.001153209
18.4 -0.003506152
18.42 -0.002245434
18.44 0.001533664
18.46 0.002040602
18.48 0.0002658004
18.5 -0.008811181
18.52 -0.01787082
18.54 -0.01975477
18.56 -0.01792693
18.58 -0.01306662
18.6 -0.009195731
18.62 -0.005239153
18.64 0.001341885
18.66 0.003512443
18.68 0.001051181
18.7 -0.0001697608
18.72 -0.002882963
18.74 -0.008264485
18.76 -0.01091546
18.78 -0.01067781
18.8 -0.00493317
18.82 0.001764147
18.84 0.001509145
18.86 8.723244e-06
18.88 0.0002229212
18.9 -0.003264461
18.92 -0.005508463
18.94 -0.01116028
18.96 -0.01412135
18.98 -0.006430549
19 0.004691529
19.02 0.01239763
19.04 0.01608391
19.06 0.0135084
19.08 0.009065281
19.1 0.004839418
19.12 -0.0004645833
19.14 -0.0004064455
19.16 0.0005278724
19.18 -0.0004360296
19.2 -0.002449512
19.22 0.001548886
19.24 0.006239864
19.26 0.004541562
19.28 0.0001025198
19.3 -0.0003411823
19.32 0.001115376
19.34 -0.003295107
19.36 -0.01049324
19.38 -0.01259853
19.4 -0.01127253
19.42 -0.0117907
19.44 -0.01038922
19.46 -0.01075234
19.48 -0.01372156
19.5 -0.0135094
19.52 -0.007535266
19.54 0.005927712
19.56 0.01337983
19.58 0.01318909
19.6 0.01323906
19.62 0.01374498
19.64 0.01367766
19.66 0.008686798
19.68 0.001286696
19.7 -0.006564246
19.72 -0.008242148
19.74 -0.006787631
19.76 -0.004095853
19.78 4.738493e-05
19.8 -0.004091778
19.82 -0.007087519
19.84 -0.0008685818
19.86 0.008141076
19.88 0.01328391
19.9 0.01665399
19.92 0.01842368
19.94 0.01503321
19.96 0.01041261
19.98 0.003749962
20 -0.00170398
20.02 -0.0006992825
20.04 0.0004686151
20.06 -0.0005534272
20.08 0.00170281
20.1 0.005718548
20.12 0.01020349
20.14 0.01212415
20.16 0.005284021
20.18 -0.0007360212
20.2 -0.003594064
20.22 -0.002882106
20.24 -0.001392908
20.26 -0.0007584708
20.28 -0.001447993
20.3 -0.003357435
20.32 -0.002899458
20.34 -0.0009981803
20.36 0.001061198
20.38 0.002469815
20.4 0.005285012
20.42 0.00592965
20.44 0.007358667
20.46 0.005332945
20.48 0.001578323
20.5 -0.002916819
20.52 -0.007803642
20.54 -0.007897484
20.56 -0.006863207
20.58 -0.00512105
20.6 -0.0007319918
20.62 0.003215406
20.64 0.002796183
20.66 0.001956721
20.68 0.002843098
20.7 0.002898175
20.72 6.461327e-05
20.74 -0.005692269
20.76 -0.01184797
20.78 -0.01461319
20.8 -0.01331372
20.82 -0.004306099
20.84 0.006695618
20.86 0.007901256
20.88 0.007241313
20.9 0.00675171
20.92 0.003105208
20.94 0.001428325
20.96 0.003533603
20.98 0.001914861
21 -0.003659441
21.02 -0.004170465
21.04 -0.0007371471
21.06 0.001816931
21.08 0.0003654678
21.1 -0.003454435
21.12 -0.003464637
21.14 -0.0030087
21.16 -0.003464642
21.18 -0.002856725
21.2 -0.004393868
21.22 -0.00685921
21.24 -0.005927952
21.26 0.0004225644
21.28 0.006704742
21.3 0.01045936
21.32 0.01030635
21.34 0.005368534
21.36 -0.001719449
21.38 -0.005406751
21.4 -0.004518334
21.42 -0.003255576
21.44 -0.003067899
21.46 -0.003969582
21.48 -0.007366185
21.5 -0.01086682
21.52 -0.00952145
21.54 -0.004576492
21.56 -0.003598315
21.58 -0.004098118
21.6 -0.003144421
21.62 -0.001291083
21.64 0.001418034
21.66 0.004181212
21.68 0.004826868
21.7 0.003348886
21.72 0.002291143
21.74 0.001154861
21.76 -0.001197262
21.78 0.0009641154
21.8 0.0009885926
21.82 0.00140271
21.84 0.005848887
21.86 0.007532904
21.88 0.007553301
21.9 0.006014119
21.92 0.005104276
21.94 0.001302734
21.96 0.001867811
21.98 0.002769488
22 0.002533866
22.02 0.003308043
22.04 0.00249612
22.06 -9.468293e-05
22.08 0.003098934
22.1 0.003648711
22.12 -0.0003731512
22.14 -0.002917034
22.16 -0.007965016
22.18 -0.01366376
22.2 -0.0169706
22.22 -0.015155
22.24 -0.01379433
22.26 -0.01090467
22.28 -0.007176574
22.3 -0.004826496
22.32 -0.002184699
22.34 0.001048698
22.36 -0.0002946447
22.38 -0.006127008
22.4 -0.01245203
22.42 -0.01375253
22.44 -0.007505036
22.46 -0.0004068589
22.48 0.004078078
22.5 0.002842855
22.52 0.002926492
22.54 0.00682187
22.56 0.008166227
22.58 0.008585444
22.6 0.007479761
22.62 0.006838178
22.64 0.005370395
22.66 0.005563172
22.68 0.005851829
22.7 0.004996047
22.72 0.008490564
22.74 0.01269806
22.76 0.01288166
22.78 0.007994835
22.8 0.004288152
22.82 0.005089869
22.84 0.008182506
22.86 0.009411603
22.88 0.00879654
22.9 0.007895878
22.92 0.006352615
22.94 0.003321172
22.96 4.288935e-05
22.98 -0.0009077535
23 -3.361647e-05
23.02 0.001366841
23.04 0.006274058
23.06 0.01013475
23.08 0.01315191
23.1 0.01539183
23.12 0.0175532
23.14 0.01825293
23.16 0.01096196
23.18 0.006523937
23.2 0.003666914
23.22 0.001459631
23.24 0.002077748
23.26 0.001439225
23.28 -0.0006966575
23.3 -0.0013515
23.32 -0.0002876434
23.34 -0.001448407
23.36 -0.003084489
23.38 -0.003517992
23.4 -0.005720175
23.42 -0.006037398
23.44 -0.005951721
23.46 -0.006110844
23.48 -0.007788747
23.5 -0.00910557
23.52 -0.01065087
23.54 -0.01347118
23.56 -0.01564582
23.58 -0.0186487
23.6 -0.01887413
23.62 -0.01892003
23.64 -0.02074277
23.66 -0.02310918
23.68 -0.01935251
23.7 -0.01237878
23.72 -0.009622743
23.74 -0.009388146
23.76 -0.007698008
23.78 -0.006592332
23.8 -0.008618055
23.82 -0.007162518
23.84 -0.003841401
23.86 -0.0005294642
23.88 0.001314693
23.9 0.0005496897
23.92 -9.273277e-06
23.94 -0.001774896
23.96 -0.004087239
23.98 -0.004377942
24 -0.003697605
24.02 -0.002580708
24.04 4.578852e-05
24.06 0.001190225
24.08 0.002721242
24.1 0.005296739
24.12 0.006630896
24.14 0.006596213
24.16 0.00667577
24.18 0.006063767
24.2 0.004615364
24.22 0.007341821
24.24 0.01096792
24.26 0.01327821
24.28 0.01510401
24.3 0.01480923
24.32 0.0152519
24.34 0.01419926
24.36 0.01435838
24.38 0.01480513
24.4 0.01301503
24.42 0.01245403
24.44 0.009950947
24.46 0.007545784
24.48 0.005428261
24.5 0.002736478
24.52 0.000408835
24.54 0.000575092
24.56 -0.0006999111
24.58 -0.001004895
24.6 -0.0003857572
24.62 -0.0012803
24.64 -0.002142203
24.66 -0.006011067
24.68 -0.00930567
24.7 -0.01055007
24.72 -0.01080507
24.74 -0.01088667
24.76 -0.01053376
24.78 -0.0106327
24.8 -0.01057558
24.82 -0.01062965
24.84 -0.01028489
24.86 -0.006740397
24.88 -0.00506454
24.9 -0.005002324
24.92 -0.006508867
24.94 -0.01042669
24.96 -0.01073371
24.98 -0.008365276
25 -0.007199419
25.02 -0.004866683
25.04 -0.002636966
25.06 -0.0007030486
25.08 0.001458328
25.1 0.002518105
25.12 0.005270061
25.14 0.008486118
25.16 0.008532015
25.18 0.005605632
25.2 0.004028709
25.22 0.001626606
25.24 -0.001559877
25.26 -0.00397218
25.28 -0.004125183
25.3 -0.002245326
25.32 -0.002162709
25.34 -0.002066832
25.36 -0.0009754353
25.38 0.001680642
25.4 0.002936258
25.42 0.004674335
25.44 0.004703912
25.46 0.005237369
25.48 0.006039086
25.5 0.003738983
25.52 0.002868919
25.54 0.002963776
25.56 0.003570673
25.58 0.00711517
25.6 0.009181687
25.62 0.007813863
25.64 0.00745686
25.66 0.006185938
25.68 0.008157595
25.7 0.007483371
25.72 0.005042508
25.74 0.005143485
25.76 0.006183882
25.78 0.005163878
25.8 0.004078596
25.82 0.005231193
25.84 0.007504769
25.86 0.008730806
25.88 0.006787703
25.9 0.00482216
25.92 0.0004463569
25.94 -0.001496746
25.96 -0.00171197
25.98 -0.0005297924
26 -6.263557e-05
26.02 -0.0006705587
26.04 -0.001016342
26.06 -0.001812965
26.08 -0.003459248
26.1 -0.004130412
26.12 -0.003791774
26.14 -0.005934797
26.16 -0.0073679
26.18 -0.01063293
26.2 -0.01209969
26.22 -0.01206807
26.24 -0.01194874
26.26 -0.01020556
26.28 -0.008947899
26.3 -0.007341402
26.32 -0.005731846
26.34 -0.003537828
26.36 0.0002728881
26.38 0.005232124
26.4 0.008063642
26.42 0.008139118
26.44 0.009396776
26.46 0.008405332
26.48 0.00526067
26.5 0.004031566
26.52 0.002329183
26.54 0.00172432
26.56 0.001554997
26.58 0.002303673
26.6 0.004436491
26.62 0.004650687
26.64 0.002657604
26.66 -0.001687599
26.68 -0.004031562
26.7 -0.004666005
26.72 -0.003029928
26.74 0.0002432487
26.76 0.0008215856
26.78 -0.0005768375
26.8 -0.00154686
26.82 -0.001155184
26.84 -0.001395907
26.86 -0.0005452299
26.88 -0.002037493
26.9 -0.003532816
26.92 -0.006485719
26.94 -0.006301103
26.96 -0.003599125
26.98 -0.0008543085
27 0.0007481082
27.02 0.0005288051
27.04 0.001971082
27.06 0.001375399
27.08 0.0009520959
27.1 -0.002133407
27.12 -0.00464261
27.14 -0.004147913
27.16 -0.004522257
27.18 -0.00629808
27.2 -0.007274223
27.22 -0.007346645
27.24 -0.005900288
27.26 -0.004199951
27.28 0.000227865
27.3 0.003859062
27.32 0.003252159
27.34 0.001859856
27.36 -0.0007748073
27.38 -0.00266385
27.4 -0.002442513
27.42 -0.001861117
27.44 -0.00148882
27.46 -0.001935583
27.48 7.993424e-05
27.5 0.0009918111
27.52 0.001238648
27.54 0.004260905
27.56 0.006432482
27.58 0.006495719
27.6 0.004389416
27.62 0.003488753
27.64 0.00229331
27.66 0.003429587
27.68 0.003612164
27.7 0.0037723
27.72 0.002068897
27.74 0.001018294
27.76 0.0006541515
27.78 -0.001122691
27.8 -0.001948894
27.82 -0.001895857
27.84 -0.0009758206
27.86 -0.0005933236
27.88 -0.0007218467
27.9 -0.0006881897
27.92 0.001051927
27.94 0.0006622843
27.96 -0.0005464187
27.98 0.0004633782
28 0.002921575
28.02 0.006367132
28.04 0.009304729
28.06 0.01014928
28.08 0.009176203
28.1 0.00726166
28.12 0.004761637
28.14 0.006430354
28.16 0.008219431
28.18 0.008904868
28.2 0.009911605
28.22 0.008303062
28.24 0.005728579
28.26 0.005662276
28.28 0.007548253
28.3 0.00756457
28.32 0.004848308
28.34 0.002000464
28.36 0.001043701
28.38 -0.0008116815
28.4 -0.002606885
28.42 -0.005470027
28.44 -0.006518591
28.46 -0.008132233
28.48 -0.009381736
28.5 -0.009294019
28.52 -0.01162574
28.54 -0.01250805
28.56 -0.01249887
28.58 -0.01253661
28.6 -0.01266207
28.62 -0.01291299
28.64 -0.01216432
28.66 -0.01192667
28.68 -0.01138607
28.7 -0.008328108
28.72 -0.006680811
28.74 -0.006430914
28.76 -0.004323597
28.78 -0.00566694
28.8 -0.009125762
28.82 -0.01198483
28.84 -0.01190629
28.86 -0.01162069
28.88 -0.009853035
28.9 -0.005481317
28.92 -0.002412141
28.94 0.0008202367
28.96 -0.0002415861
28.98 -0.002234669
29 -0.002129612
29.02 0.0008253253
29.04 0.005752942
29.06 0.006704599
29.08 0.007208477
29.1 0.006261913
29.12 0.004418771
29.14 0.005685608
29.16 0.005989565
29.18 0.005471403
29.2 0.0037119
29.22 0.001723916
29.24 0.001363854
29.26 0.001554591
29.28 0.001726968
29.3 0.001693306
29.32 0.001766743
29.34 0.0023614
29.36 0.002787757
29.38 0.004152514
29.4 0.006837151
29.42 0.007680689
29.44 0.009386126
29.46 0.009471803
29.48 0.007830621
29.5 0.006453618
29.52 0.006319995
29.54 0.007506252
29.56 0.00743995
29.58 0.007501147
29.6 0.008995444
29.62 0.01053871
29.64 0.01007051
29.66 0.009642116
29.68 0.008952593
29.7 0.01005419
29.72 0.009598247
29.74 0.008047845
29.76 0.007866282
29.78 0.007602099
29.8 0.008109037
29.82 0.008340574
29.84 0.007873411
29.86 0.005672249
29.88 0.004700186
29.9 0.006179183
29.92 0.005641641
29.94 0.004759338
29.96 0.004708335
29.98 0.004760352
30 0.003064091
30.02 0.0004610476
30.04 -0.000675235
30.06 -0.002332738
30.08 -0.00420546
30.1 -0.007254243
30.12 -0.008951525
30.14 -0.009268748
30.16 -0.01243381
30.18 -0.0159365
30.2 -0.01725128
30.22 -0.01711256
30.24 -0.01392404
30.26 -0.0111731
30.28 -0.01083345
30.3 -0.01127817
30.32 -0.01174533
30.34 -0.01204725
30.36 -0.01150053
30.38 -0.01192384
30.4 -0.01370884
30.42 -0.0140638
30.44 -0.0141454
30.46 -0.01498486
30.48 -0.01428618
30.5 -0.0141954
30.52 -0.01482372
30.54 -0.0134151
30.56 -0.01398834
30.58 -0.01161277
30.6 -0.009468726
30.62 -0.006230229
30.64 -0.003942371
30.66 -0.005211254
30.68 -0.003240616
30.7 -0.001403599
30.72 -8.98415e-05
30.74 6.417605e-05
30.76 0.001984833
30.78 0.004966291
30.8 0.006268828
30.82 0.006572786
30.84 0.006113784
30.86 0.005504841
30.88 0.006894079
30.9 0.007803917
30.92 0.008654594
30.94 0.009336971
30.96 0.009726609
30.98 0.01084248
31 0.01192062
31.02 0.01211034
31.04 0.0134088
31.06 0.01376273
31.08 0.01391369
31.1 0.01430435
31.12 0.01527233
31.14 0.01772849
31.16 0.01721032
31.18 0.01623214
31.2 0.01457362
31.22 0.01554874
31.24 0.01666869
31.26 0.01616889
31.28 0.01511727
31.3 0.01365357
31.32 0.01177677
31.34 0.009995845
31.36 0.008850383
31.38 0.007802841
31.4 0.006420739
31.42 0.004175716
31.44 0.003487214
31.46 0.002395812
31.48 0.0004618899
31.5 -0.002220712
31.52 -0.006140575
31.54 -0.007733817
31.56 -0.007562458
31.58 -0.00874464
31.6 -0.01079587
31.62 -0.01113349
31.64 -0.01052353
31.66 -0.01046437
31.68 -0.01250335
31.7 -0.01473002
31.72 -0.0161927
31.74 -0.01705052
31.76 -0.01613456
31.78 -0.01483815
31.8 -0.01395891
31.82 -0.01381611
31.84 -0.01267065
31.86 -0.01207396
31.88 -0.01157721
31.9 -0.01093053
31.92 -0.01152825
31.94 -0.009919718
31.96 -0.008517221
31.98 -0.007094323
32 -0.005425605
32.02 -0.005374606
32.04 -0.005064529
32.06 -0.003884391
32.08 -0.001559812
32.1 -0.0009590349
32.12 0.000856563
32.14 0.003149521
32.16 0.004064459
32.18 0.004698897
32.2 0.004284776
32.22 0.004170533
32.24 0.003875751
32.26 0.00523541
32.28 0.006191147
32.3 0.005951446
32.32 0.006266624
32.34 0.006538961
32.36 0.00766096
32.38 0.007531417
32.4 0.006437976
32.42 0.006276814
32.44 0.005170112
32.46 0.005259871
32.48 0.006116669
32.5 0.006362487
32.52 0.007079545
32.54 0.007367184
32.56 0.006192141
32.58 0.00618908
32.6 0.006166637
32.62 0.006099316
32.64 0.005932035
32.66 0.003324912
32.68 0.001941791
32.7 0.002103969
32.72 0.002764927
32.74 0.002918946
32.76 0.003226984
32.78 0.003102542
32.8 0.00340446
32.82 0.003352439
32.84 0.003801238
32.86 0.005201695
32.88 0.004304094
32.9 0.003496252
32.92 0.002308971
32.94 0.000485209
32.96 -0.001611913
32.98 -0.003318374
33 -0.004990156
33.02 -0.006940397
33.04 -0.006610938
33.06 -0.006875121
33.08 -0.007376962
33.1 -0.007511604
33.12 -0.008027725
33.14 -0.008035887
33.16 -0.008674408
33.18 -0.008802929
33.2 -0.009602611
33.22 -0.01024216
33.24 -0.01047064
33.26 -0.01046451
33.28 -0.009852518
33.3 -0.008180739
33.32 -0.0076279
33.34 -0.007031202
33.36 -0.005081983
33.38 -0.004839225
33.4 -0.004979986
33.42 -0.003170508
33.44 -0.001963849
33.46 -0.003519351
33.48 -0.004123192
33.5 -0.004304753
33.52 -0.003015475
33.54 -0.001355936
33.56 0.0001444827
33.58 0.0006187812
33.6 0.00123792
33.62 0.002284439
33.64 0.003905218
33.66 0.003895016
33.68 0.004471315
33.7 0.007594553
33.72 0.009652912
33.74 0.01003031
33.76 0.01086875
33.78 0.01247933
33.8 0.01242526
33.82 0.01217434
33.84 0.01066577
33.86 0.009239804
33.88 0.007530282
33.9 0.007136561
33.92 0.006423579
33.94 0.007983159
33.96 0.009599857
33.98 0.008208576
34 0.007181435
34.02 0.007225294
34.04 0.007811793
34.06 0.006135931
34.08 0.005203651
34.1 0.004942529
34.12 0.004193849
34.14 0.002786247
34.16 0.0003280465
34.18 -0.002119954
34.2 -0.004475136
34.22 -0.006490656
34.24 -0.006619178
34.26 -0.006105098
34.28 -0.00417832
34.3 -0.003550001
34.32 -0.003244001
34.34 -0.003346003
34.36 -0.004216063
34.38 -0.005205465
34.4 -0.006129585
34.42 -0.006366227
34.44 -0.008255267
34.46 -0.009252828
34.48 -0.009027409
34.5 -0.009354829
34.52 -0.008517411
34.54 -0.006771171
34.56 -0.005394173
34.58 -0.003069593
34.6 -0.003395994
34.62 -0.003698935
34.64 -0.003634676
34.66 -0.003727497
34.68 -0.002721777
34.7 -0.003358259
34.72 -0.003939659
34.74 -0.003859079
34.76 -0.004106941
34.78 -0.003101221
34.8 -0.002216882
34.82 -0.002404563
34.84 -0.003024723
34.86 -0.001997584
34.88 -0.001312145
34.9 -0.0009184255
34.92 0.001117494
34.94 0.001965113
34.96 0.001813132
34.98 0.001669312
35 0.002275191
35.02 0.002227251
35.04 0.00360323
35.06 0.004083649
35.08 0.004584469
35.1 0.005381089
35.12 0.004681367
35.14 0.004708907
35.16 0.003858226
35.18 0.003429826
35.2 0.003112606
35.22 0.003202365
35.24 0.003845985
35.26 0.003180945
35.28 0.004199923
35.3 0.005242363
35.32 0.005941063
35.34 0.006802962
35.36 0.006633642
35.38 0.005471861
35.4 0.004762961
35.42 0.004624241
35.44 0.00408976
35.46 0.00288718
35.48 0.00120112
35.5 -0.001461081
35.52 -0.003301161
35.54 -0.002555541
35.56 -0.002129181
35.58 -0.0002870618
35.6 -0.0003197021
35.62 -0.0001636423
35.64 0.0003279974
35.66 -0.0006736428
35.68 -0.001992503
35.7 -0.001668144
35.72 -0.0006920035
35.74 -0.0003890637
35.76 -0.0006318239
35.78 -0.001988424
35.8 -0.002556564
35.82 -0.003248124
35.84 -0.003195085
35.86 -0.001722205
35.88 0.0004381552
35.9 0.002431235
35.92 0.002986115
35.94 0.002263955
35.96 0.002281295
35.98 0.003060575
36 0.002289454
36.02 0.0008359548
36.04 0.0004871147
36.06 8.421471e-05
36.08 -7.082528e-05
36.1 0.0005452547
36.12 0.001959995
36.14 0.002485295
36.16 0.001123594
36.18 -0.000327865
36.2 -0.001107145
36.22 -0.002098585
36.24 -0.002254644
36.26 -0.002926825
36.28 -0.004164085
36.3 -0.005900124
36.32 -0.007317924
36.34 -0.007040484
36.36 -0.006933383
36.38 -0.005989884
36.4 -0.005611464
36.42 -0.004906643
36.44 -0.003912143
36.46 -0.002204663
36.48 -0.0003849826
36.5 -0.0004104824
36.52 -0.0007358621
36.54 -0.0007062818
36.56 -0.001076542
36.58 -0.001296861
36.6 -0.001910901
36.62 -0.0014723
36.64 -0.00170486
36.66 -0.00268202
36.68 -0.0018548
36.7 -0.001619179
36.72 -0.001520239
36.74 0.0002402817
36.76 0.002217042
36.78 0.003453282
36.8 0.004931263
36.82 0.003764383
36.84 0.003016724
36.86 0.002376165
36.88 0.002197665
36.9 0.002364946
36.92 0.002874946
36.94 0.004131586
36.96 0.005324986
36.98 0.005237267
37 0.005237267
37.02 0.003456348
37.04 0.002630149
37.06 0.002494489
37.08 0.00132149
37.1 0.001127691
37.12 -0.0001493482
37.14 -1.447608e-06
37.16 -0.0006165069
37.18 -0.0005502062
37.2 -0.0009806455
37.22 -0.001625284
37.24 -0.001671184
37.26 -0.0007572634
37.28 -0.0002493026
37.3 -0.0001503619
37.32 -0.001187701
37.34 -0.00270852
37.36 -0.002526959
37.38 -0.004742399
37.4 -0.005405398
37.42 -0.005121837
37.44 -0.005177936
37.46 -0.003507176
37.48 -0.002627934
37.5 -0.002493293
37.52 -0.002574892
37.54 -0.002026132
37.56 -0.0003869908
37.58 -0.0008062098
37.6 -0.002329069
37.62 -0.002905367
37.64 -0.002662607
37.66 -0.002614666
37.68 -0.002534085
37.7 -0.000892904
37.72 -0.0006878829
37.74 -0.0002992619
37.76 0.0001709591
37.78 0.0001821802
37.8 0.001050201
37.82 0.002157923
37.84 0.002083464
37.86 0.0007360446
37.88 0.0004535058
37.9 -0.0003594331
37.92 -0.0008021119
37.94 -0.0002564108
37.96 0.00107979
37.98 0.003069812
38 0.003039213
38.02 0.003546154
38.04 0.003305435
38.06 0.003913357
38.08 0.005974778
38.1 0.005976818
38.12 0.00688054
38.14 0.008692061
38.16 0.007261002
38.18 0.006375644
38.2 0.006286905
38.22 0.005511706
38.24 0.004132668
38.26 0.003525769
38.28 0.003698151
38.3 0.004497832
38.32 0.005158793
38.34 0.003974575
38.36 0.003686936
38.38 0.001767299
38.4 0.00116754
38.42 0.0001006213
38.44 -0.0004552772
38.46 -0.0006511156
38.48 -0.001062174
38.5 -0.001037693
38.52 -0.002728851
38.54 -0.00221783
38.56 -0.002813508
38.58 -0.003561167
38.6 -0.003683564
38.62 -0.003712123
38.64 -0.003682541
38.66 -0.00353362
38.68 -0.001831238
38.7 -0.0008224565
38.72 -0.0001727148
38.74 4.760687e-05
38.76 -0.0003930314
38.78 0.0008452503
38.8 0.001301192
38.82 0.001363414
38.84 0.0002669156
38.86 -0.001095803
38.88 -0.002427921
38.9 -0.003613159
38.92 -0.003589697
38.94 -0.003677415
38.96 -0.001870994
38.98 -0.0007438917
39 -0.0008407898
39.02 -0.0006092479
39.04 -0.000236946
39.06 5.477584e-05
39.08 0.0004831778
39.1 5.68197e-05
39.12 0.0003067216
39.14 -0.0004715364
39.16 -0.001714915
39.18 -0.0004195124
39.2 -0.0004796904
39.22 0.0004434116
39.24 0.002041753
39.26 0.002082555
39.28 0.002645598
39.3 0.00355442
39.32 0.004047082
39.34 0.003761483
39.36 0.003065846
39.38 0.002250868
39.4 0.00204279
39.42 0.0003761125
39.44 -0.001440505
39.46 -0.003069443
39.48 -0.004184301
39.5 -0.004970719
39.52 -0.005172677
39.54 -0.005008454
39.56 -0.004472952
39.58 -0.00335197
39.6 -0.003278527
39.62 -0.003418265
39.64 -0.001849503
39.66 -0.00179034
39.68 -0.002033098
39.7 -0.002801156
39.72 -0.004057793
39.74 -0.003885411
39.76 -0.004364809
39.78 -0.002780746
39.8 -0.001487384
39.82 -0.001780122
39.84 -0.001837239
39.86 -0.003510037
39.88 -0.004140394
39.9 -0.004246472
39.92 -0.00306021
39.94 -0.001163007
39.96 -0.001505725
39.98 -0.0005204021
40 -0.0003990195
40.02 -0.001201757
40.04 -0.001041614
40.06 -0.0005407919
40.08 -0.0007060293
40.1 -0.001282327
40.12 -0.001310884
40.14 -0.0008212815
40.16 -0.0009752989
40.18 -0.0009263362
40.2 0.0005292064
40.22 -0.0003255509
40.24 -0.0006621482
40.26 0.0008698945
40.28 0.001465577
40.3 0.00124832
40.32 0.001556363
40.34 0.001293205
40.36 0.001325848
40.38 0.0009413109
40.4 -0.0009314063
40.42 -0.001893264
40.44 -0.0019055
40.46 -0.0008854979
40.48 0.0005057849
40.5 0.0004048078
40.52 0.0002161107
40.54 0.0009341936
40.56 0.0006914364
40.58 0.001495199
40.6 0.002490722
40.62 0.003686165
40.64 0.004100288
40.66 0.003156791
40.68 0.002568254
40.7 0.002001137
40.72 0.00174512
40.74 0.001847123
40.76 0.001867526
40.78 0.002946689
40.8 0.002880392
40.82 0.003966695
40.84 0.004662338
40.86 0.004649081
40.88 0.004360424
40.9 0.002276568
40.92 0.00190019
40.94 0.001561554
40.96 0.001930796
40.98 0.00212256
41 0.003863703
41.02 0.004140126
41.04 0.004690929
41.06 0.004744993
41.08 0.004902076
41.1 0.004036099
41.12 0.002200103
41.14 0.002876365
41.16 0.002214389
41.18 0.003804572
41.2 0.005095896
41.22 0.004942898
41.24 0.005130582
41.26 0.004934745
41.28 0.005158129
41.3 0.005014311
41.32 0.004025935
41.34 0.003249719
41.36 0.002732582
41.38 0.002844786
41.4 0.002232789
41.42 0.001932912
41.44 0.001959435
41.46 0.001074079
41.48 0.001165883
41.5 0.0008323462
41.52 -2.010339e-06
41.54 -0.0003681869
41.56 -0.0008424833
41.58 -0.00176558
41.6 -0.003218056
41.62 -0.003407772
41.64 -0.003373089
41.66 -0.004461425
41.68 -0.004611362
41.7 -0.004790878
41.72 -0.005690514
41.74 -0.005477331
41.76 -0.005803727
41.78 -0.005615024
41.8 -0.00642796
41.82 -0.007330657
41.84 -0.007390833
41.86 -0.007488749
41.88 -0.007304126
41.9 -0.007350021
41.92 -0.007540758
41.94 -0.008242514
41.96 -0.008936111
41.98 -0.008815747
42 -0.008299623
42.02 -0.008462819
42.04 -0.006372835
42.06 -0.005133532
42.08 -0.003276108
42.1 -0.002492745
42.12 -0.00191134
42.14 -0.0005628967
42.16 -0.001972533
42.18 -0.002223449
42.2 -0.0007852451
42.22 -0.0005343213
42.24 -0.0006363174
42.26 -0.0005659334
42.28 -0.0001242696
42.3 0.0004887543
42.32 0.0005887183
42.34 0.001042622
42.36 0.0004908061
42.38 -1.306985e-05
42.4 -9.772587e-05
42.42 -4.90189e-06
42.44 -3.54979e-05
42.46 -4.893883e-06
42.48 3.285014e-05
42.5 0.0001552542
42.52 0.0001562782
42.54 0.0008009222
42.56 0.001341526
42.58 0.00178625
42.6 0.002866434
42.62 0.003183658
42.64 0.003563103
42.66 0.003228547
42.68 0.003254051
42.7 0.003510075
42.72 0.004940119
42.74 0.005811204
42.76 0.005304267
42.78 0.004489292
42.8 0.003679415
42.82 0.00432304
42.84 0.004995224
42.86 0.005750028
42.88 0.005755132
42.9 0.005832657
42.92 0.005850001
42.94 0.005684765
42.96 0.004539309
42.98 0.003577454
43 0.003329598
43.02 0.002768602
43.04 0.003420387
43.06 0.003920191
43.08 0.003479556
43.1 0.00333268
43.12 0.001634385
43.14 0.001816968
43.16 0.0006103128
43.18 -0.0004392628
43.2 -0.0008207384
43.22 -0.001785654
43.24 -0.001482709
43.26 -0.001665285
43.28 -0.00170506
43.3 -0.0006269164
43.32 0.000486928
43.34 0.001148913
43.36 0.000220717
43.38 -0.001509198
43.4 -0.001469414
43.42 -0.001923309
43.44 -0.001558145
43.46 -0.00210996
43.48 -0.001769276
43.5 -0.002403711
43.52 -0.002209907
43.54 -0.001280683
43.56 -0.000746198
43.58 0.001325426
43.6 0.001200991
43.62 0.001932335
43.64 -3.115986e-05
43.66 -0.0005686953
43.68 0.0001310293
43.7 -0.0009654661
43.72 -0.002230262
43.74 -0.002119076
43.76 -0.002325112
43.78 -0.003217607
43.8 -0.002816743
43.82 -0.002813679
43.84 -0.001970133
43.86 -0.001449929
43.88 -0.0004278844
43.9 -3.211972e-05
43.92 -6.985504e-05
43.94 -0.0003666704
43.96 -0.0006461456
43.98 -0.001494781
44 -0.002348516
44.02 -0.002731011
44.04 -0.002236307
44.06 -0.001727322
44.08 -0.001140817
44.1 -0.002030253
44.12 -0.001928247
44.14 -0.001185683
44.16 -0.001126518
44.18 -0.0007358535
44.2 -0.0004441288
44.22 0.000923696
44.24 0.0005636408
44.26 -0.0009775744
44.28 -0.002539189
44.3 -0.003978405
44.32 -0.003883539
44.34 -0.003789695
44.36 -0.00367239
44.38 -0.003427586
44.4 -0.00346022
44.42 -0.003556095
44.44 -0.003587711
44.46 -0.003583626
44.48 -0.003366361
44.5 -0.002173976
44.52 -0.002263731
44.54 -0.001076447
44.56 -0.0006898615
44.58 -0.0001716966
44.6 0.001510288
44.62 0.002909733
44.64 0.004913018
44.66 0.004872223
44.68 0.005036447
44.7 0.005157833
44.72 0.004847758
44.74 0.004902843
44.76 0.005508728
44.78 0.007113192
44.8 0.007615037
44.82 0.007983262
44.84 0.009036927
44.86 0.009228693
44.88 0.009514298
44.9 0.008798262
44.92 0.008346407
44.94 0.006598132
44.96 0.005266017
44.98 0.004822322
45 0.002381467
45.02 0.0003475925
45.04 -0.0002185024
45.06 -0.0004530974
45.08 -0.0005489724
45.1 -0.0006326074
45.12 -0.0006152623
45.14 -0.0001287173
45.16 -0.0004489922
45.18 -0.002133007
45.2 -0.003391682
45.22 -0.003567117
45.24 -0.005339872
45.26 -0.006188507
45.28 -0.005796822
45.3 -0.006949417
45.32 -0.006754592
45.34 -0.005773346
45.36 -0.005839641
45.38 -0.005706016
45.4 -0.005728451
45.42 -0.005662146
45.44 -0.005597881
45.46 -0.005606036
45.48 -0.005485671
45.5 -0.005829406
45.52 -0.006050741
45.54 -0.004767576
45.56 -0.004418731
45.58 -0.003775105
45.6 -0.00251438
45.62 -0.002811196
45.64 -0.0003825702
45.66 -0.0004335651
45.68 -0.00126486
45.7 -0.001060855
45.72 -0.002182849
45.74 -0.002312385
45.76 -0.00241336
45.78 -0.0001917944
45.8 6.015077e-05
45.82 0.001954295
45.84 0.002914121
45.86 0.002786626
45.88 0.002913112
45.9 0.003874976
45.92 0.004381921
45.94 0.003167107
45.96 0.003144671
45.98 0.003122237
46 0.003199762
46.02 0.003555747
46.04 0.005981312
46.06 0.006101678
46.08 0.006400542
46.1 0.006119028
46.12 0.007386893
46.14 0.008436478
46.16 0.008182503
46.18 0.007117628
46.2 0.005502973
46.22 0.004740019
46.24 0.003324263
46.26 0.001766729
46.28 0.001159835
46.3 0.002200239
46.32 0.0008069244
46.34 0.0003846496
46.36 0.0003571147
46.38 -0.0006516601
46.4 -0.001951135
46.42 -0.00230099
46.44 -0.002458064
46.46 -0.00292522
46.48 -0.002861974
46.5 -0.002909909
46.52 -0.003796284
46.54 -0.003051679
46.56 -0.003820754
46.58 -0.005318108
46.6 -0.005639404
46.62 -0.006386038
46.64 -0.005862773
46.66 -0.006758328
46.68 -0.006854203
46.7 -0.006956198
46.72 -0.006222813
46.74 -0.005666907
46.76 -0.005624062
46.78 -0.004884558
46.8 -0.003708493
46.82 -0.003054667
46.84 -0.003264782
46.86 -0.003183177
46.88 -0.003537112
46.9 -0.001844927
46.92 -0.0008769419
46.94 -0.0007331168
46.96 -0.0007463719
46.98 -0.0006831268
47 -0.001094182
47.02 -0.0008565166
47.04 0.001044769
47.06 0.001670034
47.08 0.002149439
47.1 0.003559083
47.12 0.004575008
47.14 0.004879993
47.16 0.004711698
47.18 0.004876943
47.2 0.004517908
47.22 0.004014033
47.24 0.003041978
47.26 0.003054223
47.28 0.003707028
47.3 0.004810673
47.32 0.005067718
47.34 0.005362503
47.36 0.005884748
47.38 0.005238073
47.4 0.004727059
47.42 0.004335384
47.44 0.004429229
47.46 0.002862514
47.48 0.002893119
47.5 0.003285823
47.52 0.002420868
47.54 0.001939433
47.56 0.001596718
47.58 0.001420263
47.6 0.000893948
47.62 7.795296e-05
47.64 -4.342214e-05
47.66 -0.0007533373
47.68 -0.001263332
47.7 -0.001105228
47.72 -0.001347983
47.74 -0.001140918
47.76 -0.0008114529
47.78 -0.001085828
47.8 -0.001162323
47.82 -6.785846e-05
47.84 -0.0005125736
47.86 -0.001274508
47.88 -0.001335704
47.9 -0.001039899
47.92 -0.0006206744
47.94 -0.00122247
47.96 -0.001082725
47.98 -0.0009980601
48 -0.002140455
48.02 -0.002009891
48.04 -0.001749786
48.06 -0.001495801
48.08 -0.0009929365
48.1 -0.0008786918
48.12 0.0007227127
48.14 0.0008359374
48.16 -0.0008745978
48.18 -0.001129594
48.2 -0.001011268
48.22 -0.001287684
48.24 -0.00142436
48.26 -0.001329494
48.28 -0.00026563
48.3 0.001239894
48.32 0.002250719
48.34 0.002345584
48.36 0.002440448
48.38 0.001209313
48.4 0.0002372573
48.42 -0.0001340182
48.44 -0.0002523337
48.46 -0.0001176892
48.48 9.753527e-05
48.5 -0.0004063402
48.52 -0.0009091958
48.54 0.0005483886
48.56 -8.910691e-05
48.58 0.0002719775
48.6 0.0006187819
48.62 0.0002648462
48.64 0.00211105
48.66 0.001477635
48.68 0.001109419
48.7 0.001525583
48.72 0.001409308
48.74 0.001586792
48.76 0.001519476
48.78 0.0009197209
48.8 0.0003097652
48.82 0.0008554695
48.84 0.0001934937
48.86 -0.000682682
48.88 -0.001135558
48.9 -0.0008652536
48.92 -0.002730829
48.94 -0.003682485
48.96 -0.003320381
48.98 -0.003680437
49 -0.003182673
49.02 -0.003889528
49.04 -0.003770185
49.06 -0.00395276
49.08 -0.003918076
49.1 -0.003875233
49.12 -0.003866048
49.14 -0.003550865
49.16 -0.00373446
49.18 -0.003832377
49.2 -0.003763012
49.22 -0.003718129
49.24 -0.005390925
49.26 -0.005234861
49.28 -0.004407637
49.3 -0.004205673
49.32 -0.003605909
49.34 -0.002732785
49.36 -0.002709322
49.38 -0.002919438
49.4 -0.002161574
49.42 -0.001404731
49.44 -0.0009049265
49.46 -0.001307823
49.48 -0.0009477592
49.5 -0.001410836
49.52 -0.0006142118
49.54 0.001134072
49.56 0.002478435
49.58 0.003387259
49.6 0.003941122
49.62 0.004415426
49.64 0.004685729
49.66 0.004491934
49.68 0.004800997
49.7 0.00550684
49.72 0.005435444
49.74 0.005792447
49.76 0.006081111
49.78 0.006186174
49.8 0.005018277
49.82 0.004567441
49.84 0.004534803
49.86 0.004637827
49.88 0.00417373
49.9 0.003673934
49.92 0.002494817
49.94 0.00201032
49.96 0.002420363
49.98 0.001976666
50 0.00125655
50.02 0.0008465128
50.04 0.001178015
50.06 0.001165779
50.08 0.001648242
50.1 0.001426905
50.12 0.000902628
50.14 0.001132131
50.16 -0.0008364661
50.18 -0.001120023
50.2 -0.001003741
50.22 -0.001406637
50.24 -0.0006956945
50.26 -0.0003733717
50.28 -0.0007874889
50.3 -0.001408666
50.32 -0.001442324
50.34 -0.00246436
50.36 -0.002006378
50.38 -0.002130816
50.4 -0.002386832
50.42 -0.00280197
50.44 -0.003282388
50.46 -0.003497605
50.48 -0.003274222
50.5 -0.003722
50.52 -0.002570417
50.54 -0.001082235
50.56 -0.0006558726
50.58 0.0008323098
50.6 0.0008731121
50.62 0.001505514
50.64 0.001906376
50.66 0.000811919
50.68 0.0006640213
50.7 0.0004834835
50.72 0.0001560656
50.74 0.0004916478
50.76 -0.00032843
50.78 -0.0009771479
50.8 -0.001232146
50.82 -0.001533044
50.84 -0.001016922
50.86 -0.0011944
50.88 -0.001325978
50.9 -0.001121976
50.92 -0.001010794
50.94 -0.001075053
50.96 -0.0008628905
50.98 -0.0001917287
51 -0.0004712069
51.02 -0.001288225
51.04 -0.001179084
51.06 -0.001294342
51.08 -0.00142184
51.1 -0.001143379
51.12 -0.0008261572
51.14 0.0008609243
51.16 0.001124085
51.18 0.0004039673
51.2 0.0003019687
51.22 -6.012989e-05
51.24 0.0006089914
51.26 0.001285253
51.28 0.001381134
51.3 0.002313416
51.32 0.003302817
51.34 0.003112078
51.36 0.003560879
51.38 0.004114739
51.4 0.00451968
51.42 0.004555381
51.44 0.004213683
51.46 0.004115764
51.48 0.004182065
51.5 0.002940726
51.52 0.002075767
51.54 0.001904408
51.56 0.001812609
51.58 0.001151648
51.6 0.001141449
51.62 0.00185545
51.64 0.001223051
51.66 0.0003601314
51.68 0.000100032
51.7 0.0001673525
51.72 0.0004672329
51.74 0.001093514
51.76 0.0005172137
51.78 0.0008854341
51.8 0.001684095
51.82 0.001425014
51.84 0.0004009348
51.86 -0.000329385
51.88 -0.0007271849
51.9 -0.001712505
51.92 -0.002898764
51.94 -0.003231285
51.96 -0.003239444
51.98 -0.003179265
52 -0.003347565
52.02 -0.003779024
52.04 -0.003489345
52.06 -0.002769225
52.08 -0.002631526
52.1 -0.003051766
52.12 -0.003982006
52.14 -0.003569927
52.16 -0.003853487
52.18 -0.004108488
52.2 -0.003480168
52.22 -0.003300649
52.24 -0.00236021
52.26 -0.00249587
52.28 -0.001946091
52.3 -0.001405492
52.32 -0.002087872
52.34 -0.002051154
52.36 -0.002033815
52.38 -0.001627855
52.4 -0.0005660364
52.42 -0.0006506975
52.44 -0.0002773786
52.46 -0.0002539197
52.48 0.000283619
52.5 -7.746216e-05
52.52 -0.0005436034
52.54 0.0004570152
52.56 -0.0001835462
52.58 0.0002815723
52.6 0.0007477109
52.62 0.001005769
52.64 0.002419488
52.66 0.001939066
52.68 0.001561664
52.7 0.001855423
52.72 0.001797281
52.74 0.001232199
52.76 0.001405597
52.78 0.0009210952
52.8 0.0003560132
52.82 0.001497391
52.84 0.001632029
52.86 0.002162427
52.88 0.001997185
52.9 0.001805422
52.92 0.00165038
52.94 0.001533078
52.96 -0.0002274446
52.98 -0.000726227
53 -0.0005079496
53.02 -0.0002753922
53.04 0.0007782652
53.06 0.0008364025
53.08 0.00118524
53.1 0.000292737
53.12 -0.0002488858
53.14 -0.0005844688
53.16 -0.001197491
53.18 -0.001201575
53.2 -0.001425977
53.22 -0.0009088409
53.24 -0.0009302641
53.26 -0.001129167
53.28 -0.0009639306
53.3 -0.000492694
53.32 -0.0005181974
53.34 -0.00127402
53.36 -0.002184884
53.38 -0.002242008
53.4 -0.002081872
53.42 -0.002263435
53.44 -0.002065559
53.46 -0.001737123
53.48 -0.0007620069
53.5 -0.001005791
53.52 -0.001609635
53.54 -0.0006936789
53.56 -0.0006579831
53.58 -0.0005927073
53.6 -0.0006865515
53.62 -0.0001398359
53.64 0.00117902
53.66 0.0008964753
53.68 0.0008832108
53.7 0.001768566
53.72 0.001611481
53.74 0.001481937
53.76 0.002020492
53.78 0.002076587
53.8 0.002207143
53.82 0.002038837
53.84 0.002165312
53.86 0.002376447
53.88 0.002461102
53.9 0.002311157
53.92 0.002157132
53.94 0.002243826
53.96 0.002318281
53.98 0.002084696
54 0.00183773
54.02 0.0009167907
54.04 0.001912046
54.06 0.002090865
54.08 0.001761034
54.1 0.002437892
54.12 0.002304302
54.14 0.002667194
54.16 0.001736662
54.18 0.0007154078
54.2 -0.0002249587
54.22 -0.0006402062
54.24 -0.0008308693
54.26 -0.00114284
54.28 -0.000534883
54.3 -0.001732727
54.32 -0.001556261
54.34 -0.002048092
54.36 -0.002884929
54.38 -0.00248128
54.4 -0.001874873
54.42 -0.0009428343
54.44 -0.0004529829
54.46 -0.0004920952
54.48 -0.0004754298
54.5 -0.0007212477
54.52 -0.001116166
54.54 -0.000600874
54.56 -0.0005758782
54.58 -0.0003495593
54.6 -0.0008364983
54.62 -0.0003382795
54.64 0.0004039305
54.66 0.0004829351
54.68 0.000315377
54.7 6.502954e-05
54.72 0.0006107158
54.74 -0.000100333
54.76 -0.0007405794
54.78 -4.664681e-06
54.8 -4.370268e-06
54.82 0.0003872883
54.84 0.0006888754
54.86 0.0004889973
54.88 0.0004050797
54.9 0.0006537006
54.92 0.0005716827
54.94 0.0008855012
54.96 0.0004379614
54.98 0.000614227
55 0.0008184533
55.02 6.343226e-05
55.04 0.0003145844
55.06 0.0001628744
55.08 -0.0002450143
55.1 -0.0001864891
55.12 -0.0004515735
55.14 0.0004969053
55.16 0.0002343773
55.18 -0.0002859478
55.2 -0.0001534459
55.22 0.0002721277
55.24 0.0006895381
55.26 2.477949e-05
55.28 -0.000150191
55.3 0.0002226072
55.32 0.0005737185
55.34 0.00021832
55.36 0.000435191
55.38 0.0002534358
55.4 1.369675e-05
55.42 0.000352204
55.44 0.000273547
55.46 -0.0003916013
55.48 -9.561799e-05
55.5 -0.0005217468
55.52 -0.000630957
55.54 0.0001347365
55.56 0.0008550236
55.58 7.7036e-05
55.6 0.0002606513
55.62 0.0005128017
55.64 0.0003805235
55.66 -0.0003148015
55.68 -0.0008711981
55.7 -0.0005418248
55.72 -0.0004594514
55.74 -0.0008731738
55.76 -0.001197704
55.78 -0.001318459
55.8 -0.002187413
55.82 -0.002026522
55.84 -0.002265248
55.86 -0.002434235
55.88 -0.002315326
55.9 -0.00223961
55.92 -0.001710521
55.94 -0.001041141
55.96 -0.001040433
55.98 -0.001318336
56 -0.001204326
56.02 -0.001507494
56.04 -0.001246383
56.06 -0.001149541
56.08 -0.0007121653
56.1 -0.0007008508
56.12 -0.0004720321
56.14 0.000124606
56.16 5.191264e-05
56.18 0.000377843
56.2 0.0006137991
56.22 0.001002627
56.24 0.00130937
56.26 0.001371871
56.28 0.001175885
56.3 0.001046513
56.32 0.0009925313
56.34 0.000964366
56.36 0.001060693
56.38 0.001178699
56.4 0.001193788
56.42 0.001058714
56.44 0.0005867459
56.46 0.0004762081
56.48 0.0006531013
56.5 0.00069674
56.52 0.0005187074
56.54 0.0008333135
56.56 0.00112495
56.58 0.0009167088
56.6 0.001027456
56.62 0.0007171337
56.64 0.0007751134
56.66 0.0004411667
56.68 3.886629e-05
56.7 0.0002153376
56.72 -2.756118e-05
56.74 -8.511725e-05
56.76 -3.987795e-05
56.78 1.150956e-05
56.8 6.612144e-05
56.82 6.020706e-05
56.84 -7.615958e-05
56.86 -0.0002073598
56.88 -0.0001233051
56.9 -0.000120327
56.92 -8.201008e-05
56.94 -0.0001015297
56.96 -0.000250415
56.98 -0.0001340337
57 -0.0002833351
57.02 -0.0002050039
57.04 7.987583e-05
57.06 -5.205509e-05
57.08 0.0001570297
57.1 0.0002946267
57.12 0.0002897188
57.14 0.0003316746
57.16 -3.620678e-05
57.18 -0.0001217985
57.2 -0.000153517
57.22 -0.0002442871
57.24 -0.0002865704
57.26 -0.0003556523
57.28 -0.0002545234
57.3 -0.0003351725
57.32 -8.592638e-05
57.34 -0.0001086876
57.36 2.587424e-05
57.38 8.050617e-05
57.4 9.078712e-06
57.42 3.767528e-05
57.44 -9.229288e-05
57.46 2.379165e-05
57.48 -1.597766e-05
57.5 9.435321e-05
57.52 -8.693848e-06
57.54 2.990017e-05
57.56 9.427242e-05
57.58 5.138348e-05
57.6 2.771141e-05
57.62 -1.625223e-05
57.64 -3.159271e-06
57.66 -9.07323e-05
57.68 -0.000108492
57.7 -0.0001220761
57.72 -0.0002111681
57.74 -0.0001565483
57.76 -0.000107892
57.78 -9.605871e-05
57.8 -9.660381e-05
57.82 -9.345986e-05
57.84 -7.851875e-05
57.86 -5.487557e-05
57.88 -6.463408e-05
57.9 -4.202637e-05
57.92 -7.455282e-06
57.94 3.382798e-05
57.96 1.469128e-05
57.98 -7.100718e-07
58 -1.03343e-06
58.02 -3.592576e-05
58.04 7.009511e-06
58.06 -1.285204e-05
58.08 -3.551273e-05
58.1 -5.018602e-05
58.12 -4.852806e-05
58.14 -3.889179e-05
58.16 -6.448617e-05
58.18 -6.568785e-05
58.2 -5.470545e-05
58.22 -7.135573e-05
58.24 -4.519176e-05
58.26 -6.978926e-05
58.28 -3.488776e-05
58.3 -8.847162e-06
58.32 6.067166e-06
58.34 2.359027e-05
58.36 3.505602e-06
58.38 -6.311505e-07
58.4 4.267286e-06
58.42 6.683895e-06
58.44 1.505187e-05
58.46 2.028867e-05
58.48 2.51115e-06
58.5 -7.723061e-06
58.52 -1.412555e-05
58.54 1.769285e-05
58.56 2.227787e-05
58.58 3.102828e-05
58.6 2.998854e-05
58.62 3.501959e-05
58.64 3.77295e-05
58.66 3.30488e-05
58.68 3.157747e-05
58.7 3.418382e-05
58.72 3.880807e-05
58.74 3.562529e-05
58.76 3.292875e-05
58.78 3.089123e-05
58.8 3.088528e-05
58.82 2.843879e-05
58.84 2.243038e-05
58.86 2.178359e-05
58.88 2.125662e-05
58.9 1.719221e-05
58.92 1.882705e-05
58.94 1.297845e-05
58.96 1.599215e-05
58.98 1.789419e-05
59 1.708517e-05
59.02 1.485644e-05
59.04 1.599853e-05
59.06 1.531611e-05
59.08 1.484696e-05
59.1 1.284475e-05
59.12 1.209162e-05
59.14 1.291089e-05
59.16 9.027755e-06
59.18 8.237135e-06
59.2 7.068277e-06
59.22 5.276015e-06
59.24 5.65439e-06
59.26 4.621481e-06
59.28 3.369471e-06
59.3 2.659805e-06
59.32 2.048631e-06
59.34 1.607267e-06
59.36 5.650449e-07
59.38 5.798964e-08
59.4 -6.14148e-07
59.42 -1.180104e-06
59.44 -1.776526e-06
59.46 -2.024381e-06
59.48 -2.501911e-06
59.5 -2.73734e-06
59.52 -3.039206e-06
59.54 -3.301394e-06
59.56 -3.518292e-06
59.58 -3.592934e-06
59.6 -3.733061e-06
59.62 -3.744257e-06
59.64 -3.590358e-06
59.66 -3.585436e-06
59.68 -3.489769e-06
59.7 -3.379392e-06
59.72 -3.276939e-06
59.74 -3.170474e-06
59.76 -3.068305e-06
59.78 -2.977589e-06
59.8 -2.90397e-06
59.82 -2.845324e-06
59.84 -2.794147e-06
59.86 -2.755038e-06
59.88 -2.72712e-06
59.9 -2.708295e-06
59.92 -2.697533e-06
59.94 -2.694226e-06
59.96 -2.698178e-06
59.98 -2.710028e-06
