0 -0.0004565725
0.02 0.0008904477
0.04 0.0004922504
0.06 -0.000812728
0.08 -0.001292522
0.1 -0.001778435
0.12 -0.001850225
0.14 -0.002073998
0.16 -0.001973402
0.18 -0.001807517
0.2 -0.0002585195
0.22 0.0003316965
0.24 0.0006689457
0.26 0.0005043647
0.28 0.0003734392
0.3 0.0006637864
0.32 -0.0007115339
0.34 7.249085e-05
0.36 0.0001068194
0.38 0.0004838712
0.4 0.001506591
0.42 -9.004375e-05
0.44 -0.001689748
0.46 -0.001364715
0.48 -0.0001818503
0.5 -0.0001556524
0.52 0.0003825786
0.54 -0.000187916
0.56 -0.001170505
0.58 -0.0003997038
0.6 -0.0002745668
0.62 0.0009848248
0.64 0.00172606
0.66 0.00123105
0.68 0.001000227
0.7 0.0009009843
0.72 0.0007701224
0.74 0.001873465
0.76 0.002141435
0.78 0.002965308
0.8 0.003167
0.82 0.0005850926
0.84 -0.001113483
0.86 -0.002634599
0.88 -0.001642428
0.9 0.0001769795
0.92 0.0002532182
0.94 -0.0008772143
0.96 -0.0008213911
0.98 0.000122871
1 -0.0007188941
1.02 -4.085584e-05
1.04 -0.000158412
1.06 0.000115708
1.08 0.001595476
1.1 0.001329019
1.12 0.001142118
1.14 -0.0003187639
1.16 -0.00110951
1.18 -0.0005232539
1.2 7.933583e-05
1.22 -0.001206091
1.24 -0.002215124
1.26 -0.000106002
1.28 2.842246e-05
1.3 -0.001774145
1.32 -0.002315993
1.34 -0.001081002
1.36 0.000445717
1.38 0.001430823
1.4 0.003026917
1.42 0.001413079
1.44 -0.0002089314
1.46 -0.001990065
1.48 -0.001710807
1.5 0.0005635836
1.52 0.003599927
1.54 0.003828227
1.56 0.002298045
1.58 0.0006729939
1.6 -0.001233589
1.62 0.0009265697
1.64 0.001417012
1.66 -0.0006068545
1.68 -0.0002296492
1.7 0.001626575
1.72 0.0005574511
1.74 -0.001644915
1.76 -0.001616552
1.78 0.000336584
1.8 -0.0007478397
1.82 -0.001522202
1.84 0.0003146351
1.86 0.003122545
1.88 0.001637291
1.9 -0.0003141435
1.92 0.0009188718
1.94 -0.000187981
1.96 -0.001777302
1.98 -0.001553075
2 0.001181384
2.02 0.002241025
2.04 0.002190904
2.06 0.001218706
2.08 0.0002516001
2.1 0.0003412157
2.12 0.0002431629
2.14 -0.0005597157
2.16 -0.001223871
2.18 -0.002752994
2.2 -0.001883093
2.22 -0.0002400051
2.24 0.0009961076
2.26 0.001379514
2.28 -0.001060441
2.3 -0.002903722
2.32 -0.002036872
2.34 -0.0002999311
2.36 0.0004282197
2.38 0.001879576
2.4 0.000925777
2.42 -0.0004717419
2.44 -0.002176276
2.46 -0.002535459
2.48 0.0007692104
2.5 0.003282407
2.52 0.003076289
2.54 0.001193275
2.56 -0.002323791
2.58 -0.00472295
2.6 -0.001567191
2.62 0.0007266999
2.64 -0.002164072
2.66 -0.003228042
2.68 -0.0007679111
2.7 0.0008221855
2.72 0.0008516784
2.74 0.0003609685
2.76 0.0004088135
2.78 0.001830607
2.8 0.001783613
2.82 0.0005340219
2.84 0.0008838058
2.86 -0.0008461992
2.88 -0.002574168
2.9 -0.002562013
2.92 -0.002536599
2.94 -0.002653984
2.96 -0.001634076
2.98 -0.0006814574
3 -0.001810685
3.02 0.0005005534
3.04 0.003328949
3.06 0.003632856
3.08 0.003160537
3.1 0.003716383
3.12 0.002574965
3.14 -0.0008737231
3.16 -0.002218165
3.18 -0.001623592
3.2 -4.877976e-05
3.22 0.0006345684
3.24 0.001352593
3.26 1.634955e-05
3.28 -0.00325179
3.3 -0.004681898
3.32 -0.004890064
3.34 -0.001244655
3.36 0.00309846
3.38 0.00406438
3.4 0.002622075
3.42 -0.0007307106
3.44 -0.0007960685
3.46 0.001467266
3.48 0.002746286
3.5 0.006051068
3.52 0.007646338
3.54 0.006365179
3.56 0.00332659
3.58 0.0005480602
3.6 -0.002326334
3.62 -0.004303167
3.64 -0.002912967
3.66 -0.001345278
3.68 0.000737531
3.7 0.001028212
3.72 0.0008180758
3.74 -0.0006191338
3.76 -0.0001367138
3.78 0.0008128927
3.8 -0.001079225
3.82 -0.001581123
3.84 0.0009820997
3.86 0.00332095
3.88 0.001893966
3.9 -0.001827015
3.92 -0.00461981
3.94 -0.003918088
3.96 -0.002950134
3.98 -0.002701282
4 -0.001595634
4.02 9.042574e-05
4.04 -0.001316162
4.06 -0.002374943
4.08 -0.003459225
4.1 -0.004983129
4.12 -0.004158011
4.14 0.0005003066
4.16 0.005392228
4.18 0.006257205
4.2 0.004028516
4.22 0.002634171
4.24 0.001463214
4.26 0.0002544993
4.28 -8.210438e-05
4.3 -0.00178144
4.32 -0.002511781
4.34 -0.002766793
4.36 -0.001096059
4.38 0.0002177149
4.4 9.632416e-05
4.42 0.001809929
4.44 0.001400916
4.46 0.001637557
4.48 0.002167958
4.5 0.002457632
4.52 0.002907459
4.54 0.002463761
4.56 0.002122066
4.58 0.002769762
4.6 0.003471537
4.62 0.003730636
4.64 0.002547478
4.66 -0.001614121
4.68 -0.004213082
4.7 -0.004865917
4.72 -0.002512782
4.74 -0.001949723
4.76 -0.002334262
4.78 -0.001492771
4.8 0.0002779634
4.82 -0.001096971
4.84 -0.001296899
4.86 0.0003402141
4.88 0.0003310414
4.9 0.002021189
4.92 0.003171779
4.94 0.002459859
4.96 0.0003760215
4.98 0.0006636653
5 -6.4567e-05
5.02 -0.002657391
5.04 -0.004902396
5.06 -0.006502794
5.08 -0.005869398
5.1 -0.003753943
5.12 -0.0009162835
5.14 0.0002914516
5.16 0.0007892303
5.18 -0.0001379208
5.2 0.000853528
5.22 0.003349496
5.24 0.004025789
5.26 0.002631489
5.28 0.0003354989
5.3 -0.001331165
5.32 -0.002377658
5.34 -0.003255861
5.36 -0.005343778
5.38 -0.005560006
5.4 -0.005603846
5.42 -0.005912908
5.44 -0.006017958
5.46 -0.005145818
5.48 -0.002892642
5.5 0.0007834664
5.52 0.006433268
5.54 0.007868479
5.56 0.005430728
5.58 0.003562127
5.6 0.003386716
5.62 0.002992016
5.64 -0.001266436
5.66 -0.004064292
5.68 -0.005140387
5.7 -0.00353184
5.72 -0.0001668393
5.74 0.0004350123
5.76 -0.0001993994
5.78 -0.001273434
5.8 0.001771272
5.82 0.004684448
5.84 0.004788529
5.86 0.003529887
5.88 0.003291226
5.9 0.005988151
5.92 0.00789561
5.94 0.006165735
5.96 0.003210847
5.98 0.002026654
6 0.000701722
6.02 -0.00102919
6.04 -0.003267037
6.06 -0.003839262
6.08 -0.002025678
6.1 -0.001453411
6.12 -0.001346282
6.14 -0.0005965463
6.16 -0.001006554
6.18 0.000405155
6.2 0.001474164
6.22 0.001450755
6.24 -0.0007370888
6.26 -0.002670995
6.28 -0.0003382243
6.3 -0.0005962324
6.32 -0.0003564936
6.34 -0.001670204
6.36 -0.003029858
6.38 -0.0003186714
6.4 -0.0007164125
6.42 -0.002190269
6.44 -0.00394667
6.46 -0.004155746
6.48 -0.003971099
6.5 -0.002414549
6.52 0.0008229667
6.54 0.001804268
6.56 0.002380618
6.58 0.001066908
6.6 -0.000683369
6.62 -0.002175601
6.64 -0.002076641
6.66 -0.0003813677
6.68 0.001736189
6.7 0.001887214
6.72 0.001706712
6.74 0.002287134
6.76 0.001830214
6.78 0.001639515
6.8 0.002353554
6.82 0.002945205
6.84 0.002499515
6.86 0.00118274
6.88 3.118244e-05
6.9 0.002897405
6.92 0.005436245
6.94 0.00517519
6.96 0.00566077
6.98 0.005484372
7 0.002724328
7.02 -0.00054271
7.04 -0.003254871
7.06 -0.001352555
7.08 0.002471465
7.1 0.003586386
7.12 0.003057071
7.14 -8.448552e-05
7.16 -0.001290096
7.18 -0.0009983391
7.2 -0.002663957
7.22 -0.001441957
7.24 -0.002725067
7.26 -0.001799905
7.28 9.837513e-05
7.3 -5.558797e-05
7.32 -0.00163346
7.34 -0.004401725
7.36 -0.00540538
7.38 -0.005926559
7.4 -0.005916336
7.42 -0.004661711
7.44 -0.002180015
7.46 -0.001944344
7.48 -0.0001042254
7.5 -0.0007508401
7.52 -0.00256539
7.54 -0.002793833
7.56 -0.001311757
7.58 0.0006538493
7.6 0.0002173372
7.62 0.0004030312
7.64 -0.0001324356
7.66 0.0007080848
7.68 0.002735883
7.7 0.006296747
7.72 0.009164031
7.74 0.006336669
7.76 0.002342401
7.78 0.0005105091
7.8 0.0002269927
7.82 0.0001158525
7.84 -0.0009734643
7.86 -0.0004409945
7.88 0.001143108
7.9 0.001458335
7.92 0.002095884
7.94 0.001896016
7.96 -7.558646e-05
7.98 -0.002394022
8 -0.002679597
8.02 -0.001862528
8.04 -0.002745813
8.06 -0.002236799
8.08 -0.0025142
8.1 -0.003053746
8.12 -0.001527803
8.14 0.0002929465
8.16 0.0009009214
8.18 -0.0007544874
8.2 -0.002039658
8.22 -0.001129795
8.24 0.002096497
8.26 0.003071681
8.28 0.00367659
8.3 0.003205424
8.32 0.001531644
8.34 0.0005585976
8.36 -0.001527276
8.38 0.00141748
8.4 0.004049138
8.42 0.003764611
8.44 0.003596374
8.46 0.001424848
8.48 -0.001179159
8.5 -0.003866833
8.52 -0.004538993
8.54 -0.003284371
8.56 -0.001866539
8.58 -0.001294275
8.6 0.0001368044
8.62 0.002582827
8.64 0.001626132
8.66 0.0002756792
8.68 0.0006153897
8.7 -0.001163448
8.72 -0.001694848
8.74 -0.0008176141
8.76 -0.001017497
8.78 -0.000875689
8.8 -7.597946e-05
8.82 0.001054232
8.84 -0.0005185515
8.86 -0.002445308
8.88 -0.001520162
8.9 0.002205932
8.92 0.004274574
8.94 0.002441713
8.96 0.0007271337
8.98 -0.00202786
9 -0.00477776
9.02 -0.004322833
9.04 -0.003610853
9.06 -0.001077142
9.08 0.0006609791
9.1 0.0009343921
9.12 -0.0003752408
9.14 -0.003193476
9.16 -0.002698787
9.18 0.002633801
9.2 0.006141656
9.22 0.005138043
9.24 0.003329648
9.26 0.001222361
9.28 0.001522275
9.3 0.000441116
9.32 -0.002257746
9.34 -0.00661109
9.36 -0.00906828
9.38 -0.006925253
9.4 -0.004832207
9.42 -0.002530041
9.44 -0.001487562
9.46 -0.001899595
9.48 -0.001210055
9.5 -0.0001318795
9.52 0.002546675
9.54 0.002717089
9.56 0.001293198
9.58 0.001711437
9.6 0.0008383553
9.62 0.0002814516
9.64 0.001103593
9.66 0.002086898
9.68 0.004454354
9.7 0.004715533
9.72 0.004081151
9.74 0.0008681993
9.76 -0.001785827
9.78 -0.002261122
9.8 -0.003561611
9.82 -0.002051998
9.84 -0.001633763
9.86 -0.0020856
9.88 -0.001019694
9.9 0.0009673007
9.92 0.001761922
9.94 0.002271956
9.96 0.001524347
9.98 0.0005084437
10 0.002399553
10.02 0.001660103
10.04 7.200676e-05
10.06 -0.003419442
10.08 -0.004195697
10.1 -0.000516538
10.12 0.00134705
10.14 -0.0002808103
10.16 -0.001065198
10.18 0.00125431
10.2 0.00214378
10.22 0.002901698
10.24 0.003214872
10.26 0.003750378
10.28 0.00403295
10.3 0.003706576
10.32 0.003133371
10.34 0.001646231
10.36 0.001570774
10.38 0.001617724
10.4 -0.0006803096
10.42 -0.0001131785
10.44 0.001092485
10.46 0.002172692
10.48 0.003437532
10.5 0.00137716
10.52 0.0003214852
10.54 -0.0002119587
10.56 -4.873473e-05
10.58 0.0002113895
10.6 -0.0005515295
10.62 -0.003698209
10.64 -0.007249835
10.66 -0.006710254
10.68 -0.004839564
10.7 -0.004476431
10.72 -0.004180623
10.74 -0.002790321
10.76 -0.004345808
10.78 -0.003231958
10.8 -0.00213544
10.82 -0.002540358
10.84 -0.0007910646
10.86 0.001606996
10.88 0.002284302
10.9 0.001504025
10.92 0.0008961163
10.94 0.002397572
10.96 0.004145877
10.98 0.003174864
11 0.002959664
11.02 0.002647571
11.04 0.003010708
11.06 0.003377933
11.08 0.002272283
11.1 0.0003261461
11.12 -0.001522092
11.14 0.0003577629
11.16 0.003935935
11.18 0.00581178
11.2 0.003704517
11.22 -7.050462e-05
11.24 -0.002423609
11.26 -0.005455058
11.28 -0.007037079
11.3 -0.007005471
11.32 -0.003943441
11.34 -0.00139239
11.36 -0.003275265
11.38 -0.008126369
11.4 -0.01038061
11.42 -0.008422228
11.44 -0.005186816
11.46 -0.0005060192
11.48 0.00504789
11.5 0.006921738
11.52 0.005309155
11.54 0.001622869
11.56 -0.001275971
11.58 0.002070642
11.6 0.004944011
11.62 0.003835299
11.64 4.909082e-05
11.66 -0.002585584
11.68 -0.002103132
11.7 -0.001611489
11.72 0.0009772636
11.74 0.002077864
11.76 0.004396315
11.78 0.007958181
11.8 0.01007778
11.82 0.007534995
11.84 0.002510489
11.86 0.0002011759
11.88 0.001806638
11.9 0.005929488
11.92 0.007618646
11.94 0.007173949
11.96 0.004729047
11.98 0.002301447
12 0.001738408
12.02 0.002349383
12.04 0.002754334
12.06 0.005043226
12.08 0.005897023
12.1 0.003147133
12.12 -0.002057889
12.14 -0.005645294
12.16 -0.006338915
12.18 -0.003952106
12.2 -0.001946774
12.22 -0.001579563
12.24 -0.003549149
12.26 -0.005540191
12.28 -0.009058137
12.3 -0.01529448
12.32 -0.01632577
12.34 -0.01196732
12.36 -0.004485648
12.38 -0.001474552
12.4 -0.0006197783
12.42 -0.002240521
12.44 -0.002850516
12.46 -0.0004096382
12.48 0.0001911531
12.5 -0.0004044977
12.52 -0.002408791
12.54 -0.002033418
12.56 -0.004170286
12.58 -0.009763952
12.6 -0.01744867
12.62 -0.01860653
12.64 -0.01166146
12.66 -0.003278054
12.68 0.005478622
12.7 0.008369398
12.72 0.01288388
12.74 0.01757802
12.76 0.02037184
12.78 0.02088512
12.8 0.01728253
12.82 0.01219671
12.84 0.006077795
12.86 0.0005004051
12.88 -0.008512258
12.9 -0.019921
12.92 -0.03028525
12.94 -0.0327773
12.96 -0.02530081
12.98 -0.01734476
13 -0.01013245
13.02 -0.001024827
13.04 0.005611221
13.06 0.01493202
13.08 0.02451388
13.1 0.03289847
13.12 0.03994368
13.14 0.04238657
13.16 0.03812007
13.18 0.02712453
13.2 0.009828521
13.22 -0.00658338
13.24 -0.01537069
13.26 -0.024202
13.28 -0.026849
13.3 -0.02549755
13.32 -0.02102192
13.34 -0.01194092
13.36 0.0003530163
13.38 0.01555822
13.4 0.02774007
13.42 0.03735184
13.44 0.04143504
13.46 0.03969993
13.48 0.03358113
13.5 0.02382995
13.52 0.009490997
13.54 -0.01409555
13.56 -0.03588986
13.58 -0.05047517
13.6 -0.05275097
13.62 -0.04507042
13.64 -0.03674023
13.66 -0.02367309
13.68 -0.009948042
13.7 0.0007579518
13.72 0.008222329
13.74 0.01073574
13.76 0.009691275
13.78 0.00981365
13.8 0.01439957
13.82 0.01965568
13.84 0.02260359
13.86 0.01656731
13.88 0.009117334
13.9 -0.002615713
13.92 -0.01689672
13.94 -0.03030164
13.96 -0.03814663
13.98 -0.03616701
14 -0.03017061
14.02 -0.01970852
14.04 -0.007354437
14.06 0.009211507
14.08 0.02288979
14.1 0.03324894
14.12 0.03167829
14.14 0.01893756
14.16 0.00342852
14.18 -0.008398482
14.2 -0.009680725
14.22 -0.002995732
14.24 0.005907824
14.26 0.01394238
14.28 0.01602735
14.3 0.01194537
14.32 0.005887627
14.34 -0.0004966008
14.36 -0.001931789
14.38 0.0006181566
14.4 0.004725705
14.42 0.005443788
14.44 0.003778163
14.46 -0.0002947096
14.48 -0.003183373
14.5 -0.0004273707
14.52 0.0006130614
14.54 -0.002050158
14.56 -0.00661669
14.58 -0.01025609
14.6 -0.01356703
14.62 -0.01626093
14.64 -0.01517271
14.66 -0.007188216
14.68 0.002007049
14.7 0.00793233
14.72 0.00971536
14.74 0.006994011
14.76 0.001120904
14.78 -0.005702933
14.8 -0.01244824
14.82 -0.01153341
14.84 -0.005427729
14.86 -0.002419746
14.88 -0.002400361
14.9 -0.002494205
14.92 -0.003219414
14.94 -0.005954053
14.96 -0.008095073
14.98 -0.008432748
15 -0.005485002
15.02 -0.004697583
15.04 -0.006848833
15.06 -0.003740974
15.08 0.008161282
15.1 0.02265861
15.12 0.0339899
15.14 0.03273648
15.16 0.02485098
15.18 0.01885039
15.2 0.01128413
15.22 8.142706e-05
15.24 -0.0123932
15.26 -0.01788917
15.28 -0.01454472
15.3 -0.008530876
15.32 -0.003861324
15.34 -0.003304422
15.36 -0.00367267
15.38 -0.0006861042
15.4 0.004970778
15.42 0.01169872
15.44 0.01343786
15.46 0.009028415
15.48 0.002383134
15.5 -0.001561256
15.52 -0.002462944
15.54 -0.003710426
15.56 -0.005707598
15.58 -0.004821254
15.6 -0.006923453
15.62 -0.0107801
15.64 -0.01489583
15.66 -0.01789576
15.68 -0.01708087
15.7 -0.01201044
15.72 -0.005307058
15.74 -0.000554862
15.76 0.002015514
15.78 0.004325823
15.8 0.005315221
15.82 0.003870912
15.84 0.00426256
15.86 0.006235224
15.88 0.009026962
15.9 0.008874008
15.92 0.00435339
15.94 -0.0004691988
15.96 -0.002569432
15.98 -0.0006936998
16 0.002584569
16.02 0.002306116
16.04 -0.003103965
16.06 -0.006402706
16.08 -0.004667745
16.1 -0.001156931
16.12 0.001168646
16.14 0.002171298
16.16 0.003639058
16.18 0.003547236
16.2 0.007071304
16.22 0.009283708
16.24 0.01029453
16.26 0.009099112
16.28 0.004891603
16.3 0.004476425
16.32 0.007994364
16.34 0.01545869
16.36 0.01932662
16.38 0.01371158
16.4 0.005653635
16.42 -0.001850562
16.44 -0.007338171
16.46 -0.0121384
16.48 -0.01386023
16.5 -0.01247819
16.52 -0.01003638
16.54 -0.005745285
16.56 -0.0006514284
16.58 0.003750917
16.6 0.003328693
16.62 -0.0006136076
16.64 -0.007573083
16.66 -0.01137468
16.68 -0.009546884
16.7 -0.007368188
16.72 -0.007963882
16.74 -0.009861105
16.76 -0.01043543
16.78 -0.008622948
16.8 -0.004143166
16.82 0.0009191032
16.84 0.004806309
16.86 0.005598885
16.88 0.004280026
16.9 0.001923822
16.92 0.0003162574
16.94 0.001823792
16.96 0.004418641
16.98 0.007821361
17 0.006701423
17.02 0.002302155
17.04 0.000379405
17.06 0.001642114
17.08 0.005927084
17.1 0.01046713
17.12 0.01284378
17.14 0.01125259
17.16 0.006147534
17.18 0.0006660141
17.2 -0.001266933
17.22 0.0003486873
17.24 0.002256089
17.26 0.0006710068
17.28 -0.002363521
17.3 -0.002030033
17.32 0.0007820659
17.34 0.005254753
17.36 0.007926165
17.38 0.00640435
17.4 0.001114674
17.42 -0.003959869
17.44 -0.009517858
17.46 -0.01477092
17.48 -0.01679977
17.5 -0.01459158
17.52 -0.009879259
17.54 -0.004275394
17.56 7.580897e-06
17.58 0.001589629
17.6 0.0008460662
17.62 -0.002002799
17.64 -0.00521481
17.66 -0.005436231
17.68 0.000127796
17.7 0.006244744
17.72 0.01026868
17.74 0.01128978
17.76 0.007147639
17.78 0.000848086
17.8 -0.002636219
17.82 -0.007384371
17.84 -0.0112614
17.86 -0.01568115
17.88 -0.01675531
17.9 -0.01478076
17.92 -0.0122145
17.94 -0.008934105
17.96 -0.006991065
17.98 -0.00362608
18 -0.0009006892
18.02 0.0008088522
18.04 0.001589099
18.06 0.005267221
18.08 0.01073745
18.1 0.0151306
18.12 0.01626079
18.14 0.01588547
18.16 0.01454009
18.18 0.01240625
18.2 0.009680831
18.22 0.006468844
18.24 0.004576715
18.26 0.004734755
18.28 0.006700277
18.3 0.007796773
18.32 0.006973644
18.34 0.005875073
18.36 0.006223912
18.38 0.006494215
18.4 0.005275337
18.42 0.003189406
18.44 0.001804256
18.46 0.002185716
18.48 -0.0002520209
18.5 -0.006002812
18.52 -0.01257976
18.54 -0.01843373
18.56 -0.02001993
18.58 -0.01694768
18.6 -0.01403871
18.62 -0.01198342
18.64 -0.009169319
18.66 -0.003828597
18.68 0.0003962548
18.7 -0.001445815
18.72 -0.006359168
18.74 -0.009703772
18.76 -0.01026077
18.78 -0.006524554
18.8 -0.003840969
18.82 -0.001204271
18.84 0.001417121
18.86 0.001282516
18.88 -0.001720379
18.9 -0.004576407
18.92 -0.004709077
18.94 -0.002607923
18.96 0.002258439
18.98 0.005151169
19 0.00968095
19.02 0.01386813
19.04 0.01590409
19.06 0.01344187
19.08 0.007619758
19.1 0.0003450986
19.12 -0.003709472
19.14 -0.004643864
19.16 -0.001960356
19.18 0.00384141
19.2 0.007700064
19.22 0.011217
19.24 0.01210645
19.26 0.01332128
19.28 0.01458608
19.3 0.01741252
19.32 0.0165313
19.34 0.01261353
19.36 0.007246329
19.38 0.001415951
19.4 -0.002848668
19.42 -0.006460568
19.44 -0.007314359
19.46 -0.005136727
19.48 -0.001146503
19.5 0.0005691452
19.52 0.0001642376
19.54 -0.004077942
19.56 -0.009676741
19.58 -0.01092328
19.6 -0.00792555
19.62 -0.003440623
19.64 -0.0003907898
19.66 -0.002083949
19.68 -0.008305929
19.7 -0.01362221
19.72 -0.01626306
19.74 -0.01560423
19.76 -0.01395903
19.78 -0.01292479
19.8 -0.009540508
19.82 -0.005362623
19.84 -0.00128571
19.86 0.002004839
19.88 0.00664582
19.9 0.008884789
19.92 0.008593089
19.94 0.007513958
19.96 0.005335255
19.98 0.002811786
20 -0.0008214585
20.02 -0.003465329
20.04 -0.005541066
20.06 -0.005025
20.08 -0.003655167
20.1 -0.003214544
20.12 -0.001827381
20.14 -0.0001658115
20.16 0.002242394
20.18 0.003311367
20.2 0.004116165
20.22 0.00146317
20.24 -0.0003432907
20.26 0.0001197794
20.28 -0.0009920392
20.3 -0.001693825
20.32 -0.002025365
20.34 -0.001207337
20.36 -0.001230833
20.38 1.66067e-05
20.4 0.002596147
20.42 0.006103943
20.44 0.00898547
20.46 0.008499051
20.48 0.007418865
20.5 0.008526499
20.52 0.01011769
20.54 0.009034451
20.56 0.005197221
20.58 0.003611087
20.6 0.002480933
20.62 0.001836271
20.64 0.001527224
20.66 -0.002704772
20.68 -0.008231133
20.7 -0.0104762
20.72 -0.009191049
20.74 -0.00477243
20.76 -0.001224883
20.78 0.0002520762
20.8 0.002270651
20.82 0.003196807
20.84 0.003149892
20.86 0.001362851
20.88 -0.001667567
20.9 -0.003194533
20.92 -0.003432203
20.94 -0.004277816
20.96 -0.003151767
20.98 -0.0003151559
21 0.002785627
21.02 0.005544745
21.04 0.005084753
21.06 0.001956409
21.08 -0.0006078686
21.1 -0.002648928
21.12 -0.002331734
21.14 -0.001873753
21.16 -0.00273261
21.18 -0.002522507
21.2 -0.0001418642
21.22 0.004571558
21.24 0.005785362
21.26 0.006473884
21.28 0.004363525
21.3 0.0003549006
21.32 -0.0006630724
21.34 0.0002457247
21.36 0.002337742
21.38 0.002720248
21.4 0.0006578199
21.42 -0.001278159
21.44 -0.00356195
21.46 -0.004905311
21.48 -0.004473874
21.5 -0.003896578
21.52 -0.002035109
21.54 0.0009687853
21.56 0.003140349
21.58 0.005718926
21.6 0.007177542
21.62 0.007026582
21.64 0.005752626
21.66 0.004131845
21.68 0.002680399
21.7 0.001680778
21.72 0.001124893
21.74 -0.001040591
21.76 -0.00258998
21.78 -0.003888446
21.8 -0.005935597
21.82 -0.005500084
21.84 -0.005065574
21.86 -0.004005804
21.88 -0.002509464
21.9 -0.00310821
21.92 -0.005881589
21.94 -0.008181706
21.96 -0.006906743
21.98 -0.004174181
22 -0.0006786565
22.02 0.001572499
22.04 0.001370558
22.06 -0.0009713638
22.08 -0.001409982
22.1 -0.001238619
22.12 -0.001561965
22.14 -0.002780866
22.16 -0.003765183
22.18 -0.003435729
22.2 -0.003685642
22.22 -0.003757061
22.24 -0.00339498
22.26 -0.003493922
22.28 -0.001483533
22.3 -0.0005084059
22.32 0.001801862
22.34 0.004221326
22.36 0.004667048
22.38 0.007013088
22.4 0.008279933
22.42 0.009412106
22.44 0.01242824
22.46 0.01513944
22.48 0.01532204
22.5 0.01381755
22.52 0.01006604
22.54 0.005679022
22.56 0.002780191
22.58 0.001295034
22.6 0.001007408
22.62 2.003937e-05
22.64 -0.001788402
22.66 -0.002873704
22.68 -0.004543429
22.7 -0.005872532
22.72 -0.008721385
22.74 -0.01195887
22.76 -0.01308907
22.78 -0.01086348
22.8 -0.008572579
22.82 -0.006248002
22.84 -0.004852635
22.86 -0.005803285
22.88 -0.005657437
22.9 -0.006019526
22.92 -0.005958345
22.94 -0.005776792
22.96 -0.005211736
22.98 -0.003845959
23 -0.001477544
23.02 0.0005594216
23.04 0.001265268
23.06 0.00242298
23.08 0.0006879723
23.1 -0.001188827
23.12 -0.003392027
23.14 -0.005706419
23.16 -0.004462044
23.18 -0.002319031
23.2 0.0003910993
23.22 0.002238337
23.24 0.00326446
23.26 0.002585163
23.28 0.0008950298
23.3 -0.001434651
23.32 -0.002999349
23.34 -0.003276811
23.36 -0.002756641
23.38 -0.000547316
23.4 0.001377402
23.42 0.003499016
23.44 0.004879063
23.46 0.006316254
23.48 0.007967634
23.5 0.008395057
23.52 0.008887728
23.54 0.007072131
23.56 0.005163713
23.58 0.004635349
23.6 0.006117391
23.62 0.008581731
23.64 0.008430781
23.66 0.008852091
23.68 0.007797434
23.7 0.006213333
23.72 0.004958748
23.74 0.004625199
23.76 0.001379587
23.78 -0.001024591
23.8 -0.0001871732
23.82 0.00029629
23.84 0.002471967
23.86 0.002154756
23.88 0.001273499
23.9 0.0002035132
23.92 -0.001244867
23.94 -0.00238932
23.96 -0.003713271
23.98 -0.004782276
24 -0.004506885
24.02 -0.003595001
24.04 -0.003309397
24.06 -0.003518501
24.08 -0.003640912
24.1 -0.001447911
24.12 -0.002186357
24.14 -0.004824095
24.16 -0.006328607
24.18 -0.006632582
24.2 -0.00448549
24.22 -0.004057077
24.24 -0.005230068
24.26 -0.005892054
24.28 -0.006373506
24.3 -0.00646229
24.32 -0.006665291
24.34 -0.006298066
24.36 -0.004879276
24.38 -0.002858651
24.4 0.0004267457
24.42 0.002538174
24.44 0.003749924
24.46 0.005120834
24.48 0.006744674
24.5 0.007794267
24.52 0.008641896
24.54 0.008301255
24.56 0.00676719
24.58 0.005373869
24.6 0.00516171
24.62 0.005457534
24.64 0.004938364
24.66 0.004787388
24.68 0.003308409
24.7 0.001850819
24.72 0.001872248
24.74 0.001667224
24.76 0.001656011
24.78 0.001612158
24.8 -0.0006848653
24.82 -0.001477427
24.84 -0.001040859
24.86 -0.001395823
24.88 -0.0009184519
24.9 -0.001800748
24.92 -0.002406634
24.94 -0.001671229
24.96 -0.001674271
24.98 -0.003999866
25 -0.004802616
25.02 -0.004825066
25.04 -0.005697173
25.06 -0.005783884
25.08 -0.004818983
25.1 -0.003608255
25.12 -0.002097639
25.14 -0.001678397
25.16 -0.002036414
25.18 -0.002970732
25.2 -0.002870805
25.22 -0.0006594553
25.24 0.003400122
25.26 0.006581573
25.28 0.004811902
25.3 0.005602384
25.32 0.005943094
25.34 0.005182189
25.36 0.004594689
25.38 0.00269442
25.4 0.002591392
25.42 0.003393114
25.44 0.003944953
25.46 0.003776661
25.48 0.002239546
25.5 0.001807059
25.52 0.001913171
25.54 0.0002332358
25.56 -0.002136213
25.58 -0.003474516
25.6 -0.002794186
25.62 -0.002306602
25.64 -0.003767242
25.66 -0.003464313
25.68 -0.002111799
25.7 -0.0005369162
25.72 0.001069582
25.74 0.002067158
25.76 0.002454774
25.78 0.001020656
25.8 0.001499045
25.82 0.0006544964
25.84 -0.0008652898
25.86 -0.001990348
25.88 -0.003771258
25.9 -0.004701526
25.92 -0.004171129
25.94 -0.004476089
25.96 -0.005088096
25.98 -0.002797176
26 -0.004169057
26.02 -0.004699457
26.04 -0.007445286
26.06 -0.008596913
26.08 -0.007590177
26.1 -0.008643825
26.12 -0.008091006
26.14 -0.007199537
26.16 -0.005398236
26.18 -0.003859041
26.2 -0.00256671
26.22 -0.001854741
26.24 -0.001450835
26.26 0.0001403806
26.28 0.002402736
26.3 0.00257004
26.32 0.003074932
26.34 0.004642687
26.36 0.004455015
26.38 0.004318355
26.4 0.004441781
26.42 0.003759399
26.44 0.004699846
26.46 0.003798186
26.48 0.003250444
26.5 0.003659469
26.52 0.003283103
26.54 0.001746996
26.56 0.0007310648
26.58 0.002154976
26.6 0.002981178
26.62 0.003242308
26.64 0.00312705
26.66 0.004146035
26.68 0.002974078
26.7 0.001753135
26.72 0.002005081
26.74 0.00137778
26.76 0.001463469
26.78 0.0007107103
26.8 0.001518549
26.82 0.002222362
26.84 0.001173825
26.86 -0.0008070253
26.88 -0.001574083
26.9 -0.0004979812
26.92 0.0001833786
26.94 0.0004281835
26.96 0.001043248
26.98 0.000921877
27 0.0008178423
27.02 0.0007209565
27.04 -0.002305372
27.06 -0.003661992
27.08 -0.003006145
27.1 -0.001624055
27.12 -0.0003500697
27.14 -0.0002246063
27.16 0.0008392586
27.18 0.0004516692
27.2 0.001009613
27.22 -0.0004591789
27.24 -0.0005999546
27.26 0.000965755
27.28 0.0003670246
27.3 0.0009157915
27.32 -0.0004122323
27.34 -0.001778025
27.36 -0.002115653
27.38 -0.001921852
27.4 -0.002160529
27.42 -0.002986736
27.44 -0.002416573
27.46 -0.002127913
27.48 -0.0006254823
27.5 0.001518574
27.52 0.003444339
27.54 0.004181806
27.56 0.005979047
27.58 0.006514575
27.6 0.006589041
27.62 0.006669637
27.64 0.004877515
27.66 0.00366576
27.68 0.003436262
27.7 0.00355866
27.72 0.003292454
27.74 0.003284303
27.76 0.003158862
27.78 0.00259073
27.8 0.001069923
27.82 0.0005170677
27.84 0.0004599592
27.86 -0.001183262
27.88 -0.002122683
27.9 -0.00224815
27.92 -0.003457876
27.94 -0.002865274
27.96 -0.002667409
27.98 -0.0005988696
28 0.000628201
28.02 0.002419323
28.04 0.00347201
28.06 0.001364719
28.08 -0.001116926
28.1 -0.002145115
28.12 -0.001699366
28.14 -0.002442972
28.16 -0.002049251
28.18 -0.002981516
28.2 -0.002805053
28.22 -0.003803633
28.24 -0.004715516
28.26 -0.005162274
28.28 -0.005599855
28.3 -0.00602419
28.32 -0.006214944
28.34 -0.005491753
28.36 -0.005029719
28.38 -0.002223704
28.4 -0.0004805201
28.42 -0.0001092255
28.44 0.0002855155
28.46 0.0003426503
28.48 -9.798318e-05
28.5 -0.001161841
28.52 -0.00135972
28.54 -0.002765283
28.56 -0.002766328
28.58 -0.001594342
28.6 -0.001117
28.62 0.001209629
28.64 0.001536042
28.66 0.001297368
28.68 0.001326949
28.7 0.001947117
28.72 0.002538724
28.74 0.001794127
28.76 0.003212934
28.78 0.00439005
28.8 0.005446787
28.82 0.005000027
28.84 0.004244229
28.86 0.00208388
28.88 -0.0002937362
28.9 -0.001056705
28.92 -0.002828442
28.94 -0.003017164
28.96 -0.003815819
28.98 -0.004010641
29 -0.004379875
29.02 -0.004700165
29.04 -0.00512653
29.06 -0.005250985
29.08 -0.003972947
29.1 -0.002419494
29.12 -0.001843193
29.14 -0.001941102
29.16 -0.00123935
29.18 -0.000732407
29.2 0.000342671
29.22 -9.082599e-05
29.24 0.00144426
29.26 0.001932861
29.28 0.002315355
29.3 0.002737645
29.32 0.00282537
29.34 0.002192984
29.36 0.003317012
29.38 0.00462774
29.4 0.004678752
29.42 0.004785893
29.44 0.004193278
29.46 0.004137157
29.48 0.003297701
29.5 0.004021898
29.52 0.004011714
29.54 0.003795481
29.56 0.001959499
29.58 0.001173071
29.6 -0.000160058
29.62 -0.001127031
29.64 -0.001780851
29.66 -0.001092367
29.68 -0.0008495933
29.7 -0.001165799
29.72 -0.001096426
29.74 -0.001580937
29.76 -0.002189868
29.78 -0.003796376
29.8 -0.003511802
29.82 -0.003639308
29.84 -0.003364925
29.86 -0.003364923
29.88 -0.003040565
29.9 -0.00346081
29.92 -0.004303338
29.94 -0.00473684
29.96 -0.003838233
29.98 -0.003252752
30 -0.001862504
30.02 -0.0004191764
30.04 -0.001364707
30.06 -0.001923677
30.08 -0.002596895
30.1 -0.001346371
30.12 -0.000943482
30.14 -9.994805e-05
30.16 0.00188088
30.18 0.002924354
30.2 0.004141206
30.22 0.005407061
30.24 0.005549879
30.26 0.005284686
30.28 0.005036844
30.3 0.00453298
30.32 0.004273904
30.34 0.005062368
30.36 0.005298015
30.38 0.004187261
30.4 0.002904106
30.42 0.001958545
30.44 0.002041155
30.46 0.003583394
30.48 0.003242737
30.5 0.003361032
30.52 0.005414318
30.54 0.003372305
30.56 0.00348858
30.58 0.00351409
30.6 0.002766442
30.62 0.002807252
30.64 0.002381943
30.66 0.0011712
30.68 0.0006163282
30.7 -0.0002027458
30.72 -0.001059549
30.74 -0.0007270275
30.76 -0.001068727
30.78 -4.158814e-05
30.8 0.0002878813
30.82 2.44951e-07
30.84 -0.0003638819
30.86 -0.001164584
30.88 -0.002080535
30.9 -0.00289041
30.92 -0.003570746
30.94 -0.00354015
30.96 -0.003735987
30.98 -0.003450385
31 -0.00343916
31.02 -0.003363689
31.04 -0.004055242
31.06 -0.005217014
31.08 -0.004032801
31.1 -0.003521779
31.12 -0.001730659
31.14 -0.001445035
31.16 -0.001297138
31.18 -0.0007728404
31.2 -0.002206955
31.22 -0.002062108
31.24 -0.002059047
31.26 -0.001529659
31.28 -0.001051282
31.3 0.0001411147
31.32 -0.0003097182
31.34 0.0007582275
31.36 0.001174404
31.38 0.001412069
31.4 0.001778266
31.42 0.001470238
31.44 0.000838878
31.46 -0.0006901008
31.48 -0.0005972703
31.5 -0.001322484
31.52 -0.002052796
31.54 -0.002144586
31.56 -0.002722913
31.58 -0.003213534
31.6 -0.002840207
31.62 -0.002958515
31.64 -0.002980949
31.66 -0.003129873
31.68 -0.002619872
31.7 -0.003575589
31.72 -0.003602112
31.74 -0.002957465
31.76 -0.002165944
31.78 -0.001390721
31.8 -0.001493731
31.82 -0.002409683
31.84 -0.00188338
31.86 -0.0004165928
31.88 -0.000423737
31.9 0.001989609
31.92 0.002800533
31.94 0.002540459
31.96 0.003112678
31.98 0.004580506
32 0.005110927
32.02 0.005734145
32.04 0.005400634
32.06 0.004269472
32.08 0.003742155
32.1 0.003418832
32.12 0.0006536433
32.14 -0.0008253635
32.16 -0.0005224079
32.18 -0.001354717
32.2 -0.0008987658
32.22 -0.00057439
32.24 -0.0005101135
32.26 -0.0007008384
32.28 -0.0006467704
32.3 0.0001376285
32.32 -0.001055748
32.34 -0.001503518
32.36 -0.001423935
32.38 -0.002637723
32.4 -0.002669339
32.42 -0.002289884
32.44 -0.001506523
32.46 -0.0005171011
32.48 -0.0006476441
32.5 -0.0001855656
32.52 0.000755914
32.54 0.0004785007
32.56 0.001388343
32.58 0.002835752
32.6 0.003249889
32.62 0.004002697
32.64 0.004787103
32.66 0.00561943
32.68 0.007193312
32.7 0.008713156
32.72 0.008052245
32.74 0.007556543
32.76 0.00695072
32.78 0.00444156
32.8 0.001567237
32.82 0.0002300156
32.84 0.0003452989
32.86 0.0009369063
32.88 0.002166042
32.9 0.003068772
32.92 0.00255272
32.94 0.0001169806
32.96 -0.0006490098
32.98 -0.001951527
33 -0.003881334
33.02 -0.004093495
33.04 -0.004153642
33.06 -0.004418825
33.08 -0.004521807
33.1 -0.005470389
33.12 -0.007223736
33.14 -0.008777175
33.16 -0.008408961
33.18 -0.006527049
33.2 -0.006011921
33.22 -0.005019444
33.24 -0.003503691
33.26 -0.00385864
33.28 -0.003824966
33.3 -0.003255743
33.32 -0.002446864
33.34 -0.002012301
33.36 -0.001216678
33.38 -0.0007127509
33.4 0.0006734561
33.42 0.001914863
33.44 0.001761903
33.46 0.003130784
33.48 0.004284454
33.5 0.002873846
33.52 0.004382454
33.54 0.004174437
33.56 0.003299302
33.58 0.004237757
33.6 0.004359172
33.62 0.004776384
33.64 0.004348023
33.66 0.004525537
33.68 0.005119233
33.7 0.004697014
33.72 0.002118525
33.74 0.0001897451
33.76 -0.002160283
33.78 -0.002257161
33.8 -0.001339106
33.82 -0.0016369
33.84 -0.000862669
33.86 -0.001591916
33.88 -0.0024191
33.9 -0.001988634
33.92 -0.002302755
33.94 -0.002312906
33.96 -0.003506268
33.98 -0.003313454
34 -0.004080459
34.02 -0.002524923
34.04 -0.00132738
34.06 -0.001281421
34.08 4.669071e-05
34.1 -0.0008712356
34.12 2.030476e-05
34.14 -0.001157723
34.16 -0.001395352
34.18 0.0003968502
34.2 -0.000150837
34.22 0.0003143325
34.24 0.0006050797
34.26 0.001514972
34.28 0.003089908
34.3 0.003836617
34.32 0.005358519
34.34 0.00520457
34.36 0.00532499
34.38 0.005526014
34.4 0.005006911
34.42 0.004429651
34.44 0.00474185
34.46 0.004803138
34.48 0.004946039
34.5 0.003661935
34.52 0.003868052
34.54 0.00331939
34.56 0.001143802
34.58 0.0003870045
34.6 -0.002280235
34.62 -0.001551921
34.64 -0.001670158
34.66 -0.001817995
34.68 -0.001189584
34.7 -0.001970836
34.72 -0.001244519
34.74 -0.001483116
34.76 -0.002610143
34.78 -0.002474422
34.8 -0.002189761
34.82 -0.00212032
34.84 -0.002428271
34.86 -0.002423104
34.88 -0.002380176
34.9 -0.003450069
34.92 -0.003952849
34.94 -0.004146567
34.96 -0.005826421
34.98 -0.005053187
35 -0.005053097
35.02 -0.005274376
35.04 -0.00518861
35.06 -0.005314992
35.08 -0.005595403
35.1 -0.00551679
35.12 -0.004216199
35.14 -0.004044746
35.16 -0.002128083
35.18 -0.002254461
35.2 -0.002009586
35.22 -0.001218974
35.24 -0.0007721297
35.26 -0.000281401
35.28 9.099117e-05
35.3 0.0008071457
35.32 0.00135498
35.34 0.002044618
35.36 0.002253823
35.38 0.002266176
35.4 0.002673262
35.42 0.002656048
35.44 0.002545997
35.46 0.002724617
35.48 0.002362626
35.5 0.002791141
35.52 0.004576262
35.54 0.003854237
35.56 0.002509993
35.58 0.002690646
35.6 0.002736657
35.62 0.0028204
35.64 0.003180577
35.66 0.002834925
35.68 0.002720812
35.7 0.002235415
35.72 0.00197238
35.74 0.002787509
35.76 0.001030214
35.78 -0.0004323562
35.8 -0.0008249342
35.82 -0.000853391
35.84 -0.0008552984
35.86 -0.001232562
35.88 -0.0007703703
35.9 -0.001081337
35.92 -0.001827847
35.94 -0.001681862
35.96 -0.001379806
35.98 -0.002044715
36 -0.001171893
36.02 -6.550569e-06
36.04 -0.0008866465
36.06 -0.002228516
36.08 -0.001762158
36.1 -0.001423107
36.12 -0.0003531264
36.14 -0.0002785314
36.16 0.0003471573
36.18 0.00255778
36.2 0.002481248
36.22 0.001800525
36.24 0.00172757
36.26 0.00212425
36.28 0.002200962
36.3 0.00210586
36.32 0.003482829
36.34 0.004072298
36.36 0.003748684
36.38 0.003544652
36.4 0.002224228
36.42 0.002631344
36.44 0.002927991
36.46 0.002121329
36.48 0.001530277
36.5 0.001616674
36.52 0.001430839
36.54 0.0008387174
36.56 -6.674301e-05
36.58 -0.0002022369
36.6 -1.914362e-05
36.62 0.0004066883
36.64 -0.0007006317
36.66 -0.001368791
36.68 -0.001765519
36.7 -0.003593318
36.72 -0.004376219
36.74 -0.004696337
36.76 -0.004637118
36.78 -0.003812609
36.8 -0.003792016
36.82 -0.003576601
36.84 -0.003950691
36.86 -0.003913849
36.88 -0.003054559
36.9 -0.002610069
36.92 -0.00215036
36.94 -0.001105739
36.96 -0.0003565038
36.98 3.306255e-05
37 0.0002863437
37.02 0.000576512
37.04 0.001365053
37.06 0.0008722357
37.08 0.001027712
37.1 0.001154634
37.12 0.00135373
37.14 0.0008570103
37.16 0.000942644
37.18 0.001135065
37.2 0.001295476
37.22 0.001209261
37.24 0.001460972
37.26 0.001481986
37.28 0.0007199012
37.3 0.000961603
37.32 -3.029086e-06
37.34 -0.0002790192
37.36 -0.000320303
37.38 -0.0004880672
37.4 -0.001016328
37.42 -0.0004905071
37.44 -0.0006200872
37.46 -0.001074117
37.48 -0.0003014574
37.5 -0.0006516088
37.52 -0.0002717274
37.54 -0.0004736388
37.56 -0.0002649256
37.58 -0.0001353298
37.6 0.0001295573
37.62 6.962441e-05
37.64 0.0001999965
37.66 0.0001761577
37.68 0.0004850661
37.7 0.0006171013
37.72 0.0002668802
37.74 6.813919e-05
37.76 -0.0001390462
37.78 1.270352e-05
37.8 -0.0001913469
37.82 3.130884e-05
37.84 0.0001955453
37.86 0.0003284573
37.88 0.0001468082
37.9 0.0001056157
37.92 0.0001520597
37.94 -5.436631e-06
37.96 4.957491e-05
37.98 0.000163409
38 0.000215494
38.02 0.0004358916
38.04 0.000517173
38.06 0.0004999997
38.08 0.0005846869
38.1 0.0004703093
38.12 0.000191472
38.14 0.0001691338
38.16 0.0003530121
38.18 0.0002417143
38.2 0.0003028179
38.22 0.0002744241
38.24 0.0003652995
38.26 0.0002082888
38.28 0.0001085792
38.3 0.0001302213
38.32 0.0001378258
38.34 7.908693e-06
38.36 -0.0001122855
38.38 -0.0001370768
38.4 -0.0002763123
38.42 -0.0003216719
38.44 -0.0003519845
38.46 -0.0003025336
38.48 -0.000309828
38.5 -0.0001555755
38.52 -5.497163e-05
38.54 -2.316057e-05
38.56 -8.423349e-05
38.58 -5.887572e-05
38.6 -3.478436e-06
38.62 -5.272315e-06
38.64 -5.439234e-05
38.66 -8.125992e-05
38.68 -6.576573e-05
38.7 -0.0001196996
38.72 -0.0001323254
38.74 -0.0001877178
38.76 -0.0001818316
38.78 -0.0001244782
38.8 -9.204307e-05
38.82 -6.723185e-05
38.84 -7.597387e-05
38.86 -5.39975e-05
38.88 -4.959195e-05
38.9 -3.808371e-05
38.92 -2.927492e-05
38.94 -1.371477e-05
38.96 -2.110385e-05
38.98 -4.447432e-06
39 7.822264e-06
39.02 -8.984851e-06
39.04 -1.623363e-05
39.06 -5.364007e-05
39.08 -4.399162e-05
39.1 -4.7922e-05
39.12 -5.149002e-05
39.14 -5.038938e-05
39.16 -5.384599e-05
39.18 -3.896955e-05
39.2 -3.617487e-05
39.22 -2.432658e-05
39.24 -1.45195e-05
39.26 -1.377797e-05
39.28 -1.189246e-05
39.3 -9.260449e-06
39.32 -4.846035e-06
39.34 -4.60837e-07
39.36 -1.175908e-06
39.38 1.155207e-07
39.4 1.332586e-06
39.42 6.797145e-06
39.44 8.270846e-06
39.46 1.091271e-05
39.48 1.217472e-05
39.5 1.39947e-05
39.52 1.618223e-05
39.54 1.645873e-05
39.56 1.753868e-05
39.58 1.756601e-05
39.6 1.854114e-05
39.62 1.907986e-05
39.64 1.945981e-05
39.66 2.038802e-05
39.68 2.111135e-05
39.7 2.152263e-05
39.72 2.189193e-05
39.74 2.243454e-05
39.76 2.30698e-05
39.78 2.373618e-05
39.8 2.445612e-05
39.82 2.524805e-05
39.84 2.607919e-05
39.86 2.69771e-05
39.88 2.794215e-05
39.9 2.897686e-05
39.92 3.008287e-05
39.94 3.125146e-05
39.96 3.247694e-05
39.98 3.375564e-05
