0 0.0003227446
0.01 0.0003222617
0.02 0.0003215598
0.03 0.0003228097
0.04 0.0003258143
0.05 0.0003273964
0.06 0.0003286566
0.07 0.0003310658
0.08 0.0003338095
0.09 0.0003365751
0.1 0.0003401196
0.11 0.0003562231
0.12 0.0003865024
0.13 0.0004023719
0.14 0.0003994757
0.15 0.0003565194
0.16 0.0002967812
0.17 0.0002781163
0.18 0.0002315204
0.19 0.0001195333
0.2 7.669739e-05
0.21 0.0001450536
0.22 0.000214142
0.23 0.0002091472
0.24 0.0002132681
0.25 0.0002978784
0.26 0.0004200932
0.27 0.0005378763
0.28 0.0006546337
0.29 0.0006953304
0.3 0.0007034179
0.31 0.0007243189
0.32 0.0006673968
0.33 0.0006440706
0.34 0.0008173546
0.35 0.001114903
0.36 0.001456938
0.37 0.001590536
0.38 0.001312402
0.39 0.0008895108
0.4 0.0006712416
0.41 0.0005990626
0.42 0.0004777803
0.43 2.110722e-05
0.44 -0.0005943606
0.45 -0.001146973
0.46 -0.0014866
0.47 -0.001542866
0.48 -0.001038588
0.49 -0.0003464125
0.5 0.0002903447
0.51 0.001107889
0.52 0.002093617
0.53 0.002724137
0.54 0.002837755
0.55 0.002847462
0.56 0.002940304
0.57 0.003037423
0.58 0.003083179
0.59 0.00251547
0.6 0.001600381
0.61 0.000948834
0.62 0.0002785848
0.63 -3.305108e-06
0.64 -0.0003172218
0.65 -0.001276102
0.66 -0.00192205
0.67 -0.002284405
0.68 -0.003520869
0.69 -0.004209669
0.7 -0.00406615
0.71 -0.003500861
0.72 -0.002946802
0.73 -0.002357069
0.74 -0.002134056
0.75 -0.002254441
0.76 -0.002209679
0.77 -0.001092728
0.78 0.001165061
0.79 0.003485637
0.8 0.005621955
0.81 0.006507599
0.82 0.005528377
0.83 0.003492048
0.84 0.001093555
0.85 -0.0002245832
0.86 -2.89851e-05
0.87 0.001148034
0.88 0.002573385
0.89 0.002180229
0.9 0.000161395
0.91 -0.00109431
0.92 -0.001605439
0.93 -0.001975402
0.94 -0.002553762
0.95 -0.00258589
0.96 -0.002502814
0.97 -0.002761472
0.98 -0.003967705
0.99 -0.006220223
1 -0.007248023
1.01 -0.006877287
1.02 -0.004819032
1.03 -0.001988216
1.04 -0.0002266988
1.05 0.001157073
1.06 0.004036539
1.07 0.006514796
1.08 0.00605276
1.09 0.002609669
1.1 -0.001016519
1.11 -0.004186966
1.12 -0.004995182
1.13 0.0002823911
1.14 0.009710637
1.15 0.01727225
1.16 0.01898806
1.17 0.01362282
1.18 0.004824315
1.19 -0.003523467
1.2 -0.009758761
1.21 -0.01248903
1.22 -0.01212022
1.23 -0.009931779
1.24 -0.008366094
1.25 -0.008405317
1.26 -0.008680152
1.27 -0.008215367
1.28 -0.005044941
1.29 0.0003973314
1.3 0.004793631
1.31 0.007462253
1.32 0.005643375
1.33 0.001243154
1.34 -0.002900134
1.35 -0.006381575
1.36 -0.00652084
1.37 -0.001488965
1.38 0.004509568
1.39 0.008993086
1.4 0.01101688
1.41 0.008395654
1.42 0.001845379
1.43 -0.003834972
1.44 -0.006307974
1.45 -0.004746493
1.46 -0.00240847
1.47 -0.003154713
1.48 -0.005915147
1.49 -0.006867233
1.5 -0.00527389
1.51 -0.00371364
1.52 -0.002484262
1.53 -0.001004914
1.54 0.0026864
1.55 0.006932174
1.56 0.006082283
1.57 0.002873983
1.58 -0.0006520375
1.59 -0.004413342
1.6 -0.00841646
1.61 -0.01243242
1.62 -0.0151018
1.63 -0.01332115
1.64 -0.008799283
1.65 -0.00556343
1.66 -0.004435236
1.67 -0.004282115
1.68 -0.002764874
1.69 0.0006519022
1.7 0.006055498
1.71 0.01275109
1.72 0.01846921
1.73 0.02333895
1.74 0.02626827
1.75 0.02466454
1.76 0.01936771
1.77 0.01305561
1.78 0.00568835
1.79 -0.0009500298
1.8 -0.003751858
1.81 -0.001499977
1.82 -0.0001658048
1.83 -0.001953115
1.84 -0.003644319
1.85 -0.004958523
1.86 -0.007743522
1.87 -0.01144504
1.88 -0.01411866
1.89 -0.01499977
1.9 -0.01202689
1.91 -0.006510877
1.92 -9.598576e-05
1.93 0.004136783
1.94 0.004112451
1.95 0.0009677512
1.96 -0.004855642
1.97 -0.01026968
1.98 -0.00959516
1.99 -0.006430138
2 -0.004860588
2.01 -0.004585253
2.02 -0.004599425
2.03 -0.003514087
2.04 -0.0006953689
2.05 0.003425385
2.06 0.006384346
2.07 0.006689307
2.08 0.005432463
2.09 0.002984316
2.1 -0.000221172
2.11 -0.004258799
2.12 -0.007037998
2.13 -0.0080047
2.14 -0.008127094
2.15 -0.008385664
2.16 -0.01065622
2.17 -0.01796827
2.18 -0.02780931
2.19 -0.03714099
2.2 -0.04089995
2.21 -0.03520235
2.22 -0.02188924
2.23 -0.004639933
2.24 0.008556826
2.25 0.01529571
2.26 0.02084687
2.27 0.02678053
2.28 0.03296814
2.29 0.03601714
2.3 0.03358029
2.31 0.02530752
2.32 0.01269502
2.33 -3.102485e-05
2.34 -0.009760314
2.35 -0.01754819
2.36 -0.02252395
2.37 -0.0270058
2.38 -0.02959634
2.39 -0.02645058
2.4 -0.01867227
2.41 -0.01147473
2.42 -0.008822632
2.43 -0.009255018
2.44 -0.009506717
2.45 -0.008097218
2.46 -0.00437358
2.47 0.0001524439
2.48 0.006687882
2.49 0.01433802
2.5 0.01794175
2.51 0.01598632
2.52 0.006576812
2.53 -0.009545164
2.54 -0.02205071
2.55 -0.02410215
2.56 -0.0142431
2.57 0.005500277
2.58 0.02469998
2.59 0.03478877
2.6 0.0347245
2.61 0.02816237
2.62 0.02051678
2.63 0.0112198
2.64 -0.001400889
2.65 -0.01094166
2.66 -0.01360101
2.67 -0.008181741
2.68 0.0005393105
2.69 0.007920547
2.7 0.01136929
2.71 0.01285396
2.72 0.01317446
2.73 0.01286147
2.74 0.0111106
2.75 0.006123548
2.76 -0.001166167
2.77 -0.008020924
2.78 -0.01433414
2.79 -0.01957853
2.8 -0.02241277
2.81 -0.02084885
2.82 -0.01487679
2.83 -0.004671566
2.84 0.007951209
2.85 0.02139741
2.86 0.03208422
2.87 0.03766741
2.88 0.03786466
2.89 0.03383011
2.9 0.02392466
2.91 0.01098475
2.92 -0.002882625
2.93 -0.01544024
2.94 -0.02460531
2.95 -0.0299493
2.96 -0.03095587
2.97 -0.02694392
2.98 -0.02059093
2.99 -0.01293402
3 -0.005132967
3.01 0.001822298
3.02 0.006765774
3.03 0.007666256
3.04 0.005014294
3.05 0.001902212
3.06 0.0001851132
3.07 0.001002349
3.08 0.002523541
3.09 0.002615084
3.1 0.0003605477
3.11 -0.0005844417
3.12 0.001607987
3.13 0.003876682
3.14 0.004199405
3.15 0.005454825
3.16 0.009482478
3.17 0.01334633
3.18 0.01425418
3.19 0.01000049
3.2 0.004122525
3.21 0.0008823304
3.22 0.002338903
3.23 0.004149202
3.24 0.00285299
3.25 -0.002312777
3.26 -0.00896099
3.27 -0.01503662
3.28 -0.02228379
3.29 -0.02862984
3.3 -0.03047889
3.31 -0.02783828
3.32 -0.02003368
3.33 -0.01192885
3.34 -0.006775752
3.35 -6.684807e-05
3.36 0.008876965
3.37 0.01800479
3.38 0.02429095
3.39 0.0277614
3.4 0.03061267
3.41 0.03317714
3.42 0.03292746
3.43 0.02658443
3.44 0.01691963
3.45 0.007943726
3.46 -0.00126533
3.47 -0.01380341
3.48 -0.02553381
3.49 -0.03264668
3.5 -0.03408458
3.51 -0.03158921
3.52 -0.02966377
3.53 -0.02786708
3.54 -0.02319269
3.55 -0.01502531
3.56 -0.004731925
3.57 0.002098008
3.58 0.001866336
3.59 -0.003454331
3.6 -0.009956753
3.61 -0.01635595
3.62 -0.01910574
3.63 -0.01511024
3.64 -0.003809414
3.65 0.01263968
3.66 0.0243536
3.67 0.03048876
3.68 0.02982436
3.69 0.02283212
3.7 0.01286121
3.71 0.006741189
3.72 0.01020586
3.73 0.03419923
3.74 0.07113944
3.75 0.09461029
3.76 0.1073801
3.77 0.1181855
3.78 0.1277683
3.79 0.1329803
3.8 0.1309679
3.81 0.121877
3.82 0.1083222
3.83 0.09576814
3.84 0.08571712
3.85 0.07724899
3.86 0.06916307
3.87 0.06071539
3.88 0.0481779
3.89 0.03231691
3.9 0.01674756
3.91 -0.003104967
3.92 -0.03633051
3.93 -0.07422815
3.94 -0.09857635
3.95 -0.1030708
3.96 -0.09571323
3.97 -0.08144192
3.98 -0.06545646
3.99 -0.05382944
4 -0.05065227
4.01 -0.05543815
4.02 -0.06483477
4.03 -0.07566761
4.04 -0.08298976
4.05 -0.08446511
4.06 -0.07918181
4.07 -0.07103184
4.08 -0.06585114
4.09 -0.06714661
4.1 -0.07416574
4.11 -0.08351235
4.12 -0.08824936
4.13 -0.08247288
4.14 -0.0673936
4.15 -0.04100817
4.16 -0.01543131
4.17 -0.005542693
4.18 -0.007696788
4.19 -0.01253491
4.2 -0.01654774
4.21 -0.01423698
4.22 -0.00727958
4.23 -0.002162955
4.24 -0.001024882
4.25 -0.003133872
4.26 -0.01268618
4.27 -0.03097561
4.28 -0.04966012
4.29 -0.06104268
4.3 -0.06554935
4.31 -0.06176452
4.32 -0.04678488
4.33 -0.02199436
4.34 0.002590704
4.35 0.0230757
4.36 0.04352458
4.37 0.06150181
4.38 0.07040414
4.39 0.06935558
4.4 0.05904738
4.41 0.04565441
4.42 0.03378066
4.43 0.02702324
4.44 0.02099794
4.45 0.01037773
4.46 -0.002959355
4.47 -0.01429678
4.48 -0.01743681
4.49 -0.01338419
4.5 -0.00622529
4.51 0.002844213
4.52 0.01225618
4.53 0.02265822
4.54 0.03385286
4.55 0.03934651
4.56 0.0349411
4.57 0.02160826
4.58 0.001688615
4.59 -0.02011431
4.6 -0.03064905
4.61 -0.02805088
4.62 -0.0138614
4.63 0.004308774
4.64 0.01517587
4.65 0.01601412
4.66 0.01101008
4.67 0.005487561
4.68 0.002504575
4.69 0.002482682
4.7 0.002226382
4.71 -0.0009954563
4.72 -0.006931237
4.73 -0.01687169
4.74 -0.0300241
4.75 -0.04478471
4.76 -0.05313223
4.77 -0.05242471
4.78 -0.04232869
4.79 -0.01788571
4.8 0.01899597
4.81 0.04590819
4.82 0.05841778
4.83 0.0671474
4.84 0.07520737
4.85 0.08090745
4.86 0.08664723
4.87 0.09178168
4.88 0.0916187
4.89 0.08603594
4.9 0.07533887
4.91 0.05810857
4.92 0.03663341
4.93 0.02056061
4.94 0.01397848
4.95 0.01394429
4.96 0.01671741
4.97 0.0208485
4.98 0.02166643
4.99 0.01784674
5 0.01436639
5.01 0.01212688
5.02 0.009198958
5.03 0.00513751
5.04 0.003449453
5.05 0.007141132
5.06 0.01697429
5.07 0.03154079
5.08 0.04426366
5.09 0.05240233
5.1 0.05489406
5.11 0.05194346
5.12 0.04053103
5.13 0.02387621
5.14 0.007009451
5.15 -0.008068165
5.16 -0.01921214
5.17 -0.02701585
5.18 -0.03341223
5.19 -0.04207931
5.2 -0.05523886
5.21 -0.06851539
5.22 -0.0786638
5.23 -0.08608512
5.24 -0.08649747
5.25 -0.08053865
5.26 -0.06938069
5.27 -0.05627984
5.28 -0.046162
5.29 -0.04074335
5.3 -0.0394174
5.31 -0.03822719
5.32 -0.03443882
5.33 -0.02870699
5.34 -0.02527416
5.35 -0.02691909
5.36 -0.03621204
5.37 -0.04919174
5.38 -0.06113473
5.39 -0.06490248
5.4 -0.05997136
5.41 -0.05158317
5.42 -0.04349493
5.43 -0.03529824
5.44 -0.02670223
5.45 -0.02111313
5.46 -0.01864451
5.47 -0.01789468
5.48 -0.02014728
5.49 -0.02148301
5.5 -0.01692401
5.51 -0.008612481
5.52 -0.0004954166
5.53 0.005576646
5.54 0.007000823
5.55 0.00349178
5.56 -0.0003172341
5.57 -0.001873125
5.58 -0.001614328
5.59 0.001265641
5.6 0.005975028
5.61 0.007788737
5.62 0.005797626
5.63 0.0008694325
5.64 -0.004371303
5.65 -0.006454309
5.66 -0.003657501
5.67 0.002831333
5.68 0.01052497
5.69 0.01716849
5.7 0.01944215
5.71 0.02137487
5.72 0.0236753
5.73 0.027684
5.74 0.03802275
5.75 0.05302197
5.76 0.06894221
5.77 0.08249926
5.78 0.09079748
5.79 0.09476577
5.8 0.09816925
5.81 0.1008062
5.82 0.0999157
5.83 0.09421626
5.84 0.0842751
5.85 0.07088918
5.86 0.05732834
5.87 0.04841779
5.88 0.03941829
5.89 0.02725334
5.9 0.01491942
5.91 0.003275815
5.92 -0.00615339
5.93 -0.01267032
5.94 -0.01872328
5.95 -0.02503387
5.96 -0.03147957
5.97 -0.04151942
5.98 -0.05596655
5.99 -0.070434
6 -0.08202373
6.01 -0.08683513
6.02 -0.08198034
6.03 -0.06856993
6.04 -0.04886792
6.05 -0.03151062
6.06 -0.02211963
6.07 -0.01880582
6.08 -0.01848889
6.09 -0.01978423
6.1 -0.02129809
6.11 -0.02169455
6.12 -0.01907991
6.13 -0.01386783
6.14 -0.008195547
6.15 -0.001356152
6.16 0.007389231
6.17 0.01884363
6.18 0.03097491
6.19 0.04186992
6.2 0.04877937
6.21 0.05222034
6.22 0.05425653
6.23 0.05548335
6.24 0.05664645
6.25 0.05570846
6.26 0.04914549
6.27 0.0312005
6.28 -0.009924509
6.29 -0.03906829
6.3 -0.04432658
6.31 -0.04495062
6.32 -0.04947001
6.33 -0.0549864
6.34 -0.05897289
6.35 -0.06187024
6.36 -0.05921686
6.37 -0.04570599
6.38 -0.01093851
6.39 0.02606405
6.4 0.04496618
6.41 0.05296149
6.42 0.05785187
6.43 0.05474138
6.44 0.03707631
6.45 0.002847589
6.46 -0.02255165
6.47 -0.03224724
6.48 -0.03617193
6.49 -0.03730782
6.5 -0.03531544
6.51 -0.03226528
6.52 -0.03050079
6.53 -0.03025682
6.54 -0.02874309
6.55 -0.02418153
6.56 -0.01618741
6.57 -0.003263102
6.58 0.008800017
6.59 0.01720873
6.6 0.02129804
6.61 0.02157975
6.62 0.01955208
6.63 0.01696898
6.64 0.01682381
6.65 0.01931989
6.66 0.02475227
6.67 0.03367402
6.68 0.04461382
6.69 0.05666097
6.7 0.06908856
6.71 0.08165549
6.72 0.09263985
6.73 0.0975526
6.74 0.09567108
6.75 0.08593389
6.76 0.07205228
6.77 0.05475786
6.78 0.03301849
6.79 0.0007563145
6.8 -0.03901868
6.81 -0.07713886
6.82 -0.107599
6.83 -0.1210084
6.84 -0.1228081
6.85 -0.1195481
6.86 -0.1099625
6.87 -0.09386125
6.88 -0.07733981
6.89 -0.0664033
6.9 -0.06003075
6.91 -0.05660997
6.92 -0.05279172
6.93 -0.04416822
6.94 -0.03252766
6.95 -0.02011294
6.96 -0.01364346
6.97 -0.01466114
6.98 -0.01894662
6.99 -0.02400773
7 -0.02710447
7.01 -0.02480936
7.02 -0.01727936
7.03 -0.007291367
7.04 0.004408351
7.05 0.01638546
7.06 0.02689918
7.07 0.03448133
7.08 0.0401607
7.09 0.04753367
7.1 0.05524338
7.11 0.06033884
7.12 0.06242309
7.13 0.06135391
7.14 0.05713108
7.15 0.04994911
7.16 0.04147445
7.17 0.03344634
7.18 0.02543463
7.19 0.01892991
7.2 0.01679641
7.21 0.01789425
7.22 0.02109351
7.23 0.02723073
7.24 0.03247007
7.25 0.03198024
7.26 0.02846392
7.27 0.02493925
7.28 0.02095231
7.29 0.01660847
7.3 0.01102835
7.31 0.002476233
7.32 -0.009942822
7.33 -0.02384706
7.34 -0.03365565
7.35 -0.03982892
7.36 -0.04603772
7.37 -0.05370382
7.38 -0.05909032
7.39 -0.05782005
7.4 -0.05079925
7.41 -0.03932107
7.42 -0.02310967
7.43 -0.006640743
7.44 0.00787123
7.45 0.02168596
7.46 0.03299878
7.47 0.04049044
7.48 0.04299875
7.49 0.0426672
7.5 0.04280795
7.51 0.04478453
7.52 0.04768866
7.53 0.05034304
7.54 0.05052211
7.55 0.04780937
7.56 0.04475785
7.57 0.04215524
7.58 0.03965204
7.59 0.03822889
7.6 0.03933004
7.61 0.03992323
7.62 0.03607476
7.63 0.02735681
7.64 0.01429731
7.65 0.005405692
7.66 0.004477185
7.67 0.008894084
7.68 0.01468412
7.69 0.01998692
7.7 0.02508285
7.71 0.02879157
7.72 0.02978163
7.73 0.0289575
7.74 0.0282613
7.75 0.030679
7.76 0.03892327
7.77 0.05543551
7.78 0.08029463
7.79 0.09624486
7.8 0.09989136
7.81 0.09842979
7.82 0.09019338
7.83 0.0701219
7.84 0.04672175
7.85 0.02917627
7.86 0.01401211
7.87 0.0002180937
7.88 -0.01098821
7.89 -0.02416094
7.9 -0.03938608
7.91 -0.05433597
7.92 -0.06946712
7.93 -0.0841782
7.94 -0.09634509
7.95 -0.09985242
7.96 -0.09774825
7.97 -0.09612875
7.98 -0.09714043
7.99 -0.09682594
8 -0.09388499
8.01 -0.09167555
8.02 -0.09243866
8.03 -0.09315223
8.04 -0.08598702
8.05 -0.07225868
8.06 -0.05897268
8.07 -0.04696059
8.08 -0.03470112
8.09 -0.02190122
8.1 -0.00894653
8.11 0.002255188
8.12 0.009576603
8.13 0.01266063
8.14 0.01372558
8.15 0.01482558
8.16 0.01633807
8.17 0.01782212
8.18 0.01999191
8.19 0.02184437
8.2 0.02648989
8.21 0.03757302
8.22 0.04468118
8.23 0.04419669
8.24 0.0408862
8.25 0.03617951
8.26 0.02698838
8.27 0.01484683
8.28 0.003160107
8.29 -0.007967719
8.3 -0.01818275
8.31 -0.02282739
8.32 -0.02409163
8.33 -0.02644459
8.34 -0.02931688
8.35 -0.0304777
8.36 -0.02986111
8.37 -0.02780479
8.38 -0.02573535
8.39 -0.02434961
8.4 -0.02239856
8.41 -0.02280155
8.42 -0.02813504
8.43 -0.04017421
8.44 -0.05489023
8.45 -0.06270196
8.46 -0.06214888
8.47 -0.06062375
8.48 -0.05657361
8.49 -0.04611904
8.5 -0.0382288
8.51 -0.03693486
8.52 -0.03479479
8.53 -0.0244216
8.54 -0.01031458
8.55 0.002840912
8.56 0.01589948
8.57 0.02868444
8.58 0.03978018
8.59 0.04589053
8.6 0.04921902
8.61 0.05254915
8.62 0.05386685
8.63 0.05346524
8.64 0.05084315
8.65 0.04177547
8.66 0.02929667
8.67 0.02150607
8.68 0.01759905
8.69 0.01404578
8.7 0.009774153
8.71 0.005645264
8.72 0.00210137
8.73 -0.001451293
8.74 -0.007267053
8.75 -0.01278616
8.76 -0.0168103
8.77 -0.01807582
8.78 -0.01474376
8.79 -0.009908746
8.8 -0.0005908086
8.81 0.01688626
8.82 0.02956656
8.83 0.03494
8.84 0.04141211
8.85 0.04641701
8.86 0.04959069
8.87 0.05149166
8.88 0.04993178
8.89 0.04559197
8.9 0.0375966
8.91 0.02589673
8.92 0.01375706
8.93 0.003911817
8.94 -0.01405848
8.95 -0.03937047
8.96 -0.05704
8.97 -0.06035545
8.98 -0.06104242
8.99 -0.06342316
9 -0.0658624
9.01 -0.06753391
9.02 -0.06753841
9.03 -0.06557119
9.04 -0.06044718
9.05 -0.05318653
9.06 -0.04646015
9.07 -0.04038147
9.08 -0.03832911
9.09 -0.04355496
9.1 -0.05253151
9.11 -0.06007381
9.12 -0.06407023
9.13 -0.06373881
9.14 -0.05920771
9.15 -0.05306158
9.16 -0.0476583
9.17 -0.04642113
9.18 -0.04688236
9.19 -0.04518416
9.2 -0.03996221
9.21 -0.03145688
9.22 -0.02106747
9.23 -0.01106803
9.24 0.000685515
9.25 0.01401809
9.26 0.02723576
9.27 0.03784899
9.28 0.04656786
9.29 0.05353657
9.3 0.05880615
9.31 0.06386592
9.32 0.06850875
9.33 0.0723185
9.34 0.07503611
9.35 0.07715753
9.36 0.08188817
9.37 0.08899325
9.38 0.09408119
9.39 0.09634722
9.4 0.09563879
9.41 0.09028195
9.42 0.0799153
9.43 0.06389168
9.44 0.03646371
9.45 0.003392727
9.46 -0.02173527
9.47 -0.04000964
9.48 -0.05774743
9.49 -0.06861162
9.5 -0.0698518
9.51 -0.0604742
9.52 -0.04208167
9.53 -0.021947
9.54 -0.007479601
9.55 0.003741599
9.56 0.01190793
9.57 0.01790498
9.58 0.02108962
9.59 0.02033699
9.6 0.01630291
9.61 0.009634722
9.62 0.002122242
9.63 -0.007674002
9.64 -0.02156221
9.65 -0.03860362
9.66 -0.05633441
9.67 -0.07081422
9.68 -0.08266929
9.69 -0.09084323
9.7 -0.09256528
9.71 -0.08558244
9.72 -0.06677408
9.73 -0.03302057
9.74 -0.006928108
9.75 0.007875569
9.76 0.01679988
9.77 0.02110485
9.78 0.02107027
9.79 0.01712415
9.8 0.01023751
9.81 0.003411481
9.82 -0.000862009
9.83 -0.001060438
9.84 0.003015969
9.85 0.01163639
9.86 0.02287214
9.87 0.03502064
9.88 0.04465189
9.89 0.04949033
9.9 0.04591083
9.91 0.03307311
9.92 0.01168551
9.93 -0.009392063
9.94 -0.02084317
9.95 -0.0237581
9.96 -0.02352079
9.97 -0.02313199
9.98 -0.02229316
9.99 -0.02286063
10 -0.02452119
10.01 -0.02688586
10.02 -0.02938773
10.03 -0.0300848
10.04 -0.02783419
10.05 -0.02313959
10.06 -0.01549233
10.07 -0.004614146
10.08 0.008664002
10.09 0.02178132
10.1 0.03483745
10.11 0.04533343
10.12 0.05155498
10.13 0.05296108
10.14 0.04865471
10.15 0.03999765
10.16 0.02776573
10.17 0.01179688
10.18 -0.007850311
10.19 -0.02604329
10.2 -0.04204154
10.21 -0.05575349
10.22 -0.06760735
10.23 -0.08170649
10.24 -0.09797782
10.25 -0.1130611
10.26 -0.122009
10.27 -0.1210252
10.28 -0.1094109
10.29 -0.07515406
10.3 -0.03592855
10.31 -0.01364205
10.32 -0.0007683636
10.33 0.01093896
10.34 0.01923862
10.35 0.02392072
10.36 0.02627354
10.37 0.02516904
10.38 0.02205821
10.39 0.01905531
10.4 0.01561188
10.41 0.01214372
10.42 0.008982009
10.43 0.008195408
10.44 0.008919013
10.45 0.01184504
10.46 0.01696832
10.47 0.0220397
10.48 0.02805474
10.49 0.03385622
10.5 0.03936776
10.51 0.04617629
10.52 0.05238297
10.53 0.05820364
10.54 0.06354436
10.55 0.06542338
10.56 0.06527882
10.57 0.06644438
10.58 0.06634376
10.59 0.06331688
10.6 0.06025274
10.61 0.05811087
10.62 0.05824942
10.63 0.05991418
10.64 0.05991756
10.65 0.0539689
10.66 0.04205283
10.67 0.02851463
10.68 0.01759684
10.69 0.01024664
10.7 0.007415862
10.71 0.006720315
10.72 0.007623288
10.73 0.01053539
10.74 0.01472994
10.75 0.01878238
10.76 0.02197767
10.77 0.02270253
10.78 0.02231511
10.79 0.02252402
10.8 0.02439764
10.81 0.0267082
10.82 0.02857492
10.83 0.03116679
10.84 0.03395714
10.85 0.03597495
10.86 0.03525202
10.87 0.0316133
10.88 0.02731191
10.89 0.02145978
10.9 0.01440083
10.91 0.006062876
10.92 -0.003141574
10.93 -0.01192191
10.94 -0.01889059
10.95 -0.02518734
10.96 -0.03153875
10.97 -0.03746231
10.98 -0.04098152
10.99 -0.0425886
11 -0.04201212
11.01 -0.03917581
11.02 -0.03323248
11.03 -0.02317574
11.04 -0.009742631
11.05 0.004395231
11.06 0.01567361
11.07 0.0231883
11.08 0.02700684
11.09 0.02971885
11.1 0.03372221
11.11 0.03860846
11.12 0.04369632
11.13 0.04580269
11.14 0.0466575
11.15 0.04699686
11.16 0.04558865
11.17 0.04378712
11.18 0.0393587
11.19 0.03145561
11.2 0.02377549
11.21 0.0196555
11.22 0.01682752
11.23 0.01284615
11.24 0.008296588
11.25 0.00164
11.26 -0.007883217
11.27 -0.01928379
11.28 -0.03051933
11.29 -0.03716911
11.3 -0.03686141
11.31 -0.0305165
11.32 -0.02039678
11.33 -0.01012525
11.34 -0.002652108
11.35 0.000385021
11.36 -0.001147122
11.37 -0.00573372
11.38 -0.01121903
11.39 -0.01652608
11.4 -0.02165783
11.41 -0.02597743
11.42 -0.03006728
11.43 -0.03558078
11.44 -0.0429994
11.45 -0.05035215
11.46 -0.05487755
11.47 -0.0544397
11.48 -0.04717784
11.49 -0.03550815
11.5 -0.02322355
11.51 -0.01365822
11.52 -0.00610674
11.53 0.002508123
11.54 0.01153543
11.55 0.02251165
11.56 0.03404271
11.57 0.04359687
11.58 0.04920907
11.59 0.05036959
11.6 0.04993304
11.61 0.04986174
11.62 0.04852767
11.63 0.04275359
11.64 0.03179069
11.65 0.01725378
11.66 0.004006042
11.67 -0.005185807
11.68 -0.01109967
11.69 -0.01331604
11.7 -0.0130604
11.71 -0.01332408
11.72 -0.01656276
11.73 -0.02085168
11.74 -0.02561141
11.75 -0.0300528
11.76 -0.03374383
11.77 -0.03568324
11.78 -0.03512916
11.79 -0.03215148
11.8 -0.02708893
11.81 -0.02151385
11.82 -0.0164346
11.83 -0.01248584
11.84 -0.008611813
11.85 -0.004592946
11.86 0.0003140154
11.87 0.00563414
11.88 0.00978947
11.89 0.0132521
11.9 0.01575199
11.91 0.01742692
11.92 0.0138355
11.93 0.006771978
11.94 0.0004054672
11.95 -0.007165087
11.96 -0.01406749
11.97 -0.01916155
11.98 -0.02418253
11.99 -0.03002211
12 -0.03814602
12.01 -0.0463584
12.02 -0.05157743
12.03 -0.05408951
12.04 -0.05535295
12.05 -0.05525989
12.06 -0.05308892
12.07 -0.04784437
12.08 -0.04085359
12.09 -0.03432176
12.1 -0.03040188
12.11 -0.03014827
12.12 -0.030959
12.13 -0.03227712
12.14 -0.03211828
12.15 -0.02777747
12.16 -0.02109738
12.17 -0.01660847
12.18 -0.01269293
12.19 -0.008608123
12.2 -0.007471965
12.21 -0.008120522
12.22 -0.01026785
12.23 -0.01249913
12.24 -0.01265285
12.25 -0.01229343
12.26 -0.01229023
12.27 -0.01141179
12.28 -0.01007627
12.29 -0.01022227
12.3 -0.01183365
12.31 -0.01318543
12.32 -0.01516001
12.33 -0.0187665
12.34 -0.02132943
12.35 -0.01911081
12.36 -0.01227858
12.37 -0.0038296
12.38 0.004925491
12.39 0.01400943
12.4 0.02210698
12.41 0.03110546
12.42 0.04138268
12.43 0.0536041
12.44 0.0641397
12.45 0.07392046
12.46 0.08296042
12.47 0.08856842
12.48 0.08812958
12.49 0.08118506
12.5 0.07068603
12.51 0.05944753
12.52 0.05014723
12.53 0.04281142
12.54 0.03694984
12.55 0.03187088
12.56 0.02837855
12.57 0.02723072
12.58 0.02845869
12.59 0.03417352
12.6 0.04025429
12.61 0.04400883
12.62 0.04652313
12.63 0.04629397
12.64 0.04116534
12.65 0.03254006
12.66 0.02223846
12.67 0.01066519
12.68 -0.002155564
12.69 -0.01283349
12.7 -0.02020507
12.71 -0.02587639
12.72 -0.03107078
12.73 -0.03632334
12.74 -0.04159667
12.75 -0.04690626
12.76 -0.05181268
12.77 -0.05505761
12.78 -0.05587524
12.79 -0.05366616
12.8 -0.05057599
12.81 -0.04788504
12.82 -0.04470355
12.83 -0.04127871
12.84 -0.04032068
12.85 -0.03909402
12.86 -0.03242198
12.87 -0.02245326
12.88 -0.01175456
12.89 7.424158e-05
12.9 0.009156216
12.91 0.01421248
12.92 0.01716843
12.93 0.01801216
12.94 0.01715919
12.95 0.0157171
12.96 0.01547858
12.97 0.01683412
12.98 0.01792478
12.99 0.01736435
13 0.01514992
13.01 0.01221171
13.02 0.008294895
13.03 0.00334674
13.04 -0.001192054
13.05 -0.006388246
13.06 -0.01024437
13.07 -0.01350989
13.08 -0.01726335
13.09 -0.02032972
13.1 -0.02340265
13.11 -0.02686618
13.12 -0.03016717
13.13 -0.03281234
13.14 -0.03395794
13.15 -0.03272855
13.16 -0.02738605
13.17 -0.02104833
13.18 -0.01589727
13.19 -0.01200907
13.2 -0.009299732
13.21 -0.006342221
13.22 -0.001684579
13.23 0.003862356
13.24 0.008138608
13.25 0.009908539
13.26 0.01208866
13.27 0.01384813
13.28 0.01247186
13.29 0.009370958
13.3 0.007702206
13.31 0.006690065
13.32 0.004832753
13.33 0.001537809
13.34 -0.00190309
13.35 -0.004411073
13.36 -0.006347848
13.37 -0.005047089
13.38 -0.001468149
13.39 0.0021294
13.4 0.003864912
13.41 0.00582791
13.42 0.008605002
13.43 0.01138011
13.44 0.01398816
13.45 0.01664006
13.46 0.01928366
13.47 0.02075321
13.48 0.02022954
13.49 0.01728799
13.5 0.01444945
13.51 0.01118793
13.52 0.007962708
13.53 0.004074828
13.54 -0.0008773793
13.55 -0.004517761
13.56 -0.007585308
13.57 -0.01322715
13.58 -0.02141706
13.59 -0.03082789
13.6 -0.03907485
13.61 -0.04369337
13.62 -0.04705349
13.63 -0.04824621
13.64 -0.04492997
13.65 -0.04027514
13.66 -0.03552515
13.67 -0.02897054
13.68 -0.02279991
13.69 -0.01763616
13.7 -0.01246658
13.71 -0.007411207
13.72 -0.004208932
13.73 -0.003718099
13.74 -0.004063628
13.75 -0.004061539
13.76 -0.00397933
13.77 -0.003677084
13.78 -0.002307609
13.79 -0.0008876848
13.8 -0.0005130471
13.81 -0.002685429
13.82 -0.005683836
13.83 -0.007948362
13.84 -0.009648096
13.85 -0.01225842
13.86 -0.01329115
13.87 -0.01277751
13.88 -0.01167471
13.89 -0.01210495
13.9 -0.0136366
13.91 -0.01578492
13.92 -0.01727565
13.93 -0.01598068
13.94 -0.01150414
13.95 -0.005895287
13.96 -0.0005210657
13.97 0.004633295
13.98 0.008916265
13.99 0.01280485
14 0.01638158
14.01 0.0190951
14.02 0.02159641
14.03 0.02421836
14.04 0.02552976
14.05 0.02423381
14.06 0.02303362
14.07 0.02315815
14.08 0.02352235
14.09 0.02560505
14.1 0.02800614
14.11 0.02857364
14.12 0.03067564
14.13 0.03506862
14.14 0.03841155
14.15 0.04056995
14.16 0.04152746
14.17 0.04143722
14.18 0.04131394
14.19 0.041153
14.2 0.03902567
14.21 0.03641992
14.22 0.03439252
14.23 0.03187176
14.24 0.02908829
14.25 0.02623377
14.26 0.02218788
14.27 0.0167275
14.28 0.01112864
14.29 0.005859902
14.3 0.0007606275
14.31 -0.003176436
14.32 -0.006293338
14.33 -0.01020469
14.34 -0.01354902
14.35 -0.01600433
14.36 -0.01823071
14.37 -0.01770155
14.38 -0.01463148
14.39 -0.01168298
14.4 -0.00919049
14.41 -0.007612716
14.42 -0.006060787
14.43 -0.003526637
14.44 -0.0006291363
14.45 0.002095984
14.46 0.004539618
14.47 0.005994085
14.48 0.007714908
14.49 0.009892005
14.5 0.01050994
14.51 0.011412
14.52 0.01544651
14.53 0.02091435
14.54 0.02435831
14.55 0.02652471
14.56 0.02701337
14.57 0.0248002
14.58 0.02304072
14.59 0.02132331
14.6 0.01939746
14.61 0.01899101
14.62 0.01927432
14.63 0.0192888
14.64 0.01868085
14.65 0.01656283
14.66 0.0145125
14.67 0.01316661
14.68 0.010761
14.69 0.00788416
14.7 0.005219235
14.71 0.003468302
14.72 0.003592262
14.73 0.006721228
14.74 0.01190187
14.75 0.01558648
14.76 0.01865213
14.77 0.02255945
14.78 0.02532693
14.79 0.02567947
14.8 0.02411909
14.81 0.02251189
14.82 0.01938112
14.83 0.01500161
14.84 0.01045766
14.85 0.005659258
14.86 0.002315379
14.87 0.0008440768
14.88 -0.000234076
14.89 -0.0008687081
14.9 0.0009262071
14.91 0.004531777
14.92 0.00785373
14.93 0.01057916
14.94 0.01373654
14.95 0.01481581
14.96 0.01441848
14.97 0.01342763
14.98 0.01098824
14.99 0.008340666
15 0.006095285
15.01 0.0007359538
15.02 -0.005739281
15.03 -0.01311344
15.04 -0.02210817
15.05 -0.03005188
15.06 -0.03587744
15.07 -0.0408511
15.08 -0.04437035
15.09 -0.04596294
15.1 -0.04793471
15.11 -0.04946972
15.12 -0.05135754
15.13 -0.05411503
15.14 -0.05677986
15.15 -0.05797432
15.16 -0.05744941
15.17 -0.05418298
15.18 -0.04611867
15.19 -0.03435977
15.2 -0.0235149
15.21 -0.01620983
15.22 -0.01281356
15.23 -0.01263475
15.24 -0.01290543
15.25 -0.01159552
15.26 -0.009074619
15.27 -0.007558507
15.28 -0.005883453
15.29 -0.00489157
15.3 -0.006993149
15.31 -0.01018853
15.32 -0.01282925
15.33 -0.01483357
15.34 -0.01465524
15.35 -0.01202705
15.36 -0.009279841
15.37 -0.008260333
15.38 -0.008450704
15.39 -0.008557271
15.4 -0.008633676
15.41 -0.01060949
15.42 -0.0133339
15.43 -0.01532139
15.44 -0.0171463
15.45 -0.01775838
15.46 -0.01860894
15.47 -0.02098709
15.48 -0.02236434
15.49 -0.02263986
15.5 -0.0231492
15.51 -0.02232623
15.52 -0.02031836
15.53 -0.01495363
15.54 -0.006498733
15.55 0.00266192
15.56 0.01172719
15.57 0.01778508
15.58 0.02031697
15.59 0.02219103
15.6 0.02302202
15.61 0.02285573
15.62 0.0227425
15.63 0.02303057
15.64 0.02469211
15.65 0.02697889
15.66 0.02831561
15.67 0.03033453
15.68 0.03213654
15.69 0.03338291
15.7 0.03407839
15.71 0.03336048
15.72 0.03182894
15.73 0.03131788
15.74 0.03013411
15.75 0.02778075
15.76 0.02684504
15.77 0.02617502
15.78 0.02280478
15.79 0.01859761
15.8 0.01572891
15.81 0.01331033
15.82 0.01064304
15.83 0.007892783
15.84 0.004907712
15.85 0.001283422
15.86 -0.0004107412
15.87 -0.0001437438
15.88 -0.0006831749
15.89 -0.001000142
15.9 -2.91292e-05
15.91 0.0002852867
15.92 8.744645e-05
15.93 -2.88799e-05
15.94 -0.001228554
15.95 -0.003732124
15.96 -0.004913052
15.97 -0.004667558
15.98 -0.004511791
15.99 -0.004557038
16 -0.004523116
16.01 -0.00449324
16.02 -0.004451802
16.03 -0.002988371
16.04 -0.0004448158
16.05 -0.001131458
16.06 -0.003952605
16.07 -0.005452995
16.08 -0.00716563
16.09 -0.009063429
16.1 -0.009240817
16.11 -0.007577443
16.12 -0.004894407
16.13 -0.002163975
16.14 -0.0002959482
16.15 -2.208017e-05
16.16 -0.000127156
16.17 0.001308746
16.18 0.003778094
16.19 0.004618626
16.2 0.004302474
16.21 0.004087044
16.22 0.002723996
16.23 3.742899e-06
16.24 -0.002834891
16.25 -0.005435023
16.26 -0.007060504
16.27 -0.007052975
16.28 -0.005716046
16.29 -0.004743043
16.3 -0.004768709
16.31 -0.004106182
16.32 -0.001815318
16.33 -0.0001914281
16.34 -0.0002609444
16.35 -0.001034828
16.36 -0.003003461
16.37 -0.004960901
16.38 -0.006282762
16.39 -0.007733947
16.4 -0.0112962
16.41 -0.01624587
16.42 -0.01960726
16.43 -0.02193448
16.44 -0.02433372
16.45 -0.02520858
16.46 -0.02368679
16.47 -0.02214113
16.48 -0.02105724
16.49 -0.02067002
16.5 -0.01959559
16.51 -0.01815642
16.52 -0.01678976
16.53 -0.01625392
16.54 -0.01645876
16.55 -0.01753956
16.56 -0.01874759
16.57 -0.01885833
16.58 -0.01868603
16.59 -0.01872438
16.6 -0.0178327
16.61 -0.01546275
16.62 -0.0139753
16.63 -0.01408271
16.64 -0.01431563
16.65 -0.01430669
16.66 -0.01429402
16.67 -0.01418642
16.68 -0.01278504
16.69 -0.01010577
16.7 -0.007323637
16.71 -0.005354447
16.72 -0.003404185
16.73 0.0001271817
16.74 0.003294027
16.75 0.00571767
16.76 0.008766754
16.77 0.012158
16.78 0.01298781
16.79 0.01246706
16.8 0.01238912
16.81 0.01284047
16.82 0.01467383
16.83 0.0175641
16.84 0.02029707
16.85 0.02292917
16.86 0.02646826
16.87 0.02887936
16.88 0.02959301
16.89 0.02735553
16.9 0.02214516
16.91 0.01648291
16.92 0.0116578
16.93 0.007802513
16.94 0.003859612
16.95 -0.0001625653
16.96 -0.004951053
16.97 -0.009300213
16.98 -0.0119354
16.99 -0.01399713
17 -0.01491
17.01 -0.01476271
17.02 -0.01464347
17.03 -0.01457979
17.04 -0.01318325
17.05 -0.01009571
17.06 -0.005899273
17.07 -0.001901999
17.08 0.001920714
17.09 0.004625494
17.1 0.005289569
17.11 0.00387134
17.12 0.002914433
17.13 0.0014962
17.14 -0.001041668
17.15 -0.001901255
17.16 -0.003157098
17.17 -0.005464659
17.18 -0.006181331
17.19 -0.004692896
17.2 -0.0009634677
17.21 0.003227602
17.22 0.007181768
17.23 0.0104666
17.24 0.01378857
17.25 0.01667412
17.26 0.01837132
17.27 0.02039716
17.28 0.02245524
17.29 0.02502474
17.3 0.02585247
17.31 0.0251357
17.32 0.02254097
17.33 0.020668
17.34 0.02015635
17.35 0.01815759
17.36 0.0150498
17.37 0.01114424
17.38 0.007801419
17.39 0.005927028
17.4 0.003391614
17.41 0.0004383054
17.42 -0.003289472
17.43 -0.007689998
17.44 -0.01303697
17.45 -0.01781581
17.46 -0.01982775
17.47 -0.01861487
17.48 -0.01575479
17.49 -0.01292292
17.5 -0.01032672
17.51 -0.007704262
17.52 -0.005078329
17.53 -0.002518879
17.54 -0.001455684
17.55 -0.001711641
17.56 -0.001922384
17.57 -0.00300532
17.58 -0.006811464
17.59 -0.01174396
17.6 -0.01462537
17.61 -0.01766022
17.62 -0.02094629
17.63 -0.02346447
17.64 -0.02406346
17.65 -0.02200898
17.66 -0.0189165
17.67 -0.01411724
17.68 -0.007475108
17.69 -0.0005200062
17.7 0.005675859
17.71 0.01018
17.72 0.01312199
17.73 0.01548019
17.74 0.01692011
17.75 0.01862255
17.76 0.02067567
17.77 0.0211014
17.78 0.01959218
17.79 0.01710801
17.8 0.01565076
17.81 0.01386622
17.82 0.01286023
17.83 0.01404297
17.84 0.0161301
17.85 0.01917923
17.86 0.02277084
17.87 0.02559709
17.88 0.02882579
17.89 0.03035319
17.9 0.02965968
17.91 0.02678105
17.92 0.02251816
17.93 0.01828266
17.94 0.01441804
17.95 0.009980939
17.96 0.005695242
17.97 0.003905142
17.98 0.001768184
17.99 -0.002012977
18 -0.004926611
18.01 -0.007583092
18.02 -0.01009592
18.03 -0.0113581
18.04 -0.008815091
18.05 -0.003762584
18.06 0.001025905
18.07 0.003283048
18.08 0.003175175
18.09 0.001675699
18.1 -0.0009474439
18.11 -0.003321352
18.12 -0.004578781
18.13 -0.006529102
18.14 -0.008092802
18.15 -0.008141358
18.16 -0.007894574
18.17 -0.007302146
18.18 -0.00586084
18.19 -0.004344038
18.2 -0.001987875
18.21 0.0005059611
18.22 0.00188045
18.23 0.0038127
18.24 0.006554672
18.25 0.008249096
18.26 0.009756576
18.27 0.01189518
18.28 0.01186565
18.29 0.008443417
18.3 0.005018775
18.31 0.00226017
18.32 -0.001091624
18.33 -0.003990699
18.34 -0.005648434
18.35 -0.00581462
18.36 -0.005621133
18.37 -0.005638239
18.38 -0.00565418
18.39 -0.004874001
18.4 -0.003268183
18.41 -0.0007539925
18.42 0.002016011
18.43 0.005410947
18.44 0.008664029
18.45 0.01034273
18.46 0.01004296
18.47 0.006945108
18.48 0.001405429
18.49 -0.003671289
18.5 -0.005636953
18.51 -0.004518141
18.52 -0.002663051
18.53 0.00065677
18.54 0.005612518
18.55 0.009163259
18.56 0.01139188
18.57 0.01263111
18.58 0.01265821
18.59 0.01199942
18.6 0.01002998
18.61 0.008039731
18.62 0.006433883
18.63 0.002602672
18.64 -0.003066318
18.65 -0.007439619
18.66 -0.008873423
18.67 -0.009673672
18.68 -0.009953451
18.69 -0.009169322
18.7 -0.006348312
18.71 -0.004042723
18.72 -0.0009051074
18.73 0.004389373
18.74 0.009391193
18.75 0.01202908
18.76 0.01503562
18.77 0.01644007
18.78 0.0141826
18.79 0.01214952
18.8 0.01097432
18.81 0.01039652
18.82 0.0111819
18.83 0.01151309
18.84 0.009185866
18.85 0.00648908
18.86 0.00521629
18.87 0.004094083
18.88 0.002609684
18.89 0.0003481484
18.9 -0.0008763905
18.91 -0.001248704
18.92 -0.003186819
18.93 -0.006179953
18.94 -0.008868628
18.95 -0.01112287
18.96 -0.01294973
18.97 -0.01684216
18.98 -0.02074472
18.99 -0.02227683
19 -0.02296983
19.01 -0.02310751
19.02 -0.02302869
19.03 -0.02297182
19.04 -0.02193034
19.05 -0.01935248
19.06 -0.01643256
19.07 -0.01366538
19.08 -0.01102218
19.09 -0.008376904
19.1 -0.005844308
19.11 -0.003999863
19.12 -0.001413162
19.13 0.0007058157
19.14 0.003564789
19.15 0.007681361
19.16 0.0108044
19.17 0.01278725
19.18 0.01396581
19.19 0.01598904
19.2 0.01683473
19.21 0.01551177
19.22 0.01380823
19.23 0.01250211
19.24 0.00971406
19.25 0.005586367
19.26 0.002565566
19.27 0.0005502538
19.28 -0.000725245
19.29 -0.002059256
19.3 -0.003413677
19.31 -0.004590091
19.32 -0.004758436
19.33 -0.00458672
19.34 -0.00455973
19.35 -0.003685063
19.36 -0.001182747
19.37 0.0003640526
19.38 0.0002121075
19.39 -8.484724e-06
19.4 7.463994e-05
19.41 0.0001128344
19.42 8.642038e-05
19.43 -0.0002764853
19.44 -0.00215759
19.45 -0.004262316
19.46 -0.005658983
19.47 -0.007700331
19.48 -0.008921807
19.49 -0.008809982
19.5 -0.008634041
19.51 -0.00869618
19.52 -0.00872577
19.53 -0.008704915
19.54 -0.008694685
19.55 -0.008196631
19.56 -0.006767877
19.57 -0.006107132
19.58 -0.006439964
19.59 -0.008011787
19.6 -0.01076917
19.61 -0.01352612
19.62 -0.0160477
19.63 -0.01772973
19.64 -0.01903464
19.65 -0.02096227
19.66 -0.02072794
19.67 -0.01848379
19.68 -0.01401579
19.69 -0.008392568
19.7 -0.003187682
19.71 0.0001765718
19.72 0.0008946647
19.73 0.0005518492
19.74 -0.0002961211
19.75 -0.002506752
19.76 -0.004231601
19.77 -0.005714755
19.78 -0.007796252
19.79 -0.00856762
19.8 -0.008309892
19.81 -0.008214574
19.82 -0.008239171
19.83 -0.007904649
19.84 -0.006176308
19.85 -0.00399662
19.86 -0.004344729
19.87 -0.007101601
19.88 -0.01000539
19.89 -0.01245213
19.9 -0.01492505
19.91 -0.01700498
19.92 -0.0174202
19.93 -0.01726235
19.94 -0.0183342
19.95 -0.01941895
19.96 -0.01889608
19.97 -0.01734339
19.98 -0.01673067
19.99 -0.01570827
20 -0.01312154
20.01 -0.009946685
20.02 -0.006464548
20.03 -0.004508408
20.04 -0.002660398
20.05 -0.0009876125
20.06 0.0003909785
20.07 0.001221224
20.08 0.0006984738
20.09 -0.0007899631
20.1 -0.001221533
20.11 -2.879145e-05
20.12 0.001221695
20.13 0.001279117
20.14 0.001617389
20.15 0.003842719
20.16 0.006817846
20.17 0.009345264
20.18 0.01190971
20.19 0.01430874
20.2 0.01517059
20.21 0.01557827
20.22 0.01761324
20.23 0.01934563
20.24 0.0182811
20.25 0.01691914
20.26 0.01648733
20.27 0.01596029
20.28 0.0167286
20.29 0.01736019
20.3 0.01755323
20.31 0.0187079
20.32 0.01960716
20.33 0.01952869
20.34 0.01865771
20.35 0.01729025
20.36 0.01585655
20.37 0.01493311
20.38 0.01494589
20.39 0.01453207
20.4 0.01399146
20.41 0.01486884
20.42 0.01533667
20.43 0.01516744
20.44 0.01510096
20.45 0.01518263
20.46 0.01601612
20.47 0.01737519
20.48 0.01745518
20.49 0.01596605
20.5 0.01501454
20.51 0.01514963
20.52 0.01432635
20.53 0.01094563
20.54 0.008034575
20.55 0.00674583
20.56 0.006197415
20.57 0.005503827
20.58 0.00406103
20.59 0.002641563
20.6 0.001440022
20.61 3.870687e-05
20.62 -0.0007077177
20.63 -0.0005950338
20.64 -0.0003794857
20.65 0.0005071805
20.66 0.0003755941
20.67 -0.0005803463
20.68 -0.001272531
20.69 -0.002308552
20.7 -0.001599154
20.71 0.000900877
20.72 0.002453314
20.73 0.004122612
20.74 0.006152601
20.75 0.006636113
20.76 0.006343008
20.77 0.00631067
20.78 0.006386582
20.79 0.006406579
20.8 0.007170814
20.81 0.009456959
20.82 0.01127073
20.83 0.0124953
20.84 0.01280749
20.85 0.01134834
20.86 0.01053901
20.87 0.009915424
20.88 0.009963194
20.89 0.01051302
20.9 0.009326242
20.91 0.007700463
20.92 0.005453257
20.93 0.001852962
20.94 -0.0008655819
20.95 -0.002518168
20.96 -0.004410299
20.97 -0.005069451
20.98 -0.004830847
20.99 -0.004945026
21 -0.006634017
21.01 -0.009000823
21.02 -0.01036135
21.03 -0.01235263
21.04 -0.01491203
21.05 -0.01622316
21.06 -0.01611395
21.07 -0.01648081
21.08 -0.01864053
21.09 -0.0206787
21.1 -0.02205477
21.11 -0.02418972
21.12 -0.02523105
21.13 -0.02497416
21.14 -0.02482251
21.15 -0.0249083
21.16 -0.0249278
21.17 -0.02490309
21.18 -0.0249017
21.19 -0.02488028
21.2 -0.02405004
21.21 -0.02165779
21.22 -0.01873899
21.23 -0.01605198
21.24 -0.01346357
21.25 -0.01152262
21.26 -0.01119335
21.27 -0.01143748
21.28 -0.01144226
21.29 -0.01138276
21.3 -0.01139158
21.31 -0.01135721
21.32 -0.01028709
21.33 -0.007676628
21.34 -0.00518101
21.35 -0.003993104
21.36 -0.002789568
21.37 -0.002303896
21.38 -0.003451638
21.39 -0.004988407
21.4 -0.006255145
21.41 -0.00689951
21.42 -0.006843149
21.43 -0.00675475
21.44 -0.006785643
21.45 -0.006798617
21.46 -0.006382093
21.47 -0.004955544
21.48 -0.003585998
21.49 -0.001490769
21.5 0.001328706
21.51 0.004054644
21.52 0.006267376
21.53 0.006946274
21.54 0.006724783
21.55 0.006658786
21.56 0.006724526
21.57 0.006390965
21.58 0.005002474
21.59 0.002856355
21.6 -0.0006431819
21.61 -0.002511062
21.62 -0.002313524
21.63 -0.002067227
21.64 -0.002167919
21.65 -0.002253761
21.66 -0.003282269
21.67 -0.005664485
21.68 -0.007266301
21.69 -0.008912999
21.7 -0.01099984
21.71 -0.01163606
21.72 -0.01253525
21.73 -0.01488412
21.74 -0.01608827
21.75 -0.01638427
21.76 -0.01781633
21.77 -0.01917216
21.78 -0.01989929
21.79 -0.02019856
21.8 -0.02019248
21.81 -0.0201276
21.82 -0.01923601
21.83 -0.01674263
21.84 -0.01390049
21.85 -0.01131373
21.86 -0.008615307
21.87 -0.005905772
21.88 -0.004198719
21.89 -0.003056175
21.9 -0.002047736
21.91 -0.001948037
21.92 -0.002768864
21.93 -0.00500256
21.94 -0.006864509
21.95 -0.008290222
21.96 -0.01045168
21.97 -0.01142513
21.98 -0.01046375
21.99 -0.007940237
22 -0.004942747
22.01 -0.001091612
22.02 0.00263382
22.03 0.005983279
22.04 0.01065413
22.05 0.01516184
22.06 0.01794967
22.07 0.02002447
22.08 0.02074209
22.09 0.01973702
22.1 0.01735103
22.11 0.01583569
22.12 0.01590975
22.13 0.01552577
22.14 0.0132855
22.15 0.01142251
22.16 0.01117545
22.17 0.01022392
22.18 0.009217729
22.19 0.009274561
22.2 0.01033241
22.21 0.01180219
22.22 0.01348221
22.23 0.01557075
22.24 0.01631739
22.25 0.01607258
22.26 0.01582845
22.27 0.01473673
22.28 0.01379844
22.29 0.01382753
22.3 0.01315916
22.31 0.01174481
22.32 0.01144864
22.33 0.01168937
22.34 0.01170382
22.35 0.01169175
22.36 0.01265592
22.37 0.01398283
22.38 0.01413218
22.39 0.01338636
22.4 0.01201063
22.41 0.01238623
22.42 0.01410354
22.43 0.0156678
22.44 0.01640617
22.45 0.01698646
22.46 0.01906889
22.47 0.02080935
22.48 0.02085125
22.49 0.02058936
22.5 0.02063921
22.51 0.02069301
22.52 0.02067247
22.53 0.02089214
22.54 0.02256083
22.55 0.02490417
22.56 0.02486715
22.57 0.02302191
22.58 0.02137695
22.59 0.01902856
22.6 0.01662929
22.61 0.01528221
22.62 0.01331684
22.63 0.01150766
22.64 0.009949051
22.65 0.007432727
22.66 0.005123846
22.67 0.003094423
22.68 0.0005135099
22.69 -0.002545162
22.7 -0.005687827
22.71 -0.006577539
22.72 -0.006259375
22.73 -0.007237946
22.74 -0.009677161
22.75 -0.01089988
22.76 -0.01068086
22.77 -0.009788353
22.78 -0.007549464
22.79 -0.004903017
22.8 -0.003430788
22.81 -0.002216933
22.82 -0.001483867
22.83 -0.001548284
22.84 -0.00165911
22.85 -0.001621273
22.86 -0.001241635
22.87 0.0007304563
22.88 0.003673247
22.89 0.006430845
22.9 0.009012839
22.91 0.01135279
22.92 0.01222849
22.93 0.01202449
22.94 0.01200541
22.95 0.01327225
22.96 0.01567945
22.97 0.01678112
22.98 0.01657711
22.99 0.01722802
23 0.01874624
23.01 0.02021546
23.02 0.02109332
23.03 0.0205457
23.04 0.01890165
23.05 0.01654602
23.06 0.01389402
23.07 0.01081822
23.08 0.007394389
23.09 0.004657779
23.1 0.002125037
23.11 -0.0003833482
23.12 -0.001852207
23.13 -0.003117916
23.14 -0.004419084
23.15 -0.005828416
23.16 -0.007243306
23.17 -0.009441926
23.18 -0.01072274
23.19 -0.01060252
23.2 -0.01042174
23.21 -0.01048761
23.22 -0.01051783
23.23 -0.01049614
23.24 -0.01049194
23.25 -0.01049459
23.26 -0.01042225
23.27 -0.01030129
23.28 -0.01050552
23.29 -0.01183922
23.3 -0.0133033
23.31 -0.01433014
23.32 -0.01407606
23.33 -0.0144947
23.34 -0.0147333
23.35 -0.01344172
23.36 -0.01123245
23.37 -0.009821467
23.38 -0.009178612
23.39 -0.008054518
23.4 -0.007336321
23.41 -0.006698012
23.42 -0.007222614
23.43 -0.009519832
23.44 -0.01239111
23.45 -0.01480786
23.46 -0.01567896
23.47 -0.01646068
23.48 -0.0191522
23.49 -0.02032112
23.5 -0.01991121
23.51 -0.01964764
23.52 -0.0196804
23.53 -0.01964271
23.54 -0.01797325
23.55 -0.01522691
23.56 -0.01469617
23.57 -0.0151278
23.58 -0.01508383
23.59 -0.01503279
23.6 -0.01688502
23.61 -0.01942512
23.62 -0.019706
23.63 -0.0196822
23.64 -0.02169949
23.65 -0.02363875
23.66 -0.02258126
23.67 -0.01983199
23.68 -0.01873138
23.69 -0.01843948
23.7 -0.01635555
23.71 -0.01437076
23.72 -0.01406521
23.73 -0.01273384
23.74 -0.01027899
23.75 -0.009505321
23.76 -0.009628421
23.77 -0.007569714
23.78 -0.005047496
23.79 -0.004861585
23.8 -0.00521898
23.81 -0.003519828
23.82 -0.0006864935
23.83 0.0002772819
23.84 0.00242756
23.85 0.004330816
23.86 0.005645417
23.87 0.00819485
23.88 0.009214721
23.89 0.01009516
23.9 0.01102845
23.91 0.01112564
23.92 0.01023519
23.93 0.008941092
23.94 0.008748276
23.95 0.008968679
23.96 0.008991362
23.97 0.00900331
23.98 0.009034925
23.99 0.00903649
24 0.009058201
24.01 0.009179033
24.02 0.009251165
24.03 0.009313072
24.04 0.01031885
24.05 0.01135799
24.06 0.01022702
24.07 0.00916158
24.08 0.009352249
24.09 0.008622762
24.1 0.006182007
24.11 0.004752382
24.12 0.004549972
24.13 0.002887854
24.14 0.0007627542
24.15 0.0004537851
24.16 0.0007985217
24.17 0.0008218969
24.18 0.001274949
24.19 0.002787164
24.2 0.004369818
24.21 0.005531759
24.22 0.005668364
24.23 0.006320583
24.24 0.009156193
24.25 0.01058387
24.26 0.01022241
24.27 0.01007391
24.28 0.01024839
24.29 0.01029712
24.3 0.0115216
24.31 0.01436447
24.32 0.01527671
24.33 0.01490239
24.34 0.01526029
24.35 0.01729436
24.36 0.01946407
24.37 0.01997324
24.38 0.02093347
24.39 0.02336935
24.4 0.02456344
24.41 0.02431378
24.42 0.02409847
24.43 0.02237867
24.44 0.01948344
24.45 0.01668322
24.46 0.0143117
24.47 0.01154774
24.48 0.008876648
24.49 0.005448435
24.5 0.002663534
24.51 0.001127526
24.52 -0.001341023
24.53 -0.002754716
24.54 -0.004199091
24.55 -0.006556327
24.56 -0.007007022
24.57 -0.006594759
24.58 -0.00655251
24.59 -0.006588609
24.6 -0.006553318
24.61 -0.006539841
24.62 -0.005911116
24.63 -0.003158869
24.64 -0.001534506
24.65 -0.001790636
24.66 -0.001925291
24.67 -0.001745013
24.68 -0.002404608
24.69 -0.00520492
24.7 -0.006648179
24.71 -0.00624253
24.72 -0.00568142
24.73 -0.003349421
24.74 -0.001277063
24.75 -0.001318686
24.76 -0.001588007
24.77 -0.001389048
24.78 -0.001476663
24.79 -0.003071852
24.8 -0.005861379
24.81 -0.008633591
24.82 -0.01118021
24.83 -0.01387037
24.84 -0.01749529
24.85 -0.02030972
24.86 -0.02284801
24.87 -0.02403435
24.88 -0.02547693
24.89 -0.02787885
24.9 -0.02839461
24.91 -0.02797885
24.92 -0.02783979
24.93 -0.02643704
24.94 -0.02374302
24.95 -0.02268368
24.96 -0.02058239
24.97 -0.01773138
24.98 -0.01483739
24.99 -0.01232311
25 -0.009975481
25.01 -0.009033504
25.02 -0.00663921
25.03 -0.004836773
25.04 -0.003488622
25.05 -0.000997794
25.06 -0.0002490822
25.07 -0.0005907078
25.08 -0.00061892
25.09 -0.00051582
25.1 -0.0005957614
25.11 -0.001707197
25.12 -0.004040997
25.13 -0.005222054
25.14 -0.005012774
25.15 -0.004852623
25.16 -0.004895749
25.17 -0.004860518
25.18 -0.004570347
25.19 -0.002803681
25.2 -0.0004882844
25.21 0.0008894637
25.22 0.003041526
25.23 0.006051363
25.24 0.008800828
25.25 0.01135715
25.26 0.01328378
25.27 0.01365968
25.28 0.01343641
25.29 0.01343384
25.3 0.01354962
25.31 0.01358126
25.32 0.01347247
25.33 0.01159876
25.34 0.008860947
25.35 0.007046445
25.36 0.004746638
25.37 0.002083471
25.38 -0.00053921
25.39 -0.003260493
25.4 -0.006756117
25.41 -0.008929626
25.42 -0.008849183
25.43 -0.008598556
25.44 -0.008644378
25.45 -0.008339511
25.46 -0.005984991
25.47 -0.003436225
25.48 -0.001472826
25.49 0.0003876224
25.5 0.001894132
25.51 0.004097946
25.52 0.005391432
25.53 0.005274083
25.54 0.005092274
25.55 0.005048068
25.56 0.00315124
25.57 0.0006927327
25.58 0.0001421381
25.59 -0.001215633
25.6 -0.003471601
25.61 -0.004009735
25.62 -0.003607226
25.63 -0.003988179
25.64 -0.006589468
25.65 -0.008390083
25.66 -0.008157257
25.67 -0.007819506
25.68 -0.007905303
25.69 -0.008179245
25.7 -0.009046146
25.71 -0.008531178
25.72 -0.007696574
25.73 -0.007723405
25.74 -0.007676602
25.75 -0.006208549
25.76 -0.00381225
25.77 -0.002864925
25.78 -0.002345742
25.79 -0.000129799
25.8 0.001782684
25.81 0.003331915
25.82 0.005447514
25.83 0.006223419
25.84 0.005102212
25.85 0.002679206
25.86 0.001259
25.87 0.001420501
25.88 0.001659718
25.89 0.001646732
25.9 0.003182837
25.91 0.005056626
25.92 0.005540669
25.93 0.006103456
25.94 0.006338462
25.95 0.006281159
25.96 0.006338187
25.97 0.007433423
25.98 0.008663922
25.99 0.008379193
26 0.006301457
26.01 0.004219553
26.02 0.003055296
26.03 0.001893055
26.04 0.0002012585
26.05 -0.001603738
26.06 -0.0004068943
26.07 0.001991406
26.08 0.002400522
26.09 0.002166552
26.1 0.003292391
26.11 0.005294525
26.12 0.00805772
26.13 0.01107447
26.14 0.01162816
26.15 0.01123473
26.16 0.01171274
26.17 0.01378886
26.18 0.0158324
26.19 0.01611025
26.2 0.01581732
26.21 0.01584209
26.22 0.01596961
26.23 0.01601976
26.24 0.01690037
26.25 0.01928847
26.26 0.02081225
26.27 0.0207197
26.28 0.02056371
26.29 0.02066902
26.3 0.0206965
26.31 0.02063685
26.32 0.02037283
26.33 0.01869252
26.34 0.01593453
26.35 0.0131793
26.36 0.01058676
26.37 0.007966723
26.38 0.005657159
26.39 0.004391129
26.4 0.003172591
26.41 0.002698602
26.42 0.00274525
26.43 0.001478728
26.44 -0.0009576844
26.45 -0.001890949
26.46 -0.00151861
26.47 -0.001416879
26.48 -0.001540254
26.49 -0.001536488
26.5 -0.001447072
26.51 -0.001411862
26.52 -0.001422236
26.53 -0.001384657
26.54 -0.001324454
26.55 -0.001661193
26.56 -0.003544614
26.57 -0.005734016
26.58 -0.007057465
26.59 -0.009092689
26.6 -0.01046277
26.61 -0.01035571
26.62 -0.0100845
26.63 -0.00849948
26.64 -0.005794147
26.65 -0.005225268
26.66 -0.004936963
26.67 -0.002274382
26.68 -0.002198783
26.69 -0.005225609
26.7 -0.006027541
26.71 -0.0057167
26.72 -0.007481468
26.73 -0.009838848
26.74 -0.01111154
26.75 -0.01308587
26.76 -0.01453623
26.77 -0.01447405
26.78 -0.01424521
26.79 -0.01430322
26.8 -0.01441311
26.81 -0.01545463
26.82 -0.01591613
26.83 -0.01320323
26.84 -0.0108433
26.85 -0.009689287
26.86 -0.008487073
26.87 -0.007112889
26.88 -0.00564624
26.89 -0.004880425
26.9 -0.004971684
26.91 -0.005120245
26.92 -0.005567668
26.93 -0.008043384
26.94 -0.0097926
26.95 -0.00962713
26.96 -0.01026773
26.97 -0.01162605
26.98 -0.01182597
26.99 -0.01201531
27 -0.01386083
27.01 -0.01449056
27.02 -0.01421404
27.03 -0.01404187
27.04 -0.01408274
27.05 -0.01412255
27.06 -0.01395485
27.07 -0.01208685
27.08 -0.009453692
27.09 -0.008944751
27.1 -0.009266126
27.11 -0.00920999
27.12 -0.009120581
27.13 -0.01091251
27.14 -0.01340808
27.15 -0.01297782
27.16 -0.009767499
27.17 -0.008032968
27.18 -0.006748981
27.19 -0.004254907
27.2 -0.003502492
27.21 -0.003827015
27.22 -0.003798168
27.23 -0.003644145
27.24 -0.005250372
27.25 -0.007760168
27.26 -0.008096032
27.27 -0.00755681
27.28 -0.00739692
27.29 -0.007322191
27.3 -0.006385572
27.31 -0.005715651
27.32 -0.004114003
27.33 -0.0023573
27.34 -0.002227955
27.35 -0.002339922
27.36 -0.002204149
27.37 -0.002105217
27.38 -0.001954643
27.39 -0.001843146
27.4 -0.001785748
27.41 -0.001698812
27.42 -0.001558196
27.43 -0.001414713
27.44 -0.001319303
27.45 -0.001213361
27.46 -0.001060688
27.47 -0.0009429037
27.48 -0.0008581103
27.49 -0.0007564403
27.5 -0.0005975408
27.51 8.668881e-05
27.52 0.002203632
27.53 0.00396368
27.54 0.004409415
27.55 0.006541768
27.56 0.00885996
27.57 0.01067124
27.58 0.01227686
27.59 0.01419175
27.6 0.0162217
27.61 0.01643994
27.62 0.01602511
27.63 0.01595997
27.64 0.01592298
27.65 0.01493029
27.66 0.0135871
27.67 0.01232166
27.68 0.01079002
27.69 0.008308785
27.7 0.007373669
27.71 0.007766896
27.72 0.007874373
27.73 0.007738421
27.74 0.008114898
27.75 0.009836793
27.76 0.01148645
27.77 0.01163941
27.78 0.01130386
27.79 0.01120743
27.8 0.01118765
27.81 0.01119427
27.82 0.0117273
27.83 0.01188342
27.84 0.01098875
27.85 0.01063154
27.86 0.01066728
27.87 0.01056139
27.88 0.01030352
27.89 0.008687453
27.9 0.006718496
27.91 0.006451564
27.92 0.006676566
27.93 0.006588001
27.94 0.006480538
27.95 0.006423336
27.96 0.006350512
27.97 0.006334155
27.98 0.006303833
27.99 0.006202815
28 0.006095531
28.01 0.006030423
28.02 0.005970396
28.03 0.006125117
28.04 0.007032536
28.05 0.007938772
28.06 0.008684575
28.07 0.008732276
28.08 0.00847154
28.09 0.008285188
28.1 0.008128606
28.11 0.007985219
28.12 0.007879923
28.13 0.007715464
28.14 0.007520678
28.15 0.007367347
28.16 0.00720312
28.17 0.007004508
28.18 0.006807412
28.19 0.006644143
28.2 0.006479203
28.21 0.006266713
28.22 0.005328078
28.23 0.004404052
28.24 0.005428838
28.25 0.005886713
28.26 0.005462525
28.27 0.005197946
28.28 0.005080238
28.29 0.004881639
28.3 0.004703968
28.31 0.004692787
28.32 0.00524411
28.33 0.005238063
28.34 0.004142981
28.35 0.003562614
28.36 0.003506491
28.37 0.0032175
28.38 0.002081632
28.39 0.0006599751
28.4 0.0001886799
28.41 -0.000681827
28.42 -0.002157677
28.43 -0.002508696
28.44 -0.002329959
28.45 -0.002351962
28.46 -0.003163719
28.47 -0.003631664
28.48 -0.002668489
28.49 -0.002341354
28.5 -0.002608235
28.51 -0.002723289
28.52 -0.00276522
28.53 -0.00366246
28.54 -0.004872316
28.55 -0.005010177
28.56 -0.004799084
28.57 -0.004801095
28.58 -0.005521659
28.59 -0.006621212
28.6 -0.00675549
28.61 -0.006483185
28.62 -0.006375869
28.63 -0.006591285
28.64 -0.006714772
28.65 -0.006223211
28.66 -0.005939407
28.67 -0.005910161
28.68 -0.005438385
28.69 -0.004799796
28.7 -0.004765109
28.71 -0.004970698
28.72 -0.005478944
28.73 -0.005511508
28.74 -0.005724876
28.75 -0.006525178
28.76 -0.006673183
28.77 -0.006429248
28.78 -0.006628166
28.79 -0.00676896
28.8 -0.006541897
28.81 -0.006028921
28.82 -0.005545449
28.83 -0.005703103
28.84 -0.005856891
28.85 -0.005789394
28.86 -0.005903383
28.87 -0.005824657
28.88 -0.005564718
28.89 -0.00542949
28.9 -0.005670971
28.91 -0.005778827
28.92 -0.005492069
28.93 -0.005376316
28.94 -0.00522493
28.95 -0.004963565
28.96 -0.004703511
28.97 -0.004312655
28.98 -0.003667725
28.99 -0.003125678
29 -0.002537192
29.01 -0.002118622
29.02 -0.002022288
29.03 -0.001961457
29.04 -0.00184966
29.05 -0.00173031
29.06 -0.001629412
29.07 -0.001694756
29.08 -0.001969874
29.09 -0.001994809
29.1 -0.002077125
29.11 -0.00218236
29.12 -0.002023408
29.13 -0.001731839
29.14 -0.001344452
29.15 -0.001057087
29.16 -0.0008880211
29.17 -0.0005558389
29.18 -0.0003315174
29.19 -0.0002913549
29.2 -0.0002515668
29.21 -0.0001847655
29.22 -0.0001878643
29.23 -0.000329434
29.24 -0.0003514027
29.25 -0.000313706
29.26 -0.0003665602
29.27 -0.0003578952
29.28 -0.0002525436
29.29 -0.0001112228
29.3 8.457811e-05
29.31 0.0002288863
29.32 0.0002807308
29.33 0.0003223342
29.34 0.0004238506
29.35 0.0005704932
29.36 0.00062593
29.37 0.0006276957
29.38 0.0006404262
29.39 0.0006600605
29.4 0.0006749762
29.41 0.0006641266
29.42 0.0006734667
29.43 0.0007088896
29.44 0.0007224258
29.45 0.0007383106
29.46 0.0007862065
29.47 0.000832975
29.48 0.0008564606
29.49 0.0008474777
29.5 0.0008312309
29.51 0.0008270672
29.52 0.0008210988
29.53 0.0008016439
29.54 0.0007602928
29.55 0.0007211887
29.56 0.000690954
29.57 0.0006778273
29.58 0.0006670097
29.59 0.000646285
29.6 0.0006273868
29.61 0.00061099
29.62 0.0005915184
29.63 0.0005742775
29.64 0.0005550299
29.65 0.0005351183
29.66 0.0005162696
29.67 0.0004980043
29.68 0.0004802008
29.69 0.0004630845
29.7 0.0004466978
29.71 0.0004306729
29.72 0.0004150258
29.73 0.0003999634
29.74 0.0003846861
29.75 0.0003684553
29.76 0.0003544494
29.77 0.000342069
29.78 0.0003296697
29.79 0.0003172347
29.8 0.0003049666
29.81 0.0002928107
29.82 0.0002807612
29.83 0.000268895
29.84 0.0002569695
29.85 0.0002451734
29.86 0.0002333249
29.87 0.0002214423
29.88 0.0002096965
29.89 0.0001979845
29.9 0.0001862782
29.91 0.0001746465
29.92 0.0001630683
29.93 0.0001515184
29.94 0.0001400033
29.95 0.0001285157
29.96 0.0001170422
29.97 0.0001055751
29.98 9.411206e-05
