0 0.0001709179
0.01 5.15224e-05
0.02 0.0002003871
0.03 -0.0001179081
0.04 -0.0002648431
0.05 -4.967792e-05
0.06 -1.097251e-05
0.07 -0.0002252269
0.08 -0.0002048811
0.09 0.0001714449
0.1 7.959108e-05
0.11 0.0001386975
0.12 8.764403e-05
0.13 0.0001396108
0.14 7.835776e-05
0.15 0.0001558249
0.16 4.969227e-05
0.17 0.0002118199
0.18 -0.0001523724
0.19 -0.0002024046
0.2 0.0001300636
0.21 0.0001534718
0.22 2.460337e-06
0.23 0.0004216289
0.24 0.0002206379
0.25 -0.000292473
0.26 -0.0002262239
0.27 -2.125444e-05
0.28 0.0001633152
0.29 8.880497e-05
0.3 0.000109155
0.31 0.0001284851
0.32 7.029544e-05
0.33 0.000181426
0.34 -0.0001154434
0.35 -0.0002715524
0.36 0.0006412987
0.37 -0.0002859301
0.38 1.492135e-05
0.39 0.000144413
0.4 9.336478e-05
0.41 -0.0002953033
0.42 -0.000425911
0.43 5.854125e-05
0.44 0.0001278537
0.45 8.190646e-05
0.46 -0.0002506607
0.47 -0.0002262276
0.48 -0.0001895544
0.49 0.000118439
0.5 0.0001469526
0.51 4.106352e-06
0.52 0.0004018603
0.53 0.0002365744
0.54 -0.0003346713
0.55 0.0002232231
0.56 4.569775e-05
0.57 -0.0002797274
0.58 -2.375248e-05
0.59 -0.0002165773
0.6 -0.000236002
0.61 -0.0002095265
0.62 0.0001566091
0.63 6.680496e-05
0.64 0.0001422409
0.65 0.0003421171
0.66 -0.0002383065
0.67 0.00036753
0.68 0.0004460266
0.69 3.186349e-05
0.7 -0.0002762195
0.71 -4.268233e-05
0.72 0.000195955
0.73 4.152522e-06
0.74 0.0002183102
0.75 -0.0001723919
0.76 -0.0002234339
0.77 0.0001427042
0.78 8.962255e-05
0.79 8.652104e-05
0.8 0.0001282997
0.81 3.135852e-05
0.82 0.0003189575
0.83 0.0004657967
0.84 3.695966e-06
0.85 0.0001556354
0.86 4.237506e-05
0.87 0.0001626948
0.88 -0.0001056051
0.89 -0.0007258051
0.9 0.0001258552
0.91 2.993561e-05
0.92 0.0001910562
0.93 -0.0001608831
0.94 -0.0002404821
0.95 0.0001419789
0.96 9.910013e-05
0.97 -6.413851e-05
0.98 -0.0007689969
0.99 0.0001785447
1 -0.0001631934
1.01 -0.0002489114
1.02 0.0001539506
1.03 6.007297e-05
1.04 0.0001028754
1.05 8.651804e-05
1.06 8.24008e-05
1.07 0.0001037837
1.08 6.294677e-05
1.09 0.00012207
1.1 4.145335e-05
1.11 0.0001464769
1.12 8.740529e-06
1.13 0.0001984244
1.14 -0.0001769717
1.15 -0.0006513075
1.16 1.165669e-05
1.17 0.0001574811
1.18 -1.391435e-05
1.19 -7.616963e-05
1.2 0.0003124152
1.21 -0.0003169598
1.22 -9.667464e-05
1.23 0.0003816707
1.24 0.0003765361
1.25 8.070167e-05
1.26 -6.723259e-05
1.27 -0.0009067267
1.28 -0.0007507007
1.29 0.0001060654
1.3 3.157175e-05
1.31 0.0001386382
1.32 1.314479e-05
1.33 0.0001599915
1.34 -2.058161e-05
1.35 0.0002170453
1.36 -0.0002226075
1.37 -0.0001991801
1.38 6.292728e-05
1.39 0.0001516349
1.4 -5.851743e-05
1.41 0.0004106504
1.42 0.0001780584
1.43 -0.0007430335
1.44 4.029482e-05
1.45 0.0001473632
1.46 -0.0001658082
1.47 -0.0002637596
1.48 0.0001299293
1.49 5.54382e-05
1.5 8.702728e-05
1.51 -0.0003526235
1.52 0.0003807259
1.53 0.0002572753
1.54 -6.8135e-05
1.55 0.0002255947
1.56 -0.0001293953
1.57 0.0008742548
1.58 0.0002346849
1.59 -0.0003559248
1.6 -0.0002243745
1.61 -0.0005334639
1.62 9.584678e-05
1.63 -0.0004039823
1.64 -0.0003601515
1.65 -0.0006386404
1.66 -0.0003867292
1.67 0.0002252421
1.68 -8.690635e-05
1.69 0.0003894052
1.7 0.0001965969
1.71 -0.0003817712
1.72 0.0002077608
1.73 0.0003790929
1.74 0.0002893051
1.75 -0.0002411225
1.76 -0.0006522099
1.77 -8.617407e-06
1.78 0.0001249753
1.79 -5.611805e-06
1.8 -0.0001392588
1.81 0.0003574543
1.82 -0.0004279724
1.83 -0.0003627191
1.84 -0.0002474856
1.85 -0.000209772
1.86 -0.0005076382
1.87 -0.0004434045
1.88 0.0002277295
1.89 -4.055636e-05
1.9 0.0001307779
1.91 0.0004285922
1.92 0.0002164066
1.93 -0.0004415188
1.94 -0.0003936041
1.95 -4.478924e-05
1.96 0.0001265457
1.97 7.180756e-06
1.98 -0.0002784441
1.99 -0.0002743888
2 -0.0002417733
2.01 8.868218e-05
2.02 0.0004874778
2.03 -0.0002642864
2.04 -9.193054e-05
2.05 0.0001610055
2.06 -3.995842e-05
2.07 0.0001874778
2.08 -0.0002246259
2.09 -0.0002379094
2.1 6.092718e-05
2.11 0.0001374039
2.12 -0.0002216593
2.13 -7.88824e-05
2.14 8.837463e-05
2.15 -0.0001799082
2.16 0.000195429
2.17 -3.511361e-05
2.18 -0.0002819762
2.19 -0.0001167585
2.2 -0.0002116409
2.21 -0.000333043
2.22 -0.0002004651
2.23 5.859294e-05
2.24 7.693108e-05
2.25 4.222934e-05
2.26 -0.0003443723
2.27 -5.981382e-05
2.28 -0.0002801552
2.29 -0.0005361965
2.3 7.272224e-05
2.31 8.441155e-06
2.32 0.0001134802
2.33 -0.0004067407
2.34 -2.222148e-05
2.35 0.0001246379
2.36 -0.0004720827
2.37 0.0006509168
2.38 0.0001011165
2.39 -0.0001539038
2.4 -0.0002681639
2.41 0.000316276
2.42 0.0002448562
2.43 -4.586367e-05
2.44 -0.0002876234
2.45 -0.000107103
2.46 0.0001611374
2.47 -3.370193e-05
2.48 0.0001468188
2.49 -5.822045e-05
2.5 0.0003283404
2.51 -3.683856e-05
2.52 -0.0001000975
2.53 0.0001283638
2.54 2.022504e-05
2.55 -0.0003439335
2.56 -4.713207e-05
2.57 -0.0003194905
2.58 -6.144877e-05
2.59 -0.0003083069
2.6 -7.576507e-05
2.61 0.000110877
2.62 5.883901e-05
2.63 -0.0001257988
2.64 7.920349e-05
2.65 0.0002699258
2.66 -6.261163e-05
2.67 0.0001372909
2.68 3.653617e-06
2.69 8.01364e-05
2.7 0.0004697592
2.71 0.0001504822
2.72 3.214528e-05
2.73 -0.0003534315
2.74 -0.0004544283
2.75 -2.706497e-05
2.76 0.0001350985
2.77 -6.585801e-05
2.78 0.0003696656
2.79 0.0001850293
2.8 -0.0007931668
2.81 6.055705e-05
2.82 7.380104e-05
2.83 -0.0003943949
2.84 4.409307e-06
2.85 4.417357e-05
2.86 0.0001175979
2.87 -0.0001537376
2.88 -0.000732093
2.89 4.513156e-05
2.9 6.245629e-05
2.91 5.122109e-05
2.92 7.2626e-05
2.93 4.507099e-05
2.94 7.565607e-05
2.95 4.504124e-05
2.96 7.562651e-05
2.97 4.909184e-05
2.98 7.049727e-05
2.99 5.62028e-05
3 6.02684e-05
3.01 7.55541e-05
3.02 -0.0003712201
3.03 -2.749425e-05
3.04 0.0001050917
3.05 2.857774e-05
3.06 0.0001050639
3.07 -0.0003967899
3.08 1.425637e-05
3.09 -5.409725e-05
3.1 -0.0005539108
3.11 -0.0001887643
3.12 7.744239e-05
3.13 7.23291e-05
3.14 5.497591e-05
3.15 7.638279e-05
3.16 6.718975e-05
3.17 -0.0003510232
3.18 -3.891607e-05
3.19 0.0001252911
3.2 2.225844e-05
3.21 0.0001079259
3.22 3.345327e-05
3.23 9.974075e-05
3.24 4.362842e-05
3.25 9.053612e-05
3.26 5.686389e-05
3.27 6.807175e-05
3.28 0.0005025796
3.29 -0.0002512123
3.3 -8.59842e-05
3.31 0.0001812439
3.32 -4.316777e-05
3.33 0.0006279805
3.34 -9.827104e-05
3.35 -0.0007143625
3.36 4.552602e-05
3.37 0.0001026346
3.38 2.306337e-05
3.39 0.0005677322
3.4 -0.000321719
3.41 1.384999e-05
3.42 4.647901e-05
3.43 0.0002769881
3.44 0.0004707773
3.45 -0.0004492735
3.46 4.235586e-05
3.47 8.416526e-05
3.48 7.599474e-05
3.49 8.516428e-05
3.5 7.495392e-05
3.51 8.412361e-05
3.52 8.309336e-05
3.53 7.186321e-05
3.54 0.0001116331
3.55 -0.0003800169
3.56 5.551317e-05
3.57 -9.44367e-05
3.58 -0.0003117065
3.59 0.0001942038
3.6 2.283413e-05
3.61 -0.0002729755
3.62 -0.0001873049
3.63 -0.0004463943
3.64 -0.0002199638
3.65 -0.0002668931
3.66 -0.0004678423
3.67 6.050853e-05
3.68 9.211944e-05
3.69 8.905042e-05
3.7 9.618148e-05
3.71 8.597258e-05
3.72 0.0001002438
3.73 8.697502e-05
3.74 9.614635e-05
3.75 0.0001053177
3.76 -0.0003353308
3.77 7.380706e-06
3.78 0.0001328323
3.79 8.182396e-05
3.8 9.507567e-05
3.81 0.0005265275
3.82 0.0001950193
3.83 -0.0003455887
3.84 -0.0004180167
3.85 7.259527e-05
3.86 -0.0003374526
3.87 5.421958e-05
3.88 -3.656817e-05
3.89 -0.0007617959
3.9 0.0005876565
3.91 0.0001327289
3.92 0.0001327214
3.93 6.029402e-05
3.94 0.0001928866
3.95 -0.0001335206
3.96 -0.0002283879
3.97 0.0001592049
3.98 0.0001316578
3.99 -7.540925e-05
4 -0.0002794162
4.01 0.0002193569
4.02 0.00045089
4.03 0.0007283231
4.04 -4.688361e-05
4.05 -0.0003182103
4.06 0.000843563
4.07 0.0009618765
4.08 0.00012139
4.09 0.0001275035
4.1 0.0001234171
4.11 0.0001142308
4.12 0.0001407446
4.13 9.993838e-05
4.14 0.0001662322
4.15 -0.0003366339
4.16 7.442006e-05
4.17 0.000123374
4.18 0.0001713082
4.19 0.0003416423
4.2 -0.0001183835
4.21 6.050749e-06
4.22 -0.0003223949
4.23 0.0003354994
4.24 -0.0001816462
4.25 -0.0001592117
4.26 0.0005731428
4.27 0.0002824374
4.28 -0.0001102679
4.29 -0.0006253731
4.3 0.0001069816
4.31 0.0001620564
4.32 0.0001202312
4.33 0.0001702062
4.34 0.0001171612
4.35 0.0001752962
4.36 0.0001181713
4.37 0.0001773264
4.38 0.0001232616
4.39 0.0001722169
4.4 0.0001426321
4.41 -0.0002602725
4.42 4.368289e-05
4.43 0.0002119784
4.44 0.0001140538
4.45 0.0001885094
4.46 0.0001354651
4.47 0.0001721807
4.48 0.0001599364
4.49 0.0001436122
4.5 0.000606688
4.51 0.0002343839
4.52 0.0001497198
4.53 0.0001568558
4.54 0.0001966318
4.55 0.0001027879
4.56 0.0003914439
4.57 0.0005403601
4.58 7.625638e-05
4.59 0.0002435327
4.6 9.256898e-05
4.61 0.0003853053
4.62 0.0006821218
4.63 0.001089099
4.64 0.0007647347
4.65 0.0009197713
4.66 0.0001853679
4.67 0.0002506446
4.68 -0.0004592787
4.69 -0.0006908219
4.7 0.0001863748
4.71 0.0003159117
4.72 0.001175769
4.73 0.001160465
4.74 0.001137002
4.75 0.0009646195
4.76 0.0009176966
4.77 -0.0001482063
4.78 -0.0001227091
4.79 0.0002863081
4.8 -0.0003022346
4.81 0.0001914427
4.82 0.00012106
4.83 0.0008513775
4.84 0.001187975
4.85 0.001253253
4.86 0.00092481
4.87 0.0008993075
4.88 0.0006320651
4.89 0.0001475627
4.9 8.738046e-05
4.91 -0.0007439218
4.92 -0.0009265041
4.93 -0.001581346
4.94 -0.0007765682
4.95 0.0001954896
4.96 0.0006004275
4.97 0.001052285
4.98 0.001345024
4.99 0.0004249817
5 -0.0013386
5.01 -0.002371862
5.02 -0.002759463
5.03 -0.002666646
5.04 -0.002629927
5.05 -0.001006089
5.06 0.001087969
5.07 0.003632868
5.08 0.003823606
5.09 0.0006616048
5.1 -0.003179717
5.11 -0.007027158
5.12 -0.008760139
5.13 -0.006919041
5.14 -0.0001350222
5.15 0.006854016
5.16 0.01060557
5.17 0.009124534
5.18 0.003921513
5.19 -0.003804988
5.2 -0.0100535
5.21 -0.01094601
5.22 -0.007677931
5.23 -0.001692572
5.24 0.003913346
5.25 0.006942745
5.26 0.006546985
5.27 0.005435184
5.28 0.005077163
5.29 0.003194242
5.3 -0.000946958
5.31 -0.002196458
5.32 0.0006218007
5.33 0.00227726
5.34 0.0009808397
5.35 -9.424097e-05
5.36 -0.002081201
5.37 -0.002475942
5.38 0.0002392976
5.39 0.004735457
5.4 0.008124916
5.41 0.006605116
5.42 0.003561436
5.43 -0.001766024
5.44 -0.006601844
5.45 -0.009353804
5.46 -0.008006384
5.47 -0.002254605
5.48 0.002170155
5.49 0.003212595
5.5 0.002761756
5.51 0.001348035
5.52 0.0004840952
5.53 0.0006707553
5.54 -0.002184224
5.55 -0.005517585
5.56 -0.008118585
5.57 -0.008431724
5.58 -0.006298904
5.59 -0.002348443
5.6 0.003586937
5.61 0.008131038
5.62 0.008438058
5.63 0.007676118
5.64 0.005168958
5.65 0.002400679
5.66 0.0001903392
5.67 -0.0019894
5.68 -0.005163639
5.69 -0.007853379
5.7 -0.003447998
5.71 0.005005762
5.72 0.01163474
5.73 0.0111329
5.74 0.006538824
5.75 0.002195665
5.76 -0.001884334
5.77 -0.004390473
5.78 -0.003773373
5.79 -0.002393311
5.8 -0.001585471
5.81 -0.00208221
5.82 -0.001589549
5.83 -0.002225008
5.84 -0.002864547
5.85 -0.002280085
5.86 -0.001990405
5.87 0.0006728161
5.88 0.002013098
5.89 0.001868258
5.9 0.0005055396
5.91 -0.001445719
5.92 -0.006774198
5.93 -0.011711
5.94 -0.01181299
5.95 -0.008629575
5.96 -0.004803553
5.97 -0.003945731
5.98 -0.00030331
5.99 0.004239771
6 0.002699573
6.01 -0.001989366
6.02 -0.001772104
6.03 0.001205278
6.04 0.003009659
6.05 0.0051027
6.06 0.006857101
6.07 0.007135563
6.08 0.003728765
6.09 -0.001710893
6.1 -0.005037112
6.11 -0.00562871
6.12 -0.003259248
6.13 0.0001261337
6.14 0.005397495
6.15 0.01199996
6.16 0.01291082
6.17 0.005994201
6.18 -2.99172e-05
6.19 -0.001727196
6.2 -0.0006419134
6.21 0.002271208
6.22 0.00496299
6.23 0.006163533
6.24 0.005129255
6.25 0.004336717
6.26 0.0004698985
6.27 -0.00369068
6.28 -0.003451997
6.29 -0.003791655
6.3 -0.006768013
6.31 -0.006465071
6.32 -0.003805929
6.33 -0.001970947
6.34 0.001719416
6.35 0.006802078
6.36 0.008170921
6.37 0.004299002
6.38 -0.0008377153
6.39 -0.006181492
6.4 -0.01059605
6.41 -0.01318378
6.42 -0.01395491
6.43 -0.01087348
6.44 -0.00394972
6.45 0.002799622
6.46 0.006039144
6.47 0.008614646
6.48 0.01058223
6.49 0.01015281
6.5 0.003380014
6.51 -0.002528844
6.52 -0.0009549809
6.53 -0.0001165384
6.54 -0.002919496
6.55 -0.005062513
6.56 -0.006108011
6.57 -0.007583948
6.58 -0.005680625
6.59 0.0009952776
6.6 0.008531041
6.61 0.01190826
6.62 0.01172466
6.63 0.009747909
6.64 0.005165051
6.65 -0.0008386658
6.66 -0.004036362
6.67 -0.00527158
6.68 -0.008245898
6.69 -0.01029507
6.7 -0.004707511
6.71 0.006870511
6.72 0.01302214
6.73 0.008247518
6.74 0.00116158
6.75 -0.004744217
6.76 -0.009628994
6.77 -0.009727931
6.78 -0.003799688
6.79 0.004364394
6.8 0.008087398
6.81 0.005621041
6.82 -0.0005876957
6.83 -0.005076712
6.84 -0.007467589
6.85 -0.008884367
6.86 -0.008833363
6.87 -0.00728806
6.88 -0.002660317
6.89 0.002815046
6.9 0.003253649
6.91 0.0002211925
6.92 -0.002914284
6.93 -0.00437492
6.94 -0.0002214777
6.95 0.004928505
6.96 0.006453409
6.97 0.005737372
6.98 0.005307956
6.99 0.005284498
7 0.001388102
7.01 -0.002352234
7.02 -0.0009864513
7.03 0.005944452
7.04 0.013724
7.05 0.01542943
7.06 0.0105671
7.07 0.005222306
7.08 0.002001149
7.09 -0.002040088
7.1 -0.005506044
7.11 -0.004783881
7.12 -0.003527237
7.13 -0.004883834
7.14 -0.00447787
7.15 0.0005568534
7.16 0.002699877
7.17 0.00184206
7.18 0.003114004
7.19 0.002695807
7.2 -0.003427248
7.21 -0.009807345
7.22 -0.009364662
7.23 -0.006005798
7.24 -0.003933155
7.25 -0.004298311
7.26 -0.005349927
7.27 -0.007205303
7.28 -0.00732668
7.29 -0.003398656
7.3 -0.0008486526
7.31 0.0001081112
7.32 0.001754395
7.33 0.003129359
7.34 0.004113662
7.35 0.003933126
7.36 0.002781549
7.37 0.001897214
7.38 0.0007721572
7.39 -0.001201539
7.4 -0.0002733352
7.41 0.0006395686
7.42 -0.001721728
7.43 -0.002460203
7.44 -0.0001223601
7.45 -0.0001509162
7.46 -0.003195612
7.47 -0.0003039085
7.48 0.003135535
7.49 -0.0005538009
7.5 -0.004160517
7.51 -0.001932834
7.52 -0.001006669
7.53 -0.002733526
7.54 -0.0006884215
7.55 0.003318142
7.56 0.004348346
7.57 0.00334059
7.58 0.004513594
7.59 0.002090078
7.6 -0.003037458
7.61 -0.003431174
7.62 -0.00491935
7.63 -0.008825947
7.64 -0.006497282
7.65 0.003652742
7.66 0.01291537
7.67 0.01537561
7.68 0.01016036
7.69 0.0009130377
7.7 -0.007314277
7.71 -0.01087612
7.72 -0.01122189
7.73 -0.008544386
7.74 -0.001554322
7.75 0.007287041
7.76 0.0148687
7.77 0.01287155
7.78 0.004258674
7.79 -0.002075522
7.8 -0.007453977
7.81 -0.01326797
7.82 -0.01275389
7.83 -0.007465185
7.84 -0.004756062
7.85 0.001236443
7.86 0.01027671
7.87 0.01163127
7.88 0.006710795
7.89 0.0005540789
7.9 -0.005016136
7.91 -0.005413933
7.92 -0.0002272287
7.93 0.005067596
7.94 0.005804039
7.95 0.005263443
7.96 0.003740588
7.97 0.001848492
7.98 0.001413976
7.99 0.00166082
8 0.0001971244
8.01 -0.002348792
8.02 -0.005341467
8.03 -0.008517744
8.04 -0.005565859
8.05 0.001565985
8.06 0.007467709
8.07 0.009460794
8.08 0.007180078
8.09 0.0009621622
8.1 -0.003675774
8.11 -0.002580289
8.12 0.001200855
8.13 0.001410979
8.14 9.518311e-05
8.15 -0.0001496127
8.16 -0.002385448
8.17 -0.005007864
8.18 -0.00715904
8.19 -0.007657815
8.2 -0.004864031
8.21 -0.003073927
8.22 -0.0005830831
8.23 0.001649701
8.24 0.0008408453
8.25 0.0004603896
8.26 0.001144814
8.27 0.001290678
8.28 -0.002499637
8.29 -0.003030033
8.3 0.002120971
8.31 0.003319475
8.32 -0.002932101
8.33 -0.007955596
8.34 -0.005405592
8.35 3.917212e-05
8.36 0.004087556
8.37 0.00219954
8.38 -0.0003086351
8.39 0.0006440492
8.4 -7.810655e-05
8.41 -0.003873522
8.42 -0.003433898
8.43 0.001401926
8.44 0.00513105
8.45 0.007459715
8.46 0.006502959
8.47 0.0001657033
8.48 -0.007141572
8.49 -0.007829048
8.5 -0.005545264
8.51 -9.743957e-05
8.52 0.008992804
8.53 0.01615015
8.54 0.01885927
8.55 0.01884092
8.56 0.01267706
8.57 0.0003177261
8.58 -0.00745365
8.59 -0.01015868
8.6 -0.009915922
8.61 -0.002042537
8.62 0.007510787
8.63 0.009799671
8.64 0.009019376
8.65 0.00774948
8.66 0.002378165
8.67 -0.006945651
8.68 -0.01260665
8.69 -0.01136734
8.7 -0.01031776
8.71 -0.008769394
8.72 -0.00307269
8.73 0.002523034
8.74 0.004600779
8.75 0.001738663
8.76 -0.002272992
8.77 -0.003496988
8.78 -0.005182024
8.79 -0.008093101
8.8 -0.007256695
8.81 -0.001229511
8.82 0.004664053
8.83 0.01058821
8.84 0.01559642
8.85 0.01421942
8.86 0.00407757
8.87 -0.008733626
8.88 -0.01339298
8.89 -0.008601018
8.9 -0.001254973
8.91 0.007195731
8.92 0.01491612
8.93 0.01462746
8.94 0.008900163
8.95 0.0008941883
8.96 -0.009116087
8.97 -0.01142842
8.98 -0.006195819
8.99 -0.001845514
9 0.001786709
9.01 0.004751854
9.02 0.005343457
9.03 0.003674742
9.04 0.001670447
9.05 -0.0001951294
9.06 -0.003059285
9.07 -0.01032066
9.08 -0.01726482
9.09 -0.01892742
9.1 -0.01394267
9.11 -0.009921824
9.12 -0.00373858
9.13 0.006549144
9.14 0.01356675
9.15 0.01471527
9.16 0.01101778
9.17 0.00468154
9.18 -0.002786895
9.19 -0.006676151
9.2 -0.007131066
9.21 -0.002915402
9.22 0.0007229418
9.23 0.002129526
9.24 0.00305569
9.25 0.006206474
9.26 0.007984338
9.27 0.006453322
9.28 0.0006403468
9.29 -0.005976389
9.3 -0.009243445
9.31 -0.01031852
9.32 -0.004282157
9.33 0.001421687
9.34 0.002266252
9.35 0.0007352357
9.36 -0.0005703601
9.37 0.001393143
9.38 0.004505168
9.39 0.006046392
9.4 0.004411336
9.41 -0.00118744
9.42 -0.007735835
9.43 -0.006596491
9.44 -0.001049727
9.45 0.003621877
9.46 0.008852441
9.47 0.009537885
9.48 0.005442588
9.49 8.930583e-07
9.5 -0.003892442
9.51 -0.003165179
9.52 0.001299365
9.53 0.007323489
9.54 0.009209473
9.55 0.006307577
9.56 0.003508701
9.57 -0.001858535
9.58 -0.008742511
9.59 -0.01254812
9.6 -0.0104408
9.61 -0.001994179
9.62 0.006564646
9.63 0.01217363
9.64 0.01164324
9.65 0.005883297
9.66 -0.001437238
9.67 -0.01001645
9.68 -0.01756139
9.69 -0.01999102
9.7 -0.01532146
9.71 -0.002219559
9.72 0.01220631
9.73 0.01767861
9.74 0.01558966
9.75 0.009183038
9.76 -0.001048578
9.77 -0.01253377
9.78 -0.01638529
9.79 -0.01142808
9.8 -0.006817683
9.81 0.0001285206
9.82 0.01169431
9.83 0.01752769
9.84 0.01369861
9.85 0.008007016
9.86 0.00532646
9.87 -0.0002855761
9.88 -0.007302152
9.89 -0.009408448
9.9 -0.007466364
9.91 -0.005189721
9.92 -0.004567517
9.93 -0.001410612
9.94 0.002193051
9.95 0.002863195
9.96 0.006478077
9.97 0.0103704
9.98 0.006604566
9.99 -0.00523865
10 -0.01290293
10.01 -0.01008058
10.02 -0.002878359
10.03 0.001655545
10.04 0.001730008
10.05 0.001136373
10.06 0.0005672164
10.07 0.00200134
10.08 0.004053584
10.09 0.001795308
10.1 -0.0006261687
10.11 0.001805515
10.12 0.005677439
10.13 0.003203942
10.14 -0.002688594
10.15 -0.00460211
10.16 0.0008803936
10.17 0.007065677
10.18 0.01217894
10.19 0.01571427
10.2 0.01197699
10.21 0.005122592
10.22 -0.003616764
10.23 -0.01111274
10.24 -0.01577822
10.25 -0.01433797
10.26 -0.006092289
10.27 0.001962654
10.28 0.008308077
10.29 0.01184748
10.3 0.007221784
10.31 -0.002156092
10.32 -0.006271788
10.33 -0.007013324
10.34 -0.009841781
10.35 -0.008983958
10.36 -0.002712994
10.37 0.002299289
10.38 0.003658953
10.39 0.003476376
10.4 -0.0008882001
10.41 -0.007577356
10.42 -0.004648933
10.43 0.00505025
10.44 0.0100248
10.45 0.008869137
10.46 0.005615341
10.47 -9.9556e-06
10.48 -0.006599152
10.49 -0.008606509
10.5 -0.007638525
10.51 -0.005711742
10.52 -0.0008850984
10.53 0.006266125
10.54 0.009177208
10.55 0.004996232
10.56 -0.0003638647
10.57 -0.004610122
10.58 -0.007603818
10.59 -0.005993234
10.6 -0.002195771
10.61 -0.002201888
10.62 -0.006700084
10.63 -0.006983641
10.64 0.002403423
10.65 0.01132128
10.66 0.01248919
10.67 0.009733152
10.68 0.006200895
10.69 0.001262059
10.7 -0.005282257
10.71 -0.01036389
10.72 -0.01347387
10.73 -0.01386146
10.74 -0.008687005
10.75 -0.002069241
10.76 0.001356942
10.77 0.006294765
10.78 0.01260959
10.79 0.01835219
10.8 0.01741583
10.81 0.010029
10.82 0.002412661
10.83 -0.004005175
10.84 -0.01142466
10.85 -0.02019154
10.86 -0.02301184
10.87 -0.01612378
10.88 -0.00190396
10.89 0.01167327
10.9 0.01844607
10.91 0.01758723
10.92 0.01258107
10.93 0.003007355
10.94 -0.007831161
10.95 -0.01407458
10.96 -0.01645322
10.97 -0.01646444
10.98 -0.009984369
10.99 0.003215454
11 0.01145298
11.01 0.01366944
11.02 0.01826556
11.03 0.01963135
11.04 0.01151521
11.05 -0.001969188
11.06 -0.01253843
11.07 -0.01902766
11.08 -0.02266396
11.09 -0.02025267
11.1 -0.01050759
11.11 0.0009204901
11.12 0.01204054
11.13 0.02245984
11.14 0.02399086
11.15 0.01375822
11.16 -0.003506295
11.17 -0.01666633
11.18 -0.01989973
11.19 -0.01821775
11.2 -0.01752415
11.21 -0.01052286
11.22 0.002322002
11.23 0.009934265
11.24 0.01014337
11.25 0.006928331
11.26 0.003213494
11.27 0.002727977
11.28 0.002689219
11.29 -0.004592558
11.3 -0.01609918
11.31 -0.02325957
11.32 -0.02458557
11.33 -0.0158921
11.34 -0.0001239242
11.35 0.008836779
11.36 0.01175602
11.37 0.01311772
11.38 0.01057895
11.39 0.003203329
11.4 -0.001272428
11.41 -0.004612925
11.42 -0.008269622
11.43 -0.006628439
11.44 -0.0006451171
11.45 0.005277005
11.46 0.008102408
11.47 0.01075849
11.48 0.009822133
11.49 0.004189696
11.5 -0.003229781
11.51 -0.008223699
11.52 -0.008343036
11.53 -0.007302634
11.54 -0.004212031
11.55 -8.510826e-05
11.56 0.0007135543
11.57 0.0007125369
11.58 0.002163999
11.59 0.003189102
11.6 0.0008737045
11.61 -0.003620413
11.62 -0.00695887
11.63 -0.006889508
11.64 -0.004840325
11.65 -0.004638363
11.66 -0.006849721
11.67 -0.008590857
11.68 -0.004202815
11.69 0.0004075869
11.7 -0.00146207
11.71 -0.003576528
11.72 0.002945354
11.73 0.01203458
11.74 0.01518842
11.75 0.01337792
11.76 0.007865843
11.77 0.001452086
11.78 -0.005912311
11.79 -0.01001985
11.8 -0.01211594
11.81 -0.01162022
11.82 -0.005610382
11.83 0.00178258
11.84 0.005813624
11.85 0.006169605
11.86 0.003619607
11.87 -0.00119989
11.88 -0.002631968
11.89 -0.000374706
11.9 0.002491496
11.91 0.001635718
11.92 -0.0003716392
11.93 0.001169583
11.94 0.003355445
11.95 0.002002927
11.96 0.00114511
11.97 0.003256512
11.98 0.005152694
11.99 0.005099656
12 0.003431959
12.01 0.001997841
12.02 -0.0009315972
12.03 -0.001165176
12.04 0.001782627
12.05 0.006224729
12.06 0.01068519
12.07 0.01380129
12.08 0.01432965
12.09 0.01159605
12.1 0.0086095
12.11 0.004640682
12.12 0.003254504
12.13 0.004822246
12.14 0.005128247
12.15 0.00342689
12.16 0.002214112
12.17 0.004241873
12.18 0.007974055
12.19 0.01138494
12.2 0.01612794
12.21 0.01958982
12.22 0.01975302
12.23 0.01998354
12.24 0.02068326
12.25 0.01899517
12.26 0.01544252
12.27 0.01150022
12.28 0.01002632
12.29 0.0124019
12.3 0.01647578
12.31 0.0171449
12.32 0.01289048
12.33 0.007787425
12.34 0.002433446
12.35 -0.0009519311
12.36 -0.00162105
12.37 -0.003545787
12.38 -0.003882386
12.39 -0.001956623
12.4 0.000736178
12.41 0.001553199
12.42 -0.004596378
12.43 -0.01314194
12.44 -0.02486276
12.45 -0.0341264
12.46 -0.03585937
12.47 -0.03327366
12.48 -0.02606328
12.49 -0.01813686
12.5 -0.009359764
12.51 -0.004864622
12.52 -0.004583101
12.53 -0.007718579
12.54 -0.01540631
12.55 -0.02060525
12.56 -0.02053793
12.57 -0.01663643
12.58 -0.01362641
12.59 -0.009112908
12.6 -0.002445167
12.61 0.002267234
12.62 0.008191396
12.63 0.0173867
12.64 0.01920536
12.65 0.01245296
12.66 0.003276023
12.67 -0.005173656
12.68 -0.01329489
12.69 -0.01834593
12.7 -0.01781145
12.71 -0.01112637
12.72 -0.001436368
12.73 0.001111593
12.74 0.001269695
12.75 0.0006056761
12.76 -0.004111822
12.77 -0.01191992
12.78 -0.0178145
12.79 -0.02161706
12.8 -0.02666096
12.81 -0.03297679
12.82 -0.03777895
12.83 -0.03797377
12.84 -0.03362959
12.85 -0.02528497
12.86 -0.01353049
12.87 -6.444657e-05
12.88 0.01070472
12.89 0.01652178
12.9 0.0178743
12.91 0.01789266
12.92 0.0172419
12.93 0.01442364
12.94 0.01116169
12.95 0.01303645
12.96 0.01985821
12.97 0.02594149
12.98 0.03493279
12.99 0.04851103
13 0.05880283
13.01 0.06018901
13.02 0.05331932
13.03 0.04269907
13.04 0.02905555
13.05 0.01550893
13.06 0.007764079
13.07 0.003697339
13.08 -0.004551399
13.09 -0.01376098
13.1 -0.01556026
13.11 -0.007403314
13.12 0.0008882658
13.13 0.005913806
13.14 0.01492653
13.15 0.02351799
13.16 0.02646375
13.17 0.02984301
13.18 0.03982065
13.19 0.04900473
13.2 0.04882114
13.21 0.04484926
13.22 0.04641394
13.23 0.04647412
13.24 0.03851302
13.25 0.03022347
13.26 0.02436562
13.27 0.01447468
13.28 0.0009739637
13.29 -0.01012466
13.3 -0.0188783
13.31 -0.02655583
13.32 -0.03057055
13.33 -0.03149671
13.34 -0.03472705
13.35 -0.04124791
13.36 -0.04178952
13.37 -0.03903042
13.38 -0.04113774
13.39 -0.04674162
13.4 -0.05037793
13.41 -0.05322475
13.42 -0.05603994
13.43 -0.05798915
13.44 -0.05964768
13.45 -0.05738838
13.46 -0.05438142
13.47 -0.04910394
13.48 -0.04218629
13.49 -0.03484229
13.5 -0.02625899
13.51 -0.01319891
13.52 0.002862007
13.53 0.01524684
13.54 0.02388828
13.55 0.02687689
13.56 0.02540401
13.57 0.01997353
13.58 0.01379029
13.59 0.009424693
13.6 0.002299994
13.61 -0.007789845
13.62 -0.01808674
13.63 -0.02458109
13.64 -0.02605499
13.65 -0.02526754
13.66 -0.0202573
13.67 -0.01166686
13.68 -0.00535714
13.69 -0.002022759
13.7 0.004786761
13.71 0.01374848
13.72 0.02053557
13.73 0.02490116
13.74 0.0281468
13.75 0.0303092
13.76 0.0289373
13.77 0.02712783
13.78 0.02658519
13.79 0.02748789
13.8 0.02655153
13.81 0.02270817
13.82 0.01771118
13.83 0.01114341
13.84 0.0008444704
13.85 -0.01071009
13.86 -0.01841109
13.87 -0.01817445
13.88 -0.01370072
13.89 -0.008459966
13.9 -0.003178406
13.91 -0.0005539453
13.92 0.002125595
13.93 0.006610536
13.94 0.01672792
13.95 0.02493076
13.96 0.02903014
13.97 0.02976148
13.98 0.03098649
13.99 0.03454833
14 0.03125986
14.01 0.0240454
14.02 0.01747354
14.03 0.009936762
14.04 0.002581541
14.05 -0.0002948581
14.06 0.0003661023
14.07 -4.801719e-05
14.08 -0.003192676
14.09 -0.006301637
14.1 -0.007846936
14.11 -0.008218215
14.12 -0.009261675
14.13 -0.008799614
14.14 -0.003685334
14.15 0.0008536662
14.16 0.003122146
14.17 0.005888387
14.18 0.008305787
14.19 0.004013628
14.2 -0.003135552
14.21 -0.006318971
14.22 -0.00744709
14.23 -0.008450771
14.24 -0.00925249
14.25 -0.00651787
14.26 -0.00529795
14.27 -0.00886693
14.28 -0.01321723
14.29 -0.01969831
14.3 -0.02571835
14.31 -0.03189546
14.32 -0.03580513
14.33 -0.03484735
14.34 -0.03357337
14.35 -0.03616009
14.36 -0.0363294
14.37 -0.03093054
14.38 -0.02652721
14.39 -0.02631607
14.4 -0.02711677
14.41 -0.02186376
14.42 -0.0184437
14.43 -0.01812546
14.44 -0.01499509
14.45 -0.008633344
14.46 -0.003040685
14.47 -0.0004101045
14.48 0.001666616
14.49 0.005824136
14.5 0.01020605
14.51 0.01478483
14.52 0.02139546
14.53 0.02337936
14.54 0.0186282
14.55 0.01261326
14.56 0.009670556
14.57 0.009270717
14.58 0.009560397
14.59 0.01273872
14.6 0.0184089
14.61 0.02120063
14.62 0.01778873
14.63 0.008495518
14.64 0.0005792978
14.65 -0.004711442
14.66 -0.008760842
14.67 -0.01210134
14.68 -0.01467786
14.69 -0.01753896
14.7 -0.0201369
14.71 -0.01847022
14.72 -0.0144249
14.73 -0.01134552
14.74 -0.009759422
14.75 -0.009076021
14.76 -0.008798581
14.77 -0.007710241
14.78 -0.005773261
14.79 -0.001128182
14.8 0.005214178
14.81 0.008285399
14.82 0.007770298
14.83 0.005019358
14.84 0.001149478
14.85 -0.0005406617
14.86 0.0009872982
14.87 0.003427138
14.88 0.005186638
14.89 0.007919218
14.9 0.01247046
14.91 0.01689624
14.92 0.01995317
14.93 0.02170554
14.94 0.01983078
14.95 0.01313244
14.96 0.004479777
14.97 -0.005049063
14.98 -0.01347732
14.99 -0.0176583
15 -0.01706262
15.01 -0.01407607
15.02 -0.01012255
15.03 -0.004744083
15.04 0.0002018965
15.05 0.003647456
15.06 0.005593616
15.07 0.004942856
15.08 0.001647236
15.09 -0.003621064
15.1 -0.007935665
15.11 -0.007215545
15.12 -0.004342205
15.13 -0.000162245
15.14 0.006040375
15.15 0.01080581
15.16 0.01384949
15.17 0.01556411
15.18 0.01392396
15.19 0.01009488
15.2 0.009507354
15.21 0.009314573
15.22 0.008784174
15.23 0.0114576
15.24 0.01827731
15.25 0.02527961
15.26 0.02600687
15.27 0.02519393
15.28 0.02447994
15.29 0.02235017
15.3 0.01814369
15.31 0.01034069
15.32 0.00305279
15.33 -0.002663289
15.34 -0.00735733
15.35 -0.01002565
15.36 -0.01208299
15.37 -0.01521643
15.38 -0.01684027
15.39 -0.01547347
15.4 -0.01574887
15.41 -0.01821319
15.42 -0.02125483
15.43 -0.02162203
15.44 -0.01991047
15.45 -0.01555303
15.46 -0.007771454
15.47 0.0007465658
15.48 0.006859424
15.49 0.01133927
15.5 0.0176755
15.51 0.02281018
15.52 0.02425246
15.53 0.02188097
15.54 0.0176398
15.55 0.0107548
15.56 0.004647042
15.57 0.003152742
15.58 0.002566241
15.59 0.001154562
15.6 -0.002639839
15.61 -0.004496239
15.62 -0.00662396
15.63 -0.0120116
15.64 -0.01770932
15.65 -0.02219834
15.66 -0.02262573
15.67 -0.02244722
15.68 -0.02034806
15.69 -0.01463606
15.7 -0.005205143
15.71 0.004654176
15.72 0.01602718
15.73 0.02463496
15.74 0.02562843
15.75 0.02039583
15.76 0.01068033
15.77 0.0001814735
15.78 -0.007641927
15.79 -0.01081209
15.8 -0.01107627
15.81 -0.006065008
15.82 0.002107231
15.83 0.008831072
15.84 0.01310793
15.85 0.01283151
15.86 0.008801489
15.87 0.005778208
15.88 0.007130728
15.89 0.01323033
15.9 0.0208436
15.91 0.02836406
15.92 0.03322947
15.93 0.03508281
15.94 0.03489512
15.95 0.03221762
15.96 0.02716251
15.97 0.02151885
15.98 0.01794068
15.99 0.01450838
16 0.01011014
16.01 0.006269841
16.02 0.0006221007
16.03 -0.007477719
16.04 -0.01707592
16.05 -0.0238732
16.06 -0.02493706
16.07 -0.02184034
16.08 -0.02002882
16.09 -0.01645373
16.1 -0.01136494
16.11 -0.007350224
16.12 -0.004588065
16.13 -0.003788386
16.14 -0.001076206
16.15 -0.0006733067
16.16 -0.002144148
16.17 -0.000938508
16.18 0.004024811
16.19 0.01029985
16.2 0.01673605
16.21 0.02110165
16.22 0.02436769
16.23 0.02416165
16.24 0.0215127
16.25 0.01768057
16.26 0.01234699
16.27 0.006128046
16.28 -0.0004825746
16.29 -0.004588075
16.3 -0.004063795
16.31 -0.0004101566
16.32 0.005919963
16.33 0.01251732
16.34 0.01524888
16.35 0.01579662
16.36 0.01510506
16.37 0.01332822
16.38 0.009071759
16.39 0.004509298
16.4 0.0009392976
16.41 -0.000748803
16.42 0.0001844963
16.43 0.001605356
16.44 0.002159215
16.45 0.001720615
16.46 -0.001155786
16.47 -0.005983447
16.48 -0.004797188
16.49 0.001517631
16.5 0.006453411
16.51 0.00963683
16.52 0.00909011
16.53 0.005366088
16.54 0.002357088
16.55 0.002034768
16.56 0.004707167
16.57 0.004580686
16.58 0.0008566654
16.59 -0.005760075
16.6 -0.01052348
16.61 -0.0104123
16.62 -0.009692177
16.63 -0.009853338
16.64 -0.01252778
16.65 -0.0172412
16.66 -0.02280836
16.67 -0.02484122
16.68 -0.02308988
16.69 -0.0183887
16.7 -0.01377932
16.71 -0.01006755
16.72 -0.006932065
16.73 -0.005033845
16.74 -0.005992646
16.75 -0.01151085
16.76 -0.01784199
16.77 -0.02285222
16.78 -0.02664357
16.79 -0.02887329
16.8 -0.02919153
16.81 -0.02913441
16.82 -0.02912727
16.83 -0.02670579
16.84 -0.02149461
16.85 -0.0182449
16.86 -0.01742686
16.87 -0.01762575
16.88 -0.01785423
16.89 -0.01709638
16.9 -0.01480852
16.91 -0.01338766
16.92 -0.01378545
16.93 -0.01431892
16.94 -0.01334992
16.95 -0.01014406
16.96 -0.003712962
16.97 0.005795477
16.98 0.01244588
16.99 0.0143645
17 0.01447057
17.01 0.01200523
17.02 0.005233453
17.03 -0.003705827
17.04 -0.01199027
17.05 -0.01673633
17.06 -0.01802152
17.07 -0.01610291
17.08 -0.009819711
17.09 -0.0009477521
17.1 0.007167367
17.11 0.0134628
17.12 0.01649629
17.13 0.01849039
17.14 0.01976232
17.15 0.0193839
17.16 0.01694101
17.17 0.01342302
17.18 0.01159518
17.19 0.01348626
17.2 0.0181497
17.21 0.02028558
17.22 0.0183639
17.23 0.01395648
17.24 0.007699796
17.25 -1.854442e-05
17.26 -0.008633464
17.27 -0.01463004
17.28 -0.01823371
17.29 -0.01903135
17.3 -0.01512576
17.31 -0.01073773
17.32 -0.00749515
17.33 -0.00262771
17.34 0.004585729
17.35 0.009016609
17.36 0.008519867
17.37 0.005209966
17.38 0.0007780654
17.39 -0.004183215
17.4 -0.01089175
17.41 -0.01594993
17.42 -0.01512782
17.43 -0.01102946
17.44 -0.00907208
17.45 -0.0076553
17.46 -0.00324074
17.47 -3.998159e-05
17.48 0.001806218
17.49 0.004017577
17.5 0.009177756
17.51 0.0167176
17.52 0.02225415
17.53 0.02536821
17.54 0.02852919
17.55 0.03192478
17.56 0.03051717
17.57 0.02480925
17.58 0.01749993
17.59 0.01080056
17.6 0.007716088
17.61 0.007992507
17.62 0.008977827
17.63 0.008643266
17.64 0.006180985
17.65 0.002517144
17.66 -0.003291756
17.67 -0.01161292
17.68 -0.01884982
17.69 -0.02324805
17.7 -0.02653042
17.71 -0.02892742
17.72 -0.02664262
17.73 -0.021817
17.74 -0.02042572
17.75 -0.02160178
17.76 -0.02165278
17.77 -0.01894877
17.78 -0.01501973
17.79 -0.0134989
17.8 -0.01659358
17.81 -0.02271971
17.82 -0.02588375
17.83 -0.02640497
17.84 -0.02549717
17.85 -0.02293493
17.86 -0.01633451
17.87 -0.009595373
17.88 -0.004303613
17.89 0.002606885
17.9 0.009134885
17.91 0.01466022
17.92 0.01570572
17.93 0.0155517
17.94 0.01465513
17.95 0.01298232
17.96 0.01189602
17.97 0.01539054
17.98 0.02179206
17.99 0.02525495
18 0.0271338
18.01 0.02671968
18.02 0.02496527
18.03 0.01938587
18.04 0.01422672
18.05 0.008491255
18.06 0.002002013
18.07 0.000866752
18.08 0.005317011
18.09 0.01334441
18.1 0.01896257
18.11 0.02085977
18.12 0.02138405
18.13 0.02182162
18.14 0.02422577
18.15 0.02730719
18.16 0.02756219
18.17 0.02425228
18.18 0.01849744
18.19 0.01218773
18.2 0.005855563
18.21 0.003653382
18.22 0.004727441
18.23 0.00425416
18.24 0.003634
18.25 0.004333719
18.26 0.005502638
18.27 0.007689517
18.28 0.009253177
18.29 0.008266837
18.3 0.005366975
18.31 0.003246395
18.32 0.0004352737
18.33 -0.002762427
18.34 -0.004505608
18.35 -0.005169628
18.36 -0.007507469
18.37 -0.00747789
18.38 -0.00359271
18.39 0.001194149
18.4 0.005120128
18.41 0.006614427
18.42 0.005990186
18.43 0.003061766
18.44 0.001767386
18.45 0.0003506046
18.46 -0.002608416
18.47 -0.008063376
18.48 -0.01348366
18.49 -0.01516359
18.5 -0.01377232
18.51 -0.01104994
18.52 -0.01155484
18.53 -0.01527376
18.54 -0.02083888
18.55 -0.0259654
18.56 -0.02751274
18.57 -0.02610208
18.58 -0.02156309
18.59 -0.01715668
18.6 -0.01220662
18.61 -0.007970566
18.62 -0.006950567
18.63 -0.006810828
18.64 -0.005731668
18.65 -0.005699029
18.66 -0.007592149
18.67 -0.008395911
18.68 -0.007838991
18.69 -0.00740651
18.7 -0.008730472
18.71 -0.008100113
18.72 -0.004105793
18.73 -0.0006173941
18.74 -0.0002083747
18.75 0.0007188046
18.76 0.000512764
18.77 -0.006226377
18.78 -0.01478724
18.79 -0.02255046
18.8 -0.02871635
18.81 -0.03165396
18.82 -0.03022596
18.83 -0.02426406
18.84 -0.0154278
18.85 -0.008305142
18.86 -0.002962382
18.87 0.0006677972
18.88 0.0005963966
18.89 -0.000721444
18.9 -0.003133745
18.91 -0.002892005
18.92 -0.001187586
18.93 0.004055214
18.94 0.01148387
18.95 0.02115347
18.96 0.03017436
18.97 0.03413093
18.98 0.03453587
18.99 0.03071189
19 0.02529875
19.01 0.01969895
19.02 0.01420217
19.03 0.008813508
19.04 0.006896928
19.05 0.005636206
19.06 0.006680686
19.07 0.006103365
19.08 0.003248385
19.09 0.0002965046
19.1 -0.001329376
19.11 -0.001728196
19.12 -0.001789397
19.13 0.001887703
19.14 0.006701081
19.15 0.01051282
19.16 0.01070662
19.17 0.008201501
19.18 0.00563824
19.19 0.004540719
19.2 0.002890359
19.21 0.0009533782
19.22 -0.001639462
19.23 -0.006905722
19.24 -0.01074398
19.25 -0.01095818
19.26 -0.009015085
19.27 -0.0104339
19.28 -0.0146618
19.29 -0.01759022
19.3 -0.01970469
19.31 -0.02084199
19.32 -0.02031057
19.33 -0.01910084
19.34 -0.01946499
19.35 -0.01985259
19.36 -0.01813491
19.37 -0.01624179
19.38 -0.01407633
19.39 -0.01135395
19.4 -0.008932471
19.41 -0.007442251
19.42 -0.007148491
19.43 -0.007846172
19.44 -0.01010547
19.45 -0.01279725
19.46 -0.01431297
19.47 -0.01434052
19.48 -0.0110704
19.49 -0.003609094
19.5 0.004463185
19.51 0.01110747
19.52 0.0158474
19.53 0.0166481
19.54 0.01549754
19.55 0.01476213
19.56 0.0150875
19.57 0.01569746
19.58 0.0152201
19.59 0.0151691
19.6 0.01272213
19.61 0.0070193
19.62 -0.0003603998
19.63 -0.00641206
19.64 -0.009059981
19.65 -0.0079084
19.66 -0.003659082
19.67 -0.0008816218
19.68 0.0007605779
19.69 0.001698978
19.7 0.0007371172
19.71 -0.001819003
19.72 -0.005558323
19.73 -0.006010184
19.74 -0.002476904
19.75 0.001760175
19.76 0.007663935
19.77 0.01258238
19.78 0.01315562
19.79 0.01045975
19.8 0.005993174
19.81 0.002130434
19.82 -0.001160086
19.83 -0.006935326
19.84 -0.01275953
19.85 -0.01690889
19.86 -0.01810025
19.87 -0.01617347
19.88 -0.013447
19.89 -0.00960059
19.9 -0.00497387
19.91 -0.0008581691
19.92 0.00158065
19.93 0.00297907
19.94 0.00290257
19.95 0.00214573
19.96 0.003797109
19.97 0.008457489
19.98 0.01444489
19.99 0.0189594
20 0.01909609
20.01 0.01571173
20.02 0.01219171
20.03 0.008004609
20.04 0.003815468
20.05 0.002226308
20.06 0.003011708
20.07 0.003236107
20.08 0.002760787
20.09 0.004941547
20.1 0.01036794
20.11 0.01526496
20.12 0.01571581
20.13 0.01449589
20.14 0.01435513
20.15 0.01160928
20.16 0.007600685
20.17 0.004947665
20.18 0.004530485
20.19 0.005130245
20.2 0.005979904
20.21 0.007337525
20.22 0.006489905
20.23 0.006422584
20.24 0.008873644
20.25 0.01075555
20.26 0.0111258
20.27 0.01106868
20.28 0.01096668
20.29 0.009999728
20.3 0.01093609
20.31 0.01434696
20.32 0.01681332
20.33 0.017919
20.34 0.01777416
20.35 0.01627477
20.36 0.01344733
20.37 0.007709823
20.38 0.001011483
20.39 -0.004329236
20.4 -0.008900877
20.41 -0.01297679
20.42 -0.01657229
20.43 -0.01967106
20.44 -0.01942422
20.45 -0.01588788
20.46 -0.01116834
20.47 -0.008299077
20.48 -0.008798878
20.49 -0.01177524
20.5 -0.01534014
20.51 -0.01611024
20.52 -0.01468734
20.53 -0.01007489
20.54 -0.002813517
20.55 0.004174502
20.56 0.009750842
20.57 0.01210398
20.58 0.01106358
20.59 0.005847303
20.6 -0.001602777
20.61 -0.004821898
20.62 -0.001944477
20.63 0.002552702
20.64 0.005150643
20.65 0.007251842
20.66 0.008544183
20.67 0.009864063
20.68 0.01164294
20.69 0.01389714
20.7 0.01653384
20.71 0.01858302
20.72 0.01797103
20.73 0.01489675
20.74 0.009866105
20.75 0.003293223
20.76 -0.003665216
20.77 -0.009120177
20.78 -0.01044515
20.79 -0.009286437
20.8 -0.008732575
20.81 -0.006623216
20.82 -0.001808815
20.83 0.001938664
20.84 0.006566404
20.85 0.01136449
20.86 0.01647979
20.87 0.01884007
20.88 0.01873194
20.89 0.01818726
20.9 0.01528842
20.91 0.01145527
20.92 0.007626186
20.93 0.007268166
20.94 0.009145987
20.95 0.01049442
20.96 0.01111152
20.97 0.01067598
20.98 0.01010683
20.99 0.009196989
21 0.007436467
21.01 0.006261428
21.02 0.004896668
21.03 0.003504368
21.04 0.001735688
21.05 0.002294649
21.06 0.005457669
21.07 0.00887773
21.08 0.01092589
21.09 0.009164351
21.1 0.00736609
21.11 0.00456007
21.12 0.0007279306
21.13 -0.003990589
21.14 -0.009084469
21.15 -0.01179869
21.16 -0.01443845
21.17 -0.01575628
21.18 -0.01556758
21.19 -0.01387133
21.2 -0.01398557
21.21 -0.01543601
21.22 -0.01319099
21.23 -0.01055735
21.24 -0.009806625
21.25 -0.01044616
21.26 -0.0111775
21.27 -0.01217608
21.28 -0.01444763
21.29 -0.01455167
21.3 -0.01178135
21.31 -0.009845384
21.32 -0.01015852
21.33 -0.01100206
21.34 -0.01132846
21.35 -0.01281052
21.36 -0.0152269
21.37 -0.0187459
21.38 -0.02154988
21.39 -0.02301868
21.4 -0.02255254
21.41 -0.01775854
21.42 -0.0107185
21.43 -0.004671938
21.44 -0.0003777379
21.45 0.002386462
21.46 0.003799163
21.47 0.004220423
21.48 0.005621904
21.49 0.006174744
21.5 0.005192484
21.51 0.002163085
21.52 -0.0004175142
21.53 -0.001282473
21.54 -0.001387533
21.55 -0.002039312
21.56 -0.003126632
21.57 -0.005394092
21.58 -0.01010139
21.59 -0.01387947
21.6 -0.01618977
21.61 -0.01554615
21.62 -0.01618977
21.63 -0.01466487
21.64 -0.01111425
21.65 -0.006451828
21.66 -0.002956287
21.67 -0.002869586
21.68 -0.003929366
21.69 -0.004410805
21.7 -0.002103565
21.71 3.639585e-05
21.72 0.001277737
21.73 0.002211037
21.74 0.001894837
21.75 0.0007677382
21.76 -0.0008020413
21.77 -0.00205562
21.78 -0.00515642
21.79 -0.00875702
21.8 -0.008402059
21.81 -0.007343298
21.82 -0.003192918
21.83 0.002460943
21.84 0.009896744
21.85 0.01596574
21.86 0.02040172
21.87 0.0224815
21.88 0.01931644
21.89 0.0150967
21.9 0.01340759
21.91 0.01395431
21.92 0.01425113
21.93 0.01342493
21.94 0.01209077
21.95 0.01009871
21.96 0.009941633
21.97 0.01008342
21.98 0.008138274
21.99 0.006960174
22 0.007653774
22.01 0.007961815
22.02 0.006244136
22.03 0.002583357
22.04 -0.0006928823
22.05 -0.003634561
22.06 -0.006770041
22.07 -0.007993019
22.08 -0.005869379
22.09 -0.004993198
22.1 -0.009336359
22.11 -0.01444758
22.12 -0.01946087
22.13 -0.02211899
22.14 -0.02318183
22.15 -0.02185991
22.16 -0.02041457
22.17 -0.01907735
22.18 -0.01566953
22.19 -0.01097039
22.2 -0.007919569
22.21 -0.009922849
22.22 -0.01416809
22.23 -0.01882235
22.24 -0.02215673
22.25 -0.02314103
22.26 -0.02383055
22.27 -0.02415287
22.28 -0.02241275
22.29 -0.01869484
22.3 -0.0137764
22.31 -0.008893661
22.32 -0.004146579
22.33 -0.0003511586
22.34 0.002008102
22.35 0.003741083
22.36 0.004851863
22.37 0.006422665
22.38 0.005807606
22.39 0.004959987
22.4 0.005709687
22.41 0.006746008
22.42 0.007103009
22.43 0.007152991
22.44 0.008729911
22.45 0.01080561
22.46 0.01241925
22.47 0.01201738
22.48 0.01193986
22.49 0.01186744
22.5 0.01037722
22.51 0.009528578
22.52 0.00944392
22.53 0.00777928
22.54 0.007423302
22.55 0.009502063
22.56 0.01227443
22.57 0.01495601
22.58 0.01707149
22.59 0.01895747
22.6 0.01734281
22.61 0.01343213
22.62 0.009357229
22.63 0.00463769
22.64 0.001206411
22.65 -0.0007060875
22.66 -0.001126326
22.67 -0.0008009454
22.68 -0.0006918044
22.69 -0.0001675233
22.7 0.0004159177
22.71 0.0006107388
22.72 0.00291186
22.73 0.005230321
22.74 0.005013062
22.75 0.003443283
22.76 -0.0002042357
22.77 -0.001634274
22.78 -0.0004908535
22.79 0.0007423276
22.8 0.002111169
22.81 0.00339025
22.82 0.003586091
22.83 0.001201332
22.84 -0.001216067
22.85 -0.004754446
22.86 -0.008937464
22.87 -0.01118962
22.88 -0.01071838
22.89 -0.008752842
22.9 -0.00606106
22.91 -0.002630799
22.92 0.0005546626
22.93 0.003119964
22.94 0.002467165
22.95 0.0006026062
22.96 -0.001512873
22.97 -0.002617532
22.98 -0.002550211
22.99 -0.0008039689
23 0.002680352
23.01 0.006816453
23.02 0.009308314
23.03 0.0100621
23.04 0.009976417
23.05 0.008444378
23.06 0.006647139
23.07 0.003706481
23.08 0.003163842
23.09 0.003215863
23.1 0.002039805
23.11 0.001505326
23.12 0.002779307
23.13 0.004053288
23.14 0.00604229
23.15 0.009081892
23.16 0.01177265
23.17 0.01380143
23.18 0.01569149
23.19 0.01813949
23.2 0.01914419
23.21 0.01742856
23.22 0.0134883
23.23 0.009687781
23.24 0.007492742
23.25 0.007093924
23.26 0.008294465
23.27 0.01049461
23.28 0.01108927
23.29 0.009448091
23.3 0.009261432
23.31 0.01014169
23.32 0.01008763
23.33 0.01025287
23.34 0.01176248
23.35 0.01381166
23.36 0.01334348
23.37 0.0113504
23.38 0.009236962
23.39 0.006894023
23.4 0.004233865
23.41 0.001766486
23.42 -0.002598092
23.43 -0.00757059
23.44 -0.01008999
23.45 -0.01038884
23.46 -0.009741147
23.47 -0.007264585
23.48 -0.003905724
23.49 -0.003509962
23.5 -0.00528272
23.51 -0.006982039
23.52 -0.008043857
23.53 -0.006657677
23.54 -0.004937955
23.55 -0.003962833
23.56 -0.003912852
23.57 -0.00571723
23.58 -0.006995289
23.59 -0.009272947
23.6 -0.01031742
23.61 -0.01025316
23.62 -0.008544664
23.63 -0.005063401
23.64 -0.00268782
23.65 -0.0009109785
23.66 -0.000506037
23.67 -0.0005784555
23.68 -0.000544794
23.69 -0.001030313
23.7 -0.002933631
23.71 -0.004744129
23.72 -0.005245967
23.73 -0.004307566
23.74 -0.003588465
23.75 -0.004797163
23.76 -0.008860841
23.77 -0.01435966
23.78 -0.01872322
23.79 -0.02174446
23.8 -0.02141194
23.81 -0.01858143
23.82 -0.01458201
23.83 -0.009081151
23.84 -0.003273269
23.85 0.001303473
23.86 0.004109494
23.87 0.005250876
23.88 0.006850238
23.89 0.007939598
23.9 0.008421041
23.91 0.009295182
23.92 0.008420024
23.93 0.005353905
23.94 0.002800847
23.95 0.002279629
23.96 0.003056871
23.97 0.003400612
23.98 0.004005474
23.99 0.006326996
24 0.008424117
24.01 0.0092493
24.02 0.008715841
24.03 0.007491842
24.04 0.005514064
24.05 0.001910406
24.06 -0.001842172
24.07 -0.00486137
24.08 -0.006431149
24.09 -0.004428887
24.1 -0.001806466
24.11 0.0008496156
24.12 0.003567918
24.13 0.003519979
24.14 0.003252741
24.15 0.001795163
24.16 -0.0008496957
24.17 -0.003933154
24.18 -0.007768352
24.19 -0.01003173
24.2 -0.01199931
24.21 -0.01378635
24.22 -0.01468701
24.23 -0.01398729
24.24 -0.01086915
24.25 -0.00607208
24.26 -0.0006793384
24.27 0.003109963
24.28 0.003263985
24.29 -3.979309e-05
24.3 -0.00511939
24.31 -0.00922693
24.32 -0.01139443
24.33 -0.01220329
24.34 -0.01122102
24.35 -0.01079364
24.36 -0.008449681
24.37 -0.003786239
24.38 -0.000192777
24.39 0.002458204
24.4 0.002707086
24.41 0.0002366484
24.42 -0.00354245
24.43 -0.007955988
24.44 -0.01087522
24.45 -0.01120876
24.46 -0.008826043
24.47 -0.004797041
24.48 -0.001038338
24.49 0.001182203
24.5 0.001594285
24.51 0.0002489067
24.52 -0.003064051
24.53 -0.008524109
24.54 -0.01377201
24.55 -0.01727469
24.56 -0.01843341
24.57 -0.02000319
24.58 -0.01966352
24.59 -0.01794175
24.6 -0.01688911
24.61 -0.01553659
24.62 -0.01250923
24.63 -0.009551231
24.64 -0.007164429
24.65 -0.003792307
24.66 -0.002747825
24.67 -0.001926723
24.68 -0.002326562
24.69 -0.002464259
24.7 -0.001851238
24.71 -0.0006588558
24.72 0.001307706
24.73 0.005510108
24.74 0.00930247
24.75 0.01016233
24.76 0.008078474
24.77 0.005953815
24.78 0.006174138
24.79 0.006241459
24.8 0.005281642
24.81 0.004351403
24.82 0.002224706
24.83 -0.0003150927
24.84 -0.0002049308
24.85 0.0004305312
24.86 0.0006355531
24.87 -7.742495e-05
24.88 -0.001628843
24.89 -0.005067261
24.9 -0.00827516
24.91 -0.01137086
24.92 -0.01324052
24.93 -0.01310587
24.94 -0.01264177
24.95 -0.01073845
24.96 -0.006550327
24.97 -0.001532945
24.98 0.001662716
24.99 0.0009956388
25 -0.00278142
25.01 -0.005191677
25.02 -0.006759415
25.03 -0.005753693
25.04 -0.003330171
25.05 -0.0006822494
25.06 0.002631732
25.07 0.006671955
25.08 0.0116567
25.09 0.01667408
25.1 0.02048072
25.11 0.02271249
25.12 0.02289609
25.13 0.02185569
25.14 0.02061945
25.15 0.02058171
25.16 0.02024715
25.17 0.0193924
25.18 0.0198259
25.19 0.02008192
25.2 0.02002378
25.21 0.02064598
25.22 0.02114578
25.23 0.02080205
25.24 0.01770737
25.25 0.01378445
25.26 0.01081217
25.27 0.007321735
25.28 0.004888017
25.29 0.004301519
25.3 0.004686061
25.31 0.005354164
25.32 0.005476565
25.33 0.005360287
25.34 0.005525529
25.35 0.004675872
25.36 0.003257053
25.37 0.002450235
25.38 0.001190538
25.39 -0.0004945002
25.4 -0.002111198
25.41 -0.004018596
25.42 -0.004408234
25.43 -0.003674852
25.44 -0.00142881
25.45 0.0007397123
25.46 0.001069175
25.47 0.001307856
25.48 0.0005397985
25.49 0.0006724006
25.5 0.002161603
25.51 0.004328085
25.52 0.005504147
25.53 0.007145329
25.54 0.008529471
25.55 0.009472974
25.56 0.01017066
25.57 0.009296518
25.58 0.00929142
25.59 0.007671661
25.6 0.007055584
25.61 0.005523546
25.62 0.004191428
25.63 0.00474631
25.64 0.005303231
25.65 0.006023354
25.66 0.007122916
25.67 0.009144558
25.68 0.01090304
25.69 0.01131512
25.7 0.009366924
25.71 0.007117827
25.72 0.004723889
25.73 0.003156151
25.74 0.001350753
25.75 0.0006428754
25.76 -0.0001078425
25.77 -0.0004281204
25.78 -0.0005372583
25.79 4.363881e-06
25.8 0.000301186
25.81 -0.0005872318
25.82 -0.0008503897
25.83 -0.002284507
25.84 -0.003972605
25.85 -0.006728643
25.86 -0.008491201
25.87 -0.0091644
25.88 -0.009622378
25.89 -0.009887575
25.9 -0.01032413
25.91 -0.01227335
25.92 -0.01400632
25.93 -0.0151477
25.94 -0.01442452
25.95 -0.01410628
25.96 -0.01388698
25.97 -0.01336575
25.98 -0.01336371
25.99 -0.01185003
26 -0.00898689
26.01 -0.005855488
26.02 -0.003064766
26.03 -0.002293644
26.04 -0.002300782
26.05 -0.00133994
26.06 -0.002005998
26.07 -0.002610856
26.08 -0.003325874
26.09 -0.003369732
26.1 -0.00384709
26.11 -0.005295487
26.12 -0.007980125
26.13 -0.009964024
26.14 -0.0119418
26.15 -0.0131607
26.16 -0.01030367
26.17 -0.006500095
26.18 -0.001925393
26.19 0.00195673
26.2 0.004140552
26.21 0.004424114
26.22 0.002188276
26.23 -0.0004606617
26.24 -0.00259042
26.25 -0.002783197
26.26 -0.001673435
26.27 0.0008939069
26.28 0.003326609
26.29 0.005028991
26.3 0.005532873
26.31 0.004801536
26.32 0.004338458
26.33 0.00464446
26.34 0.005375802
26.35 0.005442104
26.36 0.005384987
26.37 0.005455369
26.38 0.00535439
26.39 0.005602252
26.4 0.006360114
26.41 0.006417237
26.42 0.006265259
26.43 0.004854601
26.44 0.003829503
26.45 0.002707506
26.46 0.001278488
26.47 0.0005777501
26.48 0.001025532
26.49 0.001846634
26.5 0.001811957
26.51 0.001351939
26.52 0.0004920808
26.53 0.0006134629
26.54 0.0004115051
26.55 0.001195887
26.56 0.002003729
26.57 0.003409291
26.58 0.003820354
26.59 0.003428676
26.6 0.003246098
26.61 0.0002840202
26.62 -0.002498537
26.63 -0.004391655
26.64 -0.006095054
26.65 -0.007337411
26.66 -0.007218069
26.67 -0.007851487
26.68 -0.008876584
26.69 -0.009980222
26.7 -0.01131846
26.71 -0.01095942
26.72 -0.009273356
26.73 -0.006525474
26.74 -0.004213132
26.75 -0.003321649
26.76 -0.004064207
26.77 -0.006643785
26.78 -0.009151963
26.79 -0.01058302
26.8 -0.01099714
26.81 -0.01232926
26.82 -0.0116938
26.83 -0.01136331
26.84 -0.01062993
26.85 -0.008444068
26.86 -0.005911406
26.87 -0.002309785
26.88 4.233792e-05
26.89 0.0008236601
26.9 0.0008889422
26.91 -0.0001279957
26.92 -0.0005023336
26.93 -0.0004411315
26.94 -0.0003595293
26.95 0.001192913
26.96 0.003384894
26.97 0.006154197
26.98 0.007952459
26.99 0.009284582
27 0.007850462
27.01 0.004924085
27.02 0.002716808
27.03 0.0006921096
27.04 -0.0005094483
27.05 -0.0003982661
27.06 -0.0005492241
27.07 0.000266778
27.08 0.00223436
27.09 0.004220302
27.1 0.005967564
27.11 0.007160966
27.12 0.008421689
27.13 0.008117731
27.14 0.007384352
27.15 0.007334374
27.16 0.007354777
27.17 0.007341519
27.18 0.007341521
27.19 0.007447603
27.2 0.008528806
27.21 0.008700167
27.22 0.008198329
27.23 0.008468632
27.24 0.007029413
27.25 0.004400874
27.26 0.001668298
27.27 -0.00132948
27.28 -0.002772779
27.29 -0.003176696
27.3 -0.002737074
27.31 -0.0006389322
27.32 0.00108283
27.33 0.002222172
27.34 0.004118354
27.35 0.004416196
27.36 0.003960258
27.37 0.00239762
27.38 4.448212e-05
27.39 -0.001894536
27.4 -0.003543874
27.41 -0.002799271
27.42 -0.00168441
27.43 0.0002658322
27.44 0.002651614
27.45 0.004159176
27.46 0.004910919
27.47 0.00623692
27.48 0.007343622
27.49 0.007337504
27.5 0.007213066
27.51 0.006120649
27.52 0.00358697
27.53 0.0001944523
27.54 -0.003397985
27.55 -0.006836404
27.56 -0.009056941
27.57 -0.01046454
27.58 -0.01116528
27.59 -0.01125095
27.6 -0.01119077
27.61 -0.01126319
27.62 -0.01106429
27.63 -0.01023604
27.64 -0.01028704
27.65 -0.0101881
27.66 -0.01035539
27.67 -0.009496541
27.68 -0.007603417
27.69 -0.005493036
27.7 -0.004445494
27.71 -0.003764132
27.72 -0.00350913
27.73 -0.004426108
27.74 -0.004296566
27.75 -0.002698225
27.76 -0.001269202
27.77 -0.0004052606
27.78 0.0006269813
27.79 0.001558243
27.8 0.002998486
27.81 0.003539087
27.82 0.002690449
27.83 0.0006259708
27.84 -0.0004032071
27.85 0.0005188748
27.86 0.0008279366
27.87 0.0007453185
27.88 0.001806121
27.89 0.001667402
27.9 0.002973004
27.91 0.003486066
27.92 0.003376927
27.93 0.00334531
27.94 0.004120511
27.95 0.005948354
27.96 0.007014255
27.97 0.006740897
27.98 0.006258439
27.99 0.00618602
28 0.005384303
28.01 0.004728444
28.02 0.004839626
28.03 0.005611768
28.04 0.00637167
28.05 0.007452872
28.06 0.008403514
28.07 0.008725836
28.08 0.007541617
28.09 0.007219299
28.1 0.005445521
28.11 0.002636443
28.12 0.0006841646
28.13 -0.001153873
28.14 -0.002074932
28.15 -0.003255069
28.16 -0.004660628
28.17 -0.005331787
28.18 -0.005889724
28.19 -0.005450103
28.2 -0.005433781
28.21 -0.005339939
28.22 -0.006120238
28.23 -0.008138816
28.24 -0.009558654
28.25 -0.009683093
28.26 -0.00921695
28.27 -0.009427069
28.28 -0.008304047
28.29 -0.007446225
28.3 -0.003956804
28.31 -0.0005673421
28.32 0.0017501
28.33 0.003305601
28.34 0.003410663
28.35 0.002781325
28.36 0.001757246
28.37 0.001181968
28.38 0.0004618497
28.39 0.0009045314
28.4 0.002262153
28.41 0.003868655
28.42 0.005146716
28.43 0.006865418
28.44 0.007378479
28.45 0.007045961
28.46 0.005809722
28.47 0.004474544
28.48 0.002638546
28.49 0.001215648
28.5 0.001796029
28.51 0.003367851
28.52 0.004947833
28.53 0.005753634
28.54 0.005397655
28.55 0.005123278
28.56 0.004186919
28.57 0.00333318
28.58 0.003333183
28.59 0.003460684
28.6 0.004423565
28.61 0.005968867
28.62 0.007500908
28.63 0.00813025
28.64 0.008255712
28.65 0.008193493
28.66 0.007701854
28.67 0.006920536
28.68 0.006409518
28.69 0.005485399
28.7 0.003693261
28.71 0.002723243
28.72 0.001693044
28.73 0.001325845
28.74 0.000889287
28.75 -0.0004632316
28.76 -0.00168519
28.77 -0.003181529
28.78 -0.005458167
28.79 -0.007488985
28.8 -0.007324764
28.81 -0.007559363
28.82 -0.006642382
28.83 -0.004894099
28.84 -0.004241298
28.85 -0.003630317
28.86 -0.002908156
28.87 -0.001978934
28.88 -0.0008620328
28.89 -0.001128251
28.9 -0.00223699
28.91 -0.002642948
28.92 -0.002352247
28.93 -0.001629066
28.94 -0.001525025
28.95 -0.001774923
28.96 -0.002421601
28.97 -0.00141996
28.98 -0.0006386389
28.99 -0.0005743776
29 -0.001174137
29.01 -0.002214534
29.02 -0.003223313
29.03 -0.003448732
29.04 -0.003046851
29.05 -0.00389753
29.06 -0.004333068
29.07 -0.005238827
29.08 -0.005440785
29.09 -0.005833484
29.1 -0.007517503
29.11 -0.009144402
29.12 -0.01062952
29.13 -0.01126905
29.14 -0.01196572
29.15 -0.01244206
29.16 -0.01216972
29.17 -0.01084372
29.18 -0.01014807
29.19 -0.008873072
29.2 -0.00600993
29.21 -0.003842429
29.22 -0.001239388
29.23 0.001180053
29.24 0.001964434
29.25 0.001434035
29.26 -0.0002091835
29.27 -0.001347503
29.28 -0.001115962
29.29 0.00014374
29.3 0.002028701
29.31 0.004040142
29.32 0.005305963
29.33 0.004996904
29.34 0.004191106
29.35 0.002919167
29.36 0.0004385279
29.37 -0.001090451
29.38 -0.00163411
29.39 -0.002206329
29.4 -0.002797928
29.41 -0.004120867
29.42 -0.004795086
29.43 -0.005523365
29.44 -0.005398924
29.45 -0.004559463
29.46 -0.004490102
29.47 -0.003369121
29.48 -0.00273162
29.49 -0.002353199
29.5 -0.002310358
29.51 -0.002601057
29.52 -0.003251816
29.53 -0.003090655
29.54 -0.002404194
29.55 -0.001095533
29.56 -0.0006038915
29.57 -0.0006436705
29.58 -0.00131177
29.59 -0.001500469
29.6 -0.001793208
29.61 -0.002889707
29.62 -0.002340946
29.63 -0.001250565
29.64 -0.0001775241
29.65 0.0007129368
29.66 0.001243338
29.67 0.001352479
29.68 0.00246224
29.69 0.003116061
29.7 0.003747442
29.71 0.003154822
29.72 0.003618922
29.73 0.004105463
29.74 0.004016724
29.75 0.004290085
29.76 0.003603626
29.77 0.002953887
29.78 0.002338828
29.79 0.002000188
29.8 0.001763549
29.81 0.00125457
29.82 0.001448371
29.83 0.002130752
29.84 0.002974293
29.85 0.004366593
29.86 0.005752774
29.87 0.008022274
29.88 0.008369076
29.89 0.006729936
29.9 0.004556317
29.91 0.002748877
29.92 0.001261718
29.93 -0.0004212812
29.94 -0.0005885605
29.95 0.00077722
29.96 0.00204508
29.97 0.003793361
29.98 0.004278882
29.99 0.003554682
30 0.002979403
30.01 0.002251124
30.02 0.001684005
30.03 0.0009210451
30.04 0.0009179856
30.05 0.001289266
30.06 0.001181147
30.07 0.001396367
30.08 0.002198088
30.09 0.002211349
30.1 0.001690129
30.11 0.0008190495
30.12 -0.00075991
30.13 -0.00241639
30.14 -0.004325829
30.15 -0.004651208
30.16 -0.004663448
30.17 -0.004464547
30.18 -0.003699547
30.19 -0.002717287
30.2 -0.001755426
30.21 -0.0007425657
30.22 -0.0002417453
30.23 0.001097515
30.24 0.002617315
30.25 0.002317436
30.26 0.002062437
30.27 0.002882517
30.28 0.003023277
30.29 0.002230737
30.3 0.002007358
30.31 0.001358638
30.32 0.002222579
30.33 0.002097118
30.34 0.002536739
30.35 0.00358632
30.36 0.00294882
30.37 0.00391476
30.38 0.0039168
30.39 0.003804601
30.4 0.004053481
30.41 0.003129362
30.42 0.002678521
30.43 0.001431062
30.44 0.001244402
30.45 0.001101603
30.46 0.001950242
30.47 0.003771962
30.48 0.004723623
30.49 0.005768102
30.5 0.005632443
30.51 0.004224843
30.52 0.003142624
30.53 0.003170164
30.54 0.002713203
30.55 0.003069184
30.56 0.003154864
30.57 0.003693424
30.58 0.004264624
30.59 0.004010644
30.6 0.004243205
30.61 0.003891304
30.62 0.003131404
30.63 0.001405565
30.64 -0.0003865752
30.65 -0.0008598553
30.66 -0.0006701352
30.67 -0.0008669952
30.68 -0.0005222351
30.69 0.0001132249
30.7 0.0008241648
30.71 0.001782965
30.72 0.002436785
30.73 0.002928425
30.74 0.002199125
30.75 0.002162404
30.76 0.001674845
30.77 0.0003345645
30.78 -0.0008771955
30.79 -0.002331716
30.8 -0.002787655
30.81 -0.002672396
30.82 -0.002771336
30.83 -0.002132816
30.84 -0.001619757
30.85 -0.001868636
30.86 -0.001053656
30.87 -0.001288257
30.88 -0.002381697
30.89 -0.002969217
30.9 -0.002968198
30.91 -0.001481038
30.92 -0.0008455777
30.93 -0.000720118
30.94 -0.0007802982
30.95 -0.001276018
30.96 -0.002427599
30.97 -0.003292559
30.98 -0.003429239
30.99 -0.00371688
31 -0.00357102
31.01 -0.003459841
31.02 -0.00332928
31.03 -0.00390252
31.04 -0.004727701
31.05 -0.006783001
31.06 -0.007945801
31.07 -0.008441522
31.08 -0.008681222
31.09 -0.008444583
31.1 -0.009244263
31.11 -0.009558423
31.12 -0.009586984
31.13 -0.009382984
31.14 -0.008494565
31.15 -0.007294025
31.16 -0.005533505
31.17 -0.004618567
31.18 -0.005281567
31.19 -0.005703848
31.2 -0.005636528
31.21 -0.005124488
31.22 -0.003894369
31.23 -0.001542249
31.24 -0.0004365701
31.25 9.994937e-05
31.26 0.0003172087
31.27 -0.0004202518
31.28 -0.0004233124
31.29 -0.0004651329
31.3 0.0001060664
31.31 0.0008292458
31.32 0.001365766
31.33 0.002710124
31.34 0.003776024
31.35 0.004741962
31.36 0.005687503
31.37 0.006744222
31.38 0.007159361
31.39 0.008388461
31.4 0.00935848
31.41 0.00893518
31.42 0.008902539
31.43 0.008016157
31.44 0.007432717
31.45 0.005167296
31.46 0.003795395
31.47 0.003276215
31.48 0.002108314
31.49 0.002769273
31.5 0.003349652
31.51 0.004641992
31.52 0.00576195
31.53 0.00668913
31.54 0.007146088
31.55 0.007412307
31.56 0.007226667
31.57 0.006935966
31.58 0.007183825
31.59 0.006918625
31.6 0.007260323
31.61 0.006178103
31.62 0.005197881
31.63 0.004344141
31.64 0.003008959
31.65 0.001520779
31.66 -0.0005559423
31.67 -0.001945183
31.68 -0.002497005
31.69 -0.002146125
31.7 -0.001859507
31.71 -0.001083287
31.72 -0.0006773284
31.73 -0.0007783094
31.74 -0.0006967104
31.75 -0.001277091
31.76 -0.002434793
31.77 -0.002145113
31.78 -0.001509655
31.79 -0.000105116
31.8 0.002022603
31.81 0.003877981
31.82 0.005390641
31.83 0.005902679
31.84 0.005002018
31.85 0.004152357
31.86 0.003645415
31.87 0.002450995
31.88 0.002205173
31.89 0.002159272
31.9 0.002738631
31.91 0.00437165
31.92 0.005882268
31.93 0.006079125
31.94 0.006171946
31.95 0.005901643
31.96 0.005213143
31.97 0.004828602
31.98 0.003067061
31.99 0.002059299
32 0.001258598
32.01 0.0006904566
32.02 -1.028479e-05
32.03 -0.0006467662
32.04 -0.0007701876
32.05 -0.0005743488
32.06 0.0008077497
32.07 0.001467688
32.08 0.002194947
32.09 0.002077645
32.1 0.001536024
32.11 0.0002130823
32.12 -0.0007467391
32.13 -0.001093541
32.14 -0.000850782
32.15 -0.0006172036
32.16 -0.0007977452
32.17 -0.0005998667
32.18 -0.0009507482
32.19 -0.00156173
32.2 -0.002740851
32.21 -0.002904053
32.22 -0.004172934
32.23 -0.004709456
32.24 -0.004636018
32.25 -0.006341459
32.26 -0.007741921
32.27 -0.008463063
32.28 -0.008548745
32.29 -0.008434507
32.3 -0.009135248
32.31 -0.009510609
32.32 -0.01002265
32.33 -0.01099981
32.34 -0.01088659
32.35 -0.01100083
32.36 -0.01048267
32.37 -0.01006346
32.38 -0.009794181
32.39 -0.008865983
32.4 -0.008392706
32.41 -0.008605886
32.42 -0.008267249
32.43 -0.00760833
32.44 -0.007335992
32.45 -0.006464914
32.46 -0.005381676
32.47 -0.004537118
32.48 -0.002996919
32.49 -0.001669902
32.5 -0.0008049435
32.51 -0.0009467254
32.52 -0.0009752874
32.53 -0.0007886293
32.54 -0.001683171
32.55 -0.001204793
32.56 -0.001588315
32.57 -0.001554657
32.58 -0.0006305391
32.59 -0.000251101
32.6 0.001246257
32.61 0.001661395
32.62 0.0006699529
32.63 -0.0003469891
32.64 -0.0007468312
32.65 0.0002150267
32.66 -0.0005101953
32.67 -0.0002378574
32.68 0.00110956
32.69 0.001060598
32.7 0.0008280364
32.71 0.0001956341
32.72 -0.000657088
32.73 -0.0006836101
32.74 -0.0006224124
32.75 -0.0007580745
32.76 0.0004047234
32.77 0.0004261412
32.78 0.0008076189
32.79 0.001579756
32.8 0.002177474
32.81 0.002727252
32.82 0.00237739
32.83 0.001641967
32.84 0.001743966
32.85 0.002615043
32.86 0.003064861
32.87 0.003967558
32.88 0.003664617
32.89 0.003054654
32.9 0.001741911
32.91 0.0006658093
32.92 -0.0003154331
32.93 -0.0007091554
32.94 -0.0006408177
32.95 -0.0005296402
32.96 0.0003659175
32.97 0.000249635
32.98 0.0009269127
32.99 0.001510351
33 0.002274328
33.01 0.002231485
33.02 0.002492602
33.03 0.002577261
33.04 0.0004954379
33.05 -0.001320165
33.06 -0.003411167
33.07 -0.004730029
33.08 -0.004994212
33.09 -0.003833455
33.1 -0.003087838
33.11 -0.001594559
33.12 0.0004760375
33.13 0.001436875
33.14 0.002318152
33.15 0.001817329
33.16 0.002269187
33.17 0.001719405
33.18 0.001217562
33.19 0.001370559
33.2 0.001283857
33.21 0.001329754
33.22 0.001324651
33.23 0.001280788
33.24 0.001410326
33.25 0.0006371632
33.26 0.0009166404
33.27 0.001257317
33.28 0.000327075
33.29 -0.0001768077
33.3 -0.0008765306
33.31 -0.001699673
33.32 -0.002501396
33.33 -0.001796578
33.34 -0.001257001
33.35 2.513554e-05
33.36 0.002142653
33.37 0.00342479
33.38 0.004406026
33.39 0.005190404
33.4 0.005794241
33.41 0.006349118
33.42 0.005577995
33.43 0.005043512
33.44 0.00457737
33.45 0.002834187
33.46 0.001598964
33.47 0.0008941409
33.48 0.001224618
33.49 0.001394955
33.5 0.001667292
33.51 0.002057949
33.52 0.002329266
33.53 0.002205843
33.54 0.00115116
33.55 0.0003188371
33.56 -0.001373346
33.57 -0.002758509
33.58 -0.003546971
33.59 -0.003404175
33.6 -0.002058798
33.61 -0.0003849812
33.62 0.001589736
33.63 0.003175832
33.64 0.004293749
33.65 0.004238667
33.66 0.004302923
33.67 0.00411728
33.68 0.003661337
33.69 0.004020373
33.7 0.00424477
33.71 0.004843508
33.72 0.005461624
33.73 0.006211321
33.74 0.006180718
33.75 0.006317394
33.76 0.005467731
33.77 0.003687828
33.78 0.002520945
33.79 0.001138842
33.8 0.0003789384
33.81 0.0004972551
33.82 0.001464211
33.83 0.002868749
33.84 0.003930565
33.85 0.004498702
33.86 0.004692499
33.87 0.003574575
33.88 0.003302232
33.89 0.002751428
33.9 0.001669206
33.91 0.0007573218
33.92 -0.0002677815
33.93 -0.0008073649
33.94 -0.001554009
33.95 -0.001998731
33.96 -0.001717215
33.97 -0.0009573186
33.98 -0.000524842
33.99 -0.0006747855
34 -0.0005003689
34.01 -0.001357173
34.02 -0.002759675
34.03 -0.004015299
34.04 -0.004841503
34.05 -0.004872106
34.06 -0.00662855
34.07 -0.007621013
34.08 -0.007322157
34.09 -0.00753228
34.1 -0.007328284
34.11 -0.008074928
34.12 -0.008471712
34.13 -0.007663875
34.14 -0.009247938
34.15 -0.009398903
34.16 -0.009527426
34.17 -0.01036383
34.18 -0.01046788
34.19 -0.0114226
34.2 -0.01070554
34.21 -0.01030876
34.22 -0.0104077
34.23 -0.009821211
34.24 -0.008700234
34.25 -0.008315698
34.26 -0.006681661
34.27 -0.005437265
34.28 -0.005393409
34.29 -0.004447873
34.3 -0.004601897
34.31 -0.004292841
34.32 -0.003609444
34.33 -0.002955628
34.34 -0.001938691
34.35 -0.0008636155
34.36 0.001170261
34.37 0.002484017
34.38 0.003417313
34.39 0.004706589
34.4 0.004745345
34.41 0.004909561
34.42 0.005344078
34.43 0.005156394
34.44 0.00546035
34.45 0.006165166
34.46 0.006291643
34.47 0.005625579
34.48 0.005056415
34.49 0.004144531
34.5 0.003290787
34.51 0.003309143
34.52 0.002897059
34.53 0.002606355
34.54 0.002781792
34.55 0.003654908
34.56 0.003536584
34.57 0.00345804
34.58 0.003707936
34.59 0.003052072
34.6 0.002239128
34.61 0.001279303
34.62 0.001421079
34.63 0.001224215
34.64 0.002006552
34.65 0.001893328
34.66 0.002762364
34.67 0.0042179
34.68 0.001758676
34.69 0.001347612
34.7 0.0006111677
34.71 -0.0007229963
34.72 -0.0005312402
34.73 -0.0007036244
34.74 -3.144846e-05
34.75 0.0009967075
34.76 0.001494464
34.77 0.002873499
34.78 0.003374315
34.79 0.003229471
34.8 0.003322287
34.81 0.003244763
34.82 0.003334518
34.83 0.003093794
34.84 0.00283063
34.85 0.003703746
34.86 0.005154182
34.87 0.005263318
34.88 0.005198034
34.89 0.00525821
34.9 0.005201086
34.91 0.004855301
34.92 0.004949137
34.93 0.004323873
34.94 0.004196368
34.95 0.004323864
34.96 0.00364148
34.97 0.003174317
34.98 0.003385452
34.99 0.002492948
35 0.001265884
35.01 0.0008242193
35.02 0.000134695
35.03 0.0005539108
35.04 -0.0004477335
35.05 -0.0003640977
35.06 -0.000485482
35.07 -0.001615646
35.08 -0.00216543
35.09 -0.003228274
35.1 -0.003799479
35.11 -0.004468603
35.12 -0.004731768
35.13 -0.005591632
35.14 -0.006723836
35.15 -0.007360321
35.16 -0.008135526
35.17 -0.008475188
35.18 -0.008483354
35.19 -0.008407877
35.2 -0.008535383
35.21 -0.008274266
35.22 -0.006910531
35.23 -0.004577795
35.24 -0.0038281
35.25 -0.004331984
35.26 -0.003664908
35.27 -0.003384413
35.28 -0.002671437
35.29 -0.002438882
35.3 -0.001647366
35.31 -0.001626971
35.32 -0.002136974
35.33 -0.003456859
35.34 -0.005088863
35.35 -0.006305728
35.36 -0.005799812
35.37 -0.004391197
35.38 -0.002948921
35.39 -0.0008446657
35.4 0.0005292698
35.41 0.001175945
35.42 0.001948081
35.43 0.002135756
35.44 0.001705312
35.45 0.001378908
35.46 0.001238144
35.47 0.001702239
35.48 0.001503334
35.49 0.00233463
35.5 0.003396445
35.51 0.004296081
35.52 0.005244676
35.53 0.005065152
35.54 0.005442547
35.55 0.005507823
35.56 0.005106958
35.57 0.005632253
35.58 0.005244649
35.59 0.005166105
35.6 0.004644881
35.61 0.003921696
35.62 0.003292352
35.63 0.003194427
35.64 0.002715022
35.65 0.001535898
35.66 0.0007341733
35.67 -0.0004367911
35.68 -0.0006652756
35.69 -0.0008580602
35.7 -0.001663864
35.71 -0.001645509
35.72 -0.001725074
35.73 -0.001067178
35.74 -0.0006336828
35.75 -0.0002134474
35.76 0.001011568
35.77 0.001232903
35.78 0.001392019
35.79 0.002374274
35.8 0.003184149
35.81 0.003717605
35.82 0.0048957
35.83 0.005135396
35.84 0.005312872
35.85 0.005730047
35.86 0.005449543
35.87 0.004993598
35.88 0.004011333
35.89 0.003645149
35.9 0.003264684
35.91 0.003688999
35.92 0.004887495
35.93 0.00515269
35.94 0.005143506
35.95 0.005165942
35.96 0.004582497
35.97 0.004031692
35.98 0.004290768
35.99 0.003912343
36 0.003745469
36.01 0.003139899
36.02 0.001649548
36.03 0.0005887786
36.04 5.662403e-06
36.05 -0.0003078789
36.06 -0.0007114707
36.07 -0.0008068582
36.08 -0.001359389
36.09 -0.002063682
36.1 -0.002755365
36.11 -0.002782607
36.12 -0.003403927
36.13 -0.003872128
36.14 -0.003800972
36.15 -0.003249525
36.16 -0.002741517
36.17 -0.002905469
36.18 -0.002828893
36.19 -0.002466919
36.2 -0.002629415
36.21 -0.001903066
36.22 -0.001966606
36.23 -0.001687939
36.24 -0.001545215
36.25 -0.002114929
36.26 -0.002579701
36.27 -0.003702358
36.28 -0.003983585
36.29 -0.004742532
36.3 -0.004290415
36.31 -0.005036434
36.32 -0.004805203
36.33 -0.004609355
36.34 -0.004551528
36.35 -0.003529383
36.36 -0.002096494
36.37 -0.0005542673
36.38 -2.811674e-05
36.39 0.0001888954
36.4 -0.0001140072
36.41 -0.0008954317
36.42 -0.002318718
36.43 -0.003217231
36.44 -0.003773145
36.45 -0.004373652
36.46 -0.004424143
36.47 -0.004314021
36.48 -0.004361887
36.49 -0.003733569
36.5 -0.002813133
36.51 -0.003802521
36.52 -0.004126134
36.53 -0.00309262
36.54 -0.003335388
36.55 -0.002350665
36.56 -0.001366534
36.57 -0.0007699692
36.58 -0.0003465809
36.59 -0.0004350986
36.6 -0.0003599583
36.61 -0.0003983031
36.62 3.561628e-05
36.63 -0.0002729945
36.64 -0.0003599895
36.65 -0.0002953642
36.66 -0.0003127038
36.67 -0.0002792965
36.68 -0.0002566237
36.69 -0.000708892
36.7 -0.001320052
36.71 -0.001316739
36.72 -0.0009352857
36.73 -0.001052781
36.74 -0.0004249771
36.75 -8.046099e-05
36.76 -1.197027e-05
36.77 0.000763384
36.78 0.000321654
36.79 0.0007041327
36.8 0.0007046388
36.81 0.0008775644
36.82 0.001500247
36.83 0.001541144
36.84 0.001370404
36.85 0.0007398084
36.86 0.0007031732
36.87 0.0008579864
36.88 0.001156111
36.89 0.001385802
36.9 0.001537044
36.91 0.001299806
36.92 0.0007465819
36.93 0.0005936589
36.94 -4.353748e-05
36.95 0.000125188
36.96 0.000701756
36.97 0.0008300336
36.98 0.001443834
36.99 0.00177043
37 0.00265688
37.01 0.002710112
37.02 0.002910145
37.03 0.002907618
37.04 0.002597156
37.05 0.002938481
37.06 0.003543031
37.07 0.004012454
37.08 0.003734014
37.09 0.003287231
37.1 0.002582141
37.11 0.002865285
37.12 0.002812026
37.13 0.002788933
37.14 0.00231523
37.15 0.001943414
37.16 0.002010388
37.17 0.001612876
37.18 0.001567614
37.19 0.001767889
37.2 0.001808434
37.21 0.001700455
37.22 0.001704455
37.23 0.001600526
37.24 0.001620147
37.25 0.001416009
37.26 0.0009326438
37.27 0.0008412737
37.28 0.0009582301
37.29 0.00102662
37.3 0.0006987996
37.31 0.0007865447
37.32 0.0005917745
37.33 7.57752e-05
37.34 -0.0005162724
37.35 -0.0009681145
37.36 -0.0004731933
37.37 -0.000872725
37.38 -0.0008806561
37.39 -0.0006224363
37.4 -0.000463612
37.41 -0.0006720093
37.42 -0.0009892446
37.43 -0.00083522
37.44 -0.0009265103
37.45 -0.0008360475
37.46 -0.000678454
37.47 -0.0007750917
37.48 -0.0008775598
37.49 -0.0007972085
37.5 -0.000622234
37.51 -0.0009943625
37.52 -0.001333761
37.53 -0.00110865
37.54 -0.001142534
37.55 -0.001205965
37.56 -0.001351717
37.57 -0.00102256
37.58 -0.0004940255
37.59 -0.0003310696
37.6 -4.327196e-05
37.61 -0.0001573569
37.62 -0.0004982597
37.63 -0.0007836
37.64 -0.0008696409
37.65 -0.0009825199
37.66 -0.000925948
37.67 -0.0009251482
37.68 -0.0008219985
37.69 -0.0004932686
37.7 -0.0004818302
37.71 -0.0004689046
37.72 -0.000440204
37.73 -0.0006516863
37.74 -0.0008010635
37.75 -0.0007267577
37.76 -0.0005830261
37.77 -0.0006586859
37.78 -0.0006510265
37.79 -0.0002972096
37.8 -0.0003491249
37.81 -0.0002690892
37.82 -0.000206441
37.83 -3.057642e-05
37.84 7.616768e-05
37.85 -0.000172626
37.86 -6.075471e-05
37.87 -0.0002378203
37.88 -0.0002871818
37.89 -0.000207278
37.9 -0.0002953849
37.91 -7.737337e-05
37.92 -4.783573e-05
37.93 -9.012834e-05
37.94 0.0002272277
37.95 0.0003655055
37.96 0.0002644166
37.97 0.0002314707
37.98 0.0002703752
37.99 0.0003756021
38 0.0005017314
38.01 0.0004137637
38.02 0.0004457853
38.03 0.0003410174
38.04 0.0001710756
38.05 1.317205e-05
38.06 -0.000226903
38.07 -0.0002943523
38.08 -0.0002769649
38.09 -0.0001709697
38.1 -0.0002511906
38.11 -6.994623e-05
38.12 -0.000242287
38.13 -0.0004309231
38.14 -0.0004309578
38.15 -0.0004663372
38.16 -0.0003358584
38.17 -0.0003617621
38.18 -0.0003150101
38.19 -0.0002428702
38.2 -0.0002695507
38.21 -0.000290073
38.22 -0.000250115
38.23 -0.0001869572
38.24 -0.0001172212
38.25 -5.930234e-05
38.26 -6.522896e-05
38.27 -4.300915e-05
38.28 -0.0001345581
38.29 -0.0002611498
38.3 -0.0004115647
38.31 -0.0005493728
38.32 -0.0004951632
38.33 -0.000474772
38.34 -0.0004049714
38.35 -0.0002776596
38.36 -0.0001759255
38.37 -7.186363e-05
38.38 2.033735e-05
38.39 5.573062e-05
38.4 0.0001757072
38.41 0.0002630881
38.42 0.0003221347
38.43 0.0003830862
38.44 0.0004410297
38.45 0.0004223833
38.46 0.0004642777
38.47 0.0004887862
38.48 0.0004498175
38.49 0.0004328859
38.5 0.0004060119
38.51 0.0003826078
38.52 0.0003650939
38.53 0.0003310335
38.54 0.0003831186
38.55 0.0004565688
38.56 0.0004188012
38.57 0.0003896597
38.58 0.0003648064
38.59 0.0002888292
38.6 0.0001979568
38.61 9.352734e-05
38.62 9.244266e-06
38.63 -3.459983e-05
38.64 -6.41887e-05
38.65 -9.202574e-05
38.66 -0.000124393
38.67 -0.0001017361
38.68 -0.0001408757
38.69 -0.0001543939
38.7 -0.0001367646
38.71 -0.0001641088
38.72 -0.0001524952
38.73 -0.0001504473
38.74 -0.0001566273
38.75 -0.0001772768
38.76 -0.0001634031
38.77 -0.0001495141
38.78 -0.0001104609
38.79 -5.435376e-05
38.8 -2.695506e-05
38.81 7.836369e-06
38.82 9.657898e-06
38.83 1.187324e-05
38.84 1.275536e-05
38.85 1.461031e-05
38.86 1.536173e-05
38.87 1.718027e-05
38.88 4.903291e-06
38.89 4.074533e-06
38.9 2.015645e-05
38.91 2.264496e-05
38.92 2.28245e-05
38.93 2.363899e-05
38.94 2.380357e-05
38.95 2.464185e-05
38.96 2.418625e-05
38.97 2.601672e-05
38.98 1.254162e-05
38.99 3.262e-06
39 2.108237e-05
39.01 2.164127e-05
39.02 2.492326e-05
39.03 3.381911e-05
39.04 3.254229e-05
39.05 3.370738e-05
39.06 2.692207e-05
39.07 3.193945e-05
39.08 2.538934e-05
39.09 2.425042e-05
39.1 2.215383e-05
39.11 3.293609e-05
39.12 4.035712e-05
39.13 4.185624e-05
39.14 5.009538e-05
39.15 4.28041e-05
39.16 4.623395e-05
39.17 4.069227e-05
39.18 3.285875e-05
39.19 2.551213e-05
39.2 2.337169e-05
39.21 1.749007e-05
39.22 1.37011e-05
39.23 1.164322e-05
39.24 6.420165e-06
39.25 2.900704e-06
39.26 1.912697e-06
39.27 -4.872718e-07
39.28 -5.879261e-06
39.29 -6.759964e-06
39.3 -1.128533e-05
39.31 -9.882329e-06
39.32 -1.091767e-05
39.33 -1.047676e-05
39.34 -8.327299e-06
39.35 -7.591868e-06
39.36 -4.30693e-06
39.37 -4.356221e-06
39.38 -1.222346e-06
39.39 -1.715505e-06
39.4 -3.738941e-06
39.41 -3.743335e-06
39.42 -5.969743e-06
39.43 -6.884265e-06
39.44 -6.715582e-06
39.45 -6.625825e-06
39.46 -6.638661e-06
39.47 -6.342865e-06
39.48 -7.291377e-06
39.49 -7.465168e-06
39.5 -7.018321e-06
39.51 -6.37426e-06
39.52 -5.292337e-06
39.53 -4.530507e-06
39.54 -4.550893e-06
39.55 -4.417855e-06
39.56 -3.88183e-06
39.57 -3.648264e-06
39.58 -3.431436e-06
39.59 -3.655276e-06
39.6 -3.908583e-06
39.61 -3.970708e-06
39.62 -4.348418e-06
39.63 -4.404035e-06
39.64 -4.306807e-06
39.65 -4.35578e-06
39.66 -4.078279e-06
39.67 -3.794939e-06
39.68 -3.519028e-06
39.69 -3.229265e-06
39.7 -2.965721e-06
39.71 -2.659128e-06
39.72 -2.32e-06
39.73 -2.084268e-06
39.74 -1.804006e-06
39.75 -1.634324e-06
39.76 -1.483174e-06
39.77 -1.261027e-06
39.78 -1.050812e-06
39.79 -8.23366e-07
39.8 -6.263882e-07
39.81 -4.583388e-07
39.82 -2.903334e-07
39.83 -1.423941e-07
39.84 -1.021967e-09
39.85 1.436567e-07
39.86 2.658759e-07
39.87 3.800035e-07
39.88 4.824498e-07
39.89 5.658862e-07
39.9 6.333175e-07
39.91 6.867194e-07
39.92 7.274119e-07
39.93 7.576853e-07
39.94 7.798272e-07
39.95 7.957401e-07
39.96 8.069121e-07
39.97 8.148996e-07
39.98 8.213328e-07
39.99 8.279491e-07
