0 -0.0002111182
0.01 -0.0002732454
0.02 -0.0002037971
0.03 -0.0002812333
0.04 -0.0001811941
0.05 -0.0003249393
0.06 1.173104e-05
0.07 0.000118897
0.08 -0.0003176015
0.09 -0.0001890245
0.1 -0.0002583319
0.11 -0.0002113637
0.12 -0.0002419198
0.13 -0.0002194404
0.14 -0.0002316453
0.15 -0.0002224346
0.16 -0.0002254682
0.17 -0.0002234062
0.18 -0.0002203285
0.19 -0.0002233751
0.2 -0.0002172459
0.21 -0.0002213212
0.22 -0.0002152006
0.23 -0.0002192844
0.24 -0.0002131723
0.25 -0.0002162446
0.26 -0.0002111611
0.27 -0.0002132217
0.28 -0.0002091666
0.29 -0.0002102157
0.3 -0.000208209
0.31 -0.0002072265
0.32 -0.0002052282
0.33 -0.000204254
0.34 -0.0002032839
0.35 -0.000202318
0.36 -0.0002003361
0.37 -0.0001993784
0.38 -0.0001984249
0.39 -0.0001974754
0.4 -0.0001965299
0.41 -0.0001945686
0.42 -0.0001936312
0.43 -0.000191678
0.44 -0.0001907488
0.45 -0.0001898236
0.46 -0.0001878823
0.47 -0.0001869651
0.48 -0.0001860519
0.49 -0.0001841227
0.5 -0.0001832175
0.51 -0.0001823162
0.52 -0.0001803989
0.53 -0.0001795055
0.54 -0.000177596
0.55 -0.0001767104
0.56 -0.0001758288
0.57 -0.000173931
0.58 -0.0001730572
0.59 -0.0001711673
0.6 -0.0001703011
0.61 -0.0001694388
0.62 -0.0001675603
0.63 -0.0001667057
0.64 -0.000164835
0.65 -0.000163988
0.66 -0.0001621248
0.67 -0.0001612854
0.68 -0.0001594298
0.69 -0.000158598
0.7 -0.0001567499
0.71 -0.0001559256
0.72 -0.000153065
0.73 -0.0001542881
0.74 -0.000149395
0.75 -0.0001526656
0.76 -0.0001457398
0.77 -0.0001510578
0.78 -0.0001410794
0.79 -0.0001494647
0.8 -0.0001374536
0.81 -0.0001489062
0.82 -0.0001328224
0.83 -0.0001473423
0.84 -0.0001292257
0.85 -0.0001447728
0.86 -0.0001256435
0.87 -0.0001422177
0.88 -0.0001230955
0.89 -0.0001366169
0.9 -0.0001256619
0.91 -0.0001269504
0.92 -0.0001394624
0.93 0.0003182421
0.94 -4.107698e-05
0.95 -0.0001657995
0.96 -8.85656e-05
0.97 -0.0001439351
0.98 -9.526816e-05
0.99 -0.0001343246
1 -9.892458e-05
1.01 -0.000127788
1.02 -9.953479e-05
1.03 -0.000120245
1.04 -0.0001001587
1.05 -0.0001147558
1.06 -9.977623e-05
1.07 -0.0001082601
1.08 -9.838731e-05
1.09 -0.0001038179
1.1 -9.803186e-05
1.11 -0.0001004092
1.12 -9.66698e-05
1.13 -9.599377e-05
1.14 -9.328106e-05
1.15 -9.261165e-05
1.16 -9.092555e-05
1.17 -8.924275e-05
1.18 -8.756321e-05
1.19 -8.588695e-05
1.2 -8.523395e-05
1.21 -8.356421e-05
1.22 -8.18977e-05
1.23 -8.023443e-05
1.24 -7.857439e-05
1.25 -7.691756e-05
1.26 -7.628393e-05
1.27 -7.361351e-05
1.28 -7.400627e-05
1.29 -6.93022e-05
1.3 -7.27613e-05
1.31 -6.602356e-05
1.32 -7.050897e-05
1.33 -6.071752e-05
1.34 -6.92892e-05
1.35 -5.6444e-05
1.36 -6.706191e-05
1.37 -5.116294e-05
1.38 -6.586705e-05
1.39 -4.691424e-05
1.4 -6.36645e-05
1.41 -4.471784e-05
1.42 -6.045424e-05
1.43 -4.253368e-05
1.44 -5.419616e-05
1.45 -4.444167e-05
1.46 -4.18302e-05
1.47 -5.860175e-05
1.48 0.0004050437
1.49 3.738616e-05
1.5 -7.833435e-05
1.51 -1.249786e-05
1.52 -5.478433e-05
1.53 -2.057376e-05
1.54 -4.348613e-05
1.55 -2.356144e-05
1.56 -3.423969e-05
1.57 -2.452085e-05
1.58 -2.704494e-05
1.59 -2.447193e-05
1.6 -2.29218e-05
1.61 -2.137457e-05
1.62 -2.493022e-05
1.63 -2.988739e-06
1.64 -0.0004624901
1.65 -9.477436e-05
1.66 2.813858e-05
1.67 -3.969132e-05
1.68 1.181595e-05
1.69 -2.43996e-05
1.7 4.662037e-06
1.71 -1.319912e-05
1.72 -2.503069e-06
1.73 1.050199e-06
1.74 -1.069931e-05
1.75 1.936842e-05
1.76 -2.60466e-05
1.77 4.991561e-05
1.78 -7.404489e-05
1.79 0.0002497719
1.8 0.0003655059
1.81 -7.670279e-05
1.82 5.636581e-05
1.83 -1.354827e-05
1.84 3.383495e-05
1.85 5.735492e-06
1.86 2.659336e-05
1.87 1.684857e-05
1.88 2.444112e-05
1.89 2.387103e-05
1.9 2.431829e-05
1.91 2.884293e-05
1.92 2.622494e-05
1.93 3.278434e-05
1.94 2.914113e-05
1.95 3.671534e-05
1.96 3.306695e-05
1.97 3.961597e-05
1.98 3.698243e-05
1.99 4.250632e-05
2 3.986765e-05
2.01 4.436644e-05
2.02 4.478268e-05
2.03 4.62164e-05
2.04 4.866759e-05
2.05 4.907626e-05
2.06 5.254243e-05
2.07 5.29461e-05
2.08 5.640728e-05
2.09 5.680597e-05
2.1 5.822219e-05
2.11 5.963594e-05
2.12 6.002723e-05
2.13 6.551607e-05
2.14 6.182247e-05
2.15 7.138643e-05
2.16 6.156796e-05
2.17 7.928707e-05
2.18 6.028378e-05
2.19 8.921807e-05
2.2 5.592998e-05
2.21 0.0001001595
2.22 4.544663e-05
2.23 0.0001263914
2.24 2.313783e-06
2.25 0.0003219339
2.26 0.0004487715
2.27 -8.853137e-06
2.28 0.0001455198
2.29 4.795057e-05
2.3 0.0001278589
2.31 5.884499e-05
2.32 0.0001285487
2.33 6.157022e-05
2.34 0.0001363694
2.35 5.816628e-05
2.36 0.0001482609
2.37 0.0004525533
2.38 0.0004457434
2.39 0.0004001712
2.4 8.327683e-05
2.41 7.13602e-05
2.42 0.0007112214
2.43 0.0012195
2.44 0.0004527769
2.45 2.061151e-05
2.46 0.0002116638
2.47 -0.000110346
2.48 -0.0006842981
2.49 0.0001524076
2.5 -1.864874e-05
2.51 -0.0009200272
2.52 -0.000228168
2.53 0.0003219091
2.54 0.001282025
2.55 0.001961637
2.56 0.001042908
2.57 0.001298197
2.58 0.002118563
2.59 0.001527247
2.6 0.0008451496
2.61 0.0002079299
2.62 -0.0004231719
2.63 -0.001554076
2.64 -0.001690482
2.65 -0.0007813899
2.66 -0.00094228
2.67 -0.002459772
2.68 -0.002183086
2.69 0.0006099376
2.7 0.003566159
2.71 0.005274919
2.72 0.004625436
2.73 0.002626493
2.74 0.0006948664
2.75 -0.001714122
2.76 -0.002807312
2.77 -0.002726484
2.78 -0.002779278
2.79 -0.002739254
2.8 -0.002262673
2.81 -0.0008711525
2.82 0.0002796456
2.83 0.002347422
2.84 0.003969456
2.85 0.005771008
2.86 0.005415258
2.87 0.002788987
2.88 0.001410174
2.89 0.001081958
2.9 -0.001150599
2.91 -0.003051658
2.92 -0.001285819
2.93 0.0005422385
2.94 0.0004394338
2.95 -0.001636053
2.96 -0.002773141
2.97 -0.003165632
2.98 -0.002011804
2.99 0.004221623
3 0.009600288
3.01 0.008590689
3.02 0.00195171
3.03 -0.00562669
3.04 -0.006113033
3.05 0.0005691819
3.06 0.003726276
3.07 -0.0004891926
3.08 -0.003466383
3.09 -0.003489654
3.1 -0.0003366477
3.11 0.001261878
3.12 -0.00238648
3.13 -0.002928938
3.14 0.0008370811
3.15 0.004136959
3.16 0.004307475
3.17 -0.001767471
3.18 -0.006701036
3.19 -0.004975026
3.2 0.000612703
3.21 0.005824051
3.22 0.006955396
3.23 0.006207901
3.24 0.006615043
3.25 0.002260825
3.26 -0.002055656
3.27 -0.002436977
3.28 -0.006881981
3.29 -0.01029066
3.3 -0.007886374
3.31 -0.0004514427
3.32 0.005263767
3.33 0.003592135
3.34 0.002967021
3.35 0.008580226
3.36 0.01235335
3.37 0.01021965
3.38 0.003102232
3.39 -0.004046809
3.4 -0.003296973
3.41 -0.004165878
3.42 -0.0133794
3.43 -0.01745111
3.44 -0.01354438
3.45 -0.008152532
3.46 0.004616976
3.47 0.01747319
3.48 0.02102393
3.49 0.01853933
3.5 0.008169113
3.51 -0.004386966
3.52 -0.01357093
3.53 -0.01712449
3.54 -0.01668577
3.55 -0.01301978
3.56 -0.005312547
3.57 -0.0007163164
3.58 0.001698134
3.59 0.008407803
3.6 0.01460339
3.61 0.01350291
3.62 0.007601298
3.63 0.002616662
3.64 -0.001162337
3.65 -0.003939696
3.66 -0.007667698
3.67 -0.009717801
3.68 -0.008900686
3.69 -0.01112725
3.7 -0.005077536
3.71 0.008352894
3.72 0.01732184
3.73 0.01744433
3.74 0.00775544
3.75 -0.0009970937
3.76 -0.00567881
3.77 -0.008290945
3.78 -0.005311442
3.79 0.003209718
3.8 0.006727777
3.81 -0.002553125
3.82 -0.008653667
3.83 -0.002243912
3.84 0.006318042
3.85 0.01225758
3.86 0.01219134
3.87 0.001907777
3.88 -0.01132155
3.89 -0.01714263
3.9 -0.01152236
3.91 -0.0005572941
3.92 0.00166229
3.93 -0.001488427
3.94 0.001587954
3.95 0.007626414
3.96 0.01281317
3.97 0.01257149
3.98 0.006919727
3.99 0.004137223
4 0.006027337
4.01 0.00756759
4.02 -0.004196018
4.03 -0.01919201
4.04 -0.01860546
4.05 -0.01298929
4.06 -0.003119723
4.07 0.01237515
4.08 0.01836259
4.09 0.01273019
4.1 0.007121252
4.11 0.006286934
4.12 0.005529113
4.13 -0.0002236475
4.14 -0.008092911
4.15 -0.006015133
4.16 -0.003166238
4.17 -0.01153224
4.18 -0.02125382
4.19 -0.02412306
4.2 -0.01660155
4.21 -0.002218498
4.22 0.01103643
4.23 0.01688412
4.24 0.0119555
4.25 0.00258377
4.26 -0.002120445
4.27 -0.001789942
4.28 0.00447492
4.29 0.01142114
4.3 0.0107653
4.31 0.00481872
4.32 0.003681438
4.33 0.007367735
4.34 0.006623151
4.35 0.0001369857
4.36 -0.00431224
4.37 -0.007699648
4.38 -0.01537208
4.39 -0.01805976
4.4 -0.007078435
4.41 0.01312267
4.42 0.02196506
4.43 0.01749542
4.44 0.008792793
4.45 -0.007449682
4.46 -0.02516198
4.47 -0.0274478
4.48 -0.01090544
4.49 0.003540827
4.5 0.002219926
4.51 -0.001348035
4.52 0.0002615235
4.53 0.001316201
4.54 -0.002053883
4.55 -0.0003239683
4.56 0.009350726
4.57 0.01816862
4.58 0.02295241
4.59 0.02114394
4.6 0.01076951
4.61 -0.006656177
4.62 -0.01330353
4.63 -0.003138221
4.64 0.01077355
4.65 0.01374173
4.66 0.002235097
4.67 -0.006402279
4.68 -0.008105695
4.69 -0.02364848
4.7 -0.04187589
4.71 -0.02506529
4.72 0.008455969
4.73 0.02442405
4.74 0.02175775
4.75 0.007411423
4.76 -0.008841281
4.77 -0.01673917
4.78 -0.01472163
4.79 -0.007604098
4.8 0.0006017763
4.81 0.001107669
4.82 -0.008009121
4.83 -0.01491761
4.84 -0.01382317
4.85 -0.005545911
4.86 0.01082812
4.87 0.02141875
4.88 0.02386977
4.89 0.0279273
4.9 0.02696337
4.91 0.01878802
4.92 0.01116655
4.93 0.003425732
4.94 -0.008169664
4.95 -0.01448656
4.96 -0.009939445
4.97 -0.003589984
4.98 -0.005793225
4.99 -0.009383667
5 -0.00319843
5.01 0.002633887
5.02 -0.006811358
5.03 -0.0233762
5.04 -0.03136999
5.05 -0.02412293
5.06 -0.004694021
5.07 0.01556211
5.08 0.02327326
5.09 0.01594145
5.1 0.009732665
5.11 0.01674613
5.12 0.02140136
5.13 0.00509661
5.14 -0.0179636
5.15 -0.0254525
5.16 -0.003969309
5.17 0.0273783
5.18 0.0430026
5.19 0.03814531
5.2 0.008223549
5.21 -0.03103937
5.22 -0.04830802
5.23 -0.02460941
5.24 0.01758181
5.25 0.03754112
5.26 0.03293372
5.27 0.01970629
5.28 0.005543532
5.29 -0.002273811
5.3 -0.004739213
5.31 -0.002643176
5.32 -0.002635081
5.33 -0.01806366
5.34 -0.03477847
5.35 -0.03862088
5.36 -0.03672986
5.37 -0.03358017
5.38 -0.02848024
5.39 -0.01440635
5.4 0.009563585
5.41 0.02827439
5.42 0.03955042
5.43 0.04175661
5.44 0.03611084
5.45 0.02480407
5.46 0.006184918
5.47 -0.01215884
5.48 -0.01848291
5.49 -0.01109105
5.5 -0.0007789177
5.51 -0.002272273
5.52 -0.01648707
5.53 -0.0244666
5.54 -0.01760412
5.55 -0.002956999
5.56 0.01241636
5.57 0.02347716
5.58 0.02421454
5.59 0.01323314
5.6 0.004036747
5.61 0.003411406
5.62 0.002947225
5.63 -0.005906456
5.64 -0.01894826
5.65 -0.02041816
5.66 -0.008760664
5.67 0.003611853
5.68 0.00820279
5.69 0.01246121
5.7 0.01538036
5.71 0.01172256
5.72 0.00256695
5.73 0.0002392232
5.74 0.006109236
5.75 0.001495689
5.76 -0.0136106
5.77 -0.02200324
5.78 -0.0125306
5.79 0.003883156
5.8 0.01814471
5.81 0.02534786
5.82 0.02420639
5.83 0.02192557
5.84 0.0162196
5.85 0.006573372
5.86 -0.006016578
5.87 -0.02311901
5.88 -0.03189212
5.89 -0.02675651
5.9 -0.0245789
5.91 -0.03516457
5.92 -0.04111534
5.93 -0.02305225
5.94 0.01079431
5.95 0.0410872
5.96 0.05548133
5.97 0.04960706
5.98 0.03485777
5.99 0.02594083
6 0.03050829
6.01 0.03345089
6.02 0.01731031
6.03 -0.005272583
6.04 -0.02356129
6.05 -0.035119
6.06 -0.03889106
6.07 -0.03952458
6.08 -0.03882394
6.09 -0.03436664
6.1 -0.02748582
6.11 -0.01361495
6.12 0.006665613
6.13 0.01845467
6.14 0.01744681
6.15 0.01204682
6.16 0.009371262
6.17 0.00927834
6.18 0.006854717
6.19 0.004501471
6.2 2.560678e-05
6.21 -0.009809338
6.22 -0.01953617
6.23 -0.01726472
6.24 -0.003364274
6.25 -0.00342966
6.26 -0.01403776
6.27 -0.01666335
6.28 -0.01638398
6.29 -0.01582207
6.3 -0.006297413
6.31 0.01169834
6.32 0.02494191
6.33 0.03217666
6.34 0.03605766
6.35 0.04090765
6.36 0.04341775
6.37 0.04002716
6.38 0.03994138
6.39 0.03178229
6.4 0.003711777
6.41 -0.02639771
6.42 -0.04001686
6.43 -0.04691116
6.44 -0.05889932
6.45 -0.06612307
6.46 -0.04861387
6.47 -0.01936038
6.48 0.005196007
6.49 0.02095795
6.5 0.02479305
6.51 0.01416657
6.52 0.003223896
6.53 0.007288483
6.54 0.01463645
6.55 0.01520549
6.56 0.01000134
6.57 0.002433848
6.58 -0.009732827
6.59 -0.0244648
6.6 -0.03768514
6.61 -0.03782907
6.62 -0.02480685
6.63 -0.00798716
6.64 0.007284164
6.65 0.01059191
6.66 0.004280032
6.67 0.001841096
6.68 0.01022742
6.69 0.02628007
6.7 0.04050793
6.71 0.04779979
6.72 0.04018435
6.73 0.01936298
6.74 -0.003389261
6.75 -0.02447788
6.76 -0.04020435
6.77 -0.04463433
6.78 -0.03621231
6.79 -0.01351845
6.8 0.01222623
6.81 0.03028624
6.82 0.04426012
6.83 0.04701297
6.84 0.03332139
6.85 0.01267953
6.86 -0.00253796
6.87 -0.002132119
6.88 0.003305381
6.89 -0.002923878
6.9 -0.01742636
6.91 -0.0245777
6.92 -0.02764291
6.93 -0.03146905
6.94 -0.02693222
6.95 -0.01325924
6.96 0.002125301
6.97 0.01077988
6.98 0.01567882
6.99 0.0158572
7 0.007298259
7.01 -0.006703401
7.02 -0.009266783
7.03 0.0002354165
7.04 0.006860195
7.05 0.007351712
7.06 0.009229413
7.07 0.01318893
7.08 0.01513802
7.09 0.01504611
7.1 0.01702479
7.11 0.01582617
7.12 0.005059943
7.13 -0.003505119
7.14 -0.004536461
7.15 -0.005113903
7.16 -0.007794585
7.17 -0.01142081
7.18 -0.01653215
7.19 -0.01756044
7.2 -0.01202297
7.21 0.002427242
7.22 0.0182208
7.23 0.0223068
7.24 0.01449348
7.25 0.002495092
7.26 -0.00400243
7.27 -0.003429313
7.28 -0.009615737
7.29 -0.02790344
7.3 -0.05081888
7.31 -0.05995106
7.32 -0.03972866
7.33 -0.005125291
7.34 0.02194029
7.35 0.03056426
7.36 0.02162078
7.37 0.01010179
7.38 0.009935415
7.39 0.02497111
7.4 0.03965899
7.41 0.03908868
7.42 0.0203379
7.43 -0.01337017
7.44 -0.04118568
7.45 -0.05368386
7.46 -0.04887775
7.47 -0.03264866
7.48 -0.01397156
7.49 0.01293693
7.5 0.0441631
7.51 0.06642957
7.52 0.0661724
7.53 0.04386182
7.54 0.01980296
7.55 0.003722538
7.56 -0.006461265
7.57 -0.01957349
7.58 -0.03501743
7.59 -0.04381709
7.6 -0.03976068
7.61 -0.01696585
7.62 0.01227234
7.63 0.02614829
7.64 0.01894696
7.65 0.001548706
7.66 -0.01205618
7.67 -0.01538864
7.68 -0.008361983
7.69 0.001011694
7.7 0.0003618311
7.71 -0.004136491
7.72 -0.002191474
7.73 -0.004898677
7.74 -0.01288744
7.75 -0.01221232
7.76 -0.0008792256
7.77 0.01347205
7.78 0.02319967
7.79 0.02515692
7.8 0.02243443
7.81 0.01855116
7.82 0.009681119
7.83 -0.01020799
7.84 -0.0281448
7.85 -0.02854477
7.86 -0.01161085
7.87 0.01435823
7.88 0.0268225
7.89 0.01883171
7.9 -0.002068217
7.91 -0.0182129
7.92 -0.0260762
7.93 -0.03152516
7.94 -0.02848976
7.95 -0.01667012
7.96 -0.002011827
7.97 0.004703731
7.98 0.00499635
7.99 0.01465971
8 0.03264219
8.01 0.04250139
8.02 0.03711159
8.03 0.01280486
8.04 -0.0247792
8.05 -0.05412165
8.06 -0.06218997
8.07 -0.06602834
8.08 -0.08031664
8.09 -0.08945189
8.1 -0.07318096
8.11 -0.03345412
8.12 0.01002836
8.13 0.04601792
8.14 0.07589972
8.15 0.09821313
8.16 0.100659
8.17 0.08106566
8.18 0.04931804
8.19 0.0161261
8.2 -0.007606353
8.21 -0.01574199
8.22 -0.01438143
8.23 -0.02106662
8.24 -0.0256292
8.25 -0.0107108
8.26 0.01418217
8.27 0.02928519
8.28 0.02464407
8.29 0.01787116
8.3 0.02047714
8.31 0.02204986
8.32 0.007307687
8.33 -0.02292115
8.34 -0.05172913
8.35 -0.07961093
8.36 -0.106075
8.37 -0.1225623
8.38 -0.1268128
8.39 -0.1188743
8.4 -0.09865697
8.41 -0.06735635
8.42 -0.03260812
8.43 0.003547703
8.44 0.03914252
8.45 0.06872751
8.46 0.08737095
8.47 0.09124072
8.48 0.08356919
8.49 0.06747755
8.5 0.05164908
8.51 0.0321333
8.52 0.008275386
8.53 -0.01410761
8.54 -0.03130901
8.55 -0.04413562
8.56 -0.05884617
8.57 -0.07336291
8.58 -0.06935036
8.59 -0.04023967
8.6 -0.006538986
8.61 0.01632726
8.62 0.03122425
8.63 0.0401777
8.64 0.0355376
8.65 0.01736007
8.66 -0.01462112
8.67 -0.04098211
8.68 -0.04345164
8.69 -0.02759076
8.7 -0.01148507
8.71 -0.005057142
8.72 -0.007036053
8.73 -0.003974125
8.74 0.01809958
8.75 0.05058443
8.76 0.07979202
8.77 0.08623118
8.78 0.05444072
8.79 0.0007427126
8.8 -0.03865591
8.81 -0.05619799
8.82 -0.06723756
8.83 -0.07554352
8.84 -0.08031315
8.85 -0.08477169
8.86 -0.08118547
8.87 -0.05765315
8.88 -0.02050385
8.89 0.01212279
8.9 0.02878029
8.91 0.02886893
8.92 0.0134046
8.93 -0.01483523
8.94 -0.04431435
8.95 -0.06241028
8.96 -0.06528882
8.97 -0.05570399
8.98 -0.04072336
8.99 -0.01711251
9 0.01390151
9.01 0.0515547
9.02 0.09159368
9.03 0.1178586
9.04 0.1156441
9.05 0.08119446
9.06 0.03096547
9.07 -0.01675227
9.08 -0.04499311
9.09 -0.04804608
9.1 -0.03399466
9.11 -0.01529409
9.12 0.009223554
9.13 0.04257235
9.14 0.08008377
9.15 0.1139609
9.16 0.1315426
9.17 0.1194963
9.18 0.07535668
9.19 0.01883022
9.2 -0.03048383
9.21 -0.0679934
9.22 -0.08776009
9.23 -0.09359358
9.24 -0.09933627
9.25 -0.1012713
9.26 -0.09586235
9.27 -0.0865927
9.28 -0.07008816
9.29 -0.04378655
9.3 -0.01017459
9.31 0.01846896
9.32 0.02820577
9.33 0.01912054
9.34 -0.01009338
9.35 -0.04451032
9.36 -0.06983192
9.37 -0.08733113
9.38 -0.09165502
9.39 -0.08210281
9.4 -0.05805029
9.41 -0.02070003
9.42 0.01940832
9.43 0.05127812
9.44 0.07658014
9.45 0.1009734
9.46 0.1223188
9.47 0.1367252
9.48 0.1421923
9.49 0.1344851
9.5 0.1211688
9.51 0.1097264
9.52 0.0921497
9.53 0.06056529
9.54 0.01138693
9.55 -0.05270691
9.56 -0.1151687
9.57 -0.1534331
9.58 -0.1411453
9.59 -0.08116018
9.6 -0.02264695
9.61 0.008688378
9.62 0.02943815
9.63 0.05679344
9.64 0.08574503
9.65 0.09992294
9.66 0.1007185
9.67 0.1007551
9.68 0.09608543
9.69 0.07889221
9.7 0.05793622
9.71 0.04150904
9.72 0.02644457
9.73 0.00993476
9.74 -0.01216159
9.75 -0.03782692
9.76 -0.05884615
9.77 -0.06224895
9.78 -0.04202856
9.79 -0.01680201
9.8 -0.005062912
9.81 -0.002001979
9.82 0.007621635
9.83 0.01661489
9.84 0.01525514
9.85 0.01189722
9.86 0.01718481
9.87 0.03691561
9.88 0.05992876
9.89 0.0698339
9.9 0.06644435
9.91 0.05461023
9.92 0.03314934
9.93 0.009900405
9.94 -0.005758717
9.95 -0.01476744
9.96 -0.02476964
9.97 -0.03003598
9.98 -0.02327347
9.99 -0.009952348
10 0.001456271
10.01 -0.00103057
10.02 -0.01358583
10.03 -0.02563721
10.04 -0.03625549
10.05 -0.038828
10.06 -0.03327215
10.07 -0.03149845
10.08 -0.03970953
10.09 -0.05348981
10.1 -0.06132042
10.11 -0.050789
10.12 -0.01437916
10.13 0.03884742
10.14 0.09038795
10.15 0.1274608
10.16 0.1377944
10.17 0.1138742
10.18 0.08351895
10.19 0.07008038
10.2 0.07666339
10.21 0.09438581
10.22 0.09422457
10.23 0.05789924
10.24 0.01605468
10.25 -0.003514088
10.26 -0.0120077
10.27 -0.03320031
10.28 -0.07206239
10.29 -0.1009213
10.3 -0.1067028
10.31 -0.09798692
10.32 -0.09010138
10.33 -0.08934257
10.34 -0.08899585
10.35 -0.08522804
10.36 -0.08305142
10.37 -0.0780433
10.38 -0.06848597
10.39 -0.0533625
10.4 -0.02784931
10.41 0.01001608
10.42 0.05574975
10.43 0.1054247
10.44 0.1470825
10.45 0.1699477
10.46 0.174451
10.47 0.1635206
10.48 0.144731
10.49 0.1196278
10.5 0.09581481
10.51 0.07148264
10.52 0.02269904
10.53 -0.03416093
10.54 -0.07122066
10.55 -0.09699918
10.56 -0.1097196
10.57 -0.108866
10.58 -0.0879836
10.59 -0.04893602
10.6 -0.01596255
10.61 0.006157113
10.62 0.02627757
10.63 0.03291464
10.64 0.01621514
10.65 -0.007586619
10.66 -0.01633829
10.67 -0.003454723
10.68 0.02112925
10.69 0.03202381
10.7 0.02866489
10.71 0.01998871
10.72 0.006892871
10.73 0.005059871
10.74 0.02371663
10.75 0.05265703
10.76 0.07213081
10.77 0.06721333
10.78 0.03180805
10.79 -0.01348307
10.8 -0.05729518
10.81 -0.1050863
10.82 -0.139341
10.83 -0.1400786
10.84 -0.1081791
10.85 -0.06872967
10.86 -0.04228928
10.87 -0.0216068
10.88 0.003054703
10.89 0.03033863
10.9 0.04633829
10.91 0.04485618
10.92 0.02446123
10.93 -0.01422641
10.94 -0.05676352
10.95 -0.08485845
10.96 -0.09696489
10.97 -0.09554103
10.98 -0.07262881
10.99 -0.02919421
11 0.02180166
11.01 0.06381337
11.02 0.0882362
11.03 0.08964578
11.04 0.07219149
11.05 0.0496729
11.06 0.03270106
11.07 0.02239494
11.08 0.01405027
11.09 0.01235702
11.1 0.01150323
11.11 0.003788923
11.12 -0.009084545
11.13 -0.01872359
11.14 -0.0197977
11.15 -0.01191621
11.16 0.006019423
11.17 0.02265251
11.18 0.02482711
11.19 0.01066946
11.2 -0.01160126
11.21 -0.03543361
11.22 -0.05603561
11.23 -0.06687214
11.24 -0.06193334
11.25 -0.04286958
11.26 -0.0190302
11.27 0.000524181
11.28 0.01713586
11.29 0.03434322
11.3 0.04958707
11.31 0.060041
11.32 0.06558058
11.33 0.06559073
11.34 0.06067226
11.35 0.04590466
11.36 0.0231423
11.37 0.005988916
11.38 0.004065155
11.39 0.01649585
11.4 0.02919685
11.41 0.02475778
11.42 -0.002272266
11.43 -0.03988174
11.44 -0.07094792
11.45 -0.08277181
11.46 -0.07395292
11.47 -0.0488222
11.48 -0.01824977
11.49 0.005447845
11.5 0.008652649
11.51 -0.007624549
11.52 -0.02420468
11.53 -0.03186288
11.54 -0.03064401
11.55 -0.01998302
11.56 -0.01061027
11.57 -0.0131195
11.58 -0.01981176
11.59 -0.02010045
11.6 -0.00846943
11.61 0.006484757
11.62 0.01282606
11.63 0.008677691
11.64 -0.003385883
11.65 -0.01337376
11.66 -0.009764008
11.67 0.00798906
11.68 0.02694165
11.69 0.03393779
11.7 0.01990256
11.71 -0.01392373
11.72 -0.05049178
11.73 -0.0715803
11.74 -0.06909053
11.75 -0.04765321
11.76 -0.01639942
11.77 0.01733705
11.78 0.04482602
11.79 0.06219557
11.8 0.06771069
11.81 0.05597963
11.82 0.02868135
11.83 -0.002728558
11.84 -0.02833976
11.85 -0.04126421
11.86 -0.0422924
11.87 -0.03682421
11.88 -0.02204647
11.89 0.001921462
11.9 0.02382185
11.91 0.03306507
11.92 0.02932777
11.93 0.02201638
11.94 0.02387377
11.95 0.03449807
11.96 0.04027125
11.97 0.0292797
11.98 0.002342502
11.99 -0.03145522
12 -0.06238878
12.01 -0.079382
12.02 -0.07695137
12.03 -0.06821509
12.04 -0.06602211
12.05 -0.06139644
12.06 -0.04407889
12.07 -0.01863093
12.08 0.005783764
12.09 0.02498728
12.1 0.03422235
12.11 0.03085428
12.12 0.02319304
12.13 0.02034519
12.14 0.02076439
12.15 0.02142227
12.16 0.01587549
12.17 -0.001047347
12.18 -0.02116686
12.19 -0.0326123
12.2 -0.03263068
12.21 -0.02381891
12.22 -0.01095164
12.23 0.004834892
12.24 0.0212171
12.25 0.03516864
12.26 0.04402528
12.27 0.04015539
12.28 0.02618341
12.29 0.01255518
12.3 0.003412906
12.31 -0.002036968
12.32 -0.005261201
12.33 -0.005844654
12.34 -0.003965828
12.35 -0.003265101
12.36 -0.003015214
12.37 -0.002183926
12.38 0.0007149018
12.39 0.00878513
12.4 0.02048656
12.41 0.03377612
12.42 0.04704632
12.43 0.05853355
12.44 0.05972897
12.45 0.04165354
12.46 0.01113514
12.47 -0.01346014
12.48 -0.02652532
12.49 -0.03293603
12.5 -0.03581958
12.51 -0.03544831
12.52 -0.03309518
12.53 -0.03045848
12.54 -0.03152746
12.55 -0.03841756
12.56 -0.04684174
12.57 -0.04984872
12.58 -0.0403413
12.59 -0.02388565
12.6 -0.01160894
12.61 -0.009181342
12.62 -0.01162425
12.63 -0.01009017
12.64 -0.001219236
12.65 0.01495082
12.66 0.03112699
12.67 0.04051404
12.68 0.03955014
12.69 0.030771
12.7 0.0185208
12.71 0.01189691
12.72 0.01665521
12.73 0.02395432
12.74 0.01895327
12.75 -0.0006450151
12.76 -0.01659884
12.77 -0.01915802
12.78 -0.00425786
12.79 0.02163076
12.8 0.04469092
12.81 0.05710737
12.82 0.05399229
12.83 0.03344032
12.84 0.002562877
12.85 -0.02419682
12.86 -0.04230794
12.87 -0.05339228
12.88 -0.05316788
12.89 -0.04298012
12.9 -0.03020666
12.91 -0.01775653
12.92 -0.01082257
12.93 -0.01047781
12.94 -0.01711699
12.95 -0.0237939
12.96 -0.02553606
12.97 -0.02637552
12.98 -0.02794937
12.99 -0.02744957
13 -0.0217447
13.01 -0.01343272
13.02 -0.005049336
13.03 0.004012346
13.04 0.01110645
13.05 0.01365238
13.06 0.01869424
13.07 0.03347507
13.08 0.04942482
13.09 0.05648424
13.1 0.05128735
13.11 0.02868517
13.12 -0.006439536
13.13 -0.03921111
13.14 -0.05835752
13.15 -0.06623701
13.16 -0.06828108
13.17 -0.06431532
13.18 -0.04622255
13.19 -0.01993815
13.2 0.002843549
13.21 0.02246326
13.22 0.04026634
13.23 0.05364672
13.24 0.06230448
13.25 0.06299504
13.26 0.05540115
13.27 0.04603041
13.28 0.03571313
13.29 0.0263781
13.3 0.01996843
13.31 0.02277243
13.32 0.02808765
13.33 0.02684939
13.34 0.01872918
13.35 0.008431274
13.36 -0.001905393
13.37 -0.01931678
13.38 -0.04082857
13.39 -0.05839499
13.4 -0.06775245
13.41 -0.06789627
13.42 -0.05724133
13.43 -0.03454632
13.44 -0.009459403
13.45 0.01000017
13.46 0.02563883
13.47 0.03368053
13.48 0.03361118
13.49 0.03159976
13.5 0.03391006
13.51 0.04118779
13.52 0.04350219
13.53 0.03347968
13.54 0.01237386
13.55 -0.01374322
13.56 -0.03916059
13.57 -0.06123235
13.58 -0.07465961
13.59 -0.07278892
13.6 -0.04976035
13.61 -0.01020882
13.62 0.02994656
13.63 0.05970201
13.64 0.07485006
13.65 0.07063033
13.66 0.04554447
13.67 0.01149078
13.68 -0.01695599
13.69 -0.03558422
13.7 -0.04586478
13.71 -0.04839131
13.72 -0.04635332
13.73 -0.03905214
13.74 -0.03174178
13.75 -0.03253532
13.76 -0.04139808
13.77 -0.04896747
13.78 -0.04411735
13.79 -0.02892647
13.8 -0.01278189
13.81 -0.001949466
13.82 0.007109177
13.83 0.02032533
13.84 0.03467982
13.85 0.03932595
13.86 0.02740931
13.87 0.006314714
13.88 -0.005976262
13.89 -0.003384418
13.9 0.005224406
13.91 0.007809111
13.92 0.003432316
13.93 0.002215481
13.94 0.004845066
13.95 0.003058051
13.96 -0.004805102
13.97 -0.01377904
13.98 -0.01893205
13.99 -0.01868315
14 -0.0115676
14.01 0.001737309
14.02 0.01458424
14.03 0.02089807
14.04 0.02063901
14.05 0.0184797
14.06 0.02025044
14.07 0.02534639
14.08 0.02744762
14.09 0.02569121
14.1 0.02074424
14.11 0.01183354
14.12 0.007091595
14.13 0.006809083
14.14 0.002961672
14.15 -0.004697477
14.16 -0.0139876
14.17 -0.0192569
14.18 -0.01667423
14.19 -0.010136
14.2 -0.005225689
14.21 -0.004825818
14.22 -0.009413748
14.23 -0.01919246
14.24 -0.02770024
14.25 -0.02750642
14.26 -0.02191372
14.27 -0.0127337
14.28 -0.004037141
14.29 0.001328091
14.3 0.001541303
14.31 -0.003740224
14.32 -0.0100234
14.33 -0.01083732
14.34 -0.004427607
14.35 0.006233466
14.36 0.01362646
14.37 0.01678033
14.38 0.0187153
14.39 0.0171119
14.4 0.009727133
14.41 -0.0008012732
14.42 -0.006314339
14.43 -0.007666825
14.44 -0.003053331
14.45 0.009482504
14.46 0.02436638
14.47 0.03437568
14.48 0.03641571
14.49 0.0313341
14.5 0.02334141
14.51 0.01559863
14.52 0.007686531
14.53 -0.001870834
14.54 -0.01308978
14.55 -0.02096516
14.56 -0.02333561
14.57 -0.02265931
14.58 -0.01897809
14.59 -0.01061202
14.6 0.001705542
14.61 0.01534909
14.62 0.02720868
14.63 0.03536668
14.64 0.03620005
14.65 0.02458841
14.66 0.007445307
14.67 -0.002344614
14.68 -0.002401696
14.69 0.004943362
14.7 0.01176516
14.71 0.009600759
14.72 0.002674998
14.73 0.001973277
14.74 0.006799956
14.75 0.009502996
14.76 0.009581576
14.77 0.0132781
14.78 0.02032837
14.79 0.02375765
14.8 0.0179437
14.81 0.005464034
14.82 -0.008174346
14.83 -0.0193433
14.84 -0.02469317
14.85 -0.02246544
14.86 -0.01158915
14.87 0.003343698
14.88 0.0175503
14.89 0.03024832
14.9 0.03947222
14.91 0.04229257
14.92 0.03658774
14.93 0.02330943
14.94 0.01023001
14.95 0.004629231
14.96 0.008449173
14.97 0.01647356
14.98 0.01770167
14.99 0.00702334
15 -0.008251117
15.01 -0.01585722
15.02 -0.00758599
15.03 0.0119236
15.04 0.02814571
15.05 0.03461358
15.06 0.03131902
15.07 0.01916576
15.08 0.00617917
15.09 -0.002995686
15.1 -0.01019786
15.11 -0.01675132
15.12 -0.02567015
15.13 -0.03547741
15.14 -0.038162
15.15 -0.0316921
15.16 -0.02295066
15.17 -0.01587895
15.18 -0.0132371
15.19 -0.01064728
15.2 -0.004235515
15.21 0.004350889
15.22 0.01140117
15.23 0.01487942
15.24 0.01770691
15.25 0.02134631
15.26 0.02639638
15.27 0.02855577
15.28 0.02598643
15.29 0.01775712
15.3 0.006850303
15.31 -0.003733171
15.32 -0.01324055
15.33 -0.02276016
15.34 -0.03060493
15.35 -0.03059265
15.36 -0.02057416
15.37 0.00086731
15.38 0.02461601
15.39 0.04009048
15.4 0.04559547
15.41 0.04381256
15.42 0.03887581
15.43 0.03300678
15.44 0.02771812
15.45 0.02299149
15.46 0.01749068
15.47 0.01079341
15.48 0.0004455549
15.49 -0.01356104
15.5 -0.02543583
15.51 -0.03083157
15.52 -0.02473703
15.53 -0.006739082
15.54 0.01579175
15.55 0.03327765
15.56 0.04098686
15.57 0.03911624
15.58 0.02732508
15.59 0.009043672
15.6 -0.01054844
15.61 -0.02928375
15.62 -0.04166956
15.63 -0.04549961
15.64 -0.04249872
15.65 -0.03623179
15.66 -0.02904788
15.67 -0.02260653
15.68 -0.0175789
15.69 -0.01212594
15.7 -0.00547854
15.71 0.002522389
15.72 0.00939622
15.73 0.01346709
15.74 0.01583354
15.75 0.01862737
15.76 0.01417309
15.77 -0.002740507
15.78 -0.020006
15.79 -0.02589134
15.8 -0.02188269
15.81 -0.01367165
15.82 -0.009634432
15.83 -0.01132452
15.84 -0.01551462
15.85 -0.01935998
15.86 -0.02018103
15.87 -0.01966179
15.88 -0.01708624
15.89 -0.01304904
15.9 -0.01111506
15.91 -0.01555405
15.92 -0.02442697
15.93 -0.02842839
15.94 -0.02579163
15.95 -0.01659628
15.96 -0.002952709
15.97 0.006676144
15.98 0.004817756
15.99 -0.004731431
16 -0.01550258
16.01 -0.02350442
16.02 -0.02574532
16.03 -0.02381542
16.04 -0.01816865
16.05 -0.009677097
16.06 -0.003810003
16.07 -0.00321223
16.08 -0.003207078
16.09 0.0008648152
16.1 0.006935908
16.11 0.01154228
16.12 0.009999074
16.13 0.0005304673
16.14 -0.008196599
16.15 -0.01036915
16.16 -0.009419472
16.17 -0.01026398
16.18 -0.01710404
16.19 -0.02705001
16.2 -0.03494373
16.21 -0.03791597
16.22 -0.03084935
16.23 -0.01826046
16.24 -0.005892904
16.25 0.002294689
16.26 0.007011223
16.27 0.01103722
16.28 0.01380045
16.29 0.01503879
16.3 0.01474303
16.31 0.01393321
16.32 0.01403527
16.33 0.01273686
16.34 0.008790535
16.35 0.005107369
16.36 0.004399543
16.37 0.005078917
16.38 0.002697272
16.39 -0.005574874
16.4 -0.0151261
16.41 -0.02365222
16.42 -0.02873992
16.43 -0.02654892
16.44 -0.01695576
16.45 -0.002362567
16.46 0.009771408
16.47 0.01809161
16.48 0.02292849
16.49 0.02223087
16.5 0.01528983
16.51 0.006067042
16.52 -0.0009178637
16.53 -0.003613669
16.54 -0.007075494
16.55 -0.01337904
16.56 -0.01969585
16.57 -0.02268847
16.58 -0.02013535
16.59 -0.01327988
16.6 -0.005899105
16.61 -0.001182569
16.62 0.001263445
16.63 0.00472232
16.64 0.008719756
16.65 0.01270801
16.66 0.01446859
16.67 0.008784181
16.68 0.000183596
16.69 -0.002784548
16.7 0.002478706
16.71 0.01439848
16.72 0.02537373
16.73 0.03033201
16.74 0.02732511
16.75 0.01476386
16.76 0.0008786579
16.77 -0.007681126
16.78 -0.01120109
16.79 -0.008894817
16.8 -0.003223561
16.81 0.0002342943
16.82 0.002013229
16.83 0.004165485
16.84 0.00757336
16.85 0.009821496
16.86 0.007631611
16.87 0.001143447
16.88 -0.006668678
16.89 -0.0121348
16.9 -0.01260803
16.91 -0.008817651
16.92 -0.005107856
16.93 -0.001989661
16.94 0.004313994
16.95 0.01223639
16.96 0.01717835
16.97 0.01768432
16.98 0.01355746
16.99 0.008463632
17 0.006686846
17.01 0.006423742
17.02 0.003676937
17.03 -0.002757167
17.04 -0.01052748
17.05 -0.01663314
17.06 -0.01747866
17.07 -0.008780046
17.08 0.00530315
17.09 0.01594282
17.1 0.02160388
17.11 0.02463334
17.12 0.02764851
17.13 0.02785155
17.14 0.02341664
17.15 0.01242518
17.16 -0.002251547
17.17 -0.01345823
17.18 -0.01979135
17.19 -0.01954956
17.2 -0.01668126
17.21 -0.01273483
17.22 -0.008854697
17.23 -0.0048083
17.24 -0.0001825458
17.25 -0.002906911
17.26 -0.01246527
17.27 -0.02075578
17.28 -0.0224377
17.29 -0.01536497
17.3 -0.003630835
17.31 0.00649782
17.32 0.01113174
17.33 0.01136026
17.34 0.008669566
17.35 0.00334828
17.36 -0.0006215051
17.37 0.002057069
17.38 0.006579804
17.39 0.007190839
17.4 0.005318174
17.41 0.001137249
17.42 -0.005778296
17.43 -0.01332828
17.44 -0.01721034
17.45 -0.01383919
17.46 -0.004587737
17.47 0.004753477
17.48 0.01252083
17.49 0.01804419
17.5 0.02070338
17.51 0.01772402
17.52 0.01411225
17.53 0.01672861
17.54 0.02577606
17.55 0.03592817
17.56 0.04204925
17.57 0.04494202
17.58 0.0421687
17.59 0.02986653
17.6 0.01530506
17.61 0.008537418
17.62 0.01070905
17.63 0.01547862
17.64 0.01530018
17.65 0.01010537
17.66 0.0007724287
17.67 -0.01015681
17.68 -0.01658888
17.69 -0.01557699
17.7 -0.01110933
17.71 -0.007842222
17.72 -0.006664068
17.73 -0.002129094
17.74 0.007180498
17.75 0.01617797
17.76 0.01834654
17.77 0.0109465
17.78 -0.002156367
17.79 -0.01508481
17.8 -0.01998586
17.81 -0.01840991
17.82 -0.01657079
17.83 -0.01564968
17.84 -0.01500397
17.85 -0.0144164
17.86 -0.01345958
17.87 -0.00978855
17.88 -0.003574656
17.89 0.002712677
17.9 0.006843729
17.91 0.01240074
17.92 0.01579638
17.93 0.01536803
17.94 0.0116818
17.95 0.003986972
17.96 -0.003210094
17.97 -0.009166842
17.98 -0.00964415
17.99 -0.005835417
18 -0.0002855457
18.01 0.002542966
18.02 0.002105439
18.03 0.00265731
18.04 0.004981942
18.05 0.008755995
18.06 0.009559806
18.07 0.006439678
18.08 0.00162533
18.09 -0.001915039
18.1 -0.003359307
18.11 -0.003604055
18.12 -0.006112184
18.13 -0.01158035
18.14 -0.01404054
18.15 -0.01255843
18.16 -0.01059283
18.17 -0.006052767
18.18 0.001000583
18.19 0.009322814
18.2 0.01383228
18.21 0.01150571
18.22 0.002570567
18.23 -0.007828282
18.24 -0.01042107
18.25 -0.005705562
18.26 -0.001022691
18.27 -0.0006085205
18.28 -0.00114193
18.29 0.00059212
18.3 0.00580845
18.31 0.01260272
18.32 0.0187605
18.33 0.02371062
18.34 0.02494181
18.35 0.02213992
18.36 0.01582311
18.37 0.006084199
18.38 -0.002787711
18.39 -0.008279342
18.4 -0.01354658
18.41 -0.0178091
18.42 -0.01988271
18.43 -0.01719802
18.44 -0.01248048
18.45 -0.006600126
18.46 0.002375922
18.47 0.01195479
18.48 0.01930394
18.49 0.02130216
18.5 0.01841256
18.51 0.01244255
18.52 0.005152654
18.53 -0.003286777
18.54 -0.00847955
18.55 -0.008442781
18.56 -0.007333993
18.57 -0.008265206
18.58 -0.009116858
18.59 -0.005685529
18.6 -0.0008017223
18.61 0.002608185
18.62 0.005768193
18.63 0.00790718
18.64 0.006941287
18.65 0.001487394
18.66 -0.006404298
18.67 -0.01350447
18.68 -0.01703464
18.69 -0.01724574
18.7 -0.01469365
18.71 -0.008955085
18.72 -0.001593697
18.73 0.002226249
18.74 0.001560235
18.75 -0.0005092982
18.76 -0.002228972
18.77 -0.003361126
18.78 -0.00548982
18.79 -0.008201954
18.8 -0.008888368
18.81 -0.008668003
18.82 -0.0105672
18.83 -0.01420243
18.84 -0.01618526
18.85 -0.01461238
18.86 -0.01233162
18.87 -0.009602052
18.88 -0.005269045
18.89 0.001280419
18.9 0.005838843
18.91 0.007777909
18.92 0.005651253
18.93 -0.001960962
18.94 -0.008175779
18.95 -0.008776514
18.96 -0.004686269
18.97 -0.0007490257
18.98 0.0004138181
18.99 -0.000403158
19 -0.005557175
19.01 -0.01308575
19.02 -0.01690765
19.03 -0.01456059
19.04 -0.009783881
19.05 -0.005613058
19.06 -0.004558334
19.07 -0.006483031
19.08 -0.008755549
19.09 -0.008662686
19.1 -0.004206263
19.11 0.004149619
19.12 0.01388658
19.13 0.02010964
19.14 0.02200995
19.15 0.01863073
19.16 0.01433249
19.17 0.01042185
19.18 0.006772333
19.19 0.003055495
19.2 -0.001922064
19.21 -0.006234582
19.22 -0.009819842
19.23 -0.01298384
19.24 -0.01735756
19.25 -0.02255952
19.26 -0.02635183
19.27 -0.02723716
19.28 -0.02393639
19.29 -0.01557338
19.3 -0.005508995
19.31 0.002918285
19.32 0.007196204
19.33 0.009419845
19.34 0.01186584
19.35 0.01503299
19.36 0.0170108
19.37 0.01601839
19.38 0.01056652
19.39 0.003255202
19.4 -0.003765419
19.41 -0.009692599
19.42 -0.01478746
19.43 -0.01969464
19.44 -0.02008934
19.45 -0.01609193
19.46 -0.009362948
19.47 -0.002590109
19.48 0.003900189
19.49 0.010417
19.5 0.01631571
19.51 0.0196746
19.52 0.01919626
19.53 0.01631887
19.54 0.01293048
19.55 0.01023975
19.56 0.005906829
19.57 -0.000313094
19.58 -0.006912457
19.59 -0.01269684
19.6 -0.0169451
19.61 -0.0200785
19.62 -0.01874839
19.63 -0.01220811
19.64 -0.004960979
19.65 -0.0003026033
19.66 0.0009754924
19.67 0.001991448
19.68 0.004682243
19.69 0.009457918
19.7 0.01475073
19.71 0.01748845
19.72 0.01605436
19.73 0.0101639
19.74 0.002402754
19.75 -0.00532269
19.76 -0.009072178
19.77 -0.007803263
19.78 -0.003612049
19.79 0.001229925
19.8 0.002269339
19.81 0.002257133
19.82 0.002145986
19.83 0.0004905596
19.84 -0.003886227
19.85 -0.009882774
19.86 -0.01319774
19.87 -0.01282031
19.88 -0.01178905
19.89 -0.01306708
19.9 -0.01529371
19.91 -0.01824658
19.92 -0.0202284
19.93 -0.01563837
19.94 -0.005622961
19.95 0.004213951
19.96 0.01093986
19.97 0.01307475
19.98 0.01229143
19.99 0.009557856
20 0.004904647
20.01 0.001121498
20.02 -0.001369311
20.03 -0.0035429
20.04 -0.00462713
20.05 -0.0044843
20.06 -0.003392869
20.07 -0.002722699
20.08 -0.00198929
20.09 -0.001708759
20.1 -0.00337949
20.11 -0.00542558
20.12 -0.00726359
20.13 -0.009401483
20.14 -0.01046633
20.15 -0.01039082
20.16 -0.008762875
20.17 -0.008569046
20.18 -0.007722418
20.19 -0.005863949
20.2 -0.003007921
20.21 0.0001510466
20.22 0.002126814
20.23 0.005593822
20.24 0.00801941
20.25 0.009135318
20.26 0.008463165
20.27 0.00794095
20.28 0.008902839
20.29 0.01312159
20.3 0.01773915
20.31 0.02165393
20.32 0.02021984
20.33 0.01447013
20.34 0.006802818
20.35 0.0006287834
20.36 -0.001453011
20.37 -0.000978685
20.38 0.0005187004
20.39 0.001327586
20.4 -0.000164649
20.41 -0.004215044
20.42 -0.005811319
20.43 -0.003979374
20.44 0.0009809103
20.45 0.004039915
20.46 0.005849419
20.47 0.008624862
20.48 0.01257433
20.49 0.01692058
20.5 0.02038655
20.51 0.02231336
20.52 0.02162998
20.53 0.02011837
20.54 0.0172328
20.55 0.01400759
20.56 0.01235011
20.57 0.01178098
20.58 0.009670619
20.59 0.00234806
20.6 -0.006255617
20.61 -0.01360163
20.62 -0.01709205
20.63 -0.01676054
20.64 -0.01097405
20.65 -0.002025569
20.66 0.005078752
20.67 0.008555953
20.68 0.005915194
20.69 0.0009080349
20.7 -0.002560964
20.71 -0.002505864
20.72 -0.001029904
20.73 0.001032556
20.74 0.001732296
20.75 0.001649696
20.76 -0.002441505
20.77 -0.006356245
20.78 -0.005033286
20.79 -0.003835787
20.8 -0.004995507
20.81 -0.009281529
20.82 -0.01212833
20.83 -0.009472233
20.84 -0.002292434
20.85 0.003910204
20.86 0.006967163
20.87 0.00817996
20.88 0.007239538
20.89 0.003552256
20.9 -0.0001768469
20.91 -0.003187869
20.92 -0.005252332
20.93 -0.004373076
20.94 -0.002107639
20.95 -0.003467282
20.96 -0.007157625
20.97 -0.01052973
20.98 -0.01073881
20.99 -0.008746737
21 -0.006632261
21.01 -0.003230546
21.02 0.001265629
21.03 0.005682244
21.04 0.00876266
21.05 0.0106456
21.06 0.009179869
21.07 0.006079084
21.08 0.002947698
21.09 0.001386092
21.1 0.001334087
21.11 0.002976301
21.12 0.006722775
21.13 0.01043865
21.14 0.01288258
21.15 0.01386894
21.16 0.01149949
21.17 0.007866261
21.18 0.005509054
21.19 0.002487827
21.2 -0.0005731805
21.21 -0.002517288
21.22 -0.004333896
21.23 -0.004642943
21.24 -0.002847732
21.25 -0.00103518
21.26 0.001711691
21.27 0.003407962
21.28 0.004781914
21.29 0.006987165
21.3 0.008198935
21.31 0.009103687
21.32 0.008273417
21.33 0.006280347
21.34 0.003958837
21.35 0.004156728
21.36 0.005198158
21.37 0.005061488
21.38 0.004624936
21.39 0.003348926
21.4 0.003222455
21.41 0.002431964
21.42 0.0003705536
21.43 -0.0009605376
21.44 -0.002220229
21.45 -0.004093961
21.46 -0.006506252
21.47 -0.005226144
21.48 -0.0009003163
21.49 0.003721312
21.5 0.007585079
21.51 0.009236466
21.52 0.007966572
21.53 0.00358466
21.54 -0.0004004723
21.55 -0.004237706
21.56 -0.008167759
21.57 -0.009634513
21.58 -0.009517206
21.59 -0.009514141
21.6 -0.01013634
21.61 -0.01055351
21.62 -0.008509424
21.63 -0.004078537
21.64 -0.0003137119
21.65 0.002662654
21.66 0.004840358
21.67 0.005684923
21.68 0.006357107
21.69 0.006393832
21.7 0.003435837
21.71 -0.001526459
21.72 -0.006305156
21.73 -0.009234592
21.74 -0.007769868
21.75 -0.004055024
21.76 -0.0008471215
21.77 0.0008267018
21.78 0.001326504
21.79 0.0008634276
21.8 -0.00138771
21.81 -0.001644747
21.82 0.001753895
21.83 0.005079097
21.84 0.005454459
21.85 0.002548481
21.86 -0.001258157
21.87 -0.003485836
21.88 -0.003582734
21.89 -0.002557633
21.9 -0.001604953
21.91 -0.0006175916
21.92 0.0007634891
21.93 0.00190181
21.94 0.00208847
21.95 0.00053093
21.96 0.0002983701
21.97 0.00381533
21.98 0.008653191
21.99 0.01239353
22 0.01414793
22.01 0.01226398
22.02 0.007141547
22.03 0.003279825
22.04 0.001364264
22.05 -3.109727e-05
22.06 -0.001281619
22.07 -0.00257906
22.08 -0.004491562
22.09 -0.005725765
22.1 -0.003184947
22.11 0.001340791
22.12 0.006413247
22.13 0.01036778
22.14 0.01106546
22.15 0.0107513
22.16 0.009332477
22.17 0.006460153
22.18 0.002029269
22.19 -0.003733735
22.2 -0.01024236
22.21 -0.01562388
22.22 -0.01724773
22.23 -0.01565551
22.24 -0.01167139
22.25 -0.007738281
22.26 -0.005969606
22.27 -0.005623831
22.28 -0.005569776
22.29 -0.003898001
22.3 0.0002686927
22.31 0.003736687
22.32 0.007592281
22.33 0.009078415
22.34 0.008365429
22.35 0.005263602
22.36 0.000759276
22.37 -0.002406811
22.38 -0.005572897
22.39 -0.006748965
22.4 -0.006418491
22.41 -0.005710619
22.42 -0.005717766
22.43 -0.006937694
22.44 -0.007373242
22.45 -0.00672963
22.46 -0.006510338
22.47 -0.007942426
22.48 -0.01113198
22.49 -0.01180416
22.5 -0.01148797
22.51 -0.007597701
22.52 -0.00275577
22.53 0.00163532
22.54 0.005155331
22.55 0.005827501
22.56 0.004494352
22.57 0.001564902
22.58 -0.0004455283
22.59 -0.001474718
22.6 -0.002426389
22.61 -0.005290559
22.62 -0.009165551
22.63 -0.0130691
22.64 -0.01505301
22.65 -0.01323335
22.66 -0.007992595
22.67 -0.003886086
22.68 -0.001888937
22.69 -0.0007863292
22.7 -0.0002294212
22.71 0.0008211666
22.72 0.001835034
22.73 0.002068602
22.74 0.0005283894
22.75 -4.996327e-05
22.76 -0.0007925363
22.77 -0.0007864291
22.78 -0.0009425024
22.79 -0.001824816
22.8 -0.00172895
22.81 -0.001761603
22.82 0.0002192232
22.83 0.004734749
22.84 0.009722535
22.85 0.01198692
22.86 0.01185634
22.87 0.01137591
22.88 0.01008356
22.89 0.007609022
22.9 0.002590608
22.91 -0.001792348
22.92 -0.002560424
22.93 0.0001395011
22.94 0.002795566
22.95 0.00320661
22.96 0.002363053
22.97 0.0004076975
22.98 0.0002801812
22.99 0.0008075047
23 0.0002832083
23.01 -0.0009061285
23.02 -0.0005297654
23.03 0.002384357
23.04 0.00577584
23.05 0.008253403
23.06 0.008918426
23.07 0.008455328
23.08 0.007097691
23.09 0.005849192
23.1 0.004906694
23.11 0.003418496
23.12 0.0005808376
23.13 -0.003388001
23.14 -0.006643859
23.15 -0.007522098
23.16 -0.006605137
23.17 -0.007351796
23.18 -0.009954856
23.19 -0.01061889
23.2 -0.008283115
23.21 -0.004965074
23.22 -3.747433e-05
23.23 0.004566786
23.24 0.006776085
23.25 0.006386425
23.26 0.003638524
23.27 0.003157064
23.28 0.004120944
23.29 0.003932222
23.3 0.002388941
23.31 -0.0002141195
23.32 -0.00332718
23.33 -0.004870462
23.34 -0.004041224
23.35 -0.001136286
23.36 0.003883113
23.37 0.008559791
23.38 0.01194617
23.39 0.01396778
23.4 0.01282945
23.41 0.008330201
23.42 0.005080458
23.43 0.004061455
23.44 0.003488192
23.45 0.002851689
23.46 0.001478746
23.47 -0.0007713976
23.48 -0.002324881
23.49 -0.003562165
23.5 -0.003578509
23.51 -0.002719693
23.52 -0.0009122768
23.53 0.002502659
23.54 0.004985314
23.55 0.00664483
23.56 0.009428385
23.57 0.01214768
23.58 0.01302078
23.59 0.01023309
23.6 0.006626345
23.61 0.003390879
23.62 -0.0002882857
23.63 -0.001791792
23.64 -0.001854037
23.65 -0.0001608631
23.66 0.001544551
23.67 0.001143665
23.68 -0.001740922
23.69 -0.003862548
23.7 -0.007233674
23.71 -0.007031741
23.72 -0.003547448
23.73 -0.001333056
23.74 -0.0004365023
23.75 -6.830953e-05
23.76 0.0009251431
23.77 0.0009291955
23.78 0.000106028
23.79 -0.00163922
23.8 -0.003583368
23.81 -0.007281915
23.82 -0.009078165
23.83 -0.009317892
23.84 -0.00718
23.85 -0.003363189
23.86 -0.002666557
23.87 -0.005475666
23.88 -0.01005652
23.89 -0.01307778
23.9 -0.01465066
23.91 -0.01423044
23.92 -0.01122249
23.93 -0.008700062
23.94 -0.007462832
23.95 -0.007241522
23.96 -0.008281951
23.97 -0.007018201
23.98 -0.003700172
23.99 0.001590538
24 0.004747407
24.01 0.005072757
24.02 0.002486006
24.03 -0.0008218846
24.04 -0.003807455
24.05 -0.005766907
24.06 -0.005746537
24.07 -0.005510949
24.08 -0.00533248
24.09 -0.006319872
24.1 -0.007643863
24.11 -0.01029283
24.12 -0.01124249
24.13 -0.01158014
24.14 -0.009710512
24.15 -0.006259883
24.16 -0.004311716
24.17 -0.002137108
24.18 -0.0004776008
24.19 -0.0001277735
24.2 -0.0007846864
24.21 -0.0008051193
24.22 0.0009329276
24.23 0.002729114
24.24 0.003192161
24.25 0.002334308
24.26 0.0001575943
24.27 -0.00222924
24.28 -0.003683793
24.29 -0.002006947
24.3 -0.0006616009
24.31 0.000750045
24.32 0.001130471
24.33 0.001815877
24.34 0.003230582
24.35 0.002847028
24.36 0.001445513
24.37 -0.0007709818
24.38 -0.002406077
24.39 -0.002971192
24.4 -0.002115446
24.41 -0.001669741
24.42 -0.001149577
24.43 -0.002598012
24.44 -0.003567048
24.45 -0.004331063
24.46 -0.005995738
24.47 -0.006990275
24.48 -0.005675531
24.49 -0.003211247
24.5 -0.001941383
24.51 -0.0007765793
24.52 -0.001481435
24.53 -0.004405812
24.54 -0.007573968
24.55 -0.008824525
24.56 -0.007217041
24.57 -0.003108519
24.58 0.0006379042
24.59 0.004759687
24.6 0.00711993
24.61 0.006726173
24.62 0.006003975
24.63 0.006067178
24.64 0.0072024
24.65 0.007264583
24.66 0.004459545
24.67 0.0004825272
24.68 -0.003381271
24.69 -0.007235889
24.7 -0.008963806
24.71 -0.009466705
24.72 -0.008433484
24.73 -0.005823342
24.74 -0.00233396
24.75 0.002350861
24.76 0.006621562
24.77 0.0103792
24.78 0.01264459
24.79 0.01451931
24.8 0.01461412
24.81 0.01373892
24.82 0.01137147
24.83 0.006768168
24.84 0.00169567
24.85 -0.002232389
24.86 -0.005885049
24.87 -0.00847283
24.88 -0.00875949
24.89 -0.007788489
24.9 -0.004912129
24.91 -0.002996609
24.92 -0.001611489
24.93 -0.0006486489
24.94 0.00197985
24.95 0.005421291
24.96 0.00784273
24.97 0.009515489
24.98 0.01002239
24.99 0.009140047
25 0.006579807
25.01 0.003991006
25.02 0.003728825
25.03 0.005870785
25.04 0.007006003
25.05 0.006936602
25.06 0.006339861
25.07 0.003984639
25.08 0.003793858
25.09 0.005220796
25.1 0.006500855
25.11 0.007657493
25.12 0.008079731
25.13 0.00898443
25.14 0.008248967
25.15 0.007399266
25.16 0.005395944
25.17 0.002048262
25.18 -0.00126168
25.19 -0.003183402
25.2 -0.003593485
25.21 -0.002153287
25.22 3.970423e-06
25.23 0.001388068
25.24 0.003752385
25.25 0.005940242
25.26 0.008835979
25.27 0.01173376
25.28 0.01282104
25.29 0.01276489
25.3 0.01036784
25.31 0.006231705
25.32 0.0006951019
25.33 -0.004414121
25.34 -0.006311364
25.35 -0.005132288
25.36 -0.002252871
25.37 0.001219166
25.38 0.003052061
25.39 0.003074458
25.4 0.002445074
25.41 0.00193605
25.42 0.002177747
25.43 0.001403523
25.44 0.0009373392
25.45 -0.0005366047
25.46 -0.0008803887
25.47 -0.001486312
25.48 -0.001364977
25.49 -0.0006836611
25.5 -0.001002965
25.51 -0.0007469897
25.52 -0.001012234
25.53 -0.0001646585
25.54 2.577043e-06
25.55 -0.001013387
25.56 -0.002532212
25.57 -0.004667117
25.58 -0.006348121
25.59 -0.007314106
25.6 -0.006576691
25.61 -0.005235435
25.62 -0.00398904
25.63 -0.003979906
25.64 -0.00480921
25.65 -0.006712575
25.66 -0.008891341
25.67 -0.01021433
25.68 -0.01080087
25.69 -0.009960436
25.7 -0.009042481
25.71 -0.005502107
25.72 -0.001948472
25.73 -0.001985238
25.74 -0.003961023
25.75 -0.005203429
25.76 -0.005384014
25.77 -0.00310946
25.78 -0.001539725
25.79 -0.0009604112
25.8 -0.0007227968
25.81 0.0007928773
25.82 0.002884852
25.83 0.004777926
25.84 0.00653534
25.85 0.005837615
25.86 0.004384067
25.87 0.003958682
25.88 0.005861956
25.89 0.006945149
25.9 0.006895122
25.91 0.004587838
25.92 0.002155092
25.93 0.0003986053
25.94 9.56191e-05
25.95 -0.0005205072
25.96 -0.0008234936
25.97 0.0001811602
25.98 -5.858616e-05
25.99 -0.001153092
26 -0.003536879
26.01 -0.005694226
26.02 -0.006131852
26.03 -0.003243258
26.04 0.000726535
26.05 0.004039449
26.06 0.006610822
26.07 0.007533875
26.08 0.008083608
26.09 0.007106401
26.1 0.005114295
26.11 0.001459589
26.12 -0.002855058
26.13 -0.005602985
26.14 -0.007406391
26.15 -0.006767918
26.16 -0.004868725
26.17 -0.003822252
26.18 -0.003746819
26.19 -0.003602026
26.2 -0.004621053
26.21 -0.00506276
26.22 -0.005658486
26.23 -0.005925773
26.24 -0.00483952
26.25 -0.001930528
26.26 0.0009866254
26.27 0.002058598
26.28 0.002056511
26.29 0.002101345
26.3 0.003801637
26.31 0.00571409
26.32 0.007701003
26.33 0.007219516
26.34 0.004592969
26.35 0.001905222
26.36 -0.0003388253
26.37 -0.0004969724
26.38 0.0006749604
26.39 0.001149214
26.4 0.001033906
26.41 0.001039979
26.42 0.001811052
26.43 0.005664565
26.44 0.008167598
26.45 0.008865232
26.46 0.008248083
26.47 0.005360415
26.48 0.001455809
26.49 -0.002498778
26.5 -0.005640426
26.51 -0.004925452
26.52 -0.00197872
26.53 -0.0001876472
26.54 0.001869646
26.55 0.001387138
26.56 0.001156571
26.57 0.002151024
26.58 0.003774817
26.59 0.005184408
26.6 0.006000363
26.61 0.005172076
26.62 0.003862348
26.63 0.004573241
26.64 0.005693154
26.65 0.005390167
26.66 0.00433136
26.67 0.003169532
26.68 0.001861846
26.69 0.0003256785
26.7 -0.001051369
26.71 -0.0007607156
26.72 -0.001558402
26.73 -0.00236425
26.74 -0.001849197
26.75 -0.0001234038
26.76 0.001922669
26.77 0.005025462
26.78 0.007159255
26.79 0.009339968
26.8 0.009474562
26.81 0.007106074
26.82 0.006266568
26.83 0.004029661
26.84 0.002491453
26.85 0.001141947
26.86 -0.0004778599
26.87 -0.001662127
26.88 -0.001723373
26.89 -0.0008176603
26.9 0.000846933
26.91 0.002769586
26.92 0.00486972
26.93 0.005933533
26.94 0.006020187
26.95 0.005068479
26.96 0.001635113
26.97 -0.001425954
26.98 -0.00354046
26.99 -0.004455447
27 -0.005426533
27.01 -0.006484319
27.02 -0.006586366
27.03 -0.003887492
27.04 -0.0005409185
27.05 0.002152855
27.06 0.004097949
27.07 0.005701343
27.08 0.007560756
27.09 0.00863375
27.1 0.01014024
27.11 0.0105992
27.12 0.009753572
27.13 0.008115405
27.14 0.006094739
27.15 0.004213814
27.16 0.001619908
27.17 -0.0008352779
27.18 -0.002568304
27.19 -0.004728709
27.2 -0.006330155
27.21 -0.007546041
27.22 -0.007053427
27.23 -0.004940033
27.24 -0.003634478
27.25 -0.002321784
27.26 -0.001588449
27.27 -0.0008948945
27.28 0.0004790001
27.29 0.002074235
27.3 0.00369089
27.31 0.003905044
27.32 0.001772179
27.33 -0.001666286
27.34 -0.004496832
27.35 -0.005356736
27.36 -0.004719281
27.37 -0.003145466
27.38 -0.001388051
27.39 -0.0005894363
27.4 -0.000891401
27.41 0.0008721343
27.42 0.00214709
27.43 0.001297385
27.44 -0.00129856
27.45 -0.004234164
27.46 -0.005358248
27.47 -0.004769753
27.48 -0.003047017
27.49 -0.001756762
27.5 -0.002120946
27.51 -0.00270953
27.52 -0.001747714
27.53 -0.0002412184
27.54 0.001887477
27.55 0.0007327937
27.56 -0.00245883
27.57 -0.006929534
27.58 -0.009385739
27.59 -0.008629961
27.6 -0.006367645
27.61 -0.002114288
27.62 0.000864068
27.63 0.002703084
27.64 0.003050862
27.65 0.002955958
27.66 0.002952855
27.67 0.001117832
27.68 -0.002351231
27.69 -0.006974934
27.7 -0.009900337
27.71 -0.00982388
27.72 -0.007102563
27.73 -0.004123186
27.74 -0.003202168
27.75 -0.002686091
27.76 -0.001719173
27.77 -0.0004258555
27.78 0.0009959822
27.79 0.00196494
27.8 0.002253557
27.81 0.002451396
27.82 0.003178613
27.83 0.003348911
27.84 0.00285621
27.85 0.001117068
27.86 -0.001598213
27.87 -0.002524415
27.88 -0.002971217
27.89 -0.002687698
27.9 -0.001848279
27.91 -0.002076801
27.92 -0.002856121
27.93 -0.002893903
27.94 -0.002815404
27.95 -0.003457024
27.96 -0.004507666
27.97 -0.004941207
27.98 -0.004094647
27.99 -0.001930248
28 0.0008940919
28.01 0.002627032
28.02 0.003241031
28.03 0.003914191
28.04 0.004017171
28.05 0.003800891
28.06 0.002435071
28.07 0.001308951
28.08 0.0004786315
28.09 -0.001190128
28.1 -0.002775248
28.11 -0.003926867
28.12 -0.004191086
28.13 -0.004080966
28.14 -0.002966145
28.15 -0.001799304
28.16 -0.0001071627
28.17 0.001078038
28.18 0.00156658
28.19 0.002226481
28.2 0.0006546225
28.21 -0.001968856
28.22 -0.004498494
28.23 -0.004907552
28.24 -0.00469645
28.25 -0.003025729
28.26 1.485358e-05
28.27 0.001026656
28.28 0.0009878582
28.29 -0.0008624594
28.3 -0.003687897
28.31 -0.005487214
28.32 -0.006309371
28.33 -0.005751469
28.34 -0.004574425
28.35 -0.004032842
28.36 -0.00492538
28.37 -0.006440116
28.38 -0.006860393
28.39 -0.006626849
28.4 -0.005638505
28.41 -0.004713402
28.42 -0.003630198
28.43 -0.003443573
28.44 -0.00454317
28.45 -0.004894086
28.46 -0.004691141
28.47 -0.003159137
28.48 -0.001040632
28.49 0.0006678325
28.5 0.001174738
28.51 0.0003699222
28.52 -0.0005236326
28.53 -0.001748687
28.54 -0.003525562
28.55 -0.003946857
28.56 -0.003783691
28.57 -0.003916325
28.58 -0.0038011
28.59 -0.003792973
28.6 -0.002717927
28.61 -0.003207561
28.62 -0.003046435
28.63 -0.001278808
28.64 -0.0006739821
28.65 1.040451e-05
28.66 -0.0003343886
28.67 -0.0001141017
28.68 0.0003091654
28.69 0.0009517327
28.7 0.00111388
28.71 0.0008211074
28.72 -0.000441685
28.73 -0.001741197
28.74 -0.001189409
28.75 0.0008658588
28.76 0.002166327
28.77 0.001201375
28.78 -0.0006907564
28.79 -0.002667548
28.8 -0.00282874
28.81 -0.00260131
28.82 -0.001586441
28.83 -0.002521812
28.84 -0.002757463
28.85 -0.001934354
28.86 -0.001795664
28.87 -0.002228174
28.88 -0.002397524
28.89 -0.002205794
28.9 -0.002374124
28.91 4.83458e-05
28.92 0.001020376
28.93 0.0009316067
28.94 -0.0006014826
28.95 -0.0009105718
28.96 0.0008233992
28.97 0.002768511
28.98 0.004745242
28.99 0.006700553
29 0.007996946
29.01 0.007621556
29.02 0.006805528
29.03 0.00576204
29.04 0.006184292
29.05 0.006746284
29.06 0.006684037
29.07 0.005170329
29.08 0.002781462
29.09 0.001330995
29.1 0.001670628
29.11 0.003281181
29.12 0.003899275
29.13 0.003456568
29.14 0.001691942
29.15 0.0002690164
29.16 -0.0003634097
29.17 -0.0006622954
29.18 -0.001038701
29.19 -0.002710507
29.2 -0.003939632
29.21 -0.003756057
29.22 -0.002101642
29.23 -0.0008460471
29.24 -0.0009562318
29.25 -0.001463196
29.26 -0.002626021
29.27 -0.002960605
29.28 -0.002194609
29.29 -6.793281e-05
29.3 0.001605864
29.31 0.002293319
29.32 0.002326956
29.33 0.001912813
29.34 0.00203621
29.35 0.002030068
29.36 0.003887464
29.37 0.006609822
29.38 0.00731258
29.39 0.007032058
29.4 0.005664215
29.41 0.004050553
29.42 0.002299192
29.43 0.002046211
29.44 0.003179409
29.45 0.003941328
29.46 0.003809727
29.47 0.002914145
29.48 0.003023265
29.49 0.002892685
29.5 0.003152764
29.51 0.004049324
29.52 0.005027484
29.53 0.004570504
29.54 0.002336685
29.55 -0.0004734346
29.56 -0.002606274
29.57 -0.003018372
29.58 -0.002133032
29.59 -0.0001552706
29.6 0.001708251
29.61 0.002522192
29.62 0.003868574
29.63 0.004895696
29.64 0.005131298
29.65 0.0051884
29.66 0.003613503
29.67 0.003089206
29.68 0.002714849
29.69 0.001995732
29.7 -0.0004798247
29.71 -0.004480281
29.72 -0.008307339
29.73 -0.009910793
29.74 -0.00887551
29.75 -0.005265745
29.76 -0.001232681
29.77 0.003822423
29.78 0.007998289
29.79 0.008646994
29.8 0.01051154
29.81 0.01025857
29.82 0.00897947
29.83 0.007063894
29.84 0.00502592
29.85 0.001397767
29.86 -0.002455807
29.87 -0.006562341
29.88 -0.009373473
29.89 -0.01051078
29.9 -0.00986412
29.91 -0.006885732
29.92 -0.002759845
29.93 0.001746502
29.94 0.00490849
29.95 0.007534978
29.96 0.007954186
29.97 0.007002515
29.98 0.003445763
29.99 0.001275192
30 0.0003806411
30.01 -6.408973e-05
30.02 -0.0004313003
30.03 -0.00183789
30.04 -0.003593321
30.05 -0.00565883
30.06 -0.00554664
30.07 -0.003179231
30.08 -0.00105254
30.09 0.000101071
30.1 -0.000147818
30.11 -0.001059706
30.12 -0.002568296
30.13 -0.002874304
30.14 -0.001176012
30.15 0.0008497001
30.16 0.002188952
30.17 0.002987605
30.18 0.002273598
30.19 0.0001071101
30.2 -0.0009904169
30.21 -0.0009486036
30.22 -0.0008557902
30.23 0.0007374434
30.24 0.002833537
30.25 0.004494091
30.26 0.006094465
30.27 0.00538964
30.28 0.004677674
30.29 0.00322723
30.3 0.001633984
30.31 -0.00129036
30.32 -0.003281405
30.33 -0.003818948
30.34 -0.003348733
30.35 -0.002753057
30.36 -0.0031019
30.37 -0.004045404
30.38 -0.004834886
30.39 -0.00496443
30.4 -0.004044393
30.41 -0.002791835
30.42 -0.001076198
30.43 -0.0006528998
30.44 -0.002587842
30.45 -0.004156603
30.46 -0.004942005
30.47 -0.003072347
30.48 -0.001150668
30.49 0.0002640718
30.5 0.0009750111
30.51 0.0009903111
30.52 0.001002551
30.53 0.001072931
30.54 0.002219411
30.55 0.002848751
30.56 0.003100692
30.57 0.002101092
30.58 0.0004670537
30.59 -0.001433205
30.6 -0.003616004
30.61 -0.004108662
30.62 -0.00481042
30.63 -0.005477497
30.64 -0.005941595
30.65 -0.005365293
30.66 -0.00527145
30.67 -0.004010726
30.68 -0.002863224
30.69 -0.00242258
30.7 -0.001079236
30.71 0.0007251478
30.72 0.002839612
30.73 0.004078916
30.74 0.004980601
30.75 0.004142165
30.76 0.002179691
30.77 -0.0003743838
30.78 -0.003279338
30.79 -0.004699172
30.8 -0.006132266
30.81 -0.00661676
30.82 -0.005785454
30.83 -0.003982087
30.84 -0.001090381
30.85 0.0006181266
30.86 0.001649354
30.87 0.002166501
30.88 0.002543909
30.89 0.002243018
30.9 0.001897246
30.91 0.002107374
30.92 0.003102902
30.93 0.003944411
30.94 0.00335996
30.95 0.00212781
30.96 0.0003009996
30.97 -3.76306e-05
30.98 6.239447e-06
30.99 5.010972e-05
31 -0.0006057397
31.01 -0.001053509
31.02 -0.000953538
31.03 -0.000832147
31.04 -0.0003925155
31.05 -0.0001089438
31.06 5.018803e-05
31.07 0.0005204202
31.08 0.001190572
31.09 0.000671405
31.1 0.0001522378
31.11 -0.0007902291
31.12 -0.002611936
31.13 -0.002918943
31.14 -0.001147189
31.15 0.0007479853
31.16 0.0023035
31.17 0.002212733
31.18 0.002090349
31.19 0.002923703
31.2 0.003074679
31.21 0.003943734
31.22 0.003780549
31.23 0.002223026
31.24 0.0001422414
31.25 -0.001712103
31.26 -0.003704145
31.27 -0.003210449
31.28 -0.001238772
31.29 -0.0008215748
31.3 0.0001505026
31.31 0.0012205
31.32 0.003694018
31.33 0.005661616
31.34 0.007124314
31.35 0.007599653
31.36 0.006762252
31.37 0.005080291
31.38 0.00324839
31.39 0.00230185
31.4 0.00129411
31.41 0.00078413
31.42 -0.0005673497
31.43 -0.001224209
31.44 -0.002477769
31.45 -0.003136667
31.46 -0.002627666
31.47 -0.002097245
31.48 -0.001267963
31.49 -0.0008783012
31.5 0.001180081
31.51 0.002838623
31.52 0.004084066
31.53 0.005428448
31.54 0.006032312
31.55 0.005564155
31.56 0.004995017
31.57 0.004604383
31.58 0.004127047
31.59 0.004303531
31.6 0.003193796
31.61 0.00290006
31.62 0.002376825
31.63 0.00167305
31.64 0.000499056
31.65 -0.0008870984
31.66 -0.002656772
31.67 -0.004796706
31.68 -0.006438879
31.69 -0.007065133
31.7 -0.005538167
31.71 -0.004682359
31.72 -0.003203332
31.73 -0.001278564
31.74 -0.0002881164
31.75 0.002362891
31.76 0.0048252
31.77 0.005862569
31.78 0.005377077
31.79 0.003384026
31.8 0.002021336
31.81 -0.0006846949
31.82 -0.002210585
31.83 -0.003505955
31.84 -0.004016945
31.85 -0.003908795
31.86 -0.003266164
31.87 -0.000575373
31.88 0.002446918
31.89 0.004600169
31.9 0.004973521
31.91 0.004123893
31.92 0.002114525
31.93 0.0002816174
31.94 -0.00058025
31.95 -0.001739957
31.96 -0.001923524
31.97 -0.001779671
31.98 -0.002597678
31.99 -0.002779204
32 -0.00401949
32.01 -0.003743035
32.02 -0.002815821
32.03 -0.001383707
32.04 -0.0003442914
32.05 0.0007359236
32.06 0.002246579
32.07 0.002782115
32.08 0.003191171
32.09 0.003244246
32.1 0.002755703
32.11 0.001231859
32.12 -0.0009478437
32.13 -0.003828287
32.14 -0.004911489
32.15 -0.004960412
32.16 -0.004169874
32.17 -0.002155336
32.18 -0.000173438
32.19 0.001149541
32.2 0.002099199
32.21 0.002886678
32.22 0.003488517
32.23 0.004040377
32.24 0.003139756
32.25 0.001018196
32.26 -0.002376324
32.27 -0.004848763
32.28 -0.006419523
32.29 -0.007630221
32.3 -0.007154862
32.31 -0.0049251
32.32 -0.002099659
32.33 -0.0004319171
32.34 0.0008543447
32.35 0.001545947
32.36 0.00181833
32.37 0.002020332
32.38 0.001241095
32.39 -0.001017142
32.4 -0.003690519
32.41 -0.005773314
32.42 -0.006891192
32.43 -0.006865648
32.44 -0.006784003
32.45 -0.007598939
32.46 -0.009074835
32.47 -0.00934305
32.48 -0.008725904
32.49 -0.007970039
32.5 -0.005965693
32.51 -0.003044367
32.52 -0.001922322
32.53 -0.002020196
32.54 -0.001817169
32.55 -0.0008715825
32.56 0.0005809445
32.57 0.001076712
32.58 0.000748319
32.59 -0.0005164333
32.6 -0.001901545
32.61 -0.002969438
32.62 -0.002984689
32.63 -0.002448121
32.64 -0.003493572
32.65 -0.004057583
32.66 -0.003771934
32.67 -0.002232705
32.68 -0.000733255
32.69 6.851478e-05
32.7 0.0006112048
32.71 0.000260375
32.72 -0.001150235
32.73 -0.002977004
32.74 -0.003886793
32.75 -0.004007102
32.76 -0.00331549
32.77 -0.002334198
32.78 -0.001212147
32.79 0.0007942449
32.8 0.002154978
32.81 0.002894529
32.82 0.002815023
32.83 0.001177975
32.84 -0.0007140719
32.85 -0.001577959
32.86 -0.002714185
32.87 -0.002828371
32.88 -0.001961317
32.89 -0.001872523
32.9 -0.000897349
32.91 -0.001664335
32.92 -0.002024339
32.93 -0.001974304
32.94 -0.001962009
32.95 -0.002025193
32.96 -0.001793599
32.97 -0.001029563
32.98 -0.0004450464
32.99 0.0006647698
33 0.001111586
33.01 0.002105123
33.02 0.00247136
33.03 0.002804957
33.04 0.002960054
33.05 0.002859131
33.06 0.002521569
33.07 0.002324767
33.08 0.002915405
33.09 0.002855283
33.1 0.002967542
33.11 0.002718721
33.12 0.00181098
33.13 0.0007685988
33.14 -0.0005593819
33.15 -0.001337582
33.16 -0.001325283
33.17 -0.0008264427
33.18 0.0001181373
33.19 0.001499277
33.2 0.002638678
33.21 0.002934539
33.22 0.002870339
33.23 0.003455881
33.24 0.004161782
33.25 0.004776904
33.26 0.004935065
33.27 0.004241527
33.28 0.003229749
33.29 0.002688191
33.3 0.001809014
33.31 0.0007758164
33.32 -0.0001676206
33.33 -0.001075357
33.34 -0.0007131944
33.35 0.001165709
33.36 0.001849172
33.37 0.002558136
33.38 0.00296518
33.39 0.002879565
33.4 0.002893908
33.41 0.002525753
33.42 0.002155558
33.43 0.002063823
33.44 0.002878868
33.45 0.003481753
33.46 0.004007118
33.47 0.003659364
33.48 0.00290769
33.49 0.002902656
33.5 0.002875182
33.51 0.003027228
33.52 0.004068714
33.53 0.004309501
33.54 0.003558848
33.55 0.003027495
33.56 0.002210542
33.57 0.00199029
33.58 0.003612157
33.59 0.005708325
33.6 0.007382213
33.61 0.008517542
33.62 0.008207529
33.63 0.007145777
33.64 0.005490385
33.65 0.002878235
33.66 0.001464583
33.67 -0.0004478474
33.68 -0.001043458
33.69 -0.001571748
33.7 -0.002648799
33.71 -0.003082229
33.72 -0.002708839
33.73 -0.00209779
33.74 -0.00118992
33.75 8.923071e-05
33.76 -0.0006593788
33.77 -0.001126468
33.78 -0.0007918373
33.79 -5.22664e-05
33.8 -3.28153e-05
33.81 0.000498676
33.82 0.001268848
33.83 0.001690179
33.84 0.0009772706
33.85 0.0009212426
33.86 0.0009508945
33.87 0.001048886
33.88 0.002112819
33.89 0.002991111
33.9 0.004504864
33.91 0.004953737
33.92 0.00423573
33.93 0.003252522
33.94 0.002105096
33.95 0.0007067492
33.96 -0.0005416573
33.97 -0.001255583
33.98 -0.00050581
33.99 0.0002347838
34 0.0005163778
34.01 0.001078472
34.02 0.0007562261
34.03 -0.0005798993
34.04 -0.001695705
34.05 -0.00257589
34.06 -0.003652935
34.07 -0.00399966
34.08 -0.003789465
34.09 -0.002801011
34.1 -0.001857435
34.11 -0.0008210396
34.12 -4.168402e-05
34.13 -1.610835e-05
34.14 -5.989256e-05
34.15 1.362335e-05
34.16 -0.0001189006
34.17 0.0006329155
34.18 0.0008624919
34.19 -0.0001808918
34.2 -0.001714896
34.21 -0.003686479
34.22 -0.003980162
34.23 -0.003795465
34.24 -0.002812108
34.25 -0.001408512
34.26 -0.000749514
34.27 -6.909676e-05
34.28 1.36061e-06
34.29 -0.0001648219
34.3 -0.001194944
34.31 -0.001971087
34.32 -0.002014868
34.33 -0.001836291
34.34 -0.000858033
34.35 2.638509e-05
34.36 -0.0002193568
34.37 -0.001087298
34.38 -0.00267026
34.39 -0.002842561
34.4 -0.001980583
34.41 -0.001437864
34.42 -0.0003198657
34.43 0.0001687931
34.44 0.000924692
34.45 0.001505151
34.46 0.00209785
34.47 0.00163485
34.48 0.001087189
34.49 0.0001213278
34.5 -0.001074033
34.51 -0.0009862334
34.52 -0.001002474
34.53 -0.001046254
34.54 -0.0008248344
34.55 -5.975463e-05
34.56 0.0005380452
34.57 0.001213365
34.58 0.001857065
34.59 0.002511986
34.6 0.003057765
34.61 0.002223485
34.62 0.001369826
34.63 0.0001581461
34.64 0.0001908665
34.65 0.0002949869
34.66 5.842736e-05
34.67 0.0009714079
34.68 0.001471289
34.69 0.002633149
34.7 0.00346555
34.71 0.004604971
34.72 0.004750911
34.73 0.003703453
34.74 0.002755953
34.75 0.001879854
34.76 0.001971735
34.77 0.001863696
34.78 0.002004537
34.79 0.001706778
34.8 0.0009908197
34.81 0.0008766608
34.82 0.001157242
34.83 0.001865204
34.84 0.002534404
34.85 0.003015926
34.86 0.002292827
34.87 0.001267809
34.88 0.0003376501
34.89 -0.0007149084
34.9 -0.001061627
34.91 -0.0009605654
34.92 -0.001565344
34.93 -0.002686243
34.94 -0.003010521
34.95 -0.002410679
34.96 -0.001162118
34.97 0.0007341438
34.98 0.002634485
34.99 0.002948727
35 0.002352108
35.01 0.00161677
35.02 0.001073192
35.03 0.0002644135
35.04 5.743508e-05
35.05 0.001042837
35.06 0.0003166783
35.07 -0.00060328
35.08 -0.002288238
35.09 -0.003107217
35.1 -0.002892935
35.11 -0.002463434
35.12 -0.001619812
35.13 -0.001677871
35.14 -0.002056209
35.15 -0.001385988
35.16 -0.0007667659
35.17 7.583564e-05
35.18 0.001041857
35.19 0.0007308385
35.2 2.099999e-05
35.21 -0.0005042186
35.22 -6.349724e-05
35.23 -4.40359e-05
35.24 5.498541e-05
35.25 -0.0007935734
35.26 -0.002110312
35.27 -0.001766491
35.28 -0.0009973299
35.29 -0.001043149
35.3 -0.0008849675
35.31 -0.002242506
35.32 -0.003108405
35.33 -0.002918604
35.34 -0.002293263
35.35 -0.0006499628
35.36 -0.0001541621
35.37 0.0001253987
35.38 -0.0008200606
35.39 -0.00261416
35.4 -0.003597359
35.41 -0.004048119
35.42 -0.003691039
35.43 -0.003432899
35.44 -0.002990138
35.45 -0.002956398
35.46 -0.002932858
35.47 -0.002481938
35.48 -0.001029378
35.49 0.0003385223
35.5 0.0007557821
35.51 0.0008639818
35.52 0.001247581
35.53 0.001721962
35.54 0.002903201
35.55 0.00268194
35.56 0.001262179
35.57 0.0001331185
35.58 -0.001159143
35.59 -0.002189263
35.6 -0.002851164
35.61 -0.003634445
35.62 -0.003827147
35.63 -0.002376628
35.64 -0.00167887
35.65 -0.001101472
35.66 -0.0007668332
35.67 -7.519509e-05
35.68 0.0001441829
35.69 0.001419261
35.7 0.0009929787
35.71 0.001026716
35.72 -0.0002522861
35.73 -0.001165109
35.74 -0.001463891
35.75 -0.002179855
35.76 -0.001814617
35.77 -0.002105241
35.78 -0.001838943
35.79 -0.002121407
35.8 -0.00126555
35.81 -0.0009982339
35.82 -0.000838018
35.83 2.293807e-05
35.84 -0.000591026
35.85 -0.00126007
35.86 -0.001593535
35.87 -0.003513099
35.88 -0.004057704
35.89 -0.003284469
35.9 -0.002757054
35.91 -0.001390179
35.92 -0.0008627648
35.93 -0.00110239
35.94 -0.000767756
35.95 -5.062195e-05
35.96 1.371194e-05
35.97 -4.129434e-05
35.98 5.699188e-06
35.99 -2.890746e-05
36 -0.0001615063
36.01 -0.0001340163
36.02 -0.0006325837
36.03 -4.203359e-05
36.04 0.0004348329
36.05 0.0008437126
36.06 0.002080314
36.07 0.002746245
36.08 0.00283021
36.09 0.002800124
36.1 0.002250138
36.11 0.001555689
36.12 0.0007886872
36.13 -0.0003448794
36.14 -0.001042296
36.15 -0.001109958
36.16 -0.001029501
36.17 -0.001117454
36.18 -0.0004731529
36.19 0.0005687827
36.2 0.001090863
36.21 0.001440233
36.22 0.001174918
36.23 0.0007845937
36.24 0.001072556
36.25 0.001797137
36.26 0.00236703
36.27 0.00305643
36.28 0.003479951
36.29 0.003277244
36.3 0.003852461
36.31 0.002912791
36.32 0.002768678
36.33 0.001447086
36.34 0.0006425994
36.35 0.0006787488
36.36 -0.0006308492
36.37 -0.0007800019
36.38 -0.001230336
36.39 -0.0005100729
36.4 0.000420524
36.41 0.001373241
36.42 0.001628593
36.43 0.000452194
36.44 -8.212387e-05
36.45 -0.0008581406
36.46 -0.001110283
36.47 -0.001175385
36.48 -0.000885309
36.49 -0.0002719414
36.5 2.345051e-05
36.51 0.00061697
36.52 0.001284474
36.53 0.00199454
36.54 0.001656899
36.55 0.0009367479
36.56 0.0001076295
36.57 -0.00100731
36.58 -0.002537964
36.59 -0.003471771
36.6 -0.003609091
36.61 -0.002603352
36.62 -0.001435122
36.63 -0.0003346969
36.64 -0.0002205244
36.65 0.0004558022
36.66 0.0001918703
36.67 -0.0002119342
36.68 -0.0002788176
36.69 -0.0009787742
36.7 -0.001412683
36.71 -0.0007217394
36.72 0.0002509788
36.73 -0.0002561061
36.74 -0.0004846378
36.75 -0.001277883
36.76 -0.001532633
36.77 -0.002375447
36.78 -0.002156396
36.79 -0.0009168258
36.8 -0.0002675235
36.81 -0.0001357853
36.82 -0.0008009882
36.83 -0.001159114
36.84 -0.00122194
36.85 -0.001759342
36.86 -0.0005732749
36.87 -0.000157757
36.88 -0.0007613207
36.89 -0.001246184
36.9 -0.002218953
36.91 -0.002610235
36.92 -0.003797028
36.93 -0.004129323
36.94 -0.004175637
36.95 -0.003904302
36.96 -0.003117441
36.97 -0.002047129
36.98 -0.001026574
36.99 -0.0004997575
37 -0.0002689048
37.01 -0.0001404164
37.02 -0.0001740495
37.03 -0.0001279694
37.04 -0.0001790197
37.05 -0.001257327
37.06 -0.001307508
37.07 -0.001079603
37.08 -0.001416031
37.09 -0.001127072
37.1 -0.0005674538
37.11 -0.0005578157
37.12 -0.0004606245
37.13 -0.0005458939
37.14 2.04737e-05
37.15 0.0001918823
37.16 0.000668764
37.17 0.0007986576
37.18 -1.914171e-06
37.19 -0.0001474615
37.2 -0.0005837276
37.21 -0.000342448
37.22 -7.374835e-05
37.23 0.0003239613
37.24 0.0008773231
37.25 0.001715668
37.26 0.002200422
37.27 0.00274389
37.28 0.002242109
37.29 0.00204554
37.3 0.00164313
37.31 0.001719415
37.32 0.002049202
37.33 0.001862424
37.34 0.002245489
37.35 0.002466642
37.36 0.00198384
37.37 0.001553279
37.38 0.001656271
37.39 0.002201644
37.4 0.002406337
37.41 0.002109568
37.42 0.002044803
37.43 0.001540446
37.44 0.00155753
37.45 0.001235181
37.46 0.0005797125
37.47 2.071362e-05
37.48 -0.0001228554
37.49 -0.0001842806
37.5 8.250174e-05
37.51 0.000354614
37.52 0.0007120619
37.53 0.0009338801
37.54 0.001106712
37.55 0.001335823
37.56 0.00149477
37.57 0.001452598
37.58 0.001298485
37.59 0.001182256
37.6 0.0008355619
37.61 0.0009514842
37.62 0.0009260243
37.63 0.0008772649
37.64 0.000739804
37.65 0.0007109959
37.66 0.0007396503
37.67 0.0006388865
37.68 0.0009914837
37.69 0.001406794
37.7 0.001333214
37.71 0.001301741
37.72 0.001061544
37.73 0.0007388406
37.74 0.0007435952
37.75 0.0008048562
37.76 0.0009934683
37.77 0.001106941
37.78 0.001025546
37.79 0.0008679125
37.8 0.0007399061
37.81 0.0005488708
37.82 0.0001056752
37.83 -0.0002657176
37.84 -0.0003375733
37.85 -0.0003319699
37.86 -0.0002645234
37.87 2.52612e-05
37.88 0.0003219249
37.89 0.0005296475
37.9 0.0005133872
37.91 0.0004432733
37.92 0.0001421204
37.93 -0.0001985783
37.94 -0.0002574809
37.95 -0.0003647026
37.96 -0.0002648361
37.97 -7.989294e-05
37.98 -2.004417e-05
37.99 0.0001653124
38 0.0002973227
38.01 0.0004147786
38.02 0.0002888942
38.03 0.0001275817
38.04 4.066304e-05
38.05 -0.000116295
38.06 -0.0002742486
38.07 -0.0003569528
38.08 -0.000318752
38.09 -0.0004366891
38.1 -0.0006523849
38.11 -0.000683169
38.12 -0.0006301726
38.13 -0.0003551406
38.14 -4.74802e-05
38.15 9.233635e-05
38.16 0.0003798161
38.17 0.0003430458
38.18 0.0002692037
38.19 0.0001487836
38.2 4.512136e-05
38.21 7.49116e-05
38.22 2.860907e-05
38.23 8.322374e-05
38.24 8.155554e-05
38.25 8.987797e-06
38.26 8.746461e-06
38.27 8.574932e-05
38.28 0.0001711018
38.29 0.0002560416
38.3 0.0001511071
38.31 5.893027e-05
38.32 1.742985e-05
38.33 2.108681e-05
38.34 7.949905e-05
38.35 5.646431e-05
38.36 7.402652e-06
38.37 -7.940065e-05
38.38 -0.0001452458
38.39 -0.0001280169
38.4 -0.0001504136
38.41 -0.0001221497
38.42 -4.609808e-05
38.43 -4.855763e-05
38.44 -0.0001272421
38.45 -0.0001837611
38.46 -0.0001637129
38.47 -0.0001896886
38.48 -0.000112106
38.49 -9.632187e-05
38.5 -4.296658e-05
38.51 -3.353787e-05
38.52 -0.0001284731
38.53 -0.0001288899
38.54 -0.000138743
38.55 -0.0001452407
38.56 -0.0001480939
38.57 -0.000192481
38.58 -0.0001929553
38.59 -0.0002143675
38.6 -0.0001997387
38.61 -0.0001173897
38.62 -0.0001090003
38.63 -9.08303e-05
38.64 -0.0001219209
38.65 -0.0001488073
38.66 -0.0002102691
38.67 -0.0002721128
38.68 -0.0003216492
38.69 -0.0003696671
38.7 -0.0004084606
38.71 -0.0004371044
38.72 -0.0004127644
38.73 -0.0003975912
38.74 -0.0003739948
38.75 -0.0003611842
38.76 -0.0003318544
38.77 -0.0002758481
38.78 -0.0002182931
38.79 -0.0001746383
38.8 -0.0001252766
38.81 -9.96983e-05
38.82 -9.009172e-05
38.83 -7.204122e-05
38.84 -0.0001092269
38.85 -0.0001602503
38.86 -0.0001894016
38.87 -0.0002005323
38.88 -0.000216638
38.89 -0.0002399122
38.9 -0.0002435632
38.91 -0.0002494798
38.92 -0.0002409096
38.93 -0.0002276239
38.94 -0.0002279934
38.95 -0.0001848983
38.96 -0.0001491886
38.97 -0.0001144668
38.98 -8.903845e-05
38.99 -8.322938e-05
39 -7.693141e-05
39.01 -7.209269e-05
39.02 -6.582753e-05
39.03 -6.229968e-05
39.04 -5.512131e-05
39.05 -6.304286e-05
39.06 -6.246702e-05
39.07 -6.5726e-05
39.08 -5.76875e-05
39.09 -4.007427e-05
39.1 -2.172384e-05
39.11 -5.127064e-07
39.12 1.053783e-05
39.13 1.463627e-05
39.14 5.408687e-06
39.15 -7.295246e-06
39.16 -2.125119e-05
39.17 -2.998879e-05
39.18 -3.009909e-05
39.19 -2.543229e-05
39.2 -2.836416e-05
39.21 -2.814273e-05
39.22 -2.360214e-05
39.23 -1.695383e-05
39.24 -5.265232e-06
39.25 3.484989e-06
39.26 9.006431e-06
39.27 1.208517e-05
39.28 1.015643e-05
39.29 4.981641e-06
39.3 -1.60517e-06
39.31 -6.516826e-06
39.32 -7.997253e-06
39.33 -7.162372e-06
39.34 -3.198808e-06
39.35 -6.325408e-07
39.36 7.206935e-07
39.37 1.949401e-06
39.38 1.631703e-06
39.39 9.081075e-07
39.4 4.829656e-07
39.41 -8.388289e-07
39.42 -1.376059e-06
39.43 -3.413888e-06
39.44 -5.699682e-06
39.45 -7.279749e-06
39.46 -9.395769e-06
39.47 -1.21796e-05
39.48 -1.463948e-05
39.49 -1.606205e-05
39.5 -1.621867e-05
39.51 -1.622938e-05
39.52 -1.629148e-05
39.53 -1.621498e-05
39.54 -1.667711e-05
39.55 -1.737786e-05
39.56 -1.708319e-05
39.57 -1.66237e-05
39.58 -1.563161e-05
39.59 -1.429685e-05
39.6 -1.377014e-05
39.61 -1.392145e-05
39.62 -1.421104e-05
39.63 -1.428227e-05
39.64 -1.437342e-05
39.65 -1.410156e-05
39.66 -1.380397e-05
39.67 -1.334224e-05
39.68 -1.278481e-05
39.69 -1.234887e-05
39.7 -1.17898e-05
39.71 -1.122274e-05
39.72 -1.075084e-05
39.73 -1.030067e-05
39.74 -9.955709e-06
39.75 -9.596639e-06
39.76 -9.234696e-06
39.77 -8.87965e-06
39.78 -8.477698e-06
39.79 -8.076386e-06
39.8 -7.662033e-06
39.81 -7.252203e-06
39.82 -6.844646e-06
39.83 -6.455417e-06
39.84 -6.04241e-06
39.85 -5.615646e-06
39.86 -5.168081e-06
39.87 -4.704588e-06
39.88 -4.233229e-06
39.89 -3.758768e-06
39.9 -3.279408e-06
39.91 -2.793284e-06
39.92 -2.302848e-06
39.93 -1.806017e-06
39.94 -1.30354e-06
39.95 -7.961131e-07
39.96 -2.834612e-07
39.97 2.347896e-07
39.98 7.59302e-07
39.99 1.290719e-06
