0 0.0001249601
0.02 0.0001285706
0.04 0.0001255654
0.06 0.0001197921
0.08 0.0001136575
0.1 0.0001109985
0.12 0.0001501573
0.14 0.0001877286
0.16 0.0002512807
0.18 0.0001534558
0.2 8.679109e-05
0.22 0.0001922863
0.24 0.0003061013
0.26 0.0003618996
0.28 0.0001308944
0.3 0.0003679211
0.32 0.0008596824
0.34 0.0004136577
0.36 0.0007651919
0.38 6.452378e-05
0.4 -0.0004128857
0.42 0.000352679
0.44 -0.0004057958
0.46 -0.0001800162
0.48 0.001162312
0.5 -0.0003315969
0.52 -0.001435804
0.54 0.0005149489
0.56 0.0003187674
0.58 0.001119362
0.6 0.001095872
0.62 -0.001028111
0.64 -0.00122066
0.66 -0.001045266
0.68 -0.000441761
0.7 -0.0007175541
0.72 1.649155e-05
0.74 0.0001482415
0.76 0.0007414887
0.78 0.001218428
0.8 -6.602397e-05
0.82 0.0001763747
0.84 -0.002081031
0.86 -0.002585017
0.88 0.000479625
0.9 0.0007471033
0.92 -0.001152077
0.94 -0.001017894
0.96 -0.001556018
0.98 -0.002899808
1 -0.003138976
1.02 -0.003999336
1.04 -0.001504521
1.06 0.0004656169
1.08 -0.0007701339
1.1 -0.002716941
1.12 -0.005573969
1.14 -0.003418817
1.16 -0.002058295
1.18 -0.003935761
1.2 0.002889394
1.22 0.003059361
1.24 -0.001773975
1.26 -0.001078903
1.28 8.40306e-05
1.3 0.002911331
1.32 0.002880566
1.34 -0.001026585
1.36 -0.004078941
1.38 -0.008061558
1.4 0.0008434616
1.42 0.00663676
1.44 -0.002472792
1.46 -0.0029214
1.48 -0.001230453
1.5 0.005093101
1.52 0.01044949
1.54 0.006774788
1.56 0.005004385
1.58 0.00428178
1.6 -0.001543376
1.62 -0.00590578
1.64 -0.0003065012
1.66 0.007186317
1.68 0.008224301
1.7 0.009559873
1.72 0.008193841
1.74 0.006077072
1.76 0.005492495
1.78 0.004017893
1.8 -0.0006157592
1.82 -0.003029755
1.84 -0.009703857
1.86 -0.003160641
1.88 0.002868837
1.9 -0.00268795
1.92 0.003126149
1.94 0.01056403
1.96 0.005840731
1.98 -0.002952844
2 -0.00560233
2.02 -0.001938013
2.04 0.009676229
2.06 0.008303914
2.08 -0.004763783
2.1 -0.01174831
2.12 -0.002993202
2.14 0.001164888
2.16 -0.002722826
2.18 -0.003189497
2.2 0.0005961844
2.22 0.006668829
2.24 0.001907024
2.26 0.006445505
2.28 0.003840001
2.3 0.003931282
2.32 0.01198072
2.34 0.003509155
2.36 -0.0001919307
2.38 0.001599725
2.4 0.002624402
2.42 0.003638843
2.44 -0.0008934314
2.46 -0.006391786
2.48 0.0005692442
2.5 0.003266805
2.52 -0.006082938
2.54 -0.008310174
2.56 -0.01154199
2.58 -0.0003632218
2.6 0.009982237
2.62 -0.003973807
2.64 -0.009953534
2.66 -0.004439841
2.68 -0.00276137
2.7 0.003668298
2.72 -0.01053249
2.74 -0.01899392
2.76 0.00182282
2.78 -0.001424171
2.8 -0.008807363
2.82 -0.009112777
2.84 -0.01069017
2.86 -0.0007925225
2.88 0.01002117
2.9 0.007080134
2.92 0.005262109
2.94 0.002756627
2.96 -0.003230146
2.98 0.002024447
3 0.007290378
3.02 9.187232e-05
3.04 -0.004409776
3.06 -0.009652001
3.08 -0.005746876
3.1 0.006093902
3.12 0.01278893
3.14 0.007145907
3.16 0.01171217
3.18 -0.007958877
3.2 -0.03095124
3.22 -0.002924067
3.24 0.001718684
3.26 -0.009005934
3.28 -0.01064646
3.3 -0.01896802
3.32 0.002614673
3.34 0.01560115
3.36 0.006240327
3.38 0.007547628
3.4 0.002660533
3.42 -0.003685229
3.44 -0.01236372
3.46 -0.01905948
3.48 -0.001616937
3.5 0.009338684
3.52 0.008649908
3.54 0.009083083
3.56 0.009034884
3.58 -0.002876964
3.6 -0.01283464
3.62 -0.003234847
3.64 0.008636555
3.66 0.0120748
3.68 0.00562914
3.7 0.01371026
3.72 0.01563991
3.74 0.004727694
3.76 -0.005585846
3.78 -0.005525096
3.8 0.01736739
3.82 0.02683098
3.84 0.01604534
3.86 0.006625181
3.88 0.001452493
3.9 0.0002872595
3.92 0.007725828
3.94 0.0117484
3.96 0.01140753
3.98 -0.002045491
4 -0.01825054
4.02 -0.01235025
4.04 0.0015184
4.06 -0.0001352474
4.08 -0.003237356
4.1 0.005877148
4.12 -0.005306255
4.14 -0.01153783
4.16 -0.002146973
4.18 0.001269787
4.2 0.001119649
4.22 -0.00435186
4.24 -0.01430933
4.26 -0.01466059
4.28 0.004004125
4.3 0.001870199
4.32 -0.02171239
4.34 -0.02882932
4.36 -0.02695897
4.38 -0.02273858
4.4 -0.008390493
4.42 -0.007821382
4.44 -0.02618154
4.46 -0.03546915
4.48 -0.03875593
4.5 -0.04550645
4.52 -0.03575364
4.54 -0.01843119
4.56 -0.01356805
4.58 -0.01476157
4.6 -0.02123071
4.62 -0.02063746
4.64 0.006882697
4.66 0.0359925
4.68 0.03257444
4.7 0.02475808
4.72 0.02586454
4.74 0.02868471
4.76 0.02261655
4.78 0.01750716
4.8 0.04135754
4.82 0.05307742
4.84 0.01356674
4.86 -0.00744882
4.88 0.02222145
4.9 0.06123563
4.92 0.01786354
4.94 -0.0155655
4.96 0.005996111
4.98 -0.02488832
5 -0.07891618
5.02 -0.07655993
5.04 -0.04634008
5.06 -0.000804578
5.08 0.06854515
5.1 0.07399203
5.12 0.05667551
5.14 0.05531114
5.16 0.05157793
5.18 0.04916237
5.2 0.009891498
5.22 -0.04357125
5.24 -0.02418953
5.26 0.00677034
5.28 -0.002769579
5.3 -0.03741713
5.32 -0.1014476
5.34 -0.1452147
5.36 -0.07117768
5.38 0.007220635
5.4 0.009713764
5.42 -0.04575207
5.44 -0.0422694
5.46 0.02809636
5.48 0.03397343
5.5 0.03759435
5.52 0.07330633
5.54 0.09345142
5.56 0.08894394
5.58 0.108111
5.6 0.1149962
5.62 0.1026539
5.64 0.09571939
5.66 0.01815472
5.68 -0.1223677
5.7 -0.09971301
5.72 -0.03460413
5.74 -0.09326886
5.76 -0.1411994
5.78 -0.07122841
5.8 0.001288309
5.82 -0.03015308
5.84 -0.01154272
5.86 0.03775291
5.88 0.06468283
5.9 0.0675902
5.92 0.04841517
5.94 0.03583323
5.96 0.05112789
5.98 0.08753082
6 0.06796368
6.02 0.005787401
6.04 -0.04278302
6.06 -0.07738226
6.08 -0.02224984
6.1 0.03908929
6.12 -0.006732884
6.14 -0.05990071
6.16 -0.05396175
6.18 -0.0342196
6.2 -0.07734741
6.22 -0.08114678
6.24 0.002960687
6.26 0.08161847
6.28 0.09562438
6.3 0.08060338
6.32 0.03760743
6.34 0.01395753
6.36 -0.005269681
6.38 0.003724364
6.4 0.04311268
6.42 0.05809955
6.44 0.006677607
6.46 -0.05578555
6.48 -0.0462998
6.5 -0.05057163
6.52 -0.06954382
6.54 -0.06988799
6.56 -0.07189663
6.58 -0.04067669
6.6 0.03036717
6.62 0.04319415
6.64 0.0005685567
6.66 -0.04014395
6.68 -0.0501668
6.7 -0.04501012
6.72 0.01416078
6.74 0.03391447
6.76 0.01258615
6.78 0.03111335
6.8 0.06524665
6.82 0.07710041
6.84 0.02689861
6.86 -0.05205387
6.88 -0.05503191
6.9 -0.02966045
6.92 -0.02219014
6.94 -0.02351505
6.96 -0.05212116
6.98 -0.06172797
7 0.002897331
7.02 0.07880763
7.04 0.03798882
7.06 0.01853693
7.08 0.05030893
7.1 0.05153323
7.12 -0.01729302
7.14 -0.057809
7.16 -0.03549291
7.18 0.01752253
7.2 0.03271894
7.22 -0.003035127
7.24 -0.01470903
7.26 -0.02547426
7.28 -0.02884027
7.3 -0.04474111
7.32 -0.05990166
7.34 -0.0410208
7.36 -0.04754556
7.38 -0.09071503
7.4 -0.1092911
7.42 -0.0296479
7.44 0.0283282
7.46 0.01585379
7.48 0.03561213
7.5 0.03737927
7.52 -0.00830237
7.54 -0.004348428
7.56 0.04834793
7.58 0.0347428
7.6 -0.01489033
7.62 -0.02946031
7.64 -0.0502041
7.66 -0.06667693
7.68 -0.0307968
7.7 -0.0006329002
7.72 0.006082555
7.74 0.01997614
7.76 0.01222806
7.78 0.03648556
7.8 0.09389628
7.82 0.07864584
7.84 0.03676261
7.86 0.02302607
7.88 0.01757298
7.9 0.0379208
7.92 0.09005406
7.94 0.1000465
7.96 0.02500151
7.98 -0.02829301
8 -0.007893392
8.02 0.00861337
8.04 -0.01053817
8.06 -0.01833726
8.08 -0.01442682
8.1 -0.00316619
8.12 0.03446339
8.14 0.05555627
8.16 0.07386939
8.18 0.07252914
8.2 0.08307993
8.22 0.1011658
8.24 0.1113752
8.26 0.113446
8.28 0.08951006
8.3 0.08670332
8.32 0.07708217
8.34 0.021599
8.36 -0.05658059
8.38 -0.1011134
8.4 -0.1160332
8.42 -0.1082203
8.44 -0.1135241
8.46 -0.1333433
8.48 -0.1507243
8.5 -0.1510101
8.52 -0.1186152
8.54 -0.1146884
8.56 -0.08220107
8.58 -0.03253305
8.6 0.008424859
8.62 0.04253723
8.64 0.05367685
8.66 0.05888089
8.68 0.07937688
8.7 0.08646213
8.72 0.111028
8.74 0.1182095
8.76 0.04068645
8.78 -0.05998693
8.8 -0.1137894
8.82 -0.1026209
8.84 -0.09725788
8.86 -0.1226439
8.88 -0.1357111
8.9 -0.0672451
8.92 0.006280518
8.94 0.02490037
8.96 0.01341615
8.98 0.04774409
9 0.1040807
9.02 0.1293263
9.04 0.1394858
9.06 0.1210549
9.08 0.04355054
9.1 0.008695625
9.12 0.06007499
9.14 0.08480023
9.16 0.02472715
9.18 -0.06873268
9.2 -0.1166762
9.22 -0.1358833
9.24 -0.1080993
9.26 -0.05342647
9.28 -0.01897269
9.3 -0.03776275
9.32 -0.05949005
9.34 -0.04697484
9.36 -0.03320009
9.38 0.003906409
9.4 0.05774286
9.42 0.09217374
9.44 0.07679155
9.46 0.05650671
9.48 0.06734202
9.5 0.1035106
9.52 0.09457018
9.54 0.02428822
9.56 -0.01250143
9.58 -0.006315533
9.6 -0.0007105796
9.62 -0.001572564
9.64 0.01027792
9.66 -0.0001228666
9.68 -0.03888378
9.7 -0.05925973
9.72 -0.02622738
9.74 0.007089025
9.76 0.01591438
9.78 -0.006285669
9.8 -0.04694597
9.82 -0.04817041
9.84 -0.03708024
9.86 0.001853064
9.88 0.0212243
9.9 -0.0004759376
9.92 -0.02861683
9.94 -0.0131356
9.96 0.01633537
9.98 0.01632334
10 0.01807071
10.02 0.0216
10.04 0.008765642
10.06 -0.02167329
10.08 -0.0391442
10.1 -0.01225736
10.12 0.02578876
10.14 0.03397977
10.16 0.02434737
10.18 -0.001295332
10.2 -0.02634856
10.22 -0.0396908
10.24 -0.03137183
10.26 -0.02738126
10.28 -0.03092378
10.3 -0.02986193
10.32 -0.01305958
10.34 0.01586466
10.36 0.03159523
10.38 0.01228783
10.4 -0.0140363
10.42 -0.01493087
10.44 -0.01548358
10.46 -0.05124068
10.48 -0.09207557
10.5 -0.06782633
10.52 -0.005768729
10.54 0.01425321
10.56 0.01615863
10.58 0.01116481
10.6 -0.002615434
10.62 0.01313439
10.64 0.03147913
10.66 0.03459639
10.68 0.02528704
10.7 -0.004708078
10.72 -0.01305082
10.74 -0.0004364588
10.76 -0.002726473
10.78 0.02132711
10.8 0.05620612
10.82 0.06413795
10.84 0.04229703
10.86 0.01320156
10.88 -0.0003165218
10.9 -0.006665057
10.92 -0.0181339
10.94 -0.02707532
10.96 -0.02226405
10.98 -0.008546047
11 -3.311967e-05
11.02 -0.0005817983
11.04 -0.008142059
11.06 0.002923878
11.08 0.02390634
11.1 0.0240789
11.12 0.01975929
11.14 0.01181558
11.16 0.008030395
11.18 0.006208727
11.2 -0.002329618
11.22 -0.008328253
11.24 -0.01557433
11.26 -0.01935147
11.28 -0.00805913
11.3 0.005096857
11.32 0.01590785
11.34 0.01899759
11.36 0.02737287
11.38 0.03302382
11.4 0.01489454
11.42 0.002983951
11.44 -0.004340574
11.46 -0.0126169
11.48 -0.01547496
11.5 -0.01638696
11.52 -0.01581066
11.54 -0.01569942
11.56 0.003450007
11.58 0.01004748
11.6 0.01546267
11.62 0.02719275
11.64 0.02889427
11.66 0.01381579
11.68 -0.01936776
11.7 -0.04908967
11.72 -0.03883702
11.74 0.02269243
11.76 0.04943013
11.78 0.02041147
11.8 -0.0377151
11.82 -0.05701613
11.84 -0.0130676
11.86 0.0191657
11.88 0.01098862
11.9 -0.02528555
11.92 -0.04464229
11.94 -0.0344353
11.96 -0.00447817
11.98 0.03137407
12 0.04440275
12.02 0.04737425
12.04 0.01150419
12.06 -0.007570056
12.08 0.004644425
12.1 0.009615991
12.12 0.002756693
12.14 -0.01657447
12.16 -0.009314273
12.18 0.005536019
12.2 0.01152039
12.22 0.008115734
12.24 0.008671594
12.26 0.02767324
12.28 0.03400668
12.3 0.01690865
12.32 -0.0101784
12.34 -0.02036123
12.36 -0.01734712
12.38 -0.01674846
12.4 -0.005229592
12.42 0.003920944
12.44 -0.004014377
12.46 -0.03236432
12.48 -0.05034098
12.5 -0.04426482
12.52 -0.03841829
12.54 -0.03320611
12.56 -0.02100296
12.58 -0.007614311
12.6 -0.006708585
12.62 0.0002570174
12.64 0.01791426
12.66 0.02502798
12.68 0.01967617
12.7 0.007343465
12.72 -0.002603626
12.74 0.0001431397
12.76 0.02250963
12.78 0.02846279
12.8 0.02491739
12.82 0.02584039
12.84 0.02159422
12.86 0.01070371
12.88 0.0006210677
12.9 -0.003066245
12.92 -0.002449135
12.94 -0.002890792
12.96 -0.003581316
12.98 -0.001840147
13 0.003101786
13.02 0.001867644
13.04 0.005019456
13.06 0.006026301
13.08 -0.007827328
13.1 -0.004015655
13.12 0.01185557
13.14 0.01560215
13.16 0.005255343
13.18 0.005540959
13.2 0.00887032
13.22 0.00172631
13.24 -0.003131975
13.26 0.004601666
13.28 0.008982707
13.3 -0.006967956
13.32 -0.02681619
13.34 -0.02425418
13.36 -0.003314742
13.38 0.02477416
13.4 0.03252234
13.42 0.02216351
13.44 -0.008306789
13.46 -0.03974642
13.48 -0.04360014
13.5 -0.01932735
13.52 0.005476061
13.54 0.01176251
13.56 0.006963561
13.58 -0.003296589
13.6 -0.008772943
13.62 -0.01524281
13.64 -0.009419671
13.66 -0.004391049
13.68 0.004270792
13.7 0.01450871
13.72 0.003117554
13.74 -0.01216516
13.76 -0.02409714
13.78 -0.03255097
13.8 -0.0208722
13.82 0.003644563
13.84 0.02000342
13.86 0.02973644
13.88 0.02230808
13.9 -0.008094971
13.92 -0.02921826
13.94 -0.02533219
13.96 -0.009369274
13.98 -0.009242665
14 -0.01770465
14.02 -0.007707685
14.04 0.01144071
14.06 0.02376468
14.08 0.02501336
14.1 0.01031311
14.12 -0.0060232
14.14 -0.004758523
14.16 0.009163448
14.18 0.01386571
14.2 0.01497757
14.22 0.01245931
14.24 0.002383828
14.26 0.002011445
14.28 0.01386389
14.3 0.00709127
14.32 -0.01405021
14.34 -0.02045188
14.36 -0.00822625
14.38 0.002460401
14.4 0.002340125
14.42 -0.00189288
14.44 0.0005591427
14.46 0.01469436
14.48 0.01853892
14.5 0.01123989
14.52 0.002116029
14.54 -0.004115248
14.56 0.004515927
14.58 0.01229354
14.6 0.005931894
14.62 -0.003930494
14.64 -0.004435598
14.66 0.017629
14.68 0.03474373
14.7 0.03955038
14.72 0.02559096
14.74 -0.001401439
14.76 -0.01171875
14.78 -0.01153635
14.8 -0.006345545
14.82 -0.001086396
14.84 -0.0007323456
14.86 -0.003604673
14.88 -0.0068248
14.9 -0.006563732
14.92 -0.002440928
14.94 0.01058657
14.96 0.01012064
14.98 0.003118331
15 0.001968842
15.02 -0.002760938
15.04 -0.001396171
15.06 0.007341179
15.08 0.005113667
15.1 -0.00372157
15.12 -0.002185417
15.14 -0.001375547
15.16 -0.00524333
15.18 -0.01052902
15.2 -0.01241292
15.22 -0.01241292
15.24 -0.01698656
15.26 -0.01845451
15.28 -0.008401367
15.3 0.001331578
15.32 -0.006170188
15.34 -0.03098605
15.36 -0.03931459
15.38 -0.02400419
15.4 -0.01231099
15.42 -0.008478763
15.44 -0.001058364
15.46 0.01614404
15.48 0.02852488
15.5 0.02013964
15.52 0.01226321
15.54 0.01511104
15.56 0.01474391
15.58 0.005269242
15.6 -0.002190971
15.62 -0.005920106
15.64 -0.00883121
15.66 -0.01010829
15.68 -0.008945479
15.7 0.000818007
15.72 0.003057959
15.74 0.00174631
15.76 -0.001889948
15.78 -0.007587687
15.8 -0.007222596
15.82 -0.0001845966
15.84 0.009578874
15.86 0.008365158
15.88 0.001907564
15.9 -0.001740004
15.92 -0.002761987
15.94 -0.003555453
15.96 -0.008773741
15.98 -0.01433388
16 -0.01018554
16.02 -0.0002210375
16.04 0.001801657
16.06 -0.004846676
16.08 -0.003668556
16.1 -0.004148917
16.12 -0.007868861
16.14 -0.009335663
16.16 -0.009722284
16.18 -0.00374507
16.2 0.006946594
16.22 0.01102977
16.24 0.005864582
16.26 -0.006328435
16.28 -0.02491996
16.3 -0.03224685
16.32 -0.02416958
16.34 -0.007756694
16.36 -0.0002036327
16.38 0.002833029
16.4 0.001092945
16.42 -0.001520297
16.44 0.005279909
16.46 0.02149908
16.48 0.02906768
16.5 0.02129231
16.52 0.01186243
16.54 0.006615505
16.56 0.006735898
16.58 0.004053369
16.6 -0.005983349
16.62 -0.01585812
16.64 -0.009761712
16.66 -2.882763e-05
16.68 0.008001547
16.7 0.01904417
16.72 0.02682481
16.74 0.02736345
16.76 0.02007465
16.78 0.00913114
16.8 -0.004543977
16.82 -0.005853741
16.84 0.006545349
16.86 0.007218584
16.88 0.006465851
16.9 0.004023026
16.92 -0.004602
16.94 -0.01181854
16.96 -0.01667682
16.98 -0.01774684
17 -0.01561818
17.02 -0.009370671
17.04 -0.006394345
17.06 0.0005661095
17.08 0.007600036
17.1 0.002480748
17.12 0.002947882
17.14 0.01379663
17.16 0.01418332
17.18 0.006782257
17.2 0.003734504
17.22 0.002751308
17.24 -0.007396629
17.26 -0.01184302
17.28 0.001729954
17.3 0.0213202
17.32 0.02388973
17.34 0.01438238
17.36 0.003809097
17.38 -0.003982689
17.4 -0.002364974
17.42 -0.001753988
17.44 -0.005797301
17.46 -0.008925695
17.48 -0.007964966
17.5 0.006426135
17.52 0.02848983
17.54 0.0299507
17.56 0.02101771
17.58 0.0097029
17.6 0.004084697
17.62 0.007097723
17.64 0.009243904
17.66 0.008238273
17.68 0.004823369
17.7 -0.003363155
17.72 -0.01454751
17.74 -0.01603896
17.76 -0.007650546
17.78 0.001812072
17.8 0.002930093
17.82 -0.002921665
17.84 -0.004863744
17.86 -0.001615009
17.88 -0.007509461
17.9 -0.01830837
17.92 -0.01750164
17.94 -0.007982919
17.96 0.0001321535
17.98 0.007160031
18 0.00776597
18.02 0.003337206
18.04 -0.001691352
18.06 -0.01121616
18.08 -0.0201463
18.1 -0.02333993
18.12 -0.02233324
18.14 -0.02337163
18.16 -0.02147864
18.18 -0.008490035
18.2 0.005613475
18.22 0.007607783
18.24 0.001256315
18.26 -0.003388805
18.28 0.0002484409
18.3 0.007749582
18.32 0.01209791
18.34 0.01072609
18.36 0.005635304
18.38 0.0007902899
18.4 0.0004087602
18.42 0.001760258
18.44 -0.0006295971
18.46 -0.0007530587
18.48 0.002528258
18.5 0.005954443
18.52 0.006058513
18.54 0.001028903
18.56 0.0008136254
18.58 0.003517641
18.6 0.0006616804
18.62 -0.002983752
18.64 -0.006677147
18.66 -0.008747733
18.68 -0.01182408
18.7 -0.01222501
18.72 -0.007127107
18.74 0.001309375
18.76 0.006634838
18.78 0.008619871
18.8 0.005616048
18.82 0.0004344451
18.84 0.002309142
18.86 0.004637817
18.88 0.004300205
18.9 0.003254696
18.92 0.00764782
18.94 0.008277246
18.96 -0.0001040709
18.98 -0.002721529
19 -0.0009151837
19.02 -0.001828077
19.04 -0.002400233
19.06 -0.003444665
19.08 -0.001703563
19.1 0.0008036413
19.12 -0.004428819
19.14 -0.01452984
19.16 -0.01553167
19.18 -0.006672065
19.2 -0.0002093368
19.22 0.008860567
19.24 0.01396572
19.26 0.005757855
19.28 -0.006244523
19.3 -0.00683014
19.32 -0.006003961
19.34 -0.009458692
19.36 -0.007600287
19.38 -0.00251866
19.4 -0.00222495
19.42 -0.002571762
19.44 0.001433817
19.46 -0.003172393
19.48 -0.005855039
19.5 0.003135248
19.52 0.009332826
19.54 0.00754172
19.56 0.003114968
19.58 0.0008842317
19.6 0.002507061
19.62 0.004443071
19.64 -0.0004712601
19.66 -0.006096653
19.68 -0.005543907
19.7 -0.001557758
19.72 0.001637924
19.74 0.0004241408
19.76 -0.004222014
19.78 -0.007111764
19.8 0.002421101
19.82 0.005735229
19.84 0.0002384625
19.86 0.0002649466
19.88 0.005301683
19.9 0.007661005
19.92 0.000408864
19.94 -0.006001842
19.96 -0.004669801
19.98 0.004045061
20 0.008656529
20.02 0.004579618
20.04 -0.001416956
20.06 0.0004057466
20.08 0.00393502
20.1 0.0005935431
20.12 -0.005114398
20.14 -0.008580462
20.16 -0.008028651
20.18 -0.008171427
20.2 -0.006924017
20.22 -0.007386044
20.24 -0.01003503
20.26 -0.01031769
20.28 6.468035e-05
20.3 0.01349313
20.32 0.01507843
20.34 0.006405491
20.36 -0.004927742
20.38 -0.01001971
20.4 -0.009295627
20.42 -0.003345989
20.44 0.0004830924
20.46 0.0001424708
20.48 0.006573562
20.5 0.01484983
20.52 0.01805161
20.54 0.0129547
20.56 0.00291589
20.58 -0.002419755
20.6 -0.00699241
20.62 -0.009679142
20.64 -0.007008811
20.66 -0.002382084
20.68 0.001809086
20.7 0.0001587362
20.72 -0.002770729
20.74 0.0009267673
20.76 0.005796237
20.78 0.004943556
20.8 0.000658529
20.82 0.0007452086
20.84 0.003364552
20.86 0.004829287
20.88 0.005884988
20.9 0.007085521
20.92 0.007658765
20.94 0.003714435
20.96 -0.0003564012
20.98 0.003526707
21 0.008193223
21.02 0.003965343
21.04 -0.001848655
21.06 -0.005629821
21.08 -0.003510329
21.1 0.001948718
21.12 0.0009521975
21.14 0.002401599
21.16 0.007407753
21.18 0.008044254
21.2 0.004636466
21.22 -0.0001361126
21.24 -0.006551905
21.26 -0.01067686
21.28 -0.006405144
21.3 -0.002661725
21.32 -0.002066074
21.34 0.001309099
21.36 0.002110839
21.38 -0.0007441446
21.4 -9.13979e-05
21.42 0.005222823
21.44 0.004247739
21.46 0.00278605
21.48 0.005336046
21.5 0.002303606
21.52 0.001303979
21.54 0.003491853
21.56 0.005222769
21.58 0.005897025
21.6 0.004545543
21.62 0.00492598
21.64 0.005985759
21.66 0.004506773
21.68 0.001310112
21.7 -0.0004687862
21.72 -0.001897816
21.74 -0.002500677
21.76 -0.001231797
21.78 -0.001207323
21.8 -0.0002964838
21.82 0.0002798073
21.84 0.0001074211
21.86 0.002612525
21.88 0.0003746616
21.9 -0.005342466
21.92 -0.003009758
21.94 0.002533963
21.96 0.001003975
21.98 -0.003776783
22 -0.005821908
22.02 -0.005557736
22.04 -0.0050141
22.06 -0.00183986
22.08 0.0003246066
22.1 0.0004449572
22.12 -0.001707233
22.14 -0.003188288
22.16 -0.002471216
22.18 -0.003172987
22.2 -0.006745031
22.22 -0.01097198
22.24 -0.009227834
22.26 -0.005912811
22.28 -0.006517709
22.3 -0.004849032
22.32 0.0008639507
22.34 0.00483282
22.36 0.008021333
22.38 0.008513048
22.4 0.005659106
22.42 0.0007732784
22.44 0.0005549818
22.46 -0.000775111
22.48 -0.004885718
22.5 -0.004391037
22.52 -0.001381049
22.54 0.001165887
22.56 0.003289506
22.58 0.007325663
22.6 0.005490706
22.62 0.003899509
22.64 0.001699383
22.66 -0.0001917285
22.68 0.001710536
22.7 0.00414937
22.72 0.004750187
22.74 0.001462723
22.76 -0.001432036
22.78 -0.004007544
22.8 -0.004600193
22.82 -0.002247104
22.84 0.00058948
22.86 0.0010689
22.88 0.0003171713
22.9 0.0006670179
22.92 0.002987486
22.94 0.005703752
22.96 0.006044505
22.98 -0.0001539936
23 -0.00576201
23.02 -0.003645594
23.04 -0.001515807
23.06 -0.002219606
23.08 -0.00259498
23.1 0.0001008669
23.12 0.0004415648
23.14 -0.003890365
23.16 -0.008061165
23.18 -0.008677312
23.2 -0.005577548
23.22 -0.004352508
23.24 -0.005313359
23.26 -0.003049994
23.28 0.0009229075
23.3 8.142049e-05
23.32 -0.005704019
23.34 -0.008509066
23.36 -0.006258957
23.38 -0.007646136
23.4 -0.01050931
23.42 -0.01037062
23.44 -0.004241498
23.46 0.001191056
23.48 0.003329958
23.5 0.007828195
23.52 0.0107189
23.54 0.007429413
23.56 0.001841862
23.58 -0.0003552546
23.6 -0.0003104045
23.62 0.003890964
23.64 0.00468657
23.66 0.001861165
23.68 -5.338148e-05
23.7 -0.001162143
23.72 0.0002546238
23.74 -0.000402233
23.76 -0.002713543
23.78 -0.003829425
23.8 -0.003620357
23.82 -0.0008235367
23.84 0.003501259
23.86 0.004215298
23.88 0.002943348
23.9 0.005907467
23.92 0.008574809
23.94 0.006397139
23.96 0.002864879
23.98 -0.0007949026
24 -0.002049528
24.02 -0.001076475
24.04 0.00247514
24.06 0.004763038
24.08 0.0005117132
24.1 -0.004759708
24.12 -0.004315088
24.14 -0.001303036
24.16 -0.001523315
24.18 -0.002642242
24.2 -0.001225523
24.22 0.002854469
24.24 0.005161752
24.26 0.004276474
24.28 0.001263372
24.3 0.003286011
24.32 0.007063072
24.34 0.009377427
24.36 0.01048823
24.38 0.009308088
24.4 0.007434367
24.42 0.004117288
24.44 0.0009807739
24.46 -0.0007430387
24.48 -0.002283211
24.5 -0.004825078
24.52 -0.004566046
24.54 -0.001155199
24.56 -0.001670252
24.58 -0.004592535
24.6 -0.007252693
24.62 -0.005611557
24.64 0.001453964
24.66 0.006477481
24.68 0.005604412
24.7 0.0002229224
24.72 -0.002505593
24.74 -0.00210679
24.76 -0.0006716646
24.78 -0.002327151
24.8 -0.002151723
24.82 -0.00149892
24.84 -0.002014044
24.86 -0.001785581
24.88 -0.0003127339
24.9 0.002716696
24.92 -0.0001851544
24.94 -0.002805582
24.96 -0.001283764
24.98 -0.0001086957
25 -0.002221099
25.02 -0.003997983
25.04 -0.003297256
25.06 -0.001394927
25.08 0.0006991527
25.1 -0.0007390336
25.12 -0.001111358
25.14 -0.002555696
25.16 -0.00208143
25.18 0.0008796426
25.2 0.003168529
25.22 0.005160601
25.24 0.004992311
25.26 0.003106354
25.28 0.001387681
25.3 0.0002218149
25.32 -0.001659082
25.34 -0.0007727085
25.36 0.002251613
25.38 0.0004747717
25.4 -0.004008182
25.42 -0.003088184
25.44 0.001558933
25.46 0.006735481
25.48 0.003590925
25.5 -0.00723945
25.52 -0.009584523
25.54 -0.004076519
25.56 -0.00301675
25.58 -0.002754634
25.6 0.0004777558
25.62 0.0005440828
25.64 -0.00554327
25.66 -0.00817287
25.68 -0.005190428
25.7 0.001917977
25.72 0.004104902
25.74 -0.002746447
25.76 -0.005052709
25.78 -0.0004973967
25.8 0.0005307562
25.82 0.0001880713
25.84 0.00277177
25.86 0.004192633
25.88 0.005526764
25.9 0.005376866
25.92 0.003349163
25.94 0.001104126
25.96 -0.001524442
25.98 0.0027779
26 0.009378348
26.02 0.005278994
26.04 -0.002380182
26.06 -0.004151976
26.08 -0.001655054
26.1 0.002115855
26.12 0.004998378
26.14 0.0005072948
26.16 0.001323305
26.18 0.002505573
26.2 0.0008939589
26.22 9.731521e-05
26.24 -0.0002953466
26.26 0.002715745
26.28 0.00190584
26.3 0.002001701
26.32 0.005826725
26.34 0.009327397
26.36 0.006687664
26.38 0.002350605
26.4 0.0009644294
26.42 0.001658029
26.44 0.001634594
26.46 -0.0001106408
26.48 -0.002605584
26.5 -0.006305149
26.52 -0.006565283
26.54 -0.002019134
26.56 0.001704963
26.58 0.002028303
26.6 -0.0008827805
26.62 -0.004020301
26.64 -0.003187987
26.66 4.438141e-05
26.68 0.001216368
26.7 0.0001341859
26.72 0.002756632
26.74 0.005000631
26.76 0.003645047
26.78 0.001418364
26.8 0.0004340866
26.82 -0.003205228
26.84 -0.007035348
26.86 -0.008184933
26.88 -0.007223091
26.9 -0.004073332
26.92 0.0001575776
26.94 0.004584429
26.96 0.005749299
26.98 0.004141797
27 0.0006646127
27.02 0.0003116954
27.04 0.00105531
27.06 0.0008197316
27.08 0.002195705
27.1 0.001483731
27.12 -0.000354316
27.14 -0.0005103622
27.16 -0.002054607
27.18 -0.002037239
27.2 -0.00472286
27.22 -0.006086639
27.24 -0.00540834
27.26 -0.003120469
27.28 -0.002168791
27.3 -0.004489294
27.32 -0.007548317
27.34 -0.008183818
27.36 -0.006123386
27.38 -0.005795949
27.4 -0.002861438
27.42 -0.002260645
27.44 -0.003347959
27.46 -0.003191869
27.48 -0.0008244322
27.5 0.0009564969
27.52 0.0005260558
27.54 -0.002389074
27.56 -0.002369726
27.58 -0.001513972
27.6 -0.002601293
27.62 -0.002133055
27.64 -0.002267655
27.66 -0.002137102
27.68 -0.001116112
27.7 -0.001292552
27.72 -0.002349262
27.74 -0.003021428
27.76 -0.002470653
27.78 0.0006984794
27.8 0.002628322
27.82 0.003909484
27.84 0.004571517
27.86 0.00257641
27.88 0.0006731455
27.9 -0.0008731285
27.92 -0.001321957
27.94 3.999655e-06
27.96 0.001244314
27.98 0.0004028268
28 -0.0006375306
28.02 -0.004120814
28.04 -0.003531331
28.06 0.0009668391
28.08 0.001445286
28.1 -0.0003967903
28.12 -0.0005344969
28.14 -0.001163809
28.16 -0.002427562
28.18 -0.0007792267
28.2 0.0005273819
28.22 0.001681013
28.24 0.0005437069
28.26 0.001338314
28.28 0.004519664
28.3 0.005826274
28.32 0.007657197
28.34 0.00690448
28.36 0.003443666
28.38 0.0003979622
28.4 -0.0002130185
28.42 0.001255724
28.44 0.002110468
28.46 0.0008722382
28.48 0.0007131441
28.5 0.001765784
28.52 0.001813727
28.54 0.002718503
28.56 0.003042886
28.58 0.00159349
28.6 0.001762781
28.62 0.005460289
28.64 0.0070709
28.66 0.007471759
28.68 0.006709844
28.7 0.00566844
28.72 0.005179891
28.74 0.002763507
28.76 6.418472e-06
28.78 -0.002004029
28.8 -0.002283545
28.82 -0.001624643
28.84 -0.002512023
28.86 -0.003144395
28.88 -0.00234161
28.9 -0.0014807
28.92 -0.0006279477
28.94 -0.001925351
28.96 -0.003627716
28.98 -0.003078911
29 -0.002793293
29.02 -0.001616199
29.04 -0.001039864
29.06 -0.0006899807
29.08 -0.0002177163
29.1 -0.0005971528
29.12 -0.0004951546
29.14 -0.002356639
29.16 -0.002793214
29.18 -0.003687761
29.2 -0.00382652
29.22 -0.0007217151
29.24 0.001165231
29.26 0.0003849526
29.28 0.00305539
29.3 0.006011422
29.32 0.00589213
29.34 0.003657352
29.36 0.001058469
29.38 -0.00157102
29.4 -0.002016784
29.42 -0.0002175269
29.44 0.0003904138
29.46 -5.325312e-06
29.48 -0.001836246
29.5 -0.003388728
29.52 -0.003640703
29.54 -0.003113407
29.56 -0.002923728
29.58 -0.0007388429
29.6 0.0003311698
29.62 0.003033131
29.64 0.003306453
29.66 0.004140828
29.68 0.004979342
29.7 0.004028763
29.72 0.0044083
29.74 0.003244542
29.76 0.001735982
29.78 -0.001399541
29.8 -0.002381786
29.82 -0.00235934
29.84 -0.002492939
29.86 0.0003753031
29.88 0.003065044
29.9 0.002994676
29.92 0.000946511
29.94 0.0002875792
29.96 0.001714549
29.98 0.002934467
30 0.003543413
30.02 0.001104634
30.04 -0.002504107
30.06 -0.002823397
30.08 -0.002281774
30.1 -0.002305207
30.12 -0.002349061
30.14 -0.001840118
30.16 0.0001560289
30.18 0.0005141216
30.2 0.002133924
30.22 0.00314682
30.24 0.001321025
30.26 0.0003071117
30.28 -0.00177161
30.3 -0.001939906
30.32 -0.0001977324
30.34 0.0005295485
30.36 0.0006203091
30.38 -0.0006577465
30.4 -0.002287686
30.42 -0.0009484102
30.44 6.853214e-05
30.46 0.000255217
30.48 0.0005785734
30.5 0.0004887932
30.52 0.0001807164
30.54 -0.0002191076
30.56 0.0005846908
30.58 0.0008233968
30.6 0.0004582245
30.62 0.0007509651
30.64 0.0002511986
30.66 0.0004164642
30.68 0.0006704233
30.7 0.0009907195
30.72 0.002037274
30.74 0.0008969166
30.76 0.0005470701
30.78 0.0005052724
30.8 0.001215209
30.82 0.001476342
30.84 0.0005491385
30.86 0.001379392
30.88 0.003118511
30.9 0.004331313
30.92 0.001149948
30.94 -0.001589792
30.96 -0.001767221
30.98 -0.000214722
31 0.000944024
31.02 -4.846096e-05
31.04 -0.001234714
31.06 -0.001893648
31.08 -0.001536634
31.1 -0.002860574
31.12 -0.003012559
31.14 -0.002427108
31.16 -0.002227214
31.18 -0.001551971
31.2 -0.001902814
31.22 4.030042e-05
31.24 0.0006043868
31.26 -0.001850737
31.28 -0.002275074
31.3 -0.001285696
31.32 -0.0007420629
31.34 -0.002566842
31.36 -0.004473216
31.38 -0.004050926
31.4 -0.001728391
31.42 0.0001280382
31.44 0.000448349
31.46 0.0003443347
31.48 -0.0007103494
31.5 -0.0008297041
31.52 0.0007604849
31.54 0.000534075
31.56 0.001326609
31.58 0.00186313
31.6 0.0008349825
31.62 -0.001916982
31.64 -0.00323893
31.66 -0.001200987
31.68 -0.0009122974
31.7 -0.0005583629
31.72 0.002371076
31.74 0.003158569
31.76 0.001651039
31.78 0.0003219747
31.8 -0.001334526
31.82 -0.001607905
31.84 -0.0009561092
31.86 -0.000947967
31.88 -0.0009581965
31.9 -0.00144984
31.92 -0.001453909
31.94 -0.002591183
31.96 -0.002054685
31.98 -0.001188693
32 -0.001019364
32.02 -0.0003563491
32.04 -4.21882e-05
32.06 -0.001634419
32.08 -0.002855366
32.1 -0.001609968
32.12 -0.0007134245
32.14 -0.0009459981
32.16 -0.001135721
32.18 -0.0004879804
32.2 -0.000713359
32.22 -0.0004481588
32.24 -0.0005869423
32.26 -0.0007511969
32.28 -0.0007226473
32.3 0.000813542
32.32 0.002823998
32.34 0.004404963
32.36 0.003958181
32.38 0.002727045
32.4 0.002344575
32.42 0.001276661
32.44 -0.0003492255
32.46 -0.000299287
32.48 0.001543838
32.5 0.002171094
32.52 0.002423008
32.54 0.002145594
32.56 0.001754943
32.58 0.001911005
32.6 0.001675364
32.62 0.0009348481
32.64 -0.0003462626
32.66 -0.001333626
32.68 -0.00261273
32.7 -0.001834519
32.72 0.001311157
32.74 0.002181244
32.76 0.002132261
32.78 0.002311754
32.8 0.002430071
32.82 0.0008694708
32.84 0.0002605251
32.86 0.001837441
32.88 0.001088774
32.9 -0.0003198703
32.92 -0.001096137
32.94 -0.001017622
32.96 -0.001178741
32.98 -0.001543897
33 -0.003074916
33.02 -0.003651215
33.04 -0.002992304
33.06 -0.002811807
33.08 -0.002883262
33.1 -0.003102574
33.12 -0.002189698
33.14 -0.001327819
33.16 -0.00046088
33.18 0.0003224632
33.2 0.001420996
33.22 0.002969382
33.24 0.005179706
33.26 0.004905346
33.28 0.005283773
33.3 0.003726183
33.32 0.002891798
33.34 0.001265887
33.36 -0.0002131291
33.38 7.246532e-05
33.4 -0.0005099896
33.42 0.0005273052
33.44 0.002189897
33.46 0.002771294
33.48 0.002818202
33.5 0.002066449
33.52 0.001035217
33.54 0.0001906058
33.56 -0.000433678
33.58 5.286083e-05
33.6 0.0009086353
33.62 0.002060169
33.64 0.00123192
33.66 -0.001090631
33.68 -0.004007852
33.7 -0.003812062
33.72 -0.002143374
33.74 -0.003001222
33.76 -0.002575937
33.78 -0.001558013
33.8 -0.002247557
33.82 -0.001599873
33.84 -0.0009552464
33.86 -0.0009838461
33.88 -0.0005973452
33.9 0.0005827292
33.92 0.000130845
33.94 -0.001733731
33.96 -0.004794746
33.98 -0.004859033
34 -0.004040004
34.02 -0.004130827
34.04 -0.002323438
34.06 -0.001096413
34.08 -0.000177414
34.1 -0.001507489
34.12 -0.001397366
34.14 -0.001477963
34.16 -0.001275036
34.18 0.0003834491
34.2 0.001660416
34.22 0.003542305
34.24 0.002467219
34.26 0.001456373
34.28 -0.0001593226
34.3 -0.001079407
34.32 -0.001020314
34.34 0.000263757
34.36 0.00148766
34.38 0.0002626116
34.4 -0.003074822
34.42 -0.00243634
34.44 0.0009214463
34.46 0.00147833
34.48 0.0005032196
34.5 -0.001223633
34.52 -0.0006627112
34.54 0.0006968888
34.56 0.001073215
34.58 0.00116494
34.6 0.0009078532
34.62 0.0006772875
34.64 0.001348387
34.66 0.001546176
34.68 0.003075087
34.7 0.002283537
34.72 0.001990766
34.74 0.001717357
34.76 0.001438815
34.78 -2.191193e-05
34.8 -4.63142e-06
34.82 0.001830348
34.84 0.002285255
34.86 0.00231992
34.88 0.001031607
34.9 0.001363015
34.92 0.001137557
34.94 0.00204225
34.96 0.0008794122
34.98 -0.000850581
35 -0.001827833
35.02 -0.001691239
35.04 -0.001741261
35.06 -0.001536325
35.08 -0.002025993
35.1 -0.00336534
35.12 -0.001933326
35.14 -0.001450922
35.16 -0.0009267248
35.18 -0.0004596513
35.2 -0.0005148275
35.22 -0.0008892209
35.24 -0.000514939
35.26 -0.0006108869
35.28 -0.001690112
35.3 -0.001013898
35.32 -7.22008e-06
35.34 0.001510471
35.36 0.001973486
35.38 0.001424647
35.4 0.0005963552
35.42 -0.001107121
35.44 -0.000802239
35.46 0.0009428897
35.48 0.002122931
35.5 0.002364614
35.52 0.001816844
35.54 -0.001197344
35.56 -0.001066917
35.58 0.001190289
35.6 0.00116573
35.62 0.003412667
35.64 0.004354013
35.66 0.004056137
35.68 0.002190523
35.7 0.001279556
35.72 0.001645637
35.74 0.001281428
35.76 0.0005857552
35.78 -0.001548168
35.8 -0.002087896
35.82 -0.0009323447
35.84 0.0003732103
35.86 0.0005281581
35.88 4.866628e-05
35.9 -6.532105e-06
35.92 0.0002952943
35.94 0.0001003997
35.96 -0.001290982
35.98 -0.002366215
36 -0.001311355
36.02 0.0003126055
36.04 0.001683446
36.06 0.001360688
36.08 0.00043592
36.1 0.0004274565
36.12 0.0004769879
36.14 0.0002769511
36.16 -0.0009103979
36.18 -0.0007113173
36.2 -0.0006625817
36.22 -0.001054039
36.24 -0.0003810568
36.26 -0.0001101247
36.28 0.0006097221
36.3 -0.0003110956
36.32 -0.00119757
36.34 -0.0007857341
36.36 -0.0006781446
36.38 -0.001315361
36.4 -0.001122394
36.42 0.0002977505
36.44 -0.0005150625
36.46 -0.0008084947
36.48 -0.0006050353
36.5 -0.0005725354
36.52 -0.001495909
36.54 -0.00199063
36.56 -0.001081974
36.58 -0.0007006659
36.6 -0.0009875154
36.62 -0.001237882
36.64 -0.00133484
36.66 -0.001283254
36.68 -0.0008300093
36.7 0.000423155
36.72 0.0008125864
36.74 0.0005757811
36.76 0.0007090731
36.78 0.0005582579
36.8 -0.0004653627
36.82 -0.0006650066
36.84 -0.0003413621
36.86 -0.0008952869
36.88 -0.0004905331
36.9 -0.001018773
36.92 -0.001194183
36.94 -0.001334516
36.96 -0.0009565627
36.98 -0.0004117177
37 0.001051573
37.02 0.001636686
37.04 -9.634989e-05
37.06 -0.002251106
37.08 -0.003003984
37.1 -0.001161176
37.12 -4.046966e-06
37.14 0.000213818
37.16 -0.0006756509
37.18 -0.0013715
37.2 -0.0003618015
37.22 0.0002937782
37.24 -0.000577331
37.26 -0.002190895
37.28 -0.001631196
37.3 0.0007202701
37.32 0.00137682
37.34 0.0008984071
37.36 0.0006763098
37.38 0.0003955236
37.4 0.0008973628
37.42 0.001022736
37.44 0.001196278
37.46 0.001582608
37.48 0.002056735
37.5 0.002156598
37.52 0.001991537
37.54 0.002151132
37.56 0.002079368
37.58 0.001743323
37.6 0.001291061
37.62 0.001364601
37.64 0.001242328
37.66 0.0008835453
37.68 0.0003853916
37.7 0.0007415944
37.72 0.001096397
37.74 0.0009048837
37.76 0.0004824904
37.78 0.0002100613
37.8 0.0002252635
37.82 0.0003622886
37.84 0.0001690756
37.86 -0.0001002859
37.88 0.0001488288
37.9 0.0003432845
37.92 0.000381538
37.94 -4.633723e-05
37.96 -0.0005224154
37.98 -0.0003706436
38 -0.0001292015
38.02 -2.718283e-05
38.04 -9.401261e-05
38.06 -0.0002736095
38.08 -0.0004786187
38.1 -0.0006692859
38.12 -0.0005254224
38.14 -0.0004600278
38.16 -0.0002868597
38.18 -0.0001504963
38.2 8.388805e-05
38.22 0.0001143806
38.24 -0.0001941402
38.26 -0.000565835
38.28 -0.0005811805
38.3 -0.0003094182
38.32 -0.0002219685
38.34 4.660737e-05
38.36 0.0001546082
38.38 8.680858e-05
38.4 -8.27027e-05
38.42 -0.0001121989
38.44 -5.524251e-05
38.46 -1.831707e-05
38.48 -3.092548e-05
38.5 -7.761697e-05
38.52 -9.314026e-05
38.54 -3.639936e-05
38.56 5.647647e-05
38.58 2.968093e-05
38.6 3.918132e-07
38.62 1.02867e-05
38.64 -8.530041e-06
38.66 -1.804337e-05
38.68 -3.765362e-05
38.7 -8.007852e-05
38.72 -6.305864e-05
38.74 -9.846329e-05
38.76 -0.0001410198
38.78 -0.0001324454
38.8 -0.0001276529
38.82 -9.972317e-05
38.84 -0.0001030872
38.86 -9.399179e-05
38.88 -8.025043e-05
38.9 -9.670656e-05
38.92 -0.0001061802
38.94 -9.213769e-05
38.96 -7.812884e-05
38.98 -7.160912e-05
39 -5.768619e-05
39.02 -5.676091e-05
39.04 -5.226003e-05
39.06 -4.933216e-05
39.08 -5.14254e-05
39.1 -5.107746e-05
39.12 -5.598183e-05
39.14 -5.977827e-05
39.16 -5.830935e-05
39.18 -5.215276e-05
39.2 -4.945086e-05
39.22 -4.930462e-05
39.24 -4.797255e-05
39.26 -4.547179e-05
39.28 -4.11164e-05
39.3 -3.773195e-05
39.32 -3.498294e-05
39.34 -3.512003e-05
39.36 -3.539301e-05
39.38 -3.458946e-05
39.4 -3.318492e-05
39.42 -3.085496e-05
39.44 -2.886376e-05
39.46 -2.657051e-05
39.48 -2.439324e-05
39.5 -2.287188e-05
39.52 -2.11291e-05
39.54 -1.948343e-05
39.56 -1.797451e-05
39.58 -1.662555e-05
39.6 -1.526684e-05
39.62 -1.383805e-05
39.64 -1.247589e-05
39.66 -1.116847e-05
39.68 -9.920173e-06
39.7 -8.731315e-06
39.72 -7.603131e-06
39.74 -6.545522e-06
39.76 -5.546288e-06
39.78 -4.603036e-06
39.8 -3.717281e-06
39.82 -2.887098e-06
39.84 -2.109962e-06
39.86 -1.383239e-06
39.88 -7.043205e-07
39.9 -7.079522e-08
39.92 5.194549e-07
39.94 1.068545e-06
39.96 1.578578e-06
39.98 2.051648e-06
