0 0.0001912762
0.01 4.692701e-05
0.02 0.0002279599
0.03 -0.0001479252
0.04 -0.0002055682
0.05 -0.0002570892
0.06 1.677183e-05
0.07 -0.0002509851
0.08 -0.00045346
0.09 0.0001151871
0.1 0.0001014162
0.11 0.0001447674
0.12 -0.0003402395
0.13 3.869563e-05
0.14 0.0001677327
0.15 -0.0003488881
0.16 -0.000388147
0.17 5.505604e-05
0.18 0.0001484011
0.19 8.87481e-05
0.2 0.0001321171
0.21 9.7968e-05
0.22 0.0001209409
0.23 0.0001102557
0.24 0.0001026325
0.25 0.0001368312
0.26 -0.0003563082
0.27 5.427439e-05
0.28 0.0001190789
0.29 0.0001226853
0.3 7.12136e-05
0.31 0.0001849838
0.32 -0.000135764
0.33 -0.00025557
0.34 0.0002050058
0.35 -0.0003788963
0.36 4.496335e-05
0.37 -0.0002798551
0.38 -5.795166e-05
0.39 0.0002761536
0.4 -0.0002404192
0.41 -0.0001154102
0.42 -0.0005452792
0.43 -0.0003325466
0.44 -0.0002156921
0.45 -4.987567e-05
0.46 0.0001934625
0.47 2.982261e-05
0.48 0.0001681045
0.49 -0.0003953718
0.5 6.319368e-05
0.51 -0.000317699
0.52 -0.0004435898
0.53 7.618105e-05
0.54 8.799376e-05
0.55 0.0001273483
0.56 -0.0003769554
0.57 4.898262e-05
0.58 9.038247e-05
0.59 0.0001470841
0.6 -0.0001256726
0.61 -0.0002862274
0.62 0.0001988795
0.63 3.628814e-05
0.64 0.0001246186
0.65 8.443067e-05
0.66 -0.0003433554
0.67 6.10016e-06
0.68 0.0001331975
0.69 6.955655e-05
0.7 9.669732e-05
0.71 9.83398e-05
0.72 6.224401e-05
0.73 0.0001536499
0.74 -0.0001394825
0.75 -0.0002877732
0.76 0.0001932778
0.77 2.561049e-05
0.78 0.0001323248
0.79 4.932087e-05
0.8 0.0001182986
0.81 5.671796e-05
0.82 0.000112439
0.83 6.106169e-05
0.84 0.0001076061
0.85 6.541204e-05
0.86 9.76797e-05
0.87 8.302898e-05
0.88 -0.0003508401
0.89 -9.507544e-06
0.9 0.0001359866
0.91 4.586245e-05
0.92 0.0001046599
0.93 7.77789e-05
0.94 -0.0003560805
0.95 -1.478203e-06
0.96 0.0001164857
0.97 7.737109e-05
0.98 -0.0003646419
0.99 1.138675e-05
1 9.263696e-05
1.01 0.0001167687
1.02 -0.0001283779
1.03 -0.000312323
1.04 0.0001963135
1.05 6.251572e-06
1.06 0.0001334112
1.07 3.107234e-05
1.08 0.000128655
1.09 -0.0004010607
1.1 2.292509e-05
1.11 9.807241e-05
1.12 7.020127e-05
1.13 -0.0003401683
1.14 -0.0004730965
1.15 7.125696e-05
1.16 -0.0003758281
1.17 4.308339e-06
1.18 0.0001090463
1.19 5.364572e-05
1.2 9.004666e-05
1.21 6.42291e-05
1.22 8.125301e-05
1.23 7.073842e-05
1.24 7.24653e-05
1.25 8.031365e-05
1.26 6.164348e-05
1.27 9.091477e-05
1.28 4.776752e-05
1.29 0.0001056017
1.3 2.87974e-05
1.31 0.0001304945
1.32 -0.0004185669
1.33 -0.0003892869
1.34 -4.788548e-05
1.35 0.0001915174
1.36 -9.539828e-05
1.37 0.0001185074
1.38 0.0007189945
1.39 -0.0005124367
1.4 5.439307e-05
1.41 7.246445e-05
1.42 7.013724e-05
1.43 6.475142e-05
1.44 8.078699e-05
1.45 4.684397e-05
1.46 0.0001098024
1.47 -1.083793e-05
1.48 0.0003152832
1.49 0.0004190456
1.5 -5.550456e-06
1.51 8.801478e-05
1.52 7.652138e-05
1.53 3.136934e-05
1.54 0.0001453387
1.55 -0.0001772507
1.56 -0.0002927786
1.57 0.0001659546
1.58 -0.0004197906
1.59 6.305402e-06
1.6 0.0001009028
1.61 3.944144e-05
1.62 9.018147e-05
1.63 4.708279e-05
1.64 7.742543e-05
1.65 7.002939e-05
1.66 -0.0003769853
1.67 -1.411877e-05
1.68 0.0001019091
1.69 5.371827e-05
1.7 5.346872e-05
1.71 0.0001174805
1.72 -0.0001561265
1.73 -0.0003063122
1.74 -0.0002596366
1.75 -0.0005250797
1.76 7.03584e-05
1.77 4.97178e-05
1.78 8.007846e-05
1.79 -0.0003618196
1.8 -0.0004834364
1.81 6.508795e-05
1.82 1.691362e-05
1.83 0.0001686606
1.84 -0.0006404313
1.85 -0.000361182
1.86 0.0001832686
1.87 4.540504e-06
1.88 0.0001022335
1.89 4.182784e-05
1.9 7.934334e-05
1.91 5.464005e-05
1.92 7.277798e-05
1.93 5.521709e-05
1.94 8.355742e-05
1.95 -0.0003879011
1.96 -1.071834e-05
1.97 0.0001002456
1.98 5.311065e-05
1.99 -0.000363263
2 -3.299561e-05
2.01 0.000123873
2.02 1.758282e-05
2.03 0.0001122338
2.04 -0.0004061341
2.05 -4.46079e-06
2.06 0.0001116137
2.07 1.348926e-05
2.08 0.0001367061
2.09 -0.0004571361
2.1 9.448297e-05
2.11 -0.0001647969
2.12 -0.0002975955
2.13 0.0001510069
2.14 2.331049e-05
2.15 9.655516e-05
2.16 -0.000386099
2.17 -2.215204e-05
2.18 0.000125556
2.19 1.112517e-05
2.2 0.0001170154
2.21 1.686682e-05
2.22 -0.0003066607
2.23 -0.0001232471
2.24 0.0003773875
2.25 0.0003751633
2.26 1.288013e-05
2.27 9.225807e-05
2.28 -0.0003832429
2.29 -1.826286e-05
2.3 0.0001161982
2.31 2.830051e-05
2.32 9.544376e-05
2.33 4.426813e-05
2.34 7.775353e-05
2.35 7.758001e-05
2.36 -7.559249e-05
2.37 -0.0005561839
2.38 -0.0001881343
2.39 9.831634e-05
2.4 6.0408e-05
2.41 6.942071e-05
2.42 6.721446e-05
2.43 6.806923e-05
2.44 6.892504e-05
2.45 6.774185e-05
2.46 7.063969e-05
2.47 6.537854e-05
2.48 7.541841e-05
2.49 5.893928e-05
2.5 8.530115e-05
2.51 4.434403e-05
2.52 0.0001115079
2.53 -6.967225e-06
2.54 0.0003121387
2.55 0.0004323454
2.56 -1.660669e-05
2.57 0.0001097221
2.58 6.469191e-05
2.59 -0.0003679373
2.6 1.344217e-07
2.61 -0.0003213128
2.62 -0.0004744592
2.63 3.539542e-05
2.64 0.0001250111
2.65 -0.0001331925
2.66 -0.0003250949
2.67 0.0002072035
2.68 -1.325711e-05
2.69 0.0001467432
2.7 2.012449e-05
2.71 -0.0003002933
2.72 -8.521016e-05
2.73 0.0002318739
2.74 -0.000220121
2.75 -0.0002447351
2.76 0.0001519117
2.77 -0.0003939206
2.78 2.41481e-05
2.79 -0.0003299223
2.8 -2.303183e-05
2.81 -0.0002781604
2.82 -0.0005077881
2.83 9.6945e-05
2.84 4.989913e-05
2.85 0.0001140341
2.86 6.188998e-05
2.87 -0.0003217532
2.88 -0.0004687556
2.89 6.662289e-05
2.9 8.588228e-05
2.91 8.168255e-05
2.92 0.0001029837
2.93 -0.0003673543
2.94 1.400857e-05
2.95 0.0001209923
2.96 6.783689e-05
2.97 0.0001024023
2.98 7.576862e-05
2.99 0.0001093158
3 -0.0003599963
3.01 5.052597e-06
3.02 0.0001487623
3.03 -0.0003766472
3.04 -0.0004073558
3.05 3.113631e-05
3.06 0.0001279293
3.07 7.172315e-05
3.08 0.0001073178
3.09 9.803332e-05
3.1 -0.0003447504
3.11 1.214668e-05
3.12 0.0001395446
3.13 7.212332e-05
3.14 0.0001097628
3.15 0.0001025232
3.16 7.590432e-05
3.17 0.0001635262
3.18 -0.0001323711
3.19 -0.0002569075
3.2 -0.0002447632
3.21 -3.881816e-05
3.22 0.0001977277
3.23 -0.0003929457
3.24 -0.0003644782
3.25 -0.0004114901
3.26 5.863891e-05
3.27 0.0001442286
3.28 -0.0003587208
3.29 4.613039e-05
3.3 0.0001347825
3.31 9.593521e-05
3.32 0.0001162487
3.33 0.0001090229
3.34 0.000109958
3.35 0.0001221138
3.36 -0.0003155497
3.37 -0.0004227324
3.38 0.0001004455
3.39 -0.0003259958
3.4 3.60237e-05
3.41 0.0001583438
3.42 8.788478e-05
3.43 0.0001479864
3.44 -0.0003263912
3.45 -0.0004009282
3.46 8.247562e-05
3.47 0.0001344201
3.48 0.0001200653
3.49 0.0001220312
3.5 0.0001270579
3.51 0.0001249452
3.52 -0.0002933268
3.53 -0.0004178381
3.54 0.0001073913
3.55 0.0001277214
3.56 0.0001317322
3.57 0.0001428837
3.58 -0.0003212842
3.59 7.338861e-05
3.6 -0.0002908179
3.61 7.223632e-05
3.62 -6.368829e-06
3.63 -0.0003134533
3.64 0.0003056229
3.65 2.709974e-05
3.66 -0.0002034828
3.67 -3.320456e-05
3.68 -0.0001373057
3.69 -0.0002383462
3.7 -0.0005668461
3.71 7.569467e-05
3.72 0.0002031361
3.73 9.801819e-05
3.74 -0.0002335391
3.75 -0.0004314757
3.76 0.0001580282
3.77 0.0001212529
3.78 0.0001803581
3.79 0.000126244
3.8 0.0001700505
3.81 0.0001485777
3.82 -0.0002778346
3.83 5.97338e-05
3.84 0.0002137028
3.85 0.0001126724
3.86 0.0001962626
3.87 0.0001227734
3.88 0.0002022848
3.89 -0.0003077631
3.9 9.304948e-05
3.91 0.0002123428
3.92 -0.0003130034
3.93 0.000120451
3.94 -0.000254954
3.95 6.732163e-05
3.96 0.0002335378
3.97 0.0001070146
3.98 0.0006608319
3.99 0.0002140299
4 0.0001640084
4.01 0.0001700874
4.02 0.0001822871
4.03 0.0001638874
4.04 0.0001913881
4.05 0.0001648294
4.06 -0.0002207686
4.07 -0.0003962461
4.08 0.0002248968
4.09 -4.033952e-05
4.1 -0.0002056153
4.11 0.0003380093
4.12 -0.0005076054
4.13 -0.0002913997
4.14 0.0004082867
4.15 -0.0001486664
4.16 -8.851903e-05
4.17 0.0002041889
4.18 0.0002276174
4.19 0.0001327264
4.2 0.0002948759
4.21 -6.725399e-05
4.22 -0.0001488834
4.23 0.0002876478
4.24 -0.0002805206
4.25 0.0001386715
4.26 0.0002345242
4.27 0.0001845174
4.28 0.0002099911
4.29 0.0002344453
4.3 -0.00038574
4.31 -0.0004928648
4.32 -5.329075e-06
4.33 0.0002210871
4.34 -0.0002022362
4.35 -0.0003368989
4.36 0.0001995988
4.37 0.000208757
4.38 0.0002352557
4.39 -0.0002186651
4.4 -0.0003084455
4.41 0.0001872546
4.42 0.0002270152
4.43 0.0002331164
4.44 -0.000209582
4.45 -0.0003014
4.46 0.0001912425
4.47 0.0002381455
4.48 0.000240169
4.49 -0.0002137471
4.5 0.0001493572
4.51 0.0002788821
4.52 0.0002013474
4.53 0.0002625332
4.54 0.0002145794
4.55 0.0002584261
4.56 0.0002237332
4.57 0.0002573807
4.58 0.0002308487
4.59 0.0002563372
4.6 0.0002359261
4.61 0.0002542754
4.62 0.0002410053
4.63 0.0002552755
4.64 0.0002471061
4.65 0.0002562772
4.66 0.0002511687
4.67 0.0002583006
4.68 0.0002542129
4.69 0.0002613457
4.7 0.000256239
4.71 0.0002623526
4.72 0.0002582667
4.73 0.0002674412
4.74 0.000260296
4.75 0.0002715113
4.76 0.0002623269
4.77 0.0002745631
4.78 0.0002653795
4.79 0.0002776164
4.8 0.0002674138
4.81 0.0002786315
4.82 0.0002725096
4.83 0.0002776081
4.84 0.000280667
4.85 0.0002725063
4.86 0.000301066
4.87 -0.000169154
4.88 0.0002072264
4.89 0.0003337073
4.9 0.0002408885
4.91 0.0003581901
4.92 -0.000337448
4.93 -0.0007852255
4.94 -0.0006250828
4.95 -0.0007546198
4.96 -0.0004965563
4.97 0.0003061875
4.98 0.0002888517
4.99 0.0003204763
5 0.0002725412
5.01 0.0003470064
5.02 0.0002358321
5.03 0.0004265781
5.04 -0.0004159356
5.05 -8.646882e-05
5.06 0.0003694782
5.07 0.0004694456
5.08 0.0007448534
5.09 0.0001634615
5.1 0.0004235699
5.11 0.0002256988
5.12 0.0004093079
5.13 0.0002287773
5.14 0.0004297271
5.15 0.0001869773
5.16 0.0006113077
5.17 0.001180479
5.18 0.001504849
5.19 0.0009000012
5.2 0.0009265329
5.21 0.000348205
5.22 -0.0002729626
5.23 0.0005542702
5.24 0.0002074833
5.25 0.0004390367
5.26 0.0002462703
5.27 0.0005584044
5.28 0.0009001188
5.29 0.0006787933
5.3 0.0002045083
5.31 0.001054184
5.32 0.0008042991
5.33 -0.000321765
5.34 -0.001307069
5.35 -0.001123452
5.36 -0.0002768357
5.37 -0.0002890586
5.38 -0.0007398813
5.39 -0.0003747036
5.4 0.0002648544
5.41 0.001073732
5.42 0.000687171
5.43 -0.00136607
5.44 -0.001643491
5.45 -0.001402752
5.46 -0.001141612
5.47 -0.001906592
5.48 -0.002357412
5.49 -0.001486312
5.5 2.942926e-05
5.51 0.00101681
5.52 0.001532951
5.53 0.0005466331
5.54 -0.001206725
5.55 -0.002317482
5.56 -0.001906401
5.57 0.000317222
5.58 0.001455565
5.59 0.001176108
5.6 0.0005121114
5.61 0.001590275
5.62 0.001821839
5.63 0.0006294831
5.64 0.0004316276
5.65 -0.0002027878
5.66 -0.0007811028
5.67 -0.001709278
5.68 -0.002545652
5.69 -0.002538487
5.7 -0.0024844
5.71 -0.003138195
5.72 -0.003612468
5.73 -0.003438022
5.74 -0.003557335
5.75 -0.003449188
5.76 -0.003553201
5.77 -0.003429752
5.78 -0.003601085
5.79 -0.002725897
5.8 -0.000834789
5.81 -0.0004798004
5.82 -0.0006001317
5.83 -0.0004838229
5.84 -0.0006378137
5.85 0.0001170156
5.86 0.0004964851
5.87 0.0004363349
5.88 0.0004200449
5.89 0.0006046951
5.9 0.001461525
5.91 0.001384037
5.92 0.001595207
5.93 0.002534658
5.94 0.004047349
5.95 0.003927021
5.96 0.002593912
5.97 0.002986644
5.98 0.004114796
5.99 0.003923069
6 0.002507341
6.01 0.0008702735
6.02 -0.0003475736
6.03 -0.002288601
6.04 -0.003621707
6.05 -0.003234074
6.06 -0.0048793
6.07 -0.007134487
6.08 -0.007360892
6.09 -0.005390218
6.1 -0.003326724
6.11 -0.00360413
6.12 -0.004921935
6.13 -0.00427828
6.14 -0.003559145
6.15 -0.00443223
6.16 -0.004856514
6.17 -0.003949698
6.18 -0.002635903
6.19 -0.002493067
6.2 -0.001642351
6.21 0.002129645
6.22 0.005762921
6.23 0.006610578
6.24 0.005642634
6.25 0.005563111
6.26 0.006490328
6.27 0.007665406
6.28 0.007674623
6.29 0.007501261
6.3 0.008380539
6.31 0.008390776
6.32 0.008295955
6.33 0.008623414
6.34 0.008627532
6.35 0.006571249
6.36 0.004731208
6.37 0.004439527
6.38 0.003912226
6.39 0.002672965
6.4 0.0007115442
6.41 -0.001133596
6.42 -0.001393657
6.43 0.0002853027
6.44 0.0003383824
6.45 -0.002210557
6.46 -0.004060798
6.47 -0.004345337
6.48 -0.002522557
6.49 -0.001332176
6.5 -0.001524916
6.51 -0.003044676
6.52 -0.003372055
6.53 -0.004052354
6.54 -0.006165752
6.55 -0.007979271
6.56 -0.008165891
6.57 -0.007223369
6.58 -0.007300847
6.59 -0.007194725
6.6 -0.004882344
6.61 -0.0005983018
6.62 0.00173958
6.63 0.0007716423
6.64 -0.001001075
6.65 0.0003861669
6.66 0.004068409
6.67 0.006133952
6.68 0.004283714
6.69 0.0008973575
6.7 -0.0003449595
6.71 0.001326864
6.72 0.003842227
6.73 0.00527741
6.74 0.005532453
6.75 0.005511077
6.76 0.00547236
6.77 0.006106844
6.78 0.006638307
6.79 0.005779511
6.8 0.003091855
6.81 0.00134668
6.82 0.001935263
6.83 0.001808827
6.84 -0.0002005282
6.85 -0.001494864
6.86 -0.0006400593
6.87 -0.0004258148
6.88 -0.00195781
6.89 -0.002943086
6.9 -0.00405994
6.91 -0.006086636
6.92 -0.00745237
6.93 -0.008146945
6.94 -0.008770121
6.95 -0.009358616
6.96 -0.00783367
6.97 -0.004668565
6.98 -0.003106899
6.99 -0.003423054
7 -0.002879348
7.01 -0.001314623
7.02 -0.001384956
7.03 -0.002978151
7.04 -0.003165785
7.05 -0.002221219
7.06 -0.002437413
7.07 -0.003344147
7.08 -0.002426101
7.09 0.001259205
7.1 0.004712972
7.11 0.006713238
7.12 0.008160664
7.13 0.008606451
7.14 0.008558558
7.15 0.01040379
7.16 0.01335877
7.17 0.01435944
7.18 0.01259794
7.19 0.008966792
7.2 0.007411337
7.21 0.007642924
7.22 0.006871851
7.23 0.004553438
7.24 0.002051425
7.25 0.0009447726
7.26 0.0006612597
7.27 -0.002306893
7.28 -0.007542506
7.29 -0.0115378
7.3 -0.01197023
7.31 -0.01102567
7.32 -0.011045
7.33 -0.01116123
7.34 -0.009640362
7.35 -0.005491974
7.36 -0.004173067
7.37 -0.006120198
7.38 -0.008313152
7.39 -0.007165603
7.4 -0.004330976
7.41 -0.002440867
7.42 -0.0003834801
7.43 0.001433188
7.44 0.004152555
7.45 0.006469023
7.46 0.008442772
7.47 0.009641319
7.48 0.009528147
7.49 0.009669976
7.5 0.01124898
7.51 0.01080737
7.52 0.006925298
7.53 0.003852088
7.54 0.004388655
7.55 0.006327723
7.56 0.004296952
7.57 -0.00058778
7.58 -0.004659572
7.59 -0.007046323
7.6 -0.007588916
7.61 -0.005680447
7.62 -0.003255859
7.63 -0.00403611
7.64 -0.006986922
7.65 -0.007652932
7.66 -0.005542505
7.67 -0.003986957
7.68 -0.004320449
7.69 -0.0052486
7.7 -0.006171652
7.71 -0.005294404
7.72 -0.001409175
7.73 0.003327753
7.74 0.004280481
7.75 0.0003157894
7.76 -0.004620962
7.77 -0.004978934
7.78 -0.001677145
7.79 -4.917701e-05
7.8 -0.002760289
7.81 -0.0058692
7.82 -0.003017232
7.83 0.004113637
7.84 0.009852205
7.85 0.009132134
7.86 0.005121542
7.87 0.00356099
7.88 0.004481078
7.89 0.003513147
7.9 -0.002333445
7.91 -0.007150856
7.92 -0.007792388
7.93 -0.00456608
7.94 -0.001210231
7.95 -0.001401943
7.96 -0.001933315
7.97 -0.0009550864
7.98 0.002230421
7.99 0.00456525
8 0.004641798
8.01 0.003804427
8.02 3.04748e-05
8.03 -0.000603917
8.04 0.002452051
8.05 0.006734059
8.06 0.01036734
8.07 0.01156692
8.08 0.01032869
8.09 0.008471313
8.1 0.00807152
8.11 0.006028508
8.12 0.003962036
8.13 0.001436564
8.14 -0.001081768
8.15 -0.00268822
8.16 -0.003239992
8.17 -0.002815624
8.18 -0.002144416
8.19 -0.002120908
8.2 -0.00389056
8.21 -0.005735692
8.22 -0.008461086
8.23 -0.01064791
8.24 -0.01154751
8.25 -0.01190446
8.26 -0.01007453
8.27 -0.008230328
8.28 -0.005947518
8.29 -0.003412771
8.3 -0.002364164
8.31 -0.001525676
8.32 0.000314451
8.33 0.002879798
8.34 0.005108546
8.35 0.005512512
8.36 0.0058359
8.37 0.007129308
8.38 0.0104668
8.39 0.01277204
8.4 0.01252729
8.41 0.0108831
8.42 0.009686684
8.43 0.01152579
8.44 0.01280491
8.45 0.01129638
8.46 0.005834331
8.47 0.001702358
8.48 0.001143445
8.49 0.001686131
8.5 0.0008048985
8.51 -0.0008607149
8.52 -0.002221349
8.53 -0.001731702
8.54 -0.001863235
8.55 -0.003132069
8.56 -0.002933123
8.57 -0.003696036
8.58 -0.006551989
8.59 -0.009858784
8.6 -0.01092362
8.61 -0.01016877
8.62 -0.008102205
8.63 -0.00806748
8.64 -0.009489314
8.65 -0.01265433
8.66 -0.0165772
8.67 -0.01653738
8.68 -0.01329679
8.69 -0.009772644
8.7 -0.01006432
8.71 -0.01118117
8.72 -0.009265567
8.73 -0.005898501
8.74 -0.003165876
8.75 -0.001284951
8.76 0.001440535
8.77 0.00615094
8.78 0.01220876
8.79 0.01494241
8.8 0.01577783
8.81 0.0167224
8.82 0.01840646
8.83 0.01965907
8.84 0.01953569
8.85 0.01916242
8.86 0.0189503
8.87 0.01768861
8.88 0.01425023
8.89 0.01122087
8.9 0.008990182
8.91 0.008801527
8.92 0.008210991
8.93 0.007535796
8.94 0.006896299
8.95 0.006146643
8.96 0.003834348
8.97 0.001313971
8.98 6.451556e-05
8.99 -0.003613561
9 -0.009322458
9.01 -0.01436937
9.02 -0.01643687
9.03 -0.0163287
9.04 -0.01655204
9.05 -0.01733128
9.06 -0.01842774
9.07 -0.02042689
9.08 -0.01994439
9.09 -0.01769525
9.1 -0.01474945
9.11 -0.0119495
9.12 -0.01053675
9.13 -0.009924716
9.14 -0.009065832
9.15 -0.007103309
9.16 -0.004401287
9.17 -0.0008210449
9.18 0.001061918
9.19 0.00282758
9.2 0.005861101
9.21 0.009278145
9.22 0.01361115
9.23 0.01765957
9.24 0.02044013
9.25 0.02218437
9.26 0.02375419
9.27 0.02546274
9.28 0.0264124
9.29 0.02463662
9.3 0.02107584
9.31 0.01886452
9.32 0.01806896
9.33 0.01671955
9.34 0.01321385
9.35 0.009016586
9.36 0.003647346
9.37 -0.003079513
9.38 -0.009698253
9.39 -0.01615889
9.4 -0.02047243
9.41 -0.02335491
9.42 -0.02532754
9.43 -0.02676265
9.44 -0.02735727
9.45 -0.02813855
9.46 -0.02835985
9.47 -0.02728983
9.48 -0.02580875
9.49 -0.02309347
9.5 -0.02005179
9.51 -0.01534955
9.52 -0.008788871
9.53 -0.001874252
9.54 0.002526067
9.55 0.005436166
9.56 0.009691646
9.57 0.01670724
9.58 0.02250904
9.59 0.02462049
9.6 0.02432064
9.61 0.02409322
9.62 0.02533561
9.63 0.02724204
9.64 0.02631285
9.65 0.02223799
9.66 0.01797443
9.67 0.01417089
9.68 0.009987908
9.69 0.005403045
9.7 0.002545043
9.71 -0.00111366
9.72 -0.006471681
9.73 -0.01372486
9.74 -0.02018041
9.75 -0.02267325
9.76 -0.02249675
9.77 -0.02273132
9.78 -0.02605954
9.79 -0.02917152
9.8 -0.02745789
9.81 -0.02273831
9.82 -0.01854097
9.83 -0.0158767
9.84 -0.0142518
9.85 -0.0101636
9.86 -0.005102326
9.87 -0.00209431
9.88 -0.0002327741
9.89 0.003022081
9.9 0.008432198
9.91 0.01340269
9.92 0.01729097
9.93 0.02127614
9.94 0.02428926
9.95 0.02262057
9.96 0.02000533
9.97 0.02086625
9.98 0.02324084
9.99 0.02394264
10 0.02203323
10.01 0.02088168
10.02 0.02047678
10.03 0.01882135
10.04 0.01499537
10.05 0.01000148
10.06 0.005188136
10.07 0.0001483501
10.08 -0.004430396
10.09 -0.009115223
10.1 -0.01293713
10.11 -0.01723027
10.12 -0.02052178
10.13 -0.02222413
10.14 -0.02197012
10.15 -0.01958736
10.16 -0.01866015
10.17 -0.01842755
10.18 -0.01762784
10.19 -0.01774817
10.2 -0.01916594
10.21 -0.01788988
10.22 -0.01340389
10.23 -0.0072757
10.24 -0.002399047
10.25 0.000428424
10.26 0.003575156
10.27 0.006989128
10.28 0.009436139
10.29 0.01054593
10.3 0.01082238
10.31 0.01074081
10.32 0.009068045
10.33 0.009162936
10.34 0.01033393
10.35 0.01143963
10.36 0.01302271
10.37 0.0119089
10.38 0.01007803
10.39 0.007944222
10.4 0.006729432
10.41 0.005179063
10.42 0.003078912
10.43 0.001258243
10.44 -0.001431467
10.45 -0.003801917
10.46 -0.005587908
10.47 -0.005801058
10.48 -0.004717789
10.49 -0.003349939
10.5 -0.00215447
10.51 -0.0001073006
10.52 0.001128969
10.53 0.002738557
10.54 0.004566426
10.55 0.005644595
10.56 0.005313123
10.57 0.004839872
10.58 0.00435642
10.59 0.003780149
10.6 0.004031097
10.61 0.003729205
10.62 0.002833673
10.63 0.001273101
10.64 -0.001131011
10.65 -0.004711184
10.66 -0.004627516
10.67 -0.002843509
10.68 -0.003247402
10.69 -0.005644375
10.7 -0.007606828
10.71 -0.007790401
10.72 -0.006087993
10.73 -0.004671187
10.74 -0.00331252
10.75 -0.0008828541
10.76 0.001161252
10.77 0.001915059
10.78 4.440454e-05
10.79 -0.00288501
10.8 -0.006369303
10.81 -0.008606139
10.82 -0.008922312
10.83 -0.007711547
10.84 -0.005361441
10.85 -0.003088856
10.86 -0.00116103
10.87 0.003256614
10.88 0.008596339
10.89 0.009164505
10.9 0.006374829
10.91 0.004170633
10.92 0.005787358
10.93 0.008656642
10.94 0.01007651
10.95 0.01052431
10.96 0.01042233
10.97 0.01030098
10.98 0.009430942
10.99 0.009013787
11 0.01031125
11.01 0.01109056
11.02 0.01110587
11.03 0.01053266
11.04 0.009716683
11.05 0.007480865
11.06 0.004335209
11.07 0.002033091
11.08 0.0007785136
11.09 -0.0008351039
11.1 -0.004488721
11.11 -0.006647019
11.12 -0.006962177
11.13 -0.006847915
11.14 -0.007549652
11.15 -0.01090136
11.16 -0.01374407
11.17 -0.01299945
11.18 -0.01102572
11.19 -0.009550786
11.2 -0.008997924
11.21 -0.008085003
11.22 -0.006254082
11.23 -0.005298321
11.24 -0.00422832
11.25 -0.00148858
11.26 0.003016781
11.27 0.006314461
11.28 0.006773481
11.29 0.005586221
11.3 0.004914061
11.31 0.004143981
11.32 0.001903061
11.33 -0.0009080393
11.34 -0.002053479
11.35 0.0003374197
11.36 0.002851739
11.37 0.003383178
11.38 0.001864417
11.39 -0.0008385637
11.4 -0.002881605
11.41 -0.004187186
11.42 -0.005553966
11.43 -0.006538247
11.44 -0.005845651
11.45 -0.004798092
11.46 -0.003982074
11.47 -0.004108536
11.48 -0.005657899
11.49 -0.005389621
11.5 -0.002916103
11.51 -0.0004701253
11.52 0.0006202721
11.53 0.00103237
11.54 0.002601147
11.55 0.004672783
11.56 0.00604368
11.57 0.006711797
11.58 0.007374814
11.59 0.007974591
11.6 0.008854867
11.61 0.009779004
11.62 0.009541359
11.63 0.008093997
11.64 0.005154372
11.65 0.001830208
11.66 -0.001064536
11.67 -0.003343201
11.68 -0.003982724
11.69 -0.003558389
11.7 -0.002227274
11.71 -0.002281319
11.72 -0.002992244
11.73 -0.003183988
11.74 -0.002242514
11.75 -0.0009980991
11.76 -0.001683525
11.77 -0.00281061
11.78 -0.002986036
11.79 -0.001455002
11.8 -0.001060247
11.81 -0.003594933
11.82 -0.007580059
11.83 -0.009057006
11.84 -0.006340731
11.85 -0.001323338
11.86 0.001017575
11.87 9.448899e-05
11.88 -0.001983238
11.89 -0.003245984
11.9 -0.004806572
11.91 -0.006220279
11.92 -0.005250245
11.93 -0.003163313
11.94 0.0002638993
11.95 0.003399392
11.96 0.006814364
11.97 0.009381716
11.98 0.01164408
11.99 0.01425836
12 0.01453581
12.01 0.01276
12.02 0.01095768
12.03 0.01039057
12.04 0.009570499
12.05 0.00788853
12.06 0.00589546
12.07 0.004424632
12.08 0.003982983
12.09 0.004648034
12.1 0.005390605
12.11 0.005651735
12.12 0.004425705
12.13 0.001978736
12.14 0.0005813464
12.15 -0.0008466434
12.16 -0.003144693
12.17 -0.006354623
12.18 -0.007300153
12.19 -0.005820123
12.2 -0.003772974
12.21 -0.002418404
12.22 -0.001962455
12.23 -0.001257626
12.24 -0.002929396
12.25 -0.004832707
12.26 -0.005165217
12.27 -0.00505505
12.28 -0.005799641
12.29 -0.007907972
12.3 -0.007319424
12.31 -0.005326336
12.32 -0.003242468
12.33 -0.002262239
12.34 -0.003337312
12.35 -0.004219604
12.36 -0.003403596
12.37 -0.001395207
12.38 0.0006396995
12.39 0.001687247
12.4 0.0005193545
12.41 -0.0002017782
12.42 -0.0006781111
12.43 -0.000357824
12.44 0.0004143229
12.45 0.0008182497
12.46 0.0006856565
12.47 0.000894763
12.48 0.00178319
12.49 0.001093676
12.5 0.0005357423
12.51 -0.0008290115
12.52 -0.001871445
12.53 -0.00310564
12.54 -0.006153393
12.55 -0.009030809
12.56 -0.0118307
12.57 -0.01189393
12.58 -0.01091881
12.59 -0.009886565
12.6 -0.009072602
12.61 -0.009637676
12.62 -0.01089431
12.63 -0.01293839
12.64 -0.01597696
12.65 -0.01927156
12.66 -0.02189907
12.67 -0.02269773
12.68 -0.02120036
12.69 -0.01888088
12.7 -0.01566379
12.71 -0.01283635
12.72 -0.01101361
12.73 -0.009190863
12.74 -0.006186958
12.75 -0.003417655
12.76 -0.0009380319
12.77 0.002293332
12.78 0.006740534
12.79 0.01118468
12.8 0.01303803
12.81 0.01372244
12.82 0.01432628
12.83 0.01437729
12.84 0.01332975
12.85 0.009889295
12.86 0.006996577
12.87 0.00474442
12.88 0.002710542
12.89 -0.0008931156
12.9 -0.004849693
12.91 -0.009348911
12.92 -0.01436527
12.93 -0.01933981
12.94 -0.02524969
12.95 -0.02925726
12.96 -0.0322989
12.97 -0.03629934
12.98 -0.04004988
12.99 -0.04243872
13 -0.04410642
13.01 -0.04474596
13.02 -0.04542425
13.03 -0.04541507
13.04 -0.04361681
13.05 -0.03991625
13.06 -0.03429503
13.07 -0.02781089
13.08 -0.02132165
13.09 -0.01592687
13.1 -0.01051271
13.11 -0.003362514
13.12 0.003815226
13.13 0.009188586
13.14 0.01229449
13.15 0.01395301
13.16 0.0150291
13.17 0.01582776
13.18 0.01472514
13.19 0.0122649
13.2 0.009691442
13.21 0.00761778
13.22 0.008176739
13.23 0.01021877
13.24 0.01229141
13.25 0.01521983
13.26 0.01638671
13.27 0.01807175
13.28 0.01925699
13.29 0.01980677
13.3 0.01974352
13.31 0.0189673
13.32 0.01992712
13.33 0.02082064
13.34 0.02375722
13.35 0.02750979
13.36 0.02995371
13.37 0.03091149
13.38 0.02872053
13.39 0.02482208
13.4 0.02030756
13.41 0.01556966
13.42 0.009918858
13.43 0.004820894
13.44 0.002817611
13.45 0.002401448
13.46 0.002625845
13.47 0.001741501
13.48 -0.0002617823
13.49 -0.002135526
13.5 -0.00242317
13.51 -0.002528233
13.52 -0.004037837
13.53 -0.007051941
13.54 -0.01189083
13.55 -0.01626051
13.56 -0.02159614
13.57 -0.02662372
13.58 -0.02987141
13.59 -0.03066701
13.6 -0.02748462
13.61 -0.02261004
13.62 -0.01672974
13.63 -0.01027621
13.64 -0.003226992
13.65 0.002826703
13.66 0.006998498
13.67 0.008506054
13.68 0.007238187
13.69 0.003765083
13.7 -0.0003791828
13.71 -0.003172968
13.72 -0.005308854
13.73 -0.00692148
13.74 -0.008159767
13.75 -0.007617132
13.76 -0.005506758
13.77 -0.001305384
13.78 0.00373341
13.79 0.008115324
13.8 0.01105699
13.81 0.01320001
13.82 0.01350906
13.83 0.01149659
13.84 0.008213212
13.85 0.003469185
13.86 -0.001067782
13.87 -0.004978469
13.88 -0.007255115
13.89 -0.008589284
13.9 -0.00934613
13.91 -0.009309418
13.92 -0.009518525
13.93 -0.01039675
13.94 -0.01274276
13.95 -0.01692272
13.96 -0.02110371
13.97 -0.02479918
13.98 -0.02652911
13.99 -0.02853953
14 -0.03007362
14.01 -0.02994103
14.02 -0.02939738
14.03 -0.02882007
14.04 -0.0291373
14.05 -0.0281938
14.06 -0.02616809
14.07 -0.02247264
14.08 -0.01916989
14.09 -0.01625372
14.1 -0.01349259
14.11 -0.01146994
14.12 -0.01019087
14.13 -0.008663937
14.14 -0.006610685
14.15 -0.004537035
14.16 -0.001671864
14.17 0.0001773864
14.18 0.002359157
14.19 0.005271248
14.2 0.008660698
14.21 0.01171049
14.22 0.0140422
14.23 0.01571295
14.24 0.01743878
14.25 0.02014279
14.26 0.02277336
14.27 0.02658611
14.28 0.03018772
14.29 0.03349659
14.3 0.03647498
14.31 0.03918715
14.32 0.04318962
14.33 0.04715027
14.34 0.05030614
14.35 0.05216457
14.36 0.05363234
14.37 0.05427288
14.38 0.05437997
14.39 0.05425144
14.4 0.05494809
14.41 0.05541626
14.42 0.05519287
14.43 0.0559701
14.44 0.05630771
14.45 0.05682892
14.46 0.05794376
14.47 0.05887399
14.48 0.05932278
14.49 0.05913407
14.5 0.05931358
14.51 0.05848124
14.52 0.05598325
14.53 0.05441856
14.54 0.05266211
14.55 0.05176042
14.56 0.05039871
14.57 0.04760185
14.58 0.04573626
14.59 0.04548023
14.6 0.04476112
14.61 0.04269051
14.62 0.04021087
14.63 0.03708456
14.64 0.03470489
14.65 0.03125422
14.66 0.02641532
14.67 0.02106337
14.68 0.015894
14.69 0.01064506
14.7 0.004867774
14.71 -0.001201238
14.72 -0.008658472
14.73 -0.01651147
14.74 -0.02321696
14.75 -0.02983575
14.76 -0.03625463
14.77 -0.04254497
14.78 -0.04892406
14.79 -0.05398838
14.8 -0.05813571
14.81 -0.06215044
14.82 -0.06575717
14.83 -0.06904567
14.84 -0.07208529
14.85 -0.07400902
14.86 -0.07351127
14.87 -0.07147843
14.88 -0.06888356
14.89 -0.06649881
14.9 -0.06404981
14.91 -0.0614937
14.92 -0.05990048
14.93 -0.05936601
14.94 -0.05962715
14.95 -0.05940072
14.96 -0.05966287
14.97 -0.05872347
14.98 -0.05671409
14.99 -0.05290747
15 -0.04748618
15.01 -0.04050124
15.02 -0.03231983
15.03 -0.02573473
15.04 -0.01802456
15.05 -0.01098556
15.06 -0.005249088
15.07 -0.001027323
15.08 0.002824182
15.09 0.005010028
15.1 0.009286874
15.11 0.0145674
15.12 0.01913494
15.13 0.02717865
15.14 0.03418297
15.15 0.04113732
15.16 0.04773364
15.17 0.051272
15.18 0.05239501
15.19 0.05083949
15.2 0.04708588
15.21 0.04301504
15.22 0.03865351
15.23 0.03344741
15.24 0.02592796
15.25 0.01703558
15.26 0.008734804
15.27 0.001748808
15.28 -0.003418527
15.29 -0.006350023
15.3 -0.00652344
15.31 -0.004789456
15.32 -0.0005217922
15.33 0.004499651
15.34 0.009406856
15.35 0.01367962
15.36 0.01769127
15.37 0.02256481
15.38 0.02867561
15.39 0.03529233
15.4 0.04202533
15.41 0.04825956
15.42 0.05283424
15.43 0.05618696
15.44 0.05706517
15.45 0.05542907
15.46 0.05333907
15.47 0.04905812
15.48 0.04268106
15.49 0.03429868
15.5 0.02479533
15.51 0.01479727
15.52 0.006021176
15.53 -0.000949521
15.54 -0.008259879
15.55 -0.01496946
15.56 -0.02235325
15.57 -0.02888841
15.58 -0.03484625
15.59 -0.04070412
15.6 -0.04645388
15.61 -0.05185072
15.62 -0.05767799
15.63 -0.06455485
15.64 -0.07134297
15.65 -0.07655926
15.66 -0.08089327
15.67 -0.08445716
15.68 -0.08773342
15.69 -0.09072815
15.7 -0.09089953
15.71 -0.08904214
15.72 -0.08310882
15.73 -0.07471015
15.74 -0.06625029
15.75 -0.05577694
15.76 -0.04463142
15.77 -0.03325436
15.78 -0.02201092
15.79 -0.01080623
15.8 0.001727505
15.81 0.01465191
15.82 0.02787007
15.83 0.04019471
15.84 0.05044365
15.85 0.05986639
15.86 0.06702371
15.87 0.07161268
15.88 0.07478384
15.89 0.07759392
15.9 0.07943909
15.91 0.08159434
15.92 0.0826337
15.93 0.08272446
15.94 0.081784
15.95 0.07810075
15.96 0.07165433
15.97 0.06131967
15.98 0.04878691
15.99 0.03601037
16 0.023803
16.01 0.012329
16.02 0.002341143
16.03 -0.009044115
16.04 -0.01983777
16.05 -0.03000617
16.06 -0.04029391
16.07 -0.04824279
16.08 -0.05413127
16.09 -0.05700258
16.1 -0.05690876
16.11 -0.05456889
16.12 -0.04958316
16.13 -0.04260129
16.14 -0.03490846
16.15 -0.02672706
16.16 -0.01819886
16.17 -0.010198
16.18 -0.002679598
16.19 0.004503223
16.2 0.01153917
16.21 0.0172134
16.22 0.02200534
16.23 0.02478992
16.24 0.02576197
16.25 0.02573135
16.26 0.02641473
16.27 0.02862913
16.28 0.03033047
16.29 0.03273664
16.3 0.0347042
16.31 0.03631679
16.32 0.03833127
16.33 0.03977251
16.34 0.04037531
16.35 0.04060582
16.36 0.03965822
16.37 0.03780894
16.38 0.03488662
16.39 0.02933576
16.4 0.02317596
16.41 0.01641844
16.42 0.008871442
16.43 0.001006203
16.44 -0.006884536
16.45 -0.01454985
16.46 -0.02089835
16.47 -0.02639413
16.48 -0.03165531
16.49 -0.03666149
16.5 -0.04060382
16.51 -0.04388415
16.52 -0.04671365
16.53 -0.04781017
16.54 -0.04837323
16.55 -0.04899239
16.56 -0.05032045
16.57 -0.05138738
16.58 -0.05240537
16.59 -0.05270017
16.6 -0.05330301
16.61 -0.05366717
16.62 -0.05185158
16.63 -0.04760432
16.64 -0.04304392
16.65 -0.03755941
16.66 -0.02991963
16.67 -0.02138939
16.68 -0.01078548
16.69 -0.000526345
16.7 0.008413935
16.71 0.01618733
16.72 0.02407905
16.73 0.0317882
16.74 0.0380724
16.75 0.04314586
16.76 0.04691473
16.77 0.05099369
16.78 0.05464119
16.79 0.0571616
16.8 0.0586314
16.81 0.06010222
16.82 0.06091105
16.83 0.06008075
16.84 0.05765416
16.85 0.05306006
16.86 0.04783152
16.87 0.04228474
16.88 0.036485
16.89 0.03021708
16.9 0.02424904
16.91 0.01747214
16.92 0.01126134
16.93 0.004934261
16.94 -0.002782058
16.95 -0.009536519
16.96 -0.01668266
16.97 -0.02385838
16.98 -0.03070464
16.99 -0.03741013
17 -0.04329351
17.01 -0.04906674
17.02 -0.05325794
17.03 -0.0553153
17.04 -0.05572127
17.05 -0.05486245
17.06 -0.05271741
17.07 -0.04920048
17.08 -0.04450237
17.09 -0.03774285
17.1 -0.02985827
17.11 -0.02146676
17.12 -0.01244488
17.13 -0.004310393
17.14 0.002880587
17.15 0.007753108
17.16 0.0118392
17.17 0.01471559
17.18 0.01573455
17.19 0.01548871
17.2 0.014332
17.21 0.01343031
17.22 0.01232155
17.23 0.01012343
17.24 0.00729495
17.25 0.00363313
17.26 -0.0002092293
17.27 -0.004977749
17.28 -0.01076015
17.29 -0.015648
17.3 -0.02050833
17.31 -0.02561141
17.32 -0.03144991
17.33 -0.03744038
17.34 -0.04252306
17.35 -0.04633279
17.36 -0.05035058
17.37 -0.05363296
17.38 -0.05640942
17.39 -0.05762223
17.4 -0.05739172
17.41 -0.05570874
17.42 -0.05260082
17.43 -0.0487279
17.44 -0.04249368
17.45 -0.03524558
17.46 -0.02685304
17.47 -0.01920612
17.48 -0.0121406
17.49 -0.004446758
17.5 0.002474942
17.51 0.0106339
17.52 0.0190499
17.53 0.02645611
17.54 0.03176416
17.55 0.03617564
17.56 0.04028317
17.57 0.04396025
17.58 0.04641842
17.59 0.04748125
17.6 0.04740881
17.61 0.04749344
17.62 0.04725781
17.63 0.04646627
17.64 0.04644381
17.65 0.04652233
17.66 0.04576751
17.67 0.04355409
17.68 0.04001672
17.69 0.03366923
17.7 0.0272116
17.71 0.02046122
17.72 0.01543872
17.73 0.0114505
17.74 0.00851594
17.75 0.007440841
17.76 0.006049542
17.77 0.004712303
17.78 0.004123744
17.79 0.002503965
17.8 -0.0005897132
17.81 -0.004050592
17.82 -0.007576751
17.83 -0.01057353
17.84 -0.01224329
17.85 -0.0121515
17.86 -0.01131717
17.87 -0.009068084
17.88 -0.005829603
17.89 -0.001909763
17.9 0.001439899
17.91 0.004659
17.92 0.007854642
17.93 0.01002722
17.94 0.01195296
17.95 0.01214471
17.96 0.01240988
17.97 0.01298311
17.98 0.01221299
17.99 0.01203345
18 0.01108381
18.01 0.009607855
18.02 0.009040717
18.03 0.008222658
18.04 0.008481719
18.05 0.00910798
18.06 0.008153243
18.07 0.006578345
18.08 0.004408786
18.09 0.0008826282
18.1 -0.00315965
18.11 -0.007013228
18.12 -0.01089435
18.13 -0.01312306
18.14 -0.01509373
18.15 -0.01646666
18.16 -0.01711641
18.17 -0.01535592
18.18 -0.01227859
18.19 -0.009447093
18.2 -0.005923011
18.21 -0.004122729
18.22 -0.003537266
18.23 -0.003396524
18.24 -0.003626042
18.25 -0.0050816
18.26 -0.007996778
18.27 -0.01127405
18.28 -0.01280408
18.29 -0.01421475
18.3 -0.01461766
18.31 -0.01472479
18.32 -0.01540004
18.33 -0.01510529
18.34 -0.01480338
18.35 -0.01315201
18.36 -0.01060306
18.37 -0.007866411
18.38 -0.005519408
18.39 -0.003660986
18.4 -0.001603663
18.41 -0.0002960403
18.42 0.001049322
18.43 0.002178445
18.44 0.002530328
18.45 0.00228041
18.46 0.001375653
18.47 -0.0002604433
18.48 -0.00174354
18.49 -0.002372897
18.5 -0.003022654
18.51 -0.004199752
18.52 -0.006305048
18.53 -0.009283466
18.54 -0.01220986
18.55 -0.01501896
18.56 -0.01746698
18.57 -0.02024649
18.58 -0.0226894
18.59 -0.02498851
18.6 -0.026288
18.61 -0.026899
18.62 -0.02787719
18.63 -0.0281465
18.64 -0.02870853
18.65 -0.0278497
18.66 -0.02601984
18.67 -0.02305267
18.68 -0.01954288
18.69 -0.01493045
18.7 -0.009934506
18.71 -0.005531182
18.72 -0.0006627388
18.73 0.004669805
18.74 0.009718789
18.75 0.01393749
18.76 0.01835306
18.77 0.02351322
18.78 0.02759015
18.79 0.03223623
18.8 0.03639373
18.81 0.03926603
18.82 0.04165588
18.83 0.0429941
18.84 0.04301551
18.85 0.04040531
18.86 0.03664354
18.87 0.03207495
18.88 0.02691271
18.89 0.02166072
18.9 0.01589361
18.91 0.009874581
18.92 0.004705205
18.93 -0.0007395693
18.94 -0.006772885
18.95 -0.01252468
18.96 -0.01907412
18.97 -0.02603257
18.98 -0.03217605
18.99 -0.03673342
19 -0.04042073
19.01 -0.04280653
19.02 -0.04406012
19.03 -0.0453025
19.04 -0.04483127
19.05 -0.04257199
19.06 -0.039104
19.07 -0.03499342
19.08 -0.03123779
19.09 -0.02651317
19.1 -0.01993215
19.11 -0.01345006
19.12 -0.006679312
19.13 0.0002066935
19.14 0.007551699
19.15 0.01387467
19.16 0.01968457
19.17 0.0249039
19.18 0.02851774
19.19 0.03097389
19.2 0.03220603
19.21 0.03297102
19.22 0.03357892
19.23 0.03411747
19.24 0.03377168
19.25 0.03248545
19.26 0.03066983
19.27 0.02733339
19.28 0.02246798
19.29 0.01694772
19.3 0.01098684
19.31 0.005097341
19.32 -0.000192392
19.33 -0.004909905
19.34 -0.008078039
19.35 -0.01032817
19.36 -0.0120887
19.37 -0.01307812
19.38 -0.01350857
19.39 -0.01318627
19.4 -0.01285273
19.41 -0.01212447
19.42 -0.01152677
19.43 -0.01027932
19.44 -0.008876831
19.45 -0.008227104
19.46 -0.007541677
19.47 -0.006951109
19.48 -0.005667962
19.49 -0.004341975
19.5 -0.003051688
19.51 -0.001714479
19.52 -0.0004598924
19.53 0.001382215
19.54 0.001690242
19.55 0.00181263
19.56 0.002253257
19.57 0.002516406
19.58 0.002860134
19.59 0.003754661
19.6 0.004775669
19.61 0.006286277
19.62 0.008442546
19.63 0.01022651
19.64 0.0125215
19.65 0.01465431
19.66 0.01592623
19.67 0.01729711
19.68 0.01840787
19.69 0.01834973
19.7 0.01838235
19.71 0.01774688
19.72 0.01487455
19.73 0.01273151
19.74 0.01000606
19.75 0.008343454
19.76 0.006858322
19.77 0.004956011
19.78 0.003881939
19.79 0.001487989
19.8 -0.0007835623
19.81 -0.003002073
19.82 -0.005592884
19.83 -0.007468675
19.84 -0.008016427
19.85 -0.007651276
19.86 -0.005639847
19.87 -0.003197978
19.88 -0.0003358688
19.89 0.0008758807
19.9 0.00247931
19.91 0.0044683
19.92 0.006498089
19.93 0.00830654
19.94 0.01104931
19.95 0.01382982
19.96 0.01694284
19.97 0.02047714
19.98 0.02227335
19.99 0.02508445
20 0.02754469
20.01 0.02891148
20.02 0.02987944
20.03 0.0302191
20.04 0.03030783
20.05 0.03134413
20.06 0.03218257
20.07 0.0321132
20.08 0.03221009
20.09 0.03199282
20.1 0.03061377
20.11 0.02942444
20.12 0.02675
20.13 0.02308206
20.14 0.01897043
20.15 0.01464359
20.16 0.009876097
20.17 0.004996408
20.18 0.00121118
20.19 -0.002393509
20.2 -0.006449038
20.21 -0.009006187
20.22 -0.01055353
20.23 -0.01178979
20.24 -0.01377573
20.25 -0.01496506
20.26 -0.01541795
20.27 -0.01617582
20.28 -0.01681536
20.29 -0.01674907
20.3 -0.01571684
20.31 -0.01417869
20.32 -0.01211728
20.33 -0.009607067
20.34 -0.006994855
20.35 -0.003598262
20.36 -3.439043e-05
20.37 0.003035802
20.38 0.006350794
20.39 0.008414247
20.4 0.01054094
20.41 0.01175065
20.42 0.01278186
20.43 0.0135744
20.44 0.01303379
20.45 0.0122545
20.46 0.01184547
20.47 0.01255029
20.48 0.01264106
20.49 0.01245643
20.5 0.01090806
20.51 0.0088089
20.52 0.006422093
20.53 0.003045886
20.54 -0.0006047006
20.55 -0.005526207
20.56 -0.01062927
20.57 -0.01448386
20.58 -0.01788047
20.59 -0.02051513
20.6 -0.02255106
20.61 -0.02444929
20.62 -0.02637914
20.63 -0.02701765
20.64 -0.02746544
20.65 -0.02867211
20.66 -0.02850688
20.67 -0.02867518
20.68 -0.02782858
20.69 -0.02579573
20.7 -0.0238761
20.71 -0.02176879
20.72 -0.01875571
20.73 -0.01551415
20.74 -0.01162694
20.75 -0.006756447
20.76 -0.002129733
20.77 0.001753402
20.78 0.005428457
20.79 0.008546591
20.8 0.01109557
20.81 0.01296114
20.82 0.01409639
20.83 0.01491545
20.84 0.01560803
20.85 0.01673308
20.86 0.01581303
20.87 0.01572531
20.88 0.01656477
20.89 0.01656681
20.9 0.01655864
20.91 0.01605373
20.92 0.01469305
20.93 0.01304676
20.94 0.01180849
20.95 0.009927599
20.96 0.008288454
20.97 0.00618011
20.98 0.003219046
20.99 0.001288182
21 -0.0005712816
21.01 -0.002869346
21.02 -0.005444849
21.03 -0.007297172
21.04 -0.008411016
21.05 -0.00973396
21.06 -0.009747224
21.07 -0.008820046
21.08 -0.007208449
21.09 -0.004643153
21.1 -0.001361816
21.11 0.001819561
21.12 0.005410977
21.13 0.008638255
21.14 0.01102505
21.15 0.01366991
21.16 0.01503365
21.17 0.0147511
21.18 0.0145318
21.19 0.01469295
21.2 0.01457769
21.21 0.0141442
21.22 0.01274373
21.23 0.01110255
21.24 0.009894867
21.25 0.007943604
21.26 0.006343222
21.27 0.00235196
21.28 -0.001668882
21.29 -0.006215024
21.3 -0.01044598
21.31 -0.01379974
21.32 -0.01741769
21.33 -0.01947401
21.34 -0.02141201
21.35 -0.02211378
21.36 -0.0216609
21.37 -0.01984632
21.38 -0.01805928
21.39 -0.01760333
21.4 -0.01836222
21.41 -0.01934754
21.42 -0.01985142
21.43 -0.01887732
21.44 -0.01752378
21.45 -0.01649155
21.46 -0.01444951
21.47 -0.01203211
21.48 -0.008238728
21.49 -0.004570808
21.5 -0.001355769
21.51 0.00177767
21.52 0.003651409
21.53 0.005519029
21.54 0.006444169
21.55 0.006927648
21.56 0.006582889
21.57 0.005319109
21.58 0.003927828
21.59 0.002837449
21.6 0.002872128
21.61 0.003397429
21.62 0.004735669
21.63 0.005971909
21.64 0.007537609
21.65 0.009050271
21.66 0.00970817
21.67 0.009232851
21.68 0.008416853
21.69 0.007934392
21.7 0.007070453
21.71 0.006805254
21.72 0.006726714
21.73 0.007042916
21.74 0.007662056
21.75 0.008632077
21.76 0.009248159
21.77 0.008485201
21.78 0.007288741
21.79 0.005954582
21.8 0.004073705
21.81 0.002078586
21.82 0.0001048874
21.83 -0.001778031
21.84 -0.004431049
21.85 -0.006826007
21.86 -0.008567147
21.87 -0.009462704
21.88 -0.01075504
21.89 -0.01184236
21.9 -0.01240234
21.91 -0.01346925
21.92 -0.01404453
21.93 -0.01468509
21.94 -0.01543479
21.95 -0.01577037
21.96 -0.01633748
21.97 -0.01684646
21.98 -0.01667204
21.99 -0.01667612
22 -0.01547761
22.01 -0.01490233
22.02 -0.01393435
22.03 -0.01277154
22.04 -0.0118311
22.05 -0.01103244
22.06 -0.01031537
22.07 -0.009024053
22.08 -0.00714215
22.09 -0.005128666
22.1 -0.003178424
22.11 -0.00176164
22.12 -0.001071096
22.13 -0.001018053
22.14 -0.001058849
22.15 -0.0006069857
22.16 -0.0008997219
22.17 -0.001803438
22.18 -0.003800595
22.19 -0.00577429
22.2 -0.007677606
22.21 -0.0102735
22.22 -0.01287858
22.23 -0.01554588
22.24 -0.01754507
22.25 -0.01947491
22.26 -0.0219025
22.27 -0.0234172
22.28 -0.02356305
22.29 -0.02419545
22.3 -0.02524502
22.31 -0.02569687
22.32 -0.02479723
22.33 -0.02280414
22.34 -0.02082739
22.35 -0.01891998
22.36 -0.01675248
22.37 -0.01395665
22.38 -0.01204007
22.39 -0.01001638
22.4 -0.008253814
22.41 -0.007233808
22.42 -0.006859463
22.43 -0.006964517
22.44 -0.006915551
22.45 -0.006911466
22.46 -0.00751224
22.47 -0.008051815
22.48 -0.007804969
22.49 -0.008032423
22.5 -0.007256197
22.51 -0.006346351
22.52 -0.005121325
22.53 -0.003341419
22.54 -0.002793673
22.55 -0.001516627
22.56 -0.0001620606
22.57 0.0009752458
22.58 0.0008722322
22.59 0.0009517987
22.6 0.0008498052
22.61 0.001103792
22.62 0.001868799
22.63 0.002029964
22.64 0.003025491
22.65 0.004014898
22.66 0.004860485
22.67 0.004795213
22.68 0.004893139
22.69 0.004204646
22.7 0.003756874
22.71 0.003880301
22.72 0.004362767
22.73 0.005156335
22.74 0.005778543
22.75 0.00769717
22.76 0.008721257
22.77 0.009377125
22.78 0.009801452
22.79 0.00970354
22.8 0.009725988
22.81 0.009757616
22.82 0.009556684
22.83 0.008743752
22.84 0.00821948
22.85 0.006902667
22.86 0.005176836
22.87 0.004145624
22.88 0.003653992
22.89 0.002685
22.9 0.001888389
22.91 0.001300877
22.92 0.0007419257
22.93 0.0006276942
22.94 -0.0004626773
22.95 -0.001727469
22.96 -0.00272196
22.97 -0.003626691
22.98 -0.004743582
22.99 -0.004991434
23 -0.005161764
23.01 -0.005988975
23.02 -0.005978767
23.03 -0.005971618
23.04 -0.006003228
23.05 -0.005851239
23.06 -0.00440385
23.07 -0.003357321
23.08 -0.002405651
23.09 -0.001423381
23.1 -0.0003207522
23.11 0.001730478
23.12 0.003051387
23.13 0.004345777
23.14 0.005672806
23.15 0.006938636
23.16 0.008331967
23.17 0.008953156
23.18 0.01023122
23.19 0.0114226
23.2 0.01168169
23.21 0.01167149
23.22 0.01163376
23.23 0.01171946
23.24 0.01103403
23.25 0.01058728
23.26 0.0107158
23.27 0.01107792
23.28 0.01080049
23.29 0.0105659
23.3 0.01089537
23.31 0.01162162
23.32 0.01210613
23.33 0.0117573
23.34 0.01101985
23.35 0.01056291
23.36 0.01075875
23.37 0.01045582
23.38 0.009709198
23.39 0.009636789
23.4 0.01027837
23.41 0.01082205
23.42 0.009974443
23.43 0.009658253
23.44 0.009543005
23.45 0.008653577
23.46 0.008738247
23.47 0.00864136
23.48 0.008865771
23.49 0.009800103
23.5 0.01086193
23.51 0.01159227
23.52 0.01224304
23.53 0.01272347
23.54 0.01254294
23.55 0.01266943
23.56 0.01255929
23.57 0.01265823
23.58 0.01256237
23.59 0.01225026
23.6 0.01187492
23.61 0.0116138
23.62 0.01151182
23.63 0.01002467
23.64 0.009043444
23.65 0.007858216
23.66 0.006513869
23.67 0.005057321
23.68 0.003311093
23.69 0.001329247
23.7 -7.324064e-05
23.71 -0.001293148
23.72 -0.002694615
23.73 -0.003880862
23.74 -0.005891269
23.75 -0.007248876
23.76 -0.008100563
23.77 -0.009215411
23.78 -0.009900837
23.79 -0.01060258
23.8 -0.01103097
23.81 -0.01091162
23.82 -0.01097178
23.83 -0.01094321
23.84 -0.01095442
23.85 -0.01096256
23.86 -0.01094011
23.87 -0.01098396
23.88 -0.01091662
23.89 -0.01102983
23.9 -0.01074626
23.91 -0.0100353
23.92 -0.009372289
23.93 -0.008776594
23.94 -0.0080024
23.95 -0.008090106
23.96 -0.007383232
23.97 -0.006990518
23.98 -0.006930324
23.99 -0.006014349
24 -0.006008215
24.01 -0.004816841
24.02 -0.004218087
24.03 -0.003430632
24.04 -0.003015478
24.05 -0.001340623
24.06 -3.50088e-05
24.07 0.001659225
24.08 0.00459072
24.09 0.006462435
24.1 0.00835557
24.11 0.008805404
24.12 0.009763199
24.13 0.01075057
24.14 0.01162575
24.15 0.01138811
24.16 0.01058537
24.17 0.01057111
24.18 0.01063335
24.19 0.009978524
24.2 0.008992199
24.21 0.007358173
24.22 0.006355529
24.23 0.005592584
24.24 0.00451446
24.25 0.003543435
24.26 0.00275091
24.27 0.002145046
24.28 0.001515721
24.29 0.0006385366
24.3 -0.0003590079
24.31 -0.001805352
24.32 -0.002806976
24.33 -0.003867761
24.34 -0.004159465
24.35 -0.004198209
24.36 -0.003919734
24.37 -0.003362798
24.38 -0.003999262
24.39 -0.003141426
24.4 -0.00318221
24.41 -0.003165874
24.42 -0.003165858
24.43 -0.003187262
24.44 -0.003144406
24.45 -0.00323517
24.46 -0.002556854
24.47 -0.002092738
24.48 -0.002282441
24.49 -0.001999885
24.5 -0.001222628
24.51 -0.001214452
24.52 -0.001224636
24.53 -0.001222579
24.54 -0.001206243
24.55 -0.001769266
24.56 -0.00294735
24.57 -0.003187034
24.58 -0.003744956
24.59 -0.0049006
24.6 -0.005155584
24.61 -0.005734926
24.62 -0.00627143
24.63 -0.006037833
24.64 -0.006241817
24.65 -0.005927639
24.66 -0.005071842
24.67 -0.003948806
24.68 -0.003242949
24.69 -0.003146031
24.7 -0.003368374
24.71 -0.004330217
24.72 -0.00531042
24.73 -0.006753703
24.74 -0.007341205
24.75 -0.008695748
24.76 -0.009216951
24.77 -0.009024154
24.78 -0.009147558
24.79 -0.00906492
24.8 -0.009117942
24.81 -0.009096505
24.82 -0.009082207
24.83 -0.009163789
24.84 -0.008467112
24.85 -0.008072354
24.86 -0.007595997
24.87 -0.006431139
24.88 -0.005996602
24.89 -0.005042884
24.9 -0.004025926
24.91 -0.003230309
24.92 -0.003105851
24.93 -0.002070533
24.94 -0.0007373752
24.95 0.0005733426
24.96 0.00186876
24.97 0.002782698
24.98 0.003806796
24.99 0.004633014
25 0.004579992
25.01 0.004656511
25.02 0.004442329
25.03 0.003086767
25.04 0.001780165
25.05 0.0004847828
25.06 -0.0004413591
25.07 -0.001854041
25.08 -0.002995403
25.09 -0.003245284
25.1 -0.003837886
25.11 -0.004356028
25.12 -0.004138749
25.13 -0.004333551
25.14 -0.004013253
25.15 -0.003201314
25.16 -0.001463216
25.17 0.0003075226
25.18 0.001454022
25.19 0.003436919
25.2 0.004842498
25.21 0.005630977
25.22 0.006809096
25.23 0.007425193
25.24 0.007781192
25.25 0.008294271
25.26 0.00757621
25.27 0.006899968
25.28 0.006436907
25.29 0.006606246
25.3 0.006455305
25.31 0.006750103
25.32 0.007466162
25.33 0.007708941
25.34 0.00804964
25.35 0.008416859
25.36 0.008521938
25.37 0.008481156
25.38 0.008476077
25.39 0.008537296
25.4 0.007872272
25.41 0.007405133
25.42 0.007569372
25.43 0.00744291
25.44 0.00758573
25.45 0.006860529
25.46 0.006438268
25.47 0.006560687
25.48 0.006484207
25.49 0.006546445
25.5 0.006470985
25.51 0.006680104
25.52 0.007523663
25.53 0.007459422
25.54 0.007535942
25.55 0.007429881
25.56 0.007591059
25.57 0.00680466
25.58 0.006600679
25.59 0.007541138
25.6 0.007445277
25.61 0.007524857
25.62 0.007433076
25.63 0.007972676
25.64 0.007504515
25.65 0.007533095
25.66 0.006834415
25.67 0.006481514
25.68 0.005774674
25.69 0.004380353
25.7 0.004121293
25.71 0.002589272
25.72 0.001086832
25.73 -0.0007297689
25.74 -0.002421929
25.75 -0.00378361
25.76 -0.00619793
25.77 -0.007386211
25.78 -0.008954951
25.79 -0.01091436
25.8 -0.01131009
25.81 -0.01234945
25.82 -0.01312667
25.83 -0.01303791
25.84 -0.01192609
25.85 -0.01113047
25.86 -0.009363813
25.87 -0.007636933
25.88 -0.006426174
25.89 -0.004535074
25.9 -0.002991794
25.91 -0.002032975
25.92 4.886497e-05
25.93 0.001303485
25.94 0.0009791446
25.95 0.002355144
25.96 0.002565284
25.97 0.002519404
25.98 0.002613264
25.99 0.001917644
26 0.0009680435
26.01 -0.0002569566
26.02 -0.002078657
26.03 -0.004830596
26.04 -0.006641077
26.05 -0.009560298
26.06 -0.01214598
26.07 -0.01383915
26.08 -0.0160454
26.09 -0.01709291
26.1 -0.01752538
26.11 -0.01716529
26.12 -0.01693476
26.13 -0.01549449
26.14 -0.01450406
26.15 -0.01330962
26.16 -0.01200298
26.17 -0.01046888
26.18 -0.008982719
26.19 -0.007631198
26.2 -0.005365758
26.21 -0.004187639
26.22 -0.003211478
26.23 -0.001666158
26.24 -8.51386e-05
26.25 0.0004422213
26.26 0.0008043414
26.27 0.001477561
26.28 0.001726461
26.29 0.002540441
26.3 0.002381341
26.31 0.001476621
26.32 0.001620461
26.33 0.001318561
26.34 0.000597441
26.35 0.0004811809
26.36 0.0007708809
26.37 0.001472661
26.38 0.002148941
26.39 0.00272832
26.4 0.00352904
26.41 0.003402581
26.42 0.004171681
26.43 0.0044522
26.44 0.00522946
26.45 0.006549362
26.46 0.006479
26.47 0.0076408
26.48 0.00890052
26.49 0.00971858
26.5 0.01020106
26.51 0.01106094
26.52 0.01132922
26.53 0.01141594
26.54 0.01055712
26.55 0.009126079
26.56 0.008274399
26.57 0.007233
26.58 0.006259939
26.59 0.005432739
26.6 0.005321579
26.61 0.004372999
26.62 0.005076819
26.63 0.006087658
26.64 0.006651739
26.65 0.007388198
26.66 0.007400458
26.67 0.007812558
26.68 0.007654477
26.69 0.007816678
26.7 0.007083317
26.71 0.006549877
26.72 0.005708397
26.73 0.005445257
26.74 0.005334096
26.75 0.005730896
26.76 0.005681956
26.77 0.005652396
26.78 0.005201575
26.79 0.004265235
26.8 0.004428455
26.81 0.003221815
26.82 0.002416034
26.83 0.0008574939
26.84 -9.414639e-05
26.85 -0.0007295867
26.86 -0.001352787
26.87 -0.002083087
26.88 -0.002492088
26.89 -0.002395168
26.9 -0.002419628
26.91 -0.002462449
26.92 -0.00181779
26.93 -0.00123739
26.94 0.0001355494
26.95 0.0006119089
26.96 0.0005986684
26.97 0.001600327
26.98 0.001383088
26.99 0.002156267
27 0.002649966
27.01 0.003648565
27.02 0.004410525
27.03 0.005013364
27.04 0.006102743
27.05 0.006602562
27.06 0.007394102
27.07 0.007356381
27.08 0.00742984
27.09 0.00676992
27.1 0.006287479
27.11 0.006379298
27.12 0.004683058
27.13 0.004470917
27.14 0.004213896
27.15 0.003626396
27.16 0.004441394
27.17 0.004427133
27.18 0.004540373
27.19 0.005634852
27.2 0.00634785
27.21 0.00655799
27.22 0.007513749
27.23 0.008516427
27.24 0.009499728
27.25 0.01032187
27.26 0.0108533
27.27 0.01160506
27.28 0.01219872
27.29 0.0119315
27.3 0.01196416
27.31 0.01138482
27.32 0.01120328
27.33 0.01141138
27.34 0.01061682
27.35 0.01028227
27.36 0.009784533
27.37 0.008573811
27.38 0.008384111
27.39 0.007720109
27.4 0.007303967
27.41 0.007358045
27.42 0.007959864
27.43 0.008467843
27.44 0.008263862
27.45 0.008537238
27.46 0.008945259
27.47 0.008608676
27.48 0.008341454
27.49 0.008201733
27.5 0.007232751
27.51 0.006191349
27.52 0.005334568
27.53 0.003624046
27.54 0.001838045
27.55 0.0006864828
27.56 -0.001258639
27.57 -0.003276181
27.58 -0.005041782
27.59 -0.006037285
27.6 -0.006997086
27.61 -0.007997688
27.62 -0.00896769
27.63 -0.009937692
27.64 -0.01098114
27.65 -0.01128915
27.66 -0.01184606
27.67 -0.01237134
27.68 -0.01260185
27.69 -0.01243046
27.7 -0.01198267
27.71 -0.01134719
27.72 -0.01066581
27.73 -0.009617235
27.74 -0.009117417
27.75 -0.008181039
27.76 -0.006799942
27.77 -0.005506565
27.78 -0.003811308
27.79 -0.00258321
27.8 -0.001266372
27.81 8.514465e-05
27.82 0.001596802
27.83 0.00225064
27.84 0.002433236
27.85 0.003074834
27.86 0.003537931
27.87 0.003381888
27.88 0.003504305
27.89 0.002851522
27.9 0.001779519
27.91 0.001292996
27.92 0.000355633
27.93 -0.00063681
27.94 -0.001615993
27.95 -0.002595176
27.96 -0.00357844
27.97 -0.004956443
27.98 -0.006244686
27.99 -0.007423789
28 -0.007816472
28.01 -0.009158775
28.02 -0.009094501
28.03 -0.008408024
28.04 -0.008092827
28.05 -0.00742675
28.06 -0.007112573
28.07 -0.006453637
28.08 -0.0056978
28.09 -0.005362205
28.1 -0.005228569
28.11 -0.004403372
28.12 -0.004268716
28.13 -0.00336498
28.14 -0.003497564
28.15 -0.003210928
28.16 -0.002494872
28.17 -0.001824716
28.18 -0.00136162
28.19 -0.001518684
28.2 -0.001415648
28.21 -0.001501313
28.22 -0.001411537
28.23 -0.001615521
28.24 -0.002605926
28.25 -0.00344129
28.26 -0.003505535
28.27 -0.004653019
28.28 -0.005285404
28.29 -0.006059569
28.3 -0.006368612
28.31 -0.006966317
28.32 -0.007436522
28.33 -0.007304927
28.34 -0.007353872
28.35 -0.007354877
28.36 -0.007306922
28.37 -0.007416046
28.38 -0.007119212
28.39 -0.006432737
28.4 -0.006136922
28.41 -0.005453508
28.42 -0.005152592
28.43 -0.004469178
28.44 -0.004271283
28.45 -0.005123988
28.46 -0.005302473
28.47 -0.006213319
28.48 -0.007344485
28.49 -0.00807173
28.5 -0.009562956
28.51 -0.01038914
28.52 -0.01142545
28.53 -0.01283303
28.54 -0.0138724
28.55 -0.01488525
28.56 -0.01524019
28.57 -0.01516674
28.58 -0.01519732
28.59 -0.01466997
28.6 -0.01330928
28.61 -0.01209342
28.62 -0.0110428
28.63 -0.01034308
28.64 -0.01006358
28.65 -0.009359766
28.66 -0.008675333
28.67 -0.00811636
28.68 -0.007188146
28.69 -0.005808072
28.7 -0.004527959
28.71 -0.002680726
28.72 -0.0005509526
28.73 0.0006363405
28.74 0.002260194
28.75 0.004131906
28.76 0.004636819
28.77 0.005959773
28.78 0.006718665
28.79 0.007247038
28.8 0.008078351
28.81 0.007946783
28.82 0.008282376
28.83 0.008391529
28.84 0.008341562
28.85 0.008391554
28.86 0.007798947
28.87 0.007085978
28.88 0.006493371
28.89 0.005777343
28.9 0.004779796
28.91 0.004206568
28.92 0.00337426
28.93 0.002242072
28.94 0.001563784
28.95 0.001301656
28.96 0.000529528
28.97 0.0005132199
28.98 0.0004295915
28.99 -0.0007025968
29 -0.001355385
29.01 -0.002096914
29.02 -0.002474302
29.03 -0.002421251
29.04 -0.0023733
29.05 -0.003036288
29.06 -0.003495276
29.07 -0.003347365
29.08 -0.003434055
29.09 -0.003373864
29.1 -0.003414652
29.11 -0.003397301
29.12 -0.00328815
29.13 -0.00220694
29.14 -0.001467429
29.15 -0.0008747983
29.16 0.0002747523
29.17 0.0005328228
29.18 0.001087714
29.19 0.002197484
29.2 0.003102234
29.21 0.003729545
29.22 0.004413974
29.23 0.004487425
29.24 0.004415015
29.25 0.004511924
29.26 0.003856075
29.27 0.003219605
29.28 0.002530095
29.29 0.002035405
29.3 0.002409754
29.31 0.002571944
29.32 0.001873253
29.33 0.001402023
29.34 0.001214353
29.35 0.000191302
29.36 -0.001125509
29.37 -0.002094499
29.38 -0.002467811
29.39 -0.002396401
29.4 -0.002364772
29.41 -0.003040003
29.42 -0.002912493
29.43 -0.002185225
29.44 -0.002612596
29.45 -0.001626248
29.46 -0.001625219
29.47 -0.00180269
29.48 -0.001297781
29.49 -0.001943433
29.5 -0.001426285
29.51 -0.001883237
29.52 -0.001875069
29.53 -0.001701661
29.54 -0.001749592
29.55 -0.001791404
29.56 -0.001526196
29.57 -0.001371148
29.58 -0.00142622
29.59 -0.001455793
29.6 -0.0008050251
29.61 6.198259e-05
29.62 0.0002058101
29.63 0.0006382976
29.64 0.000496525
29.65 0.0005801723
29.66 0.0005271396
29.67 0.0005608067
29.68 0.0005434739
29.69 0.000549601
29.7 0.0005547079
29.71 0.0005404348
29.72 0.0005628817
29.73 0.0005343285
29.74 0.0005730951
29.75 0.0005159818
29.76 0.0006985683
29.77 0.001702255
29.78 0.002540701
29.79 0.002486648
29.8 0.002557034
29.81 0.0023612
29.82 0.001385066
29.83 0.0004007721
29.84 -0.0005804619
29.85 -0.001553536
29.86 -0.00255109
29.87 -0.003500705
29.88 -0.004531919
29.89 -0.005424413
29.9 -0.006974807
29.91 -0.007327722
29.92 -0.007317516
29.93 -0.007101271
29.94 -0.006341367
29.95 -0.005713041
29.96 -0.004679776
29.97 -0.003666911
29.98 -0.002799906
29.99 -0.001475942
30 -0.0004447165
30.01 0.0003264081
30.02 0.002198112
30.03 0.003325217
30.04 0.004705282
30.05 0.006036386
30.06 0.00667797
30.07 0.007998874
30.08 0.008545598
30.09 0.008309983
30.1 0.008614967
30.11 0.00939527
30.12 0.009377936
30.13 0.009422818
30.14 0.009343262
30.15 0.009480967
30.16 0.009152529
30.17 0.008523193
30.18 0.007615396
30.19 0.00584264
30.2 0.004629862
30.21 0.003336506
30.22 0.001906469
30.23 0.001087412
30.24 0.000345875
30.25 -0.001217782
30.26 -0.001375879
30.27 -0.001409537
30.28 -0.001791014
30.29 -0.001532951
30.3 -0.001234089
30.31 -0.002125566
30.32 -0.001788965
30.33 -0.001289162
30.34 -0.0014289
30.35 -0.001367698
30.36 -0.001386056
30.37 -0.001412574
30.38 -0.0008189323
30.39 0.0002938896
30.4 0.0007477913
30.41 0.001722913
30.42 0.002658255
30.43 0.004151536
30.44 0.004689077
30.45 0.005669298
30.46 0.006414919
30.47 0.007097301
30.48 0.007491021
30.49 0.008004082
30.5 0.008573245
30.51 0.008304985
30.52 0.009080185
30.53 0.009500425
30.54 0.009313767
30.55 0.009658527
30.56 0.009766648
30.57 0.009319888
30.58 0.009457589
30.59 0.009378029
30.6 0.009436167
30.61 0.009386188
30.62 0.009439228
30.63 0.009370887
30.64 0.009486148
30.65 0.008768068
30.66 0.008380468
30.67 0.007905147
30.68 0.006732146
30.69 0.006296605
30.7 0.005454084
30.71 0.005527524
30.72 0.005453063
30.73 0.005541802
30.74 0.00532454
30.75 0.004473859
30.76 0.004585038
30.77 0.003866957
30.78 0.003486496
30.79 0.002992814
30.8 0.002263512
30.81 0.001617851
30.82 0.001545429
30.83 0.001576028
30.84 0.001601526
30.85 0.001396503
30.86 0.0006131418
30.87 0.0004172996
30.88 4.805738e-05
30.89 -0.0003242448
30.9 -0.0003660672
30.91 -0.00102091
30.92 -0.0008791323
30.93 -0.0002049148
30.94 -0.0005139774
30.95 -0.0002691802
30.96 -0.000610883
30.97 -0.001353446
30.98 -0.001345289
30.99 -0.001943012
31 -0.002588676
31.01 -0.003448539
31.02 -0.004030962
31.03 -0.005379406
31.04 -0.006295367
31.05 -0.006830872
31.06 -0.007375556
31.07 -0.0076989
31.08 -0.009041225
31.09 -0.009162607
31.1 -0.009281952
31.11 -0.009116716
31.12 -0.00943088
31.13 -0.0101459
31.14 -0.01035399
31.15 -0.01121181
31.16 -0.01109146
31.17 -0.01182383
31.18 -0.0121798
31.19 -0.01272653
31.2 -0.01325388
31.21 -0.01305804
31.22 -0.01317942
31.23 -0.01309579
31.24 -0.01315088
31.25 -0.01311824
31.26 -0.01312947
31.27 -0.01313865
31.28 -0.01310907
31.29 -0.01315804
31.3 -0.01308767
31.31 -0.0131805
31.32 -0.01306218
31.33 -0.01320703
31.34 -0.01343245
31.35 -0.01394653
31.36 -0.01389656
31.37 -0.01320909
31.38 -0.01288677
31.39 -0.01223296
31.4 -0.01190759
31.41 -0.01124561
31.42 -0.01093656
31.43 -0.01024705
31.44 -0.009993075
31.45 -0.009099561
31.46 -0.008007149
31.47 -0.007158515
31.48 -0.006023263
31.49 -0.00522257
31.5 -0.004016937
31.51 -0.003432484
31.52 -0.003051012
31.53 -0.00244922
31.54 -0.001645467
31.55 -0.001348655
31.56 -0.001183422
31.57 -0.0003837501
31.58 -0.000228718
31.59 0.000663774
31.6 0.000528106
31.61 0.001256377
31.62 0.00164295
31.63 0.001704142
31.64 0.002634373
31.65 0.002520124
31.66 0.002619056
31.67 0.002529287
31.68 0.002613939
31.69 0.00253029
31.7 0.002622082
31.71 0.002503752
31.72 0.002776084
31.73 0.003522715
31.74 0.003714465
31.75 0.004569216
31.76 0.004490667
31.77 0.004701798
31.78 0.005552469
31.79 0.005451478
31.8 0.006145069
31.81 0.006573459
31.82 0.006566309
31.83 0.007715839
31.84 0.00841045
31.85 0.00861138
31.86 0.009616071
31.87 0.01041064
31.88 0.01097775
31.89 0.0116897
31.9 0.01232617
31.91 0.01242714
31.92 0.01234349
31.93 0.01243018
31.94 0.01222106
31.95 0.01135712
31.96 0.01147236
31.97 0.01128059
31.98 0.01172837
31.99 0.01110513
32 0.01030442
32.01 0.01030849
32.02 0.009439439
32.03 0.008843748
32.04 0.008388816
32.05 0.007915523
32.06 0.007338193
32.07 0.007557481
32.08 0.007458529
32.09 0.006928118
32.1 0.006338546
32.11 0.006632294
32.12 0.006255904
32.13 0.00557555
32.14 0.005350117
32.15 0.004498406
32.16 0.004620793
32.17 0.003880261
32.18 0.003536509
32.19 0.002974476
32.2 0.002464464
32.21 0.002639891
32.22 0.002541959
32.23 0.002597025
32.24 0.002579672
32.25 0.002548039
32.26 0.002746926
32.27 0.003571073
32.28 0.00356086
32.29 0.003547587
32.3 0.003582254
32.31 0.003525121
32.32 0.003607727
32.33 0.003493473
32.34 0.00365768
32.35 0.003314946
32.36 0.002668253
32.37 0.002337759
32.38 0.001694126
32.39 0.0009209514
32.4 0.0006098375
32.41 0.0004435634
32.42 -0.0003326707
32.43 -0.0009559049
32.44 -0.001573019
32.45 -0.002444113
32.46 -0.003472288
32.47 -0.004436202
32.48 -0.005409297
32.49 -0.006433391
32.5 -0.007214726
32.51 -0.00777268
32.52 -0.008951816
32.53 -0.00917929
32.54 -0.009778045
32.55 -0.01031764
32.56 -0.009926995
32.57 -0.009658751
32.58 -0.009266066
32.59 -0.009033521
32.6 -0.008051277
32.61 -0.007086371
32.62 -0.006077606
32.63 -0.005139222
32.64 -0.004085578
32.65 -0.003334873
32.66 -0.002734109
32.67 -0.002041544
32.68 -0.00142344
32.69 -0.0007278159
32.7 -0.0001331718
32.71 0.0006216122
32.72 0.0005899761
32.73 0.0006868601
32.74 -2.817597e-05
32.75 -0.0004035521
32.76 -0.0009247885
32.77 -0.001492944
32.78 -0.001218581
32.79 -0.002002977
32.8 -0.002413034
32.81 -0.002233531
32.82 -0.002981207
32.83 -0.003357603
32.84 -0.00331478
32.85 -0.003238297
32.86 -0.003971693
32.87 -0.00419713
32.88 -0.003263847
32.89 -0.003307724
32.9 -0.003357722
32.91 -0.002671279
32.92 -0.002283695
32.93 -0.001769633
32.94 -0.001099511
32.95 -0.0002335477
32.96 0.0006313949
32.97 0.001158718
32.98 0.0018931
32.99 0.002499983
33 0.003165005
33.01 0.004267607
33.02 0.004557269
33.03 0.004680672
33.04 0.005551734
33.05 0.005496636
33.06 0.005534358
33.07 0.00550374
33.08 0.005542482
33.09 0.005376204
33.1 0.004474507
33.11 0.004626468
33.12 0.004304131
33.13 0.003637032
33.14 0.002899554
33.15 0.002540495
33.16 0.002030478
33.17 0.0008931591
33.18 0.0004239407
33.19 -0.0003981977
33.2 -0.0003115163
33.21 -0.0009816747
33.22 -0.001458033
33.23 -0.001272412
33.24 -0.001419311
33.25 -0.00127653
33.26 -0.001428528
33.27 -0.001255147
33.28 -0.001480586
33.29 -0.0006462446
33.3 -0.0003800436
33.31 -0.0001821825
33.32 0.0005776984
33.33 0.0007898394
33.34 0.00158032
33.35 0.001732282
33.36 0.002629862
33.37 0.002488063
33.38 0.003220403
33.39 0.003605944
33.4 0.003662025
33.41 0.004603466
33.42 0.004465746
33.43 0.004608526
33.44 0.004430008
33.45 0.004790048
33.46 0.004888968
33.47 0.004424849
33.48 0.004723689
33.49 0.00552845
33.5 0.00548559
33.51 0.00555289
33.52 0.005443731
33.53 0.005715031
33.54 0.006465732
33.55 0.006534051
33.56 0.006425911
33.57 0.006596231
33.58 0.006216772
33.59 0.005763872
33.6 0.005845452
33.61 0.005470072
33.62 0.004963113
33.63 0.004238892
33.64 0.004027733
33.65 0.003616652
33.66 0.003490153
33.67 0.003625792
33.68 0.003312632
33.69 0.003166752
33.7 0.003668572
33.71 0.003439052
33.72 0.003774612
33.73 0.004470231
33.74 0.004715011
33.75 0.005501411
33.76 0.00552281
33.77 0.005471791
33.78 0.00557581
33.79 0.004865869
33.8 0.004453769
33.81 0.004542488
33.82 0.004551648
33.83 0.003928408
33.84 0.003421447
33.85 0.003223547
33.86 0.002773707
33.87 0.002602326
33.88 0.001927066
33.89 0.001524145
33.9 0.001042685
33.91 0.0004102645
33.92 0.001197684
33.93 0.0004081835
33.94 -0.000334397
33.95 -0.0005741175
33.96 -0.001345258
33.97 -0.001506439
33.98 -0.002409159
33.99 -0.002244959
34 -0.00303446
34.01 -0.003212981
34.02 -0.002750942
34.03 -0.002445982
34.04 -0.002307283
34.05 -0.002337903
34.06 -0.002526624
34.07 -0.002773484
34.08 -0.002189045
34.09 -0.002484865
34.1 -0.002101366
34.11 -0.001420026
34.12 -0.001316008
34.13 -0.001019208
34.14 -0.0006244884
34.15 -0.000386849
34.16 -0.0003542295
34.17 -0.0004521701
34.18 -0.0002828706
34.19 -0.001078491
34.2 -0.001359012
34.21 -0.001996532
34.22 -0.002406593
34.23 -0.002480053
34.24 -0.003372574
34.25 -0.003316494
34.26 -0.003337935
34.27 -0.003347135
34.28 -0.003304315
34.29 -0.003401236
34.3 -0.003113617
34.31 -0.002930037
34.32 -0.004026558
34.33 -0.004402958
34.34 -0.004233658
34.35 -0.004851798
34.36 -0.004277559
34.37 -0.00456216
34.38 -0.005068099
34.39 -0.00494266
34.4 -0.00537822
34.41 -0.00528032
34.42 -0.005286461
34.43 -0.005367061
34.44 -0.004655121
34.45 -0.004288961
34.46 -0.003751441
34.47 -0.003209842
34.48 -0.003430182
34.49 -0.003268022
34.5 -0.003420021
34.51 -0.003243582
34.52 -0.003584281
34.53 -0.004236082
34.54 -0.004994981
34.55 -0.005317322
34.56 -0.005910981
34.57 -0.006358781
34.58 -0.006825961
34.59 -0.00743594
34.6 -0.0071473
34.61 -0.00738396
34.62 -0.00713918
34.63 -0.00754414
34.64 -0.0080409
34.65 -0.007701259
34.66 -0.007925678
34.67 -0.008359198
34.68 -0.008572397
34.69 -0.009026316
34.7 -0.009206877
34.71 -0.009313995
34.72 -0.009014135
34.73 -0.008297094
34.74 -0.008604133
34.75 -0.008608231
34.76 -0.00853073
34.77 -0.008675591
34.78 -0.008731707
34.79 -0.008923487
34.8 -0.009308046
34.81 -0.009206065
34.82 -0.008857244
34.83 -0.008535963
34.84 -0.008211621
34.85 -0.00786994
34.86 -0.007590479
34.87 -0.007054997
34.88 -0.006334895
34.89 -0.005725974
34.9 -0.004639693
34.91 -0.00371355
34.92 -0.003118909
34.93 -0.002382487
34.94 -0.002415145
34.95 -0.001775623
34.96 -0.001287061
34.97 -0.001466599
34.98 -0.001349316
34.99 -0.001437054
35 -0.001377912
35.01 -0.00138915
35.02 -0.001971588
35.03 -0.002533625
35.04 -0.002253143
35.05 -0.002622399
35.06 -0.003335397
35.07 -0.003267074
35.08 -0.002691811
35.09 -0.002764248
35.1 -0.002640846
35.11 -0.002403203
35.12 -0.002201259
35.13 -0.001419956
35.14 -0.001278193
35.15 0.0001824307
35.16 0.0007862542
35.17 0.001644058
35.18 0.003106722
35.19 0.004301125
35.2 0.006136089
35.21 0.006634853
35.22 0.007532437
35.23 0.009029782
35.24 0.009566285
35.25 0.01055159
35.26 0.01127883
35.27 0.01200914
35.28 0.0117939
35.29 0.01120025
35.3 0.01140729
35.31 0.01132057
35.32 0.0107973
35.33 0.009657947
35.34 0.008757272
35.35 0.008166678
35.36 0.007291502
35.37 0.006275568
35.38 0.005262694
35.39 0.004507879
35.4 0.003854044
35.41 0.003406251
35.42 0.003087996
35.43 0.003383783
35.44 0.003525549
35.45 0.003593875
35.46 0.004545522
35.47 0.004382308
35.48 0.004672995
35.49 0.005433901
35.5 0.005463468
35.51 0.005417555
35.52 0.005591962
35.53 0.006496689
35.54 0.005802056
35.55 0.005335904
35.56 0.005548052
35.57 0.0047861
35.58 0.004405627
35.59 0.004064935
35.6 0.003815023
35.61 0.003211171
35.62 0.003030619
35.63 0.001919828
35.64 0.001451636
35.65 0.0009579451
35.66 0.000425494
35.67 5.216296e-05
35.68 -0.0007832279
35.69 -0.001335059
35.7 -0.00147991
35.71 -0.00191852
35.72 -0.00277125
35.73 -0.0032221
35.74 -0.004116651
35.75 -0.00433698
35.76 -0.00500203
35.77 -0.00542636
35.78 -0.005322329
35.79 -0.005365178
35.8 -0.005351928
35.81 -0.005344797
35.82 -0.005369286
35.83 -0.005731395
35.84 -0.006083304
35.85 -0.006327091
35.86 -0.00693604
35.87 -0.007425648
35.88 -0.007251237
35.89 -0.007370583
35.9 -0.007265532
35.91 -0.007383859
35.92 -0.007128867
35.93 -0.006332254
35.94 -0.006361841
35.95 -0.006185387
35.96 -0.005743734
35.97 -0.00552852
35.98 -0.005081767
35.99 -0.004492213
36 -0.003591198
36.01 -0.003257086
36.02 -0.002669061
36.03 -0.001982595
36.04 -0.00114013
36.05 1.241604e-05
36.06 0.0007266003
36.07 0.001422067
36.08 0.002036408
36.09 0.002843842
36.1 0.002741497
36.11 0.003975912
36.12 0.003402659
36.13 0.002691325
36.14 0.003037078
36.15 0.00279824
36.16 0.003071442
36.17 0.002251068
36.18 0.001991797
36.19 0.001419211
36.2 0.0009284671
36.21 0.001184678
36.22 0.000443214
36.23 -0.0003250349
36.24 -0.0004401003
36.25 -0.001025796
36.26 -0.001228788
36.27 -0.00162153
36.28 -0.001638672
36.29 -0.001640935
36.3 -0.0009811482
36.31 -0.0004805892
36.32 -0.0006291358
36.33 -7.766463e-05
36.34 7.95028e-05
36.35 0.0007312872
36.36 0.001350962
36.37 0.001625138
36.38 0.0024866
36.39 0.003548211
36.4 0.004193535
36.41 0.004834763
36.42 0.005366779
36.43 0.006084713
36.44 0.005979681
36.45 0.006193631
36.46 0.006853888
36.47 0.007291727
36.48 0.006815389
36.49 0.006897274
36.5 0.007513709
36.51 0.006540433
36.52 0.00720745
36.53 0.007468067
36.54 0.007365795
36.55 0.007262681
36.56 0.007295641
36.57 0.006556071
36.58 0.006182631
36.59 0.005987215
36.6 0.005225512
36.61 0.004597371
36.62 0.004137494
36.63 0.004200571
36.64 0.004097656
36.65 0.004060008
36.66 0.003646591
36.67 0.00345802
36.68 0.003563191
36.69 0.003190641
36.7 0.003065776
36.71 0.003759104
36.72 0.00319079
36.73 0.002616531
36.74 0.003014172
36.75 0.002900998
36.76 0.002647434
36.77 0.002381176
36.78 0.002217897
36.79 0.002539564
36.8 0.002367369
36.81 0.002388471
36.82 0.002242358
36.83 0.002738138
36.84 0.002698388
36.85 0.002405085
36.86 0.002852532
36.87 0.002687029
36.88 0.002765722
36.89 0.002068894
36.9 0.001778291
36.91 0.001590565
36.92 0.0009333448
36.93 0.0004485086
36.94 -0.0004243016
36.95 -0.0007892077
36.96 -0.001514919
36.97 -0.002226776
36.98 -0.00296826
36.99 -0.003499859
37 -0.003882623
37.01 -0.004337236
37.02 -0.004730527
37.03 -0.004749918
37.04 -0.004574042
37.05 -0.005016183
37.06 -0.005217232
37.07 -0.005055848
37.08 -0.005008837
37.09 -0.00489308
37.1 -0.004825921
37.11 -0.00472078
37.12 -0.004639011
37.13 -0.004560384
37.14 -0.004092727
37.15 -0.003545276
37.16 -0.003092138
37.17 -0.002833303
37.18 -0.002318023
37.19 -0.001878275
37.2 -0.001421844
37.21 -0.0009945281
37.22 -0.000829084
37.23 -0.000252489
37.24 0.0003959214
37.25 0.0005638149
37.26 0.000781439
37.27 0.0008024881
37.28 0.0007687592
37.29 0.0007294726
37.3 0.0007447108
37.31 0.0005864708
37.32 0.0001228214
37.33 9.914224e-05
37.34 0.0001168861
37.35 6.266698e-05
37.36 0.0001266403
37.37 -0.0002796331
37.38 -0.0004836967
37.39 -0.0004401181
37.4 -0.0004360183
37.41 -0.000456444
37.42 -0.0003405217
37.43 6.410058e-05
37.44 0.0001233877
37.45 0.0005636894
37.46 0.0004579734
37.47 0.0008040202
37.48 0.0009359714
37.49 0.0009487593
37.5 0.001309452
37.51 0.001302904
37.52 0.00167914
37.53 0.001536174
37.54 0.001611736
37.55 0.00185512
37.56 0.001883533
37.57 0.001955446
37.58 0.002014044
37.59 0.001819199
37.6 0.001564128
37.61 0.00138347
37.62 0.001296285
37.63 0.001268106
37.64 0.0009008213
37.65 0.0006867632
37.66 0.0006456967
37.67 0.000616712
37.68 0.000285233
37.69 0.0001078929
37.7 -0.0001489126
37.71 -0.0003479105
37.72 -0.0005371533
37.73 -0.0008242199
37.74 -0.001059615
37.75 -0.001070629
37.76 -0.001270178
37.77 -0.001441542
37.78 -0.001347975
37.79 -0.001392264
37.8 -0.001317382
37.81 -0.00150221
37.82 -0.001307492
37.83 -0.001320932
37.84 -0.001073213
37.85 -0.0009615475
37.86 -0.0009205577
37.87 -0.0006680872
37.88 -0.0006800176
37.89 -0.0006980287
37.9 -0.0006476107
37.91 -0.0004264536
37.92 -0.000450535
37.93 -0.0004654308
37.94 -0.0004861443
37.95 -0.0003860995
37.96 -0.000493838
37.97 -0.0005538693
37.98 -0.0005325566
37.99 -0.0005839014
38 -0.0005510635
38.01 -0.0007507764
38.02 -0.0008413412
38.03 -0.0008211559
38.04 -0.0009551757
38.05 -0.001113522
38.06 -0.001219931
38.07 -0.001368126
38.08 -0.00143889
38.09 -0.001620096
38.1 -0.001721753
38.11 -0.001721423
38.12 -0.001812073
38.13 -0.00187797
38.14 -0.00190472
38.15 -0.00178991
38.16 -0.001865422
38.17 -0.001856615
38.18 -0.001775293
38.19 -0.001590489
38.2 -0.001442511
38.21 -0.001312986
38.22 -0.001045954
38.23 -0.0009705566
38.24 -0.0009044249
38.25 -0.0007017818
38.26 -0.0006206052
38.27 -0.0005362793
38.28 -0.0005060814
38.29 -0.0003985581
38.3 -0.0003093113
38.31 -0.0003263006
38.32 -0.0002894041
38.33 -0.0003735781
38.34 -0.0004156434
38.35 -0.0003663304
38.36 -0.0004464832
38.37 -0.0004598974
38.38 -0.0005019797
38.39 -0.0005322957
38.4 -0.00047225
38.41 -0.00052338
38.42 -0.0005493866
38.43 -0.0005939081
38.44 -0.0005416743
38.45 -0.000572013
38.46 -0.0005540545
38.47 -0.0004086954
38.48 -0.0003853879
38.49 -0.0003379004
38.5 -0.0002586216
38.51 -0.0001545096
38.52 -8.409933e-05
38.53 -3.124893e-05
38.54 7.870832e-05
38.55 0.0001177817
38.56 0.0001607901
38.57 0.0002423654
38.58 0.0003055464
38.59 0.0002926425
38.6 0.0003115987
38.61 0.0003094308
38.62 0.0003469051
38.63 0.0003284269
38.64 0.0002769387
38.65 0.0002658997
38.66 0.0002558018
38.67 0.0002578881
38.68 0.0002488039
38.69 0.0002492672
38.7 0.0002417919
38.71 0.0002413449
38.72 0.0002344185
38.73 0.0002349636
38.74 0.0002204204
38.75 0.0001794386
38.76 0.000181608
38.77 0.0001940252
38.78 0.0001410176
38.79 0.0001429645
38.8 0.0001463193
38.81 0.0001520747
38.82 0.0001509591
38.83 0.0001659732
38.84 0.0001715295
38.85 0.0001593632
38.86 0.0001455306
38.87 0.0001304059
38.88 0.0001455814
38.89 0.0001246912
38.9 0.0001218986
38.91 0.0001294522
38.92 0.0001363591
38.93 0.0001407786
38.94 0.0001481177
38.95 0.0001496567
38.96 0.0001714291
38.97 0.0001818465
38.98 0.0001848713
38.99 0.0002039239
39 0.0002006839
39.01 0.0001999946
39.02 0.000197288
39.03 0.0001957255
39.04 0.0001935728
39.05 0.0001889122
39.06 0.0001725527
39.07 0.000174379
39.08 0.0001685932
39.09 0.0001662807
39.1 0.0001720457
39.11 0.0001678862
39.12 0.000173716
39.13 0.0001652432
39.14 0.000163911
39.15 0.0001544875
39.16 0.0001489603
39.17 0.0001491281
39.18 0.0001474233
39.19 0.0001462563
39.2 0.0001443599
39.21 0.0001471697
39.22 0.0001491583
39.23 0.0001425909
39.24 0.0001458446
39.25 0.0001483173
39.26 0.0001376958
39.27 0.0001353287
39.28 0.0001296925
39.29 0.0001294948
39.3 0.0001266769
39.31 0.0001210153
39.32 0.0001172901
39.33 0.0001140853
39.34 0.0001094202
39.35 0.0001042887
39.36 0.000101009
39.37 9.565748e-05
39.38 9.132553e-05
39.39 8.658397e-05
39.4 8.140157e-05
39.41 7.657665e-05
39.42 7.221959e-05
39.43 6.89032e-05
39.44 6.55436e-05
39.45 6.231814e-05
39.46 5.921221e-05
39.47 5.615888e-05
39.48 5.330558e-05
39.49 5.037273e-05
39.5 4.850971e-05
39.51 4.624848e-05
39.52 4.282726e-05
39.53 4.03124e-05
39.54 3.828206e-05
39.55 3.597932e-05
39.56 3.364356e-05
39.57 3.152076e-05
39.58 2.945017e-05
39.59 2.752872e-05
39.6 2.591439e-05
39.61 2.398491e-05
39.62 2.22963e-05
39.63 2.083178e-05
39.64 1.937369e-05
39.65 1.807856e-05
39.66 1.680725e-05
39.67 1.567804e-05
39.68 1.457436e-05
39.69 1.360138e-05
39.7 1.264473e-05
39.71 1.183656e-05
39.72 1.110463e-05
39.73 1.036345e-05
39.74 9.706246e-06
39.75 9.052148e-06
39.76 8.484044e-06
39.77 7.918392e-06
39.78 7.416446e-06
39.79 6.995243e-06
39.8 6.579955e-06
39.81 6.213818e-06
39.82 5.903545e-06
39.83 5.634622e-06
39.84 5.399151e-06
39.85 5.184861e-06
39.86 4.995074e-06
39.87 4.819096e-06
39.88 4.646757e-06
39.89 4.483741e-06
39.9 4.322994e-06
39.91 4.160785e-06
39.92 3.996061e-06
39.93 3.826858e-06
39.94 3.651716e-06
39.95 3.468637e-06
39.96 3.276074e-06
39.97 3.072184e-06
39.98 2.855048e-06
39.99 2.622811e-06
