0 -0.002028583
0.01 -0.002013178
0.02 -0.00199252
0.03 -0.001970813
0.04 -0.001948574
0.05 -0.001898133
0.06 -0.001816384
0.07 -0.00177997
0.08 -0.001844881
0.09 -0.001948447
0.1 -0.001988889
0.11 -0.00190053
0.12 -0.001727956
0.13 -0.001559482
0.14 -0.001422845
0.15 -0.001399798
0.16 -0.001540185
0.17 -0.00165914
0.18 -0.001604192
0.19 -0.001572622
0.2 -0.001548905
0.21 -0.001196126
0.22 -0.0006878862
0.23 -0.0007213979
0.24 -0.001346224
0.25 -0.001326236
0.26 -0.0002941442
0.27 0.0009982427
0.28 0.001100049
0.29 1.408857e-05
0.3 -0.001375844
0.31 -0.001641413
0.32 -0.0001104086
0.33 0.002143512
0.34 0.003586978
0.35 0.003323181
0.36 0.002185477
0.37 0.001355793
0.38 0.0002730925
0.39 -0.001183835
0.4 -0.001328473
0.41 0.0002062181
0.42 0.0009256469
0.43 -0.001364951
0.44 -0.004884468
0.45 -0.005041448
0.46 0.0006155734
0.47 0.006125348
0.48 0.005610118
0.49 0.00208045
0.5 0.002434899
0.51 0.005069396
0.52 0.005350978
0.53 0.002474907
0.54 -0.001313716
0.55 -0.00334557
0.56 -3.075127e-05
0.57 0.0037028
0.58 0.003577596
0.59 0.006252323
0.6 0.01522403
0.61 0.0197874
0.62 0.009793544
0.63 -0.009293724
0.64 -0.01656209
0.65 -0.005146022
0.66 0.007671256
0.67 0.006410387
0.68 -0.003841252
0.69 -0.01015036
0.7 -0.008443221
0.71 -0.00122662
0.72 0.004345617
0.73 0.004107651
0.74 0.003957128
0.75 0.007832616
0.76 0.008308158
0.77 -0.004006824
0.78 -0.02574241
0.79 -0.03329818
0.8 -0.01121976
0.81 0.01973069
0.82 0.02782636
0.83 0.01972409
0.84 0.01809344
0.85 0.02072429
0.86 0.0131332
0.87 -0.005047066
0.88 -0.01576004
0.89 -0.007693277
0.9 0.006792247
0.91 0.009368959
0.92 0.003985037
0.93 0.005102166
0.94 0.01286074
0.95 0.01520288
0.96 0.003309118
0.97 -0.00944883
0.98 -0.004576008
0.99 0.01357071
1 0.02380124
1.01 0.01931413
1.02 0.007017539
1.03 -0.007314306
1.04 -0.01346518
1.05 -0.01373659
1.06 -0.0274872
1.07 -0.04032368
1.08 -0.02411018
1.09 0.01049616
1.1 0.02089361
1.11 -0.0002520268
1.12 -0.02114379
1.13 -0.01954733
1.14 -0.006342462
1.15 -0.001632702
1.16 0.001601595
1.17 0.01468999
1.18 0.0272121
1.19 0.03384092
1.2 0.03791627
1.21 0.02489719
1.22 -0.0087535
1.23 -0.02883296
1.24 -0.015454
1.25 0.003824684
1.26 0.01103623
1.27 0.01161285
1.28 0.004170818
1.29 -0.006336365
1.3 -0.01207348
1.31 -0.01882188
1.32 -0.02857283
1.33 -0.02810543
1.34 -0.01413089
1.35 -0.003821924
1.36 -0.01131264
1.37 -0.02238395
1.38 -0.01516781
1.39 0.01209714
1.4 0.03690961
1.41 0.04107045
1.42 0.03793678
1.43 0.03891406
1.44 0.03385885
1.45 0.0187119
1.46 -0.001746688
1.47 -0.01184124
1.48 -0.0009691786
1.49 0.01704675
1.5 0.02515783
1.51 0.02520258
1.52 0.02362099
1.53 0.02082407
1.54 0.0163356
1.55 0.01231511
1.56 0.01081904
1.57 0.002146735
1.58 -0.02027888
1.59 -0.04419589
1.6 -0.04578604
1.61 -0.01632176
1.62 0.01581224
1.63 0.0244208
1.64 0.01413095
1.65 0.00262958
1.66 0.001443385
1.67 0.00215657
1.68 -0.01299695
1.69 -0.03415596
1.7 -0.02603677
1.71 0.009578619
1.72 0.03383032
1.73 0.02852197
1.74 0.001457486
1.75 -0.02393459
1.76 -0.02368523
1.77 0.002001994
1.78 0.03025456
1.79 0.0408749
1.8 0.03408202
1.81 0.02072736
1.82 0.006370403
1.83 -0.009269187
1.84 -0.02068465
1.85 -0.008968737
1.86 0.03106233
1.87 0.06933343
1.88 0.06961793
1.89 0.03251264
1.9 -0.01394315
1.91 -0.04798493
1.92 -0.05463632
1.93 -0.02672016
1.94 0.00594564
1.95 0.01513329
1.96 0.01415663
1.97 0.02565233
1.98 0.03417301
1.99 0.01265586
2 -0.02315888
2.01 -0.036006
2.02 -0.02700473
2.03 -0.01635873
2.04 -0.01249872
2.05 -0.009974031
2.06 0.002398648
2.07 0.0334579
2.08 0.0606795
2.09 0.05525014
2.1 0.01067756
2.11 -0.03845573
2.12 -0.04879237
2.13 -0.03686431
2.14 -0.03507648
2.15 -0.03701929
2.16 -0.01654649
2.17 0.01953819
2.18 0.02128067
2.19 -0.01047812
2.2 -0.03368557
2.21 -0.03246592
2.22 -0.01461748
2.23 0.01783827
2.24 0.04018816
2.25 0.03089655
2.26 0.01176132
2.27 0.01452322
2.28 0.02855758
2.29 0.02483154
2.3 0.009546496
2.31 0.01032404
2.32 0.02736304
2.33 0.04362153
2.34 0.04624023
2.35 0.03754045
2.36 0.02392518
2.37 0.00776403
2.38 -0.005403904
2.39 -0.006365828
2.4 0.001386135
2.41 -0.007540307
2.42 -0.02670963
2.43 -0.02618769
2.44 -0.006356454
2.45 0.01386484
2.46 0.01540473
2.47 -0.002685268
2.48 -0.01393279
2.49 -0.01166114
2.5 -0.01668429
2.51 -0.03172702
2.52 -0.03916319
2.53 -0.03509024
2.54 -0.03040823
2.55 -0.03895459
2.56 -0.05861418
2.57 -0.06323845
2.58 -0.05543578
2.59 -0.06341298
2.6 -0.08252448
2.61 -0.08817083
2.62 -0.0776503
2.63 -0.05727717
2.64 -0.02459107
2.65 0.001590852
2.66 0.004591021
2.67 0.004075376
2.68 0.02615263
2.69 0.0527881
2.7 0.05472549
2.71 0.03002778
2.72 -0.02177927
2.73 -0.07182286
2.74 -0.08554585
2.75 -0.07932039
2.76 -0.08835372
2.77 -0.1248834
2.78 -0.1481985
2.79 -0.1420326
2.8 -0.1297467
2.81 -0.1191309
2.82 -0.09932311
2.83 -0.06925292
2.84 -0.03707935
2.85 -0.01252073
2.86 0.01342483
2.87 0.03694972
2.88 0.03981543
2.89 0.03381793
2.9 0.03763762
2.91 0.06036994
2.92 0.09098249
2.93 0.07061628
2.94 0.008708385
2.95 -0.03124925
2.96 -0.04881701
2.97 -0.08259397
2.98 -0.1067815
2.99 -0.09782496
3 -0.0711733
3.01 -0.02654891
3.02 0.03494798
3.03 0.07947354
3.04 0.07017097
3.05 0.02148423
3.06 -0.01627043
3.07 -0.03023731
3.08 -0.03706351
3.09 -0.03946672
3.1 -0.03595065
3.11 -0.01270932
3.12 0.05940983
3.13 0.1686733
3.14 0.2298348
3.15 0.2137679
3.16 0.1269259
3.17 0.009549173
3.18 -0.08033312
3.19 -0.1089371
3.2 -0.1050405
3.21 -0.09932933
3.22 -0.105907
3.23 -0.1234767
3.24 -0.1272024
3.25 -0.1102443
3.26 -0.1024086
3.27 -0.1079527
3.28 -0.1034758
3.29 -0.08985775
3.3 -0.08646747
3.31 -0.08826062
3.32 -0.07133272
3.33 -0.03853897
3.34 -0.005359386
3.35 0.04216846
3.36 0.1004642
3.37 0.1593276
3.38 0.2331921
3.39 0.3070453
3.4 0.3517768
3.41 0.371763
3.42 0.3728862
3.43 0.3502487
3.44 0.3182127
3.45 0.2949963
3.46 0.2615087
3.47 0.2269685
3.48 0.2146969
3.49 0.2187299
3.5 0.2302668
3.51 0.2279264
3.52 0.1970214
3.53 0.159547
3.54 0.142773
3.55 0.1388455
3.56 0.1236704
3.57 0.08762838
3.58 0.04972639
3.59 0.02818575
3.6 0.0206002
3.61 0.01632812
3.62 0.006994128
3.63 -0.009974409
3.64 -0.0351881
3.65 -0.06557431
3.66 -0.09578222
3.67 -0.1221657
3.68 -0.1480302
3.69 -0.1955645
3.7 -0.259827
3.71 -0.3186175
3.72 -0.3499249
3.73 -0.3484867
3.74 -0.3361428
3.75 -0.3333459
3.76 -0.3318214
3.77 -0.3039624
3.78 -0.2583417
3.79 -0.2170682
3.8 -0.1755369
3.81 -0.1224335
3.82 -0.06362598
3.83 -0.02728839
3.84 -0.01711726
3.85 -0.003222722
3.86 0.03784758
3.87 0.1094706
3.88 0.1820937
3.89 0.2219727
3.9 0.221348
3.91 0.1637949
3.92 0.07812056
3.93 0.04081763
3.94 0.08965975
3.95 0.2123256
3.96 0.2764444
3.97 0.2399986
3.98 0.1664783
3.99 0.1042914
4 0.03173938
4.01 -0.07417881
4.02 -0.1838738
4.03 -0.2479705
4.04 -0.2844523
4.05 -0.3265044
4.06 -0.376429
4.07 -0.4202089
4.08 -0.4473323
4.09 -0.4620937
4.1 -0.467274
4.11 -0.4520141
4.12 -0.3853956
4.13 -0.2464697
4.14 -0.09765723
4.15 -0.04828623
4.16 -0.06336183
4.17 -0.06960887
4.18 -0.04131848
4.19 0.02896917
4.2 0.1034502
4.21 0.1357941
4.22 0.1357177
4.23 0.1271809
4.24 0.130631
4.25 0.1750125
4.26 0.279125
4.27 0.3944813
4.28 0.4876086
4.29 0.5354471
4.3 0.5178782
4.31 0.4524965
4.32 0.3845254
4.33 0.3346303
4.34 0.278625
4.35 0.1903246
4.36 0.09869106
4.37 0.02387226
4.38 -0.03570537
4.39 -0.06629042
4.4 -0.07407563
4.41 -0.07817124
4.42 -0.09400942
4.43 -0.1377432
4.44 -0.196083
4.45 -0.2446247
4.46 -0.2789376
4.47 -0.314274
4.48 -0.3567462
4.49 -0.3856561
4.5 -0.3787349
4.51 -0.3114538
4.52 -0.1993253
4.53 -0.08405271
4.54 0.01539874
4.55 0.0870777
4.56 0.1447002
4.57 0.1948086
4.58 0.2307458
4.59 0.2565211
4.6 0.2715621
4.61 0.2771751
4.62 0.2877826
4.63 0.3173844
4.64 0.3512401
4.65 0.3607169
4.66 0.3313826
4.67 0.270832
4.68 0.210136
4.69 0.1810378
4.7 0.1813337
4.71 0.1998173
4.72 0.2262918
4.73 0.2287441
4.74 0.1947774
4.75 0.1598676
4.76 0.1361631
4.77 0.1042735
4.78 0.06422141
4.79 0.02481248
4.8 -0.01507771
4.81 -0.0647576
4.82 -0.1278989
4.83 -0.1862918
4.84 -0.2470148
4.85 -0.3027048
4.86 -0.3507149
4.87 -0.3905593
4.88 -0.4067771
4.89 -0.402953
4.9 -0.3863589
4.91 -0.3559097
4.92 -0.3147877
4.93 -0.2705525
4.94 -0.2255321
4.95 -0.1871014
4.96 -0.1702083
4.97 -0.1786309
4.98 -0.2184823
4.99 -0.2717173
5 -0.2949486
5.01 -0.2903685
5.02 -0.2690585
5.03 -0.2261726
5.04 -0.1643837
5.05 -0.08310261
5.06 0.007091396
5.07 0.09405285
5.08 0.1491753
5.09 0.16335
5.1 0.1620528
5.11 0.1544867
5.12 0.1154273
5.13 0.02095605
5.14 -0.09133274
5.15 -0.1556369
5.16 -0.1606879
5.17 -0.1271224
5.18 -0.05522965
5.19 0.05276602
5.2 0.1876466
5.21 0.3039019
5.22 0.3936374
5.23 0.4345238
5.24 0.4339623
5.25 0.4249104
5.26 0.41252
5.27 0.3870658
5.28 0.35153
5.29 0.3185015
5.3 0.3056312
5.31 0.3193712
5.32 0.3530588
5.33 0.3875539
5.34 0.4090011
5.35 0.4102883
5.36 0.368559
5.37 0.2897184
5.38 0.2146624
5.39 0.1640354
5.4 0.1277634
5.41 0.09739671
5.42 0.06932412
5.43 0.01889522
5.44 -0.05403667
5.45 -0.2012019
5.46 -0.3931988
5.47 -0.4650007
5.48 -0.4510322
5.49 -0.4415552
5.5 -0.4379813
5.51 -0.4279315
5.52 -0.4037504
5.53 -0.3610004
5.54 -0.3130573
5.55 -0.2678683
5.56 -0.2158644
5.57 -0.1655512
5.58 -0.1424893
5.59 -0.1621716
5.6 -0.2059519
5.61 -0.2308511
5.62 -0.2099462
5.63 -0.1287066
5.64 -0.05026639
5.65 -0.0146471
5.66 0.002628036
5.67 0.01243465
5.68 0.01556876
5.69 0.03989912
5.7 0.06645738
5.71 0.07309677
5.72 0.06765863
5.73 0.06022262
5.74 0.05609586
5.75 0.06511544
5.76 0.08190629
5.77 0.08668983
5.78 0.07182558
5.79 0.0417787
5.8 0.005019716
5.81 -0.02800111
5.82 -0.05919842
5.83 -0.07876093
5.84 -0.07204815
5.85 -0.04679187
5.86 -0.01686194
5.87 0.03997272
5.88 0.1725174
5.89 0.3037702
5.9 0.2325429
5.91 -0.02457983
5.92 -0.1551719
5.93 -0.1419536
5.94 -0.1118866
5.95 -0.09383825
5.96 -0.06214737
5.97 -0.02488253
5.98 0.0015548
5.99 0.007051617
6 -0.005580397
6.01 -0.03252221
6.02 -0.06740676
6.03 -0.09674855
6.04 -0.1223534
6.05 -0.1538154
6.06 -0.1956873
6.07 -0.2310072
6.08 -0.2552249
6.09 -0.2727738
6.1 -0.2825761
6.11 -0.2790674
6.12 -0.2544402
6.13 -0.1826417
6.14 -0.07915114
6.15 -0.02474662
6.16 -0.01430221
6.17 -0.006976101
6.18 0.00870627
6.19 0.05344666
6.2 0.1280193
6.21 0.1944378
6.22 0.2521204
6.23 0.3046477
6.24 0.3424469
6.25 0.3616233
6.26 0.3707492
6.27 0.3728962
6.28 0.3632032
6.29 0.3240714
6.3 0.2588193
6.31 0.1923442
6.32 0.1303622
6.33 0.08288888
6.34 0.07471823
6.35 0.09760047
6.36 0.1225274
6.37 0.1306138
6.38 0.1300086
6.39 0.134374
6.4 0.1574986
6.41 0.1904962
6.42 0.2017871
6.43 0.1953274
6.44 0.174957
6.45 0.1221603
6.46 0.03058037
6.47 -0.06288817
6.48 -0.1209976
6.49 -0.1517278
6.5 -0.1692631
6.51 -0.178369
6.52 -0.1799132
6.53 -0.1759956
6.54 -0.1696905
6.55 -0.1669896
6.56 -0.1695072
6.57 -0.1753539
6.58 -0.1820822
6.59 -0.1881404
6.6 -0.1955148
6.61 -0.214906
6.62 -0.2421322
6.63 -0.2417046
6.64 -0.2120444
6.65 -0.1761194
6.66 -0.1379113
6.67 -0.09711519
6.68 -0.0588348
6.69 -0.03086597
6.7 -0.01311843
6.71 0.0005474547
6.72 0.01331343
6.73 0.02488237
6.74 0.03931681
6.75 0.05487934
6.76 0.07378046
6.77 0.1005719
6.78 0.1288568
6.79 0.1532154
6.8 0.1760373
6.81 0.1762971
6.82 0.1524142
6.83 0.1358114
6.84 0.1385253
6.85 0.1557387
6.86 0.1768595
6.87 0.1902459
6.88 0.1946806
6.89 0.1974917
6.9 0.2037404
6.91 0.2105838
6.92 0.2121419
6.93 0.2063077
6.94 0.1883946
6.95 0.1468381
6.96 0.05129967
6.97 -0.101283
6.98 -0.1805439
6.99 -0.1801572
7 -0.1810968
7.01 -0.1954646
7.02 -0.2074685
7.03 -0.2200289
7.04 -0.246122
7.05 -0.2775654
7.06 -0.2984517
7.07 -0.316365
7.08 -0.3367555
7.09 -0.3555083
7.1 -0.3681783
7.11 -0.3431212
7.12 -0.2746458
7.13 -0.2186283
7.14 -0.1881988
7.15 -0.1675627
7.16 -0.1178723
7.17 -0.04108672
7.18 0.01455476
7.19 0.06421236
7.2 0.1249223
7.21 0.1775312
7.22 0.2124688
7.23 0.2362785
7.24 0.2542312
7.25 0.2719586
7.26 0.2942291
7.27 0.3189019
7.28 0.3422845
7.29 0.360891
7.3 0.366992
7.31 0.3558665
7.32 0.3188031
7.33 0.2650705
7.34 0.2156957
7.35 0.1724375
7.36 0.1162149
7.37 0.03868918
7.38 -0.0394053
7.39 -0.09967451
7.4 -0.1365874
7.41 -0.1511893
7.42 -0.1524452
7.43 -0.1448043
7.44 -0.1213337
7.45 -0.08463305
7.46 -0.05461243
7.47 -0.04459617
7.48 -0.04830194
7.49 -0.06428189
7.5 -0.1075116
7.51 -0.1820935
7.52 -0.2476971
7.53 -0.2930692
7.54 -0.3218282
7.55 -0.2903921
7.56 -0.2101044
7.57 -0.1250692
7.58 -0.07725088
7.59 -0.04469395
7.6 -0.01196625
7.61 -0.008606144
7.62 -0.02068602
7.63 -0.0144204
7.64 0.0148686
7.65 0.0555643
7.66 0.09403692
7.67 0.121292
7.68 0.1379126
7.69 0.1534734
7.7 0.1742498
7.71 0.2051654
7.72 0.2414893
7.73 0.2725668
7.74 0.2980759
7.75 0.3145124
7.76 0.3220255
7.77 0.3198955
7.78 0.2943097
7.79 0.2306903
7.8 0.1169234
7.81 0.01430806
7.82 -0.04368499
7.83 -0.07945887
7.84 -0.1167611
7.85 -0.1565999
7.86 -0.18838
7.87 -0.2116295
7.88 -0.2291238
7.89 -0.236809
7.9 -0.2374446
7.91 -0.240659
7.92 -0.2456971
7.93 -0.2475422
7.94 -0.2390926
7.95 -0.2050769
7.96 -0.1413174
7.97 -0.07529549
7.98 -0.02926472
7.99 -0.001457387
8 0.01924739
8.01 0.03810795
8.02 0.04993581
8.03 0.05043562
8.04 0.04398296
8.05 0.03504128
8.06 0.02643721
8.07 0.02520226
8.08 0.03602709
8.09 0.06359141
8.1 0.09431437
8.11 0.1140436
8.12 0.1212185
8.13 0.1194407
8.14 0.1038923
8.15 0.06965746
8.16 0.03491083
8.17 0.008372338
8.18 -0.005088119
8.19 -0.00932275
8.2 -0.01538664
8.21 -0.0219118
8.22 -0.02096783
8.23 -0.01402071
8.24 -0.0005706499
8.25 0.01875127
8.26 0.03581775
8.27 0.04323576
8.28 0.04233975
8.29 0.03894118
8.3 0.03713927
8.31 0.0406033
8.32 0.04836852
8.33 0.05430521
8.34 0.05466049
8.35 0.05234484
8.36 0.05031306
8.37 0.05070338
8.38 0.05682375
8.39 0.07062023
8.4 0.08370658
8.41 0.08910346
8.42 0.08300277
8.43 0.06211568
8.44 0.02918969
8.45 -0.004527751
8.46 -0.03230651
8.47 -0.05540799
8.48 -0.0728788
8.49 -0.08286049
8.5 -0.08533619
8.51 -0.08172572
8.52 -0.07492346
8.53 -0.06872119
8.54 -0.06948458
8.55 -0.07897961
8.56 -0.09576715
8.57 -0.1128926
8.58 -0.1221087
8.59 -0.1248013
8.6 -0.1271218
8.61 -0.1297303
8.62 -0.125185
8.63 -0.1019964
8.64 -0.05507552
8.65 -0.00385036
8.66 0.03331707
8.67 0.05536845
8.68 0.06943549
8.69 0.08043615
8.7 0.08868742
8.71 0.08850073
8.72 0.07437108
8.73 0.04832606
8.74 0.02038332
8.75 -0.004147827
8.76 -0.02377676
8.77 -0.03534614
8.78 -0.03877632
8.79 -0.03614704
8.8 -0.02886948
8.81 -0.02128212
8.82 -0.01875618
8.83 -0.01804795
8.84 -0.0122372
8.85 -0.001344063
8.86 0.008730022
8.87 0.00879161
8.88 -0.002075566
8.89 -0.02222945
8.9 -0.04720699
8.91 -0.06972623
8.92 -0.07964211
8.93 -0.073889
8.94 -0.05874797
8.95 -0.04059755
8.96 -0.02714688
8.97 -0.02146603
8.98 -0.01878215
8.99 -0.01184732
9 0.002826834
9.01 0.0178801
9.02 0.02315624
9.03 0.01691642
9.04 0.003634569
9.05 -0.009950948
9.06 -0.02088356
9.07 -0.02771759
9.08 -0.03039444
9.09 -0.03145549
9.1 -0.03193761
9.11 -0.030884
9.12 -0.0232791
9.13 -0.003525304
9.14 0.02131775
9.15 0.03819263
9.16 0.04643048
9.17 0.05164005
9.18 0.05889487
9.19 0.07541512
9.2 0.09862712
9.21 0.1216941
9.22 0.1429698
9.23 0.1595782
9.24 0.1697363
9.25 0.176925
9.26 0.1812927
9.27 0.1827913
9.28 0.1871067
9.29 0.1943141
9.3 0.1984755
9.31 0.1934502
9.32 0.1800819
9.33 0.1586849
9.34 0.1231207
9.35 0.07687692
9.36 0.03420809
9.37 0.003159334
9.38 -0.01940019
9.39 -0.0377494
9.4 -0.05544879
9.41 -0.07287751
9.42 -0.08682778
9.43 -0.098513
9.44 -0.1098868
9.45 -0.1231255
9.46 -0.1430048
9.47 -0.1675596
9.48 -0.1906556
9.49 -0.2072877
9.5 -0.2144655
9.51 -0.2155583
9.52 -0.2132635
9.53 -0.2035798
9.54 -0.1847298
9.55 -0.1623654
9.56 -0.1402094
9.57 -0.1103652
9.58 -0.06718136
9.59 -0.03421932
9.6 -0.03227252
9.61 -0.04941699
9.62 -0.0710062
9.63 -0.08668031
9.64 -0.0932743
9.65 -0.0912278
9.66 -0.07885944
9.67 -0.0549917
9.68 -0.02582834
9.69 0.001338666
9.7 0.02470097
9.71 0.04355141
9.72 0.05676808
9.73 0.06414384
9.74 0.06994755
9.75 0.07829983
9.76 0.0899871
9.77 0.1029881
9.78 0.1111771
9.79 0.111809
9.8 0.1088136
9.81 0.1057449
9.82 0.105839
9.83 0.1082832
9.84 0.1094305
9.85 0.1032617
9.86 0.07938045
9.87 0.04226206
9.88 0.01783073
9.89 0.01225088
9.9 0.01123652
9.91 0.002775163
9.92 -0.01396591
9.93 -0.03633623
9.94 -0.05962384
9.95 -0.0813568
9.96 -0.1004671
9.97 -0.1133564
9.98 -0.1192605
9.99 -0.1196709
10 -0.1143323
10.01 -0.1031163
10.02 -0.09196919
10.03 -0.08476594
10.04 -0.07201062
10.05 -0.04317983
10.06 -0.009000436
10.07 0.02368755
10.08 0.05393798
10.09 0.07238244
10.1 0.07566188
10.11 0.07688411
10.12 0.08351589
10.13 0.09731986
10.14 0.1146584
10.15 0.1313911
10.16 0.1476301
10.17 0.1636614
10.18 0.17477
10.19 0.17625
10.2 0.1660886
10.21 0.1446156
10.22 0.1128744
10.23 0.08054869
10.24 0.05350992
10.25 0.02654407
10.26 0.001955219
10.27 -0.01522099
10.28 -0.02987202
10.29 -0.04369322
10.3 -0.0557631
10.31 -0.06697695
10.32 -0.07836963
10.33 -0.0878248
10.34 -0.09223054
10.35 -0.09103454
10.36 -0.08300031
10.37 -0.06761929
10.38 -0.05220681
10.39 -0.04247735
10.4 -0.04025383
10.41 -0.0462032
10.42 -0.05428183
10.43 -0.05627667
10.44 -0.04658197
10.45 -0.02289212
10.46 0.00552153
10.47 0.03187245
10.48 0.05098542
10.49 0.05560787
10.5 0.05126343
10.51 0.04365163
10.52 0.03502214
10.53 0.02783165
10.54 0.02367421
10.55 0.01981252
10.56 0.01255038
10.57 0.0004579657
10.58 -0.01829007
10.59 -0.03910736
10.6 -0.05618967
10.61 -0.0699773
10.62 -0.0817572
10.63 -0.08976379
10.64 -0.09364684
10.65 -0.09236335
10.66 -0.08556914
10.67 -0.07672
10.68 -0.07111976
10.69 -0.07022128
10.7 -0.07183478
10.71 -0.07402091
10.72 -0.07350269
10.73 -0.06644773
10.74 -0.05107617
10.75 -0.03231497
10.76 -0.01432811
10.77 0.002930013
10.78 0.01625181
10.79 0.0256594
10.8 0.03316878
10.81 0.03916088
10.82 0.04557684
10.83 0.05214323
10.84 0.0587947
10.85 0.06671666
10.86 0.07263514
10.87 0.07588503
10.88 0.07566039
10.89 0.06969729
10.9 0.05694639
10.91 0.04271445
10.92 0.03398411
10.93 0.03199894
10.94 0.03428469
10.95 0.03784685
10.96 0.03679314
10.97 0.02804174
10.98 0.01620458
10.99 0.007519766
11 0.0004937731
11.01 -0.006587163
11.02 -0.01325644
11.03 -0.02058133
11.04 -0.02751186
11.05 -0.03103442
11.06 -0.03291239
11.07 -0.034754
11.08 -0.03648837
11.09 -0.03802952
11.1 -0.03949339
11.11 -0.03910241
11.12 -0.03186344
11.13 -0.01311561
11.14 0.009818916
11.15 0.0263585
11.16 0.03083424
11.17 0.0290871
11.18 0.0305236
11.19 0.0393762
11.2 0.05125084
11.21 0.05975717
11.22 0.06407385
11.23 0.06597475
11.24 0.06632674
11.25 0.06582336
11.26 0.0654157
11.27 0.06443884
11.28 0.0616047
11.29 0.05582717
11.3 0.04809226
11.31 0.03973051
11.32 0.03588927
11.33 0.03739877
11.34 0.03839188
11.35 0.03511897
11.36 0.02822284
11.37 0.02122378
11.38 0.01642152
11.39 0.0139969
11.4 0.01240997
11.41 0.009553744
11.42 0.006617433
11.43 0.003206804
11.44 -0.00122806
11.45 -0.005532525
11.46 -0.008836901
11.47 -0.01149773
11.48 -0.01569565
11.49 -0.02213448
11.5 -0.03199349
11.51 -0.0449948
11.52 -0.05917182
11.53 -0.07108055
11.54 -0.08146435
11.55 -0.08907082
11.56 -0.09339484
11.57 -0.09476913
11.58 -0.0928424
11.59 -0.08478902
11.6 -0.07058336
11.61 -0.05864218
11.62 -0.05846915
11.63 -0.06685054
11.64 -0.07563606
11.65 -0.08092913
11.66 -0.08275624
11.67 -0.08340935
11.68 -0.08229052
11.69 -0.0776148
11.7 -0.0703265
11.71 -0.05930272
11.72 -0.04330662
11.73 -0.02419193
11.74 -0.006204024
11.75 0.008986277
11.76 0.02171558
11.77 0.03433651
11.78 0.04934371
11.79 0.06883709
11.8 0.09196467
11.81 0.1129878
11.82 0.1286088
11.83 0.137695
11.84 0.1404984
11.85 0.1372377
11.86 0.1227027
11.87 0.08804423
11.88 0.03950506
11.89 -0.0008867287
11.9 -0.02171357
11.91 -0.02881303
11.92 -0.02838905
11.93 -0.02336934
11.94 -0.01592154
11.95 -0.009386303
11.96 -0.004630984
11.97 0.0006515939
11.98 0.006094553
11.99 0.009341416
12 0.009359907
12.01 0.005507208
12.02 -0.0003813283
12.03 -0.007634638
12.04 -0.01337167
12.05 -0.01143747
12.06 0.001802369
12.07 0.0235759
12.08 0.0455118
12.09 0.06330336
12.1 0.0708002
12.11 0.06560042
12.12 0.04985613
12.13 0.02762323
12.14 0.007255772
12.15 -0.003762534
12.16 -0.005575778
12.17 -0.004124078
12.18 -0.002053799
12.19 -0.0006220447
12.2 -0.003538042
12.21 -0.01261586
12.22 -0.0260728
12.23 -0.03895705
12.24 -0.04814824
12.25 -0.05147856
12.26 -0.04847693
12.27 -0.03984577
12.28 -0.02777214
12.29 -0.01573014
12.3 -0.006656783
12.31 -0.002297657
12.32 -0.001239805
12.33 -0.005583317
12.34 -0.01753318
12.35 -0.03333123
12.36 -0.04482533
12.37 -0.04705085
12.38 -0.03973183
12.39 -0.02230537
12.4 -0.001859771
12.41 0.01759538
12.42 0.0359797
12.43 0.04934723
12.44 0.05454368
12.45 0.05538379
12.46 0.05339172
12.47 0.04971273
12.48 0.04921212
12.49 0.05185945
12.5 0.05221972
12.51 0.04469279
12.52 0.02720916
12.53 0.006312482
12.54 -0.01321011
12.55 -0.02448557
12.56 -0.02395572
12.57 -0.0184783
12.58 -0.01514762
12.59 -0.01369914
12.6 -0.01202881
12.61 -0.01176179
12.62 -0.01633507
12.63 -0.02715751
12.64 -0.0402672
12.65 -0.05048505
12.66 -0.05795097
12.67 -0.06038678
12.68 -0.05233466
12.69 -0.03139781
12.7 -0.009831885
12.71 -0.003456651
12.72 -0.006601397
12.73 -0.006791616
12.74 -0.002029745
12.75 0.002614237
12.76 0.002868896
12.77 -0.0008051252
12.78 -0.002816892
12.79 0.001543529
12.8 0.007491507
12.81 0.009025746
12.82 0.005674695
12.83 -0.002765304
12.84 -0.0155716
12.85 -0.02504005
12.86 -0.02603514
12.87 -0.01943121
12.88 -0.007360568
12.89 0.007265073
12.9 0.01713971
12.91 0.02274544
12.92 0.02690197
12.93 0.0299969
12.94 0.03264206
12.95 0.03586471
12.96 0.03911674
12.97 0.04199778
12.98 0.04334259
12.99 0.04383837
13 0.04348838
13.01 0.04223211
13.02 0.0420761
13.03 0.04462374
13.04 0.04775706
13.05 0.0488215
13.06 0.04672664
13.07 0.04119512
13.08 0.03390033
13.09 0.02795002
13.1 0.02580898
13.11 0.02611095
13.12 0.02555377
13.13 0.02068675
13.14 0.0100823
13.15 -0.005176388
13.16 -0.02108778
13.17 -0.03541344
13.18 -0.04611656
13.19 -0.05075347
13.2 -0.05236995
13.21 -0.05473981
13.22 -0.05704018
13.23 -0.05915451
13.24 -0.06196897
13.25 -0.06532502
13.26 -0.06756883
13.27 -0.06706949
13.28 -0.06281781
13.29 -0.05350287
13.3 -0.0419526
13.31 -0.03139459
13.32 -0.02386745
13.33 -0.02055867
13.34 -0.01996514
13.35 -0.02105959
13.36 -0.02125179
13.37 -0.02043705
13.38 -0.01952888
13.39 -0.01810672
13.4 -0.01619316
13.41 -0.01289079
13.42 -0.006623341
13.43 0.001654828
13.44 0.009838878
13.45 0.01686447
13.46 0.02103762
13.47 0.01922845
13.48 0.01160348
13.49 -0.0025118
13.5 -0.01527696
13.51 -0.01840192
13.52 -0.01214678
13.53 -0.0005783643
13.54 0.01125839
13.55 0.01873709
13.56 0.02041354
13.57 0.01378292
13.58 -0.002247967
13.59 -0.02103423
13.6 -0.03340139
13.61 -0.03645725
13.62 -0.03497796
13.63 -0.03311693
13.64 -0.03146787
13.65 -0.0291541
13.66 -0.02681193
13.67 -0.02640658
13.68 -0.02673602
13.69 -0.02670332
13.7 -0.02549816
13.71 -0.01959496
13.72 -0.009085367
13.73 0.001480736
13.74 0.006038984
13.75 0.007210047
13.76 0.008998036
13.77 0.01221219
13.78 0.01557746
13.79 0.01758046
13.8 0.01764026
13.81 0.01707006
13.82 0.01785588
13.83 0.02100874
13.84 0.02592579
13.85 0.03112675
13.86 0.03533883
13.87 0.0390252
13.88 0.04057356
13.89 0.03842709
13.9 0.03372407
13.91 0.02751075
13.92 0.02248274
13.93 0.02151649
13.94 0.02264156
13.95 0.02417746
13.96 0.02632241
13.97 0.02626485
13.98 0.02342747
13.99 0.02192092
14 0.02166178
14.01 0.02010613
14.02 0.0186359
14.03 0.01913599
14.04 0.02122234
14.05 0.02254339
14.06 0.02220702
14.07 0.01924008
14.08 0.0119115
14.09 0.002759844
14.1 -0.003053639
14.11 -0.005140967
14.12 -0.005643488
14.13 -0.00636226
14.14 -0.008653514
14.15 -0.01103878
14.16 -0.01274952
14.17 -0.01580458
14.18 -0.02098832
14.19 -0.02725062
14.2 -0.03330426
14.21 -0.0385957
14.22 -0.04277094
14.23 -0.04413139
14.24 -0.04140431
14.25 -0.03469761
14.26 -0.0242515
14.27 -0.01419324
14.28 -0.009661858
14.29 -0.009826483
14.3 -0.01012126
14.31 -0.008849767
14.32 -0.006697962
14.33 -0.00433028
14.34 -0.001592795
14.35 0.0009049798
14.36 0.004845716
14.37 0.009235202
14.38 0.01192501
14.39 0.01276103
14.4 0.01125704
14.41 0.009013119
14.42 0.00845354
14.43 0.00890056
14.44 0.008742783
14.45 0.005734764
14.46 -0.000793797
14.47 -0.01296664
14.48 -0.02794888
14.49 -0.03912967
14.5 -0.04479639
14.51 -0.04726936
14.52 -0.04733887
14.53 -0.04183999
14.54 -0.02492755
14.55 -0.002302705
14.56 0.01793989
14.57 0.03123418
14.58 0.03604388
14.59 0.03856792
14.6 0.04185105
14.61 0.0440087
14.62 0.04334706
14.63 0.04117324
14.64 0.04015183
14.65 0.04128207
14.66 0.04340592
14.67 0.04430743
14.68 0.04300132
14.69 0.03876902
14.7 0.0324081
14.71 0.02483145
14.72 0.01780503
14.73 0.01200531
14.74 0.0079687
14.75 0.006723565
14.76 0.00961968
14.77 0.01571491
14.78 0.02304204
14.79 0.03115307
14.8 0.03564672
14.81 0.03421651
14.82 0.02865494
14.83 0.02019412
14.84 0.01420193
14.85 0.01359916
14.86 0.0163325
14.87 0.02251657
14.88 0.02928475
14.89 0.03294847
14.9 0.0326385
14.91 0.03021541
14.92 0.02853428
14.93 0.02802775
14.94 0.02507681
14.95 0.01657346
14.96 0.00214343
14.97 -0.01559852
14.98 -0.03027755
14.99 -0.04043618
15 -0.04745774
15.01 -0.05269059
15.02 -0.05751214
15.03 -0.0609672
15.04 -0.06215373
15.05 -0.06246935
15.06 -0.06187048
15.07 -0.05768047
15.08 -0.0499749
15.09 -0.0405041
15.1 -0.03058681
15.11 -0.02083532
15.12 -0.01168169
15.13 -0.003504681
15.14 0.007126569
15.15 0.01970322
15.16 0.03124568
15.17 0.03825207
15.18 0.04211388
15.19 0.04334511
15.2 0.04175022
15.21 0.03953938
15.22 0.03940401
15.23 0.04018381
15.24 0.03904037
15.25 0.03140366
15.26 0.0165017
15.27 -0.0002623838
15.28 -0.01499231
15.29 -0.02476406
15.3 -0.03285987
15.31 -0.04217289
15.32 -0.05314496
15.33 -0.062557
15.34 -0.06911924
15.35 -0.07288336
15.36 -0.07072455
15.37 -0.0615132
15.38 -0.04619643
15.39 -0.02839799
15.4 -0.01298884
15.41 -0.005381639
15.42 -0.003732016
15.43 -0.003683186
15.44 -0.001640376
15.45 0.003812849
15.46 0.009071686
15.47 0.01219088
15.48 0.01569952
15.49 0.0222202
15.5 0.03023153
15.51 0.03689993
15.52 0.03797617
15.53 0.03085353
15.54 0.01405412
15.55 -0.005893821
15.56 -0.02398237
15.57 -0.03331924
15.58 -0.03489
15.59 -0.03456082
15.6 -0.03382101
15.61 -0.03129421
15.62 -0.02607462
15.63 -0.01812024
15.64 -0.006248617
15.65 0.007244637
15.66 0.01247638
15.67 0.009060575
15.68 0.00390283
15.69 0.001530059
15.7 0.002219215
15.71 0.005463841
15.72 0.01011546
15.73 0.01316461
15.74 0.01330263
15.75 0.01104145
15.76 0.005991951
15.77 -0.004983279
15.78 -0.02149429
15.79 -0.03593131
15.8 -0.04213411
15.81 -0.04091739
15.82 -0.033362
15.83 -0.0205999
15.84 -0.006725207
15.85 0.003449726
15.86 0.008607521
15.87 0.01017815
15.88 0.007881742
15.89 0.004377567
15.9 0.004607254
15.91 0.01348505
15.92 0.02654744
15.93 0.03657778
15.94 0.04199066
15.95 0.0432047
15.96 0.04241357
15.97 0.04078869
15.98 0.0363053
15.99 0.02824266
16 0.0147555
16.01 -0.001300344
16.02 -0.0141059
16.03 -0.0231886
16.04 -0.02833182
16.05 -0.0314637
16.06 -0.03374335
16.07 -0.03554265
16.08 -0.03534422
16.09 -0.03270573
16.1 -0.02983446
16.11 -0.02877081
16.12 -0.03032235
16.13 -0.032657
16.14 -0.03300738
16.15 -0.02703451
16.16 -0.01555187
16.17 -0.0006125156
16.18 0.0145523
16.19 0.02856369
16.2 0.03930817
16.21 0.04680844
16.22 0.05395079
16.23 0.05871293
16.24 0.05909488
16.25 0.05567304
16.26 0.04820951
16.27 0.03396228
16.28 0.01840273
16.29 0.005294828
16.3 -0.004525894
16.31 -0.01473083
16.32 -0.02601311
16.33 -0.03581797
16.34 -0.04207075
16.35 -0.0441941
16.36 -0.04396654
16.37 -0.04377104
16.38 -0.04364704
16.39 -0.04272498
16.4 -0.04108514
16.41 -0.03687261
16.42 -0.02786883
16.43 -0.01539816
16.44 -0.003290405
16.45 0.006504831
16.46 0.01265711
16.47 0.01770357
16.48 0.02390952
16.49 0.03142178
16.5 0.03773847
16.51 0.04198374
16.52 0.04244984
16.53 0.03811122
16.54 0.03053205
16.55 0.02283014
16.56 0.01786749
16.57 0.01570868
16.58 0.01481067
16.59 0.01440102
16.6 0.01225967
16.61 0.007221879
16.62 -0.0002096046
16.63 -0.007018201
16.64 -0.008527944
16.65 -0.003566689
16.66 0.004820827
16.67 0.01228825
16.68 0.01488748
16.69 0.012134
16.7 0.005355351
16.71 -0.0008441659
16.72 -0.003685849
16.73 -0.00288911
16.74 0.0003620417
16.75 0.004323447
16.76 0.009744551
16.77 0.0145876
16.78 0.01678833
16.79 0.0143654
16.8 0.006055881
16.81 -0.00503504
16.82 -0.01131764
16.83 -0.01109314
16.84 -0.006278522
16.85 0.0002277938
16.86 0.004361499
16.87 0.004707787
16.88 0.001727483
16.89 -0.003754781
16.9 -0.01200204
16.91 -0.02011741
16.92 -0.02569384
16.93 -0.0293257
16.94 -0.03258999
16.95 -0.03516994
16.96 -0.03691564
16.97 -0.03668977
16.98 -0.03327523
16.99 -0.02731523
17 -0.02129758
17.01 -0.01736653
17.02 -0.01411344
17.03 -0.008320806
17.04 0.001522941
17.05 0.01358352
17.06 0.02369621
17.07 0.02962683
17.08 0.03330084
17.09 0.03442113
17.1 0.03470593
17.11 0.03601092
17.12 0.03561915
17.13 0.03002691
17.14 0.01858599
17.15 0.006019799
17.16 -0.002647949
17.17 -0.006742601
17.18 -0.008324324
17.19 -0.00983982
17.2 -0.0129998
17.21 -0.01768842
17.22 -0.02125232
17.23 -0.02366983
17.24 -0.02476878
17.25 -0.02252167
17.26 -0.01638903
17.27 -0.008571035
17.28 -0.0002247065
17.29 0.008434905
17.3 0.01502767
17.31 0.01757703
17.32 0.01596253
17.33 0.01145062
17.34 0.007169679
17.35 0.004633353
17.36 0.005318888
17.37 0.009977782
17.38 0.01522443
17.39 0.01732304
17.4 0.01694762
17.41 0.01480017
17.42 0.01315695
17.43 0.01417048
17.44 0.01770663
17.45 0.02238413
17.46 0.02713119
17.47 0.0284391
17.48 0.02585959
17.49 0.02231908
17.5 0.01855654
17.51 0.01492202
17.52 0.01205364
17.53 0.009947972
17.54 0.007553458
17.55 0.004956985
17.56 0.003415168
17.57 0.003091196
17.58 0.002558931
17.59 0.001195134
17.6 -0.002024559
17.61 -0.006540403
17.62 -0.009404427
17.63 -0.00952567
17.64 -0.007862564
17.65 -0.005093413
17.66 -0.002970213
17.67 -0.001183639
17.68 0.001857851
17.69 0.005636355
17.7 0.006964784
17.71 0.004386418
17.72 -0.0004157901
17.73 -0.004651735
17.74 -0.00692659
17.75 -0.009276469
17.76 -0.0124058
17.77 -0.01687936
17.78 -0.02241851
17.79 -0.02522931
17.8 -0.02461038
17.81 -0.02251764
17.82 -0.02056556
17.83 -0.01941639
17.84 -0.01866123
17.85 -0.01808344
17.86 -0.01702945
17.87 -0.01477356
17.88 -0.009663676
17.89 -0.0009682966
17.9 0.009265237
17.91 0.01527078
17.92 0.01711974
17.93 0.01890853
17.94 0.02220952
17.95 0.0243402
17.96 0.02362588
17.97 0.0195261
17.98 0.01311703
17.99 0.006598402
18 0.00202618
18.01 -0.001479337
18.02 -0.006441135
18.03 -0.01403261
18.04 -0.02274034
18.05 -0.0287392
18.06 -0.03051482
18.07 -0.03021592
18.08 -0.02899768
18.09 -0.02781809
18.1 -0.02780899
18.11 -0.02845978
18.12 -0.02848558
18.13 -0.0272781
18.14 -0.0234547
18.15 -0.01683641
18.16 -0.009492256
18.17 -0.003534294
18.18 0.003130754
18.19 0.01173969
18.2 0.01951963
18.21 0.02333154
18.22 0.02453919
18.23 0.02475105
18.24 0.02517575
18.25 0.02546938
18.26 0.02520872
18.27 0.02426952
18.28 0.02257715
18.29 0.020002
18.3 0.01753398
18.31 0.01617273
18.32 0.01562647
18.33 0.01451442
18.34 0.01067903
18.35 0.004870055
18.36 -0.003687972
18.37 -0.01668292
18.38 -0.02967745
18.39 -0.03493631
18.4 -0.03460198
18.41 -0.02901601
18.42 -0.01782017
18.43 -0.00749888
18.44 -0.002091436
18.45 -0.0002335218
18.46 0.0004566723
18.47 0.001045615
18.48 0.002690303
18.49 0.005773162
18.5 0.008612937
18.51 0.01161865
18.52 0.01538058
18.53 0.0188491
18.54 0.02128011
18.55 0.02300768
18.56 0.02195251
18.57 0.01841209
18.58 0.01392342
18.59 0.01052904
18.6 0.007638854
18.61 0.005106919
18.62 0.002770263
18.63 -0.0001694313
18.64 -0.002916426
18.65 -0.006022549
18.66 -0.01041865
18.67 -0.01494296
18.68 -0.01796161
18.69 -0.0202895
18.7 -0.0226348
18.71 -0.0252483
18.72 -0.02802236
18.73 -0.02871488
18.74 -0.02678279
18.75 -0.02506288
18.76 -0.02236996
18.77 -0.01989168
18.78 -0.01639327
18.79 -0.009530749
18.8 -0.002086906
18.81 0.001684423
18.82 0.003394619
18.83 0.003874153
18.84 0.003093234
18.85 0.002677302
18.86 0.00460889
18.87 0.008304904
18.88 0.01348202
18.89 0.01843375
18.9 0.02151542
18.91 0.02413846
18.92 0.02771536
18.93 0.03109695
18.94 0.03338308
18.95 0.03377275
18.96 0.03250847
18.97 0.0293921
18.98 0.02394016
18.99 0.01633482
19 0.008792423
19.01 0.002007774
19.02 -0.0035636
19.03 -0.007314467
19.04 -0.009137832
19.05 -0.009879415
19.06 -0.009931469
19.07 -0.01048638
19.08 -0.0119247
19.09 -0.01277022
19.1 -0.01322073
19.11 -0.01308984
19.12 -0.01225164
19.13 -0.01126266
19.14 -0.009323332
19.15 -0.005230338
19.16 0.00193043
19.17 0.009488347
19.18 0.01628063
19.19 0.02196951
19.2 0.0254984
19.21 0.02395317
19.22 0.01739894
19.23 0.007838192
19.24 -0.002662679
19.25 -0.009612683
19.26 -0.01186664
19.27 -0.01182005
19.28 -0.008874127
19.29 -8.136144e-05
19.3 0.01231466
19.31 0.01838275
19.32 0.01786634
19.33 0.01695324
19.34 0.01587907
19.35 0.01477725
19.36 0.01318588
19.37 0.009004452
19.38 0.002422881
19.39 -0.00357599
19.4 -0.007252788
19.41 -0.009221735
19.42 -0.009523859
19.43 -0.009110592
19.44 -0.00838335
19.45 -0.007376526
19.46 -0.007114607
19.47 -0.008831343
19.48 -0.01214739
19.49 -0.01535556
19.5 -0.01806875
19.51 -0.0193217
19.52 -0.01817188
19.53 -0.01507059
19.54 -0.009504186
19.55 0.001210763
19.56 0.0136705
19.57 0.02256104
19.58 0.0267262
19.59 0.02901945
19.6 0.03072416
19.61 0.03210079
19.62 0.03111576
19.63 0.02676488
19.64 0.01928923
19.65 0.009375316
19.66 -0.002484851
19.67 -0.01361586
19.68 -0.01994312
19.69 -0.02265493
19.7 -0.02481792
19.71 -0.02730812
19.72 -0.03002146
19.73 -0.03218493
19.74 -0.03330638
19.75 -0.03184229
19.76 -0.02799549
19.77 -0.02327708
19.78 -0.01912464
19.79 -0.01385641
19.8 -0.006604135
19.81 0.0008250359
19.82 0.007598982
19.83 0.01257808
19.84 0.01495279
19.85 0.01507545
19.86 0.01298035
19.87 0.01125908
19.88 0.01252282
19.89 0.0159389
19.9 0.01849476
19.91 0.02003753
19.92 0.0204671
19.93 0.0189824
19.94 0.01660565
19.95 0.01293321
19.96 0.007489038
19.97 0.001595943
19.98 -0.002446848
19.99 -0.002819322
20 -0.0001548318
20.01 0.003003422
20.02 0.005191939
20.03 0.005390251
20.04 0.002489027
20.05 -0.002803604
20.06 -0.007727917
20.07 -0.01245056
20.08 -0.01684013
20.09 -0.02100129
20.1 -0.0251767
20.11 -0.02844647
20.12 -0.03004614
20.13 -0.03120495
20.14 -0.0306174
20.15 -0.02836996
20.16 -0.02625932
20.17 -0.02385938
20.18 -0.01926122
20.19 -0.01017447
20.2 8.010378e-05
20.21 0.009969245
20.22 0.02003051
20.23 0.02834747
20.24 0.03565549
20.25 0.04075059
20.26 0.04199493
20.27 0.03951904
20.28 0.03490001
20.29 0.02894931
20.3 0.0212604
20.31 0.01185553
20.32 0.001315062
20.33 -0.008920435
20.34 -0.01855612
20.35 -0.02525123
20.36 -0.02842269
20.37 -0.03027189
20.38 -0.03159185
20.39 -0.0317723
20.4 -0.03149823
20.41 -0.03085736
20.42 -0.02855307
20.43 -0.02423918
20.44 -0.0192543
20.45 -0.014834
20.46 -0.0105638
20.47 -0.006742649
20.48 -0.003990942
20.49 -0.0009399707
20.5 0.001786518
20.51 0.00430875
20.52 0.005600101
20.53 0.006389581
20.54 0.006268316
20.55 0.006158494
20.56 0.005307637
20.57 0.00386703
20.58 0.0006201863
20.59 -0.003874416
20.6 -0.008115221
20.61 -0.01128114
20.62 -0.01456051
20.63 -0.01835061
20.64 -0.02102747
20.65 -0.02209658
20.66 -0.02078862
20.67 -0.01813677
20.68 -0.01603187
20.69 -0.01377892
20.7 -0.01243648
20.71 -0.01223057
20.72 -0.01275208
20.73 -0.01452072
20.74 -0.01649956
20.75 -0.01714104
20.76 -0.01597047
20.77 -0.01294773
20.78 -0.008445734
20.79 -0.002662089
20.8 0.003088183
20.81 0.005580226
20.82 0.005921989
20.83 0.006662227
20.84 0.008049439
20.85 0.0114789
20.86 0.01671671
20.87 0.02068836
20.88 0.02118674
20.89 0.01819406
20.9 0.0141943
20.91 0.009558519
20.92 0.005368068
20.93 0.001738594
20.94 -0.000758616
20.95 -0.002288778
20.96 -0.00337175
20.97 -0.00483765
20.98 -0.007631244
20.99 -0.01090172
21 -0.01313577
21.01 -0.01460717
21.02 -0.01445382
21.03 -0.01345321
21.04 -0.01262922
21.05 -0.01228512
21.06 -0.01099017
21.07 -0.007596195
21.08 -0.002067173
21.09 0.005925723
21.1 0.01468798
21.11 0.02174559
21.12 0.02699351
21.13 0.03158347
21.14 0.03749389
21.15 0.0434408
21.16 0.04762104
21.17 0.04860351
21.18 0.046364
21.19 0.0426117
21.2 0.03872743
21.21 0.0340532
21.22 0.02767086
21.23 0.02070894
21.24 0.01255962
21.25 0.004828399
21.26 -0.001351785
21.27 -0.00601305
21.28 -0.009531868
21.29 -0.01364858
21.3 -0.01786989
21.31 -0.02143911
21.32 -0.02298581
21.33 -0.02375522
21.34 -0.02350995
21.35 -0.02216235
21.36 -0.02022452
21.37 -0.01849241
21.38 -0.01761045
21.39 -0.01797723
21.4 -0.01879399
21.41 -0.01989501
21.42 -0.02059868
21.43 -0.02022207
21.44 -0.01831901
21.45 -0.01372753
21.46 -0.008040127
21.47 -0.003160578
21.48 0.0009944879
21.49 0.003920836
21.5 0.006572179
21.51 0.009877779
21.52 0.01304074
21.53 0.0148488
21.54 0.01555126
21.55 0.0153893
21.56 0.01505484
21.57 0.01551743
21.58 0.0148885
21.59 0.01240913
21.6 0.008923515
21.61 0.003975499
21.62 -0.001405128
21.63 -0.005735719
21.64 -0.008646873
21.65 -0.009521695
21.66 -0.007338363
21.67 -0.004538923
21.68 -0.00250439
21.69 -0.001290093
21.7 -0.002127618
21.71 -0.004223649
21.72 -0.005273595
21.73 -0.004433428
21.74 -0.002386193
21.75 0.001353582
21.76 0.005383743
21.77 0.008821187
21.78 0.01049697
21.79 0.01050086
21.8 0.01002901
21.81 0.006542149
21.82 0.001714635
21.83 -0.0003291147
21.84 0.00174262
21.85 0.006469953
21.86 0.01073296
21.87 0.01293103
21.88 0.01508861
21.89 0.01763002
21.9 0.01974608
21.91 0.02059414
21.92 0.01968815
21.93 0.01657168
21.94 0.01107648
21.95 0.005602667
21.96 0.00264541
21.97 0.001044833
21.98 -0.0002403839
21.99 -0.0011924
22 -0.002727234
22.01 -0.003422708
22.02 -0.002566841
22.03 -0.0008937709
22.04 0.001923373
22.05 0.005435826
22.06 0.006858538
22.07 0.006456374
22.08 0.005691735
22.09 0.006096411
22.1 0.006593065
22.11 0.006534074
22.12 0.006772201
22.13 0.007126016
22.14 0.006513321
22.15 0.006223682
22.16 0.007371122
22.17 0.008002842
22.18 0.007830964
22.19 0.007999463
22.2 0.009811995
22.21 0.01280632
22.22 0.01578575
22.23 0.01854441
22.24 0.01981004
22.25 0.01745027
22.26 0.01235879
22.27 0.003012184
22.28 -0.00543458
22.29 -0.007301493
22.3 -0.006589046
22.31 -0.005882576
22.32 -0.005331556
22.33 -0.00478709
22.34 -0.005374933
22.35 -0.006355258
22.36 -0.008056246
22.37 -0.01055399
22.38 -0.0129509
22.39 -0.01328131
22.4 -0.01228047
22.41 -0.01059742
22.42 -0.007743605
22.43 -0.004015208
22.44 -0.0001684507
22.45 0.004199225
22.46 0.007931346
22.47 0.0107003
22.48 0.01317301
22.49 0.0145594
22.5 0.01588681
22.51 0.01593089
22.52 0.01544099
22.53 0.01530523
22.54 0.01512417
22.55 0.01447419
22.56 0.0140494
22.57 0.01290831
22.58 0.01023216
22.59 0.006355208
22.6 0.002954379
22.61 0.0003492426
22.62 -0.001696022
22.63 -0.00338615
22.64 -0.005267247
22.65 -0.006746291
22.66 -0.007944673
22.67 -0.009148041
22.68 -0.01094994
22.69 -0.01287037
22.7 -0.01293756
22.71 -0.01123926
22.72 -0.008453018
22.73 -0.004441155
22.74 0.0003506892
22.75 0.00451583
22.76 0.006967138
22.77 0.009179028
22.78 0.009280992
22.79 0.008284426
22.8 0.00805315
22.81 0.007347827
22.82 0.005883132
22.83 0.004960615
22.84 0.004761969
22.85 0.005500418
22.86 0.006576181
22.87 0.005646141
22.88 0.004116967
22.89 0.003697636
22.9 0.002305131
22.91 -0.0006888297
22.92 -0.004746887
22.93 -0.008868317
22.94 -0.01248298
22.95 -0.01566423
22.96 -0.01777567
22.97 -0.01804222
22.98 -0.01692571
22.99 -0.01350761
23 -0.007037821
23.01 -9.330218e-05
23.02 0.006012208
23.03 0.01045121
23.04 0.01289792
23.05 0.01331663
23.06 0.01056037
23.07 0.008424001
23.08 0.008966768
23.09 0.007972068
23.1 0.00436548
23.11 0.0002064109
23.12 -0.003860216
23.13 -0.00729201
23.14 -0.01115837
23.15 -0.0144727
23.16 -0.01755443
23.17 -0.02065715
23.18 -0.02270748
23.19 -0.02378974
23.2 -0.02358542
23.21 -0.0215154
23.22 -0.01843846
23.23 -0.01542133
23.24 -0.01366732
23.25 -0.01314104
23.26 -0.01376822
23.27 -0.01408097
23.28 -0.01364042
23.29 -0.01219213
23.3 -0.01029773
23.31 -0.00836724
23.32 -0.005995739
23.33 -0.003965191
23.34 -0.002027776
23.35 -0.0007224117
23.36 -1.724955e-05
23.37 -0.0005804714
23.38 -0.001737125
23.39 -0.002447685
23.4 -0.00298246
23.41 -0.00280036
23.42 -0.00183752
23.43 -0.001946678
23.44 -0.003153851
23.45 -0.004875525
23.46 -0.006505648
23.47 -0.007919905
23.48 -0.008475664
23.49 -0.008859924
23.5 -0.009667801
23.51 -0.01004371
23.52 -0.009831695
23.53 -0.008681307
23.54 -0.00676953
23.55 -0.004013533
23.56 -0.001000302
23.57 0.002554645
23.58 0.006021294
23.59 0.008269422
23.6 0.009109617
23.61 0.008657446
23.62 0.008007563
23.63 0.007747011
23.64 0.007982422
23.65 0.008636714
23.66 0.008730893
23.67 0.006812009
23.68 0.003890487
23.69 0.001030143
23.7 -0.0008377088
23.71 -0.00142012
23.72 -0.001580586
23.73 -0.00199912
23.74 -0.002670596
23.75 -0.002876752
23.76 -0.00251004
23.77 -0.002032324
23.78 -0.001819281
23.79 -0.001495045
23.8 -0.0011699
23.81 -0.0007722801
23.82 0.0003179663
23.83 0.001904732
23.84 0.002968458
23.85 0.003186612
23.86 0.002904863
23.87 0.002797482
23.88 0.002963694
23.89 0.003140462
23.9 0.003081341
23.91 0.002978997
23.92 0.002397193
23.93 0.0013446
23.94 0.0003188199
23.95 -0.0007408036
23.96 -0.001714529
23.97 -0.002248002
23.98 -0.002143996
23.99 -0.001759187
24 -0.001323582
24.01 -0.001053734
24.02 -0.0009494072
24.03 -0.001229842
24.04 -0.002001806
24.05 -0.002820772
24.06 -0.003434709
24.07 -0.003749915
24.08 -0.003568081
24.09 -0.002898296
24.1 -0.002154962
24.11 -0.001418909
24.12 -0.0006401475
24.13 -6.782738e-05
24.14 0.0004218357
24.15 0.000914011
24.16 0.001301254
24.17 0.001580998
24.18 0.001736619
24.19 0.00185937
24.2 0.001844552
24.21 0.00163707
24.22 0.001360205
24.23 0.001091807
24.24 0.0009880376
24.25 0.001020038
24.26 0.001165993
24.27 0.00135254
24.28 0.001339106
24.29 0.001035094
24.3 0.0005709924
24.31 0.0002964573
24.32 0.0003479292
24.33 0.0005012469
24.34 0.0007119259
24.35 0.0009383505
24.36 0.00104512
24.37 0.001039623
24.38 0.0009940158
24.39 0.0008966384
24.4 0.0007407607
24.41 0.0006915316
24.42 0.0007822873
24.43 0.0009360642
24.44 0.001103934
24.45 0.001257377
24.46 0.001310979
24.47 0.001259704
24.48 0.001183781
24.49 0.00111457
24.5 0.001043722
24.51 0.00098466
24.52 0.0009504532
24.53 0.0009230916
24.54 0.0009017238
24.55 0.0008859415
24.56 0.0008452279
24.57 0.000799413
24.58 0.0007611792
24.59 0.0007232543
24.6 0.0006804336
24.61 0.000647868
24.62 0.0006286463
24.63 0.0006223024
24.64 0.0006234411
24.65 0.0006260644
24.66 0.0006204602
24.67 0.0006109542
24.68 0.0005973477
24.69 0.0005838573
24.7 0.0005763178
24.71 0.0005749115
24.72 0.0005779309
24.73 0.00058235
24.74 0.0005867344
24.75 0.0005906004
24.76 0.0005923901
24.77 0.0005910462
24.78 0.0005882418
24.79 0.0005845334
24.8 0.0005795818
24.81 0.0005742124
24.82 0.0005686845
24.83 0.0005632311
24.84 0.0005581108
24.85 0.0005530857
24.86 0.0005483632
24.87 0.0005442495
24.88 0.0005407918
24.89 0.0005378292
24.9 0.0005353492
24.91 0.0005333032
24.92 0.0005317113
24.93 0.0005306321
24.94 0.0005301148
24.95 0.000530172
24.96 0.0005308004
24.97 0.0005319902
24.98 0.0005337335
