0 0.0002425273
0.01 0.0002433816
0.02 0.0002423547
0.03 0.0002436292
0.04 0.0002474383
0.05 0.0002458863
0.06 0.0002401155
0.07 0.0002318418
0.08 0.0002292068
0.09 0.0002388895
0.1 0.0002422694
0.11 0.000238975
0.12 0.0002430082
0.13 0.0002426273
0.14 0.0002144672
0.15 0.0002064197
0.16 0.0001973331
0.17 0.000189133
0.18 0.0001631494
0.19 0.0001294219
0.2 6.873282e-05
0.21 0.0001107266
0.22 0.0002579016
0.23 0.0003484749
0.24 0.0003383472
0.25 0.0002410338
0.26 -6.802782e-05
0.27 -0.0003588043
0.28 -0.0002105092
0.29 0.0003344308
0.3 0.0006321635
0.31 0.0004299837
0.32 0.0001786704
0.33 -0.0002189736
0.34 -0.0005272844
0.35 -0.0001081866
0.36 0.0004358471
0.37 0.0005111903
0.38 0.0002244338
0.39 -3.879979e-05
0.4 -0.0002732437
0.41 -0.0003840005
0.42 0.0002997539
0.43 0.000795397
0.44 0.0006121999
0.45 0.0003549477
0.46 2.680964e-05
0.47 -0.0001058727
0.48 -9.247559e-05
0.49 0.0002005463
0.5 0.0003825877
0.51 -0.000195127
0.52 -0.00126048
0.53 -0.001225378
0.54 0.0002984545
0.55 0.001153578
0.56 0.0007392341
0.57 0.0004390376
0.58 0.001161592
0.59 0.001880683
0.6 0.00166939
0.61 0.000718364
0.62 0.0003949098
0.63 0.000868214
0.64 0.001333208
0.65 0.0006644055
0.66 -0.001069031
0.67 -0.002496604
0.68 -0.002057887
0.69 -0.0007665582
0.7 0.0001502347
0.71 0.0006263231
0.72 0.001252696
0.73 0.0003695666
0.74 -0.001748922
0.75 -0.003031205
0.76 -0.00267722
0.77 -0.001223458
0.78 -0.0003469048
0.79 -0.0001188596
0.8 0.000808172
0.81 0.002505146
0.82 0.004026416
0.83 0.004339692
0.84 0.003087669
0.85 0.0007164395
0.86 -0.0021147
0.87 -0.003279229
0.88 -0.002168448
0.89 0.0008596858
0.9 0.002976363
0.91 0.00158666
0.92 -0.001411614
0.93 -0.002985579
0.94 -0.003459464
0.95 -0.002931762
0.96 -0.000254902
0.97 0.00265439
0.98 0.005294123
0.99 0.006648679
1 0.004485157
1.01 0.0008349334
1.02 -0.001933608
1.03 -0.001987997
1.04 0.0003463217
1.05 0.002604786
1.06 0.003192066
1.07 0.002533461
1.08 0.001887754
1.09 -0.001212165
1.1 -0.006695197
1.11 -0.00899581
1.12 -0.006108224
1.13 -0.0004888937
1.14 0.002850747
1.15 0.002195871
1.16 -0.0009934784
1.17 -0.005729588
1.18 -0.006277543
1.19 -0.002688138
1.2 0.001260301
1.21 0.004916469
1.22 0.007478229
1.23 0.009572102
1.24 0.008290474
1.25 0.004395788
1.26 0.004055245
1.27 0.004755811
1.28 0.001160099
1.29 -0.003473254
1.3 -0.004120285
1.31 -0.001599996
1.32 0.001942408
1.33 0.002638974
1.34 -0.0008221008
1.35 -0.003669961
1.36 -0.002618909
1.37 0.0009216954
1.38 0.002495922
1.39 0.002128811
1.4 0.001961066
1.41 0.0003560343
1.42 -0.005511316
1.43 -0.009899466
1.44 -0.00691462
1.45 -0.003083733
1.46 -0.001831432
1.47 7.054969e-05
1.48 0.002812222
1.49 0.004220539
1.5 0.00424067
1.51 0.003571129
1.52 0.001984632
1.53 -0.0002945213
1.54 -0.001997452
1.55 -0.001157973
1.56 0.001164742
1.57 0.00260779
1.58 0.002621078
1.59 0.003977879
1.6 0.007945765
1.61 0.01084874
1.62 0.01108169
1.63 0.01012238
1.64 0.008556664
1.65 0.005435754
1.66 -0.001408894
1.67 -0.009377831
1.68 -0.01310057
1.69 -0.01312711
1.7 -0.01256355
1.71 -0.01026064
1.72 -0.00496222
1.73 -0.0006057204
1.74 0.0009019948
1.75 -0.0003327759
1.76 -0.00167192
1.77 -0.002206277
1.78 -0.006330135
1.79 -0.009563194
1.8 -0.003867042
1.81 0.003339059
1.82 0.007054797
1.83 0.00995613
1.84 0.01106878
1.85 0.009578659
1.86 0.006386854
1.87 0.00319174
1.88 0.002724788
1.89 0.004477149
1.9 0.006545759
1.91 0.007176442
1.92 0.005875092
1.93 0.002723629
1.94 -0.000524739
1.95 -0.0008499548
1.96 0.001045738
1.97 0.001578388
1.98 -0.001130775
1.99 -0.003621409
2 -0.0002831406
2.01 0.003869718
2.02 0.002137818
2.03 -0.0006717798
2.04 -0.002068399
2.05 -0.004722152
2.06 -0.01034694
2.07 -0.01535958
2.08 -0.01556768
2.09 -0.01172618
2.1 -0.004318741
2.11 0.002802382
2.12 0.005758479
2.13 0.007179631
2.14 0.007279871
2.15 0.003494913
2.16 0.0008173262
2.17 0.003706363
2.18 0.007529386
2.19 0.007072528
2.2 0.008503959
2.21 0.0109663
2.22 0.007115741
2.23 0.0002221388
2.24 -0.002526887
2.25 -0.002665336
2.26 -0.005381789
2.27 -0.005190702
2.28 -0.005969863
2.29 -0.0100632
2.3 -0.01337435
2.31 -0.01359478
2.32 -0.01028665
2.33 -0.004767104
2.34 0.002046218
2.35 0.007583271
2.36 0.006024369
2.37 0.001759478
2.38 0.003515738
2.39 0.005661721
2.4 0.001059028
2.41 -0.0048652
2.42 -0.006846761
2.43 -0.005543394
2.44 -0.003386415
2.45 -0.004203907
2.46 -0.009005937
2.47 -0.008434341
2.48 -0.002276296
2.49 0.001127042
2.5 -0.002093164
2.51 -0.00464379
2.52 0.0003553717
2.53 0.006878962
2.54 0.01070079
2.55 0.01167964
2.56 0.007353333
2.57 0.0008994429
2.58 0.002199224
2.59 0.01148585
2.6 0.01369506
2.61 0.00751684
2.62 0.0005288373
2.63 -0.005371383
2.64 -0.009691099
2.65 -0.00785106
2.66 -0.004584453
2.67 -0.01110648
2.68 -0.01614136
2.69 -0.009653039
2.7 -0.003609208
2.71 -0.006293933
2.72 -0.01153819
2.73 -0.01166369
2.74 -0.002738553
2.75 0.004446448
2.76 -0.002531593
2.77 -0.005139299
2.78 0.006007972
2.79 0.01605394
2.8 0.01743182
2.81 0.01196344
2.82 0.003210098
2.83 -0.0006754975
2.84 0.006157125
2.85 0.01269098
2.86 0.00694542
2.87 0.0001487979
2.88 0.002667327
2.89 0.003670233
2.9 -0.002245587
2.91 -0.009009139
2.92 -0.01374137
2.93 -0.01509841
2.94 -0.01169533
2.95 -0.00457995
2.96 0.00256758
2.97 0.005156725
2.98 0.0002460348
2.99 -0.007354897
3 -0.009053303
3.01 -0.004805609
3.02 0.0001545129
3.03 0.005749823
3.04 0.01054051
3.05 0.01155718
3.06 0.00987431
3.07 0.007096456
3.08 0.003053484
3.09 -0.003272613
3.1 -0.008471774
3.11 -0.009715488
3.12 -0.008125818
3.13 -0.004088078
3.14 0.001697706
3.15 0.003134396
3.16 -0.001880826
3.17 -0.008956796
3.18 -0.01470611
3.19 -0.01622787
3.2 -0.01148125
3.21 -0.001947968
3.22 0.008760507
3.23 0.01168583
3.24 0.008778317
3.25 0.009438252
3.26 0.006245251
3.27 -0.0007148952
3.28 -0.007192423
3.29 -0.008927199
3.3 -0.002863537
3.31 0.00327086
3.32 0.003922994
3.33 0.004294785
3.34 0.001022723
3.35 -0.003856929
3.36 -0.00368434
3.37 -0.004274993
3.38 -0.005853179
3.39 -0.006527568
3.4 -0.003842339
3.41 0.004023326
3.42 0.007157198
3.43 -0.001202522
3.44 -0.008178929
3.45 -0.004462664
3.46 -5.148422e-06
3.47 -0.004019562
3.48 -0.006256581
3.49 0.000682339
3.5 0.009851664
3.51 0.01413644
3.52 0.01028406
3.53 0.002572359
3.54 -7.697849e-05
3.55 -0.0003389878
3.56 -0.001861389
3.57 -0.00271443
3.58 -0.002521166
3.59 -8.8358e-05
3.6 0.003216669
3.61 0.006124995
3.62 0.009162432
3.63 0.01076482
3.64 0.008573818
3.65 0.0004293015
3.66 -0.008677273
3.67 -0.01227634
3.68 -0.01205726
3.69 -0.0137426
3.7 -0.01404692
3.71 -0.008030941
3.72 0.001749766
3.73 0.004692743
3.74 -0.00297046
3.75 -0.01116558
3.76 -0.01416165
3.77 -0.01373741
3.78 -0.01586913
3.79 -0.02103883
3.8 -0.02267741
3.81 -0.01589801
3.82 -0.001255181
3.83 0.009049176
3.84 0.00781719
3.85 0.00994831
3.86 0.01793229
3.87 0.02251651
3.88 0.02240207
3.89 0.02019822
3.9 0.01403813
3.91 0.003163612
3.92 -0.002644616
3.93 -0.003020132
3.94 -0.009890651
3.95 -0.01217693
3.96 -0.0008395008
3.97 0.01846014
3.98 0.03722097
3.99 0.04599673
4 0.04888059
4.01 0.05573648
4.02 0.07139463
4.03 0.08842788
4.04 0.0995321
4.05 0.107252
4.06 0.1134422
4.07 0.1138363
4.08 0.1090294
4.09 0.1000201
4.1 0.08403395
4.11 0.05392205
4.12 0.01011177
4.13 -0.02788711
4.14 -0.0396522
4.15 -0.03849121
4.16 -0.05884869
4.17 -0.1034853
4.18 -0.1396436
4.19 -0.152678
4.2 -0.1422441
4.21 -0.1159784
4.22 -0.09589456
4.23 -0.07779723
4.24 -0.05499818
4.25 -0.01167153
4.26 0.03706291
4.27 0.04203507
4.28 -0.001896426
4.29 -0.05577849
4.3 -0.09026068
4.31 -0.1140319
4.32 -0.1257445
4.33 -0.1236545
4.34 -0.1056428
4.35 -0.06009464
4.36 -0.0172304
4.37 -0.01132159
4.38 -0.03246304
4.39 -0.06206275
4.4 -0.09000265
4.41 -0.1042903
4.42 -0.103804
4.43 -0.0959579
4.44 -0.07195024
4.45 -0.02912166
4.46 0.02095718
4.47 0.07368928
4.48 0.1143546
4.49 0.1315885
4.5 0.1291881
4.51 0.1183137
4.52 0.1118764
4.53 0.1023128
4.54 0.07510063
4.55 0.04185692
4.56 0.0202327
4.57 0.01309653
4.58 0.01731027
4.59 0.03220872
4.6 0.04842486
4.61 0.05798456
4.62 0.05633771
4.63 0.03995269
4.64 0.01417651
4.65 -0.009812396
4.66 -0.01852725
4.67 -0.01632371
4.68 -0.01314327
4.69 -0.00623772
4.7 0.01033866
4.71 0.02043788
4.72 0.01121577
4.73 -0.01084316
4.74 -0.03270951
4.75 -0.03937344
4.76 -0.02853979
4.77 -0.00765465
4.78 0.01403277
4.79 0.02331154
4.8 0.02075835
4.81 0.01594462
4.82 0.01163248
4.83 0.00539909
4.84 -0.003988779
4.85 -0.01433439
4.86 -0.01896085
4.87 -0.01800635
4.88 -0.01751787
4.89 -0.02111145
4.9 -0.02738378
4.91 -0.03241225
4.92 -0.02921857
4.93 -0.01087181
4.94 0.01649695
4.95 0.04231141
4.96 0.05661893
4.97 0.05330118
4.98 0.03588473
4.99 0.01084635
5 -0.009439359
5.01 -0.01788145
5.02 -0.01845442
5.03 -0.01643197
5.04 -0.01146141
5.05 -0.001830232
5.06 0.00375663
5.07 0.001622689
5.08 0.002480984
5.09 0.0149422
5.1 0.03411681
5.11 0.0495338
5.12 0.05616646
5.13 0.04909355
5.14 0.02177151
5.15 -0.01312191
5.16 -0.04696601
5.17 -0.08271797
5.18 -0.1049922
5.19 -0.09789234
5.2 -0.06027035
5.21 -0.01115422
5.22 0.03595178
5.23 0.06848294
5.24 0.07586822
5.25 0.0664381
5.26 0.04867144
5.27 0.02519388
5.28 -0.004939046
5.29 -0.02539474
5.3 -0.0242916
5.31 -0.01615607
5.32 -0.01179463
5.33 -0.006614963
5.34 -0.0008744323
5.35 -0.00321892
5.36 -0.017368
5.37 -0.03224536
5.38 -0.03632746
5.39 -0.03117218
5.4 -0.02512403
5.41 -0.01851091
5.42 -0.003848395
5.43 0.01854546
5.44 0.04424997
5.45 0.06295077
5.46 0.07139508
5.47 0.07199691
5.48 0.0680734
5.49 0.06592879
5.5 0.06844971
5.51 0.07011901
5.52 0.06620475
5.53 0.04913399
5.54 0.01646351
5.55 -0.01683013
5.56 -0.0419637
5.57 -0.06872463
5.58 -0.09172884
5.59 -0.1017814
5.6 -0.1006767
5.61 -0.08879316
5.62 -0.06418618
5.63 -0.03248383
5.64 -0.00137661
5.65 0.02864462
5.66 0.04995452
5.67 0.05301818
5.68 0.04311826
5.69 0.02944003
5.7 0.02262416
5.71 0.02181917
5.72 0.01914723
5.73 0.01037018
5.74 -0.007705149
5.75 -0.03849486
5.76 -0.07353048
5.77 -0.09801613
5.78 -0.1049334
5.79 -0.09840325
5.8 -0.08221974
5.81 -0.06217911
5.82 -0.04263551
5.83 -0.01819573
5.84 0.007681294
5.85 0.02227251
5.86 0.02223684
5.87 0.01168244
5.88 -0.005032617
5.89 -0.02180201
5.9 -0.03388842
5.91 -0.03461863
5.92 -0.01453147
5.93 0.01462515
5.94 0.04866482
5.95 0.0801268
5.96 0.09080958
5.97 0.08424084
5.98 0.06294552
5.99 0.02386019
6 -0.01314923
6.01 -0.03820928
6.02 -0.04938732
6.03 -0.04373526
6.04 -0.02828424
6.05 -0.01794606
6.06 -0.01926634
6.07 -0.0237977
6.08 -0.02464687
6.09 -0.02353015
6.1 -0.02235458
6.11 -0.02017406
6.12 -0.01261413
6.13 -1.568846e-05
6.14 0.01136792
6.15 0.02353288
6.16 0.03446194
6.17 0.03640433
6.18 0.02557889
6.19 0.007190593
6.2 -0.004407084
6.21 -0.00295098
6.22 0.008260768
6.23 0.02654038
6.24 0.04700625
6.25 0.06408774
6.26 0.06721209
6.27 0.05219992
6.28 0.02728443
6.29 0.008762784
6.3 0.004906927
6.31 0.009747065
6.32 0.01839835
6.33 0.03219106
6.34 0.04826377
6.35 0.05591364
6.36 0.05455077
6.37 0.04794382
6.38 0.03595317
6.39 0.01745848
6.4 -0.00144956
6.41 -0.005225924
6.42 0.00521174
6.43 0.013836
6.44 0.01565318
6.45 0.01558713
6.46 0.01379466
6.47 0.009629119
6.48 -0.0006352944
6.49 -0.02029465
6.5 -0.04287611
6.51 -0.06421286
6.52 -0.08310206
6.53 -0.09961603
6.54 -0.1064854
6.55 -0.09358588
6.56 -0.05825277
6.57 -0.009751759
6.58 0.04247717
6.59 0.07967806
6.6 0.08982211
6.61 0.08153658
6.62 0.06155962
6.63 0.03998249
6.64 0.0222632
6.65 0.01353054
6.66 0.01415508
6.67 0.01908482
6.68 0.020337
6.69 0.01107243
6.7 5.877463e-09
6.71 -0.01119311
6.72 -0.03323435
6.73 -0.06814608
6.74 -0.09899797
6.75 -0.116018
6.76 -0.1145208
6.77 -0.09384124
6.78 -0.06749753
6.79 -0.04322313
6.8 -0.0156315
6.81 0.009850116
6.82 0.02338328
6.83 0.02993235
6.84 0.03625018
6.85 0.04209962
6.86 0.0458889
6.87 0.04686904
6.88 0.04630865
6.89 0.03841283
6.9 0.01978025
6.91 -0.0001592209
6.92 -0.01728176
6.93 -0.02918028
6.94 -0.03488233
6.95 -0.03621744
6.96 -0.03247469
6.97 -0.01907547
6.98 0.005013339
6.99 0.02560894
7 0.03856239
7.01 0.04511375
7.02 0.04241275
7.03 0.0299004
7.04 0.008714837
7.05 -0.01668109
7.06 -0.03703356
7.07 -0.04045988
7.08 -0.03228633
7.09 -0.02575336
7.1 -0.02653349
7.11 -0.03293141
7.12 -0.04098461
7.13 -0.04343154
7.14 -0.03583098
7.15 -0.01809879
7.16 0.004731926
7.17 0.02836028
7.18 0.05546895
7.19 0.0840916
7.2 0.1031334
7.21 0.1028782
7.22 0.08344879
7.23 0.05484709
7.24 0.02367385
7.25 -0.01460757
7.26 -0.0522948
7.27 -0.07040102
7.28 -0.06650108
7.29 -0.05075309
7.3 -0.02735757
7.31 -0.006409751
7.32 0.005623645
7.33 0.01070461
7.34 0.0123787
7.35 0.01552459
7.36 0.02779583
7.37 0.03771425
7.38 0.03149955
7.39 0.01686217
7.4 0.01217885
7.41 0.01764164
7.42 0.01890801
7.43 0.007519188
7.44 -0.009380104
7.45 -0.0189915
7.46 -0.02311309
7.47 -0.02382353
7.48 -0.01790329
7.49 -0.001713796
7.5 0.01265948
7.51 0.01419336
7.52 0.005267574
7.53 -0.003913869
7.54 -0.006504293
7.55 -0.002008169
7.56 0.008293878
7.57 0.02360028
7.58 0.03843258
7.59 0.04310254
7.6 0.03474031
7.61 0.01785001
7.62 0.001243066
7.63 -0.01315772
7.64 -0.02704263
7.65 -0.0389808
7.66 -0.04613085
7.67 -0.04827887
7.68 -0.04542012
7.69 -0.03834717
7.7 -0.0298025
7.71 -0.02023543
7.72 -0.002053965
7.73 0.02227447
7.74 0.03914176
7.75 0.04572502
7.76 0.05043478
7.77 0.05103654
7.78 0.03884363
7.79 0.02111117
7.8 0.006299358
7.81 -0.002446149
7.82 -0.002658337
7.83 0.003391393
7.84 0.006913544
7.85 0.004403736
7.86 -0.000614199
7.87 -0.004798134
7.88 -0.006275134
7.89 -0.004633269
7.9 0.002323288
7.91 0.008282834
7.92 0.004019347
7.93 -0.001598458
7.94 0.0008047849
7.95 0.00740433
7.96 0.01066908
7.97 0.006781815
7.98 -0.002419793
7.99 -0.01310612
8 -0.02227724
8.01 -0.0286088
8.02 -0.03053328
8.03 -0.02638375
8.04 -0.01213283
8.05 0.003482805
8.06 0.01061848
8.07 0.01855576
8.08 0.03132675
8.09 0.03989091
8.1 0.04287613
8.11 0.04494615
8.12 0.04768973
8.13 0.04853081
8.14 0.04550351
8.15 0.03153882
8.16 0.01113773
8.17 -0.0009484912
8.18 -0.006026377
8.19 -0.009023806
8.2 -0.01138383
8.21 -0.01402916
8.22 -0.01614457
8.23 -0.01631092
8.24 -0.01552393
8.25 -0.01299196
8.26 -0.009708888
8.27 -0.005321281
8.28 0.002302045
8.29 0.009045453
8.3 0.01018541
8.31 0.007004527
8.32 0.005858736
8.33 0.01357846
8.34 0.02675296
8.35 0.03927728
8.36 0.04997668
8.37 0.05788477
8.38 0.0619141
8.39 0.05841587
8.4 0.04770242
8.41 0.0298351
8.42 0.005187096
8.43 -0.01985981
8.44 -0.04116745
8.45 -0.05651075
8.46 -0.06507177
8.47 -0.06831315
8.48 -0.06977941
8.49 -0.07204476
8.5 -0.07278907
8.51 -0.07067775
8.52 -0.06640602
8.53 -0.06129225
8.54 -0.05550205
8.55 -0.04562833
8.56 -0.02612733
8.57 0.001972689
8.58 0.03208242
8.59 0.0604065
8.6 0.07762597
8.61 0.07008271
8.62 0.04227941
8.63 0.0151387
8.64 -0.007589865
8.65 -0.03147128
8.66 -0.05381852
8.67 -0.06572718
8.68 -0.06392426
8.69 -0.05000336
8.7 -0.0258394
8.71 -0.003200236
8.72 0.01280199
8.73 0.02511834
8.74 0.02972781
8.75 0.02255752
8.76 0.008694646
8.77 -0.00619793
8.78 -0.02722738
8.79 -0.05136344
8.8 -0.06287473
8.81 -0.05886165
8.82 -0.0446641
8.83 -0.02458879
8.84 -0.005730909
8.85 0.005826683
8.86 0.009855856
8.87 0.01161302
8.88 0.01115654
8.89 0.004427258
8.9 -0.006916122
8.91 -0.01031955
8.92 0.005643341
8.93 0.03514339
8.94 0.05224609
8.95 0.04863705
8.96 0.03206447
8.97 0.01832975
8.98 0.01950449
8.99 0.03102683
9 0.04156814
9.01 0.04592459
9.02 0.04366099
9.03 0.02969162
9.04 0.004248991
9.05 -0.02067398
9.06 -0.03696923
9.07 -0.04676744
9.08 -0.04871191
9.09 -0.03773366
9.1 -0.00634928
9.11 0.03498371
9.12 0.05344685
9.13 0.04875512
9.14 0.03810605
9.15 0.02318932
9.16 -0.002869505
9.17 -0.02838123
9.18 -0.03341593
9.19 -0.01879215
9.2 0.0007463411
9.21 0.01737598
9.22 0.02956172
9.23 0.03549268
9.24 0.03360622
9.25 0.02089469
9.26 -0.00404627
9.27 -0.01902153
9.28 -0.02012554
9.29 -0.02181313
9.3 -0.0318622
9.31 -0.05056785
9.32 -0.06681859
9.33 -0.07677906
9.34 -0.08741509
9.35 -0.0971172
9.36 -0.09662308
9.37 -0.07399555
9.38 -0.02658517
9.39 0.03009537
9.4 0.05609612
9.41 0.0427147
9.42 0.0119313
9.43 -0.003807259
9.44 -0.001576935
9.45 0.00289697
9.46 0.002917597
9.47 0.002546362
9.48 0.006285376
9.49 0.01492098
9.5 0.02512666
9.51 0.04420309
9.52 0.07146484
9.53 0.08876714
9.54 0.09014413
9.55 0.07769302
9.56 0.05703552
9.57 0.03781049
9.58 0.03067975
9.59 0.03975103
9.6 0.05269369
9.61 0.05619747
9.62 0.05206914
9.63 0.04327864
9.64 0.03558956
9.65 0.03721599
9.66 0.0449363
9.67 0.04624556
9.68 0.03628315
9.69 0.01815128
9.7 -0.0005282551
9.71 -0.01599158
9.72 -0.02763032
9.73 -0.03524755
9.74 -0.04037109
9.75 -0.04313358
9.76 -0.04235656
9.77 -0.03824287
9.78 -0.03289458
9.79 -0.02899741
9.8 -0.03044841
9.81 -0.03686121
9.82 -0.04745422
9.83 -0.06403596
9.84 -0.08052159
9.85 -0.09377605
9.86 -0.0991916
9.87 -0.09715755
9.88 -0.08934038
9.89 -0.0688155
9.9 -0.02997943
9.91 0.01380098
9.92 0.04688637
9.93 0.05199732
9.94 0.03146312
9.95 0.001815773
9.96 -0.01299416
9.97 -0.01288762
9.98 -0.008055574
9.99 -0.00196383
10 0.005079849
10.01 0.007101308
10.02 0.005370399
10.03 0.01527348
10.04 0.03983681
10.05 0.06614211
10.06 0.08893653
10.07 0.1034416
10.08 0.09992177
10.09 0.07567428
10.1 0.04601134
10.11 0.02941554
10.12 0.01979302
10.13 0.009242808
10.14 0.001415764
10.15 0.0008656912
10.16 0.003704111
10.17 0.004274833
10.18 -0.0003201492
10.19 -0.01939974
10.2 -0.05683354
10.21 -0.08718463
10.22 -0.1012998
10.23 -0.1060453
10.24 -0.103397
10.25 -0.08574649
10.26 -0.05519137
10.27 -0.03010744
10.28 -0.02737426
10.29 -0.03752276
10.3 -0.04838678
10.31 -0.0563272
10.32 -0.06085467
10.33 -0.06239568
10.34 -0.06014325
10.35 -0.0544727
10.36 -0.04496556
10.37 -0.03275424
10.38 -0.02151367
10.39 -0.01529256
10.4 -0.01587891
10.41 -0.02516115
10.42 -0.03672066
10.43 -0.03823848
10.44 -0.02645522
10.45 -0.006131175
10.46 0.0148646
10.47 0.03102655
10.48 0.03897696
10.49 0.03707507
10.5 0.0243595
10.51 0.004521597
10.52 -0.014454
10.53 -0.02646022
10.54 -0.02059343
10.55 9.913444e-05
10.56 0.02035622
10.57 0.02846888
10.58 0.0276357
10.59 0.03226093
10.6 0.04907589
10.61 0.06701273
10.62 0.07380536
10.63 0.07063693
10.64 0.06888703
10.65 0.07255948
10.66 0.077682
10.67 0.07886378
10.68 0.07445515
10.69 0.05832732
10.7 0.03520572
10.71 0.01659732
10.72 0.01031261
10.73 0.01168589
10.74 0.01520925
10.75 0.01901242
10.76 0.02249802
10.77 0.02429843
10.78 0.02426572
10.79 0.02372598
10.8 0.02091054
10.81 0.01400999
10.82 0.005059597
10.83 -0.001453574
10.84 -0.003993972
10.85 -0.005567382
10.86 -0.01027567
10.87 -0.01523964
10.88 -0.01193273
10.89 -0.0005545328
10.9 0.01136712
10.91 0.01540516
10.92 0.001870551
10.93 -0.02322901
10.94 -0.04537276
10.95 -0.063503
10.96 -0.07485973
10.97 -0.07465683
10.98 -0.0592736
10.99 -0.03897571
11 -0.02618519
11.01 -0.01829345
11.02 -0.01312048
11.03 -0.01160053
11.04 -0.01255071
11.05 -0.0139861
11.06 -0.01339026
11.07 -0.01001214
11.08 -0.003798835
11.09 0.01033523
11.1 0.03208047
11.11 0.04309362
11.12 0.03760964
11.13 0.02606444
11.14 0.01871327
11.15 0.01463146
11.16 0.009061733
11.17 0.005462574
11.18 0.009360066
11.19 0.01820842
11.2 0.02771632
11.21 0.0346226
11.22 0.03844315
11.23 0.03762681
11.24 0.029028
11.25 0.01634257
11.26 0.004998921
11.27 -0.003123829
11.28 -0.008559821
11.29 -0.01079359
11.3 -0.01067287
11.31 -0.01038836
11.32 -0.009359761
11.33 -0.005252556
11.34 0.000591196
11.35 0.004031855
11.36 0.002707602
11.37 -0.004613041
11.38 -0.01885699
11.39 -0.03307931
11.4 -0.03530097
11.41 -0.02408076
11.42 -0.00871205
11.43 0.007638133
11.44 0.02590115
11.45 0.03913023
11.46 0.04354864
11.47 0.0418302
11.48 0.03359624
11.49 0.01678227
11.5 -0.006456
11.51 -0.0258174
11.52 -0.03310475
11.53 -0.02776898
11.54 -0.01258215
11.55 0.001008061
11.56 0.006672744
11.57 0.008664254
11.58 0.0124015
11.59 0.01725262
11.6 0.02216339
11.61 0.02822023
11.62 0.03291099
11.63 0.03089247
11.64 0.01697431
11.65 -0.008019331
11.66 -0.03215639
11.67 -0.04540676
11.68 -0.04527588
11.69 -0.03675414
11.7 -0.02888561
11.71 -0.02521549
11.72 -0.02533187
11.73 -0.0281177
11.74 -0.02836647
11.75 -0.02445086
11.76 -0.01884183
11.77 -0.01098205
11.78 -0.001477905
11.79 0.007348196
11.8 0.01334951
11.81 0.01226685
11.82 -0.001112576
11.83 -0.02092146
11.84 -0.03279884
11.85 -0.03316546
11.86 -0.02240999
11.87 0.004047985
11.88 0.03765548
11.89 0.06051189
11.9 0.0670756
11.91 0.06420139
11.92 0.05812649
11.93 0.04994279
11.94 0.03831982
11.95 0.02609418
11.96 0.01477526
11.97 0.009565553
11.98 0.009730892
11.99 0.01103181
12 0.01292359
12.01 0.01524174
12.02 0.01615893
12.03 0.01494724
12.04 0.01460035
12.05 0.01697138
12.06 0.021766
12.07 0.02630542
12.08 0.0264166
12.09 0.01942987
12.1 0.009600742
12.11 0.002552317
12.12 -0.00150029
12.13 -0.006388778
12.14 -0.01231721
12.15 -0.01858831
12.16 -0.02586308
12.17 -0.03500504
12.18 -0.04407909
12.19 -0.05136429
12.2 -0.05558427
12.21 -0.05715445
12.22 -0.0584438
12.23 -0.0610723
12.24 -0.06446839
12.25 -0.06711215
12.26 -0.06399694
12.27 -0.04841268
12.28 -0.0243405
12.29 -0.005842767
12.3 0.002019573
12.31 0.003228602
12.32 -0.001311154
12.33 -0.009286271
12.34 -0.01513706
12.35 -0.01584223
12.36 -0.01118529
12.37 -0.004766754
12.38 0.0006098044
12.39 0.004730996
12.4 0.007692417
12.41 0.008412338
12.42 0.008152273
12.43 0.008970139
12.44 0.01348308
12.45 0.02154704
12.46 0.02898892
12.47 0.03524899
12.48 0.0410895
12.49 0.04373688
12.5 0.04187216
12.51 0.03761445
12.52 0.03407599
12.53 0.03398117
12.54 0.0357765
12.55 0.03490212
12.56 0.03052508
12.57 0.0203293
12.58 0.003334051
12.59 -0.01724487
12.6 -0.03078163
12.61 -0.03175281
12.62 -0.02218079
12.63 -0.008710503
12.64 0.00443804
12.65 0.01511764
12.66 0.01983408
12.67 0.01856202
12.68 0.01163415
12.69 0.00129401
12.7 -0.00958237
12.71 -0.01802279
12.72 -0.01997888
12.73 -0.01558548
12.74 -0.005573768
12.75 0.004065577
12.76 0.006742045
12.77 0.005187101
12.78 0.003913533
12.79 0.005294741
12.8 0.006273913
12.81 0.005084895
12.82 0.0004798227
12.83 -0.008525563
12.84 -0.01817122
12.85 -0.02414184
12.86 -0.02496985
12.87 -0.02006461
12.88 -0.01033389
12.89 -0.002193075
12.9 -0.0007135316
12.91 -0.003767836
12.92 -0.006199325
12.93 -0.00675158
12.94 -0.007654408
12.95 -0.007263188
12.96 -0.002719504
12.97 0.00417219
12.98 0.009336264
12.99 0.01230312
13 0.01293894
13.01 0.01043036
13.02 0.005611658
13.03 -0.0001854033
13.04 -0.006127497
13.05 -0.0102535
13.06 -0.01196234
13.07 -0.01182532
13.08 -0.0099632
13.09 -0.008920282
13.1 -0.008258701
13.11 -0.008502413
13.12 -0.009176061
13.13 -0.008046722
13.14 -0.006577644
13.15 -0.008240925
13.16 -0.01292927
13.17 -0.01792501
13.18 -0.02006821
13.19 -0.01796997
13.2 -0.01168276
13.21 -0.003154412
13.22 0.003466631
13.23 0.004533166
13.24 0.002065057
13.25 -0.001427213
13.26 -0.005579232
13.27 -0.009589181
13.28 -0.01236649
13.29 -0.01265233
13.3 -0.009834722
13.31 -0.006674125
13.32 -0.006263797
13.33 -0.008232405
13.34 -0.008803218
13.35 -0.003919577
13.36 0.006376498
13.37 0.01587596
13.38 0.02087751
13.39 0.02008826
13.4 0.01312584
13.41 0.003083103
13.42 -0.003487222
13.43 -0.004540324
13.44 -0.001470179
13.45 0.005263925
13.46 0.0127248
13.47 0.01949385
13.48 0.02190914
13.49 0.01614477
13.5 0.007608157
13.51 0.003930731
13.52 0.003712836
13.53 0.004972883
13.54 0.006918506
13.55 0.009719018
13.56 0.01206019
13.57 0.01425954
13.58 0.01686987
13.59 0.01823208
13.6 0.01467639
13.61 0.007132291
13.62 0.000625587
13.63 -0.001872562
13.64 0.0009360584
13.65 0.005212854
13.66 0.006760978
13.67 0.005944648
13.68 0.003401786
13.69 0.001705124
13.7 0.0006709842
13.71 -0.00125912
13.72 -0.003332076
13.73 -0.007028741
13.74 -0.01247296
13.75 -0.01822874
13.76 -0.02369188
13.77 -0.02890856
13.78 -0.03177063
13.79 -0.03016658
13.8 -0.0243477
13.81 -0.01853983
13.82 -0.01644686
13.83 -0.01534153
13.84 -0.01200162
13.85 -0.005916992
13.86 0.001297008
13.87 0.00841758
13.88 0.01207033
13.89 0.01080291
13.9 0.005832088
13.91 -6.260603e-05
13.92 -0.004787674
13.93 -0.00813453
13.94 -0.009110934
13.95 -0.007624899
13.96 -0.005084452
13.97 -0.003266915
13.98 0.0006180756
13.99 0.008411215
14 0.01762756
14.01 0.02665173
14.02 0.03449352
14.03 0.0412073
14.04 0.04703463
14.05 0.05058715
14.06 0.05047445
14.07 0.04605906
14.08 0.03614688
14.09 0.02513487
14.1 0.01852832
14.11 0.01488588
14.12 0.01170308
14.13 0.00873415
14.14 0.007298975
14.15 0.00700184
14.16 0.006339432
14.17 0.005072256
14.18 0.003611615
14.19 -0.0003730947
14.2 -0.008094604
14.21 -0.01553713
14.22 -0.01955691
14.23 -0.02106409
14.24 -0.02262952
14.25 -0.02382611
14.26 -0.02371819
14.27 -0.02160186
14.28 -0.01763742
14.29 -0.01511613
14.3 -0.0155977
14.31 -0.01848102
14.32 -0.02108119
14.33 -0.01990034
14.34 -0.01508045
14.35 -0.009923064
14.36 -0.007337964
14.37 -0.009495411
14.38 -0.01578565
14.39 -0.02483473
14.4 -0.03318746
14.41 -0.03592876
14.42 -0.03295535
14.43 -0.02676723
14.44 -0.01850529
14.45 -0.0104216
14.46 -0.002254437
14.47 0.004659119
14.48 0.008392341
14.49 0.01032169
14.5 0.0112801
14.51 0.01141347
14.52 0.01224929
14.53 0.0136035
14.54 0.01306471
14.55 0.01155931
14.56 0.01149367
14.57 0.01365323
14.58 0.01789123
14.59 0.02283998
14.6 0.02818169
14.61 0.03284065
14.62 0.0342478
14.63 0.03195106
14.64 0.02465814
14.65 0.01473642
14.66 0.006221232
14.67 0.001069633
14.68 -0.001390533
14.69 -0.003802451
14.7 -0.007251361
14.71 -0.01091116
14.72 -0.01250951
14.73 -0.01078131
14.74 -0.008320616
14.75 -0.008472914
14.76 -0.009329109
14.77 -0.009000295
14.78 -0.01030075
14.79 -0.012871
14.8 -0.01528161
14.81 -0.01636563
14.82 -0.01522671
14.83 -0.01265542
14.84 -0.0103577
14.85 -0.008309261
14.86 -0.00728898
14.87 -0.007604586
14.88 -0.00968365
14.89 -0.0131883
14.9 -0.01590176
14.91 -0.01641667
14.92 -0.01492288
14.93 -0.01193083
14.94 -0.009319326
14.95 -0.007323388
14.96 -0.006364166
14.97 -0.00491242
14.98 -0.00299783
14.99 -0.002275491
15 -0.002611553
15.01 -0.005050084
15.02 -0.00991859
15.03 -0.01448623
15.04 -0.01478086
15.05 -0.01017869
15.06 -0.0006642352
15.07 0.01178377
15.08 0.02484337
15.09 0.03462462
15.1 0.03743661
15.11 0.03485798
15.12 0.02901127
15.13 0.02211096
15.14 0.01903972
15.15 0.02259006
15.16 0.02915642
15.17 0.03299814
15.18 0.03328463
15.19 0.03129675
15.2 0.02696615
15.21 0.02021311
15.22 0.01386935
15.23 0.0104682
15.24 0.009579056
15.25 0.01035897
15.26 0.01201046
15.27 0.01306925
15.28 0.009971828
15.29 0.002548849
15.3 -0.006194922
15.31 -0.01334687
15.32 -0.01683066
15.33 -0.01723098
15.34 -0.01570421
15.35 -0.01386845
15.36 -0.01295743
15.37 -0.01241935
15.38 -0.009761172
15.39 -0.005858891
15.4 -0.004813512
15.41 -0.00691922
15.42 -0.00905882
15.43 -0.01115078
15.44 -0.01307836
15.45 -0.01488619
15.46 -0.01596274
15.47 -0.01499842
15.48 -0.01277708
15.49 -0.010679
15.5 -0.0082592
15.51 -0.00599791
15.52 -0.00456648
15.53 -0.002647298
15.54 0.002533381
15.55 0.01196501
15.56 0.01995999
15.57 0.02250293
15.58 0.02087175
15.59 0.0176543
15.6 0.01589366
15.61 0.01530007
15.62 0.01382822
15.63 0.0112616
15.64 0.009739467
15.65 0.01044722
15.66 0.01044722
15.67 0.007350256
15.68 0.001720529
15.69 -0.003683116
15.7 -0.00742216
15.71 -0.00960215
15.72 -0.007339019
15.73 -0.001294113
15.74 0.004878175
15.75 0.008848491
15.76 0.008197886
15.77 0.004541992
15.78 -0.0003743614
15.79 -0.003688052
15.8 -0.004074654
15.81 -0.004285257
15.82 -0.005740653
15.83 -0.007737363
15.84 -0.009500155
15.85 -0.01033306
15.86 -0.01098483
15.87 -0.01107038
15.88 -0.01056675
15.89 -0.0086925
15.9 -0.003939062
15.91 0.001668418
15.92 0.005503507
15.93 0.004815507
15.94 -0.001193714
15.95 -0.01023036
15.96 -0.0195795
15.97 -0.02450581
15.98 -0.02352511
15.99 -0.01848216
16 -0.01157044
16.01 -0.004732703
16.02 0.000505065
16.03 0.003905457
16.04 0.004280658
16.05 0.002449453
16.06 0.0001110797
16.07 -0.0009274963
16.08 -0.0003229477
16.09 0.0008191894
16.1 0.003079207
16.11 0.004524661
16.12 0.00406232
16.13 0.003921558
16.14 0.004112822
16.15 0.004444544
16.16 0.006373968
16.17 0.009918433
16.18 0.01382207
16.19 0.0170317
16.2 0.01687643
16.21 0.01431384
16.22 0.01216055
16.23 0.009594904
16.24 0.006027506
16.25 0.002754147
16.26 0.001000483
16.27 0.0009685831
16.28 0.0009355929
16.29 -0.0004226898
16.3 -0.001266827
16.31 -0.0002372387
16.32 0.001225972
16.33 0.001675322
16.34 0.001612315
16.35 0.003397747
16.36 0.006562877
16.37 0.007800489
16.38 0.005635343
16.39 0.001197797
16.4 -0.00508839
16.41 -0.009889226
16.42 -0.01091205
16.43 -0.01011013
16.44 -0.007418243
16.45 -0.003931432
16.46 -0.000279134
16.47 0.002769009
16.48 0.004310457
16.49 0.005649177
16.5 0.006935976
16.51 0.007680397
16.52 0.007408855
16.53 0.006502127
16.54 0.004584253
16.55 0.002657148
16.56 0.001216251
16.57 -0.0008682395
16.58 -0.001548416
16.59 -0.0008714648
16.6 -0.0003766711
16.61 -0.001550077
16.62 -0.0043696
16.63 -0.006550438
16.64 -0.006588688
16.65 -0.00652336
16.66 -0.007861946
16.67 -0.00966269
16.68 -0.01196339
16.69 -0.01342665
16.7 -0.01380715
16.71 -0.01377364
16.72 -0.01229663
16.73 -0.009015625
16.74 -0.003768046
16.75 0.002769131
16.76 0.006388593
16.77 0.005657591
16.78 0.003598752
16.79 0.002290018
16.8 0.002566348
16.81 0.003850348
16.82 0.005592844
16.83 0.007919802
16.84 0.009444177
16.85 0.0103227
16.86 0.01143888
16.87 0.01357947
16.88 0.01690877
16.89 0.02105873
16.9 0.02475541
16.91 0.02499255
16.92 0.02171006
16.93 0.01661306
16.94 0.00834845
16.95 -0.001690585
16.96 -0.01082796
16.97 -0.01744786
16.98 -0.02272289
16.99 -0.02521768
17 -0.02470541
17.01 -0.02249528
17.02 -0.01797715
17.03 -0.009689746
17.04 0.000347522
17.05 0.009380657
17.06 0.01806554
17.07 0.02667187
17.08 0.03124647
17.09 0.02956156
17.1 0.02393062
17.11 0.01544786
17.12 0.005172216
17.13 -0.004271443
17.14 -0.01027871
17.15 -0.01163079
17.16 -0.01090364
17.17 -0.01044573
17.18 -0.01024275
17.19 -0.009451308
17.2 -0.008470663
17.21 -0.008260481
17.22 -0.009900197
17.23 -0.01364637
17.24 -0.02021848
17.25 -0.02711545
17.26 -0.03246157
17.27 -0.03512795
17.28 -0.03505111
17.29 -0.03158812
17.3 -0.02402051
17.31 -0.01719537
17.32 -0.01351191
17.33 -0.01102166
17.34 -0.008781776
17.35 -0.006800753
17.36 -0.005448276
17.37 -0.006159859
17.38 -0.008765162
17.39 -0.01064963
17.4 -0.01202107
17.41 -0.01299481
17.42 -0.01252445
17.43 -0.01060529
17.44 -0.006288861
17.45 -0.0007376501
17.46 0.005360256
17.47 0.01078901
17.48 0.0142831
17.49 0.01522081
17.5 0.01487482
17.51 0.01427257
17.52 0.01514414
17.53 0.01739741
17.54 0.02064488
17.55 0.02431649
17.56 0.02797814
17.57 0.03094131
17.58 0.03195925
17.59 0.03042502
17.6 0.02802552
17.61 0.02528834
17.62 0.02099634
17.63 0.01477259
17.64 0.009153621
17.65 0.004354106
17.66 -0.001473966
17.67 -0.007040972
17.68 -0.009205501
17.69 -0.0086967
17.7 -0.006629418
17.71 -0.003652984
17.72 -0.001241689
17.73 -0.000990458
17.74 -0.003509809
17.75 -0.007205016
17.76 -0.009439868
17.77 -0.00827002
17.78 -0.00525979
17.79 -0.00193881
17.8 -0.0005780308
17.81 -0.002322371
17.82 -0.00623048
17.83 -0.01020032
17.84 -0.01221805
17.85 -0.01302037
17.86 -0.0118699
17.87 -0.008834742
17.88 -0.004626317
17.89 -0.002150981
17.9 -0.002566215
17.91 -0.005778962
17.92 -0.009824031
17.93 -0.01232564
17.94 -0.01318766
17.95 -0.01092634
17.96 -0.00646811
17.97 -0.002774976
17.98 -0.001613334
17.99 -0.0026179
18 -0.005030112
18.01 -0.006290556
18.02 -0.005495705
18.03 -0.003378545
18.04 -0.0005602122
18.05 0.001962654
18.06 0.004185672
18.07 0.007639585
18.08 0.01083574
18.09 0.01245694
18.1 0.01161344
18.11 0.008436064
18.12 0.00455338
18.13 0.0005636143
18.14 -0.001459328
18.15 -0.002580575
18.16 -0.004793096
18.17 -0.006410496
18.18 -0.006871563
18.19 -0.005878633
18.2 -0.005007312
18.21 -0.004017058
18.22 -0.00126301
18.23 0.002642314
18.24 0.00485337
18.25 0.004721965
18.26 0.004463437
18.27 0.004128206
18.28 0.002519941
18.29 0.0002540542
18.3 -0.00276725
18.31 -0.005597378
18.32 -0.005701529
18.33 -0.003680202
18.34 -0.0009966105
18.35 0.0006006997
18.36 0.001521096
18.37 0.003278605
18.38 0.00549819
18.39 0.006848881
18.4 0.007260049
18.41 0.006721127
18.42 0.005437364
18.43 0.002555558
18.44 -0.002447911
18.45 -0.008493796
18.46 -0.01395875
18.47 -0.01768958
18.48 -0.01939482
18.49 -0.01912543
18.5 -0.01656768
18.51 -0.01275955
18.52 -0.006989705
18.53 -0.00195619
18.54 0.0006008047
18.55 -0.0003595679
18.56 -0.003284663
18.57 -0.004795912
18.58 -0.004668656
18.59 -0.003636253
18.6 -0.003045185
18.61 -0.003398662
18.62 -0.00458775
18.63 -0.004377726
18.64 -0.002647372
18.65 0.0001235249
18.66 0.003606841
18.67 0.006368958
18.68 0.007186662
18.69 0.006036274
18.7 0.003481508
18.71 0.0006955835
18.72 -0.00195075
18.73 -0.002884685
18.74 -0.002253406
18.75 0.0006201253
18.76 0.007212663
18.77 0.01440637
18.78 0.01999476
18.79 0.02260087
18.8 0.02062377
18.81 0.01434888
18.82 0.004823963
18.83 -0.003522701
18.84 -0.007230394
18.85 -0.007111383
18.86 -0.005874358
18.87 -0.00379875
18.88 -0.00265765
18.89 -0.003991694
18.9 -0.006279802
18.91 -0.00860891
18.92 -0.01019394
18.93 -0.00845665
18.94 -0.002672626
18.95 0.003000768
18.96 0.005261524
18.97 0.002849537
18.98 -0.00304342
18.99 -0.009022917
19 -0.01225719
19.01 -0.01172827
19.02 -0.009924098
19.03 -0.008811595
19.04 -0.006701794
19.05 -0.004303905
19.06 -0.002110847
19.07 0.0002090866
19.08 0.00281573
19.09 0.005083558
19.1 0.007469841
19.11 0.008642171
19.12 0.007944922
19.13 0.00497015
19.14 0.0002585335
19.15 -0.003727182
19.16 -0.005169866
19.17 -0.004001373
19.18 -0.001016083
19.19 0.00244138
19.2 0.004621707
19.21 0.00527197
19.22 0.005445255
19.23 0.005068317
19.24 0.004757167
19.25 0.006632136
19.26 0.008496968
19.27 0.008550056
19.28 0.006007037
19.29 0.00246572
19.3 -0.0001204386
19.31 -0.002124545
19.32 -0.003910615
19.33 -0.004419534
19.34 -0.00534749
19.35 -0.007259897
19.36 -0.008273021
19.37 -0.008101254
19.38 -0.007800605
19.39 -0.007127443
19.4 -0.005904753
19.41 -0.004101794
19.42 -0.001386606
19.43 0.002271235
19.44 0.006350944
19.45 0.009117963
19.46 0.0101569
19.47 0.01164038
19.48 0.01154752
19.49 0.00831237
19.5 0.003473165
19.51 -0.0003303728
19.52 -0.002763165
19.53 -0.00316438
19.54 -0.0008034587
19.55 0.004064792
19.56 0.008993944
19.57 0.01205576
19.58 0.01329164
19.59 0.0130305
19.6 0.01331505
19.61 0.01397764
19.62 0.01407792
19.63 0.0133576
19.64 0.01068701
19.65 0.006837756
19.66 0.002227828
19.67 -0.001554481
19.68 -0.002756933
19.69 -0.002367662
19.7 -0.001532383
19.71 0.0002178923
19.72 0.002261372
19.73 0.004591425
19.74 0.006720463
19.75 0.008881174
19.76 0.009763185
19.77 0.008017037
19.78 0.004670455
19.79 0.001806429
19.8 0.0006235721
19.81 0.001372778
19.82 0.003872151
19.83 0.006256969
19.84 0.006975995
19.85 0.006421994
19.86 0.004959553
19.87 0.003794214
19.88 0.002868309
19.89 0.0027357
19.9 0.003099618
19.91 0.002729104
19.92 0.000977134
19.93 -0.001236614
19.94 -0.003508654
19.95 -0.005601579
19.96 -0.007771327
19.97 -0.009106963
19.98 -0.008664943
19.99 -0.00738232
20 -0.006620339
20.01 -0.006547194
20.02 -0.007442485
20.03 -0.008710343
20.04 -0.009208267
20.05 -0.009018781
20.06 -0.008915043
20.07 -0.008736069
20.08 -0.007882628
20.09 -0.006973172
20.1 -0.005778716
20.11 -0.003626677
20.12 0.0004337023
20.13 0.006260879
20.14 0.01240655
20.15 0.01710906
20.16 0.01849154
20.17 0.01709509
20.18 0.0141925
20.19 0.01090456
20.2 0.008252311
20.21 0.006842124
20.22 0.006040573
20.23 0.006111481
20.24 0.006346129
20.25 0.007626153
20.26 0.009162931
20.27 0.01029127
20.28 0.01009123
20.29 0.009174729
20.3 0.008797274
20.31 0.00709044
20.32 0.003909136
20.33 0.0005166734
20.34 -0.002441176
20.35 -0.003940597
20.36 -0.005213914
20.37 -0.005859668
20.38 -0.004675225
20.39 -0.001711076
20.4 0.0006665886
20.41 0.001301751
20.42 -0.0004711162
20.43 -0.00301397
20.44 -0.006078229
20.45 -0.009773559
20.46 -0.01372077
20.47 -0.01596079
20.48 -0.01619602
20.49 -0.01551327
20.5 -0.01476005
20.51 -0.01318805
20.52 -0.01019021
20.53 -0.007715884
20.54 -0.006300559
20.55 -0.005796791
20.56 -0.006037919
20.57 -0.006229214
20.58 -0.006144448
20.59 -0.005937797
20.6 -0.004768848
20.61 -0.002401333
20.62 -0.001320385
20.63 -0.001334463
20.64 0.0001989603
20.65 0.003122726
20.66 0.006502853
20.67 0.009616569
20.68 0.01348385
20.69 0.01641158
20.7 0.01730352
20.71 0.01492926
20.72 0.01041458
20.73 0.0069064
20.74 0.005495208
20.75 0.006432924
20.76 0.008100009
20.77 0.009505783
20.78 0.00982466
20.79 0.009204786
20.8 0.007887304
20.81 0.006230812
20.82 0.003116627
20.83 -8.495484e-05
20.84 -0.002310637
20.85 -0.003993373
20.86 -0.00400693
20.87 -0.001823182
20.88 -0.0001659693
20.89 -0.001961908
20.9 -0.006139728
20.91 -0.008624534
20.92 -0.008591293
20.93 -0.00783509
20.94 -0.007037835
20.95 -0.006272212
20.96 -0.004852997
20.97 -0.003797319
20.98 -0.002978204
20.99 -0.0006383937
21 0.003070248
21.01 0.004998564
21.02 0.004812525
21.03 0.003078299
21.04 -0.0009094535
21.05 -0.005855018
21.06 -0.01013931
21.07 -0.01301633
21.08 -0.01481842
21.09 -0.01568237
21.1 -0.01511627
21.11 -0.01422178
21.12 -0.01279176
21.13 -0.0108108
21.14 -0.008355442
21.15 -0.006015475
21.16 -0.004760885
21.17 -0.004908645
21.18 -0.005806376
21.19 -0.005985089
21.2 -0.004853212
21.21 -0.003700872
21.22 -0.004322476
21.23 -0.006072008
21.24 -0.008130143
21.25 -0.01068308
21.26 -0.01261775
21.27 -0.01252017
21.28 -0.01107148
21.29 -0.009162084
21.3 -0.005743312
21.31 -0.001919351
21.32 0.000863974
21.33 0.003073282
21.34 0.003665395
21.35 0.003208648
21.36 0.003824075
21.37 0.0052494
21.38 0.006043331
21.39 0.006649095
21.4 0.007076589
21.41 0.007655288
21.42 0.007618884
21.43 0.006997676
21.44 0.006358509
21.45 0.006059498
21.46 0.005784862
21.47 0.004824187
21.48 0.003318724
21.49 0.001968462
21.5 0.0009099379
21.51 0.002234353
21.52 0.005739903
21.53 0.009336101
21.54 0.01189531
21.55 0.01309637
21.56 0.01257385
21.57 0.01061985
21.58 0.006712061
21.59 0.0009863047
21.6 -0.003985464
21.61 -0.005818204
21.62 -0.005818808
21.63 -0.00584744
21.64 -0.007219218
21.65 -0.00819874
21.66 -0.007404235
21.67 -0.005351875
21.68 -0.003827417
21.69 -0.001642877
21.7 0.001193424
21.71 0.004244364
21.72 0.00634073
21.73 0.007760245
21.74 0.008719141
21.75 0.009535474
21.76 0.0113068
21.77 0.01245612
21.78 0.009913648
21.79 0.005649248
21.8 0.00314947
21.81 0.001442592
21.82 0.001533225
21.83 0.003886667
21.84 0.005474828
21.85 0.005377737
21.86 0.005198761
21.87 0.004853724
21.88 0.003931701
21.89 0.002263195
21.9 1.359455e-05
21.91 -0.002843792
21.92 -0.006923105
21.93 -0.01054923
21.94 -0.01133141
21.95 -0.009311821
21.96 -0.004709864
21.97 0.0007361833
21.98 0.004829198
21.99 0.0062216
22 0.005625949
22.01 0.003337043
22.02 0.0007177429
22.03 -0.002210488
22.04 -0.004367805
22.05 -0.00574429
22.06 -0.007179127
22.07 -0.007995879
22.08 -0.008401635
22.09 -0.008890346
22.1 -0.009071469
22.11 -0.01001578
22.12 -0.01166862
22.13 -0.0113138
22.14 -0.008966771
22.15 -0.005499823
22.16 -0.002028039
22.17 -0.000723464
22.18 -0.001321283
22.19 -0.002188017
22.2 -0.002185785
22.21 -0.001226263
22.22 0.0001368653
22.23 0.0009063774
22.24 0.0008040667
22.25 0.0001651721
22.26 -0.001689501
22.27 -0.003220751
22.28 -0.003537903
22.29 -0.003433209
22.3 -0.003330777
22.31 -0.003103591
22.32 -0.003336812
22.33 -0.003504878
22.34 -0.003458793
22.35 -0.003352669
22.36 -0.002291627
22.37 -2.609934e-05
22.38 0.002399824
22.39 0.005419309
22.4 0.007979112
22.41 0.009033744
22.42 0.00872613
22.43 0.00644711
22.44 0.004751735
22.45 0.003552101
22.46 0.001469814
22.47 0.001570481
22.48 0.003915685
22.49 0.005424152
22.5 0.005280042
22.51 0.005031936
22.52 0.0043427
22.53 0.002771862
22.54 0.001468021
22.55 0.0005863234
22.56 -0.000745272
22.57 -0.002317291
22.58 -0.003350433
22.59 -0.003314385
22.6 -0.002339182
22.61 -0.0002128892
22.62 0.001548895
22.63 0.002928266
22.64 0.004409907
22.65 0.0052216
22.66 0.003502395
22.67 0.0006260012
22.68 -0.001604497
22.69 -0.002993071
22.7 -0.00241657
22.71 -0.0009050933
22.72 0.0001748428
22.73 0.001441701
22.74 0.003519391
22.75 0.004820564
22.76 0.003397615
22.77 0.0003277213
22.78 -0.002393572
22.79 -0.002912249
22.8 -0.001744361
22.81 -0.0004675953
22.82 0.0008612286
22.83 0.001429854
22.84 0.001445148
22.85 0.001650016
22.86 0.002611591
22.87 0.005175101
22.88 0.008523683
22.89 0.01061599
22.9 0.01171199
22.91 0.01194213
22.92 0.0109505
22.93 0.009203719
22.94 0.007034262
22.95 0.004562029
22.96 0.001967423
22.97 8.08251e-05
22.98 -0.0006806289
22.99 0.0005170766
23 0.001685421
23.01 0.001687313
23.02 0.00150425
23.03 0.001499946
23.04 0.000671491
23.05 -0.001292152
23.06 -0.003177065
23.07 -0.00443535
23.08 -0.004667618
23.09 -0.004444438
23.1 -0.003897705
23.11 -0.004064871
23.12 -0.004484118
23.13 -0.003765288
23.14 -0.002204652
23.15 -0.0003905488
23.16 0.001241062
23.17 0.0006208351
23.18 -0.002095017
23.19 -0.004426427
23.2 -0.006076364
23.21 -0.006661946
23.22 -0.005247183
23.23 -0.001844881
23.24 0.0009625202
23.25 0.001704369
23.26 -0.0001795919
23.27 -0.002385395
23.28 -0.00246418
23.29 -0.001814376
23.3 0.0004271812
23.31 0.003588231
23.32 0.00555147
23.33 0.005370917
23.34 0.003743416
23.35 0.002025065
23.36 0.0009842855
23.37 0.001086701
23.38 0.002171235
23.39 0.002438954
23.4 0.002251119
23.41 0.002630156
23.42 0.003025147
23.43 0.002839396
23.44 0.001646314
23.45 -0.0002888643
23.46 -0.001880721
23.47 -0.001604598
23.48 0.0001615381
23.49 0.002075766
23.5 0.002573697
23.51 0.001086463
23.52 -0.001416246
23.53 -0.003796477
23.54 -0.005989101
23.55 -0.007655498
23.56 -0.008205055
23.57 -0.007313234
23.58 -0.005845679
23.59 -0.005292541
23.6 -0.005438135
23.61 -0.005778618
23.62 -0.005377979
23.63 -0.004639717
23.64 -0.003577611
23.65 -0.002150468
23.66 -0.0006803941
23.67 0.001230509
23.68 0.003358157
23.69 0.005893665
23.7 0.007039199
23.71 0.006819345
23.72 0.006344065
23.73 0.006375644
23.74 0.006853882
23.75 0.007175777
23.76 0.008391058
23.77 0.00923512
23.78 0.0094936
23.79 0.01068439
23.8 0.01201735
23.81 0.01219191
23.82 0.01009937
23.83 0.006188935
23.84 0.002332454
23.85 -0.0008165371
23.86 -0.003883321
23.87 -0.005836449
23.88 -0.005839388
23.89 -0.00550629
23.9 -0.004514309
23.91 -0.002981587
23.92 -0.001489472
23.93 -0.0001467452
23.94 0.001158418
23.95 0.002659117
23.96 0.003144676
23.97 0.0029292
23.98 0.001937918
23.99 -0.0003626756
24 -0.002350195
24.01 -0.003256826
24.02 -0.003412577
24.03 -0.003323665
24.04 -0.002838349
24.05 -0.002818037
24.06 -0.004543103
24.07 -0.005680681
24.08 -0.005388884
24.09 -0.00321481
24.1 -0.0003918483
24.11 0.0009678285
24.12 0.001238793
24.13 0.002488198
24.14 0.0035628
24.15 0.004608286
24.16 0.006037982
24.17 0.005465607
24.18 0.003395888
24.19 0.002763618
24.2 0.002578908
24.21 0.00230314
24.22 0.001109204
24.23 -0.0005654643
24.24 -0.001188103
24.25 -0.001083776
24.26 -0.0008249524
24.27 0.0005159743
24.28 0.002504872
24.29 0.004452655
24.3 0.006875461
24.31 0.007883353
24.32 0.007595946
24.33 0.007183377
24.34 0.00717937
24.35 0.006656652
24.36 0.004212236
24.37 0.001255223
24.38 -0.001467619
24.39 -0.004682743
24.4 -0.008296882
24.41 -0.0110934
24.42 -0.01306625
24.43 -0.0139425
24.44 -0.01336334
24.45 -0.01068552
24.46 -0.008063186
24.47 -0.005500685
24.48 -0.003407053
24.49 -0.001667707
24.5 -0.001081108
24.51 -0.00177166
24.52 -0.002865976
24.53 -0.002325114
24.54 -0.001218547
24.55 -0.001220146
24.56 -0.001442536
24.57 -0.001405592
24.58 -0.001357047
24.59 -0.001320753
24.6 -0.001101474
24.61 7.821383e-05
24.62 0.0005719266
24.63 -0.0009124312
24.64 -0.002650395
24.65 -0.002922233
24.66 -0.001562855
24.67 -0.000562786
24.68 0.00155945
24.69 0.003998864
24.7 0.005973279
24.71 0.006897985
24.72 0.005733392
24.73 0.004021598
24.74 0.002506226
24.75 0.0008568513
24.76 -0.0008756844
24.77 -0.001690228
24.78 -0.001619953
24.79 -0.001633542
24.8 -0.00192108
24.81 -0.003181938
24.82 -0.006462509
24.83 -0.009968852
24.84 -0.01197044
24.85 -0.01214331
24.86 -0.01118248
24.87 -0.009928446
24.88 -0.009480748
24.89 -0.009711434
24.9 -0.01006884
24.91 -0.01136869
24.92 -0.01356957
24.93 -0.01447342
24.94 -0.01423798
24.95 -0.01398925
24.96 -0.01313958
24.97 -0.01289378
24.98 -0.01238518
24.99 -0.01157351
25 -0.01019661
25.01 -0.008239155
25.02 -0.00543655
25.03 -0.00256208
25.04 0.0003484296
25.05 0.00322707
25.06 0.005507357
25.07 0.0075136
25.08 0.009719404
25.09 0.0109849
25.1 0.01182828
25.11 0.01173701
25.12 0.01065061
25.13 0.01026768
25.14 0.009506848
25.15 0.007492313
25.16 0.004863443
25.17 0.001829183
25.18 -0.0003115076
25.19 -0.001028811
25.2 0.00104313
25.21 0.00450344
25.22 0.007853174
25.23 0.01023737
25.24 0.01073778
25.25 0.01092856
25.26 0.0105752
25.27 0.01028297
25.28 0.009962523
25.29 0.008737943
25.3 0.007349524
25.31 0.005210681
25.32 0.002252571
25.33 -5.975521e-05
25.34 -0.0005524896
25.35 -0.0001392669
25.36 0.001044924
25.37 0.001922324
25.38 0.002618616
25.39 0.003454936
25.4 0.003385106
25.41 0.002408793
25.42 0.001139115
25.43 -0.0005117761
25.44 -0.002844103
25.45 -0.005320711
25.46 -0.007920478
25.47 -0.009177349
25.48 -0.008722453
25.49 -0.007515589
25.5 -0.006842873
25.51 -0.006894197
25.52 -0.0069853
25.53 -0.007001565
25.54 -0.00701945
25.55 -0.006115313
25.56 -0.004121206
25.57 -0.002048467
25.58 0.0001345858
25.59 0.001424729
25.6 0.001700239
25.61 0.001607016
25.62 0.000535909
25.63 -0.002292005
25.64 -0.004520155
25.65 -0.004413657
25.66 -0.002826251
25.67 0.0003681973
25.68 0.004798544
25.69 0.007992129
25.7 0.009412512
25.71 0.009278085
25.72 0.007986191
25.73 0.006854792
25.74 0.006458396
25.75 0.005879039
25.76 0.005083631
25.77 0.004186347
25.78 0.001932839
25.79 0.0004758293
25.8 0.0002050452
25.81 -0.001362618
25.82 -0.003323954
25.83 -0.004140758
25.84 -0.005107761
25.85 -0.005790927
25.86 -0.004827206
25.87 -0.002828033
25.88 -0.0003384898
25.89 0.002442158
25.9 0.005741813
25.91 0.008612714
25.92 0.01012607
25.93 0.01196953
25.94 0.01284665
25.95 0.01122652
25.96 0.00819992
25.97 0.004109237
25.98 -0.001121199
25.99 -0.005773559
26 -0.00870639
26.01 -0.0107281
26.02 -0.01230431
26.03 -0.01174647
26.04 -0.009535061
26.05 -0.007677828
26.06 -0.005960276
26.07 -0.003752542
26.08 -0.0009906422
26.09 0.0001694308
26.1 -0.0001138001
26.11 -0.0002197062
26.12 -0.0007596368
26.13 -0.002097899
26.14 -0.002536638
26.15 -0.002162032
26.16 -0.001251172
26.17 -0.001964924
26.18 -0.003938738
26.19 -0.005312101
26.2 -0.007248967
26.21 -0.009006728
26.22 -0.009099136
26.23 -0.008199715
26.24 -0.006455214
26.25 -0.00477291
26.26 -0.003471529
26.27 -0.002096252
26.28 -0.0007614407
26.29 -0.0005013647
26.3 0.0001090205
26.31 0.001744969
26.32 0.003219998
26.33 0.003514398
26.34 0.00313981
26.35 0.001744669
26.36 -0.000278748
26.37 -0.00138389
26.38 -0.00303684
26.39 -0.005149282
26.4 -0.005552454
26.41 -0.00515844
26.42 -0.003928222
26.43 -0.001508522
26.44 0.001269389
26.45 0.003082335
26.46 0.003139809
26.47 0.002314645
26.48 0.0001215139
26.49 -0.001923783
26.5 -0.003944655
26.51 -0.005775584
26.52 -0.006746912
26.53 -0.006739634
26.54 -0.00578961
26.55 -0.00357518
26.56 -0.000308062
26.57 0.002333123
26.58 0.003957732
26.59 0.005249953
26.6 0.006103576
26.61 0.006625265
26.62 0.006713797
26.63 0.006314932
26.64 0.005188443
26.65 0.00355395
26.66 0.0009621567
26.67 -0.002286939
26.68 -0.004132762
26.69 -0.003693281
26.7 -0.002090438
26.71 -9.359369e-06
26.72 0.003139308
26.73 0.006496005
26.74 0.009553236
26.75 0.01080293
26.76 0.0110217
26.77 0.01070554
26.78 0.008067513
26.79 0.004405227
26.8 0.001933655
26.81 0.001648216
26.82 0.0009107903
26.83 -0.0003173716
26.84 -0.0004472926
26.85 -0.0002903634
26.86 -0.0003393744
26.87 -0.0001782725
26.88 0.0007739417
26.89 0.001659963
26.9 0.001734441
26.91 0.001068564
26.92 -0.0008420331
26.93 -0.002668404
26.94 -0.004215
26.95 -0.006296204
26.96 -0.007253032
26.97 -0.007103228
26.98 -0.006678616
26.99 -0.004888312
27 -0.002707396
27.01 -0.001372284
27.02 0.0003679392
27.03 0.001563214
27.04 0.001454952
27.05 0.001242236
27.06 0.001190593
27.07 9.683812e-05
27.08 -0.001315291
27.09 -0.002583055
27.1 -0.003065549
27.11 -0.003309244
27.12 -0.004554667
27.13 -0.004403413
27.14 -0.0030275
27.15 -0.002060854
27.16 -0.0002041299
27.17 0.001241717
27.18 0.0009738291
27.19 0.0007235559
27.2 0.001046752
27.21 0.001177992
27.22 0.001121232
27.23 0.001108199
27.24 0.001076668
27.25 0.001042908
27.26 0.0006496064
27.27 -0.0006862942
27.28 -0.001158839
27.29 0.0001974823
27.3 0.001816282
27.31 0.002883685
27.32 0.002648537
27.33 0.001657402
27.34 0.001684665
27.35 0.003059296
27.36 0.004616208
27.37 0.005884365
27.38 0.007101504
27.39 0.00845622
27.4 0.008765446
27.41 0.007200498
27.42 0.005097092
27.43 0.002989323
27.44 0.00112637
27.45 3.640156e-05
27.46 -0.001174991
27.47 -0.001836876
27.48 -0.002295184
27.49 -0.003314238
27.5 -0.005354026
27.51 -0.007663111
27.52 -0.009663374
27.53 -0.01111234
27.54 -0.01194583
27.55 -0.01239469
27.56 -0.01139012
27.57 -0.01016111
27.58 -0.008530524
27.59 -0.006056163
27.6 -0.0030896
27.61 -0.0003119385
27.62 0.001754267
27.63 0.002570906
27.64 0.002399309
27.65 0.001484943
27.66 0.000922921
27.67 -0.0001357978
27.68 -0.001152233
27.69 -0.001045914
27.7 -0.000267529
27.71 0.000937067
27.72 0.001417646
27.73 0.001285475
27.74 0.001453642
27.75 0.002461078
27.76 0.004097174
27.77 0.004957357
27.78 0.005195056
27.79 0.005160541
27.8 0.005926459
27.81 0.006553679
27.82 0.006389278
27.83 0.006449516
27.84 0.006883657
27.85 0.007003863
27.86 0.006224361
27.87 0.005040609
27.88 0.003974479
27.89 0.00338576
27.9 0.002484969
27.91 0.002159079
27.92 0.002374047
27.93 0.003274472
27.94 0.003878615
27.95 0.004030388
27.96 0.004850196
27.97 0.005134147
27.98 0.004021045
27.99 0.00327301
28 0.003349614
28.01 0.003399841
28.02 0.003295211
28.03 0.003224278
28.04 0.0031828
28.05 0.003127615
28.06 0.002805725
28.07 0.001561975
28.08 0.0002905718
28.09 2.45021e-05
28.1 0.000185005
28.11 0.0001959317
28.12 0.0001824628
28.13 0.0007970611
28.14 0.002128483
28.15 0.003071744
28.16 0.003749077
28.17 0.004221371
28.18 0.004104572
28.19 0.003703624
28.2 0.003227258
28.21 0.002580016
28.22 0.002243669
28.23 0.001850426
28.24 0.001304361
28.25 0.001336833
28.26 0.001995823
28.27 0.002200456
28.28 0.002023402
28.29 0.001954813
28.3 0.002419355
28.31 0.003492682
28.32 0.004243363
28.33 0.004264632
28.34 0.004032528
28.35 0.003876597
28.36 0.003352005
28.37 0.002297256
28.38 0.001242333
28.39 0.0002154704
28.4 -0.0009279282
28.41 -0.001761736
28.42 -0.002586894
28.43 -0.003201339
28.44 -0.003365576
28.45 -0.003257596
28.46 -0.003432893
28.47 -0.004228347
28.48 -0.004458083
28.49 -0.003977688
28.5 -0.003320663
28.51 -0.002683124
28.52 -0.002188635
28.53 -0.001769865
28.54 -0.001420319
28.55 -0.0007830617
28.56 -0.0001014364
28.57 0.0003523459
28.58 0.0003428289
28.59 0.0002297034
28.6 1.63641e-05
28.61 -0.0003751706
28.62 -0.0007122864
28.63 -0.0008939026
28.64 -0.001253582
28.65 -0.001707198
28.66 -0.001977917
28.67 -0.001977628
28.68 -0.001449049
28.69 -0.0006924245
28.7 -0.0002591368
28.71 0.0001275654
28.72 0.0002788766
28.73 0.0001267024
28.74 6.247115e-05
28.75 6.380528e-05
28.76 1.512982e-05
28.77 -0.0001367952
28.78 -0.0004234995
28.79 -0.0007114784
28.8 -0.0007456518
28.81 -0.000711715
28.82 -0.0006594394
28.83 -0.0006402606
28.84 -0.0007195868
28.85 -0.0007490413
28.86 -0.0007355976
28.87 -0.0007274082
28.88 -0.0007362596
28.89 -0.0006680865
28.9 -0.0005259293
28.91 -0.0005056656
28.92 -0.0005544071
28.93 -0.0006701938
28.94 -0.000798289
28.95 -0.0009014224
28.96 -0.00117054
28.97 -0.001471569
28.98 -0.001545055
28.99 -0.001475035
29 -0.001560804
29.01 -0.00164095
29.02 -0.001533262
29.03 -0.001249702
29.04 -0.0009192688
29.05 -0.0006175242
29.06 -0.0005412874
29.07 -0.0005834764
29.08 -0.0006087815
29.09 -0.0007311101
29.1 -0.0009718506
29.11 -0.001117298
29.12 -0.001210999
29.13 -0.001289026
29.14 -0.001269324
29.15 -0.001111359
29.16 -0.0008831766
29.17 -0.00074966
29.18 -0.0007316634
29.19 -0.0007445193
29.2 -0.0006328199
29.21 -0.0005045128
29.22 -0.0004063067
29.23 -0.000401328
29.24 -0.0005219333
29.25 -0.0006622272
29.26 -0.0007290602
29.27 -0.000758907
29.28 -0.0007618786
29.29 -0.0006899358
29.3 -0.0005409947
29.31 -0.0003916792
29.32 -0.0003062993
29.33 -0.0003060638
29.34 -0.0003194371
29.35 -0.000320384
29.36 -0.0003199107
29.37 -0.000319874
29.38 -0.000319547
29.39 -0.0003018699
29.4 -0.0002666357
29.41 -0.0002370975
29.42 -0.0002240651
29.43 -0.0002322727
29.44 -0.0002470099
29.45 -0.0002674733
29.46 -0.0003018338
29.47 -0.0003314589
29.48 -0.0003473183
29.49 -0.0003735939
29.5 -0.0003822967
29.51 -0.0003730954
29.52 -0.0003562385
29.53 -0.0003332747
29.54 -0.0003214929
29.55 -0.0003207057
29.56 -0.0003134581
29.57 -0.0003027031
29.58 -0.0002865887
29.59 -0.0002633753
29.6 -0.0002440618
29.61 -0.0002263579
29.62 -0.0002065269
29.63 -0.0001883171
29.64 -0.0001752696
29.65 -0.000164742
29.66 -0.0001543883
29.67 -0.0001471321
29.68 -0.0001403594
29.69 -0.0001284476
29.7 -0.0001150089
29.71 -0.0001027948
29.72 -9.119531e-05
29.73 -7.97639e-05
29.74 -6.863734e-05
29.75 -5.793121e-05
29.76 -4.755699e-05
29.77 -3.754048e-05
29.78 -2.822697e-05
29.79 -1.882505e-05
29.8 -9.11061e-06
29.81 4.604526e-07
29.82 9.516343e-06
29.83 1.81762e-05
29.84 2.641505e-05
29.85 3.43888e-05
29.86 4.222774e-05
29.87 4.99478e-05
29.88 5.752973e-05
29.89 6.491642e-05
29.9 7.212606e-05
29.91 7.920219e-05
29.92 8.613618e-05
29.93 9.293239e-05
29.94 9.9595e-05
29.95 0.0001061208
29.96 0.0001125062
29.97 0.0001187488
29.98 0.000124847
