0 -0.0007470377
0.02 -0.0004265283
0.04 0.0015117
0.06 0.004715747
0.08 0.004765952
0.1 0.004127657
0.12 0.0003181808
0.14 -0.002119397
0.16 -0.001494936
0.18 -0.001242776
0.2 0.0009035224
0.22 0.0007619597
0.24 0.000529616
0.26 0.000160591
0.28 -0.0003930551
0.3 -0.001801462
0.32 -0.001143351
0.34 0.00150478
0.36 -0.0006665915
0.38 -0.001321224
0.4 0.001650244
0.42 0.0008813692
0.44 0.001313034
0.46 0.002395457
0.48 0.00188974
0.5 0.00219288
0.52 -0.001017879
0.54 -0.00206318
0.56 -0.001623363
0.58 -0.002402446
0.6 -0.00200649
0.62 -0.002630536
0.64 -0.003650342
0.66 -0.00146123
0.68 0.002550621
0.7 0.002732371
0.72 0.0004110397
0.74 0.0002674075
0.76 0.0003236943
0.78 0.00016374
0.8 -0.001485416
0.82 -0.002395072
0.84 -0.002171509
0.86 -0.003849228
0.88 -0.004915968
0.9 -0.002079168
0.92 0.0009381701
0.94 0.003170108
0.96 0.003178443
0.98 0.0003266986
1 0.0004054127
1.02 0.001627546
1.04 0.002344778
1.06 0.002630549
1.08 0.004008739
1.1 0.003888548
1.12 0.002717755
1.14 0.0002964428
1.16 -0.002431891
1.18 -0.003519046
1.2 -0.003605582
1.22 -0.002817979
1.24 -0.001258238
1.26 0.001896784
1.28 0.002875123
1.3 0.001505422
1.32 -0.0001172393
1.34 0.001059997
1.36 0.0008255538
1.38 -0.00217411
1.4 -0.001120297
1.42 0.0004771763
1.44 -0.0008772314
1.46 -0.00266208
1.48 -0.001728629
1.5 0.0002013597
1.52 0.001232728
1.54 0.003168836
1.56 -0.001772918
1.58 -0.005666111
1.6 -0.003052727
1.62 -0.002599703
1.64 -0.00399186
1.66 -0.002294438
1.68 0.001911163
1.7 0.004237923
1.72 0.001377982
1.74 -0.0007852995
1.76 0.001317058
1.78 0.001567095
1.8 -0.0004697097
1.82 -0.002219894
1.84 -0.002177941
1.86 -0.001573967
1.88 0.0001418043
1.9 0.001498536
1.92 0.002998066
1.94 0.006548815
1.96 0.005260684
1.98 0.000905412
2 -0.002131001
2.02 -0.001331194
2.04 -0.00103017
2.06 -0.002255065
2.08 -8.642146e-05
2.1 -0.0009400387
2.12 -0.004821017
2.14 -0.005138116
2.16 -0.0009121355
2.18 -0.000740656
2.2 -0.0001530175
2.22 0.002680661
2.24 0.002679757
2.26 0.001946494
2.28 0.002115929
2.3 0.002014043
2.32 0.001944797
2.34 0.001294149
2.36 -0.001176178
2.38 -0.001534086
2.4 0.001106804
2.42 0.0007397138
2.44 -0.001696957
2.46 -0.003314569
2.48 -0.003269581
2.5 -0.003428595
2.52 -0.007262669
2.54 -0.005879444
2.56 -0.0001826397
2.58 0.003995384
2.6 0.003969986
2.62 0.005785689
2.64 0.00629375
2.66 0.00410187
2.68 0.00159787
2.7 -0.001638491
2.72 -0.001897472
2.74 -0.001288434
2.76 -0.0002285578
2.78 -0.001587101
2.8 -0.0006455462
2.82 0.001159949
2.84 0.003129663
2.86 0.003819276
2.88 0.002493368
2.9 0.0002953599
2.92 -0.001069309
2.94 0.001020762
2.96 0.001365611
2.98 0.00088018
3 0.0008537482
3.02 -0.0004568641
3.04 -0.001433937
3.06 -0.0004719911
3.08 -0.003093306
3.1 -0.005021021
3.12 -0.004129457
3.14 -0.002475953
3.16 -0.00272169
3.18 -0.002494148
3.2 -0.0007406868
3.22 -0.001099646
3.24 -0.0008476259
3.26 0.002669413
3.28 0.006911672
3.3 0.00447599
3.32 -0.000400552
3.34 0.001004065
3.36 0.001229561
3.38 -0.0003421834
3.4 -0.003300108
3.42 -0.005900014
3.44 -0.003609021
3.46 -0.001721948
3.48 0.0004986647
3.5 0.0008557365
3.52 -0.002301092
3.54 -0.003509722
3.56 -0.001826651
3.58 0.001950478
3.6 0.004672925
3.62 0.002001613
3.64 -0.002272119
3.66 -0.002293472
3.68 -8.102559e-05
3.7 0.00064324
3.72 -0.003143955
3.74 -0.005799971
3.76 -0.005292967
3.78 -0.002133963
3.8 0.00318948
3.82 0.002267461
3.84 -0.001907337
3.86 -0.001148396
3.88 0.003856804
3.9 0.004987024
3.92 0.005043183
3.94 0.006468181
3.96 0.002942099
3.98 -0.001280643
4 0.001896715
4.02 0.004548771
4.04 0.003836866
4.06 0.004203101
4.08 -0.0002970835
4.1 -0.0006927893
4.12 -0.0006968156
4.14 -0.005361223
4.16 -0.00875267
4.18 -0.008650618
4.2 -0.003664807
4.22 0.002186984
4.24 0.005021615
4.26 0.004754424
4.28 0.002337074
4.3 0.001876083
4.32 0.007074051
4.34 0.008487819
4.36 0.001672227
4.38 -0.006274547
4.4 -0.006608041
4.42 -0.005035155
4.44 -0.0009520494
4.46 -0.001649685
4.48 -0.0042129
4.5 4.462331e-05
4.52 0.003831927
4.54 0.005500689
4.56 0.004226751
4.58 0.005269233
4.6 0.003894314
4.62 0.0003610756
4.64 -0.002014464
4.66 -0.002956904
4.68 -0.003212884
4.7 -0.002139806
4.72 -0.001542048
4.74 -0.002911869
4.76 -0.001599092
4.78 -0.001456255
4.8 0.001944461
4.82 0.004048757
4.84 0.004984133
4.86 0.007392388
4.88 0.008379783
4.9 0.01168462
4.92 0.009899651
4.94 0.008676704
4.96 0.007141637
4.98 0.00323201
5 0.001663282
5.02 -0.004320006
5.04 -0.01031146
5.06 -0.01828375
5.08 -0.02688435
5.1 -0.03045024
5.12 -0.03124275
5.14 -0.02905584
5.16 -0.02228097
5.18 -0.01396998
5.2 -0.001797281
5.22 0.01054984
5.24 0.02504305
5.26 0.03478102
5.28 0.04009729
5.3 0.04046349
5.32 0.03205157
5.34 0.02029916
5.36 0.004328027
5.38 -0.01124021
5.4 -0.02041712
5.42 -0.01685118
5.44 -0.009620378
5.46 0.001144724
5.48 0.01292574
5.5 0.01353981
5.52 0.002911429
5.54 -0.01105439
5.56 -0.02299653
5.58 -0.02521195
5.6 -0.01869617
5.62 -0.01713249
5.64 -0.01496803
5.66 -0.006623391
5.68 0.001308147
5.7 0.004049925
5.72 0.001239842
5.74 -0.00119182
5.76 0.002668897
5.78 0.01057289
5.8 0.01578919
5.82 0.02067806
5.84 0.02098408
5.86 0.02099021
5.88 0.01814647
5.9 0.01582802
5.92 0.01726726
5.94 0.01652981
5.96 0.01693885
5.98 0.0105149
6 0.006428793
6.02 0.001907145
6.04 -0.005574542
6.06 -0.009427071
6.08 -0.01680981
6.1 -0.01994427
6.12 -0.0223229
6.14 -0.02411706
6.16 -0.01884366
6.18 -0.0111712
6.2 -0.005710117
6.22 -0.008456968
6.24 -0.01411999
6.26 -0.01587439
6.28 -0.01088862
6.3 -0.003203934
6.32 0.005635393
6.34 0.00991226
6.36 0.01087514
6.38 0.01089454
6.4 0.007131761
6.42 -0.002649013
6.44 -0.01197894
6.46 -0.01609464
6.48 -0.01211868
6.5 -0.003491512
6.52 -0.0007721866
6.54 0.004211537
6.56 0.007649961
6.58 0.01161165
6.6 0.009736889
6.62 0.002846793
6.64 0.005124455
6.66 0.01363024
6.68 0.02130574
6.7 0.02567746
6.72 0.02387512
6.74 0.01292134
6.76 -0.002408232
6.78 -0.01457072
6.8 -0.02387923
6.82 -0.02901799
6.84 -0.02738599
6.86 -0.02318665
6.88 -0.02177701
6.9 -0.02021641
6.92 -0.01308763
6.94 -0.005283611
6.96 0.001646267
6.98 0.005548786
7 0.006865604
7.02 0.003602622
7.04 0.0006497199
7.06 0.006131197
7.08 0.01341604
7.1 0.01954113
7.12 0.01956255
7.14 0.01663209
7.16 0.01511637
7.18 0.01306819
7.2 0.01407697
7.22 0.01209205
7.24 0.008928004
7.26 0.005691539
7.28 0.004965295
7.3 0.00239897
7.32 -0.001420935
7.34 -0.002674522
7.36 -0.006673947
7.38 -0.01304284
7.4 -0.02060716
7.42 -0.02501153
7.44 -0.03075107
7.46 -0.02739528
7.48 -0.01827139
7.5 -0.006478155
7.52 0.005824058
7.54 0.01069149
7.56 0.01174208
7.58 0.01012537
7.6 0.009690845
7.62 0.004845837
7.64 -0.0002398921
7.66 -0.0008111012
7.68 -0.00100491
7.7 7.118025e-05
7.72 0.00641557
7.74 0.01823226
7.76 0.02790491
7.78 0.02618518
7.8 0.01894827
7.82 0.007377379
7.84 -0.003726351
7.86 -0.0107868
7.88 -0.01690273
7.9 -0.02043705
7.92 -0.02374288
7.94 -0.02236486
7.96 -0.01491582
7.98 -0.008841731
8 -0.002600363
8.02 0.004177525
8.04 0.009595752
8.06 0.0163053
8.08 0.01314431
8.1 0.001951833
8.12 -0.005802219
8.14 -0.01387452
8.16 -0.02217834
8.18 -0.02380424
8.2 -0.01626645
8.22 -0.007166028
8.24 0.002186338
8.26 0.0100648
8.28 0.01216191
8.3 0.008476635
8.32 0.00219648
8.34 0.003630585
8.36 0.00945783
8.38 0.01358371
8.4 0.00630804
8.42 -0.008837955
8.44 -0.02183583
8.46 -0.02309759
8.48 -0.01429807
8.5 -0.005228239
8.52 0.002954185
8.54 0.007046408
8.56 0.008852812
8.58 0.008817095
8.6 0.007815438
8.62 0.004656481
8.64 -0.001048395
8.66 -0.006125973
8.68 -0.01053953
8.7 -0.01174722
8.72 -0.001122925
8.74 0.0168872
8.76 0.03066024
8.78 0.02961064
8.8 0.01628738
8.82 0.002390886
8.84 -0.009166752
8.86 -0.01513989
8.88 -0.01202075
8.9 0.001741072
8.92 0.01950538
8.94 0.03404341
8.96 0.03588245
8.98 0.02816613
9 0.01579046
9.02 0.001822558
9.04 -0.004220962
9.06 -0.00505024
9.08 -0.00422202
9.1 -0.00848666
9.12 -0.0118078
9.14 -0.017529
9.16 -0.01943642
9.18 -0.0142477
9.2 -0.00987702
9.22 -0.00435272
9.24 -0.001244801
9.26 0.001408199
9.28 0.005422898
9.3 0.005285177
9.32 -0.005402403
9.34 -0.01978748
9.36 -0.03151444
9.38 -0.03158689
9.4 -0.01938261
9.42 -0.004456969
9.44 0.009249769
9.46 0.01898768
9.48 0.02410602
9.5 0.02231081
9.52 0.01502187
9.54 0.009235381
9.56 0.0069781
9.58 0.004952357
9.6 0.006280376
9.62 0.01063371
9.64 0.009452531
9.66 0.004524889
9.68 -0.000863793
9.7 -0.006727796
9.72 -0.0109445
9.74 -0.01105774
9.76 -0.01278054
9.78 -0.01939935
9.8 -0.02690045
9.82 -0.02485741
9.84 -0.01277043
9.86 0.002853902
9.88 0.01854556
9.9 0.03003176
9.92 0.03519294
9.94 0.03411579
9.96 0.03134749
9.98 0.02699207
10 0.02626579
10.02 0.02531003
10.04 0.02082099
10.06 0.01287823
10.08 0.003554386
10.1 -0.0006317175
10.12 0.003933779
10.14 0.008503355
10.16 0.005653451
10.18 0.001625448
10.2 -0.001926217
10.22 -0.008628661
10.24 -0.02196213
10.26 -0.03700919
10.28 -0.05120251
10.3 -0.06208186
10.32 -0.07232982
10.34 -0.07991456
10.36 -0.07766854
10.38 -0.05977064
10.4 -0.03552424
10.42 -0.001335903
10.44 0.04736193
10.46 0.08221428
10.48 0.1009517
10.5 0.1145615
10.52 0.1157314
10.54 0.1089922
10.56 0.08775582
10.58 0.042478
10.6 -0.006220905
10.62 -0.03878545
10.64 -0.05140287
10.66 -0.05437416
10.68 -0.05284214
10.7 -0.05485055
10.72 -0.05618677
10.74 -0.05366332
10.76 -0.05252094
10.78 -0.05000871
10.8 -0.03987402
10.82 -0.03096128
10.84 -0.02779522
10.86 -0.03384487
10.88 -0.0376495
10.9 -0.03410502
10.92 -0.02235159
10.94 -0.001782292
10.96 0.01907363
10.98 0.03308839
11 0.03085457
11.02 0.02378901
11.04 0.02356356
11.06 0.02573002
11.08 0.02269141
11.1 0.02081356
11.12 0.02253734
11.14 0.02602674
11.16 0.02865321
11.18 0.03775566
11.2 0.04489665
11.22 0.05401441
11.24 0.05693363
11.26 0.04161728
11.28 0.01330512
11.3 -0.01444298
11.32 -0.02984502
11.34 -0.03823454
11.36 -0.04895579
11.38 -0.05512783
11.4 -0.05868561
11.42 -0.07375308
11.44 -0.09138992
11.46 -0.102511
11.48 -0.09087182
11.5 -0.06550853
11.52 -0.02254309
11.54 0.03169334
11.56 0.06808692
11.58 0.08460375
11.6 0.08833897
11.62 0.08631628
11.64 0.08337458
11.66 0.07352032
11.68 0.04727264
11.7 0.01362995
11.72 -0.009179307
11.74 -0.02213333
11.76 -0.03245168
11.78 -0.0389338
11.8 -0.03182341
11.82 -0.01386328
11.84 0.006120539
11.86 0.02005065
11.88 0.01982725
11.9 0.0128545
11.92 0.007380137
11.94 0.01014737
11.96 0.007388246
11.98 -0.005799359
12 -0.02234378
12.02 -0.04033967
12.04 -0.05286529
12.06 -0.06212284
12.08 -0.0616047
12.1 -0.05155773
12.12 -0.0299664
12.14 0.001667856
12.16 0.02908543
12.18 0.04605106
12.2 0.05584814
12.22 0.06478331
12.24 0.07190084
12.26 0.06781062
12.28 0.05808387
12.3 0.0486407
12.32 0.03257567
12.34 0.009203363
12.36 -0.01704636
12.38 -0.03721179
12.4 -0.04814417
12.42 -0.04952834
12.44 -0.03890404
12.46 -0.02099287
12.48 -0.004684112
12.5 0.007629302
12.52 0.011134
12.54 0.01175923
12.56 0.01569538
12.58 0.01724474
12.6 0.0160044
12.62 0.01388482
12.64 0.01256287
12.66 0.009311083
12.68 -0.003087042
12.7 -0.0196947
12.72 -0.03522015
12.74 -0.03823019
12.76 -0.02621054
12.78 -0.01196219
12.8 0.0001625303
12.82 0.009688285
12.84 0.01645596
12.86 0.01771359
12.88 0.01826029
12.9 0.02443943
12.92 0.03072872
12.94 0.03297677
12.96 0.03013402
12.98 0.02283487
13 0.01472074
13.02 0.003694522
13.04 -0.004632783
13.06 -0.006124047
13.08 -0.00750005
13.1 -0.007104315
13.12 -0.01144138
13.14 -0.0230847
13.16 -0.03747897
13.18 -0.04909781
13.2 -0.05204461
13.22 -0.04870516
13.24 -0.03990258
13.26 -0.02838273
13.28 -0.01376105
13.3 -0.0002542338
13.32 0.0114176
13.34 0.02247846
13.36 0.02343009
13.38 0.01434799
13.4 0.002482308
13.42 -0.001504895
13.44 0.0006595215
13.46 -0.0001228418
13.48 0.001372455
13.5 0.006034852
13.52 0.01071867
13.54 0.01392246
13.56 0.01694572
13.58 0.0173486
13.6 0.01413762
13.62 0.007004733
13.64 3.810994e-05
13.66 -0.000257713
13.68 0.006056064
13.7 0.01098978
13.72 0.01440064
13.74 0.007465636
13.76 -0.006181986
13.78 -0.01892793
13.8 -0.02999699
13.82 -0.03491137
13.84 -0.03503583
13.86 -0.02547948
13.88 -0.01236026
13.9 0.001630036
13.92 0.01447283
13.94 0.02680665
13.96 0.03266448
13.98 0.03449129
14 0.03249513
14.02 0.02134038
14.04 0.006513641
14.06 -0.007489961
14.08 -0.01002163
14.1 -0.005025684
14.12 -0.003677266
14.14 -0.005122628
14.16 -0.009886049
14.18 -0.01559297
14.2 -0.01721275
14.22 -0.01523397
14.24 -0.01033392
14.26 -0.001844477
14.28 0.007663942
14.3 0.01292916
14.32 0.008580879
14.34 0.0009675784
14.36 -0.004380302
14.38 -0.006216324
14.4 -0.01052584
14.42 -0.01689067
14.44 -0.01809021
14.46 -0.01442027
14.48 -0.009953708
14.5 -0.008705248
14.52 -0.007565929
14.54 -0.008268729
14.56 -0.00878283
14.58 -0.00107573
14.6 0.01404779
14.62 0.03157953
14.64 0.04080439
14.66 0.04010567
14.68 0.03598179
14.7 0.03159883
14.72 0.02542169
14.74 0.01260333
14.76 -0.002231572
14.78 -0.01688389
14.8 -0.02854863
14.82 -0.03579677
14.84 -0.03266029
14.86 -0.02337729
14.88 -0.01632503
14.9 -0.01074565
14.92 -0.005679329
14.94 -3.160836e-05
14.96 -0.001704427
14.98 -0.007028847
15 -0.01002767
15.02 -0.006164945
15.04 0.002372436
15.06 0.01179211
15.08 0.02003165
15.1 0.02282439
15.12 0.0221165
15.14 0.01762236
15.16 0.01126571
15.18 0.01260699
15.2 0.01658497
15.22 0.02132794
15.24 0.0227957
15.26 0.02107597
15.28 0.01497534
15.3 0.005629055
15.32 -0.001973024
15.34 -0.01043496
15.36 -0.01659782
15.38 -0.02135103
15.4 -0.02094815
15.42 -0.01853995
15.44 -0.01506993
15.46 -0.01443142
15.48 -0.01332576
15.5 -0.01077476
15.52 -0.009547721
15.54 -0.008252338
15.56 -0.004433477
15.58 0.005348306
15.6 0.01675495
15.62 0.02069723
15.64 0.01604295
15.66 0.008453118
15.68 0.001012201
15.7 -0.008332035
15.72 -0.01669605
15.74 -0.01807817
15.76 -0.01664407
15.78 -0.01679402
15.8 -0.01715716
15.82 -0.01518756
15.84 -0.01202965
15.86 -0.007845628
15.88 -0.001480845
15.9 0.003925139
15.92 0.008423323
15.94 0.007838847
15.96 0.00288163
15.98 0.001683115
16 0.003547659
16.02 0.006571943
16.04 0.01065091
16.06 0.01396895
16.08 0.01448199
16.1 0.01073756
16.12 0.006354605
16.14 0.0006293299
16.16 -0.004075946
16.18 -0.00515818
16.2 -0.005834456
16.22 -0.00257251
16.24 0.003096634
16.26 0.007454059
16.28 0.007263304
16.3 0.001956229
16.32 -0.004431025
16.34 -0.00951778
16.36 -0.01230647
16.38 -0.01087338
16.4 -0.008957843
16.42 -0.01016758
16.44 -0.01238406
16.46 -0.01457095
16.48 -0.01529006
16.5 -0.01193734
16.52 -0.006267169
16.54 -0.002557443
16.56 -0.003038897
16.58 -0.00684555
16.6 -0.006308024
16.62 -0.002529958
16.64 0.002336448
16.66 0.007754674
16.68 0.01186934
16.7 0.0160707
16.72 0.01404803
16.74 0.01083502
16.76 0.009369267
16.78 0.008053454
16.8 0.005785982
16.82 0.003377748
16.84 0.001441775
16.86 -0.001364258
16.88 -0.0003075502
16.9 0.004208996
16.92 0.009099884
16.94 0.01199055
16.96 0.01121024
16.98 0.0105054
17 0.007822794
17.02 0.003730542
17.04 0.0006990898
17.06 -0.0007115823
17.08 0.0001003256
17.1 -0.0008676665
17.12 -0.002067198
17.14 -0.00295767
17.16 -0.002181462
17.18 0.003107226
17.2 0.009636234
17.22 0.008265342
17.24 0.002561491
17.26 -0.00127678
17.28 -0.005311911
17.3 -0.01033338
17.32 -0.009825434
17.34 -0.003075085
17.36 0.006326243
17.38 0.01321735
17.4 0.01638954
17.42 0.01807253
17.44 0.01655884
17.46 0.01579689
17.48 0.01418732
17.5 0.01137619
17.52 0.008293737
17.54 0.007956106
17.56 0.006787176
17.58 0.003082525
17.6 -0.003636225
17.62 -0.008395554
17.64 -0.01352719
17.66 -0.015404
17.68 -0.0137567
17.7 -0.01142295
17.72 -0.007051245
17.74 -0.006821755
17.76 -0.007672444
17.78 -0.01003682
17.8 -0.01333857
17.82 -0.01794388
17.84 -0.02026846
17.86 -0.02020625
17.88 -0.01864566
17.9 -0.01460749
17.92 -0.00745118
17.94 0.00344853
17.96 0.01045491
17.98 0.01182985
18 0.01210218
18.02 0.01269989
18.04 0.01365358
18.06 0.01292734
18.08 0.009846928
18.1 0.006576799
18.12 0.003609611
18.14 0.0007413627
18.16 0.001336015
18.18 0.004602046
18.2 0.006177938
18.22 0.00394209
18.24 -0.001197698
18.26 -0.006619007
18.28 -0.009242455
18.3 -0.009029283
18.32 -0.00414553
18.34 0.0009483417
18.36 0.003280054
18.38 0.001595006
18.4 -0.002876681
18.42 -0.007605409
18.44 -0.009001795
18.46 -0.008058303
18.48 -0.00539815
18.5 -0.003521358
18.52 -0.0006388454
18.54 0.006453207
18.56 0.00990692
18.58 0.01259972
18.6 0.01247424
18.62 0.00722022
18.64 0.0008319527
18.66 -0.003669314
18.68 -0.01104902
18.7 -0.01779123
18.72 -0.01971291
18.74 -0.0184165
18.76 -0.01493626
18.78 -0.01258415
18.8 -0.008038019
18.82 -0.002991066
18.84 -0.000583872
18.86 -0.001008198
18.88 0.001061376
18.9 0.00491901
18.92 0.006777444
18.94 0.008770518
18.96 0.01218241
18.98 0.01568509
19 0.02014146
19.02 0.02134914
19.04 0.01958758
19.06 0.01488538
19.08 0.009685418
19.1 0.006605014
19.12 0.0007838682
19.14 -0.003992797
19.16 -0.006785562
19.18 -0.007709687
19.2 -0.006180712
19.22 -0.007973877
19.24 -0.01218036
19.26 -0.01545558
19.28 -0.01969471
19.3 -0.02367883
19.32 -0.02306276
19.34 -0.01948257
19.36 -0.01532709
19.38 -0.01130626
19.4 -0.007103859
19.42 -0.003425744
19.44 -0.002107908
19.46 0.001040827
19.48 0.002972704
19.5 0.001892519
19.52 5.141524e-05
19.54 -0.002906589
19.56 -0.005994133
19.58 -0.004816036
19.6 -0.0009012804
19.62 0.002601396
19.64 0.005169751
19.66 0.006826228
19.68 0.01039724
19.7 0.01506476
19.72 0.01771982
19.74 0.01930285
19.76 0.01893769
19.78 0.01864801
19.8 0.01847257
19.82 0.01493418
19.84 0.01208634
19.86 0.009419035
19.88 0.008542852
19.9 0.007751329
19.92 0.006188686
19.94 0.007052623
19.96 0.00583474
19.98 0.006080557
20 0.009079355
20.02 0.009266012
20.04 0.00618867
20.06 0.001475247
20.08 -0.003062736
20.1 -0.006564398
20.12 -0.00838918
20.14 -0.007822062
20.16 -0.006508304
20.18 -0.005984026
20.2 -0.009739669
20.22 -0.01494983
20.24 -0.01950821
20.26 -0.02170223
20.28 -0.01938378
20.3 -0.01287414
20.32 -0.004285741
20.34 0.003449938
20.36 0.007684975
20.38 0.008923254
20.4 0.009141533
20.42 0.008475471
20.44 0.007725769
20.46 0.005910168
20.48 0.0007285667
20.5 -0.005885115
20.52 -0.01068727
20.54 -0.01224073
20.56 -0.01408489
20.58 -0.01521403
20.6 -0.01283642
20.62 -0.007587502
20.64 -0.001541963
20.66 -0.0008677435
20.68 -0.002242704
20.7 -0.002794525
20.72 -0.003513626
20.74 -0.002646627
20.76 -0.0009575074
20.78 -0.0007035281
20.8 0.0002726113
20.82 0.0008050507
20.84 -0.0008932497
20.86 -0.00285063
20.88 -0.00264867
20.9 -0.0008993708
20.92 -0.0007626911
20.94 -0.001428752
20.96 -0.002654792
20.98 -0.002684372
21 0.001197748
21.02 0.004579048
21.04 0.01015437
21.06 0.01415277
21.08 0.01616319
21.1 0.01643145
21.12 0.01371315
21.14 0.01155993
21.16 0.009271049
21.18 0.008833469
21.2 0.008241869
21.22 0.00830001
21.24 0.01053381
21.26 0.01163541
21.28 0.009771872
21.3 0.005465432
21.32 0.002062713
21.34 0.0009294935
21.36 0.0009774342
21.38 0.002932775
21.4 0.007422816
21.42 0.009983016
21.44 0.007974637
21.46 0.002065779
21.48 -0.003972621
21.5 -0.006971419
21.52 -0.009678498
21.54 -0.01069441
21.56 -0.01227337
21.58 -0.01435723
21.6 -0.01461631
21.62 -0.01638907
21.64 -0.01847905
21.66 -0.01842193
21.68 -0.01558429
21.7 -0.01020991
21.72 -0.003596226
21.74 0.002639036
21.76 0.005364478
21.78 0.007653359
21.8 0.007469761
21.82 0.004090503
21.84 0.001189625
21.86 0.001221247
21.88 0.004957508
21.9 0.00867949
21.92 0.01267789
21.94 0.01633459
21.96 0.0163397
21.98 0.01312466
22 0.009784159
22.02 0.005805141
22.04 0.002485044
22.06 0.0003624263
22.08 -0.001504171
22.1 0.0002502307
22.12 0.004718852
22.14 0.008312315
22.16 0.009628117
22.18 0.00666196
22.2 0.002203543
22.22 -0.002192655
22.24 -0.004736533
22.26 -0.00686017
22.28 -0.007125367
22.3 -0.006876484
22.32 -0.005824862
22.34 -0.00616452
22.36 -0.009654956
22.38 -0.01130532
22.4 -0.01157154
22.42 -0.01264762
22.44 -0.01323208
22.46 -0.01300462
22.48 -0.01318924
22.5 -0.01167454
22.52 -0.009408094
22.54 -0.007093711
22.56 -0.006671428
22.58 -0.007982125
22.6 -0.008186121
22.62 -0.007750579
22.64 -0.007973955
22.66 -0.005662632
22.68 -0.002884149
22.7 -0.0008176255
22.72 0.0005338777
22.74 0.001992481
22.76 0.004614904
22.78 0.007033327
22.8 0.009532331
22.82 0.01128469
22.84 0.0112694
22.86 0.008233881
22.88 0.006986425
22.9 0.006173489
22.92 0.006902793
22.94 0.009500736
22.96 0.01304422
22.98 0.01584412
23 0.01521581
23.02 0.01143671
23.04 0.006459115
23.06 0.001641659
23.08 -0.0001463976
23.1 -0.001301033
23.12 -0.00318701
23.14 -0.002757586
23.16 -0.005068902
23.18 -0.005575838
23.2 -0.006484654
23.22 -0.00888573
23.24 -0.01156322
23.26 -0.01449368
23.28 -0.01593596
23.3 -0.01643168
23.32 -0.01374907
23.34 -0.009079505
23.36 -0.004851601
23.38 -0.001841577
23.4 -0.0004737525
23.42 0.0002494317
23.44 0.0008124761
23.46 -0.0002738196
23.48 -0.002816675
23.5 -0.003544951
23.52 -0.003925406
23.54 -0.004296682
23.56 -0.006574337
23.58 -0.007806493
23.6 -0.006382568
23.62 -0.003863164
23.64 -0.004800539
23.66 -0.005526775
23.68 -0.00321647
23.7 -0.0009785856
23.72 0.003102439
23.74 0.008045363
23.76 0.01008027
23.78 0.01060761
23.8 0.009647797
23.82 0.006292002
23.84 0.005306687
23.86 0.005215912
23.88 0.007297737
23.9 0.009020521
23.92 0.01066477
23.94 0.01275271
23.96 0.01293835
23.98 0.01084736
24 0.01069028
24.02 0.01206015
24.04 0.01272112
24.06 0.0123325
24.08 0.009623386
24.1 0.008337171
24.12 0.004186796
24.14 0.002879161
24.16 0.001860186
24.18 0.002302871
24.2 0.003968536
24.22 0.005447541
24.24 0.005425106
24.26 0.004462231
24.28 0.003143377
24.3 -0.0006459179
24.32 -0.002214673
24.34 -0.002376847
24.36 -0.001604702
24.38 -0.002170796
24.4 -0.001547572
24.42 4.261354e-05
24.44 -0.0006662811
24.46 -0.003619176
24.48 -0.00849375
24.5 -0.01074795
24.52 -0.01053374
24.54 -0.009737114
24.56 -0.01004821
24.58 -0.0115425
24.6 -0.009871737
24.62 -0.008117333
24.64 -0.004425947
24.66 -0.001283322
24.68 0.001856243
24.7 0.003743249
24.72 0.004053334
24.74 0.0037045
24.76 0.001817505
24.78 0.000783231
24.8 0.002662077
24.82 0.003869762
24.84 0.003723908
24.86 0.003540313
24.88 0.003560719
24.9 0.003174145
24.92 0.00077307
24.94 -9.264311e-06
24.96 -0.0009558187
24.98 -0.002297113
25 -0.002010488
25.02 -0.002028842
25.04 -0.001394396
25.06 -0.00106187
25.08 -0.001980885
25.1 -0.002642859
25.12 -0.002771373
25.14 -0.001457607
25.16 -0.001366822
25.18 -0.002453116
25.2 -0.00300289
25.22 -0.004621625
25.24 -0.005769119
25.26 -0.006561653
25.28 -0.006959447
25.3 -0.005328462
25.32 -0.001756416
25.34 0.00161163
25.36 0.003093696
25.38 0.003302801
25.4 0.002965187
25.42 0.0005610532
25.44 4.391909e-05
25.46 0.001051685
25.48 0.0003376907
25.5 0.001115957
25.52 0.0003234225
25.54 -0.0004650317
25.56 -8.558582e-05
25.58 -0.00034466
25.6 0.0002969259
25.62 -0.001342208
25.64 -0.002270402
25.66 -0.003218996
25.68 -0.00555377
25.7 -0.006869564
25.72 -0.005347719
25.74 -0.002058213
25.76 -0.0002130269
25.78 0.001325139
25.8 0.002957145
25.82 0.00356609
25.84 0.002350257
25.86 0.0008008826
25.88 -0.002028592
25.9 -0.003960465
25.92 -0.004966179
25.94 -0.004584694
25.96 -0.004271547
25.98 -0.005217082
26 -0.005201776
26.02 -0.00463465
26.04 -0.004182784
26.06 -0.003360658
26.08 -0.001767412
26.1 -0.0002312861
26.12 0.0009825198
26.14 0.003471326
26.16 0.004016011
26.18 0.003625358
26.2 0.003386684
26.22 0.001397689
26.24 0.0007785555
26.26 0.001145761
26.28 0.001237568
26.3 0.0006939133
26.32 0.002607439
26.34 0.004668865
26.36 0.007590151
26.38 0.009917797
26.4 0.01113364
26.42 0.01107245
26.44 0.01049105
26.46 0.008343961
26.48 0.004132387
26.5 0.001891453
26.52 -0.001105302
26.54 0.0003012845
26.56 0.00176907
26.58 0.003485737
26.6 0.006643662
26.62 0.007800348
26.64 0.009195714
26.66 0.009281399
26.68 0.008265486
26.7 0.004377251
26.72 0.001350918
26.74 0.0001116236
26.76 -0.0007410904
26.78 -0.002271085
26.8 -0.003582798
26.82 -0.004303933
26.84 -0.006141966
26.86 -0.004622161
26.88 -0.003865315
26.9 -0.00340427
26.92 -0.005045443
26.94 -0.005407537
26.96 -0.004601732
26.98 -0.005096426
27 -0.00425084
27.02 -0.005327954
27.04 -0.003998888
27.06 -0.003429723
27.08 -0.002822817
27.1 -0.001941531
27.12 -0.001512105
27.14 -0.0009704794
27.16 -0.001132654
27.18 -0.001057168
27.2 -0.002023102
27.22 -0.002101636
27.24 -0.003637751
27.26 -0.002962505
27.28 -0.0009816591
27.3 0.0002566266
27.32 0.001053253
27.34 0.001735638
27.36 0.001240944
27.38 -3.450583e-06
27.4 -0.0007551848
27.42 -0.002238259
27.44 -0.003569354
27.46 -0.004975928
27.48 -0.006222362
27.5 -0.006026516
27.52 -0.006314151
27.54 -0.004943265
27.56 -0.0038437
27.58 -0.004166014
27.6 -0.001498709
27.62 0.0006963372
27.64 0.001656162
27.66 0.003814488
27.68 0.005949354
27.7 0.007501799
27.72 0.01000692
27.74 0.009546911
27.76 0.009148096
27.78 0.007589541
27.8 0.007131567
27.82 0.006061592
27.84 0.003263738
27.86 0.002950603
27.88 0.003330049
27.9 0.003543234
27.92 0.00342594
27.94 0.003387185
27.96 0.00252019
27.98 0.0004934561
28 0.0004394015
28.02 0.002709927
28.04 0.003286232
28.06 0.003805417
28.08 0.004098163
28.1 0.004968229
28.12 0.003327054
28.14 -0.0003082211
28.16 -0.004743175
28.18 -0.008617131
28.2 -0.009460665
28.22 -0.00990946
28.24 -0.009890074
28.26 -0.01026849
28.28 -0.009770724
28.3 -0.008866999
28.32 -0.008957773
28.34 -0.008485509
28.36 -0.008986323
28.38 -0.009218878
28.4 -0.008102993
28.42 -0.006827988
28.44 -0.007459363
28.46 -0.006901417
28.48 -0.007986693
28.5 -0.007757188
28.52 -0.006757583
28.54 -0.005529497
28.56 -0.004396272
28.58 -0.005878327
28.6 -0.004807322
28.62 -0.002601057
28.64 0.0005946072
28.66 0.002838613
28.68 0.005857817
28.7 0.007880482
28.72 0.009975567
28.74 0.01080891
28.76 0.01060491
28.78 0.0102316
28.8 0.009163666
28.82 0.007897851
28.84 0.004745036
28.86 0.002963101
28.88 0.0005691656
28.9 -0.00137189
28.92 -0.001403505
28.94 0.00138926
28.96 0.002926405
28.98 0.004916429
29 0.007881574
29.02 0.007625558
29.04 0.007152283
29.06 0.005209187
29.08 0.004199392
29.1 0.002972337
29.12 0.002166541
29.14 0.002184906
29.16 0.002097191
29.18 0.001733056
29.2 -0.00018556
29.22 -0.001064796
29.24 -0.000380371
29.26 0.002383833
29.28 0.005094998
29.3 0.007583802
29.32 0.008731307
29.34 0.009128091
29.36 0.009841075
29.38 0.01025418
29.4 0.009880864
29.42 0.006463868
29.44 0.003983232
29.46 0.001183338
29.48 -0.001683878
29.5 -0.003428074
29.52 -0.00543441
29.54 -0.005125345
29.56 -0.006168802
29.58 -0.008478078
29.6 -0.007331593
29.62 -0.006450309
29.64 -0.004999865
29.66 -0.003277081
29.68 -0.001221777
29.7 0.0004989671
29.72 -0.0006801488
29.74 -0.0002099248
29.76 -0.0009035207
29.78 -0.001955137
29.8 -0.001519592
29.82 -0.0004924488
29.84 0.0004347351
29.86 0.001771959
29.88 0.002544102
29.9 0.002993927
29.92 0.003274431
29.94 0.005137975
29.96 0.007634938
29.98 0.007786922
30 0.007424825
30.02 0.005718369
30.04 0.002438053
30.06 -0.001341043
30.08 -0.004307199
30.1 -0.004670315
30.12 -0.004389811
30.14 -0.004292908
30.16 -0.003935904
30.18 -0.005564841
30.2 -0.006487937
30.22 -0.007301893
30.24 -0.00791593
30.26 -0.009527526
30.28 -0.01003345
30.3 -0.008584019
30.32 -0.007765976
30.34 -0.007453853
30.36 -0.008339209
30.38 -0.01075253
30.4 -0.01253854
30.42 -0.0140512
30.44 -0.01389003
30.46 -0.01272417
30.48 -0.01120335
30.5 -0.008279006
30.52 -0.005567842
30.54 -0.00152354
30.56 0.001730264
30.58 0.004910627
30.6 0.00858467
30.62 0.009852533
30.64 0.009463917
30.66 0.008424539
30.68 0.006411062
30.7 0.004519985
30.72 0.003685629
30.74 0.004770912
30.76 0.006073455
30.78 0.005698098
30.8 0.005762361
30.82 0.005572644
30.84 0.003920247
30.86 0.003428609
30.88 0.004883132
30.9 0.005157515
30.92 0.003770318
30.94 0.004424141
30.96 0.004900484
30.98 0.003956986
31 0.002933929
31.02 0.002461672
31.04 0.002471875
31.06 0.002180157
31.08 0.001330501
31.1 0.001249923
31.12 0.001541646
31.14 0.002977808
31.16 0.00408655
31.18 0.004101853
31.2 0.003606135
31.22 0.002548398
31.24 0.001630401
31.26 0.001826243
31.28 0.0004982059
31.3 0.0001503883
31.32 0.001530451
31.34 0.003193053
31.36 0.003998855
31.38 0.002485178
31.4 0.0012469
31.42 0.001179583
31.44 0.001333605
31.46 0.001457028
31.48 -0.0003769305
31.5 -0.001477509
31.52 -0.003086046
31.54 -0.004444684
31.56 -0.004723142
31.58 -0.00552588
31.6 -0.004245778
31.62 -0.004618076
31.64 -0.004857773
31.66 -0.005382051
31.68 -0.004943449
31.7 -0.004378367
31.72 -0.004236585
31.74 -0.003506263
31.76 -0.003712301
31.78 -0.006121539
31.8 -0.008812297
31.82 -0.009601775
31.84 -0.01213239
31.86 -0.01132353
31.88 -0.009822089
31.9 -0.007359808
31.92 -0.005100506
31.94 -0.003365484
31.96 -0.0005778226
31.98 -0.0007114409
32 -0.0005971992
32.02 -0.002075177
32.04 -0.002313855
32.06 -0.002560694
32.08 -0.002074152
32.1 -0.001562111
32.12 -8.922941e-05
32.14 0.002368972
32.16 0.004341653
32.18 0.005302495
32.2 0.004606857
32.22 0.004372258
32.24 0.00569724
32.26 0.006073621
32.28 0.006056282
32.3 0.006109324
32.32 0.005333105
32.34 0.006536706
32.36 0.006969188
32.38 0.006608109
32.4 0.00702223
32.42 0.007382291
32.44 0.006637693
32.46 0.006468374
32.48 0.005828835
32.5 0.004826177
32.52 0.005369838
32.54 0.006221539
32.56 0.0068366
32.58 0.006747861
32.6 0.008256442
32.62 0.009314183
32.64 0.008624664
32.66 0.008582846
32.68 0.007500626
32.7 0.006225627
32.72 0.003731728
32.74 0.001133789
32.76 -0.00168345
32.78 -0.003891748
32.8 -0.004806688
32.82 -0.005286086
32.84 -0.005701226
32.86 -0.005311585
32.88 -0.003981505
32.9 -0.003470484
32.92 -0.003522502
32.94 -0.003091042
32.96 -0.003297081
32.98 -0.00471692
33 -0.006524359
33.02 -0.007611679
33.04 -0.007694299
33.06 -0.008322618
33.08 -0.008111477
33.1 -0.007168996
33.12 -0.006411137
33.14 -0.005600236
33.16 -0.004379295
33.18 -0.004395615
33.2 -0.003968234
33.22 -0.002563694
33.24 -0.001725253
33.26 -0.001006153
33.28 -0.0001615923
33.3 0.000717648
33.32 0.0004422484
33.34 -0.0001156912
33.36 0.0002188691
33.38 -0.00254839
33.4 -0.00378769
33.42 -0.00434971
33.44 -0.00302269
33.46 -0.002221989
33.48 -0.002131209
33.5 -0.0006522089
33.52 -0.0003686487
33.54 0.002088532
33.56 0.001007331
33.58 0.0007737518
33.6 0.002190532
33.62 0.002411872
33.64 0.001762132
33.66 0.0003137321
33.68 -0.0008623277
33.7 -0.001533488
33.72 -0.002785028
33.74 -0.002471887
33.76 -0.002413748
33.78 -0.002578987
33.8 -0.002537168
33.82 -0.002455568
33.84 -0.001927207
33.86 -0.002702408
33.88 -0.003321548
33.9 -0.002637128
33.92 -0.0002054484
33.94 0.002393511
33.96 0.005827851
33.98 0.007670991
34 0.00876035
34.02 0.00854819
34.04 0.00830135
34.06 0.00806675
34.08 0.00550553
34.1 0.005322949
34.12 0.006474529
34.14 0.008029009
34.16 0.008972509
34.18 0.006732588
34.2 0.004956768
34.22 0.004462067
34.24 0.004623227
34.26 0.005117926
34.28 0.006049186
34.3 0.005964525
34.32 0.004681365
34.34 0.004027545
34.36 0.003837824
34.38 0.002062003
34.4 -0.0006001968
34.42 -0.001837457
34.44 -0.001054098
34.46 -0.001966999
34.48 -0.004951519
34.5 -0.0058073
34.52 -0.006340761
34.54 -0.005109621
34.56 -0.004294642
34.58 -0.004142662
34.6 -0.002759543
34.62 -0.002429064
34.64 -0.002869704
34.66 -0.002862565
34.68 -0.002848286
34.7 -0.002803407
34.72 -0.003057387
34.74 -0.003294028
34.76 -0.003940709
34.78 -0.005835869
34.8 -0.006993571
34.82 -0.007366891
34.84 -0.006217353
34.86 -0.006135753
34.88 -0.005652274
34.9 -0.004753655
34.92 -0.003277716
34.94 -0.001921116
34.96 -0.001107157
34.98 -0.0008745985
35 -0.00252904
35.02 -0.00415492
35.04 -0.005451341
35.06 -0.006742662
35.08 -0.006809983
35.1 -0.004665945
35.12 -0.002022106
35.14 0.0009858735
35.16 0.003366553
35.18 0.005410632
35.2 0.006033851
35.22 0.007397589
35.24 0.007777028
35.26 0.008119747
35.28 0.008135046
35.3 0.007655645
35.32 0.008052424
35.34 0.007809663
35.36 0.007359841
35.38 0.0052056
35.4 0.005129099
35.42 0.003446097
35.44 0.004147857
35.46 0.004566056
35.48 0.002720874
35.5 0.002680073
35.52 0.001873251
35.54 0.002547471
35.56 0.002756569
35.58 0.002284308
35.6 0.003228826
35.62 0.004295746
35.64 0.003208424
35.66 0.001190862
35.68 -0.001576398
35.7 -0.0037694
35.72 -0.005542161
35.74 -0.005949142
35.76 -0.004947504
35.78 -0.003878545
35.8 -0.001992567
35.82 -0.001102108
35.84 -0.001209209
35.86 -0.00289323
35.88 -0.003315512
35.9 -0.003673533
35.92 -0.003299195
35.94 -0.0009470764
35.96 0.001294882
35.98 0.001385661
36 0.001180639
36.02 0.002094558
36.04 0.001880356
36.06 0.001578435
36.08 4.573397e-06
36.1 -0.0001790281
36.12 0.0004207304
36.14 0.0007399889
36.16 0.001768147
36.18 0.0005390459
36.2 -0.001072555
36.22 -0.003872457
36.24 -0.005829838
36.26 -0.00707526
36.28 -0.009013262
36.3 -0.008761323
36.32 -0.008441044
36.34 -0.007035487
36.36 -0.007093628
36.38 -0.006738669
36.4 -0.006333731
36.42 -0.005596272
36.44 -0.004508954
36.46 -0.003806176
36.48 -0.001973238
36.5 -0.001259239
36.52 -0.0008094207
36.54 0.0007368976
36.56 0.001160196
36.58 0.001472314
36.6 0.003219573
36.62 0.003931531
36.64 0.00301863
36.66 0.001817068
36.68 0.001697726
36.7 0.001331545
36.72 -0.000146437
36.74 -0.0006329787
36.76 -0.0007186604
36.78 -0.001451022
36.8 -0.001364324
36.82 -0.0009196054
36.84 -0.0005279271
36.86 0.0002503312
36.88 0.0007246295
36.9 0.002401508
36.92 0.003493926
36.94 0.004727104
36.96 0.004941303
36.98 0.003501061
37 0.00321342
37.02 0.002537158
37.04 0.003555116
37.06 0.004163034
37.08 0.004065112
37.1 0.003998811
37.12 0.004470049
37.14 0.005566547
37.16 0.005889885
37.18 0.005941904
37.2 0.007067982
37.22 0.00726892
37.24 0.007348478
37.26 0.006391717
37.28 0.005315615
37.3 0.004274194
37.32 0.002334152
37.34 0.00228009
37.36 0.002747249
37.38 0.0008633072
37.4 -0.001211374
37.42 -0.002508816
37.44 -0.002835218
37.46 -0.001510239
37.48 -0.002529221
37.5 -0.002675082
37.52 -0.001980465
37.54 4.453686e-06
37.56 0.001965912
37.58 0.00244633
37.6 0.004654629
37.62 0.005163607
37.64 0.003788646
37.66 0.001515063
37.68 1.362188e-05
37.7 -0.00189276
37.72 -0.003521701
37.74 -0.003222843
37.76 -0.002897464
37.78 -0.002324227
37.8 -0.003270788
37.82 -0.00320449
37.84 -0.004370351
37.86 -0.006060492
37.88 -0.006216555
37.9 -0.006942796
37.92 -0.007174338
37.94 -0.005937079
37.96 -0.004016422
37.98 -0.003640043
38 -0.003387085
38.02 -0.003440126
38.04 -0.003631887
38.06 -0.00371043
38.08 -0.004553971
38.1 -0.004148012
38.12 -0.003898114
38.14 -0.003074976
38.16 -0.001557218
38.18 -0.001156359
38.2 -0.00143992
38.22 -0.001907082
38.24 -0.003154544
38.26 -0.003165765
38.28 -0.001732667
38.3 -0.001112508
38.32 -9.761001e-05
38.34 0.001734308
38.36 0.003690667
38.38 0.004195565
38.4 0.005766364
38.42 0.005507282
38.44 0.004647421
38.46 0.003819179
38.48 0.003339778
38.5 0.002914437
38.52 0.002980734
38.54 0.003904853
38.56 0.003764092
38.58 0.003726351
38.6 0.005413429
38.62 0.006482387
38.64 0.006300826
38.66 0.006365084
38.68 0.004712683
38.7 0.003957882
38.72 0.001877081
38.74 0.002378919
38.76 0.001711837
38.78 0.0004103163
38.8 0.0007152949
38.82 0.0002328336
38.84 -0.0005597077
38.86 -0.001711289
38.88 -0.00150933
38.9 -0.002576251
38.92 -0.003323913
38.94 -0.003325954
38.96 -0.003279035
38.98 -0.002717016
39 -0.001846958
39.02 -0.00177556
39.04 -0.001842881
39.06 -0.001594002
39.08 -0.001972424
39.1 -0.001627665
39.12 -0.001533825
39.14 -0.001903066
39.16 -0.001686828
39.18 -0.001284949
39.2 -0.00153587
39.22 -0.001356351
39.24 -0.001589932
39.26 -0.001606254
39.28 -0.001890835
39.3 -0.002885336
39.32 -0.003482037
39.34 -0.004255198
39.36 -0.004695839
39.38 -0.00434904
39.4 -0.004627501
39.42 -0.004199103
39.44 -0.004687683
39.46 -0.003477964
39.48 -0.003758465
39.5 -0.003293347
39.52 -0.002564047
39.54 -0.001182968
39.56 -0.0003832893
39.58 -0.001151351
39.6 0.0005367488
39.62 -0.000894312
39.64 -0.001714392
39.66 -0.002725214
39.68 -0.002511015
39.7 -0.001555275
39.72 -0.001715417
39.74 -0.0008871772
39.76 -0.000238458
39.78 -5.791882e-05
39.8 0.0005112404
39.82 0.00114976
39.84 0.002453319
39.86 0.002805218
39.88 0.003312157
39.9 0.003857857
39.92 0.003098976
39.94 0.004017995
39.96 0.005618375
39.98 0.004473934
40 0.004711593
40.02 0.005440893
40.04 0.005722412
40.06 0.005519431
40.08 0.005039011
40.1 0.00475953
40.12 0.00278991
40.14 0.0005428493
40.16 -0.001507351
40.18 -0.002567132
40.2 -0.003700352
40.22 -0.003150573
40.24 -0.003042453
40.26 -0.002342733
40.28 -0.001925554
40.3 -0.0007301141
40.32 0.0003776054
40.34 0.001420045
40.36 0.003553884
40.38 0.003476364
40.4 0.003692604
40.42 0.003988404
40.44 0.005430683
40.46 0.006694463
40.48 0.006161002
40.5 0.005329703
40.52 0.004173023
40.54 0.004177102
40.56 0.004213823
40.58 0.001837222
40.6 0.001737262
40.62 0.001890262
40.64 0.0008315018
40.66 0.001097722
40.68 0.0006428016
40.7 0.0006091416
40.72 0.0005601816
40.74 0.001013062
40.76 0.001100781
40.78 4.916163e-05
40.8 -0.0009116783
40.82 -0.001798059
40.84 -0.002404958
40.86 -0.002991458
40.88 -0.004344997
40.9 -0.004381718
40.92 -0.005101838
40.94 -0.006191197
40.96 -0.005024317
40.98 -0.005549617
41 -0.005115096
41.02 -0.004505136
41.04 -0.002897616
41.06 -0.001885776
41.08 -0.001260515
41.1 -9.873517e-05
41.12 -0.0002292948
41.14 0.001125265
41.16 0.001929026
41.18 0.001247667
41.2 0.003176487
41.22 0.003024507
41.24 0.002675668
41.26 0.002453308
41.28 0.002032048
41.3 0.00184335
41.32 0.00068463
41.34 0.001450651
41.36 0.0006683112
41.38 -0.0009075881
41.4 -0.001719508
41.42 -0.002038767
41.44 -0.001993886
41.46 -0.002114246
41.48 -0.002792545
41.5 -0.002845584
41.52 -0.002505923
41.54 -0.001762342
41.56 -0.0006791015
41.58 -0.0005250807
41.6 0.0004582001
41.62 0.001048781
41.64 0.0005489819
41.66 0.0002440029
41.68 0.0002338038
41.7 4.510479e-05
41.72 -0.0004618342
41.74 0.0009182268
41.76 0.0006407878
41.78 7.366889e-05
41.8 0.00017159
41.82 0.000159351
41.84 -0.0001058478
41.86 0.0007366733
41.88 0.001229334
41.9 0.001519016
41.92 0.001169157
41.94 0.001750558
41.96 0.002545139
41.98 0.002489041
42 0.002664482
42.02 0.002782803
42.04 0.003298924
42.06 0.003132666
42.08 0.003262207
42.1 0.002939889
42.12 0.003696731
42.14 0.003348912
42.16 0.002651234
42.18 0.001546575
42.2 0.0006826362
42.22 -7.420221e-05
42.24 -0.0006739606
42.26 -0.001080939
42.28 -0.001430798
42.3 -0.002084616
42.32 -0.003763534
42.34 -0.004732533
42.36 -0.00538227
42.38 -0.006405329
42.4 -0.007165227
42.42 -0.006984686
42.44 -0.006929603
42.46 -0.005832081
42.48 -0.0060626
42.5 -0.006148278
42.52 -0.006113596
42.54 -0.004090934
42.56 -0.003306553
42.58 -0.002764931
42.6 -0.0007861285
42.62 -0.0001394466
42.64 0.0004307355
42.66 0.0007112375
42.68 0.001162079
42.7 0.001050901
42.72 0.001894444
42.74 0.003077646
42.76 0.004304708
42.78 0.00423943
42.8 0.004003813
42.82 0.004331234
42.84 0.003877337
42.86 0.004533199
42.88 0.004660702
42.9 0.004127243
42.92 0.003664166
42.94 0.004493429
42.96 0.00439143
42.98 0.002435073
43 0.001345716
43.02 0.0004460782
43.04 -0.001516399
43.06 -0.0009482568
43.08 -0.001907054
43.1 -0.002545572
43.12 -0.002783229
43.14 -0.002574127
43.16 -0.002064124
43.18 -0.002655721
43.2 -0.002675099
43.22 -0.003293216
43.24 -0.002659793
43.26 -0.003172851
43.28 -0.002752607
43.3 -0.002762805
43.32 -0.003122862
43.34 -0.0024874
43.36 -0.002284417
43.38 -0.003248313
43.4 -0.003663451
43.42 -0.004143868
43.44 -0.004077565
43.46 -0.003434962
43.48 -0.003690979
43.5 -0.003228916
43.52 -0.003224833
43.54 -0.00153469
43.56 -0.001333748
43.58 -0.003037144
43.6 -0.002868841
43.62 -0.002500618
43.64 -0.001845774
43.66 -0.0009716316
43.68 0.0005267516
43.7 0.001670175
43.72 0.002821758
43.74 0.004146741
43.76 0.005801184
43.78 0.006041908
43.8 0.006848731
43.82 0.007151674
43.84 0.006319358
43.86 0.005094341
43.88 0.004539464
43.9 0.004141668
43.92 0.003300171
43.94 0.003937675
43.96 0.003804058
43.98 0.003023761
44 0.001997645
44.02 0.001576389
44.04 0.001601892
44.06 0.0007083757
44.08 -8.110062e-05
44.1 -0.0001800371
44.12 -0.0002504134
44.14 0.0001545302
44.16 0.0008175338
44.18 0.0005523376
44.2 0.0008491612
44.22 0.001068465
44.24 0.001385689
44.26 0.002044613
44.28 0.002134376
44.3 0.00291468
44.32 0.003159484
44.34 0.004108087
44.36 0.004686431
44.38 0.004302916
44.4 0.003124819
44.42 0.001908983
44.44 0.001826367
44.46 0.001744771
44.48 0.0002933149
44.5 -0.0007797211
44.52 -0.001059197
44.54 -0.000996973
44.56 -0.001259109
44.58 -0.002365805
44.6 -0.000866401
44.62 -0.000333957
44.64 -0.0008510928
44.66 -0.001640568
44.68 -0.002002664
44.7 -0.00285844
44.72 -0.004543476
44.74 -0.004718912
44.76 -0.004995328
44.78 -0.004425143
44.8 -0.005070799
44.82 -0.005057536
44.84 -0.004710731
44.86 -0.004519987
44.88 -0.004318022
44.9 -0.004323119
44.92 -0.004262934
44.94 -0.002764549
44.96 -0.0009203854
44.98 -0.001262081
45 8.843213e-06
45.02 0.0003811476
45.04 0.000403592
45.06 0.001688796
45.08 0.00178672
45.1 0.001937685
45.12 0.00219065
45.14 0.002468094
45.16 0.001787758
45.18 0.001486863
45.2 0.001566428
45.22 0.001456272
45.24 0.001435877
45.26 0.001660281
45.28 0.001167626
45.3 -0.0004143901
45.32 -0.001463966
45.34 -0.0008733809
45.36 -0.0003195164
45.38 -0.0007438318
45.4 -0.0006387672
45.42 -0.0008560227
45.44 -0.000477598
45.46 6.096655e-05
45.48 -0.0007968488
45.5 -0.0005479642
45.52 -0.0006142596
45.54 0.001096285
45.56 0.00237843
45.58 0.001641994
45.6 0.003470859
45.62 0.004123664
45.64 0.004373569
45.66 0.003562673
45.68 0.003653458
45.7 0.003813602
45.72 0.002933347
45.74 0.004039032
45.76 0.004418477
45.78 0.004286901
45.8 0.004609226
45.82 0.003804451
45.84 0.003318936
45.86 0.0033883
45.88 0.003073125
45.9 0.00193889
45.92 0.001928694
45.94 0.00213984
45.96 0.002742664
45.98 0.0009046287
46 -3.784641e-05
46.02 0.001066818
46.04 0.0004844031
46.06 0.0002375679
46.08 -0.0005131473
46.1 -0.0008732025
46.12 -0.001674917
46.14 -0.002314453
46.16 -0.002508248
46.18 -0.001926844
46.2 -0.002599019
46.22 -0.002837694
46.24 -0.003034549
46.26 -0.004506404
46.28 -0.00441256
46.3 -0.004365635
46.32 -0.00616899
46.34 -0.005581465
46.36 -0.007260381
46.38 -0.007429695
46.4 -0.006538211
46.42 -0.006229146
46.44 -0.004133041
46.46 -0.004492076
46.48 -0.004868452
46.5 -0.005413127
46.52 -0.005234622
46.54 -0.004719518
46.56 -0.004539993
46.58 -0.004916368
46.6 -0.003407783
46.62 -0.002249059
46.64 -0.001902254
46.66 -0.001790049
46.68 -0.001394285
46.7 -0.00149322
46.72 -0.001562576
46.74 -0.0003722309
46.76 -0.0009842262
46.78 -0.0005639817
46.8 -0.000200857
46.82 -0.0004578924
46.84 -0.0002355278
46.86 0.0002979368
46.88 0.0006406614
46.9 -7.537405e-05
46.92 -0.0002161294
46.94 0.000689635
46.96 0.0008813996
46.98 0.0008875241
47 0.001466888
47.02 0.001460773
47.04 0.001484238
47.06 0.001428142
47.08 0.001587267
47.1 0.001739251
47.12 0.001883076
47.14 0.00213094
47.16 0.001704584
47.18 0.001792308
47.2 0.003495713
47.22 0.004025097
47.24 0.004168922
47.26 0.004411686
47.28 0.00438823
47.3 0.004295414
47.32 0.003857838
47.34 0.004129163
47.36 0.004241367
47.38 0.004576951
47.4 0.004230155
47.42 0.004138359
47.44 0.004156723
47.46 0.004113887
47.48 0.004154692
47.5 0.004016996
47.52 0.004155719
47.54 0.004027203
47.56 0.004239367
47.58 0.002554331
47.6 0.001681215
47.62 0.001909699
47.64 0.0008489031
47.66 0.0002583269
47.68 0.0004633507
47.7 -0.0004587256
47.72 -0.0005505218
47.74 -0.0002761382
47.76 -0.0004495344
47.78 -0.0005607108
47.8 -0.0001659672
47.82 0.001743477
47.84 0.0009172798
47.86 0.0004470634
47.88 -0.0006055731
47.9 -0.00104825
47.92 -0.002201866
47.94 -0.001467463
47.96 -0.0006596194
47.98 -0.002027436
48 -0.001335873
48.02 -0.00118797
48.04 -0.0007106064
48.06 -0.0003882834
48.08 -0.0008044402
48.1 -0.0006340971
48.12 -0.0001944741
48.14 -0.0003780711
48.16 -0.0002056881
48.18 -0.0002872852
48.2 -0.0005524823
48.22 -0.0009553795
48.24 -0.001897857
48.26 -0.002247714
48.28 -0.002616951
48.3 -0.002760768
48.32 -0.003426826
48.34 -0.002712823
48.36 -0.002311961
48.38 -0.003097358
48.4 -0.003317676
48.42 -0.003706294
48.44 -0.003631832
48.46 -0.004121428
48.48 -0.005378066
48.5 -0.005807484
48.52 -0.004856842
48.54 -0.004575321
48.56 -0.004939458
48.58 -0.004183636
48.6 -0.002805615
48.62 -0.001566312
48.64 -0.0009369706
48.66 -0.001212369
48.68 0.0001829928
48.7 0.0004441145
48.72 -0.0002239839
48.74 0.0008011176
48.76 0.000430859
48.78 -0.001334759
48.8 -0.002174218
48.82 -0.002271116
48.84 -0.001781516
48.86 -0.001941654
48.88 -0.002036513
48.9 -0.002188492
48.92 -0.002373111
48.94 -0.0004840703
48.96 0.0003156104
48.98 -0.0002739487
49 0.001420271
49.02 0.002059813
49.04 0.002099594
49.06 0.003398053
49.08 0.003861134
49.1 0.003316454
49.12 0.004085535
49.14 0.004695495
49.16 0.004651635
49.18 0.004560855
49.2 0.004073296
49.22 0.004351755
49.24 0.003221595
49.26 0.003533715
49.28 0.004247715
49.3 0.004042695
49.32 0.004344613
49.34 0.004705693
49.36 0.004675093
49.38 0.004882152
49.4 0.004865831
49.42 0.004751591
49.44 0.004620009
49.46 0.004554729
49.48 0.004213028
49.5 0.004492506
49.52 0.004359905
49.54 0.004435384
49.56 0.004195682
49.58 0.002309701
49.6 0.002944139
49.62 0.002678938
49.64 0.001993496
49.66 0.001955754
49.68 0.001961872
49.7 0.0009530903
49.72 -0.0006676919
49.74 -3.019408e-05
49.76 0.0006073035
49.78 -0.0004759388
49.8 -0.001641801
49.82 -0.002047763
49.84 -0.003402327
49.86 -0.003245249
49.88 -0.003419672
49.9 -0.002932116
49.92 -0.003325838
49.94 -0.002520042
49.96 -0.000796245
49.98 -0.001254228
50 -0.0004025319
50.02 -0.002206915
50.04 -0.003066779
50.06 -0.003176943
50.08 -0.003320767
50.1 -0.003586991
50.12 -0.003480915
50.14 -0.00286892
50.16 -0.003909323
50.18 -0.004290808
50.2 -0.004049073
50.22 -0.003514598
50.24 -0.003541123
50.26 -0.003292248
50.28 -0.002726153
50.3 -0.001423618
50.32 -0.000772863
50.34 0.0002338715
50.36 0.0005745459
50.38 -0.0006606797
50.4 -0.0008799855
50.42 -0.0008748913
50.44 -0.001220678
50.46 -0.002043824
50.48 -0.00343613
50.5 -0.003581997
50.52 -0.004131783
50.54 -0.003851289
50.56 -0.003445336
50.58 -0.005097743
50.6 -0.00425421
50.62 -0.003422917
50.64 -0.003648345
50.66 -0.003400492
50.68 -0.00359634
50.7 -0.003342368
50.72 -0.003583096
50.74 -0.002836463
50.76 -0.001711411
50.78 -0.00181648
50.8 -0.001340148
50.82 -0.001457457
50.84 0.0002877543
50.86 0.001061926
50.88 0.0008905565
50.9 0.001706547
50.92 0.0008334181
50.94 0.003066189
50.96 0.002679598
50.98 0.001163869
51 0.0009180393
51.02 0.0009108892
51.04 0.001667719
51.06 0.002540829
51.08 0.003277258
51.1 0.003557747
51.12 0.004010617
51.14 0.005306006
51.16 0.006418814
51.18 0.006118923
51.2 0.006382072
51.22 0.00592714
51.24 0.005764948
51.26 0.005672116
51.28 0.005299804
51.3 0.005541531
51.32 0.004133919
51.34 0.003711626
51.36 0.003660614
51.38 0.001939861
51.4 0.001281947
51.42 0.0006332143
51.44 0.0004312408
51.46 0.0005311872
51.48 0.0007290533
51.5 -0.0007061007
51.52 -0.000721415
51.54 3.790585e-06
51.56 -0.000636784
51.58 -0.002012779
51.6 -0.002290233
51.62 -0.002289229
51.64 -0.002263745
51.66 -0.002570779
51.68 -0.002358635
51.7 -0.002003691
51.72 -0.001891507
51.74 -0.001401923
51.76 -0.001740581
51.78 -0.001338717
51.8 -0.001376474
51.82 -0.001474411
51.84 -0.001796748
51.86 -0.001849806
51.88 -0.0004973035
51.9 -0.0003331013
51.92 4.836054e-05
51.94 0.001762962
51.96 0.001836384
51.98 0.000323705
52 -0.0005351539
52.02 -0.001029873
52.04 -0.001024793
52.06 -0.0006810719
52.08 -0.001414472
52.1 -0.0008575717
52.12 -0.0008749319
52.14 0.0001858476
52.16 0.0004887669
52.18 -0.0003547939
52.2 3.176493e-05
52.22 -0.0002263164
52.24 0.0002959021
52.26 -0.0007842997
52.28 -0.0007455617
52.3 -0.0006231839
52.32 -0.001573846
52.34 -0.0001499492
52.36 -6.021207e-05
52.38 -0.0003560352
52.4 0.0004293414
52.42 0.0004282977
52.44 0.0002518138
52.46 0.001233029
52.48 0.0008494854
52.5 0.001085081
52.52 0.001613415
52.54 0.001629711
52.56 0.001945885
52.58 0.001253279
52.6 0.001939714
52.62 0.002802607
52.64 0.001705061
52.66 0.002025315
52.68 0.001089948
52.7 0.000519741
52.72 0.0002228936
52.74 0.001104146
52.76 0.001698778
52.78 0.0003645899
52.8 0.0002176814
52.82 -0.0004524872
52.84 -0.0005249361
52.86 -0.0008758453
52.88 -0.0008768949
52.9 -0.001258405
52.92 -0.001184995
52.94 -0.000878005
52.96 -0.001088156
52.98 -0.002224467
53 -0.002061298
53.02 -0.001521749
53.04 -0.001363681
53.06 -0.001465713
53.08 -0.001995125
53.1 -0.001669777
53.12 -0.00189421
53.14 -0.001173103
53.16 -0.0009446572
53.18 -0.000710091
53.2 -0.0009590049
53.22 -0.001024319
53.24 -0.0009825339
53.26 -0.001016228
53.28 -0.001635404
53.3 -0.001656859
53.32 -0.001594676
53.34 -0.001162232
53.36 -0.0007522281
53.38 -0.0009297449
53.4 -0.000698242
53.42 0.0002707207
53.44 0.001355963
53.46 0.001488525
53.48 0.001355886
53.5 0.001085548
53.52 0.001032469
53.54 0.00195961
53.56 0.00189123
53.58 0.00031631
53.6 0.001416849
53.62 0.001441289
53.64 0.001425948
53.66 0.001486087
53.68 0.001385065
53.7 0.001518644
53.72 0.0004924811
53.74 0.001504279
53.76 0.001429776
53.78 0.001060492
53.8 0.001220589
53.82 0.0005198045
53.84 0.0004351002
53.86 0.0001055955
53.88 0.0001687904
53.9 -0.000190295
53.92 -0.001563261
53.94 -0.0006504068
53.96 0.0009448266
53.98 -0.0007902402
54 -0.0012674
54.02 -0.001693932
54.04 -0.001296546
54.06 -0.001090342
54.08 -0.001681918
54.1 -0.00103509
54.12 -0.001503321
54.14 -0.001682758
54.16 -0.001424243
54.18 -0.002488133
54.2 -0.004179217
54.22 -0.003597602
54.24 -0.003593831
54.26 -0.003467743
54.28 -0.003018197
54.3 -0.002493207
54.32 -0.002277762
54.34 -0.001893287
54.36 -0.001152221
54.38 -0.001131276
54.4 -0.001095707
54.42 -0.000844571
54.44 0.0005373902
54.46 0.0008526
54.48 0.001036282
54.5 0.001200716
54.52 0.002086505
54.54 0.002934164
54.56 0.003604412
54.58 0.003741222
54.6 0.003993162
54.62 0.004845942
54.64 0.004551012
54.66 0.004524923
54.68 0.003995379
54.7 0.003708366
54.72 0.003558678
54.74 0.00421051
54.76 0.004769635
54.78 0.003989749
54.8 0.003021386
54.82 0.003529403
54.84 0.002845498
54.86 0.002696362
54.88 0.002631107
54.9 0.002498774
54.92 0.001522811
54.94 0.001824497
54.96 0.002164871
54.98 0.000708506
55 0.0004553101
55.02 0.0002672019
55.04 5.843831e-05
55.06 -0.0002312968
55.08 6.992306e-05
55.1 -0.001229554
55.12 -0.002133964
55.14 -0.002169485
55.16 -0.002796686
55.18 -0.004222317
55.2 -0.00395165
55.22 -0.003895698
55.24 -0.004463275
55.26 -0.004295401
55.28 -0.003880385
55.3 -0.004263816
55.32 -0.004138716
55.34 -0.003745167
55.36 -0.003248107
55.38 -0.003031984
55.4 -0.002465582
55.42 -0.001536547
55.44 -0.001049724
55.46 -0.0006311933
55.48 -0.001021461
55.5 -0.0008713182
55.52 -0.001460347
55.54 -0.0003910975
55.56 -0.0002003733
55.58 -0.001230812
55.6 -0.0003798526
55.62 1.705941e-05
55.64 -0.0002488483
55.66 -2.265392e-05
55.68 0.000191127
55.7 0.0007933052
55.72 0.0004634184
55.74 0.0005668434
55.76 0.0009240009
55.78 0.0002712941
55.8 0.0005831798
55.82 0.0003586171
55.84 0.0005667857
55.86 0.0009174522
55.88 0.0009929233
55.9 0.0006011579
55.92 0.0003544207
55.94 0.0005268291
55.96 0.0004760736
55.98 -0.0001447997
56 -0.0006619584
56.02 -0.0005723925
56.04 -0.00072938
56.06 -0.0006819043
56.08 -0.0007336345
56.1 -0.0007284992
56.12 -0.0006150389
56.14 -0.0002136805
56.16 -9.005618e-05
56.18 -0.0002519547
56.2 -0.0001592564
56.22 -0.0001059682
56.24 -0.0002533123
56.26 -0.0003001589
56.28 -9.918557e-05
56.3 0.0003364022
56.32 0.0006257322
56.34 0.0008636717
56.36 0.0009900335
56.38 0.0008328704
56.4 0.0007252206
56.42 0.0004310264
56.44 0.0007306379
56.46 0.0007182525
56.48 0.0002314926
56.5 0.0003516172
56.52 0.0001041181
56.54 0.0005110207
56.56 0.0009658082
56.58 0.0004142698
56.6 0.0008686721
56.62 0.001032804
56.64 0.001248435
56.66 0.00117726
56.68 0.0009806035
56.7 0.0008445881
56.72 0.0007432115
56.74 0.001007949
56.76 0.0008678777
56.78 0.000944612
56.8 0.001042684
56.82 0.001559493
56.84 0.001225276
56.86 0.001197429
56.88 0.001046473
56.9 0.0008792653
56.92 0.000702334
56.94 0.0006158591
56.96 0.0006272023
56.98 0.0003779549
57 0.0003027362
57.02 6.726607e-05
57.04 0.0002045836
57.06 0.0001727934
57.08 -0.0002238349
57.1 -0.0004101426
57.12 -0.0003880868
57.14 -0.0003401815
57.16 -0.0004611031
57.18 -0.0005089535
57.2 -0.0003680046
57.22 -0.0004762898
57.24 -0.0005535764
57.26 -0.0007688807
57.28 -0.000760506
57.3 -0.0007519116
57.32 -0.0007699401
57.34 -0.0006380959
57.36 -0.0005174208
57.38 -0.0006699626
57.4 -0.0006836082
57.42 -0.00060896
57.44 -0.0006738356
57.46 -0.0005422009
57.48 -0.0007768864
57.5 -0.0007502392
57.52 -0.0006610771
57.54 -0.000540125
57.56 -0.000313964
57.58 -0.0004852053
57.6 -0.0002386402
57.62 -0.0002258424
57.64 -0.0001696309
57.66 -0.0001409411
57.68 -8.514927e-05
57.7 -4.037745e-05
57.72 -1.757427e-05
57.74 6.588895e-05
57.76 7.186172e-05
57.78 6.913927e-05
57.8 1.405467e-05
57.82 0.0001278686
57.84 9.728818e-05
57.86 3.577107e-05
57.88 -1.476487e-05
57.9 -8.743826e-06
57.92 -5.125889e-06
57.94 0.0001116636
57.96 0.0001439218
57.98 0.0001204915
58 7.413978e-05
58.02 9.384471e-05
58.04 0.0001009129
58.06 6.872628e-05
58.08 0.0001144793
58.1 9.344724e-05
58.12 0.0001047509
58.14 9.120473e-05
58.16 7.909815e-05
58.18 8.21829e-05
58.2 7.197628e-05
58.22 6.562619e-05
58.24 6.368742e-05
58.26 5.437212e-05
58.28 3.889326e-05
58.3 2.062893e-05
58.32 -8.403414e-06
58.34 -1.020484e-05
58.36 2.737588e-05
58.38 2.207541e-05
58.4 -2.397177e-07
58.42 -2.387548e-06
58.44 9.019414e-07
58.46 1.804449e-05
58.48 1.033022e-05
58.5 2.447039e-05
58.52 5.000616e-06
58.54 2.919277e-05
58.56 4.199876e-05
58.58 4.358499e-05
58.6 5.306606e-05
58.62 5.11317e-05
58.64 5.561656e-05
58.66 4.576024e-05
58.68 5.454563e-05
58.7 4.274029e-05
58.72 3.964105e-05
58.74 5.860106e-05
58.76 4.871416e-05
58.78 3.001414e-05
58.8 2.576459e-05
58.82 1.907971e-05
58.84 1.5e-05
58.86 1.578002e-05
58.88 1.19507e-05
58.9 1.144034e-05
58.92 1.031035e-05
58.94 8.912346e-06
58.96 1.071102e-05
58.98 3.34643e-06
59 1.598208e-06
59.02 -2.352987e-06
59.04 -2.908816e-06
59.06 -3.469613e-06
59.08 -3.238373e-06
59.1 -2.145491e-06
59.12 -1.014233e-07
59.14 2.884619e-06
59.16 4.39059e-06
59.18 5.032295e-06
59.2 4.952779e-06
59.22 4.683006e-06
59.24 2.433846e-06
59.26 7.388114e-07
59.28 -8.115514e-07
59.3 -2.871502e-06
59.32 -4.50435e-06
59.34 -5.590936e-06
59.36 -5.953992e-06
59.38 -7.050025e-06
59.4 -8.243947e-06
59.42 -8.561373e-06
59.44 -9.365233e-06
59.46 -1.010144e-05
59.48 -1.09708e-05
59.5 -1.146658e-05
59.52 -1.204475e-05
59.54 -1.245484e-05
59.56 -1.30168e-05
59.58 -1.353107e-05
59.6 -1.37705e-05
59.62 -1.41771e-05
59.64 -1.44527e-05
59.66 -1.480834e-05
59.68 -1.506086e-05
59.7 -1.531928e-05
59.72 -1.559742e-05
59.74 -1.584679e-05
59.76 -1.613004e-05
59.78 -1.642878e-05
59.8 -1.673879e-05
59.82 -1.706373e-05
59.84 -1.740178e-05
59.86 -1.775631e-05
59.88 -1.812693e-05
59.9 -1.851451e-05
59.92 -1.891995e-05
59.94 -1.934322e-05
59.96 -1.978435e-05
59.98 -2.024346e-05
