0 0.0001328276
0.01 0.0001345372
0.02 0.0001392451
0.03 0.0001452625
0.04 0.0001484738
0.05 0.0001475848
0.06 0.0001495842
0.07 0.0001560976
0.08 0.000161744
0.09 0.0001712848
0.1 0.000198491
0.11 0.0002219519
0.12 0.0002327232
0.13 0.0002473091
0.14 0.000257045
0.15 0.0002142498
0.16 0.0001498871
0.17 0.0001358218
0.18 0.00014743
0.19 0.0001481121
0.2 0.0001464494
0.21 0.0001536106
0.22 0.0001587196
0.23 0.0001584861
0.24 0.0001586885
0.25 0.0001610853
0.26 0.0001668427
0.27 0.00016829
0.28 9.695496e-05
0.29 6.219331e-05
0.3 0.0001639926
0.31 0.0002134618
0.32 0.0002675025
0.33 0.0003542895
0.34 0.0002679175
0.35 0.0003358296
0.36 0.0003530776
0.37 0.0002284908
0.38 0.0002093018
0.39 0.00024307
0.4 0.000247059
0.41 0.0002935972
0.42 0.0005830938
0.43 0.0008029139
0.44 0.0008147795
0.45 0.0005965083
0.46 0.0003053293
0.47 0.0002786022
0.48 0.0003516984
0.49 0.0003561197
0.5 0.0001167462
0.51 -0.0002711864
0.52 -0.0003479576
0.53 -7.846454e-05
0.54 0.0008100599
0.55 0.001063313
0.56 0.0001973134
0.57 -0.0004244034
0.58 -0.0003707644
0.59 -0.0002909974
0.6 -0.0003429835
0.61 -0.0003148744
0.62 0.0005143828
0.63 0.001575521
0.64 0.001710913
0.65 0.001577587
0.66 0.001655964
0.67 0.001745452
0.68 0.001768185
0.69 0.001796375
0.7 0.001840275
0.71 0.001905694
0.72 0.002002031
0.73 0.002061085
0.74 0.00209253
0.75 0.00213092
0.76 0.002185646
0.77 0.002259209
0.78 0.00221558
0.79 0.0009845187
0.8 -0.0004611859
0.81 -0.0005596374
0.82 -0.0003222309
0.83 -0.0003600673
0.84 -0.0003709781
0.85 -0.0002953867
0.86 -0.0002860687
0.87 -0.000310964
0.88 -0.0003179721
0.89 -0.0002959895
0.9 -0.0002651161
0.91 -0.0002658895
0.92 -0.0002702902
0.93 0.0002240639
0.94 0.001966945
0.95 0.003412416
0.96 0.003463294
0.97 0.003280881
0.98 0.003400761
0.99 0.003513923
1 0.002142111
1.01 -3.754339e-05
1.02 -0.0004103648
1.03 -4.656599e-05
1.04 -4.576153e-05
1.05 -0.0001085693
1.06 -4.763844e-05
1.07 -2.087754e-05
1.08 -3.183657e-05
1.09 0.0004686263
1.1 0.00247376
1.11 0.004352437
1.12 0.004387845
1.13 0.00279126
1.14 0.0005928459
1.15 -0.000195794
1.16 -0.001334541
1.17 -0.002853682
1.18 -0.001121376
1.19 0.0005543127
1.2 0.0004102312
1.21 0.001540998
1.22 0.004569331
1.23 0.005421185
1.24 0.00469334
1.25 0.002878991
1.26 0.0006548707
1.27 0.0001024583
1.28 0.0005119338
1.29 0.0005930084
1.3 0.0004961797
1.31 0.0004987881
1.32 0.0005538141
1.33 0.0006122315
1.34 0.00044668
1.35 -0.0008692114
1.36 -0.001958406
1.37 -0.001797759
1.38 -0.001561724
1.39 -0.001627632
1.4 -0.001673259
1.41 -0.001639745
1.42 -0.001576023
1.43 -0.001549038
1.44 -0.001644844
1.45 -0.002594396
1.46 -0.002568246
1.47 -0.001488571
1.48 -0.001252693
1.49 -0.000592812
1.5 0.001086605
1.51 0.002720592
1.52 0.003729547
1.53 0.00374166
1.54 0.003602112
1.55 0.003544625
1.56 0.002450723
1.57 0.001170542
1.58 0.001532312
1.59 0.003311253
1.6 0.004876584
1.61 0.006034176
1.62 0.004960133
1.63 0.002177533
1.64 0.0009800291
1.65 0.000631886
1.66 -0.001570476
1.67 -0.003584639
1.68 -0.003575503
1.69 -0.003237407
1.7 -0.003304122
1.71 -0.003368186
1.72 -0.003298017
1.73 -0.003228716
1.74 -0.00322941
1.75 -0.003239445
1.76 -0.003235944
1.77 -0.003226519
1.78 -0.003138372
1.79 -0.003029109
1.8 -0.003011189
1.81 -0.00244485
1.82 -0.0001327452
1.83 0.002033505
1.84 0.002218429
1.85 0.002241371
1.86 0.003761786
1.87 0.004079527
1.88 0.002361153
1.89 0.0004790459
1.9 -0.001851308
1.91 -0.003072879
1.92 -0.002912246
1.93 -0.002640447
1.94 -0.0005906356
1.95 0.002706188
1.96 0.00586692
1.97 0.007550233
1.98 0.006689057
1.99 0.004048969
2 0.002081126
2.01 0.0005432647
2.02 -0.001790219
2.03 -0.003354344
2.04 -0.003869266
2.05 -0.002750909
2.06 -0.001905447
2.07 -0.0006800532
2.08 -0.0001717796
2.09 -0.001770751
2.1 -0.002573893
2.11 -0.002385331
2.12 -0.003554277
2.13 -0.005234401
2.14 -0.00670345
2.15 -0.007220157
2.16 -0.006034266
2.17 -0.00315814
2.18 1.42507e-05
2.19 0.002895294
2.2 0.00510274
2.21 0.005530952
2.22 0.004145497
2.23 0.001284875
2.24 -0.00179679
2.25 -0.004042872
2.26 -0.004557471
2.27 -0.004276118
2.28 -0.003049396
2.29 -0.00144907
2.3 0.0001275954
2.31 0.0008711908
2.32 0.0007503986
2.33 0.000524134
2.34 -0.0006744021
2.35 -0.002198402
2.36 -0.003655167
2.37 -0.003494849
2.38 -0.001801429
2.39 -0.001135261
2.4 0.0001721998
2.41 0.002718901
2.42 0.003735354
2.43 0.003438034
2.44 0.003192901
2.45 0.001793743
2.46 -0.0007934542
2.47 -0.002376883
2.48 -0.003618402
2.49 -0.00503574
2.5 -0.005957891
2.51 -0.003467177
2.52 -0.0005788094
2.53 0.001481646
2.54 0.003399674
2.55 0.00374001
2.56 0.002101361
2.57 -0.0005408292
2.58 -0.001603846
2.59 -0.001269054
2.6 -0.001057706
2.61 -0.001173705
2.62 -0.001216684
2.63 -0.001177981
2.64 -0.0005502259
2.65 0.001007223
2.66 0.001561081
2.67 0.001423199
2.68 0.001104227
2.69 -0.0003808692
2.7 -0.001288693
2.71 -0.001945291
2.72 -0.0031261
2.73 -0.002118534
2.74 -0.0007193994
2.75 -0.000741502
2.76 -0.0008966873
2.77 -0.00091647
2.78 -0.002337904
2.79 -0.004969046
2.8 -0.006982547
2.81 -0.009802465
2.82 -0.01107087
2.83 -0.01047754
2.84 -0.0073816
2.85 -0.003090533
2.86 -0.0006836971
2.87 -0.0004196915
2.88 -0.0006401671
2.89 -0.0006126334
2.9 -0.0002149967
2.91 0.00175605
2.92 0.004203973
2.93 0.004727525
2.94 0.004376242
2.95 0.004082425
2.96 0.002301699
2.97 -0.0001675004
2.98 -0.001574263
2.99 -0.002600313
3 -0.001692779
3.01 -0.0002748909
3.02 -0.0001891404
3.03 0.0002830672
3.04 0.00275858
3.05 0.004789471
3.06 0.004598028
3.07 0.002587767
3.08 0.0001557328
3.09 -0.0004690973
3.1 -0.001188005
3.11 -0.002615015
3.12 -0.002775089
3.13 -0.002421742
3.14 -0.001731784
3.15 -0.0002625855
3.16 0.0002376164
3.17 -0.0002210318
3.18 -0.001634396
3.19 -0.001987607
3.2 -0.0003334128
3.21 0.0004116035
3.22 0.000135613
3.23 3.891393e-05
3.24 0.0001410443
3.25 0.0002124197
3.26 0.00021817
3.27 0.0002104337
3.28 0.0002107031
3.29 -0.0001631184
3.3 -0.002205111
3.31 -0.004544303
3.32 -0.00493572
3.33 -0.004541854
3.34 -0.00452232
3.35 -0.004613866
3.36 -0.00460095
3.37 -0.004545528
3.38 -0.004359659
3.39 -0.002815906
3.4 -0.0002241784
3.41 0.0008069138
3.42 0.0005434547
3.43 0.0004264342
3.44 0.0003377955
3.45 -0.001212576
3.46 -0.003812669
3.47 -0.004106298
3.48 -0.002213161
3.49 -0.001437884
3.5 -0.0004735925
3.51 0.0007158045
3.52 0.001426359
3.53 0.002026631
3.54 0.00116274
3.55 0.0007960291
3.56 0.002289147
3.57 0.003515055
3.58 0.003420605
3.59 0.00326167
3.6 0.003382228
3.61 0.003428451
3.62 0.003391116
3.63 0.002837757
3.64 0.001351388
3.65 0.0006449377
3.66 -0.0002756583
3.67 -0.001444171
3.68 -0.001623083
3.69 -0.0008430369
3.7 0.0007155913
3.71 0.001220912
3.72 0.0009915156
3.73 0.0009475321
3.74 0.0005015192
3.75 -0.001019498
3.76 -0.001646734
3.77 -0.00137856
3.78 -0.001247261
3.79 -0.001304249
3.8 -0.0006977274
3.81 0.0009356406
3.82 0.002519407
3.83 0.003705163
3.84 0.003817587
3.85 0.003646626
3.86 0.003733407
3.87 0.004758323
3.88 0.006377591
3.89 0.007941317
3.9 0.008426047
3.91 0.006252559
3.92 0.002977864
3.93 -0.0001367302
3.94 -0.004203675
3.95 -0.00798134
3.96 -0.008404588
3.97 -0.005618493
3.98 -0.00238542
3.99 0.0002937259
4 0.001584099
4.01 0.001605658
4.02 0.001519853
4.03 0.001532754
4.04 0.001378485
4.05 0.0002196022
4.06 -0.0009949477
4.07 -0.001064428
4.08 -0.0001856813
4.09 0.001333471
4.1 0.001779095
4.11 0.001564225
4.12 0.001140497
4.13 -0.0003247153
4.14 -0.001889835
4.15 -0.003161604
4.16 -0.003389592
4.17 -0.003219234
4.18 -0.00319431
4.19 -0.003143089
4.2 -0.002245888
4.21 -0.0006440472
4.22 0.0009411388
4.23 0.00236535
4.24 0.003869872
4.25 0.00446696
4.26 0.003291754
4.27 0.00178912
4.28 0.001373051
4.29 0.0001569544
4.3 -0.001414244
4.31 -0.002798485
4.32 -0.003077998
4.33 -0.00239812
4.34 -0.001353144
4.35 -0.0005539609
4.36 0.0002847205
4.37 0.0007852564
4.38 -0.0001593296
4.39 -0.0005739575
4.4 -0.0004565012
4.41 -0.00107001
4.42 -0.001592163
4.43 0.0006404105
4.44 0.003502257
4.45 0.003667304
4.46 0.00328708
4.47 0.002478507
4.48 0.00104472
4.49 -0.0004836626
4.5 -0.00168635
4.51 -0.001083683
4.52 -0.000133081
4.53 -5.259365e-05
4.54 0.0008990818
4.55 0.002544256
4.56 0.003735327
4.57 0.003003095
4.58 0.001370974
4.59 -0.000159218
4.6 -0.001526711
4.61 -0.002638557
4.62 -0.002692635
4.63 -0.001798805
4.64 -0.0001945591
4.65 0.00135182
4.66 0.002252584
4.67 0.0009539019
4.68 -0.0002312339
4.69 -8.905575e-05
4.7 7.108417e-05
4.71 -0.001194364
4.72 -0.002616788
4.73 -0.002644662
4.74 -0.002256194
4.75 -0.001334477
4.76 0.0002229129
4.77 0.001819444
4.78 0.002806789
4.79 0.002740498
4.8 0.001838978
4.81 0.0004174499
4.82 2.874811e-05
4.83 0.0001939511
4.84 0.0002055365
4.85 -0.0004411283
4.86 -0.001992518
4.87 -0.003658373
4.88 -0.006033346
4.89 -0.007368753
4.9 -0.007224615
4.91 -0.006240582
4.92 -0.00370599
4.93 -0.0005281228
4.94 0.002425783
4.95 0.004866564
4.96 0.005618196
4.97 0.005367203
4.98 0.0051638
4.99 0.003989451
5 0.002821642
5.01 0.002803463
5.02 0.002270148
5.03 0.0007384479
5.04 0.0003055242
5.05 0.0005601132
5.06 0.0005866497
5.07 0.001103331
5.08 0.002672784
5.09 0.003160579
5.1 0.001745123
5.11 4.809133e-05
5.12 -0.001384559
5.13 -0.001968703
5.14 -0.0009027521
5.15 0.0008089766
5.16 0.002349923
5.17 0.003682608
5.18 0.005154811
5.19 0.004900314
5.2 0.002004501
5.21 -0.002401516
5.22 -0.006525485
5.23 -0.008860225
5.24 -0.007982308
5.25 -0.0047612
5.26 -0.00333797
5.27 -0.001391542
5.28 -0.000674964
5.29 -0.002209814
5.3 -0.004056059
5.31 -0.004378265
5.32 -0.003857729
5.33 -0.002113199
5.34 0.0008273106
5.35 0.003175641
5.36 0.003545952
5.37 0.003292052
5.38 0.003066948
5.39 0.001651945
5.4 0.0006944564
5.41 0.0008380828
5.42 -3.352661e-05
5.43 -0.001565317
5.44 -0.001704951
5.45 -0.0008602176
5.46 0.001343105
5.47 0.003512941
5.48 0.004886806
5.49 0.005603686
5.5 0.004282562
5.51 0.002620061
5.52 0.001263089
5.53 0.0009108087
5.54 0.001069755
5.55 0.001443128
5.56 0.002894563
5.57 0.003744044
5.58 0.002730165
5.59 0.0009057157
5.6 -0.002117218
5.61 -0.005732189
5.62 -0.006734501
5.63 -0.006151297
5.64 -0.004993763
5.65 -0.00346246
5.66 -0.001887496
5.67 -0.001031825
5.68 -0.001202749
5.69 -0.002217279
5.7 -0.003598008
5.71 -0.0038542
5.72 -0.00363826
5.73 -0.003633285
5.74 -0.003685866
5.75 -0.003553782
5.76 -0.002560881
5.77 -0.002623439
5.78 -0.00360732
5.79 -0.003765471
5.8 -0.003487277
5.81 -0.002369811
5.82 -0.001028406
5.83 -0.0008299577
5.84 -0.001626244
5.85 -0.00314029
5.86 -0.002717971
5.87 -0.001122111
5.88 -0.0005313678
5.89 0.001144833
5.9 0.003638719
5.91 0.00418971
5.92 0.00277053
5.93 0.001141812
5.94 -0.0006579774
5.95 -0.003507653
5.96 -0.005760715
5.97 -0.006055957
5.98 -0.0056188
5.99 -0.00430741
6 -0.0032442
6.01 -0.00265891
6.02 -0.001240985
6.03 -0.0006789847
6.04 -0.0008036482
6.05 -0.001176644
6.06 -0.002694953
6.07 -0.002803902
6.08 -0.0009805212
6.09 0.0009044029
6.1 0.003525234
6.11 0.006180961
6.12 0.006928468
6.13 0.005678756
6.14 0.002942697
6.15 -0.0003634447
6.16 -0.004305246
6.17 -0.006629246
6.18 -0.007070957
6.19 -0.005801147
6.2 -0.003939418
6.21 -0.00145083
6.22 -0.0003023228
6.23 -0.0006016618
6.24 -0.001586695
6.25 -0.002945496
6.26 -0.003256616
6.27 -0.002667476
6.28 -0.001118011
6.29 -0.0003533223
6.3 -0.0005320082
6.31 -0.0005917251
6.32 -0.0007570372
6.33 -0.002653179
6.34 -0.00514391
6.35 -0.00658813
6.36 -0.007734146
6.37 -0.007957955
6.38 -0.007837019
6.39 -0.007858584
6.4 -0.007097745
6.41 -0.004442727
6.42 -0.000993364
6.43 0.003229555
6.44 0.00719297
6.45 0.009445094
6.46 0.00977424
6.47 0.009505212
6.48 0.009466136
6.49 0.009621952
6.5 0.009669845
6.51 0.008789026
6.52 0.006274745
6.53 0.004129547
6.54 0.001523952
6.55 -0.0009085851
6.56 -0.003022056
6.57 -0.00492251
6.58 -0.004281238
6.59 -0.002379912
6.6 -0.0007954567
6.61 0.000464175
6.62 0.001294696
6.63 0.001191944
6.64 0.002000424
6.65 0.002701971
6.66 0.004045753
6.67 0.005615934
6.68 0.007975314
6.69 0.009901125
6.7 0.01002063
6.71 0.009796824
6.72 0.009390391
6.73 0.007118884
6.74 0.003919287
6.75 0.0009888162
6.76 -0.001581101
6.77 -0.002697253
6.78 -0.001908142
6.79 -0.0001537841
6.8 0.001358912
6.81 0.00253503
6.82 0.002372153
6.83 -0.0002371042
6.84 -0.005611796
6.85 -0.01081693
6.86 -0.01378474
6.87 -0.01505577
6.88 -0.01639659
6.89 -0.0172641
6.9 -0.01712851
6.91 -0.01603276
6.92 -0.01422896
6.93 -0.010585
6.94 -0.00517995
6.95 -0.001277175
6.96 0.002070618
6.97 0.005131366
6.98 0.005819992
6.99 0.006780643
7 0.007824928
7.01 0.008583079
7.02 0.009955534
7.03 0.0104044
7.04 0.01024263
7.05 0.00974718
7.06 0.008193611
7.07 0.006644984
7.08 0.005295834
7.09 0.003610687
7.1 0.0008091249
7.11 -0.002280346
7.12 -0.005172231
7.13 -0.007932967
7.14 -0.009557902
7.15 -0.009027856
7.16 -0.005306623
7.17 -0.0004106691
7.18 0.004753799
7.19 0.008224729
7.2 0.0079077
7.21 0.004184876
7.22 -0.000458543
7.23 -0.004791764
7.24 -0.007968467
7.25 -0.009201744
7.26 -0.007555711
7.27 -0.003887637
7.28 0.001265416
7.29 0.006415404
7.3 0.00853003
7.31 0.007995909
7.32 0.005968774
7.33 0.00359398
7.34 0.002941395
7.35 0.003244588
7.36 0.00334375
7.37 0.00331303
7.38 0.003309197
7.39 0.002690722
7.4 0.000315978
7.41 -0.00177551
7.42 -0.001912408
7.43 -0.00159529
7.44 -0.002160161
7.45 -0.004474655
7.46 -0.006653112
7.47 -0.008160284
7.48 -0.01018196
7.49 -0.009476235
7.5 -0.006143784
7.51 -0.001209181
7.52 0.00693119
7.53 0.01609785
7.54 0.0217297
7.55 0.02440207
7.56 0.02313972
7.57 0.01871739
7.58 0.01287578
7.59 0.007201911
7.6 0.003341196
7.61 0.001944888
7.62 0.003164721
7.63 0.005047846
7.64 0.007476144
7.65 0.009191727
7.66 0.01059992
7.67 0.01119212
7.68 0.01005588
7.69 0.007193217
7.7 0.004100794
7.71 0.0003396697
7.72 -0.006224524
7.73 -0.0130823
7.74 -0.01992166
7.75 -0.02820318
7.76 -0.03480937
7.77 -0.03642799
7.78 -0.03429073
7.79 -0.02900656
7.8 -0.02040358
7.81 -0.009200812
7.82 -0.0005219256
7.83 0.003560816
7.84 0.004135956
7.85 0.003831538
7.86 0.003690373
7.87 0.002371575
7.88 0.001703927
7.89 0.003372907
7.9 0.004301503
7.91 0.004081896
7.92 0.003675224
7.93 0.001814342
7.94 0.0006369405
7.95 0.003158446
7.96 0.005574799
7.97 0.006820478
7.98 0.008197134
7.99 0.008692959
8 0.006380784
8.01 0.002108223
8.02 -0.003377758
8.03 -0.007772767
8.04 -0.0101839
8.05 -0.01083274
8.06 -0.009869468
8.07 -0.007060799
8.08 -0.003793574
8.09 -0.001208941
8.1 -0.0003442417
8.11 -0.0005578744
8.12 -0.0006487645
8.13 -0.0001825517
8.14 0.003959377
8.15 0.00976063
8.16 0.01507492
8.17 0.02000478
8.18 0.02309776
8.19 0.02292616
8.2 0.02023875
8.21 0.01805273
8.22 0.01523664
8.23 0.01213961
8.24 0.00711825
8.25 0.0009827746
8.26 -0.005314158
8.27 -0.0120057
8.28 -0.01695909
8.29 -0.01973348
8.3 -0.01742042
8.31 -0.01122103
8.32 -0.00483072
8.33 0.0003284458
8.34 0.003514965
8.35 0.004960541
8.36 0.005000687
8.37 0.00407501
8.38 0.0004994074
8.39 -0.003432733
8.4 -0.006138476
8.41 -0.007473242
8.42 -0.007439006
8.43 -0.006766465
8.44 -0.005236776
8.45 -0.004511341
8.46 -0.003614059
8.47 -0.002089303
8.48 -0.0004697124
8.49 0.0009350556
8.5 0.003961022
8.51 0.00964414
8.52 0.01592466
8.53 0.02125447
8.54 0.02257698
8.55 0.01912366
8.56 0.01329914
8.57 0.007325965
8.58 0.001811716
8.59 -0.001784096
8.6 -0.001874761
8.61 4.396292e-05
8.62 0.00067482
8.63 0.0002610714
8.64 -0.001085694
8.65 -0.00216968
8.66 -0.001095801
8.67 0.003163054
8.68 0.008496694
8.69 0.01254338
8.7 0.01493686
8.71 0.01504207
8.72 0.01178999
8.73 0.007056278
8.74 0.003972999
8.75 0.002994246
8.76 0.003185426
8.77 0.00331238
8.78 0.003202464
8.79 0.002069169
8.8 -0.0007014604
8.81 -0.003868423
8.82 -0.007408008
8.83 -0.01240795
8.84 -0.017319
8.85 -0.01912872
8.86 -0.01753419
8.87 -0.01573504
8.88 -0.01432809
8.89 -0.01296685
8.9 -0.01251429
8.91 -0.01380209
8.92 -0.01563085
8.93 -0.01701293
8.94 -0.01905208
8.95 -0.02101508
8.96 -0.02009906
8.97 -0.01660915
8.98 -0.01138473
8.99 -0.005452834
9 0.0003283236
9.01 0.004040737
9.02 0.0068895
9.03 0.01079371
9.04 0.01410532
9.05 0.01683292
9.06 0.01973244
9.07 0.02313656
9.08 0.02929093
9.09 0.03737722
9.1 0.04141562
9.11 0.04028967
9.12 0.03702077
9.13 0.03255462
9.14 0.02678954
9.15 0.02131621
9.16 0.01788968
9.17 0.01537008
9.18 0.01383705
9.19 0.01377576
9.2 0.01355446
9.21 0.01142365
9.22 0.009103492
9.23 0.007683334
9.24 0.00515295
9.25 0.001991391
9.26 -0.001413366
9.27 -0.0065023
9.28 -0.01261099
9.29 -0.01945123
9.3 -0.02527731
9.31 -0.02921158
9.32 -0.03006095
9.33 -0.02743556
9.34 -0.0229978
9.35 -0.01724528
9.36 -0.01102591
9.37 -0.005707568
9.38 -0.00361577
9.39 -0.005091899
9.4 -0.008283869
9.41 -0.01377609
9.42 -0.01912169
9.43 -0.02072186
9.44 -0.01937393
9.45 -0.01667339
9.46 -0.01491845
9.47 -0.01491269
9.48 -0.01607352
9.49 -0.01912961
9.5 -0.0204111
9.51 -0.01980029
9.52 -0.01808189
9.53 -0.01484116
9.54 -0.00961887
9.55 -0.003553457
9.56 0.002304309
9.57 0.005828526
9.58 0.00919365
9.59 0.01441469
9.6 0.01839546
9.61 0.02183513
9.62 0.02495564
9.63 0.02540363
9.64 0.02456072
9.65 0.02244704
9.66 0.0193522
9.67 0.01648021
9.68 0.01464039
9.69 0.01164154
9.7 0.007761693
9.71 0.005440417
9.72 0.005225135
9.73 0.005532165
9.74 0.005556924
9.75 0.005504894
9.76 0.005487683
9.77 0.003973654
9.78 -0.0001248412
9.79 -0.003682962
9.8 -0.006032742
9.81 -0.006881386
9.82 -0.006066448
9.83 -0.004337016
9.84 -0.003830361
9.85 -0.004328274
9.86 -0.006513271
9.87 -0.01105354
9.88 -0.01488511
9.89 -0.01753312
9.9 -0.02014375
9.91 -0.02180158
9.92 -0.02308493
9.93 -0.02380765
9.94 -0.02373785
9.95 -0.0234761
9.96 -0.02207804
9.97 -0.01868313
9.98 -0.01327881
9.99 -0.0071933
10 -0.0003517207
10.01 0.006522531
10.02 0.009366562
10.03 0.008492756
10.04 0.006037011
10.05 0.003077582
10.06 0.0001673531
10.07 -0.002489995
10.08 -0.002914562
10.09 0.0008965978
10.1 0.004998596
10.11 0.006700893
10.12 0.006704433
10.13 0.006567821
10.14 0.006181636
10.15 0.004721805
10.16 0.004862452
10.17 0.007693785
10.18 0.01136105
10.19 0.01611944
10.2 0.02209679
10.21 0.02797289
10.22 0.03164282
10.23 0.03157176
10.24 0.02821653
10.25 0.0241591
10.26 0.02058258
10.27 0.0155117
10.28 0.01056749
10.29 0.007336081
10.3 0.003062319
10.31 -0.002427235
10.32 -0.006188092
10.33 -0.008714835
10.34 -0.01137133
10.35 -0.01305951
10.36 -0.014715
10.37 -0.01700819
10.38 -0.0177646
10.39 -0.01746153
10.4 -0.01738114
10.41 -0.01746677
10.42 -0.01743049
10.43 -0.01722006
10.44 -0.01540818
10.45 -0.01224247
10.46 -0.008534958
10.47 -0.00318673
10.48 0.0009209511
10.49 0.004403776
10.5 0.007604475
10.51 0.00814995
10.52 0.007684627
10.53 0.008165571
10.54 0.009823794
10.55 0.009624181
10.56 0.00781396
10.57 0.006156581
10.58 0.004822435
10.59 0.003352646
10.6 0.001899809
10.61 -0.0004324467
10.62 -0.002118238
10.63 -0.002079885
10.64 -0.001708788
10.65 -0.001694556
10.66 -0.001755402
10.67 -0.00174274
10.68 -0.001728859
10.69 -0.001717657
10.7 -0.001657834
10.71 -0.001572245
10.72 -0.0004159634
10.73 0.00227565
10.74 0.003769814
10.75 0.003579473
10.76 0.003375858
10.77 0.003465248
10.78 0.003504091
10.79 0.003529274
10.8 0.003191596
10.81 0.0016672
10.82 0.000914185
10.83 0.00227168
10.84 0.006184948
10.85 0.00973755
10.86 0.01267775
10.87 0.01473202
10.88 0.01519747
10.89 0.01374813
10.9 0.01027181
10.91 0.004930204
10.92 0.0009070012
10.93 -0.001672395
10.94 -0.004229593
10.95 -0.004698381
10.96 -0.003656624
10.97 -0.005703321
10.98 -0.009968242
10.99 -0.01213863
11 -0.01400512
11.01 -0.01586431
11.02 -0.01769234
11.03 -0.02050394
11.04 -0.02359589
11.05 -0.0274205
11.06 -0.03167728
11.07 -0.03424636
11.08 -0.0330729
11.09 -0.02902995
11.1 -0.02348973
11.11 -0.01751568
11.12 -0.01188038
11.13 -0.009548635
11.14 -0.009966339
11.15 -0.01024274
11.16 -0.01000648
11.17 -0.009493139
11.18 -0.006615755
11.19 -0.002453302
11.2 0.001213684
11.21 0.0046019
11.22 0.005352045
11.23 0.00342502
11.24 0.0007825888
11.25 -7.856175e-05
11.26 0.0002618239
11.27 0.001437747
11.28 0.004211081
11.29 0.007124918
11.3 0.008545772
11.31 0.009831035
11.32 0.01138522
11.33 0.01294301
11.34 0.01449435
11.35 0.01594993
11.36 0.01800998
11.37 0.02023023
11.38 0.02075523
11.39 0.02032263
11.4 0.01871176
11.41 0.01580544
11.42 0.01279027
11.43 0.01076936
11.44 0.008407383
11.45 0.004428618
11.46 0.0007616459
11.47 -0.002937378
11.48 -0.00501929
11.49 -0.006051959
11.5 -0.005197774
11.51 -0.003476167
11.52 -0.001361555
11.53 0.00220188
11.54 0.007702475
11.55 0.01382325
11.56 0.01925559
11.57 0.02119406
11.58 0.01767006
11.59 0.009902198
11.6 0.0009779547
11.61 -0.0074591
11.62 -0.01327715
11.63 -0.01701285
11.64 -0.01962525
11.65 -0.0232576
11.66 -0.02683083
11.67 -0.02984174
11.68 -0.03442006
11.69 -0.04032323
11.7 -0.04479317
11.71 -0.04555362
11.72 -0.04351681
11.73 -0.03748197
11.74 -0.02802402
11.75 -0.01726624
11.76 -0.007626088
11.77 0.002200537
11.78 0.01377734
11.79 0.02511394
11.8 0.03184592
11.81 0.03406167
11.82 0.03642054
11.83 0.03734906
11.84 0.03732061
11.85 0.03874215
11.86 0.03921447
11.87 0.03754227
11.88 0.03665281
11.89 0.03458009
11.9 0.03149667
11.91 0.02788753
11.92 0.02432856
11.93 0.02244312
11.94 0.02227276
11.95 0.02119518
11.96 0.01993272
11.97 0.02059117
11.98 0.02153111
11.99 0.01952269
12 0.01734113
12.01 0.01580387
12.02 0.01262372
12.03 0.007811094
12.04 0.004227305
12.05 0.001685778
12.06 -0.0008623128
12.07 -0.001994318
12.08 -0.001722458
12.09 -0.0007641942
12.1 0.001632918
12.11 0.003506337
12.12 0.003274806
12.13 0.001033043
12.14 -0.002732933
12.15 -0.008069516
12.16 -0.01287343
12.17 -0.01557294
12.18 -0.01635141
12.19 -0.01614673
12.2 -0.01449791
12.21 -0.00936813
12.22 -0.002950141
12.23 0.002396307
12.24 0.003812205
12.25 0.001079766
12.26 -0.003175041
12.27 -0.008468912
12.28 -0.01290723
12.29 -0.01532017
12.3 -0.01529063
12.31 -0.01280262
12.32 -0.01062366
12.33 -0.01041329
12.34 -0.01069833
12.35 -0.01066463
12.36 -0.01059977
12.37 -0.01066356
12.38 -0.01163086
12.39 -0.01293566
12.4 -0.01269372
12.41 -0.009753401
12.42 -0.004056953
12.43 0.005469171
12.44 0.01935558
12.45 0.03125816
12.46 0.03924038
12.47 0.04406345
12.48 0.0437878
12.49 0.03916803
12.5 0.03182091
12.51 0.02514626
12.52 0.02160469
12.53 0.01840326
12.54 0.01277333
12.55 0.00388709
12.56 -0.007394386
12.57 -0.01723468
12.58 -0.02501293
12.59 -0.02952822
12.6 -0.0297814
12.61 -0.02775486
12.62 -0.02510514
12.63 -0.02409727
12.64 -0.02502214
12.65 -0.02740585
12.66 -0.02803635
12.67 -0.02539308
12.68 -0.02331397
12.69 -0.02142575
12.7 -0.01927653
12.71 -0.01878678
12.72 -0.0190988
12.73 -0.01876633
12.74 -0.01661579
12.75 -0.0126525
12.76 -0.005268418
12.77 0.004942597
12.78 0.01144686
12.79 0.01485744
12.8 0.01492125
12.81 0.009987603
12.82 0.004651367
12.83 0.002107517
12.84 0.003384637
12.85 0.008543385
12.86 0.01421471
12.87 0.01743985
12.88 0.01730483
12.89 0.01445208
12.9 0.01081759
12.91 0.007112152
12.92 0.004290318
12.93 0.0006474086
12.94 -0.002512995
12.95 -0.003925378
12.96 -0.005627392
12.97 -0.007918403
12.98 -0.009293871
12.99 -0.01027496
13 -0.009235061
13.01 -0.007071641
13.02 -0.003313724
13.03 0.0004415492
13.04 0.001779211
13.05 0.0007900671
13.06 -0.0006348532
13.07 -0.003243677
13.08 -0.008522046
13.09 -0.01360729
13.1 -0.01525724
13.11 -0.01363536
13.12 -0.01183972
13.13 -0.009828454
13.14 -0.006123024
13.15 -0.0003526184
13.16 0.004425025
13.17 0.006946508
13.18 0.00765261
13.19 0.006787841
13.2 0.003161035
13.21 -0.005072762
13.22 -0.01661899
13.23 -0.02635958
13.24 -0.03204743
13.25 -0.03350925
13.26 -0.0309222
13.27 -0.02597378
13.28 -0.01856424
13.29 -0.009339121
13.3 -0.0008288686
13.31 0.005326213
13.32 0.01058968
13.33 0.01388932
13.34 0.0174154
13.35 0.02222127
13.36 0.02543113
13.37 0.02790651
13.38 0.02990308
13.39 0.03231253
13.4 0.03291289
13.41 0.0303628
13.42 0.02516128
13.43 0.01705672
13.44 0.009225084
13.45 0.001777826
13.46 -0.006283337
13.47 -0.01279159
13.48 -0.01712599
13.49 -0.01852911
13.5 -0.01650242
13.51 -0.0113145
13.52 -0.003875652
13.53 0.007065373
13.54 0.01708843
13.55 0.02308945
13.56 0.02752465
13.57 0.0292925
13.58 0.02739768
13.59 0.02100582
13.6 0.01215377
13.61 0.004295955
13.62 -0.004200542
13.63 -0.01161528
13.64 -0.01550859
13.65 -0.01678376
13.66 -0.01747445
13.67 -0.01509985
13.68 -0.007621464
13.69 -0.0005135722
13.7 0.002564874
13.71 0.005809128
13.72 0.008666343
13.73 0.00826082
13.74 0.006431835
13.75 0.004784011
13.76 0.002353646
13.77 -0.001613919
13.78 -0.005913388
13.79 -0.01347758
13.8 -0.0211897
13.81 -0.02593743
13.82 -0.02858463
13.83 -0.02970704
13.84 -0.02915466
13.85 -0.02743607
13.86 -0.02589851
13.87 -0.02448891
13.88 -0.02275748
13.89 -0.01957836
13.9 -0.01449234
13.91 -0.006662786
13.92 0.005210779
13.93 0.01884596
13.94 0.03189362
13.95 0.04073168
13.96 0.04347294
13.97 0.03888572
13.98 0.02977961
13.99 0.01910584
14 0.01044029
14.01 0.003923856
14.02 -0.0008040768
14.03 -0.004041493
14.04 -0.005827874
14.05 -0.008047481
14.06 -0.009335654
14.07 -0.009761824
14.08 -0.01101489
14.09 -0.01146769
14.1 -0.009854318
14.11 -0.006748319
14.12 -0.002169449
14.13 0.006134812
14.14 0.0154567
14.15 0.02530225
14.16 0.03254676
14.17 0.03569552
14.18 0.03597021
14.19 0.03398803
14.2 0.02884049
14.21 0.02286635
14.22 0.01874195
14.23 0.01661372
14.24 0.01477665
14.25 0.01091326
14.26 0.007022729
14.27 0.001505655
14.28 -0.005448055
14.29 -0.01085837
14.3 -0.01402398
14.31 -0.01565328
14.32 -0.01699313
14.33 -0.01851218
14.34 -0.02051002
14.35 -0.02343356
14.36 -0.02640472
14.37 -0.02922601
14.38 -0.03184804
14.39 -0.03292441
14.4 -0.03268282
14.41 -0.03171818
14.42 -0.02928945
14.43 -0.0272781
14.44 -0.02561912
14.45 -0.02228659
14.46 -0.01742653
14.47 -0.01386841
14.48 -0.01245088
14.49 -0.01244971
14.5 -0.01257236
14.51 -0.01194485
14.52 -0.009492815
14.53 -0.00539949
14.54 -0.002360502
14.55 -0.002196099
14.56 -0.002566993
14.57 -0.002468308
14.58 -0.00324929
14.59 -0.004600945
14.6 -0.003559291
14.61 -0.001682252
14.62 0.0004099995
14.63 0.004078939
14.64 0.008776424
14.65 0.01190137
14.66 0.01356894
14.67 0.01644994
14.68 0.01956622
14.69 0.02250258
14.7 0.02432405
14.71 0.02531796
14.72 0.02539176
14.73 0.02530078
14.74 0.02613425
14.75 0.02774056
14.76 0.02814131
14.77 0.02793971
14.78 0.02795369
14.79 0.0266666
14.8 0.02166526
14.81 0.01509043
14.82 0.007967669
14.83 0.001552119
14.84 -0.001550724
14.85 -0.001658469
14.86 -0.0002571353
14.87 0.00235441
14.88 0.003324125
14.89 -0.0006175444
14.9 -0.007645755
14.91 -0.01599677
14.92 -0.02369383
14.93 -0.02942017
14.94 -0.03324973
14.95 -0.03548703
14.96 -0.03592259
14.97 -0.0357439
14.98 -0.03685534
14.99 -0.03796379
15 -0.0365398
15.01 -0.03468351
15.02 -0.03239313
15.03 -0.02821112
15.04 -0.02229236
15.05 -0.01655708
15.06 -0.01232469
15.07 -0.007942318
15.08 -0.00327207
15.09 0.002127927
15.1 0.006561515
15.11 0.009795197
15.12 0.01336173
15.13 0.01463927
15.14 0.01314989
15.15 0.01046179
15.16 0.009185358
15.17 0.009996865
15.18 0.01244157
15.19 0.01449132
15.2 0.0146713
15.21 0.01419481
15.22 0.01235266
15.23 0.008677037
15.24 0.003172949
15.25 -0.002833519
15.26 -0.00838957
15.27 -0.01242211
15.28 -0.01415274
15.29 -0.01234371
15.3 -0.008981264
15.31 -0.006013286
15.32 -0.003398876
15.33 -0.002221068
15.34 -0.003011714
15.35 -0.005500187
15.36 -0.007569601
15.37 -0.008838875
15.38 -0.009776207
15.39 -0.009862205
15.4 -0.009692998
15.41 -0.009641664
15.42 -0.009647048
15.43 -0.009853134
15.44 -0.01124796
15.45 -0.01219309
15.46 -0.01202966
15.47 -0.01175834
15.48 -0.01060301
15.49 -0.009009644
15.5 -0.006451737
15.51 -0.0005309686
15.52 0.007308888
15.53 0.01374332
15.54 0.0179707
15.55 0.02217648
15.56 0.02536185
15.57 0.02578922
15.58 0.0251481
15.59 0.02256882
15.6 0.01845387
15.61 0.015809
15.62 0.01480245
15.63 0.01445852
15.64 0.01550055
15.65 0.01632996
15.66 0.0176549
15.67 0.01853741
15.68 0.01844384
15.69 0.0181946
15.7 0.01707295
15.71 0.01588008
15.72 0.01582195
15.73 0.01601864
15.74 0.01599801
15.75 0.01604558
15.76 0.01590986
15.77 0.01368378
15.78 0.008434612
15.79 0.001521137
15.8 -0.00675897
15.81 -0.01448285
15.82 -0.02158032
15.83 -0.02783189
15.84 -0.03085666
15.85 -0.03086847
15.86 -0.03039048
15.87 -0.0288556
15.88 -0.02453417
15.89 -0.02016987
15.9 -0.01656407
15.91 -0.01233338
15.92 -0.008933428
15.93 -0.00593427
15.94 -0.001535188
15.95 0.002549578
15.96 0.005377885
15.97 0.008131469
15.98 0.01108693
15.99 0.01326129
16 0.01265064
16.01 0.01088113
16.02 0.009431371
16.03 0.009301713
16.04 0.009806808
16.05 0.01177828
16.06 0.01495734
16.07 0.01788294
16.08 0.0192228
16.09 0.01671069
16.1 0.01336189
16.11 0.00990713
16.12 0.007303065
16.13 0.007095099
16.14 0.008798742
16.15 0.01143972
16.16 0.01301533
16.17 0.0136853
16.18 0.01257754
16.19 0.00950157
16.2 0.003954409
16.21 -0.002400648
16.22 -0.00940981
16.23 -0.01600044
16.24 -0.02068781
16.25 -0.02239188
16.26 -0.02191773
16.27 -0.01981005
16.28 -0.01675294
16.29 -0.01373387
16.3 -0.011707
16.31 -0.009022947
16.32 -0.004600571
16.33 0.0002535654
16.34 0.004484213
16.35 0.007833965
16.36 0.00951867
16.37 0.01039932
16.38 0.01047494
16.39 0.01038906
16.4 0.01123381
16.41 0.01288159
16.42 0.01465784
16.43 0.01750463
16.44 0.01961173
16.45 0.01783304
16.46 0.01342165
16.47 0.008495043
16.48 0.001011922
16.49 -0.008456426
16.5 -0.01465932
16.51 -0.01666052
16.52 -0.01657432
16.53 -0.01614241
16.54 -0.01447126
16.55 -0.01190657
16.56 -0.009683572
16.57 -0.006750517
16.58 -0.003610109
16.59 -0.001213697
16.6 -0.0005978474
16.61 0.001184978
16.62 0.003519402
16.63 0.003982457
16.64 0.003642344
16.65 0.003624879
16.66 0.003226383
16.67 0.0009830621
16.68 -0.002174384
16.69 -0.004977541
16.7 -0.006283245
16.71 -0.006131648
16.72 -0.005302968
16.73 -0.003028345
16.74 -0.001029816
16.75 -0.0008383806
16.76 -0.001431069
16.77 -0.00335993
16.78 -0.005731068
16.79 -0.007216644
16.8 -0.009434191
16.81 -0.01100379
16.82 -0.01095997
16.83 -0.0101414
16.84 -0.00786027
16.85 -0.005686187
16.86 -0.005298355
16.87 -0.003877144
16.88 -0.0002392876
16.89 0.005137286
16.9 0.01021105
16.91 0.01357332
16.92 0.01779472
16.93 0.02308821
16.94 0.02608278
16.95 0.02851941
16.96 0.02924068
16.97 0.0263921
16.98 0.02202965
16.99 0.01943846
17 0.01769008
17.01 0.01396094
17.02 0.01020076
17.03 0.005936693
17.04 0.0005695889
17.05 -0.003424494
17.06 -0.005978523
17.07 -0.007671956
17.08 -0.007817606
17.09 -0.007282111
17.1 -0.00581432
17.11 -0.004911348
17.12 -0.004962389
17.13 -0.003992925
17.14 -0.002328136
17.15 -0.0007563857
17.16 2.742585e-05
17.17 -5.468454e-05
17.18 -8.325699e-05
17.19 -0.000115727
17.2 -0.001472202
17.21 -0.00311568
17.22 -0.004547104
17.23 -0.005149621
17.24 -0.006034608
17.25 -0.007019457
17.26 -0.005751671
17.27 -0.004470367
17.28 -0.003774072
17.29 -0.00129344
17.3 0.003295058
17.31 0.008908406
17.32 0.01295888
17.33 0.01495882
17.34 0.01531387
17.35 0.01497966
17.36 0.01221085
17.37 0.007654344
17.38 0.003397907
17.39 0.001525404
17.4 0.0009368563
17.41 -0.000860051
17.42 -0.003909807
17.43 -0.006951612
17.44 -0.01037775
17.45 -0.01480871
17.46 -0.01813839
17.47 -0.01915871
17.48 -0.01695728
17.49 -0.01226361
17.5 -0.008269144
17.51 -0.005639587
17.52 -0.004168797
17.53 -0.004593642
17.54 -0.008185322
17.55 -0.0121761
17.56 -0.01415218
17.57 -0.01505535
17.58 -0.01502662
17.59 -0.01329713
17.6 -0.009077397
17.61 -0.002793506
17.62 0.003255415
17.63 0.006464908
17.64 0.00772021
17.65 0.008486142
17.66 0.007955399
17.67 0.006335674
17.68 0.00570841
17.69 0.004789236
17.7 0.003276443
17.71 0.001668191
17.72 0.001016471
17.73 0.001223434
17.74 0.001141872
17.75 -0.0005257285
17.76 -0.003556748
17.77 -0.006551301
17.78 -0.008486207
17.79 -0.008725916
17.8 -0.008489184
17.81 -0.008153767
17.82 -0.006221234
17.83 -0.003751616
17.84 -0.003036165
17.85 -0.001009035
17.86 0.001943111
17.87 0.004121358
17.88 0.006130956
17.89 0.005942735
17.9 0.004202233
17.91 0.003833722
17.92 0.004195456
17.93 0.004222164
17.94 0.004166914
17.95 0.005072908
17.96 0.006582452
17.97 0.006889614
17.98 0.006767432
17.99 0.007484186
18 0.009869062
18.01 0.01186044
18.02 0.01184525
18.03 0.009855893
18.04 0.007335015
18.05 0.005277881
18.06 0.002524327
18.07 0.001568725
18.08 0.001934601
18.09 0.002048189
18.1 0.002564604
18.11 0.004124976
18.12 0.004618546
18.13 0.002812645
18.14 -0.001926909
18.15 -0.007992473
18.16 -0.01325787
18.17 -0.01641536
18.18 -0.01776748
18.19 -0.01727923
18.2 -0.01394154
18.21 -0.009841376
18.22 -0.006064729
18.23 0.0004981937
18.24 0.008213224
18.25 0.01389337
18.26 0.01735447
18.27 0.02004028
18.28 0.02197764
18.29 0.02211981
18.3 0.02035862
18.31 0.01771485
18.32 0.01675263
18.33 0.01637623
18.34 0.01480596
18.35 0.01309971
18.36 0.01144606
18.37 0.008030909
18.38 0.004101957
18.39 -0.0004020416
18.4 -0.003820208
18.41 -0.003129355
18.42 -0.005150849
18.43 -0.009339865
18.44 -0.0112804
18.45 -0.01011841
18.46 -0.009622478
18.47 -0.009301069
18.48 -0.008523923
18.49 -0.007531201
18.5 -0.006050702
18.51 -0.004218726
18.52 -0.001469402
18.53 0.0004674293
18.54 -0.000497876
18.55 -0.002464438
18.56 -0.005058451
18.57 -0.007775451
18.58 -0.009282287
18.59 -0.01053162
18.6 -0.01113172
18.61 -0.01089327
18.62 -0.009510709
18.63 -0.007955595
18.64 -0.007022436
18.65 -0.007976394
18.66 -0.008874771
18.67 -0.009870001
18.68 -0.01100947
18.69 -0.0111407
18.7 -0.01092463
18.71 -0.01010108
18.72 -0.008506053
18.73 -0.006848034
18.74 -0.005479574
18.75 -0.003989135
18.76 -0.003310838
18.77 -0.003456974
18.78 -0.003724197
18.79 -0.004959373
18.8 -0.006510155
18.81 -0.008678842
18.82 -0.01084378
18.83 -0.01212834
18.84 -0.01203644
18.85 -0.01093014
18.86 -0.01014949
18.87 -0.008759301
18.88 -0.007105658
18.89 -0.004662517
18.9 -0.003174486
18.91 -0.002837132
18.92 -0.00151409
18.93 -0.0006891144
18.94 -0.0008515975
18.95 -0.0008128918
18.96 0.001388588
18.97 0.006071991
18.98 0.009182668
18.99 0.0102129
19 0.01129686
19.01 0.01158956
19.02 0.01137076
19.03 0.01073482
19.04 0.009283677
19.05 0.008759917
19.06 0.008974046
19.07 0.009034548
19.08 0.009462577
19.09 0.01103502
19.1 0.01173197
19.11 0.011553
19.12 0.01122594
19.13 0.009743578
19.14 0.008119661
19.15 0.005818533
19.16 0.001906171
19.17 -0.00128997
19.18 -0.00277549
19.19 -0.003344915
19.2 -0.003276508
19.21 -0.003317599
19.22 -0.004512424
19.23 -0.006164969
19.24 -0.008158542
19.25 -0.0116113
19.26 -0.01539915
19.27 -0.01732066
19.28 -0.01918965
19.29 -0.01887768
19.3 -0.01575571
19.31 -0.01181787
19.32 -0.007376823
19.33 -0.00292515
19.34 0.0008862681
19.35 0.002519805
19.36 0.00373316
19.37 0.005206911
19.38 0.006888578
19.39 0.009715027
19.4 0.01373279
19.41 0.01644947
19.42 0.01755283
19.43 0.01787943
19.44 0.01668552
19.45 0.01469054
19.46 0.01222467
19.47 0.01134146
19.48 0.01160566
19.49 0.01084153
19.5 0.01076552
19.51 0.01323362
19.52 0.01411623
19.53 0.01214522
19.54 0.010378
19.55 0.009027207
19.56 0.006072251
19.57 0.001979462
19.58 -0.001755606
19.59 -0.006718041
19.6 -0.0117329
19.61 -0.01467191
19.62 -0.01561844
19.63 -0.01549913
19.64 -0.01469246
19.65 -0.01221847
19.66 -0.00914811
19.67 -0.007492338
19.68 -0.005950633
19.69 -0.003596746
19.7 -0.002039146
19.71 -0.0007989205
19.72 -0.0005172498
19.73 -0.0006664798
19.74 -0.0005811271
19.75 -0.001183042
19.76 -0.002884051
19.77 -0.004472639
19.78 -0.005773451
19.79 -0.00727137
19.8 -0.008699988
19.81 -0.0101117
19.82 -0.0106058
19.83 -0.01049482
19.84 -0.01045746
19.85 -0.01049772
19.86 -0.01047635
19.87 -0.01040481
19.88 -0.01012505
19.89 -0.007591915
19.9 -0.004814389
19.91 -0.002713636
19.92 0.0007482949
19.93 0.004304769
19.94 0.004888225
19.95 0.004408172
19.96 0.004415826
19.97 0.004530505
19.98 0.00450726
19.99 0.004476821
20 0.004691136
20.01 0.006508414
20.02 0.009117899
20.03 0.0106374
20.04 0.01279952
20.05 0.01459639
20.06 0.01467328
20.07 0.01434044
20.08 0.01434146
20.09 0.01448459
20.1 0.01557418
20.11 0.01692049
20.12 0.01704667
20.13 0.01627557
20.14 0.01475321
20.15 0.013135
20.16 0.01056361
20.17 0.007493255
20.18 0.004991402
20.19 0.004286572
20.2 0.003763601
20.21 0.003352869
20.22 0.004562375
20.23 0.006753583
20.24 0.009188194
20.25 0.01067157
20.26 0.01284875
20.27 0.01445135
20.28 0.01294258
20.29 0.009563598
20.3 0.006545811
20.31 0.004596067
20.32 0.003325716
20.33 0.002385311
20.34 0.00360795
20.35 0.00487233
20.36 0.004746102
20.37 0.003422411
20.38 -0.0006529437
20.39 -0.006439222
20.4 -0.01050181
20.41 -0.01243088
20.42 -0.01279529
20.43 -0.01255958
20.44 -0.01134327
20.45 -0.01044759
20.46 -0.01184
20.47 -0.01360678
20.48 -0.01499161
20.49 -0.01526657
20.5 -0.01504605
20.51 -0.01462979
20.52 -0.01249625
20.53 -0.008503116
20.54 -0.004913493
20.55 -0.002171317
20.56 0.0001808733
20.57 0.002291292
20.58 0.004479212
20.59 0.006022979
20.6 0.008568291
20.61 0.01169885
20.62 0.0141924
20.63 0.01487711
20.64 0.01460563
20.65 0.0134443
20.66 0.01084975
20.67 0.009458721
20.68 0.009197138
20.69 0.007066315
20.7 0.003798808
20.71 0.0008093316
20.72 -0.00200085
20.73 -0.004910829
20.74 -0.00724022
20.75 -0.007818355
20.76 -0.007576088
20.77 -0.007537581
20.78 -0.007606807
20.79 -0.008076001
20.8 -0.009574992
20.81 -0.01014957
20.82 -0.008835132
20.83 -0.007143718
20.84 -0.005660052
20.85 -0.00485501
20.86 -0.004166546
20.87 -0.002606182
20.88 -0.0009406007
20.89 9.434795e-05
20.9 8.536691e-05
20.91 0.0005905713
20.92 0.002250054
20.93 0.003876558
20.94 0.005228375
20.95 0.006742022
20.96 0.007623433
20.97 0.007480653
20.98 0.007322503
20.99 0.007581015
21 0.008999036
21.01 0.01005816
21.02 0.009280249
21.03 0.006731067
21.04 0.004697051
21.05 0.003168447
21.06 0.0008482368
21.07 -0.0002206672
21.08 1.724078e-05
21.09 0.0001598655
21.1 0.0001216819
21.11 0.0001553725
21.12 0.0001805999
21.13 0.0001712727
21.14 0.0002471301
21.15 0.00135315
21.16 0.002712805
21.17 0.002832762
21.18 0.002045694
21.19 -0.0002555745
21.2 -0.003385756
21.21 -0.006341995
21.22 -0.009229312
21.23 -0.01213031
21.24 -0.01435754
21.25 -0.01401848
21.26 -0.01212052
21.27 -0.01044526
21.28 -0.009523876
21.29 -0.008402339
21.3 -0.004590946
21.31 -0.0008422018
21.32 0.0006718652
21.33 0.0018146
21.34 0.002840337
21.35 0.003472892
21.36 0.004048052
21.37 0.002149731
21.38 -9.789696e-05
21.39 -0.001876322
21.4 -0.00407884
21.41 -0.005588643
21.42 -0.006810217
21.43 -0.006931374
21.44 -0.005434818
21.45 -0.004261848
21.46 -0.003696968
21.47 -0.00147975
21.48 0.000625355
21.49 0.0007698144
21.5 0.0004471455
21.51 0.0004862065
21.52 0.0005540046
21.53 0.0005312998
21.54 0.0005246695
21.55 0.0005843548
21.56 0.0006308336
21.57 0.0005976946
21.58 -0.0002936718
21.59 -0.002795855
21.6 -0.004729713
21.61 -0.006422296
21.62 -0.008713254
21.63 -0.01026411
21.64 -0.01155223
21.65 -0.01189586
21.66 -0.01196472
21.67 -0.01341041
21.68 -0.01439489
21.69 -0.01341479
21.7 -0.01175225
21.71 -0.01146862
21.72 -0.01185369
21.73 -0.01250284
21.74 -0.01342702
21.75 -0.01409922
21.76 -0.01429422
21.77 -0.01545364
21.78 -0.01663326
21.79 -0.01661082
21.8 -0.01558038
21.81 -0.01411456
21.82 -0.01359981
21.83 -0.01208761
21.84 -0.00950674
21.85 -0.007933218
21.86 -0.005867552
21.87 -0.003905751
21.88 -0.002468303
21.89 -0.001529491
21.9 -0.001462809
21.91 -0.0007393805
21.92 0.0006393578
21.93 2.677881e-05
21.94 -4.426018e-05
21.95 0.0009775916
21.96 0.001125081
21.97 1.98452e-05
21.98 -0.001429759
21.99 -0.001618265
22 -0.001761681
22.01 -0.003303872
22.02 -0.004227164
22.03 -0.005152263
22.04 -0.007665125
22.05 -0.009552762
22.06 -0.01082569
22.07 -0.01144823
22.08 -0.011299
22.09 -0.01010906
22.1 -0.008524966
22.11 -0.006543008
22.12 -0.003633054
22.13 -0.001364009
22.14 -2.916979e-05
22.15 0.001054311
22.16 0.001321575
22.17 0.001248508
22.18 0.001241725
22.19 0.001260557
22.2 0.00121291
22.21 0.001410571
22.22 0.003268657
22.23 0.005877202
22.24 0.006632611
22.25 0.007239624
22.26 0.008629908
22.27 0.00896829
22.28 0.008715965
22.29 0.00803012
22.3 0.006607227
22.31 0.005995469
22.32 0.0051049
22.33 0.005308428
22.34 0.006290197
22.35 0.006438029
22.36 0.007207364
22.37 0.008873513
22.38 0.01055273
22.39 0.01139351
22.4 0.01130366
22.41 0.01117743
22.42 0.01005975
22.43 0.007406213
22.44 0.005733765
22.45 0.004467696
22.46 0.00379521
22.47 0.003885072
22.48 0.004075791
22.49 0.004142526
22.5 0.004106872
22.51 0.003416157
22.52 0.001830294
22.53 0.001382217
22.54 0.001730788
22.55 0.002187509
22.56 0.00415837
22.57 0.00645265
22.58 0.007936818
22.59 0.01028612
22.6 0.01213604
22.61 0.01397434
22.62 0.01623463
22.63 0.01691313
22.64 0.01661486
22.65 0.01679721
22.66 0.01867845
22.67 0.0206666
22.68 0.01976528
22.69 0.01789337
22.7 0.0164862
22.71 0.01480998
22.72 0.01194924
22.73 0.008912525
22.74 0.006944209
22.75 0.006720167
22.76 0.00696049
22.77 0.006552732
22.78 0.00441819
22.79 0.00212025
22.8 0.001732321
22.81 0.001882705
22.82 0.0006003169
22.83 -0.0005826927
22.84 -0.001146748
22.85 -0.001763424
22.86 -0.001813786
22.87 -0.002611689
22.88 -0.002949318
22.89 -0.002819964
22.9 -0.003521531
22.91 -0.005998876
22.92 -0.007928307
22.93 -0.007704274
22.94 -0.005886019
22.95 -0.004912605
22.96 -0.004339526
22.97 -0.004045648
22.98 -0.005090419
22.99 -0.005385504
23 -0.005584679
23.01 -0.00714818
23.02 -0.007959815
23.03 -0.007743483
23.04 -0.007528932
23.05 -0.007967588
23.06 -0.01015427
23.07 -0.01237826
23.08 -0.01267323
23.09 -0.01235728
23.1 -0.01206536
23.11 -0.0101376
23.12 -0.007625966
23.13 -0.00709253
23.14 -0.007326754
23.15 -0.006054574
23.16 -0.004744317
23.17 -0.004741789
23.18 -0.004127812
23.19 -0.002573343
23.2 -0.001975337
23.21 -0.0004980509
23.22 0.002057718
23.23 0.002923662
23.24 0.002585291
23.25 0.002493398
23.26 0.002837873
23.27 0.004271634
23.28 0.005919969
23.29 0.007414633
23.3 0.007765562
23.31 0.007558832
23.32 0.00753251
23.33 0.007573517
23.34 0.006908998
23.35 0.005332568
23.36 0.003773132
23.37 0.002745795
23.38 0.002745293
23.39 0.002858366
23.4 0.003576041
23.41 0.005168143
23.42 0.005603349
23.43 0.005289341
23.44 0.005206601
23.45 0.005277036
23.46 0.005287369
23.47 0.005357477
23.48 0.005467833
23.49 0.005481577
23.5 0.005462126
23.51 0.005460752
23.52 0.005426277
23.53 0.005178226
23.54 0.003885588
23.55 0.002893166
23.56 0.002966289
23.57 0.003086433
23.58 0.002855728
23.59 0.001362584
23.6 -0.00157225
23.61 -0.00462408
23.62 -0.006754344
23.63 -0.008104771
23.64 -0.01059294
23.65 -0.0134321
23.66 -0.0139981
23.67 -0.012159
23.68 -0.01042807
23.69 -0.00906864
23.7 -0.007598616
23.71 -0.006229541
23.72 -0.004728013
23.73 -0.0040108
23.74 -0.003067528
23.75 -0.000479954
23.76 0.001428281
23.77 0.003200252
23.78 0.005459101
23.79 0.006154462
23.8 0.005854619
23.81 0.005548256
23.82 0.004272746
23.83 0.003836727
23.84 0.005436686
23.85 0.006237693
23.86 0.00598941
23.87 0.005601964
23.88 0.003762231
23.89 0.0007178945
23.9 -0.001546279
23.91 -0.003795653
23.92 -0.006717762
23.93 -0.009826454
23.94 -0.01267287
23.95 -0.01556665
23.96 -0.01651306
23.97 -0.01615971
23.98 -0.01605825
23.99 -0.01612533
24 -0.01600826
24.01 -0.01582354
24.02 -0.01380412
24.03 -0.01101901
24.04 -0.01030586
24.05 -0.008712384
24.06 -0.005472239
24.07 -0.002164814
24.08 0.001671966
24.09 0.004788136
24.1 0.007732746
24.11 0.009275923
24.12 0.009070636
24.13 0.008851641
24.14 0.00874519
24.15 0.007096239
24.16 0.004526497
24.17 0.003719869
24.18 0.004053301
24.19 0.004145948
24.2 0.00415723
24.21 0.003788134
24.22 0.00221031
24.23 0.001405868
24.24 0.001616537
24.25 0.001620995
24.26 0.000260836
24.27 -0.0008390243
24.28 -0.0007556707
24.29 -0.0005763822
24.3 -0.0005839071
24.31 -0.0005627363
24.32 -0.0005336072
24.33 5.692329e-05
24.34 0.0007839308
24.35 -5.788077e-05
24.36 0.0005757953
24.37 0.002025557
24.38 0.002171388
24.39 0.002621218
24.4 0.004249709
24.41 0.004815568
24.42 0.004565452
24.43 0.004562798
24.44 0.004674159
24.45 0.004670522
24.46 0.00464716
24.47 0.004652296
24.48 0.00465574
24.49 0.004202856
24.5 0.002751824
24.51 0.002043459
24.52 0.001111154
24.53 -0.0001184905
24.54 0.0001667638
24.55 0.001951084
24.56 0.00355414
24.57 0.004807128
24.58 0.005096773
24.59 0.004946366
24.6 0.00492728
24.61 0.004937481
24.62 0.004109351
24.63 0.002591041
24.64 0.0009747604
24.65 -0.0004264459
24.66 -0.002404273
24.67 -0.00462118
24.68 -0.00512057
24.69 -0.004792234
24.7 -0.004650499
24.71 -0.004642244
24.72 -0.004641419
24.73 -0.004637024
24.74 -0.004636951
24.75 -0.004637551
24.76 -0.004636725
24.77 -0.004626592
24.78 -0.005274966
24.79 -0.005843523
24.8 -0.004811825
24.81 -0.004029273
24.82 -0.002193133
24.83 0.0003144025
24.84 0.0008186297
24.85 -0.0006543584
24.86 -0.002288723
24.87 -0.003687537
24.88 -0.004455321
24.89 -0.004396992
24.9 -0.004196304
24.91 -0.003062748
24.92 -0.001480129
24.93 9.865186e-05
24.94 0.0008415786
24.95 0.0008045785
24.96 0.001854573
24.97 0.003565731
24.98 0.005142816
24.99 0.006491884
25 0.007963129
25.01 0.008466837
25.02 0.008284441
25.03 0.008227497
25.04 0.007858131
25.05 0.006387971
25.06 0.005567702
25.07 0.004524522
25.08 0.002019895
25.09 0.0002679405
25.1 -0.001584766
25.11 -0.003705049
25.12 -0.004194047
25.13 -0.00389025
25.14 -0.003858064
25.15 -0.003899433
25.16 -0.003769702
25.17 -0.003691073
25.18 -0.00371031
25.19 -0.003721377
25.2 -0.003713914
25.21 -0.003711683
25.22 -0.003668073
25.23 -0.002706673
25.24 -0.001256401
25.25 -0.0007226385
25.26 0.0005879549
25.27 0.001585025
25.28 0.001522615
25.29 0.001422804
25.3 0.001490673
25.31 0.001510122
25.32 0.001492947
25.33 0.001479464
25.34 0.0006245723
25.35 -0.0007499805
25.36 -0.0009948919
25.37 -0.0007745869
25.38 -0.001367108
25.39 -0.002921299
25.4 -0.003515341
25.41 -0.004486702
25.42 -0.00573128
25.43 -0.006263575
25.44 -0.007525928
25.45 -0.008199631
25.46 -0.008037241
25.47 -0.008204612
25.48 -0.009680155
25.49 -0.009965357
25.5 -0.008179902
25.51 -0.007355122
25.52 -0.006248126
25.53 -0.003698866
25.54 -0.002399479
25.55 -0.002576978
25.56 -0.001845594
25.57 -0.0002675685
25.58 4.843678e-05
25.59 -0.0002200192
25.6 -0.0002300173
25.61 -0.0001301533
25.62 -7.289099e-05
25.63 -2.347617e-05
25.64 2.447179e-05
25.65 0.0005266846
25.66 0.001477226
25.67 0.001512581
25.68 0.002326553
25.69 0.002784678
25.7 0.002660853
25.71 0.003215838
25.72 0.00487762
25.73 0.006512752
25.74 0.007749917
25.75 0.007870166
25.76 0.007692687
25.77 0.007710802
25.78 0.007822782
25.79 0.007932582
25.8 0.007949209
25.81 0.007934403
25.82 0.007908619
25.83 0.007112206
25.84 0.005667366
25.85 0.00534098
25.86 0.005977176
25.87 0.007539365
25.88 0.008359288
25.89 0.008198137
25.9 0.008085028
25.91 0.00814665
25.92 0.008164489
25.93 0.008180665
25.94 0.007549405
25.95 0.005936114
25.96 0.004133399
25.97 0.001420199
25.98 -0.001651196
25.99 -0.00454718
26 -0.007382026
26.01 -0.01013984
26.02 -0.01154056
26.03 -0.01181561
26.04 -0.01309056
26.05 -0.0131527
26.06 -0.01135959
26.07 -0.01036083
26.08 -0.009683329
26.09 -0.008314754
26.1 -0.006367839
26.11 -0.005685038
26.12 -0.004718909
26.13 -0.002160219
26.14 -0.0007141508
26.15 -0.0008490974
26.16 -0.001009758
26.17 -0.0008362484
26.18 0.0005430479
26.19 0.003182007
26.2 0.004421141
26.21 0.004228743
26.22 0.004101362
26.23 0.004186213
26.24 0.004205158
26.25 0.004574187
26.26 0.006700165
26.27 0.009142189
26.28 0.00968086
26.29 0.01050032
26.3 0.01181496
26.31 0.01198013
26.32 0.01174969
26.33 0.01168576
26.34 0.01072353
26.35 0.00946207
26.36 0.009328506
26.37 0.008980282
26.38 0.006718234
26.39 0.004535373
26.4 0.004355055
26.41 0.004708339
26.42 0.004793223
26.43 0.004799503
26.44 0.004810044
26.45 0.004680727
26.46 0.003143766
26.47 0.0005603937
26.48 -0.0004079187
26.49 -0.0001090475
26.5 4.674552e-06
26.51 0.0001433462
26.52 0.001526296
26.53 0.002703968
26.54 0.003248116
26.55 0.003859499
26.56 0.002947594
26.57 0.001165837
26.58 6.35854e-05
26.59 0.0002034137
26.6 0.0004039415
26.61 0.0003464846
26.62 0.0003134507
26.63 0.0003459948
26.64 0.0004117165
26.65 0.0004470036
26.66 0.0004251815
26.67 -0.0006755156
26.68 -0.003100449
26.69 -0.003486057
26.7 -0.003157068
26.71 -0.001655315
26.72 0.0004999595
26.73 0.0009661245
26.74 0.0006996291
26.75 0.0007675378
26.76 0.0008841071
26.77 0.0008662905
26.78 0.0008457945
26.79 0.0008554124
26.8 0.0008606922
26.81 0.0008987127
26.82 0.00105631
26.83 0.001978263
26.84 0.003439805
26.85 0.003777122
26.86 0.003604638
26.87 0.003003519
26.88 0.001492469
26.89 0.0009800415
26.9 0.0008549928
26.91 -0.001844782
26.92 -0.00401671
26.93 -0.003758157
26.94 -0.003372521
26.95 -0.003494106
26.96 -0.003560183
26.97 -0.003517796
26.98 -0.003533154
26.99 -0.00431075
27 -0.005421817
27.01 -0.006965443
27.02 -0.007965379
27.03 -0.007955048
27.04 -0.007811025
27.05 -0.00781286
27.06 -0.007781751
27.07 -0.007990984
27.08 -0.009161144
27.09 -0.009076927
27.1 -0.007712616
27.11 -0.007303574
27.12 -0.007521589
27.13 -0.007534832
27.14 -0.006459455
27.15 -0.003250762
27.16 -0.00187887
27.17 -0.002316441
27.18 -0.002231262
27.19 -0.0002814767
27.2 0.002327126
27.21 0.003027533
27.22 0.002677138
27.23 0.002615369
27.24 0.002701835
27.25 0.002692021
27.26 0.002690561
27.27 0.00278141
27.28 0.002852864
27.29 0.002841904
27.3 0.002832462
27.31 0.002856335
27.32 0.00144221
27.33 -0.001517117
27.34 -0.00228512
27.35 -0.001794328
27.36 -0.001717857
27.37 -0.00177415
27.38 -0.001634648
27.39 -0.00155498
27.4 -0.001564598
27.41 -0.001558692
27.42 -0.001535098
27.43 -0.00148924
27.44 -0.001329553
27.45 -2.642802e-05
27.46 0.002466708
27.47 0.003609218
27.48 0.003399399
27.49 0.003334772
27.5 0.004536529
27.51 0.006982077
27.52 0.008194607
27.53 0.007961777
27.54 0.009106677
27.55 0.01193738
27.56 0.01262841
27.57 0.01206703
27.58 0.01187718
27.59 0.01185863
27.6 0.01189188
27.61 0.01367757
27.62 0.01508759
27.63 0.01334861
27.64 0.01126425
27.65 0.01084756
27.66 0.01096218
27.67 0.01086455
27.68 0.01072512
27.69 0.010571
27.7 0.01039149
27.71 0.01020844
27.72 0.009804205
27.73 0.00745981
27.74 0.005003767
27.75 0.003210281
27.76 0.001459839
27.77 0.0009368169
27.78 0.0009283099
27.79 -0.0004114395
27.8 -0.002665975
27.81 -0.003447723
27.82 -0.003218115
27.83 -0.004756059
27.84 -0.007117755
27.85 -0.007332454
27.86 -0.006837613
27.87 -0.006733438
27.88 -0.005937491
27.89 -0.003861904
27.9 -0.002611216
27.91 -0.002673935
27.92 -0.001910241
27.93 -0.000142365
27.94 -0.0004747867
27.95 -0.001000742
27.96 0.0001277246
27.97 0.001025189
27.98 0.0008297519
27.99 0.00058482
28 0.0005509696
28.01 0.0004888489
28.02 0.0004078661
28.03 0.0004037652
28.04 0.0003604047
28.05 0.0002568251
28.06 0.0001575577
28.07 6.924799e-05
28.08 -2.445088e-05
28.09 -0.001013588
28.1 -0.003162653
28.11 -0.004032955
28.12 -0.00546618
28.13 -0.006997318
28.14 -0.007005136
28.15 -0.006675596
28.16 -0.007349432
28.17 -0.009075133
28.18 -0.009856194
28.19 -0.009531128
28.2 -0.009294419
28.21 -0.009850989
28.22 -0.01124717
28.23 -0.01138127
28.24 -0.01098947
28.25 -0.01000419
28.26 -0.008480958
28.27 -0.007979277
28.28 -0.008041889
28.29 -0.007926811
28.3 -0.007729948
28.31 -0.007587334
28.32 -0.007449225
28.33 -0.007248688
28.34 -0.007037631
28.35 -0.006887087
28.36 -0.006751226
28.37 -0.00660277
28.38 -0.006452583
28.39 -0.006304346
28.4 -0.005967938
28.41 -0.004762465
28.42 -0.003349459
28.43 -0.003003145
28.44 -0.002978565
28.45 -0.00156311
28.46 -0.0002275341
28.47 -0.0002609116
28.48 -0.0004851551
28.49 -0.0003983928
28.5 0.0001074048
28.51 5.797697e-05
28.52 -0.0004323807
28.53 -0.0005016531
28.54 -0.000416956
28.55 -0.0004851666
28.56 -0.001168597
28.57 -0.002306734
28.58 -0.002705353
28.59 -0.002502723
28.6 -0.002372761
28.61 -0.002377603
28.62 -0.00293905
28.63 -0.003910586
28.64 -0.004108236
28.65 -0.003794807
28.66 -0.003607497
28.67 -0.003499889
28.68 -0.003350662
28.69 -0.003190901
28.7 -0.003032526
28.71 -0.002864881
28.72 -0.002712803
28.73 -0.00257136
28.74 -0.002428354
28.75 -0.00228498
28.76 -0.002143621
28.77 -0.002000361
28.78 -0.001829574
28.79 -0.001664449
28.8 -0.001532286
28.81 -0.001405909
28.82 -0.001326136
28.83 -0.00177866
28.84 -0.001886338
28.85 -0.001071046
28.86 -0.0005840742
28.87 -0.000559357
28.88 -0.000490767
28.89 -0.0003459388
28.9 -0.0002277786
28.91 -0.0001253054
28.92 -1.650105e-05
28.93 0.0001074693
28.94 0.000233727
28.95 0.000335843
28.96 0.000428136
28.97 0.0005219119
28.98 0.000614015
28.99 0.0007238312
29 0.001056543
29.01 0.001570643
29.02 0.001787663
29.03 0.001759369
29.04 0.001786068
29.05 0.002170366
29.06 0.002547379
29.07 0.002525784
29.08 0.002425146
29.09 0.002396855
29.1 0.002372192
29.11 0.00233665
29.12 0.002302959
29.13 0.002266698
29.14 0.002238148
29.15 0.002395964
29.16 0.002629389
29.17 0.002601695
29.18 0.002478131
29.19 0.002401465
29.2 0.0023371
29.21 0.002262912
29.22 0.002190055
29.23 0.002097581
29.24 0.001900811
29.25 0.001692099
29.26 0.001628233
29.27 0.001622539
29.28 0.001592711
29.29 0.001555719
29.3 0.001525386
29.31 0.001496046
29.32 0.001465708
29.33 0.001436609
29.34 0.001411972
29.35 0.001385973
29.36 0.001356385
29.37 0.001327071
29.38 0.001298884
29.39 0.001271055
29.4 0.001243546
29.41 0.001217158
29.42 0.001192022
29.43 0.001166033
29.44 0.001139688
29.45 0.001113953
29.46 0.001089103
29.47 0.001065276
29.48 0.001041059
29.49 0.001017214
29.5 0.0009938573
29.51 0.0009701682
29.52 0.0009466466
29.53 0.0009236216
29.54 0.00090098
29.55 0.0008786654
29.56 0.000856808
29.57 0.0008356026
29.58 0.0008144229
29.59 0.0007932327
29.6 0.0007716292
29.61 0.0007435192
29.62 0.0007133459
29.63 0.0006935771
29.64 0.0006795413
29.65 0.0006642983
29.66 0.0006481874
29.67 0.000632317
29.68 0.0006162807
29.69 0.0005998945
29.7 0.0005833624
29.71 0.0005667347
29.72 0.0005499869
29.73 0.0005331446
29.74 0.0005162535
29.75 0.0004997314
29.76 0.0004827677
29.77 0.0004647666
29.78 0.0004472811
29.79 0.000430113
29.8 0.000412819
29.81 0.000395474
29.82 0.0003781447
29.83 0.0003607886
29.84 0.0003434222
29.85 0.0003260659
29.86 0.000308726
29.87 0.0002914127
29.88 0.00027413
29.89 0.0002568827
29.9 0.0002396741
29.91 0.0002225115
29.92 0.000205403
29.93 0.0001883534
29.94 0.0001713671
29.95 0.0001544461
29.96 0.0001375987
29.97 0.0001208295
29.98 0.0001041407
