0 -4.366431e-05
0.01 -3.447049e-05
0.02 -4.363671e-05
0.03 -3.444298e-05
0.04 -4.462932e-05
0.05 -3.339569e-05
0.06 -4.664213e-05
0.07 -3.132861e-05
0.08 -4.865515e-05
0.09 -2.926174e-05
0.1 -4.964837e-05
0.11 -2.821507e-05
0.12 -5.064181e-05
0.13 -2.818862e-05
0.14 -4.959546e-05
0.15 -3.122236e-05
0.16 -4.344931e-05
0.17 -4.649631e-05
0.18 0.0003859967
0.19 6.368951e-05
0.2 -9.541763e-05
0.21 4.55517e-06
0.22 -7.805208e-05
0.23 -3.579391e-06
0.24 -7.190675e-05
0.25 -8.654152e-06
0.26 -6.372161e-05
0.27 -2.596912e-05
0.28 0.0003657234
0.29 8.523574e-05
0.3 -0.0001167119
0.31 3.018037e-05
0.32 -0.0001075074
0.33 3.836481e-05
0.34 -0.000139103
0.35 0.0002015891
0.36 0.0007330211
0.37 -5.446883e-06
0.38 -6.051492e-05
0.39 -1.460302e-05
0.4 -6.661116e-05
0.41 -6.419355e-06
0.42 -7.372759e-05
0.43 2.784121e-06
0.44 -8.696422e-05
0.45 2.422741e-05
0.46 -0.000131821
0.47 0.0002088705
0.48 0.0003088419
0.49 -0.0001062866
0.5 -5.295209e-06
0.51 -5.628387e-05
0.52 -2.669259e-05
0.53 -4.504134e-05
0.54 -3.381014e-05
0.55 -3.9919e-05
0.56 -3.684789e-05
0.57 -3.683684e-05
0.58 -3.886582e-05
0.59 -3.579486e-05
0.6 -3.986394e-05
0.61 -3.373307e-05
0.62 -4.086223e-05
0.63 -3.269146e-05
0.64 -4.288072e-05
0.65 -2.961003e-05
0.66 -4.591938e-05
0.67 -2.652878e-05
0.68 -4.997822e-05
0.69 -2.03877e-05
0.7 -5.811724e-05
0.71 -9.146819e-06
0.72 -7.339644e-05
0.73 1.535389e-05
0.74 -0.0001223358
0.75 0.0002050945
0.76 0.0003132247
0.77 -0.0001039452
0.78 -6.01509e-06
0.79 -4.884502e-05
0.8 -3.353499e-05
0.81 -3.2505e-05
0.82 -4.473506e-05
0.83 -2.330517e-05
0.84 -5.083531e-05
0.85 -1.92055e-05
0.86 -5.285573e-05
0.87 -1.9186e-05
0.88 -4.875631e-05
0.89 -2.732667e-05
0.9 -3.343707e-05
0.91 -6.19875e-05
0.92 0.0008295019
0.93 0.0001522315
0.94 -0.0001251991
0.95 2.781029e-05
0.96 -8.438036e-05
0.97 6.408948e-06
0.98 -6.906179e-05
0.99 -5.812563e-06
1 -5.782337e-05
1.01 -1.599424e-05
1.02 -4.862514e-05
1.03 -2.413608e-05
1.04 -4.044706e-05
1.05 -3.023808e-05
1.06 -3.430914e-05
1.07 -3.532024e-05
1.08 -3.021138e-05
1.09 -3.836257e-05
1.1 -2.917379e-05
1.11 -3.732505e-05
1.12 -3.221635e-05
1.13 -3.11877e-05
1.14 -4.851908e-05
1.15 0.0004002895
1.16 5.961803e-05
1.17 -7.807346e-05
1.18 -1.565006e-06
1.19 -5.969659e-05
1.2 -9.708203e-06
1.21 -5.355985e-05
1.22 -1.479155e-05
1.23 -4.946329e-05
1.24 -1.681506e-05
1.25 -4.740687e-05
1.26 -1.883872e-05
1.27 -4.637061e-05
1.28 -1.882254e-05
1.29 -4.53345e-05
1.3 -1.982651e-05
1.31 -4.429854e-05
1.32 -1.981062e-05
1.33 -4.326273e-05
1.34 -2.285489e-05
1.35 -3.916708e-05
1.36 -2.89593e-05
1.37 -2.793157e-05
1.38 -4.832387e-05
1.39 0.0004055838
1.4 5.471141e-05
1.41 -6.6661e-05
1.42 -1.259345e-05
1.43 -3.910594e-05
1.44 -3.297846e-05
1.45 -1.971102e-05
1.46 -5.540361e-05
1.47 6.823757e-06
1.48 -8.904891e-05
1.49 5.885838e-05
1.5 -0.0001889943
1.51 0.0004383129
1.52 0.00068006
1.53 -0.0001787728
1.54 3.849434e-05
1.55 -6.553858e-05
1.56 -1.861153e-05
1.57 -2.574452e-05
1.58 -5.225755e-05
1.59 9.969396e-06
1.6 -0.0001073237
1.61 0.0002017432
1.62 0.00032823
1.63 -0.0001103632
1.64 1.408359e-05
1.65 -6.342968e-05
1.66 -2.222972e-06
1.67 -5.933631e-05
1.68 1.870327e-06
1.69 -6.850306e-05
1.7 1.718349e-05
1.71 -9.500998e-05
1.72 6.105652e-05
1.73 -0.000183737
1.74 0.0004241894
1.75 0.001104536
1.76 0.0003395421
1.77 9.984851e-05
1.78 -9.49652e-05
1.79 1.010107e-05
1.8 -5.72127e-05
1.81 -1.33465e-05
1.82 -4.190034e-05
1.83 -2.45542e-05
1.84 -3.27081e-05
1.85 -3.066203e-05
1.86 -2.861599e-05
1.87 -3.472999e-05
1.88 -2.656402e-05
1.89 -3.573808e-05
1.9 -2.655217e-05
1.91 -3.572629e-05
1.92 -2.756045e-05
1.93 -3.469464e-05
1.94 -2.856886e-05
1.95 -3.36631e-05
1.96 -2.957739e-05
1.97 -3.26317e-05
1.98 -3.058605e-05
1.99 -3.160042e-05
2 -3.159482e-05
2.01 -3.158926e-05
2.02 -3.158373e-05
2.03 -3.157823e-05
2.04 -3.157275e-05
2.05 -3.258732e-05
2.06 -3.258191e-05
2.07 -3.257653e-05
2.08 -3.257118e-05
2.09 -3.256586e-05
2.1 -3.256057e-05
2.11 -3.255531e-05
2.12 -3.255008e-05
2.13 -3.254488e-05
2.14 -3.253971e-05
2.15 -3.253457e-05
2.16 -3.252946e-05
2.17 -3.354438e-05
2.18 -3.353933e-05
2.19 -3.35343e-05
2.2 -3.35293e-05
2.21 -3.352434e-05
2.22 -3.35194e-05
2.23 -3.35145e-05
2.24 -3.350962e-05
2.25 -3.452477e-05
2.26 -3.451995e-05
2.27 -3.451516e-05
2.28 -3.451039e-05
2.29 -3.450566e-05
2.3 -3.450095e-05
2.31 -3.449627e-05
2.32 -3.551162e-05
2.33 -3.5507e-05
2.34 -3.55024e-05
2.35 -3.549784e-05
2.36 -3.549329e-05
2.37 -3.548878e-05
2.38 -3.65043e-05
2.39 -3.649984e-05
2.4 -3.649542e-05
2.41 -3.649101e-05
2.42 -3.648664e-05
2.43 -3.648229e-05
2.44 -3.749797e-05
2.45 -3.749367e-05
2.46 -3.748941e-05
2.47 -3.748516e-05
2.48 -3.850095e-05
2.49 -3.849677e-05
2.5 -3.84926e-05
2.51 -3.950847e-05
2.52 -3.848436e-05
2.53 -3.950029e-05
2.54 -3.847623e-05
2.55 -3.949219e-05
2.56 -4.05082e-05
2.57 -3.846421e-05
2.58 -4.254026e-05
2.59 -3.743634e-05
2.6 -4.559244e-05
2.61 -3.436857e-05
2.62 -4.966472e-05
2.63 -3.028089e-05
2.64 -5.475709e-05
2.65 -2.517332e-05
2.66 -6.188957e-05
2.67 -1.904585e-05
2.68 -7.106215e-05
2.69 -8.838483e-06
2.7 -8.533485e-05
2.71 1.360879e-05
2.72 -0.0001312276
2.73 0.0001961959
2.74 0.0003114595
2.75 -0.000132237
2.76 0.0004236666
2.77 2.995001e-05
2.78 -8.122653e-05
2.79 -1.594311e-05
2.8 -7.40797e-05
2.81 -1.797633e-05
2.82 -7.305297e-05
2.83 -2.000964e-05
2.84 -7.202634e-05
2.85 -2.408304e-05
2.86 -6.793978e-05
2.87 -3.223655e-05
2.88 -5.875333e-05
2.89 -4.549014e-05
2.9 -4.140697e-05
2.91 -7.098382e-05
2.92 -6.007088e-07
2.93 -0.0001566576
2.94 0.001050006
2.95 0.0004930885
2.96 -0.0002168284
2.97 5.041456e-05
2.98 -0.0001240025
2.99 3.500501e-06
3 -9.339656e-05
3.01 -2.097364e-05
3.02 -7.401075e-05
3.03 -3.932787e-05
3.04 -5.666503e-05
3.05 -5.768219e-05
3.06 -3.931939e-05
3.07 -7.90966e-05
3.08 -1.075384e-05
3.09 -0.0001321311
3.1 0.0001789716
3.11 0.0003034143
3.12 -0.000133143
3.13 -1.482035e-05
3.14 -8.111773e-05
3.15 -3.929511e-05
3.16 -6.785251e-05
3.17 -4.948995e-05
3.18 -6.17274e-05
3.19 -5.560487e-05
3.2 -5.662237e-05
3.21 -6.171988e-05
3.22 -5.253742e-05
3.23 -6.783496e-05
3.24 -4.641255e-05
3.25 -7.599015e-05
3.26 -3.926777e-05
3.27 -8.720541e-05
3.28 -2.804307e-05
3.29 -0.0001025007
3.3 -7.638445e-06
3.31 -0.0001320762
3.32 3.72461e-05
3.33 -0.0002259116
3.34 0.0004085305
3.35 0.0006482327
3.36 -0.000216725
3.37 1.48171e-05
3.38 -0.0001126808
3.39 -3.311864e-05
3.4 -8.513654e-05
3.41 -5.147445e-05
3.42 -7.391238e-05
3.43 -6.065034e-05
3.44 -6.880831e-05
3.45 -6.472631e-05
3.46 -6.880433e-05
3.47 -6.472235e-05
3.48 -7.186041e-05
3.49 -6.063847e-05
3.5 -8.001657e-05
3.51 -4.941467e-05
3.52 -9.735281e-05
3.53 -2.391095e-05
3.54 -0.0001493691
3.55 0.0001658127
3.56 0.0002820945
3.57 -0.0001391637
3.58 -4.430194e-05
3.59 -7.79602e-05
3.6 -7.999847e-05
3.61 -4.939675e-05
3.62 -0.000108555
3.63 -1.981339e-05
3.64 -0.0001473117
3.65 3.42499e-05
3.66 -0.0002493085
3.67 0.0004136931
3.68 0.0006156547
3.69 -0.0002003437
3.7 -3.306218e-05
3.71 -7.284064e-05
3.72 -0.0001279191
3.73 0.0001403423
3.74 0.0002913039
3.75 -0.0001595347
3.76 -3.509323e-05
3.77 -0.0001024118
3.78 -6.467039e-05
3.79 -8.608899e-05
3.8 -7.588762e-05
3.81 -7.894626e-05
3.82 -8.098491e-05
3.83 -7.792358e-05
3.84 -8.200227e-05
3.85 -8.098096e-05
3.86 -7.893969e-05
3.87 -8.709843e-05
3.88 -7.179718e-05
3.89 -9.933594e-05
3.9 -5.445473e-05
3.91 -0.0001340135
3.92 9.650766e-05
3.93 0.0008615089
3.94 0.0009206699
3.95 0.0008431512
3.96 0.0009788121
3.97 0.0002505333
3.98 -0.0001156456
3.99 -0.0001136045
4 -1.403447e-06
4.01 -0.0007449824
4.02 -0.0009530614
4.03 -8.810037e-05
4.04 -6.565937e-05
4.05 -0.0001564383
4.06 0.0005361426
4.07 0.0009288435
4.08 0.0009145644
4.09 0.0003025654
4.1 -0.0001849937
4.11 -2.995281e-05
4.12 -0.000143172
4.13 -2.893107e-05
4.14 -0.0001931503
4.15 0.0009706706
4.16 0.0006371314
4.17 0.0001577322
4.18 -0.000158467
4.19 0.0001169338
4.2 0.0002852345
4.21 -0.0001890647
4.22 -4.320397e-05
4.23 -0.0001237832
4.24 -8.400254e-05
4.25 -8.808186e-05
4.26 -0.0001339811
4.27 7.61395e-05
4.28 0.0008462402
4.29 0.0009329407
4.3 0.0002781014
4.31 -0.000177838
4.32 -5.74774e-05
4.33 -0.0001237768
4.34 -8.195626e-05
4.35 -0.0001115357
4.36 -9.011516e-05
4.37 -0.0001094946
4.38 -8.501411e-05
4.39 -0.0001370337
4.4 0.0004596669
4.41 0.001034948
4.42 0.0001985478
4.43 -0.0001013318
4.44 -0.0002614713
4.45 -0.001054011
4.46 -0.00113153
4.47 -0.0004634301
4.48 -0.0005491096
4.49 -0.001813909
4.5 -0.002465689
4.51 -0.002207628
4.52 -0.001434468
4.53 -0.0004787279
4.54 0.0001118524
4.55 0.001342993
4.56 0.002191633
4.57 0.002118194
4.58 0.001860133
4.59 0.001260373
4.6 0.0007697539
4.61 0.0009339742
4.62 0.0007942345
4.63 0.001056375
4.64 0.001807094
4.65 0.001874415
4.66 0.001694895
4.67 0.0007605753
4.68 -0.0007653445
4.69 -0.002901224
4.7 -0.004035465
4.71 -0.004017104
4.72 -0.003493844
4.73 -0.002345324
4.74 -0.001549723
4.75 -0.0002247438
4.76 0.0008462564
4.77 0.001411336
4.78 0.002083517
4.79 0.002763856
4.8 0.002826076
4.81 0.002816896
4.82 0.002694496
4.83 0.001680617
4.84 0.0007779163
4.85 -0.0008041037
4.86 -0.002835944
4.87 -0.004757624
4.88 -0.006138704
4.89 -0.005084023
4.9 -0.002183144
4.91 0.0006728557
4.92 0.002386456
4.93 0.003506416
4.94 0.003682875
4.95 0.002670015
4.96 0.001300155
4.97 0.000178155
4.98 -0.0001819052
4.99 2.821457e-05
5 0.0008819543
5.01 0.0007717942
5.02 0.001483754
5.03 0.001863193
5.04 0.001870333
5.05 0.001128793
5.06 -0.0008459269
5.07 -0.003496907
5.08 -0.006920027
5.09 -0.007777848
5.1 -0.006342708
5.11 -0.004015068
5.12 -0.001935288
5.13 -0.000577669
5.14 0.0005382106
5.15 0.00141337
5.16 0.00249865
5.17 0.003244269
5.18 0.002914809
5.19 0.002694489
5.2 0.002944389
5.21 0.001979468
5.22 0.0008360477
5.23 0.0003964273
5.24 0.0008860268
5.25 0.002379306
5.26 0.003486006
5.27 0.003656346
5.28 0.002800565
5.29 0.002267105
5.3 0.001150204
5.31 0.0002628037
5.32 -0.0007724967
5.33 -0.001323297
5.34 -0.001318198
5.35 -0.003418378
5.36 -0.004889219
5.37 -0.006185639
5.38 -0.006404939
5.39 -0.005258461
5.4 -0.002716621
5.41 -0.0002910615
5.42 0.001658158
5.43 0.004576377
5.44 0.006289977
5.45 0.006752036
5.46 0.004270375
5.47 0.000394375
5.48 -0.001879206
5.49 -0.003840666
5.5 -0.005120766
5.51 -0.004332308
5.52 -0.002144408
5.53 0.0005565512
5.54 0.00302087
5.55 0.00396437
5.56 0.002989249
5.57 0.001084909
5.58 -0.0009071522
5.59 -0.002743153
5.6 -0.003019573
5.61 -0.001901654
5.62 -0.001077495
5.63 0.0005738843
5.64 0.002551664
5.65 0.004400922
5.66 0.004807902
5.67 0.004067381
5.68 0.001852961
5.69 -0.001362081
5.7 -0.004680141
5.71 -0.007657522
5.72 -0.007897222
5.73 -0.006194844
5.74 -0.002567724
5.75 0.0007931751
5.76 0.003516574
5.77 0.004916013
5.78 0.006134913
5.79 0.005151631
5.8 0.002462911
5.81 0.00103389
5.82 -0.0004165506
5.83 -0.001020392
5.84 -0.001264173
5.85 -0.0003635132
5.86 0.001106306
5.87 0.002976985
5.88 0.003103464
5.89 0.002751564
5.9 0.002191582
5.91 0.001809081
5.92 0.002963721
5.93 0.003842959
5.94 0.004638558
5.95 0.003560418
5.96 0.002186477
5.97 -0.000169724
5.98 -0.003291945
5.99 -0.006018406
6 -0.005233006
6.01 -0.002956368
6.02 -0.003606109
6.03 -0.002346409
6.04 -0.002124051
6.05 -0.002091412
6.06 -0.002154652
6.07 -0.001967994
6.08 -0.001108135
6.09 -0.001319275
6.1 -0.001379457
6.11 -0.002939038
6.12 -0.003031858
6.13 -0.00195066
6.14 -0.0006348607
6.15 9.545828e-05
6.16 0.001239897
6.17 0.002551616
6.18 0.002697475
6.19 0.002852514
6.2 0.002600573
6.21 0.003495112
6.22 0.00302081
6.23 0.00118277
6.24 9.136884e-05
6.25 0.0004810077
6.26 0.002038546
6.27 0.002787226
6.28 0.003929624
6.29 0.004672183
6.3 0.004201962
6.31 0.002926961
6.32 0.0009757002
6.33 -0.002611641
6.34 -0.006467242
6.35 -0.008658202
6.36 -0.008957064
6.37 -0.006666146
6.38 -0.004238547
6.39 -0.002445388
6.4 -0.002656528
6.41 -0.00322161
6.42 -0.002979871
6.43 -0.001408052
6.44 -4.125343e-05
6.45 0.002014046
6.46 0.004602804
6.47 0.006356183
6.48 0.007773981
6.49 0.00698654
6.5 0.00602774
6.51 0.005492238
6.52 0.004121357
6.53 0.003650116
6.54 0.003612374
6.55 0.002623993
6.56 0.001085833
6.57 -0.0009409088
6.58 -0.00331037
6.59 -0.004844451
6.6 -0.004568032
6.61 -0.003349134
6.62 -0.003261414
6.63 -0.004154936
6.64 -0.005800197
6.65 -0.007635178
6.66 -0.008056441
6.67 -0.005520721
6.68 -0.002417882
6.69 -0.001606983
6.7 -0.0004737646
6.71 -7.698586e-05
6.72 0.001377533
6.73 0.002312871
6.74 0.00349403
6.75 0.002971789
6.76 0.001333668
6.77 3.316662e-05
6.78 -0.002102714
6.79 -0.001402996
6.8 0.001042963
6.81 0.004199861
6.82 0.00630004
6.83 0.006720278
6.84 0.005968537
6.85 0.003702097
6.86 0.001626395
6.87 0.0001728939
6.88 0.0002708126
6.89 0.0009644113
6.9 0.0005207099
6.91 -0.0002126713
6.92 -0.001922193
6.93 -0.003846934
6.94 -0.005847155
6.95 -0.007676016
6.96 -0.007555657
6.97 -0.0062011
6.98 -0.00394078
6.99 0.0001565583
7 0.004741457
7.01 0.007128255
7.02 0.007848374
7.03 0.006106212
7.04 0.002675952
7.05 -0.001683529
7.06 -0.004903671
7.07 -0.006740692
7.08 -0.006313313
7.09 -0.003023815
7.1 0.0006553237
7.11 0.003345062
7.12 0.003901981
7.13 0.004131479
7.14 0.002903398
7.15 0.001021497
7.16 -0.0009603644
7.17 -0.002922845
7.18 -0.004237627
7.19 -0.003395108
7.2 -0.0008930498
7.21 0.002200609
7.22 0.004859747
7.23 0.006464206
7.24 0.005803244
7.25 0.002372983
7.26 -0.0006094979
7.27 -0.003456319
7.28 -0.00366848
7.29 -0.0005248419
7.3 0.002429077
7.31 0.004453775
7.32 0.003859114
7.33 0.0003543926
7.34 -0.004303949
7.35 -0.008044291
7.36 -0.01068813
7.37 -0.01198965
7.38 -0.009384576
7.39 -0.004435535
7.4 0.0008235829
7.41 0.005251402
7.42 0.0066488
7.43 0.006033739
7.44 0.002988017
7.45 -0.001153184
7.46 -0.003888825
7.47 -0.005132207
7.48 -0.002791308
7.49 0.0001177304
7.5 0.003206289
7.51 0.004728128
7.52 0.004667946
7.53 0.003993725
7.54 0.001915984
7.55 3.612213e-05
7.56 -0.001941659
7.57 -0.003853141
7.58 -0.003408422
7.59 0.0004063765
7.6 0.005246275
7.61 0.007838094
7.62 0.008009453
7.63 0.006266271
7.64 0.00319403
7.65 -0.0009308519
7.66 -0.004956793
7.67 -0.006145095
7.68 -0.005386216
7.69 -0.003345198
7.7 -0.001471459
7.71 0.0005746598
7.72 0.001820079
7.73 0.001028557
7.74 -0.001037964
7.75 -0.002159966
7.76 -0.0003198872
7.77 0.002456551
7.78 0.00445065
7.79 0.005719528
7.8 0.005449228
7.81 0.004071206
7.82 0.001200925
7.83 -0.002592457
7.84 -0.004812998
7.85 -0.00566878
7.86 -0.006251202
7.87 -0.005700403
7.88 -0.004091863
7.89 -0.002438445
7.9 -0.0005279867
7.91 -0.0002383082
7.92 0.0004532505
7.93 0.001996509
7.94 0.002618707
7.95 0.002723766
7.96 0.003212345
7.97 0.003863104
7.98 0.003314342
7.99 0.001117261
8 -0.0009706808
8.01 -0.001575542
8.02 -0.001422544
8.03 -0.0003913249
8.04 0.001381434
8.05 0.003707032
8.06 0.005622591
8.07 0.005639928
8.08 0.005097288
8.09 0.003855947
8.1 0.002012806
8.11 -0.000604516
8.12 -0.002420117
8.13 -0.001741819
8.14 -0.0001883602
8.15 0.003222519
8.16 0.003498937
8.17 0.0007500356
8.18 -0.001139006
8.19 -0.004858947
8.2 -0.00802299
8.21 -0.008507489
8.22 -0.006680671
8.23 -0.004181673
8.24 -0.0008207742
8.25 0.003326544
8.26 0.006365123
8.27 0.008269462
8.28 0.00785024
8.29 0.003983419
8.3 -0.0007626424
8.31 -0.003992983
8.32 -0.005591324
8.33 -0.004476466
8.34 -5.782787e-05
8.35 0.00412315
8.36 0.006439569
8.37 0.007569728
8.38 0.005688846
8.39 0.003382625
8.4 0.001059064
8.41 -0.001075797
8.42 -0.004609079
8.43 -0.00850344
8.44 -0.01257324
8.45 -0.01487538
8.46 -0.01255489
8.47 -0.007680306
8.48 -0.002741466
8.49 -0.0002271683
8.5 0.00184751
8.51 0.003379549
8.52 0.004902408
8.53 0.005555205
8.54 0.005742885
8.55 0.007203523
8.56 0.007144362
8.57 0.005259401
8.58 0.002235099
8.59 0.0006173782
8.6 0.0008387167
8.61 0.0006704154
8.62 0.0007540541
8.63 -0.001533807
8.64 -0.004505068
8.65 -0.00701631
8.66 -0.007257031
8.67 -0.003639092
8.68 0.0003042261
8.69 0.003595764
8.7 0.003958884
8.71 -0.0004781179
8.72 -0.005766819
8.73 -0.00826786
8.74 -0.008447383
8.75 -0.006760303
8.76 -0.003538124
8.77 8.695419e-05
8.78 0.003264252
8.79 0.006552732
8.8 0.009306731
8.81 0.01062354
8.82 0.009628028
8.83 0.004299546
8.84 -0.002385535
8.85 -0.006502255
8.86 -0.005765818
8.87 0.0003643811
8.88 0.006114119
8.89 0.009494399
8.9 0.009759597
8.91 0.005448056
8.92 -8.748536e-05
8.93 -0.003880866
8.94 -0.005239508
8.95 -0.004832529
8.96 -0.00427153
8.97 -0.003259692
8.98 -0.0003190331
8.99 0.002594085
9 0.005458245
9.01 0.006646543
9.02 0.006531281
9.03 0.004294421
9.04 0.0001419993
9.05 -0.003479002
9.06 -0.005884163
9.07 -0.005976984
9.08 -0.006809305
9.09 -0.008658568
9.1 -0.009082888
9.11 -0.00835767
9.12 -0.00546699
9.13 -0.000601592
9.14 0.002523687
9.15 0.003871105
9.16 0.004751365
9.17 0.005784623
9.18 0.007131022
9.19 0.008181621
9.2 0.007357459
9.21 0.004480038
9.22 0.0009722569
9.23 -0.003091424
9.24 -0.005224246
9.25 -0.004225667
9.26 -0.001260528
9.27 0.0009212507
9.28 -0.0001334305
9.29 -0.003394372
9.3 -0.006595133
9.31 -0.008087395
9.32 -0.007900735
9.33 -0.006349316
9.34 -0.004338897
9.35 -0.002376419
9.36 -0.0005057402
9.37 0.002119738
9.38 0.004409638
9.39 0.004696256
9.4 0.004549375
9.41 0.003441653
9.42 0.001061993
9.43 -0.0009933085
9.44 -0.00228667
9.45 -0.00140539
9.46 0.000474468
9.47 0.003174407
9.48 0.007082025
9.49 0.009230145
9.5 0.009622844
9.51 0.009380082
9.52 0.008392721
9.53 0.005342919
9.54 0.002342079
9.55 -0.0002660624
9.56 -0.002120424
9.57 -0.002743645
9.58 -0.003194485
9.59 -0.003631047
9.6 -0.004861168
9.61 -0.007378529
9.62 -0.009307351
9.63 -0.009864271
9.64 -0.009520533
9.65 -0.008020115
9.66 -0.005235514
9.67 -0.002226516
9.68 0.0005652228
9.69 0.001822882
9.7 0.00121802
9.71 -0.0009505004
9.72 -0.003680021
9.73 -0.005810803
9.74 -0.007718204
9.75 -0.007851824
9.76 -0.004591905
9.77 0.001476073
9.78 0.006917772
9.79 0.01082539
9.8 0.01209631
9.81 0.01078561
9.82 0.006961627
9.83 0.002168647
9.84 -0.001015795
9.85 -0.002671256
9.86 -0.001074957
9.87 0.002973423
9.88 0.007131961
9.89 0.01100898
9.9 0.0124992
9.91 0.01056935
9.92 0.005420396
9.93 -0.002254084
9.94 -0.009321664
9.95 -0.01439311
9.96 -0.01529683
9.97 -0.01170337
9.98 -0.005276349
9.99 -8.455037e-05
10 0.002652109
10.01 0.003612948
10.02 0.002026846
10.03 3.376554e-05
10.04 -0.002448915
10.05 -0.005034616
10.06 -0.006010757
10.07 -0.006105619
10.08 -0.00590876
10.09 -0.004451181
10.1 -0.002196981
10.11 0.001035398
10.12 0.003710857
10.13 0.003948516
10.14 0.002543974
10.15 0.003644553
10.16 0.006337352
10.17 0.008847571
10.18 0.009678871
10.19 0.009429989
10.2 0.007755149
10.21 0.004900168
10.22 0.002424627
10.23 -0.0001223142
10.24 -0.001696176
10.25 -0.002528496
10.26 -0.004685797
10.27 -0.007362278
10.28 -0.007550979
10.29 -0.004215579
10.3 0.001153699
10.31 0.003929118
10.32 0.005536637
10.33 0.006661696
10.34 0.006583155
10.35 0.006673934
10.36 0.006084374
10.37 0.004378933
10.38 0.001150632
10.39 -0.002384689
10.4 -0.00388919
10.41 -0.003481191
10.42 -0.001285132
10.43 -0.0002324927
10.44 0.0003540064
10.45 0.001389306
10.46 0.002483765
10.47 0.004349344
10.48 0.004748163
10.49 0.004019882
10.5 0.001278121
10.51 -0.0026499
10.52 -0.00420948
10.53 -0.003942241
10.54 -0.003080342
10.55 -0.003844323
10.56 -0.005804764
10.57 -0.008344566
10.58 -0.01082827
10.59 -0.01199515
10.6 -0.01108837
10.61 -0.008085488
10.62 -0.004804149
10.63 -0.00172477
10.64 0.001099609
10.65 0.004206528
10.66 0.008151888
10.67 0.0112435
10.68 0.01133122
10.69 0.007580685
10.7 0.0006018443
10.71 -0.006257656
10.72 -0.01037744
10.73 -0.01030298
10.74 -0.005354959
10.75 0.00245212
10.76 0.01001236
10.77 0.01479412
10.78 0.01714317
10.79 0.01660155
10.8 0.01241649
10.81 0.007283855
10.82 0.001446395
10.83 -0.003786206
10.84 -0.006724827
10.85 -0.007002267
10.86 -0.005357008
10.87 -0.003338429
10.88 -0.00212769
10.89 -0.00467055
10.9 -0.01013163
10.91 -0.01434832
10.92 -0.01659742
10.93 -0.01802236
10.94 -0.01809478
10.95 -0.01525
10.96 -0.009838895
10.97 -0.005065296
10.98 -0.002099137
10.99 0.0003713023
11 0.003238522
11.01 0.0064556
11.02 0.0082253
11.03 0.01047236
11.04 0.01314782
11.05 0.01470943
11.06 0.01459213
11.07 0.01277041
11.08 0.009500296
11.09 0.004387036
11.1 0.0003009147
11.11 -0.001509586
11.12 -0.001569766
11.13 -0.0009689873
11.14 -0.000822108
11.15 -0.001369848
11.16 -0.0004722493
11.17 0.00156979
11.18 0.004607349
11.19 0.007087988
11.2 0.005932328
11.21 0.001883947
11.22 -0.004292153
11.23 -0.01042338
11.24 -0.01475226
11.25 -0.01630266
11.26 -0.01584468
11.27 -0.01407294
11.28 -0.01040094
11.29 -0.005425378
11.3 -0.0001407581
11.31 0.006481081
11.32 0.01092624
11.33 0.01328652
11.34 0.0143667
11.35 0.01443606
11.36 0.01406886
11.37 0.01193195
11.38 0.01021835
11.39 0.008733237
11.4 0.006142436
11.41 0.002593856
11.42 0.0001937948
11.43 -0.0003529257
11.44 0.001944114
11.45 0.001007754
11.46 -0.0008078474
11.47 -0.002612228
11.48 -0.004828688
11.49 -0.005858889
11.5 -0.00782851
11.51 -0.00992461
11.52 -0.01273267
11.53 -0.01413517
11.54 -0.01524901
11.55 -0.01503073
11.56 -0.01238587
11.57 -0.009268753
11.58 -0.007287913
11.59 -0.005986394
11.6 -0.004488014
11.61 -0.002335816
11.62 0.001139324
11.63 0.005152003
11.64 0.008480263
11.65 0.011119
11.66 0.01370776
11.67 0.01672798
11.68 0.01857418
11.69 0.01857112
11.7 0.01759702
11.71 0.01530406
11.72 0.01277038
11.73 0.00997864
11.74 0.007820318
11.75 0.005029598
11.76 0.001364738
11.77 -0.002359283
11.78 -0.007355243
11.79 -0.01326818
11.8 -0.01667192
11.81 -0.01806218
11.82 -0.01680656
11.83 -0.01543772
11.84 -0.01418313
11.85 -0.01068861
11.86 -0.007455207
11.87 -0.002665287
11.88 0.0006160522
11.89 0.003784171
11.9 0.005417191
11.91 0.007153231
11.92 0.007445971
11.93 0.00645147
11.94 0.00662793
11.95 0.005829269
11.96 0.003658709
11.97 0.001016908
11.98 0.0005813683
11.99 0.001272928
12 0.002127688
12.01 0.002161347
12.02 0.001637067
12.03 0.002352086
12.04 0.003781106
12.05 0.005699726
12.06 0.009024926
12.07 0.01104045
12.08 0.01089255
12.09 0.008261964
12.1 0.004415544
12.11 0.0009240838
12.12 -0.001857457
12.13 -0.002931517
12.14 -0.003779137
12.15 -0.005111257
12.16 -0.008514997
12.17 -0.01272556
12.18 -0.01741756
12.19 -0.02019094
12.2 -0.02000632
12.21 -0.01768786
12.22 -0.01365682
12.23 -0.00840484
12.24 -0.003245681
12.25 0.002019559
12.26 0.006929838
12.27 0.009274818
12.28 0.01037948
12.29 0.008567959
12.3 0.005225418
12.31 0.002126658
12.32 0.0004589573
12.33 0.001523837
12.34 0.004828637
12.35 0.008343557
12.36 0.01031522
12.37 0.01184114
12.38 0.0112169
12.39 0.008587335
12.4 0.005076495
12.41 0.001528935
12.42 -0.0003825452
12.43 -0.002562286
12.44 -0.005181646
12.45 -0.006116986
12.46 -0.006811606
12.47 -0.007205326
12.48 -0.007764286
12.49 -0.01012558
12.5 -0.01210744
12.51 -0.01128328
12.52 -0.007122707
12.53 -0.002056368
12.54 0.001635012
12.55 0.004223772
12.56 0.006252551
12.57 0.005736431
12.58 0.002062391
12.59 -0.001698349
12.6 -0.004620649
12.61 -0.007105369
12.62 -0.007540909
12.63 -0.004636969
12.64 0.0008700103
12.65 0.006684009
12.66 0.01036927
12.67 0.01067119
12.68 0.008520009
12.69 0.005208069
12.7 0.002034849
12.71 -0.001254651
12.72 -0.002140011
12.73 -0.0008792911
12.74 0.001548309
12.75 0.005094849
12.76 0.006485109
12.77 0.004522628
12.78 0.0001815083
12.79 -0.003844432
12.8 -0.007026832
12.81 -0.008706772
12.82 -0.009809392
12.83 -0.01021229
12.84 -0.01182185
12.85 -0.01310705
12.86 -0.01300199
12.87 -0.01292447
12.88 -0.01202585
12.89 -0.01161377
12.9 -0.01009091
12.91 -0.007509293
12.92 -0.004789973
12.93 -0.0005671732
12.94 0.005824147
12.95 0.01270813
12.96 0.01762249
12.97 0.01987567
12.98 0.02010109
12.99 0.02022552
13 0.01936464
13.01 0.01800396
13.02 0.01667082
13.03 0.01550598
13.04 0.01326912
13.05 0.008904545
13.06 0.003198666
13.07 -0.001813614
13.08 -0.006342414
13.09 -0.0105591
13.1 -0.01340082
13.11 -0.01572336
13.12 -0.01595796
13.13 -0.01588146
13.14 -0.01418928
13.15 -0.01059785
13.16 -0.006668814
13.17 -0.002749974
13.18 0.0006996656
13.19 0.004926545
13.2 0.009126907
13.21 0.01331503
13.22 0.01572121
13.23 0.01467571
13.24 0.009474725
13.25 0.0009811858
13.26 -0.007403214
13.27 -0.01353749
13.28 -0.01541633
13.29 -0.01313153
13.3 -0.008501754
13.31 -0.003583314
13.32 0.0006496859
13.33 0.003117066
13.34 0.004244166
13.35 0.004586886
13.36 0.003919806
13.37 0.001573806
13.38 -0.0005192339
13.39 -0.003525174
13.4 -0.004223874
13.41 -0.002721414
13.42 -0.0009751737
13.43 0.001916526
13.44 0.003372067
13.45 0.004801086
13.46 0.004875546
13.47 0.004977547
13.48 0.006300486
13.49 0.006318847
13.5 0.005565067
13.51 0.005386567
13.52 0.004392067
13.53 0.003538327
13.54 0.001212727
13.55 -0.002324633
13.56 -0.004923592
13.57 -0.005822213
13.58 -0.004156552
13.59 -0.001158772
13.6 0.002359208
13.61 0.005093827
13.62 0.006260708
13.63 0.005884328
13.64 0.003608708
13.65 0.0009393684
13.66 -0.001508631
13.67 -0.003089631
13.68 -0.004454391
13.69 -0.004565571
13.7 -0.004083111
13.71 -0.002015571
13.72 0.0006119494
13.73 0.001742109
13.74 0.00314461
13.75 0.004899009
13.76 0.00743677
13.77 0.00844963
13.78 0.00851899
13.79 0.00783967
13.8 0.00555283
13.81 0.002966111
13.82 0.0002794308
13.83 -0.002156329
13.84 -0.005058229
13.85 -0.006037429
13.86 -0.007448088
13.87 -0.009897108
13.88 -0.01165355
13.89 -0.01200443
13.9 -0.01207481
13.91 -0.01121393
13.92 -0.01000115
13.93 -0.009925668
13.94 -0.008545607
13.95 -0.007235927
13.96 -0.006143506
13.97 -0.005472347
13.98 -0.003383386
13.99 -0.001035346
14 0.002346974
14.01 0.005292734
14.02 0.007896794
14.03 0.01032032
14.04 0.01154738
14.05 0.01067018
14.06 0.008929035
14.07 0.007696876
14.08 0.006457575
14.09 0.004773556
14.1 0.001806377
14.11 -0.001689164
14.12 -0.005163283
14.13 -0.007256322
14.14 -0.008005003
14.15 -0.008139642
14.16 -0.007325682
14.17 -0.005399921
14.18 -0.002729562
14.19 0.001278019
14.2 0.005116279
14.21 0.008586318
14.22 0.01049678
14.23 0.010457
14.24 0.01093742
14.25 0.0104927
14.26 0.00876482
14.27 0.006885981
14.28 0.00427682
14.29 0.001796181
14.3 -0.001663658
14.31 -0.005020478
14.32 -0.006496418
14.33 -0.006112898
14.34 -0.003826057
14.35 -0.0007425972
14.36 0.001520783
14.37 0.003401663
14.38 0.003447564
14.39 0.001593204
14.4 0.0002427242
14.41 -0.0005691955
14.42 -0.002392955
14.43 -0.004263635
14.44 -0.005099014
14.45 -0.004513535
14.46 -0.003592474
14.47 -0.003534334
14.48 -0.002838693
14.49 -0.002277693
14.5 -0.001500453
14.51 -0.001128153
14.52 -0.001186292
14.53 -0.001001672
14.54 0.002282729
14.55 0.007844787
14.56 0.01380465
14.57 0.01893423
14.58 0.02201769
14.59 0.02152707
14.6 0.01721961
14.61 0.01102515
14.62 0.004577731
14.63 0.0001764315
14.64 -0.003324208
14.65 -0.004793007
14.66 -0.005108187
14.67 -0.004365627
14.68 -0.002777487
14.69 -0.002455167
14.7 -0.004759346
14.71 -0.009020907
14.72 -0.01400768
14.73 -0.01829271
14.74 -0.02190351
14.75 -0.02264607
14.76 -0.02023887
14.77 -0.01556523
14.78 -0.01191566
14.79 -0.01077122
14.8 -0.009825682
14.81 -0.01051112
14.82 -0.0110558
14.83 -0.01189322
14.84 -0.01114046
14.85 -0.009159622
14.86 -0.006580039
14.87 -0.00185948
14.88 0.00470626
14.89 0.01266023
14.9 0.0202327
14.91 0.02653324
14.92 0.02993902
14.93 0.03121096
14.94 0.03024094
14.95 0.02677192
14.96 0.02258176
14.97 0.01787548
14.98 0.01177384
14.99 0.004795005
15 -0.001533074
15.01 -0.008303836
15.02 -0.01507153
15.03 -0.02018377
15.04 -0.02340289
15.05 -0.02398429
15.06 -0.02264197
15.07 -0.01904137
15.08 -0.01413721
15.09 -0.01050397
15.1 -0.007947851
15.11 -0.00696967
15.12 -0.00690643
15.13 -0.009339129
15.14 -0.01275103
15.15 -0.01547443
15.16 -0.01618333
15.17 -0.01249603
15.18 -0.006569827
15.19 0.001442273
15.2 0.009919494
15.21 0.01654542
15.22 0.01977882
15.23 0.02057136
15.24 0.01963704
15.25 0.01829267
15.26 0.01685957
15.27 0.01470941
15.28 0.01303151
15.29 0.01196051
15.3 0.01154742
15.31 0.01226448
15.32 0.01267758
15.33 0.01264596
15.34 0.01187994
15.35 0.00819876
15.36 0.004442101
15.37 0.002038981
15.38 0.0008445617
15.39 0.001572842
15.4 0.001464723
15.41 -0.0004620571
15.42 -0.005690576
15.43 -0.01278773
15.44 -0.02059379
15.45 -0.02768076
15.46 -0.0333489
15.47 -0.03755742
15.48 -0.0398616
15.49 -0.04094585
15.5 -0.03924143
15.51 -0.03489929
15.52 -0.02763689
15.53 -0.01983389
15.54 -0.01197377
15.55 -0.00385967
15.56 0.00394231
15.57 0.01168411
15.58 0.0196136
15.59 0.02672095
15.6 0.03354067
15.61 0.03790015
15.62 0.03908947
15.63 0.03827755
15.64 0.03633853
15.65 0.03382627
15.66 0.03028177
15.67 0.02654246
15.68 0.02190962
15.69 0.0162833
15.7 0.0106223
15.71 0.006047598
15.72 0.001667718
15.73 -0.001455521
15.74 -0.003137501
15.75 -0.003961661
15.76 -0.00553144
15.77 -0.00771628
15.78 -0.0109864
15.79 -0.01372102
15.8 -0.01528366
15.81 -0.01640566
15.82 -0.01489606
15.83 -0.01240318
15.84 -0.009067776
15.85 -0.006140376
15.86 -0.003426155
15.87 -0.001851274
15.88 -0.001398394
15.89 -0.0008047537
15.9 -0.001144413
15.91 -0.001937973
15.92 -0.001346373
15.93 -0.0003528917
15.94 0.0008139888
15.95 0.002640809
15.96 0.005410111
15.97 0.00927897
15.98 0.01335591
15.99 0.01572741
16 0.01554585
16.01 0.01326615
16.02 0.007389933
16.03 0.0006579334
16.04 -0.006183204
16.05 -0.01112408
16.06 -0.01331912
16.07 -0.01415349
16.08 -0.01483179
16.09 -0.01354659
16.1 -0.01222977
16.11 -0.0127979
16.12 -0.01480322
16.13 -0.01749092
16.14 -0.01837934
16.15 -0.01654334
16.16 -0.0102224
16.17 -0.001870639
16.18 0.00532546
16.19 0.01032245
16.2 0.01421885
16.21 0.0175216
16.22 0.01856608
16.23 0.01805098
16.24 0.0145279
16.25 0.009732885
16.26 0.004555366
16.27 -0.0009842539
16.28 -0.005436553
16.29 -0.005090772
16.3 -0.002938572
16.31 -0.0006150117
16.32 0.005410128
16.33 0.01214111
16.34 0.01877315
16.35 0.02346718
16.36 0.02673731
16.37 0.02504513
16.38 0.01858241
16.39 0.01012763
16.4 -0.0003987668
16.41 -0.01055797
16.42 -0.01909435
16.43 -0.02478901
16.44 -0.0282264
16.45 -0.0283998
16.46 -0.02428206
16.47 -0.01683606
16.48 -0.008633222
16.49 -0.0008781621
16.5 0.006725938
16.51 0.01135877
16.52 0.01265112
16.53 0.00862518
16.54 0.0008262608
16.55 -0.007897798
16.56 -0.0166239
16.57 -0.02414028
16.58 -0.0287364
16.59 -0.02901588
16.6 -0.02578349
16.61 -0.01780607
16.62 -0.006884935
16.63 0.004769586
16.64 0.0151338
16.65 0.02249922
16.66 0.02664858
16.67 0.02763288
16.68 0.02584585
16.69 0.02195965
16.7 0.01567951
16.71 0.00729715
16.72 -0.001856329
16.73 -0.01059671
16.74 -0.01747151
16.75 -0.02359763
16.76 -0.02784796
16.77 -0.03095386
16.78 -0.03084064
16.79 -0.0267433
16.8 -0.01883831
16.81 -0.008243565
16.82 0.003583336
16.83 0.01498081
16.84 0.02590094
16.85 0.03331022
16.86 0.03653444
16.87 0.0358643
16.88 0.0309428
16.89 0.02438318
16.9 0.01479722
16.91 0.005250021
16.92 -0.003590319
16.93 -0.01184416
16.94 -0.01881484
16.95 -0.02456254
16.96 -0.02824882
16.97 -0.02861092
16.98 -0.02586508
16.99 -0.02129547
17 -0.01459101
17.01 -0.006781893
17.02 0.0009272671
17.03 0.007566448
17.04 0.01243899
17.05 0.01223907
17.06 0.005807969
17.07 -0.00428289
17.08 -0.01454919
17.09 -0.02359251
17.1 -0.02972781
17.11 -0.02959113
17.12 -0.02455539
17.13 -0.01577319
17.14 -0.006116846
17.15 0.003755734
17.16 0.01323562
17.17 0.02220142
17.18 0.02960254
17.19 0.03521355
17.2 0.03948633
17.21 0.04120401
17.22 0.04071748
17.23 0.03674254
17.24 0.03040834
17.25 0.02273182
17.26 0.01383232
17.27 0.003476261
17.28 -0.006764538
17.29 -0.01335884
17.3 -0.01401673
17.31 -0.009005477
17.32 0.0003367035
17.33 0.01060402
17.34 0.01953412
17.35 0.02657008
17.36 0.02990956
17.37 0.03011458
17.38 0.02797667
17.39 0.02422613
17.4 0.01859369
17.41 0.01169135
17.42 0.004880809
17.43 -0.001425851
17.44 -0.006949149
17.45 -0.009668469
17.46 -0.009687849
17.47 -0.00838021
17.48 -0.006573787
17.49 -0.003963607
17.5 -0.001407487
17.51 0.0007926536
17.52 0.001300614
17.53 0.0001724947
17.54 -0.002536624
17.55 -0.006349384
17.56 -0.009290043
17.57 -0.01155954
17.58 -0.01184514
17.59 -0.01170132
17.6 -0.01070071
17.61 -0.00936756
17.62 -0.008188441
17.63 -0.007937521
17.64 -0.007851839
17.65 -0.008683138
17.66 -0.009971399
17.67 -0.01025802
17.68 -0.009865318
17.69 -0.006943017
17.7 -0.004458296
17.71 -0.001570675
17.72 -0.0002161152
17.73 -0.001737955
17.74 -0.004696975
17.75 -0.009525654
17.76 -0.01505405
17.77 -0.02036213
17.78 -0.02559881
17.79 -0.03005213
17.8 -0.03377717
17.81 -0.03723701
17.82 -0.03742775
17.83 -0.03355787
17.84 -0.0250123
17.85 -0.01599244
17.86 -0.006124968
17.87 0.002166612
17.88 0.007123813
17.89 0.008473273
17.9 0.005261294
17.91 0.0004213946
17.92 -0.006430964
17.93 -0.01147996
17.94 -0.01473886
17.95 -0.01573438
17.96 -0.01407994
17.97 -0.01035796
17.98 -0.004909122
17.99 0.001191499
18 0.008328439
18.01 0.0155276
18.02 0.02248094
18.03 0.02835104
18.04 0.03351632
18.05 0.03707612
18.06 0.03789008
18.07 0.03568791
18.08 0.02980455
18.09 0.02143443
18.1 0.01163936
18.11 0.001434264
18.12 -0.007278575
18.13 -0.01239694
18.14 -0.01407994
18.15 -0.01128003
18.16 -0.006705332
18.17 -0.001925612
18.18 0.003219268
18.19 0.006939208
18.2 0.009114869
18.21 0.007746029
18.22 0.00405363
18.23 0.0003438904
18.24 -0.002714069
18.25 -0.004751009
18.26 -0.004058428
18.27 -0.0008546076
18.28 0.003077493
18.29 0.005161353
18.3 0.003917973
18.31 0.001253735
18.32 -0.003485185
18.33 -0.006993985
18.34 -0.008794286
18.35 -0.008405664
18.36 -0.004581683
18.37 0.000844717
18.38 0.006742357
18.39 0.01031848
18.4 0.0112681
18.41 0.009655479
18.42 0.005350059
18.43 -0.00121466
18.44 -0.00760292
18.45 -0.0119726
18.46 -0.01290284
18.47 -0.01185835
18.48 -0.008680038
18.49 -0.002477418
18.5 0.004622802
18.51 0.0112324
18.52 0.01478098
18.53 0.01357738
18.54 0.009695265
18.55 0.004963485
18.56 0.001194586
18.57 -0.001185074
18.58 -4.369355e-05
18.59 0.004750307
18.6 0.01078871
18.61 0.01694338
18.62 0.02093056
18.63 0.02202503
18.64 0.02260847
18.65 0.02322659
18.66 0.02400893
18.67 0.02378759
18.68 0.02310929
18.69 0.02226881
18.7 0.01984223
18.71 0.01307454
18.72 0.004123013
18.73 -0.004913167
18.74 -0.01488979
18.75 -0.02255611
18.76 -0.02571301
18.77 -0.02443087
18.78 -0.01955833
18.79 -0.01213782
18.8 -0.004236904
18.81 0.003413097
18.82 0.009047578
18.83 0.009458637
18.84 0.003679317
18.85 -0.005320142
18.86 -0.01521312
18.87 -0.02158915
18.88 -0.0239688
18.89 -0.0229794
18.9 -0.02012646
18.91 -0.01829046
18.92 -0.01608624
18.93 -0.01335672
18.94 -0.0118971
18.95 -0.01125552
18.96 -0.01056905
18.97 -0.01006415
18.98 -0.01084751
18.99 -0.01062822
19 -0.007687556
19.01 -0.003899276
19.02 0.0001746044
19.03 0.003143825
19.04 0.003374345
19.05 -0.0005781544
19.06 -0.006743034
19.07 -0.01355459
19.08 -0.01962971
19.09 -0.02245919
19.1 -0.02120969
19.11 -0.01686551
19.12 -0.01068534
19.13 -0.004163452
19.14 0.002382909
19.15 0.00867733
19.16 0.01433731
19.17 0.01846219
19.18 0.01954543
19.19 0.01904971
19.2 0.01731877
19.21 0.01545829
19.22 0.01279508
19.23 0.01098049
19.24 0.01022875
19.25 0.009103693
19.26 0.008341752
19.27 0.008447834
19.28 0.009311775
19.29 0.009771794
19.3 0.01111207
19.31 0.01288586
19.32 0.01492892
19.33 0.01490546
19.34 0.01195664
19.35 0.006964756
19.36 0.001549577
19.37 -0.001553263
19.38 -0.0009626831
19.39 0.003072437
19.4 0.008578398
19.41 0.01435568
19.42 0.0181052
19.43 0.0183296
19.44 0.01580918
19.45 0.01031036
19.46 0.0017954
19.47 -0.00829546
19.48 -0.01860051
19.49 -0.02693187
19.5 -0.03147802
19.51 -0.03091294
19.52 -0.02703796
19.53 -0.02016418
19.54 -0.01313026
19.55 -0.006926617
19.56 -0.001801117
19.57 0.001388423
19.58 0.001894343
19.59 -0.0005189767
19.6 -0.004858056
19.61 -0.009914197
19.62 -0.01516108
19.63 -0.02186452
19.64 -0.02805388
19.65 -0.03374344
19.66 -0.0385252
19.67 -0.04092423
19.68 -0.04217067
19.69 -0.04019493
19.7 -0.03446865
19.71 -0.02434005
19.72 -0.01015797
19.73 0.006135507
19.74 0.02445776
19.75 0.0422282
19.76 0.05586968
19.77 0.06428469
19.78 0.06751911
19.79 0.06553113
19.8 0.05852373
19.81 0.04951101
19.82 0.03923247
19.83 0.02838273
19.84 0.01774005
19.85 0.00692295
19.86 -0.00313017
19.87 -0.01048641
19.88 -0.01387281
19.89 -0.01568535
19.9 -0.01544667
19.91 -0.01254783
19.92 -0.008675907
19.93 -0.004766248
19.94 -0.000430228
19.95 0.003066332
19.96 0.005053292
19.97 0.003775232
19.98 -8.967197e-06
19.99 -0.005484327
20 -0.01128711
20.01 -0.01611681
20.02 -0.02043855
20.03 -0.02191347
20.04 -0.02119335
20.05 -0.01831899
20.06 -0.0132302
20.07 -0.006943945
20.08 0.0007070747
20.09 0.007842995
20.1 0.0147382
20.11 0.02078475
20.12 0.02549715
20.13 0.02634987
20.14 0.02123355
20.15 0.01238301
20.16 0.001210957
20.17 -0.01145234
20.18 -0.024338
20.19 -0.03585584
20.2 -0.04362722
20.21 -0.04695956
20.22 -0.04578452
20.23 -0.0392555
20.24 -0.02970728
20.25 -0.01889324
20.26 -0.008311763
20.27 0.0008039779
20.28 0.007760378
20.29 0.01362028
20.3 0.0188284
20.31 0.02240554
20.32 0.02501776
20.33 0.02583784
20.34 0.02448838
20.35 0.02153038
20.36 0.01832452
20.37 0.01535835
20.38 0.01255539
20.39 0.009419921
20.4 0.00743194
20.41 0.005682639
20.42 0.00283174
20.43 0.0009457601
20.44 -0.00101774
20.45 -0.0006291197
20.46 0.001575101
20.47 0.004533101
20.48 0.00670672
20.49 0.007908281
20.5 0.00512266
20.51 -1.30391e-05
20.52 -0.00525482
20.53 -0.008558599
20.54 -0.008121019
20.55 -0.004179739
20.56 0.003283601
20.57 0.01279204
20.58 0.02462608
20.59 0.03485974
20.6 0.04171516
20.61 0.04616236
20.62 0.04747409
20.63 0.04580332
20.64 0.04142344
20.65 0.03383158
20.66 0.02548492
20.67 0.01472902
20.68 0.003222402
20.69 -0.008792178
20.7 -0.01932164
20.71 -0.0284435
20.72 -0.0347726
20.73 -0.03543764
20.74 -0.03225728
20.75 -0.02675437
20.76 -0.02215621
20.77 -0.01659721
20.78 -0.01299049
20.79 -0.01198274
20.8 -0.01432364
20.81 -0.0206864
20.82 -0.0286373
20.83 -0.03554066
20.84 -0.0401684
20.85 -0.04074368
20.86 -0.0352214
20.87 -0.02522132
20.88 -0.01302415
20.89 -0.001283957
20.9 0.009411764
20.91 0.01850302
20.92 0.02678032
20.93 0.03411616
20.94 0.03964456
20.95 0.04330228
20.96 0.04334614
20.97 0.04043098
20.98 0.03228424
20.99 0.0193486
21 0.003340723
21.01 -0.01465004
21.02 -0.03163813
21.03 -0.04564477
21.04 -0.05236963
21.05 -0.05219113
21.06 -0.04478593
21.07 -0.03193394
21.08 -0.01665638
21.09 7.672284e-05
21.1 0.01638244
21.11 0.02969446
21.12 0.0387694
21.13 0.04248628
21.14 0.04037794
21.15 0.03580222
21.16 0.03022588
21.17 0.02311853
21.18 0.01492997
21.19 0.005787702
21.2 -0.002302937
21.21 -0.01046294
21.22 -0.02026922
21.23 -0.02751122
21.24 -0.03297434
21.25 -0.0336761
21.26 -0.02871176
21.27 -0.0208292
21.28 -0.009225677
21.29 0.003160181
21.3 0.01339996
21.31 0.02224846
21.32 0.02771771
21.33 0.02903248
21.34 0.02676196
21.35 0.01959034
21.36 0.00976978
21.37 -0.0005403789
21.38 -0.01084748
21.39 -0.02027432
21.4 -0.02866586
21.41 -0.03598028
21.42 -0.0408977
21.43 -0.04178204
21.44 -0.04007354
21.45 -0.03615164
21.46 -0.02985926
21.47 -0.02162276
21.48 -0.01434404
21.49 -0.0076712
21.5 -0.002556921
21.51 0.00129766
21.52 0.005097159
21.53 0.007419699
21.54 0.006848498
21.55 0.003265239
21.56 -0.001342102
21.57 -0.007399881
21.58 -0.01208882
21.59 -0.01727348
21.6 -0.02036918
21.61 -0.02079962
21.62 -0.01920944
21.63 -0.01386566
21.64 -0.006128962
21.65 0.003723217
21.66 0.01421697
21.67 0.02342043
21.68 0.03022077
21.69 0.03391929
21.7 0.034873
21.71 0.03440074
21.72 0.03125506
21.73 0.02664058
21.74 0.02028496
21.75 0.01278184
21.76 0.003436595
21.77 -0.006200364
21.78 -0.01505906
21.79 -0.0230681
21.8 -0.02986946
21.81 -0.03646886
21.82 -0.04075694
21.83 -0.04440447
21.84 -0.04501443
21.85 -0.04152501
21.86 -0.03369243
21.87 -0.02138409
21.88 -0.007098987
21.89 0.009389313
21.9 0.02695575
21.91 0.04389081
21.92 0.05847885
21.93 0.06772413
21.94 0.0714869
21.95 0.07024965
21.96 0.06400623
21.97 0.05333703
21.98 0.04122657
21.99 0.02708937
22 0.01373655
22.01 0.00226053
22.02 -0.007337669
22.03 -0.01642995
22.04 -0.02405139
22.05 -0.02784477
22.06 -0.03035295
22.07 -0.02972871
22.08 -0.02774277
22.09 -0.02400039
22.1 -0.01873821
22.11 -0.01352907
22.12 -0.008411733
22.13 -0.002441673
22.14 0.004650387
22.15 0.01078466
22.16 0.01591016
22.17 0.01765538
22.18 0.01571024
22.19 0.01107332
22.2 0.004190365
22.21 -0.002490635
22.22 -0.008317896
22.23 -0.01414005
22.24 -0.01826085
22.25 -0.02008971
22.26 -0.02051709
22.27 -0.01926963
22.28 -0.01613313
22.29 -0.01147479
22.3 -0.005685278
22.31 0.000909022
22.32 0.006931102
22.33 0.0118985
22.34 0.01641812
22.35 0.02079086
22.36 0.02455058
22.37 0.0285602
22.38 0.03176912
22.39 0.03279728
22.4 0.03112856
22.41 0.02680988
22.42 0.01847036
22.43 0.008585538
22.44 -0.002860902
22.45 -0.01606786
22.46 -0.02823136
22.47 -0.0367759
22.48 -0.03991138
22.49 -0.03805396
22.5 -0.0301714
22.51 -0.01804259
22.52 -0.005297685
22.53 0.006349695
22.54 0.01624675
22.55 0.02226679
22.56 0.02460259
22.57 0.02166091
22.58 0.01546237
22.59 0.007801152
22.6 -0.002886408
22.61 -0.01375451
22.62 -0.02160545
22.63 -0.02392901
22.64 -0.02068949
22.65 -0.01380653
22.66 -0.00550169
22.67 0.00428215
22.68 0.01535016
22.69 0.02559198
22.7 0.03402126
22.71 0.04070838
22.72 0.04316454
22.73 0.04003926
22.74 0.03224238
22.75 0.02142324
22.76 0.008091846
22.77 -0.006771594
22.78 -0.02042022
22.79 -0.03202373
22.8 -0.04145261
22.81 -0.04714727
22.82 -0.04959017
22.83 -0.04672703
22.84 -0.03898421
22.85 -0.02737457
22.86 -0.01525901
22.87 -0.003282179
22.88 0.0086151
22.89 0.01768698
22.9 0.02158134
22.91 0.02076126
22.92 0.0144903
22.93 0.002634839
22.94 -0.009619441
22.95 -0.02072826
22.96 -0.02793354
22.97 -0.03132402
22.98 -0.0290382
22.99 -0.02177478
23 -0.01127388
23.01 0.001055876
23.02 0.01447908
23.03 0.02785434
23.04 0.0393426
23.05 0.04912134
23.06 0.05476194
23.07 0.05640721
23.08 0.05475072
23.09 0.05074211
23.1 0.04454561
23.11 0.03374381
23.12 0.02015231
23.13 0.00562139
23.14 -0.00744175
23.15 -0.01955324
23.16 -0.0304346
23.17 -0.04002464
23.18 -0.04535108
23.19 -0.04536944
23.2 -0.04127312
23.21 -0.03391178
23.22 -0.02490518
23.23 -0.01533146
23.24 -0.006439095
23.25 0.003406964
23.26 0.01242682
23.27 0.01952398
23.28 0.0238957
23.29 0.02260336
23.3 0.01565002
23.31 0.004854341
23.32 -0.006544159
23.33 -0.01749998
23.34 -0.02720426
23.35 -0.03463088
23.36 -0.03871292
23.37 -0.0368147
23.38 -0.03126386
23.39 -0.02365772
23.4 -0.01424313
23.41 -0.004450104
23.42 0.005349035
23.43 0.01429749
23.44 0.02071941
23.45 0.02461275
23.46 0.02410275
23.47 0.01946685
23.48 0.01238907
23.49 0.004523851
23.5 -0.001518629
23.51 -0.005644529
23.52 -0.005538451
23.53 -0.001103491
23.54 0.004872688
23.55 0.01048881
23.56 0.01540623
23.57 0.01784199
23.58 0.01652925
23.59 0.01212897
23.6 0.006137485
23.61 -0.001366656
23.62 -0.008436276
23.63 -0.01431249
23.64 -0.01881375
23.65 -0.01924827
23.66 -0.01569051
23.67 -0.01032123
23.68 -0.005124339
23.69 -0.001231
23.7 -0.0006088005
23.71 -0.003498461
23.72 -0.008538282
23.73 -0.01583231
23.74 -0.02386277
23.75 -0.03085079
23.76 -0.03594773
23.77 -0.03735023
23.78 -0.03496343
23.79 -0.02856293
23.8 -0.02074259
23.81 -0.01287125
23.82 -0.005791427
23.83 -0.0005588282
23.84 0.004074011
23.85 0.00867217
23.86 0.01486051
23.87 0.02087239
23.88 0.02609683
23.89 0.03119785
23.9 0.03484537
23.91 0.03750451
23.92 0.03902941
23.93 0.03901513
23.94 0.03691903
23.95 0.03299611
23.96 0.02695363
23.97 0.01939543
23.98 0.01244616
23.99 0.006408782
24 0.001565821
24.01 -0.002881379
24.02 -0.00769884
24.03 -0.01211034
24.04 -0.01789272
24.05 -0.02399436
24.06 -0.02960232
24.07 -0.03391182
24.08 -0.03546834
24.09 -0.03397608
24.1 -0.02931468
24.11 -0.02429118
24.12 -0.01652796
24.13 -0.005705767
24.14 0.006991192
24.15 0.02045111
24.16 0.03268805
24.17 0.04342661
24.18 0.05103785
24.19 0.05513927
24.2 0.05524841
24.21 0.05200072
24.22 0.04626016
24.23 0.03888046
24.24 0.03101728
24.25 0.02534302
24.26 0.01979728
24.27 0.01810816
24.28 0.01861714
24.29 0.0190333
24.3 0.0206194
24.31 0.02073976
24.32 0.01936684
24.33 0.01489618
24.34 0.00934126
24.35 0.001242458
24.36 -0.007230682
24.37 -0.0158252
24.38 -0.02512964
24.39 -0.03385778
24.4 -0.04044291
24.41 -0.04386297
24.42 -0.04494417
24.43 -0.04305003
24.44 -0.03852225
24.45 -0.03309687
24.46 -0.02647503
24.47 -0.02037237
24.48 -0.01594659
24.49 -0.01183089
24.5 -0.008712751
24.51 -0.006993032
24.52 -0.005799633
24.53 -0.004416513
24.54 -0.003204754
24.55 -0.001276955
24.56 0.0006855242
24.57 0.002542943
24.58 0.002928503
24.59 0.002747962
24.6 0.001724901
24.61 0.001061901
24.62 0.00245522
24.63 0.00313148
24.64 0.003881179
24.65 0.005607018
24.66 0.007368558
24.67 0.008452818
24.68 0.008779217
24.69 0.008692516
24.7 0.006944235
24.71 0.003513974
24.72 -0.001312667
24.73 -0.006417766
24.74 -0.01027439
24.75 -0.01355573
24.76 -0.01459409
24.77 -0.01227665
24.78 -0.008694411
24.79 -0.006222951
24.8 -0.004042192
24.81 -0.004757213
24.82 -0.007643814
24.83 -0.01070279
24.84 -0.01318547
24.85 -0.01438499
24.86 -0.01393212
24.87 -0.0119013
24.88 -0.009921478
24.89 -0.00857712
24.9 -0.00763872
24.91 -0.00679416
24.92 -0.006799261
24.93 -0.006771722
24.94 -0.007299063
24.95 -0.008571003
24.96 -0.01030806
24.97 -0.01072626
24.98 -0.008221146
24.99 -0.001983847
25 0.006156773
25.01 0.01470335
25.02 0.02193311
25.03 0.02737991
25.04 0.03256763
25.05 0.03595811
25.06 0.03778901
25.07 0.03803483
25.08 0.03638549
25.09 0.03259109
25.1 0.02727893
25.11 0.0204337
25.12 0.01337938
25.13 0.005358103
25.14 -0.002925317
25.15 -0.0088403
25.16 -0.0136343
25.17 -0.01645052
25.18 -0.01735934
25.19 -0.01574978
25.2 -0.01195334
25.21 -0.007097122
25.22 -0.002159303
25.23 0.002517396
25.24 0.006499476
25.25 0.009724715
25.26 0.01037649
25.27 0.008378314
25.28 0.004352373
25.29 -0.0009750881
25.3 -0.005891489
25.31 -0.01082931
25.32 -0.01457067
25.33 -0.01713699
25.34 -0.01923514
25.35 -0.0205591
25.36 -0.02133736
25.37 -0.0212731
25.38 -0.01957887
25.39 -0.01594053
25.4 -0.01029687
25.41 -0.005222377
25.42 -0.0008679978
25.43 0.001995141
25.44 0.003202821
25.45 0.00385154
25.46 0.003455779
25.47 0.003149778
25.48 0.002903957
25.49 0.001378037
25.5 -0.0002223437
25.51 -0.002484705
25.52 -0.004552245
25.53 -0.006517786
25.54 -0.007761167
25.55 -0.007560227
25.56 -0.006038388
25.57 -0.004013689
25.58 -0.00193595
25.59 0.0007721497
25.6 0.001228089
25.61 0.002137928
25.62 0.001805407
25.63 0.001824786
25.64 0.003744426
25.65 0.006394385
25.66 0.01043766
25.67 0.0141117
25.68 0.01709112
25.69 0.01950444
25.7 0.02061012
25.71 0.02049792
25.72 0.01891896
25.73 0.01682286
25.74 0.01330895
25.75 0.008838299
25.76 0.003640377
25.77 -0.001909443
25.78 -0.007067584
25.79 -0.01266738
25.8 -0.01774392
25.81 -0.02358954
25.82 -0.02890476
25.83 -0.03395376
25.84 -0.03703111
25.85 -0.03722491
25.86 -0.03454945
25.87 -0.02820505
25.88 -0.02021947
25.89 -0.01141687
25.9 -0.002783593
25.91 0.004471667
25.92 0.01108025
25.93 0.01641994
25.94 0.0209722
25.95 0.02315296
25.96 0.02425558
25.97 0.0251134
25.98 0.025246
25.99 0.02558464
26 0.0251032
26.01 0.0227725
26.02 0.01905051
26.03 0.01511229
26.04 0.009577778
26.05 0.003182376
26.06 -0.003855625
26.07 -0.009898105
26.08 -0.01355072
26.09 -0.01495322
26.1 -0.01416069
26.11 -0.01082631
26.12 -0.006560669
26.13 -0.00315081
26.14 -0.0003692702
26.15 0.000382469
26.16 0.0002835283
26.17 0.0006517476
26.18 0.0009261269
26.19 0.0004477462
26.2 0.0001478655
26.21 1.118482e-05
26.22 -0.0004682159
26.23 -0.001245457
26.24 -0.001779937
26.25 -0.002573498
26.26 -0.002932538
26.27 -0.00290908
26.28 -0.00278464
26.29 -0.001300541
26.3 0.001462639
26.31 0.005552837
26.32 0.01029686
26.33 0.01413818
26.34 0.01804682
26.35 0.02013781
26.36 0.02064883
26.37 0.01960435
26.38 0.01672897
26.39 0.01312021
26.4 0.007534691
26.41 0.002098091
26.42 -0.003593509
26.43 -0.008235531
26.44 -0.01287959
26.45 -0.01647203
26.46 -0.01870685
26.47 -0.01967075
26.48 -0.01759097
26.49 -0.01482779
26.5 -0.01177493
26.51 -0.009031137
26.52 -0.007651076
26.53 -0.006318956
26.54 -0.005674318
26.55 -0.004396258
26.56 -0.003219179
26.57 -0.0006416397
26.58 0.001714559
26.59 0.003670919
26.6 0.004859218
26.61 0.004853097
26.62 0.004645017
26.63 0.003897356
26.64 0.003759655
26.65 0.004082995
26.66 0.004579734
26.67 0.003942233
26.68 0.003492413
26.69 0.001806352
26.7 0.0007863518
26.71 0.001687011
26.72 0.00338123
26.73 0.00513461
26.74 0.008144629
26.75 0.01046207
26.76 0.01243169
26.77 0.01538561
26.78 0.01696967
26.79 0.01835075
26.8 0.01927589
26.81 0.01794886
26.82 0.01562632
26.83 0.01125358
26.84 0.005506903
26.85 -0.0004162375
26.86 -0.006197598
26.87 -0.01215235
26.88 -0.01737374
26.89 -0.02210144
26.9 -0.02583872
26.91 -0.02833466
26.92 -0.02924042
26.93 -0.02832854
26.94 -0.02663126
26.95 -0.02367837
26.96 -0.02245233
26.97 -0.02099883
26.98 -0.02054697
26.99 -0.02065508
27 -0.02061428
27.01 -0.02052452
27.02 -0.01909449
27.03 -0.01793883
27.04 -0.01597227
27.05 -0.01399143
27.06 -0.01027455
27.07 -0.005381611
27.08 8.06891e-06
27.09 0.006536069
27.1 0.01354346
27.11 0.02122202
27.12 0.02800095
27.13 0.03439023
27.14 0.03975441
27.15 0.04282767
27.16 0.04291538
27.17 0.04104878
27.18 0.03659444
27.19 0.0309875
27.2 0.02463596
27.21 0.01563956
27.22 0.007620321
27.23 0.001568661
27.24 -0.002691879
27.25 -0.00364252
27.26 -0.00230428
27.27 -0.0005498814
27.28 -0.0002326618
27.29 -0.001872823
27.3 -0.004498302
27.31 -0.009155624
27.32 -0.01344472
27.33 -0.01727686
27.34 -0.0211447
27.35 -0.02281546
27.36 -0.02189543
27.37 -0.01986563
27.38 -0.01685255
27.39 -0.01356815
27.4 -0.009092387
27.41 -0.005976288
27.42 -0.004373868
27.43 -0.002569489
27.44 -0.001399549
27.45 0.0008209898
27.46 0.00387181
27.47 0.007613169
27.48 0.01059157
27.49 0.01281415
27.5 0.01355976
27.51 0.01261626
27.52 0.009018726
27.53 0.005218206
27.54 0.002804885
27.55 0.001689005
27.56 0.001704305
27.57 0.001831805
27.58 0.002728384
27.59 0.002505004
27.6 0.001643103
27.61 -7.457716e-05
27.62 -0.003146818
27.63 -0.005767197
27.64 -0.008947558
27.65 -0.01250838
27.66 -0.01461672
27.67 -0.01655574
27.68 -0.01724526
27.69 -0.01653534
27.7 -0.0142179
27.71 -0.01119258
27.72 -0.007829642
27.73 -0.005743742
27.74 -0.005775362
27.75 -0.005971202
27.76 -0.006188463
27.77 -0.006071163
27.78 -0.006065044
27.79 -0.004420804
27.8 -0.002377744
27.81 0.001211635
27.82 0.004567435
27.83 0.007795734
27.84 0.01092407
27.85 0.01317725
27.86 0.01507446
27.87 0.01717566
27.88 0.02003165
27.89 0.02131379
27.9 0.02273567
27.91 0.02320793
27.92 0.02311001
27.93 0.02261327
27.94 0.02186663
27.95 0.02119445
27.96 0.01930745
27.97 0.01653509
27.98 0.01460729
27.99 0.01208789
28 0.00903503
28.01 0.006606409
28.02 0.003830989
28.03 0.001951128
28.04 -0.0001510917
28.05 -0.001259832
28.06 -0.001795332
28.07 -0.002907132
28.08 -0.003770052
28.09 -0.004983853
28.1 -0.006331273
28.11 -0.007597093
28.12 -0.008835375
28.13 -0.009014893
28.14 -0.009694215
28.15 -0.01008385
28.16 -0.01015831
28.17 -0.01115587
28.18 -0.01214323
28.19 -0.01295414
28.2 -0.01348862
28.21 -0.01467182
28.22 -0.01489417
28.23 -0.01552453
28.24 -0.01597639
28.25 -0.01589582
28.26 -0.01530524
28.27 -0.0124778
28.28 -0.008552837
28.29 -0.004726816
28.3 -0.0001674169
28.31 0.004170643
28.32 0.008016043
28.33 0.01125046
28.34 0.01306606
28.35 0.0145981
28.36 0.01518563
28.37 0.0154957
28.38 0.01624948
28.39 0.01617604
28.4 0.0146338
28.41 0.01202668
28.42 0.008968721
28.43 0.004417481
28.44 0.0005924816
28.45 -0.002017699
28.46 -0.005751919
28.47 -0.008923099
28.48 -0.01067851
28.49 -0.01067036
28.5 -0.008619138
28.51 -0.006344539
28.52 -0.002672539
28.53 0.0003844011
28.54 0.003013961
28.55 0.00468268
28.56 0.004500101
28.57 0.004454201
28.58 0.0034444
28.59 0.001940921
28.6 -0.000134779
28.61 -0.002112559
28.62 -0.005671339
28.63 -0.00966974
28.64 -0.01255736
28.65 -0.01548782
28.66 -0.01598047
28.67 -0.01368344
28.68 -0.01054694
28.69 -0.006646459
28.7 -0.002786779
28.71 0.001206522
28.72 0.004346081
28.73 0.006237161
28.74 0.007620282
28.75 0.006663521
28.76 0.005333441
28.77 0.004407282
28.78 0.003522942
28.79 0.003606582
28.8 0.003373003
28.81 0.002504982
28.82 0.0009749825
28.83 0.0001120626
28.84 -0.001774937
28.85 -0.003488537
28.86 -0.004926737
28.87 -0.006443476
28.88 -0.007699097
28.89 -0.008302937
28.9 -0.008093837
28.91 -0.008119336
28.92 -0.006894316
28.93 -0.004602375
28.94 -0.002507295
28.95 -0.0006315154
28.96 0.0009658049
28.97 0.002619225
28.98 0.004189005
28.99 0.006298366
29 0.007968106
29.01 0.008698426
29.02 0.009208426
29.03 0.01008664
29.04 0.01017232
29.05 0.009460367
29.06 0.008705567
29.07 0.008503607
29.08 0.009346127
29.09 0.009497088
29.1 0.01044671
29.11 0.01147997
29.12 0.01224497
29.13 0.01233065
29.14 0.01211543
29.15 0.01121987
29.16 0.00966641
29.17 0.00696647
29.18 0.002889531
29.19 -0.0002785887
29.2 -0.003790448
29.21 -0.007677667
29.22 -0.009954307
29.23 -0.01189537
29.24 -0.01370586
29.25 -0.0142128
29.26 -0.01289394
29.27 -0.01171891
29.28 -0.009561606
29.29 -0.007425725
29.3 -0.005550965
29.31 -0.003693544
29.32 -0.002736783
29.33 -0.002287983
29.34 -0.002438942
29.35 -0.002338982
29.36 -0.002407322
29.37 -0.002471581
29.38 -0.003540541
29.39 -0.0048033
29.4 -0.006167039
29.41 -0.007805159
29.42 -0.008543639
29.43 -0.009064858
29.44 -0.009929817
29.45 -0.009650338
29.46 -0.009028137
29.47 -0.008118296
29.48 -0.007299235
29.49 -0.007243134
29.5 -0.007835754
29.51 -0.009002634
29.52 -0.01099265
29.53 -0.01274909
29.54 -0.01339475
29.55 -0.01394759
29.56 -0.01255224
29.57 -0.009707451
29.58 -0.00583145
29.59 -0.001878949
29.6 0.001839971
29.61 0.004800013
29.62 0.007216393
29.63 0.008298614
29.64 0.008820855
29.65 0.009947955
29.66 0.01081598
29.67 0.01139738
29.68 0.01043143
29.69 0.008599517
29.7 0.006347359
29.71 0.004235959
29.72 0.00289568
29.73 0.001649241
29.74 0.0002406214
29.75 -0.0003836178
29.76 -0.001155757
29.77 -0.001386276
29.78 -0.0003887155
29.79 0.001149446
29.8 0.003178226
29.81 0.005148866
29.82 0.006392248
29.83 0.006262708
29.84 0.00637593
29.85 0.00614133
29.86 0.005357971
29.87 0.004836752
29.88 0.003601533
29.89 0.003949353
29.9 0.004557275
29.91 0.005438555
29.92 0.006836976
29.93 0.007575457
29.94 0.008012019
29.95 0.007364319
29.96 0.0066799
29.97 0.0056956
29.98 0.004676622
29.99 0.003784123
30 0.002585623
30.01 0.0007139246
30.02 -0.0009354143
30.03 -0.002477653
30.04 -0.004345272
30.05 -0.007119672
30.06 -0.00908929
30.07 -0.01102423
30.08 -0.01291531
30.09 -0.0132468
30.1 -0.01314378
30.11 -0.01151689
30.12 -0.009605405
30.13 -0.007002362
30.14 -0.004606382
30.15 -0.002757121
30.16 -0.0008619598
30.17 -0.0004855786
30.18 -0.0006997775
30.19 -0.001647356
30.2 -0.002549036
30.21 -0.002306274
30.22 -0.001596353
30.23 -0.0009302918
30.24 -0.0004641506
30.25 -0.0006079694
30.26 -0.0005059683
30.27 -0.0006222471
30.28 -0.0002785058
30.29 0.001649295
30.3 0.003993257
30.31 0.006114858
30.32 0.007401079
30.33 0.0082589
30.34 0.007642821
30.35 0.006556523
30.36 0.003837204
30.37 7.105466e-06
30.38 -0.002471493
30.39 -0.005104111
30.4 -0.00539685
30.41 -0.003665909
30.42 0.0003967521
30.43 0.006106713
30.44 0.01129545
30.45 0.01665657
30.46 0.01996342
30.47 0.0208498
30.48 0.02034694
30.49 0.01739711
30.5 0.01366186
30.51 0.009026984
30.52 0.004330906
30.53 0.0007456074
30.54 -0.002693831
30.55 -0.00429421
30.56 -0.003757688
30.57 -0.001762567
30.58 0.0002009349
30.59 0.002116496
30.6 0.003642418
30.61 0.003655679
30.62 0.003230341
30.63 0.001665662
30.64 -0.0003029359
30.65 -0.002325594
30.66 -0.004018792
30.67 -0.005274411
30.68 -0.006454549
30.69 -0.006262788
30.7 -0.005275426
30.71 -0.003992265
30.72 -0.002068543
30.73 -0.0002764015
30.74 0.0008558002
30.75 0.002292981
30.76 0.003446604
30.77 0.004961305
30.78 0.005330547
30.79 0.005785468
30.8 0.00472875
30.81 0.002540852
30.82 0.0006405938
30.83 -0.002898804
30.84 -0.005603843
30.85 -0.00768974
30.86 -0.00894944
30.87 -0.009983716
30.88 -0.01017343
30.89 -0.009686893
30.9 -0.009468611
30.91 -0.009052451
30.92 -0.008424129
30.93 -0.007695846
30.94 -0.007289884
30.95 -0.006864542
30.96 -0.005519161
30.97 -0.004256398
30.98 -0.003335337
30.99 -0.001785955
31 0.0002815871
31.01 0.002157369
31.02 0.004157591
31.03 0.006123132
31.04 0.007002375
31.05 0.006893237
31.06 0.004795099
31.07 0.002439921
31.08 -0.0001988169
31.09 -0.002221475
31.1 -0.004073793
31.11 -0.00387999
31.12 -0.003141509
31.13 -0.002366306
31.14 -0.001271845
31.15 -0.0003538424
31.16 0.0004560397
31.17 -0.001197379
31.18 -0.003113956
31.19 -0.005175373
31.2 -0.006317772
31.21 -0.006828789
31.22 -0.007446907
31.23 -0.007001164
31.24 -0.006407523
31.25 -0.00605868
31.26 -0.005391598
31.27 -0.005113136
31.28 -0.004353234
31.29 -0.004316511
31.3 -0.00422471
31.31 -0.003162887
31.32 -0.002318324
31.33 -0.0006434823
31.34 0.001166
31.35 0.002279842
31.36 0.004281085
31.37 0.006042626
31.38 0.007181968
31.39 0.008657912
31.4 0.009224014
31.41 0.01013998
31.42 0.01151698
31.43 0.01229932
31.44 0.01227382
31.45 0.01237786
31.46 0.01211981
31.47 0.01131503
31.48 0.009605514
31.49 0.007798077
31.5 0.004940038
31.51 0.001810681
31.52 -0.0001395559
31.53 -0.001862333
31.54 -0.00313427
31.55 -0.003711588
31.56 -0.003092446
31.57 -0.003387223
31.58 -0.00298024
31.59 -0.002411077
31.6 -0.001462474
31.61 -0.0002904922
31.62 0.0002286904
31.63 0.000917193
31.64 0.001731156
31.65 0.002767479
31.66 0.004266882
31.67 0.006353803
31.68 0.008649827
31.69 0.01037465
31.7 0.01148747
31.71 0.01073369
31.72 0.009147599
31.73 0.006816901
31.74 0.003625324
31.75 0.001076346
31.76 -0.001626651
31.77 -0.003972648
31.78 -0.005741325
31.79 -0.006150342
31.8 -0.006064659
31.81 -0.005610756
31.82 -0.003831873
31.83 -0.00250995
31.84 -0.001431807
31.85 0.0001216558
31.86 0.001978059
31.87 0.003745722
31.88 0.003629445
31.89 0.003308147
31.9 0.00165779
31.91 -0.000617826
31.92 -0.002609883
31.93 -0.00469068
31.94 -0.005755557
31.95 -0.005493414
31.96 -0.004454031
31.97 -0.002773068
31.98 -0.0002373442
31.99 0.0009111791
32 0.002384062
32.01 0.002880805
32.02 0.002165788
32.03 0.001712911
32.04 0.001495655
32.05 0.001040739
32.06 0.001409982
32.07 0.002016885
32.08 0.002937949
32.09 0.003748852
32.1 0.004340455
32.11 0.004906558
32.12 0.004141562
32.13 0.003513245
32.14 0.001151948
32.15 -0.0008176681
32.16 -0.003346245
32.17 -0.005871761
32.18 -0.006894818
32.19 -0.007343614
32.2 -0.00701823
32.21 -0.006728547
32.22 -0.005925804
32.23 -0.00596762
32.24 -0.005349497
32.25 -0.004715053
32.26 -0.003893949
32.27 -0.002789286
32.28 -0.002070182
32.29 -0.001420439
32.3 -0.0008930952
32.31 -0.001252132
32.32 -0.001909007
32.33 -0.002187464
32.34 -0.00290248
32.35 -0.003522637
32.36 -0.004569153
32.37 -0.005498368
32.38 -0.006517345
32.39 -0.006937582
32.4 -0.006655038
32.41 -0.005907375
32.42 -0.00534739
32.43 -0.004067287
32.44 -0.002771883
32.45 -0.001824299
32.46 -0.0009705553
32.47 -0.0009776914
32.48 -0.001065408
32.49 -0.002522984
32.5 -0.003513399
32.51 -0.004644576
32.52 -0.006100112
32.53 -0.006192927
32.54 -0.005642124
32.55 -0.0043508
32.56 -0.003098235
32.57 -0.001177572
32.58 0.0006482324
32.59 0.001624377
32.6 0.002097661
32.61 0.001772284
32.62 0.001075629
32.63 0.0004595529
32.64 -0.000629803
32.65 -0.0009806788
32.66 -0.0008939746
32.67 -0.0009786305
32.68 -0.0003431662
32.69 0.000178058
32.7 -0.0001483377
32.71 -0.001379474
32.72 -0.002751369
32.73 -0.003975365
32.74 -0.004873981
32.75 -0.004609796
32.76 -0.003826432
32.77 -0.001954727
32.78 0.0002637768
32.79 0.001115481
32.8 0.002613865
32.81 0.00310959
32.82 0.002393554
32.83 0.001824399
32.84 0.0009625034
32.85 -9.727214e-05
32.86 -0.0008622676
32.87 -0.0009448832
32.88 -0.0003134985
32.89 0.000274026
32.9 0.00168265
32.91 0.003830775
32.92 0.005632099
32.93 0.007725144
32.94 0.00952137
32.95 0.01168377
32.96 0.01272928
32.97 0.01335964
32.98 0.01374521
32.99 0.01209485
33 0.01143696
33.01 0.01002528
33.02 0.007891446
33.03 0.006859211
33.04 0.005732116
33.05 0.005041581
33.06 0.004895726
33.07 0.005161951
33.08 0.006000395
33.09 0.00725296
33.1 0.008939027
33.11 0.01006817
33.12 0.01021608
33.13 0.00967854
33.14 0.008217905
33.15 0.00655123
33.16 0.004382715
33.17 0.002172381
33.18 0.0004567454
33.19 -0.002277869
33.2 -0.004571844
33.21 -0.006511879
33.22 -0.008326454
33.23 -0.008784429
33.24 -0.008474344
33.25 -0.007767478
33.26 -0.007152414
33.27 -0.006055908
33.28 -0.005728483
33.29 -0.005257238
33.3 -0.004053632
33.31 -0.003836368
33.32 -0.003230482
33.33 -0.002698037
33.34 -0.003474251
33.35 -0.003863886
33.36 -0.00379146
33.37 -0.003809815
33.38 -0.003847549
33.39 -0.003247785
33.4 -0.002225739
33.41 -0.001104754
33.42 0.0003048918
33.43 0.001038277
33.44 0.0005497028
33.45 -0.0007079516
33.46 -0.002589846
33.47 -0.0045768
33.48 -0.006425035
33.49 -0.006779989
33.5 -0.006778963
33.51 -0.006166958
33.52 -0.005698772
33.53 -0.005297906
33.54 -0.004568601
33.55 -0.005564115
33.56 -0.005665089
33.57 -0.006609604
33.58 -0.007700998
33.59 -0.008372152
33.6 -0.008209967
33.61 -0.007523501
33.62 -0.006130175
33.63 -0.004052429
33.64 -0.001586063
33.65 0.0009241628
33.66 0.002678569
33.67 0.004245295
33.68 0.004807321
33.69 0.005050087
33.7 0.004264692
33.71 0.003939318
33.72 0.003407904
33.73 0.002312431
33.74 0.001406677
33.75 0.0003724029
33.76 -0.000162071
33.77 -0.0009178849
33.78 -0.0009678587
33.79 -0.0004058326
33.8 0.0006927136
33.81 0.00196874
33.82 0.002908166
33.83 0.003907773
33.84 0.003952659
33.85 0.003779265
33.86 0.002817411
33.87 0.001838218
33.88 0.0008467838
33.89 3.250204e-06
33.9 1.753659e-05
33.91 9.710299e-05
33.92 0.001166069
33.93 0.001988196
33.94 0.003674262
33.95 0.005469467
33.96 0.006084535
33.97 0.006745501
33.98 0.006899529
33.99 0.006188595
34 0.005769381
34.01 0.006272248
34.02 0.005961154
34.03 0.005208402
34.04 0.004686168
34.05 0.003232674
34.06 0.001082521
34.07 -0.0001516718
34.08 -0.001688805
34.09 -0.003732879
34.1 -0.005658631
34.11 -0.007489525
34.12 -0.008458517
34.13 -0.009032772
34.14 -0.009813065
34.15 -0.009241857
34.16 -0.00861659
34.17 -0.007765903
34.18 -0.006758136
34.19 -0.005756489
34.2 -0.004990463
34.21 -0.004367235
34.22 -0.003777669
34.23 -0.002764801
34.24 -0.0008890144
34.25 9.612653e-06
34.26 0.00105308
34.27 0.002353587
34.28 0.003667354
34.29 0.004947461
34.3 0.005871589
34.31 0.006879355
34.32 0.008105403
34.33 0.00833389
34.34 0.009294738
34.35 0.01026681
34.36 0.01073601
34.37 0.01040962
34.38 0.009207047
34.39 0.007660734
34.4 0.005109721
34.41 0.002396529
34.42 7.705642e-05
34.43 -0.001849716
34.44 -0.003763229
34.45 -0.005806281
34.46 -0.007525993
34.47 -0.008211426
34.48 -0.008792819
34.49 -0.009565971
34.5 -0.009931123
34.51 -0.009901535
34.52 -0.009870929
34.53 -0.009977001
34.54 -0.009190573
34.55 -0.007706464
34.56 -0.006987356
34.57 -0.005216629
34.58 -0.003952841
34.59 -0.002372854
34.6 -0.0009509659
34.61 0.0003566821
34.62 0.001413409
34.63 0.002590497
34.64 0.003132125
34.65 0.001475653
34.66 0.002330422
34.67 0.00240489
34.68 0.001669478
34.69 0.001768426
34.7 0.002283534
34.71 0.003408602
34.72 0.00385639
34.73 0.004823358
34.74 0.005647526
34.75 0.005633254
34.76 0.005677122
34.77 0.005100831
34.78 0.003985979
34.79 0.003555547
34.8 0.002119395
34.81 0.001663464
34.82 0.001751192
34.83 0.001827701
34.84 0.002871169
34.85 0.003740217
34.86 0.005365085
34.87 0.006844094
34.88 0.007485682
34.89 0.008061992
34.9 0.007502019
34.91 0.006043428
34.92 0.004463456
34.93 0.002249045
34.94 -7.960614e-05
34.95 -0.001809518
34.96 -0.002413349
34.97 -0.0031559
34.98 -0.003139572
34.99 -0.003756662
35 -0.004255434
35.01 -0.004084066
35.02 -0.004214616
35.03 -0.004096288
35.04 -0.004239078
35.05 -0.00355771
35.06 -0.002607061
35.07 -0.001420792
35.08 -0.0001039633
35.09 0.001358726
35.1 0.002965234
35.11 0.003492583
35.12 0.004187213
35.13 0.003481381
35.14 0.002711291
35.15 0.00246548
35.16 0.001813709
35.17 0.002794958
35.18 0.003720107
35.19 0.005170557
35.2 0.006172205
35.21 0.007625715
35.22 0.007675703
35.23 0.007452333
35.24 0.007461523
35.25 0.006338511
35.26 0.005521501
35.27 0.003979271
35.28 0.002937859
35.29 0.0007989294
35.3 -0.0003567211
35.31 -0.002015231
35.32 -0.003793082
35.33 -0.004874273
35.34 -0.005174143
35.35 -0.005311833
35.36 -0.006165563
35.37 -0.005295495
35.38 -0.005911565
35.39 -0.006426655
35.4 -0.006992745
35.41 -0.007767935
35.42 -0.008160625
35.43 -0.007946416
35.44 -0.007125307
35.45 -0.006630597
35.46 -0.005434127
35.47 -0.004660957
35.48 -0.003869427
35.49 -0.003405317
35.5 -0.002907547
35.51 -0.002970777
35.52 -0.002683127
35.53 -0.001329577
35.54 -0.001554987
35.55 -0.0006900171
35.56 -6.066707e-05
35.57 0.000616623
35.58 0.0007104732
35.59 0.0006380632
35.6 0.0007115134
35.61 0.0006289036
35.62 0.0007319339
35.63 0.0001923641
35.64 0.0006381144
35.65 0.0006330248
35.66 0.001265435
35.67 0.001735665
35.68 0.001608175
35.69 0.001577587
35.7 0.0004647766
35.71 -0.000216573
35.72 -0.0008979224
35.73 -0.001394651
35.74 -0.0006622814
35.75 0.0002761291
35.76 0.001468519
35.77 0.002795551
35.78 0.004134821
35.79 0.004810071
35.8 0.005642403
35.81 0.006570613
35.82 0.006482903
35.83 0.006575735
35.84 0.006475785
35.85 0.006697135
35.86 0.007514167
35.87 0.007455017
35.88 0.008101709
35.89 0.00858214
35.9 0.008334292
35.91 0.007255141
35.92 0.005426293
35.93 0.003977903
35.94 0.001668635
35.95 -0.0009711145
35.96 -0.003020283
35.97 -0.004900132
35.98 -0.00642196
35.99 -0.00695847
36 -0.007861776
36.01 -0.007607007
36.02 -0.00695909
36.03 -0.006108309
36.04 -0.004710003
36.05 -0.003452248
36.06 -0.00175532
36.07 -0.000554169
36.08 0.00078207
36.09 0.00166484
36.1 0.002665626
36.11 0.003606857
36.12 0.004569264
36.13 0.005436675
36.14 0.004783043
36.15 0.003795344
36.16 0.002611101
36.17 0.001266344
36.18 -5.486836e-05
36.19 -0.001142549
36.2 -0.002196381
36.21 -0.003665471
36.22 -0.004246498
36.23 -0.004557553
36.24 -0.005218722
36.25 -0.005829
36.26 -0.006824453
36.27 -0.007701363
36.28 -0.008286537
36.29 -0.008438558
36.3 -0.009375755
36.31 -0.009942117
36.32 -0.009095623
36.33 -0.008547015
36.34 -0.007623274
36.35 -0.006082592
36.36 -0.004044907
36.37 -0.002242123
36.38 -0.0002514436
36.39 0.001381321
36.4 0.002504896
36.41 0.00420174
36.42 0.005049292
36.43 0.005670222
36.44 0.005642995
36.45 0.005671818
36.46 0.005370291
36.47 0.005191177
36.48 0.005193172
36.49 0.005162765
36.5 0.004577117
36.51 0.003579926
36.52 0.00254461
36.53 0.000832821
36.54 -3.324087e-06
36.55 -0.0009617657
36.56 -0.001381906
36.57 -0.002230258
36.58 -0.002933136
36.59 -0.003360898
36.6 -0.004491044
36.61 -0.005538764
36.62 -0.006357522
36.63 -0.006933184
36.64 -0.007410718
36.65 -0.00773223
36.66 -0.007400833
36.67 -0.006137541
36.68 -0.005020288
36.69 -0.003225139
36.7 -0.002087634
36.71 -0.0007178147
36.72 0.0005255991
36.73 0.001280025
36.74 0.001991063
36.75 0.002020353
36.76 0.001471683
36.77 0.001131079
36.78 0.0007100388
36.79 0.0002947853
36.8 0.0003059542
36.81 -2.148381e-05
36.82 0.001011454
36.83 0.001549356
36.84 0.002685504
36.85 0.00339073
36.86 0.00402448
36.87 0.004944913
36.88 0.004872365
36.89 0.005597733
36.9 0.004887186
36.91 0.004631233
36.92 0.003945576
36.93 0.002937848
36.94 0.002567692
36.95 0.001632995
36.96 0.001375151
36.97 0.001806484
36.98 0.002155952
36.99 0.001965018
37 0.002060757
37.01 0.001797058
37.02 0.001269822
37.03 0.001081214
37.04 0.0004193524
37.05 -0.000314942
37.06 -0.000902975
37.07 -0.002041553
37.08 -0.002838787
37.09 -0.003079
37.1 -0.003540446
37.11 -0.003829096
37.12 -0.003886071
37.13 -0.00357727
37.14 -0.003049811
37.15 -0.002815356
37.16 -0.002157074
37.17 -0.001450857
37.18 -0.0005547952
37.19 0.0001807563
37.2 0.0007148835
37.21 0.001397967
37.22 0.001557929
37.23 0.001521579
37.24 0.001490247
37.25 0.001456459
37.26 0.001754157
37.27 0.002131119
37.28 0.002510685
37.29 0.003137592
37.3 0.003411955
37.31 0.003528038
37.32 0.003735399
37.33 0.00317799
37.34 0.002178334
37.35 0.001137179
37.36 0.0002751033
37.37 -0.0006367169
37.38 -0.001455907
37.39 -0.002031566
37.4 -0.002094341
37.41 -0.002142588
37.42 -0.00225252
37.43 -0.002315171
37.44 -0.001966824
37.45 -0.001656577
37.46 -0.001734473
37.47 -0.001695278
37.48 -0.001316205
37.49 -0.001074319
37.5 -0.0009969317
37.51 -0.0005472855
37.52 -0.0005410298
37.53 -0.0004910791
37.54 -0.0004802345
37.55 -0.0004340915
37.56 -0.0004332638
37.57 -0.0001495606
37.58 0.0003372726
37.59 0.0005303954
37.6 0.001156581
37.61 0.001782593
37.62 0.001948974
37.63 0.002233242
37.64 0.002266622
37.65 0.002452527
37.66 0.002529082
37.67 0.002438731
37.68 0.002125038
37.69 0.001821815
37.7 0.001435221
37.71 0.0008601653
37.72 0.0004333666
37.73 9.871043e-05
37.74 -0.0001446964
37.75 -0.0003498044
37.76 -0.0003034247
37.77 -0.0006270543
37.78 -0.0007550399
37.79 -0.0009192431
37.8 -0.001132413
37.81 -0.001206358
37.82 -0.001133449
37.83 -0.001101861
37.84 -0.0008692326
37.85 -0.0005103516
37.86 -0.0001568673
37.87 0.0002817353
37.88 0.0006203257
37.89 0.001002134
37.9 0.001305666
37.91 0.001529696
37.92 0.001722357
37.93 0.001924504
37.94 0.002057043
37.95 0.001948868
37.96 0.002021279
37.97 0.002041409
37.98 0.001909322
37.99 0.001693613
38 0.001412499
38.01 0.001178492
38.02 0.0006707377
38.03 0.0003684276
38.04 0.0002849103
38.05 8.494208e-05
38.06 -8.51974e-05
38.07 -0.0001992829
38.08 -0.0003014341
38.09 -0.0004769484
38.1 -0.000582302
38.11 -0.0007313707
38.12 -0.0008990784
38.13 -0.001004674
38.14 -0.001086374
38.15 -0.001190391
38.16 -0.001222038
38.17 -0.001155635
38.18 -0.001130265
38.19 -0.0009665238
38.2 -0.0008572497
38.21 -0.0007465593
38.22 -0.0005974542
38.23 -0.0003908802
38.24 -0.0001608472
38.25 0.0001122896
38.26 0.0004163381
38.27 0.0005721369
38.28 0.0006598426
38.29 0.0008047936
38.3 0.0005784816
38.31 0.0003091065
38.32 0.0001676721
38.33 -6.472887e-05
38.34 -0.0002137522
38.35 -0.0003402431
38.36 -0.0004768353
38.37 -0.0004979148
38.38 -0.0005685616
38.39 -0.0005318463
38.4 -0.0004509794
38.41 -0.0004625087
38.42 -0.0004412097
38.43 -0.0004345276
38.44 -0.0004372841
38.45 -0.0005259102
38.46 -0.0006473863
38.47 -0.0007249264
38.48 -0.0007425255
38.49 -0.0007742359
38.5 -0.000740074
38.51 -0.0006479832
38.52 -0.0005530056
38.53 -0.000471186
38.54 -0.0003964613
38.55 -0.0004165559
38.56 -0.000375761
38.57 -0.0003433247
38.58 -0.0003232055
38.59 -0.0003194102
38.6 -0.0003128774
38.61 -0.0002850414
38.62 -0.0002692435
38.63 -0.0002481035
38.64 -0.0002295751
38.65 -0.0002127695
38.66 -0.00019298
38.67 -0.0001562683
38.68 -0.0001447716
38.69 -0.0001016219
38.7 -4.579554e-05
38.71 -2.446023e-05
38.72 1.340113e-05
38.73 3.660943e-05
38.74 4.055385e-05
38.75 8.268527e-05
38.76 7.582837e-05
38.77 7.784607e-05
38.78 6.414749e-05
38.79 3.116379e-05
38.8 2.871023e-05
38.81 5.405773e-05
38.82 7.651546e-05
38.83 9.93267e-05
38.84 9.441015e-05
38.85 9.020844e-05
38.86 7.902171e-05
38.87 4.461415e-05
38.88 1.231477e-05
38.89 -2.508963e-05
38.9 -5.438282e-05
38.91 -5.742146e-05
38.92 -4.897548e-05
38.93 -6.258158e-05
38.94 -3.899139e-05
38.95 -1.558474e-05
38.96 1.039252e-05
38.97 2.34547e-05
38.98 2.78109e-05
38.99 2.74463e-05
39 1.631752e-05
39.01 2.048377e-05
39.02 2.792079e-05
39.03 2.213293e-05
39.04 3.906114e-05
39.05 5.539741e-05
39.06 6.192692e-05
39.07 7.255185e-05
39.08 8.605226e-05
39.09 9.277749e-05
39.1 7.619203e-05
39.11 8.21101e-05
39.12 7.848072e-05
39.13 6.602604e-05
39.14 7.313993e-05
39.15 7.573963e-05
39.16 7.28196e-05
39.17 7.474359e-05
39.18 7.356742e-05
39.19 6.924642e-05
39.2 6.98956e-05
39.21 6.420481e-05
39.22 5.82566e-05
39.23 6.018406e-05
39.24 5.591615e-05
39.25 4.885501e-05
39.26 4.571972e-05
39.27 4.248869e-05
39.28 4.410708e-05
39.29 4.145523e-05
39.3 4.040114e-05
39.31 4.116863e-05
39.32 3.696317e-05
39.33 3.663134e-05
39.34 3.590979e-05
39.35 3.768017e-05
39.36 3.835356e-05
39.37 3.64231e-05
39.38 3.596094e-05
39.39 3.679886e-05
39.4 3.478609e-05
39.41 3.479569e-05
39.42 3.233049e-05
39.43 2.926904e-05
39.44 2.701243e-05
39.45 2.417084e-05
39.46 2.220265e-05
39.47 2.134778e-05
39.48 2.218946e-05
39.49 2.194417e-05
39.5 2.059091e-05
39.51 1.984219e-05
39.52 1.896851e-05
39.53 1.718133e-05
39.54 1.59907e-05
39.55 1.432548e-05
39.56 1.266453e-05
39.57 1.141896e-05
39.58 1.013568e-05
39.59 8.907087e-06
39.6 7.617185e-06
39.61 6.905368e-06
39.62 6.584713e-06
39.63 6.222271e-06
39.64 5.906656e-06
39.65 5.752734e-06
39.66 5.45359e-06
39.67 4.823048e-06
39.68 4.407757e-06
39.69 3.866367e-06
39.7 3.372691e-06
39.71 2.87671e-06
39.72 2.414631e-06
39.73 1.99573e-06
39.74 1.551971e-06
39.75 1.140797e-06
39.76 7.090714e-07
39.77 3.112987e-07
39.78 -9.21371e-08
39.79 -4.01277e-07
39.8 -6.676262e-07
39.81 -8.661019e-07
39.82 -9.885421e-07
39.83 -1.05682e-06
39.84 -1.083862e-06
39.85 -1.084425e-06
39.86 -1.065343e-06
39.87 -1.040647e-06
39.88 -1.013865e-06
39.89 -9.826831e-07
39.9 -9.475326e-07
39.91 -9.115797e-07
39.92 -8.75798e-07
39.93 -8.41478e-07
39.94 -8.103114e-07
39.95 -7.836302e-07
39.96 -7.620551e-07
39.97 -7.459867e-07
39.98 -7.356405e-07
39.99 -7.313233e-07
