0 0.002829256
0.02 0.002828532
0.04 0.002179445
0.06 -0.0004717194
0.08 -0.0001224439
0.1 -0.003497155
0.12 -0.001539839
0.14 0.001068356
0.16 0.001905193
0.18 0.0005547638
0.2 -0.003211573
0.22 -0.0009025901
0.24 -0.002140388
0.26 9.488868e-05
0.28 -9.436746e-05
0.3 -4.811221e-05
0.32 -0.001700202
0.34 -0.002210772
0.36 -0.0016696
0.38 -0.0002020387
0.4 0.00215174
0.42 0.001395818
0.44 0.001021795
0.46 -0.001511255
0.48 -0.001490352
0.5 0.001766283
0.52 0.002861325
0.54 0.0008259273
0.56 0.001045573
0.58 -0.001769382
0.6 -0.001260423
0.62 0.002281899
0.64 0.001490162
0.66 -0.001952002
0.68 -0.002019331
0.7 -0.00222161
0.72 0.0004090385
0.74 0.003445242
0.76 1.582327e-05
0.78 -0.0006440572
0.8 -0.0004634929
0.82 -0.002446507
0.84 -0.004521901
0.86 -0.0009010044
0.88 0.0004328524
0.9 0.003138981
0.92 0.003966776
0.94 -0.00344054
0.96 0.0004003334
0.98 0.002804048
1 -4.066509e-05
1.02 0.0005299057
1.04 0.001363356
1.06 0.0002385158
1.08 -0.000377426
1.1 -0.00241937
1.12 -0.000914504
1.14 0.0007537468
1.16 0.003308262
1.18 0.002530244
1.2 0.001613641
1.22 0.003512429
1.24 -0.001185848
1.26 -0.001923762
1.28 -0.002374065
1.3 0.002451782
1.32 -0.0003454019
1.34 -0.004526284
1.36 -0.004716076
1.38 -0.001246489
1.4 0.002359808
1.42 0.001212656
1.44 0.001458419
1.46 0.001563294
1.48 0.003752632
1.5 -0.0008832801
1.52 -0.0005991973
1.54 -0.003581824
1.56 0.0006125042
1.58 -0.0006581652
1.6 -0.001413769
1.62 0.002290387
1.64 0.001102458
1.66 0.003878547
1.68 0.001232601
1.7 -3.642304e-05
1.72 -0.002349989
1.74 -0.001734717
1.76 -0.002871424
1.78 0.003300497
1.8 0.0005092646
1.82 0.002585712
1.84 0.00109874
1.86 0.001048107
1.88 0.0007380168
1.9 0.002553736
1.92 0.001224386
1.94 -0.005799569
1.96 -0.002127661
1.98 -0.001356436
2 0.002851859
2.02 -0.0001219063
2.04 -0.0006291958
2.06 -0.001729831
2.08 -0.001669756
2.1 -0.002518146
2.12 0.003500119
2.14 0.002040225
2.16 0.002695516
2.18 0.0009856622
2.2 -0.0004867983
2.22 -6.575423e-05
2.24 -0.002607036
2.26 0.0007623751
2.28 -0.001691991
2.3 -0.00192751
2.32 0.0003571069
2.34 0.004122763
2.36 0.001703894
2.38 0.001542934
2.4 -0.000232433
2.42 -0.0001305086
2.44 -0.001257845
2.46 -0.0008168926
2.48 0.001437197
2.5 -0.002627855
2.52 -0.003924944
2.54 -0.002918923
2.56 -0.00342226
2.58 -0.002543977
2.6 0.002342745
2.62 0.003257103
2.64 0.00133133
2.66 -0.001539219
2.68 -0.003091151
2.7 -0.000651286
2.72 0.002055764
2.74 0.002141095
2.76 0.001309453
2.78 -0.001945231
2.8 -0.002928965
2.82 0.001439345
2.84 0.001523901
2.86 -0.001504609
2.88 -0.003243983
2.9 -0.005740051
2.92 -0.0008661611
2.94 0.004686425
2.96 0.001021749
2.98 0.00192941
3 -0.001002893
3.02 -0.00295644
3.04 -0.0007048366
3.06 0.002352483
3.08 0.003014352
3.1 0.00218005
3.12 0.003634924
3.14 0.00186793
3.16 0.001193174
3.18 -0.003358044
3.2 -0.00744671
3.22 -0.001539335
3.24 0.001445565
3.26 -0.0005725103
3.28 0.0007691514
3.3 -0.003090111
3.32 0.0007937211
3.34 0.001879451
3.36 0.003287449
3.38 0.006777081
3.4 0.00480858
3.42 0.001579276
3.44 -0.00110305
3.46 -0.0008274655
3.48 -0.004472735
3.5 0.001077527
3.52 -0.001424025
3.54 -0.0002795409
3.56 0.003198462
3.58 -0.0012137
3.6 -0.0007833167
3.62 -0.0007166197
3.64 -0.0003650717
3.66 -0.0009927955
3.68 -0.0005997132
3.7 -0.0004048832
3.72 0.0008251328
3.74 0.004895608
3.76 0.005058173
3.78 0.003269229
3.8 0.0002963426
3.82 -0.003139289
3.84 -0.003757147
3.86 -0.006411586
3.88 -0.003113616
3.9 0.0003532227
3.92 -0.003275484
3.94 -0.005509812
3.96 -0.003556366
3.98 0.0003161289
4 0.003667369
4.02 0.005384175
4.04 0.005629986
4.06 -0.0004335102
4.08 -0.003024045
4.1 0.0008972095
4.12 -0.001158435
4.14 -0.005916347
4.16 -0.006750317
4.18 -0.00435742
4.2 -0.003380638
4.22 -0.001386488
4.24 0.004713083
4.26 0.003852012
4.28 -0.00140716
4.3 -0.003919428
4.32 -0.0004302901
4.34 0.005717009
4.36 0.004208334
4.38 0.001679649
4.4 0.004932451
4.42 0.008914183
4.44 0.009782798
4.46 0.004347893
4.48 -0.006125988
4.5 -0.004189317
4.52 -0.001905142
4.54 -0.007445956
4.56 -0.01249906
4.58 -0.002890511
4.6 -0.002754571
4.62 -0.001952254
4.64 0.004040813
4.66 0.005974958
4.68 0.009568719
4.7 0.01184354
4.72 0.01299724
4.74 0.001721623
4.76 -0.002363725
4.78 -0.004561584
4.8 -0.002223744
4.82 5.27278e-05
4.84 -2.225767e-05
4.86 0.00283262
4.88 0.00134227
4.9 0.003543069
4.92 0.007000261
4.94 0.005072201
4.96 -0.004072066
4.98 -0.004908928
5 0.003918915
5.02 0.0137815
5.04 0.01114378
5.06 0.007580387
5.08 0.002643912
5.1 -0.004905004
5.12 -0.03847546
5.14 -0.05470582
5.16 -0.006805229
5.18 0.01138323
5.2 -0.009096862
5.22 -0.01764123
5.24 -0.01241056
5.26 -0.004796557
5.28 0.007033047
5.3 0.01179432
5.32 0.01280935
5.34 0.007233094
5.36 -0.003951104
5.38 0.001014455
5.4 0.03212226
5.42 0.06323126
5.44 0.05689891
5.46 0.02644137
5.48 -0.009161235
5.5 -0.04662044
5.52 -0.04076273
5.54 -0.01771704
5.56 -0.01293335
5.58 -0.01829129
5.6 -0.04289137
5.62 -0.03993875
5.64 -0.03084683
5.66 0.004949192
5.68 0.02599197
5.7 -0.008514121
5.72 -0.009418851
5.74 0.002238952
5.76 0.007362176
5.78 0.003894595
5.8 0.01108824
5.82 0.02046515
5.84 0.02740523
5.86 0.03035648
5.88 0.02214429
5.9 0.003305013
5.92 -4.043558e-05
5.94 0.01013118
5.96 0.01670657
5.98 0.02849782
6 0.03265391
6.02 0.00887207
6.04 -0.002927351
6.06 0.008895647
6.08 0.01629422
6.1 -0.0009048837
6.12 -0.03292844
6.14 -0.03289245
6.16 -0.02438596
6.18 -0.01800638
6.2 -0.01464862
6.22 -0.009329292
6.24 -0.006478369
6.26 -0.006025141
6.28 -0.002165164
6.3 0.01529916
6.32 0.02896083
6.34 0.02773362
6.36 0.004916724
6.38 -0.03610843
6.4 -0.03758373
6.42 -0.01360277
6.44 -0.007663282
6.46 -0.01988716
6.48 -0.01915383
6.5 -0.002422691
6.52 0.01371642
6.54 -0.01235377
6.56 -0.04488638
6.58 -0.03978419
6.6 -0.03495523
6.62 -0.02910418
6.64 -0.02243565
6.66 -0.01174894
6.68 0.000291596
6.7 0.0237362
6.72 0.06804073
6.74 0.1084354
6.76 0.1060632
6.78 0.0803523
6.8 0.0705388
6.82 0.037532
6.84 -0.02510669
6.86 -0.03957751
6.88 -0.03890538
6.9 -0.04196369
6.92 -0.05188865
6.94 -0.06495849
6.96 -0.04922798
6.98 -0.02474683
7 -0.01652183
7.02 -0.009484631
7.04 0.03374976
7.06 0.05897777
7.08 0.07220919
7.1 0.08458631
7.12 0.06309934
7.14 -0.01201176
7.16 -0.0696325
7.18 -0.07970812
7.2 -0.08683102
7.22 -0.05959329
7.24 -0.01587099
7.26 0.02144211
7.28 0.04035178
7.3 0.03566037
7.32 0.01911831
7.34 0.012453
7.36 0.01391212
7.38 0.005342943
7.4 -0.008182077
7.42 -0.01153181
7.44 -0.004929182
7.46 0.009675556
7.48 0.03520357
7.5 0.05013155
7.52 0.04494703
7.54 0.02089095
7.56 -0.01970424
7.58 -0.05976573
7.6 -0.06314919
7.62 -0.04428853
7.64 -0.02798556
7.66 -0.01917289
7.68 -0.008900679
7.7 0.002305228
7.72 0.004205521
7.74 -0.01890229
7.76 -0.0447441
7.78 -0.04407585
7.8 -0.03092925
7.82 -0.004625383
7.84 0.02225118
7.86 0.05180826
7.88 0.08954442
7.9 0.1113586
7.92 0.1161965
7.94 0.0739977
7.96 -0.007444659
7.98 -0.05182227
8 -0.09498354
8.02 -0.1116705
8.04 -0.08633247
8.06 -0.02301956
8.08 0.0557005
8.1 0.08296571
8.12 0.06191485
8.14 0.02966265
8.16 0.03462272
8.18 0.0329607
8.2 -0.01520839
8.22 -0.05824363
8.24 -0.06921042
8.26 -0.06472279
8.28 -0.04702252
8.3 -0.02669893
8.32 -0.02827339
8.34 -0.005651035
8.36 0.04319273
8.38 0.05554835
8.4 0.04890687
8.42 0.04254564
8.44 0.03083937
8.46 -0.01302697
8.48 -0.03051132
8.5 -0.02758454
8.52 -0.02773787
8.54 -0.03377852
8.56 -0.03980659
8.58 -0.04455963
8.6 -0.04365688
8.62 -0.04109028
8.64 -0.008990271
8.66 0.04594239
8.68 0.05628211
8.7 0.05780104
8.72 0.05454566
8.74 0.05155942
8.76 0.03792316
8.78 0.02639258
8.8 0.01978176
8.82 0.007888086
8.84 -0.003405134
8.86 -0.01516118
8.88 -0.01884863
8.9 -0.01780452
8.92 -0.008765469
8.94 0.01056661
8.96 0.02235743
8.98 0.01652806
9 0.01057637
9.02 0.007435193
9.04 -0.0002318131
9.06 -0.007210819
9.08 -0.01839993
9.1 -0.03138764
9.12 -0.0451222
9.14 -0.04840254
9.16 -0.04224325
9.18 0.003781865
9.2 0.05363871
9.22 0.06098939
9.24 0.05651607
9.26 0.03078325
9.28 -0.005783929
9.3 -0.03076616
9.32 -0.03582324
9.34 -0.02043445
9.36 -0.003063482
9.38 -0.008649684
9.4 -0.02388976
9.42 -0.0162737
9.44 -0.005349414
9.46 0.008582837
9.48 0.01885911
9.5 0.02880821
9.52 0.005500227
9.54 -0.04831967
9.56 -0.05110478
9.58 -0.03822072
9.6 0.009449592
9.62 0.05054879
9.64 0.05509264
9.66 0.04811911
9.68 -0.003735701
9.7 -0.06231923
9.72 -0.08021338
9.74 -0.07381432
9.76 -0.07248176
9.78 -0.02771458
9.8 0.04029476
9.82 0.05166982
9.84 0.04878711
9.86 0.04583139
9.88 0.0455033
9.9 0.03725837
9.92 0.01983549
9.94 0.007881022
9.96 -0.0195229
9.98 -0.03387727
10 -0.03341998
10.02 0.002037875
10.04 0.03829308
10.06 0.03873095
10.08 -0.0008089626
10.1 -0.04437111
10.12 -0.05197862
10.14 -0.04528608
10.16 -0.02920565
10.18 -0.008950505
10.2 0.04265834
10.22 0.07283704
10.24 0.07615312
10.26 0.04456679
10.28 -0.01031975
10.3 -0.02332419
10.32 -0.01936061
10.34 -0.02097181
10.36 -0.01654698
10.38 -0.008396325
10.4 -0.006857755
10.42 -0.01131773
10.44 0.002425328
10.46 0.0375292
10.48 0.03865825
10.5 -0.01838984
10.52 -0.08061017
10.54 -0.1001593
10.56 -0.0885253
10.58 -0.05052856
10.6 -0.004081274
10.62 0.02123243
10.64 0.008398384
10.66 -0.006739844
10.68 -0.005014521
10.7 0.02565277
10.72 0.04524516
10.74 0.04101934
10.76 0.07782102
10.78 0.09773439
10.8 0.07836632
10.82 0.05357243
10.84 0.03382742
10.86 0.03780533
10.88 0.04146025
10.9 0.03164647
10.92 0.02032804
10.94 0.02417243
10.96 0.02530843
10.98 -0.009899077
11 -0.04022259
11.02 -0.04018401
11.04 -0.07887061
11.06 -0.1029209
11.08 -0.09572711
11.1 -0.06040176
11.12 0.03157843
11.14 0.05988341
11.16 0.05008031
11.18 0.03446282
11.2 0.01004298
11.22 -0.01295667
11.24 -0.007893381
11.26 0.00291503
11.28 0.007513484
11.3 -0.001716711
11.32 -0.03823181
11.34 -0.03752173
11.36 -0.02697433
11.38 -0.02982054
11.4 -0.01091105
11.42 0.01390933
11.44 0.01130826
11.46 -0.01167183
11.48 -0.05342863
11.5 -0.05738588
11.52 -0.0487429
11.54 -0.03980052
11.56 -0.04138953
11.58 -0.04329033
11.6 -0.04303571
11.62 -0.02143991
11.64 0.03702235
11.66 0.04849736
11.68 0.04075465
11.7 0.04655706
11.72 0.05795302
11.74 0.00801966
11.76 -0.02805474
11.78 -0.02481666
11.8 0.01850346
11.82 0.07825061
11.84 0.08096103
11.86 0.08724915
11.88 0.05926378
11.9 -0.008272841
11.92 -0.04071015
11.94 -0.0530811
11.96 -0.0495877
11.98 -0.01720942
12 -0.001859884
12.02 0.003440999
12.04 0.01757657
12.06 0.02652232
12.08 0.03086611
12.1 0.03148573
12.12 0.02568498
12.14 0.01228828
12.16 -0.0182386
12.18 -0.02568313
12.2 -0.02231714
12.22 -0.001610178
12.24 0.03368509
12.26 0.04034856
12.28 0.04170337
12.3 0.02099122
12.32 -0.009855478
12.34 -0.009584879
12.36 -0.001236587
12.38 0.0003280823
12.4 -0.03110336
12.42 -0.06380005
12.44 -0.06184985
12.46 -0.05427905
12.48 -0.01673978
12.5 0.01244557
12.52 0.00778183
12.54 0.007302525
12.56 0.007008103
12.58 -0.004024468
12.6 -0.00994537
12.62 -0.001443795
12.64 0.007313481
12.66 0.01250356
12.68 0.01409009
12.7 0.00886798
12.72 -0.01654437
12.74 -0.03603005
12.76 -0.02523818
12.78 -0.01359854
12.8 -0.00343878
12.82 0.001139657
12.84 0.01951242
12.86 0.05421113
12.88 0.06220768
12.9 0.02959924
12.92 -0.00550456
12.94 -0.008625547
12.96 -0.01017885
12.98 -0.02116906
13 -0.03021579
13.02 -0.02977303
13.04 -0.02518428
13.06 -0.01719174
13.08 -0.006351492
13.1 0.002634546
13.12 0.008558998
13.14 0.009577217
13.16 0.004584332
13.18 -0.003739445
13.2 -0.006030933
13.22 0.0111625
13.24 0.02491385
13.26 0.0210787
13.28 0.0114092
13.3 -0.001062176
13.32 -0.008872358
13.34 -0.01870941
13.36 -0.02613681
13.38 -0.02542969
13.4 -0.02115118
13.42 -0.01593156
13.44 -0.009390001
13.46 0.01124376
13.48 0.03581683
13.5 0.03704511
13.52 0.03109562
13.54 0.02213806
13.56 0.007063446
13.58 -0.01117253
13.6 -0.03660606
13.62 -0.0443035
13.64 -0.03492683
13.66 -0.02110704
13.68 -0.006702769
13.7 0.004501098
13.72 0.02116417
13.74 0.04237884
13.76 0.04742822
13.78 0.03703779
13.8 0.02605584
13.82 0.02112342
13.84 0.01945199
13.86 0.01225403
13.88 0.004292768
13.9 0.0002874736
13.92 -0.006463991
13.94 -0.01577259
13.96 -0.02413986
13.98 -0.02473536
14 -0.0122924
14.02 0.001255601
14.04 0.005503753
14.06 0.001839376
14.08 -0.0009091031
14.1 0.007582005
14.12 0.01716721
14.14 0.01564237
14.16 0.01047606
14.18 0.003924589
14.2 -0.0007937366
14.22 -0.002861189
14.24 -0.003812709
14.26 -0.003315556
14.28 0.0044123
14.3 0.01629078
14.32 0.0154786
14.34 0.003697619
14.36 -0.007684826
14.38 -0.01662992
14.4 -0.02323765
14.42 -0.03057123
14.44 -0.04044173
14.46 -0.0441432
14.48 -0.03229672
14.5 -0.01154072
14.52 0.006574958
14.54 0.01532788
14.56 0.01689098
14.58 0.02097626
14.6 0.02574524
14.62 0.0290485
14.64 0.02583086
14.66 0.01614808
14.68 0.00873848
14.7 0.00627655
14.72 0.002573638
14.74 -0.001143497
14.76 -0.0009740665
14.78 -0.005131379
14.8 -0.01360166
14.82 -0.02058793
14.84 -0.02256497
14.86 -0.01554634
14.88 -0.008609546
14.9 -0.01248158
14.92 -0.02539747
14.94 -0.03799506
14.96 -0.0416418
14.98 -0.03633618
15 -0.02346857
15.02 0.00490945
15.04 0.02787524
15.06 0.03132566
15.08 0.02557496
15.1 0.01832875
15.12 0.01846472
15.14 0.01999112
15.16 0.0177179
15.18 0.01149574
15.2 0.005288145
15.22 -0.0003486497
15.24 -0.004494985
15.26 -0.007791589
15.28 -0.01021237
15.3 -0.01279545
15.32 -0.01915312
15.34 -0.0205793
15.36 -0.01464127
15.38 -0.01101157
15.4 -0.007802627
15.42 0.001232681
15.44 0.01152035
15.46 0.01296945
15.48 0.006036638
15.5 -0.001905131
15.52 -0.004664761
15.54 -0.006157937
15.56 -0.005728479
15.58 -0.0007806458
15.6 0.00716872
15.62 0.0172279
15.64 0.01993197
15.66 0.01889193
15.68 0.01443483
15.7 0.003298733
15.72 -0.003406349
15.74 -0.0004008994
15.76 0.0002173746
15.78 -0.006004507
15.8 -0.0139548
15.82 -0.0183173
15.84 -0.0152563
15.86 -0.004056437
15.88 0.006545576
15.9 0.01405438
15.92 0.02031716
15.94 0.0266129
15.96 0.03432201
15.98 0.03934783
16 0.03629373
16.02 0.02333572
16.04 0.003180154
16.06 -0.01023364
16.08 -0.01071706
16.1 -0.006184186
16.12 -0.001257897
16.14 0.003257063
16.16 0.006962622
16.18 0.00776958
16.2 0.003239166
16.22 0.000463275
16.24 0.004517123
16.26 0.008861412
16.28 0.002835639
16.3 -0.01890673
16.32 -0.02851849
16.34 -0.02182666
16.36 -0.01218602
16.38 -0.004033152
16.4 0.003739094
16.42 0.01074174
16.44 0.008794745
16.46 0.00189257
16.48 -0.005016073
16.5 -0.01123527
16.52 -0.01411804
16.54 -0.007433547
16.56 0.0001477874
16.58 -0.003778973
16.6 -0.01317834
16.62 -0.01861338
16.64 -0.01881882
16.66 -0.01990874
16.68 -0.01932493
16.7 -0.009816234
16.72 0.004922983
16.74 0.007914207
16.76 0.00252156
16.78 0.001932145
16.8 0.005416323
16.82 0.01283389
16.84 0.01363981
16.86 0.007405738
16.88 0.00279596
16.9 0.001665843
16.92 0.003442089
16.94 0.004061448
16.96 0.006298364
16.98 0.007656222
17 0.011047
17.02 0.01479995
17.04 0.01360976
17.06 0.0117396
17.08 0.004122226
17.1 -0.009176049
17.12 -0.01828649
17.14 -0.01899384
17.16 -0.01230064
17.18 -0.001746314
17.2 0.005902316
17.22 0.002867364
17.24 -0.008274467
17.26 -0.01983801
17.28 -0.02586953
17.3 -0.02591747
17.32 -0.02436722
17.34 -0.02417087
17.36 -0.02009527
17.38 -0.001172728
17.4 0.01677642
17.42 0.02077322
17.44 0.01676416
17.46 0.01177568
17.48 0.01375939
17.5 0.01600275
17.52 0.01810797
17.54 0.02172013
17.56 0.02348402
17.58 0.02223223
17.6 0.01465891
17.62 0.005616598
17.64 4.62267e-05
17.66 -8.779092e-05
17.68 -0.001348129
17.7 -0.005958525
17.72 -0.009743127
17.74 -0.01167227
17.76 -0.01111505
17.78 -0.01135844
17.8 -0.009199158
17.82 -0.004461397
17.84 -0.001111496
17.86 -0.000433783
17.88 0.001085718
17.9 0.004169287
17.92 0.005387629
17.94 0.006459289
17.96 0.009442203
17.98 0.01265998
18 0.01352148
18.02 0.01056848
18.04 0.004190656
18.06 -0.001713906
18.08 -0.006280903
18.1 -0.01071723
18.12 -0.01248872
18.14 -0.01698483
18.16 -0.02071425
18.18 -0.02161338
18.2 -0.02167844
18.22 -0.01941402
18.24 -0.01656216
18.26 -0.01234871
18.28 -0.007354208
18.3 -8.061168e-05
18.32 0.00333341
18.34 -0.0005179427
18.36 -0.009555449
18.38 -0.02251134
18.4 -0.03053048
18.42 -0.03218666
18.44 -0.02987643
18.46 -0.02219261
18.48 -0.01153931
18.5 -0.00108558
18.52 0.0059951
18.54 0.008804083
18.56 0.01249667
18.58 0.01710254
18.6 0.01699958
18.62 0.01449316
18.64 0.01177866
18.66 0.01143385
18.68 0.0154092
18.7 0.02190766
18.72 0.02585807
18.74 0.02730355
18.76 0.02528225
18.78 0.02226709
18.8 0.01884419
18.82 0.0161647
18.84 0.01485487
18.86 0.01068585
18.88 0.006480175
18.9 0.004978647
18.92 0.007024378
18.94 0.01082807
18.96 0.01647123
18.98 0.01886195
19 0.01644146
19.02 0.0119061
19.04 0.006627371
19.06 0.003607045
19.08 0.002349835
19.1 0.001404726
19.12 -0.0009654154
19.14 -0.00229805
19.16 0.003449319
19.18 0.007886649
19.2 0.005414245
19.22 0.0008755816
19.24 -0.00529388
19.26 -0.0108209
19.28 -0.01529807
19.3 -0.01852967
19.32 -0.01818062
19.34 -0.01884691
19.36 -0.02053438
19.38 -0.01954297
19.4 -0.01653243
19.42 -0.01384898
19.44 -0.01194845
19.46 -0.008422921
19.48 -0.006626086
19.5 -0.005267808
19.52 -0.002240143
19.54 0.00125143
19.56 0.005726013
19.58 0.009058508
19.6 0.009314012
19.62 0.008701768
19.64 0.00760961
19.66 0.005431815
19.68 0.003544573
19.7 0.004768039
19.72 0.006810999
19.74 0.005683688
19.76 0.001701337
19.78 -0.001969012
19.8 -0.003776664
19.82 -0.004529265
19.84 -0.009328046
19.86 -0.01309209
19.88 -0.01090231
19.9 -0.007460977
19.92 -0.003541069
19.94 -0.002566742
19.96 -0.005210132
19.98 -0.004452445
20 0.0001537417
20.02 0.003488305
20.04 0.002165929
20.06 -0.001243051
20.08 -0.003784507
20.1 -0.007610401
20.12 -0.007936272
20.14 -0.006417978
20.16 -0.005465717
20.18 -0.004027477
20.2 -0.003328777
20.22 -0.0008537095
20.24 0.003645835
20.26 0.006109802
20.28 0.008571272
20.3 0.01047642
20.32 0.01089214
20.34 0.009093545
20.36 0.004299288
20.38 0.003783199
20.4 0.00614106
20.42 0.007608449
20.44 0.006962986
20.46 0.006171098
20.48 0.008251583
20.5 0.01064384
20.52 0.008918712
20.54 0.003513048
20.56 0.001189524
20.58 0.0007363695
20.6 -0.001770299
20.62 -0.007698974
20.64 -0.01321213
20.66 -0.01476357
20.68 -0.01550047
20.7 -0.0128274
20.72 -0.0071478
20.74 0.00104926
20.76 0.005964775
20.78 0.004445294
20.8 -0.001283665
20.82 -0.00519709
20.84 -0.005849963
20.86 -0.005089705
20.88 -0.004463865
20.9 -0.005479638
20.92 -0.004003811
20.94 -0.003622897
20.96 -0.0007954421
20.98 0.0006055968
21 -0.0003808887
21.02 0.0009228725
21.04 0.001682747
21.06 0.002669275
21.08 0.001956094
21.1 0.001452693
21.12 -0.0005206324
21.14 -0.004577919
21.16 -0.008548561
21.18 -0.01119392
21.2 -0.01078611
21.22 -0.009061095
21.24 -0.006599485
21.26 -0.003940666
21.28 -0.001393696
21.3 0.004091985
21.32 0.01102321
21.34 0.01637285
21.36 0.01767289
21.38 0.01401347
21.4 0.01042674
21.42 0.007249757
21.44 0.003321183
21.46 -0.002184302
21.48 -0.004192427
21.5 -0.006407751
21.52 -0.009237271
21.54 -0.01284456
21.56 -0.0144676
21.58 -0.01009323
21.6 -0.00469458
21.62 0.0001388154
21.64 0.002874101
21.66 0.004615616
21.68 0.007391084
21.7 0.009432367
21.72 0.008157821
21.74 0.007886908
21.76 0.0067049
21.78 0.004628826
21.8 0.003061043
21.82 0.001116959
21.84 0.00191611
21.86 0.004658417
21.88 0.00660553
21.9 0.007489076
21.92 0.006075458
21.94 0.003011443
21.96 0.003388063
21.98 0.00342178
22 0.000316251
22.02 -0.002218137
22.04 -0.004096522
22.06 -0.002466116
22.08 0.0008979337
22.1 0.003612044
22.12 0.004952313
22.14 0.004126006
22.16 0.001563348
22.18 0.00110606
22.2 0.002304964
22.22 0.004178592
22.24 0.005914626
22.26 0.003085039
22.28 -0.001677009
22.3 -0.005083359
22.32 -0.006428189
22.34 -0.006219263
22.36 -0.004476305
22.38 -0.002558843
22.4 -0.001115031
22.42 0.001767888
22.44 0.002193244
22.46 0.0001863748
22.48 -0.002544356
22.5 -0.002050389
22.52 -0.004130932
22.54 -0.00781656
22.56 -0.00666648
22.58 -0.005541901
22.6 -0.002350027
22.62 0.0002025115
22.64 0.0009717066
22.66 -4.522038e-05
22.68 0.0006746519
22.7 0.004563825
22.72 0.008384335
22.74 0.00927832
22.76 0.008364338
22.78 0.006271596
22.8 0.004577994
22.82 0.001930126
22.84 -0.003683875
22.86 -0.007790941
22.88 -0.01053061
22.9 -0.01065205
22.92 -0.008651754
22.94 -0.007232393
22.96 -0.00407388
22.98 -0.00220099
23 -0.003958694
23.02 -0.004448358
23.04 -0.005575021
23.06 -0.003476859
23.08 -0.0006703793
23.1 -0.0003862
23.12 -0.0009137359
23.14 -0.001556344
23.16 -0.002658535
23.18 -0.003756238
23.2 -0.001302028
23.22 7.008891e-05
23.24 -0.001836583
23.26 -0.001529359
23.28 0.001992531
23.3 0.007071613
23.32 0.01046576
23.34 0.01193922
23.36 0.01269104
23.38 0.01260543
23.4 0.01273391
23.42 0.01134909
23.44 0.009957658
23.46 0.008045474
23.48 0.005707966
23.5 0.002505352
23.52 0.0001043299
23.54 -0.0009778885
23.56 -0.0001102714
23.58 0.0009733478
23.6 -0.001219865
23.62 -0.005872864
23.64 -0.01085356
23.66 -0.01379876
23.68 -0.01522085
23.7 -0.01222011
23.72 -0.009608623
23.74 -0.00784158
23.76 -0.005039641
23.78 -0.004508662
23.8 -0.006018306
23.82 -0.006813897
23.84 -0.00475795
23.86 -0.000698046
23.88 -0.0003077332
23.9 -0.00247828
23.92 -0.004103385
23.94 -0.006984019
23.96 -0.007600215
23.98 -0.004808308
24 -0.001125438
24.02 -0.0001216248
24.04 -0.003834942
24.06 -0.003515464
24.08 0.001508546
24.1 0.006392404
24.12 0.009341182
24.14 0.01159521
24.16 0.01158665
24.18 0.008303233
24.2 0.002978264
24.22 0.001931136
24.24 0.003760425
24.26 0.004322699
24.28 0.006089516
24.3 0.008012142
24.32 0.01074489
24.34 0.01167333
24.36 0.01106613
24.38 0.007874961
24.4 0.004589678
24.42 0.002419854
24.44 -0.001294726
24.46 -0.004908096
24.48 -0.007804938
24.5 -0.007634208
24.52 -0.005337746
24.54 -0.005403913
24.56 -0.004400203
24.58 -0.004178658
24.6 -0.006512652
24.62 -0.009269453
24.64 -0.009420572
24.66 -0.005038789
24.68 -0.0006002022
24.7 0.004307643
24.72 0.008022901
24.74 0.009186936
24.76 0.007403043
24.78 0.004632457
24.8 0.001315781
24.82 -0.001307114
24.84 -0.002602235
24.86 -0.002885095
24.88 -0.003111862
24.9 -0.001339307
24.92 0.002426269
24.94 0.003987907
24.96 0.005291861
24.98 0.006348131
25 0.006057644
25.02 0.002178377
25.04 -0.002851623
25.06 -0.007637948
25.08 -0.009745569
25.1 -0.008275652
25.12 -0.003782272
25.14 -0.002612138
25.16 -0.00447543
25.18 -0.004856683
25.2 -0.00319902
25.22 0.0001428539
25.24 0.0009323799
25.26 -0.001671014
25.28 -0.004726269
25.3 -0.002413385
25.32 0.001821626
25.34 0.004199397
25.36 0.004018636
25.38 0.0007712458
25.4 -0.002207231
25.42 -0.0009517315
25.44 0.001382723
25.46 0.002598011
25.48 0.002808884
25.5 4.76226e-06
25.52 -0.005043472
25.54 -0.009589493
25.56 -0.008688868
25.58 -0.003438866
25.6 0.003475494
25.62 0.00904721
25.64 0.01187904
25.66 0.01042739
25.68 0.005215762
25.7 0.002717729
25.72 0.003519775
25.74 0.006808732
25.76 0.009986622
25.78 0.0100287
25.8 0.007063724
25.82 0.003948324
25.84 0.002381473
25.86 0.004444932
25.88 0.00568653
25.9 0.006329431
25.92 0.008217752
25.94 0.00756568
25.96 0.006682657
25.98 0.005190146
26 0.002414268
26.02 -0.001366049
26.04 -0.005490357
26.06 -0.008181887
26.08 -0.007084076
26.1 -0.00541566
26.12 -0.005322808
26.14 -0.005330619
26.16 -0.004914851
26.18 -0.004999635
26.2 -0.003408179
26.22 -0.002223901
26.24 -0.002506108
26.26 -0.004174604
26.28 -0.007306361
26.3 -0.007763492
26.32 -0.007674101
26.34 -0.00715723
26.36 -0.006767879
26.38 -0.005933475
26.4 -0.004617406
26.42 -0.00254881
26.44 -0.002174489
26.46 -0.001905659
26.48 -0.002567522
26.5 -0.004417895
26.52 -0.004266901
26.54 -0.004536712
26.56 -0.003369909
26.58 -0.002779644
26.6 -0.0001422126
26.62 0.002251357
26.64 0.004038952
26.66 0.003166736
26.68 -0.0005851845
26.7 -0.001779587
26.72 -0.002954157
26.74 -0.002604571
26.76 -0.002824485
26.78 -0.003411954
26.8 -0.003478484
26.82 -0.0009766698
26.84 0.001625497
26.86 0.00176558
26.88 -0.0004118168
26.9 -0.001207223
26.92 -0.002544424
26.94 -0.004857367
26.96 -0.007209158
26.98 -0.007353065
27 -0.005623858
27.02 -0.001686145
27.04 0.003276151
27.06 0.006759936
27.08 0.008928821
27.1 0.007251131
27.12 0.005776144
27.14 0.003091463
27.16 0.002683399
27.18 0.003390924
27.2 0.003034784
27.22 0.001518914
27.24 -0.0005734767
27.26 -0.003539635
27.28 -0.005635083
27.3 -0.00394614
27.32 -0.0003840538
27.34 0.003702038
27.36 0.005439436
27.38 0.004813628
27.4 0.004055485
27.42 0.003850224
27.44 0.003649637
27.46 0.004265357
27.48 0.007404988
27.5 0.01020666
27.52 0.01081073
27.54 0.008381664
27.56 0.006094592
27.58 0.003419397
27.6 0.001499809
27.62 0.0001627761
27.64 -0.000569028
27.66 0.00191242
27.68 0.002406822
27.7 0.002151837
27.72 0.001996221
27.74 0.0006924279
27.76 0.001251033
27.78 -0.000199586
27.8 -0.001266396
27.82 -0.001799555
27.84 -0.0003780925
27.86 0.002793613
27.88 0.004664092
27.9 0.007556111
27.92 0.01051637
27.94 0.008752397
27.96 0.005840743
27.98 0.004705475
28 0.001783917
28.02 -0.001110127
28.04 -0.004298281
28.06 -0.005259794
28.08 -0.006722925
28.1 -0.007626231
28.12 -0.008476402
28.14 -0.008751446
28.16 -0.006344758
28.18 -0.003292984
28.2 -8.132919e-05
28.22 0.001086613
28.24 0.0006939226
28.26 -0.001499929
28.28 -0.003902856
28.3 -0.004989693
28.32 -0.005650742
28.34 -0.006149707
28.36 -0.007415046
28.38 -0.007158878
28.4 -0.005791516
28.42 -0.002807611
28.44 -0.0008450149
28.46 0.0005086262
28.48 0.002948219
28.5 0.003233893
28.52 0.003302714
28.54 0.001489735
28.56 3.12064e-05
28.58 -3.617857e-05
28.6 -0.0001047172
28.62 -0.0004095254
28.64 0.0007707184
28.66 0.002651004
28.68 0.002341515
28.7 0.00340557
28.72 0.004794339
28.74 0.003291334
28.76 0.001969781
28.78 0.002533539
28.8 0.002887795
28.82 0.004212853
28.84 0.0037107
28.86 0.001458561
28.88 -0.002040077
28.9 -0.0031524
28.92 -0.000765453
28.94 -0.0005767435
28.96 -0.004339047
28.98 -0.006885549
29 -0.008880795
29.02 -0.009914776
29.04 -0.009371001
29.06 -0.007605947
29.08 -0.003097478
29.1 -0.001729077
29.12 -0.002062055
29.14 -0.004964365
29.16 -0.006457961
29.18 -0.00624795
29.2 -0.006246922
29.22 -0.006243235
29.24 -0.007702573
29.26 -0.007268191
29.28 -0.005477476
29.3 -0.0008102058
29.32 0.004258518
29.34 0.007403719
29.36 0.01097514
29.38 0.01202632
29.4 0.01102376
29.42 0.009899721
29.44 0.007246051
29.46 0.004371757
29.48 0.002883024
29.5 0.002689086
29.52 0.004860025
29.54 0.006569622
29.56 0.006133403
29.58 0.007780608
29.6 0.008460018
29.62 0.007085461
29.64 0.0047862
29.66 0.003132753
29.68 0.0002737325
29.7 -0.002445986
29.72 -0.006547562
29.74 -0.009893464
29.76 -0.009622581
29.78 -0.008389847
29.8 -0.003947809
29.82 -0.000185102
29.84 0.001937538
29.86 0.002420531
29.88 0.001393728
29.9 0.001321377
29.92 0.001437581
29.94 -0.0008260971
29.96 -0.003659925
29.98 -0.005351838
30 -0.007118934
30.02 -0.007217164
30.04 -0.006462663
30.06 -0.005075495
30.08 -0.003226371
30.1 -0.002557743
30.12 -0.002148356
30.14 -0.002068165
30.16 -0.001609288
30.18 0.000347569
30.2 0.002523285
30.22 0.004689698
30.24 0.006562458
30.26 0.005021362
30.28 0.003346533
30.3 0.003157434
30.32 0.003019386
30.34 0.002989769
30.36 0.00240136
30.38 0.003573452
30.4 0.004747555
30.42 0.006534151
30.44 0.006187701
30.46 0.003207316
30.48 0.001555141
30.5 -0.0008934063
30.52 -0.002142114
30.54 -0.003990539
30.56 -0.004504808
30.58 -0.003749393
30.6 -0.004166872
30.62 -0.001967584
30.64 -0.001269709
30.66 -0.0001510215
30.68 0.001888903
30.7 0.003922067
30.72 0.004261984
30.74 0.001468896
30.76 0.0009930791
30.78 0.002361883
30.8 0.001841867
30.82 7.928501e-05
30.84 -0.002219758
30.86 -0.002786169
30.88 -0.004096777
30.9 -0.004670364
30.92 -0.003133537
30.94 -0.003031547
30.96 -0.001326708
30.98 5.656282e-05
31 0.0001239336
31.02 7.076422e-05
31.04 -0.0009373538
31.06 -0.002049527
31.08 -0.002185159
31.1 -0.001402964
31.12 -0.0001864793
31.14 0.001583112
31.16 0.003953759
31.18 0.005596925
31.2 0.005808577
31.22 0.005278442
31.24 0.003530117
31.26 0.002234118
31.28 0.002151059
31.3 0.003137535
31.32 0.004863434
31.34 0.007327841
31.36 0.006738697
31.38 0.003736498
31.4 0.0009071987
31.42 -0.002044563
31.44 -0.00432117
31.46 -0.006070927
31.48 -0.004971939
31.5 -0.004243312
31.52 -0.003552026
31.54 -0.004150446
31.56 -0.003041432
31.58 0.0001944568
31.6 0.001280966
31.62 -0.0004009362
31.64 -0.003371026
31.66 -0.00430764
31.68 -0.004415229
31.7 -0.003161856
31.72 -0.002409201
31.74 -0.001365667
31.76 0.0005484885
31.78 0.00214561
31.8 0.001189001
31.82 -0.0001849804
31.84 -0.0001140534
31.86 0.0001247995
31.88 -0.0004049963
31.9 -0.001001057
31.92 -0.0002196856
31.94 2.84628e-05
31.96 -0.0003901471
31.98 -0.0001496681
32 -0.0004192744
32.02 -2.621572e-05
32.04 -0.002770168
32.06 -0.005059289
32.08 -0.004330562
32.1 -0.002947336
32.12 -0.001847666
32.14 -0.00237017
32.16 -0.001613423
32.18 -0.002884818
32.2 -0.003154026
32.22 -0.002523038
32.24 -0.001509684
32.26 -0.0009567337
32.28 -0.0009877358
32.3 0.001600192
32.32 0.002863779
32.34 0.003710012
32.36 0.003973615
32.38 0.00328495
32.4 0.003722021
32.42 0.003298744
32.44 0.001880493
32.46 0.001483371
32.48 0.001736856
32.5 0.0009129586
32.52 0.00138522
32.54 0.001137481
32.56 0.003664432
32.58 0.007058332
32.6 0.008326889
32.62 0.008120894
32.64 0.005241715
32.66 0.003292975
32.68 0.0008328767
32.7 0.0004629315
32.72 0.0002127729
32.74 0.000245973
32.76 0.0008243185
32.78 0.0004390195
32.8 0.00182066
32.82 0.001708552
32.84 0.001014549
32.86 -0.0001878255
32.88 -0.00159976
32.9 -0.002249673
32.92 -0.001832111
32.94 -0.002285931
32.96 -0.002323693
32.98 -0.001344692
33 -0.001279051
33.02 0.0004972038
33.04 -0.0004907825
33.06 -0.001956759
33.08 -0.002339062
33.1 -0.002614192
33.12 -0.001707975
33.14 -0.002313524
33.16 -0.002842279
33.18 -0.00375312
33.2 -0.004190888
33.22 -0.00442087
33.24 -0.005240542
33.26 -0.004200271
33.28 -0.00269072
33.3 -5.837375e-05
33.32 0.001987485
33.34 0.002094496
33.36 0.001251572
33.38 0.000757853
33.4 0.0003133365
33.42 0.0004653343
33.44 0.0005964735
33.46 0.0002849958
33.48 0.000739101
33.5 -2.093086e-05
33.52 -0.001578352
33.54 -0.002384202
33.56 -0.002054529
33.58 0.0002476734
33.6 0.00120139
33.62 0.0008061396
33.64 0.0008096267
33.66 0.001815822
33.68 0.003038769
33.7 0.003539503
33.72 0.003228849
33.74 0.0008767764
33.76 -0.001386809
33.78 -0.00217593
33.8 -0.0009069034
33.82 -0.0006017167
33.84 -0.0005815552
33.86 -0.000436866
33.88 -0.0004260745
33.9 -0.0003941341
33.92 3.409605e-05
33.94 -0.001415318
33.96 -0.003076026
33.98 -0.002783237
34 -0.002954785
34.02 -0.002284947
34.04 -0.00216767
34.06 -0.001835127
34.08 -0.001083349
34.1 -0.0009620959
34.12 0.0004656123
34.14 0.00180118
34.16 0.003696792
34.18 0.00515511
34.2 0.00482467
34.22 0.003834298
34.24 0.003205455
34.26 0.002749434
34.28 0.0001327244
34.3 -0.000230134
34.32 -0.001141096
34.34 -0.002940248
34.36 -0.002424311
34.38 -0.002405498
34.4 -0.001384487
34.42 0.0009685015
34.44 0.001808761
34.46 0.001844245
34.48 0.002934482
34.5 0.003428858
34.52 0.003946561
34.54 0.002536565
34.56 0.001768698
34.58 0.0007630118
34.6 -0.001648208
34.62 -0.0006671775
34.64 5.724243e-05
34.66 0.0009401753
34.68 0.001379825
34.7 0.0005408519
34.72 0.0001673977
34.74 -0.0009482613
34.76 -0.002252435
34.78 -0.003809782
34.8 -0.005188304
34.82 -0.006767494
34.84 -0.006703369
34.86 -0.006013821
34.88 -0.00546636
34.9 -0.002744929
34.92 0.001275928
34.94 0.002744749
34.96 0.003884487
34.98 0.005059831
35 0.004238659
35.02 0.004334004
35.04 0.00293127
35.06 0.002142534
35.08 0.0032103
35.1 0.002980872
35.12 0.002727563
35.14 0.00256033
35.16 0.0007992002
35.18 -0.0007764965
35.2 -0.0009752377
35.22 -0.001298809
35.24 -0.001163536
35.26 -0.0009078963
35.28 -0.0006658127
35.3 -0.0006694455
35.32 -0.002235088
35.34 -0.00257619
35.36 -0.002275737
35.38 -0.0008491439
35.4 0.0006831866
35.42 0.0001532588
35.44 -0.0004310425
35.46 -0.0003810032
35.48 0.0002142004
35.5 -0.0001632698
35.52 -0.0007621601
35.54 -0.001680009
35.56 -0.0007539839
35.58 0.00119419
35.6 0.001188775
35.62 0.001163674
35.64 0.001574369
35.66 0.002052497
35.68 0.00148735
35.7 0.0024235
35.72 0.003110642
35.74 0.002728659
35.76 0.001741244
35.78 0.000162213
35.8 -0.0008282738
35.82 -0.001830193
35.84 -0.002987143
35.86 -0.002526
35.88 -0.002397869
35.9 -0.001397318
35.92 0.0003931847
35.94 -0.001306124
35.96 -0.00171156
35.98 -0.001371835
36 -0.00217831
36.02 -0.003011268
36.04 -0.004547798
36.06 -0.003919983
36.08 -0.003129823
36.1 -0.001657592
36.12 0.0008211841
36.14 0.00270078
36.16 0.003878179
36.18 0.003389119
36.2 0.003640184
36.22 0.002987246
36.24 0.002788556
36.26 0.0026645
36.28 0.00279796
36.3 0.00431357
36.32 0.00259256
36.34 0.00106632
36.36 0.00085188
36.38 0.0006442287
36.4 0.0004180815
36.42 0.0009311971
36.44 0.001156611
36.46 3.460903e-05
36.48 -3.85354e-05
36.5 0.0002047169
36.52 0.0004567328
36.54 -0.0004157339
36.56 -0.0004662719
36.58 0.0009864547
36.6 -0.0005160146
36.62 -0.001110605
36.64 -0.001016515
36.66 -0.00103185
36.68 -0.001407357
36.7 -0.001387406
36.72 -0.0008378305
36.74 -0.001106884
36.76 -0.001433606
36.78 -0.0018053
36.8 -0.001058815
36.82 -0.0007664227
36.84 -0.0006652525
36.86 -0.0007771153
36.88 -0.0006335212
36.9 -0.0008036231
36.92 -0.0005283196
36.94 -0.00103698
36.96 -0.001096664
36.98 -0.0006464209
37 -0.001176821
37.02 -0.001749166
37.04 -0.002900931
37.06 -0.002967196
37.08 -0.002947598
37.1 -0.002583872
37.12 -0.001385722
37.14 -0.0006040329
37.16 0.0002504652
37.18 0.0003477878
37.2 0.0006755569
37.22 0.0008476138
37.24 0.0008542679
37.26 9.748963e-05
37.28 -0.0007396733
37.3 -0.0003521592
37.32 0.0001749474
37.34 0.001506865
37.36 0.002763947
37.38 0.003698504
37.4 0.003259039
37.42 0.002764138
37.44 0.001496062
37.46 0.0007326337
37.48 6.21321e-05
37.5 0.0003669224
37.52 0.001024456
37.54 0.0009157115
37.56 0.001526834
37.58 0.001969183
37.6 0.001761074
37.62 0.001343789
37.64 0.001300838
37.66 0.0007047575
37.68 0.0005680766
37.7 0.0003071134
37.72 0.0001962085
37.74 -0.0003655326
37.76 -0.0008881038
37.78 -0.0007924985
37.8 -0.0006912627
37.82 -0.0008339103
37.84 -0.001170511
37.86 -0.001213853
37.88 -0.001306733
37.9 -0.00133037
37.92 -0.0008008923
37.94 -0.0008892255
37.96 -0.001232314
37.98 -0.001214116
38 -0.001332127
38.02 -0.001499249
38.04 -0.001466974
38.06 -0.001271258
38.08 -0.001051475
38.1 -0.0007831205
38.12 -0.0007628945
38.14 -0.0006048553
38.16 -0.0005561135
38.18 -0.0007184583
38.2 -0.000567274
38.22 -0.0004627057
38.24 -0.0004207333
38.26 -0.0005319596
38.28 -0.0005077543
38.3 -0.000185158
38.32 0.0002120574
38.34 0.0005292804
38.36 0.0006556326
38.38 0.0009668456
38.4 0.001034426
38.42 0.001061234
38.44 0.0009888814
38.46 0.001004954
38.48 0.0009426382
38.5 0.000867699
38.52 0.001002576
38.54 0.0008294311
38.56 0.0008369091
38.58 0.0008094864
38.6 0.0006941543
38.62 0.0006584148
38.64 0.0006195602
38.66 0.0006052157
38.68 0.0005580661
38.7 0.0005055105
38.72 0.0004088557
38.74 0.0002637349
38.76 0.0001413111
38.78 7.347103e-05
38.8 3.013764e-05
38.82 7.717418e-05
38.84 6.725689e-05
38.86 2.715113e-05
38.88 -3.9927e-05
38.9 -5.634976e-05
38.92 -1.547442e-05
38.94 -2.680865e-05
38.96 -1.841011e-05
38.98 -2.785286e-05
39 -4.576988e-05
39.02 -6.964949e-05
39.04 -0.000114898
39.06 -0.0001133559
39.08 -0.000103087
39.1 -8.290137e-05
39.12 -7.602478e-05
39.14 -8.86289e-05
39.16 -9.448622e-05
39.18 -0.0001018634
39.2 -0.0001063059
39.22 -0.0001073699
39.24 -0.0001034402
39.26 -0.0001074904
39.28 -0.0001098966
39.3 -0.0001070102
39.32 -0.0001072708
39.34 -0.0001084357
39.36 -0.0001071209
39.38 -0.0001020921
39.4 -9.699286e-05
39.42 -8.886429e-05
39.44 -8.359759e-05
39.46 -8.012171e-05
39.48 -7.412078e-05
39.5 -6.900933e-05
39.52 -6.322007e-05
39.54 -5.834587e-05
39.56 -5.260258e-05
39.58 -4.583734e-05
39.6 -4.158405e-05
39.62 -3.801742e-05
39.64 -3.447926e-05
39.66 -3.11579e-05
39.68 -2.74927e-05
39.7 -2.420431e-05
39.72 -2.109971e-05
39.74 -1.835624e-05
39.76 -1.605492e-05
39.78 -1.398394e-05
39.8 -1.224675e-05
39.82 -1.083264e-05
39.84 -9.74448e-06
39.86 -8.978819e-06
39.88 -8.534908e-06
39.9 -8.385177e-06
39.92 -8.521209e-06
39.94 -8.928422e-06
39.96 -9.585959e-06
39.98 -1.046825e-05
