0 -0.001237322
0.02 -0.001089243
0.04 0.0008254547
0.06 0.003317491
0.08 0.002443521
0.1 -0.0003256152
0.12 -0.0008456616
0.14 0.0008538181
0.16 0.002571662
0.18 0.0005705844
0.2 -0.002132256
0.22 -0.002659454
0.24 -0.00175661
0.26 0.000779263
0.28 0.001172133
0.3 -0.00160824
0.32 -0.002920846
0.34 -0.00149576
0.36 0.002438515
0.38 0.004223682
0.4 0.001863554
0.42 0.000591751
0.44 0.000520485
0.46 0.002306653
0.48 0.001895749
0.5 -0.001063134
0.52 -0.003016305
0.54 -0.001137347
0.56 0.0006722839
0.58 -0.002377373
0.6 -0.003723659
0.62 -0.00189163
0.64 0.001027741
0.66 0.001381827
0.68 -0.0008997794
0.7 -0.001499419
0.72 0.0005243821
0.74 0.001189556
0.76 0.001319227
0.78 -0.0004064865
0.8 -0.001018368
0.82 -0.001754683
0.84 -0.002922475
0.86 -0.001891145
0.88 -0.001225992
0.9 -0.0005424706
0.92 -0.001239015
0.94 -0.000844166
0.96 -0.0008552753
0.98 0.0007717341
1 0.002116206
1.02 0.002070427
1.04 0.002141937
1.06 0.002275667
1.08 0.002271709
1.1 -8.845473e-05
1.12 -0.002439464
1.14 0.0002003878
1.16 0.001596896
1.18 -0.00250747
1.2 -0.005352181
1.22 -0.003222347
1.24 0.001240238
1.26 0.003143699
1.28 0.002747028
1.3 0.001258935
1.32 0.0006062264
1.34 0.003568399
1.36 0.006482651
1.38 0.003765479
1.4 -0.0006336752
1.42 -0.002245209
1.44 0.0005690574
1.46 0.0002397015
1.48 -0.001471766
1.5 -0.003271981
1.52 -0.004912079
1.54 -0.000962562
1.56 0.001797649
1.58 0.001977279
1.6 0.0001587021
1.62 0.001974363
1.64 0.007497751
1.66 0.007168419
1.68 0.002097091
1.7 -0.001954287
1.72 -0.004098248
1.74 -0.004575559
1.76 -0.00355855
1.78 -0.003011745
1.8 -0.003230965
1.82 -0.005844136
1.84 -0.006091971
1.86 -0.001469263
1.88 0.001860085
1.9 0.004690701
1.92 0.006294241
1.94 0.004045216
1.96 0.0004834689
1.98 -0.002865131
2 -0.004635798
2.02 -0.002283625
2.04 -0.001012633
2.06 -0.00105133
2.08 0.0002012936
2.1 -0.0006166675
2.12 -0.001966077
2.14 -0.0004268486
2.16 0.002907589
2.18 0.004949721
2.2 0.003651346
2.22 0.002781359
2.24 0.002905871
2.26 0.00279271
2.28 0.0006365127
2.3 -0.002361225
2.32 -0.003880983
2.34 -0.002828309
2.36 -0.001185022
2.38 -0.001984637
2.4 -0.00459273
2.42 -0.002819948
2.44 0.00159977
2.46 0.001425436
2.48 0.0003942828
2.5 -0.0008225218
2.52 -0.001055034
2.54 -0.000926475
2.56 0.00111357
2.58 0.001504296
2.6 -0.0005846149
2.62 -0.0004876673
2.64 0.0007384167
2.66 0.001883932
2.68 0.001132257
2.7 -0.002856922
2.72 -0.001607412
2.74 0.003428384
2.76 0.006924999
2.78 0.005907133
2.8 0.0008989976
2.82 -0.002031428
2.84 -0.003924521
2.86 -0.001741703
2.88 -0.0001749367
2.9 0.0003942678
2.92 0.0008992067
2.94 0.001992692
2.96 0.002060073
2.98 -0.001355867
3 -0.002535985
3.02 -0.0009927045
3.04 0.002274397
3.06 0.003747341
3.08 0.002420394
3.1 -0.001861514
3.12 -0.006985971
3.14 -0.006631023
3.16 -0.002195018
3.18 -0.001664572
3.2 -0.0008944518
3.22 0.001817781
3.24 0.002493059
3.26 0.002464554
3.28 0.0002389581
3.3 -0.003190255
3.32 -0.002973009
3.34 0.003496883
3.36 0.007819717
3.38 0.004618005
3.4 -0.001702895
3.42 -0.00359807
3.44 0.0004911132
3.46 0.004064232
3.48 0.002540421
3.5 -0.0002890275
3.52 -0.003776381
3.54 -0.004357769
3.56 -0.004878963
3.58 -0.005887746
3.6 -0.002902199
3.62 -0.002629817
3.64 -0.003017396
3.66 -0.003883357
3.68 -0.003113274
3.7 0.0006097575
3.72 0.003504521
3.74 0.007431578
3.76 0.009779678
3.78 0.009622667
3.8 0.00842117
3.82 0.006162956
3.84 0.0008692027
3.86 -0.006194317
3.88 -0.01032429
3.9 -0.01026007
3.92 -0.007295969
3.94 -0.002456053
3.96 0.002959146
3.98 0.005010434
4 0.004499458
4.02 0.001703659
4.04 -0.0002567805
4.06 0.003217349
4.08 0.006081563
4.1 0.004412892
4.12 0.0003808759
4.14 -0.0017846
4.16 -0.001106289
4.18 -0.00217217
4.2 -0.003801104
4.22 -0.004333559
4.24 -0.0005912022
4.26 0.005315656
4.28 0.00672842
4.3 0.005026106
4.32 0.001219526
4.34 -0.006859899
4.36 -0.009340609
4.38 -0.003371607
4.4 0.001374467
4.42 0.004006105
4.44 0.005495358
4.46 0.003397275
4.48 0.0007463058
4.5 0.0005453519
4.52 0.003587004
4.54 0.00391447
4.56 0.00062092
4.58 0.001193134
4.6 0.002737454
4.62 1.407933e-05
4.64 -0.002657293
4.66 -0.003146883
4.68 -0.00611302
4.7 -0.008766067
4.72 -0.01058476
4.74 -0.009139454
4.76 -0.003273472
4.78 0.001914301
4.8 0.001982698
4.82 0.0001089729
4.84 -0.0003377758
4.86 -0.0006264464
4.88 0.002492717
4.9 0.003344469
4.92 -0.000910906
4.94 -0.00768986
4.96 -0.007714438
4.98 0.0004037312
5 0.006812422
5.02 0.007232762
5.04 0.003227272
5.06 0.0006650308
5.08 -0.0002856023
5.1 -0.00102818
5.12 -0.001432108
5.14 -0.001106714
5.16 3.568385e-05
5.18 0.001823753
5.2 0.0039168
5.22 0.005219358
5.24 0.001738139
5.26 -0.004957156
5.28 -0.005119366
5.3 -0.0002825068
5.32 -0.0002518918
5.34 -0.002682544
5.36 -0.00210831
5.38 0.0004253784
5.4 0.003490474
5.42 0.004510526
5.44 -1.519196e-05
5.46 -0.004063591
5.48 -0.003033427
5.5 0.003943373
5.52 0.005100094
5.54 0.001532141
5.56 0.000433601
5.58 0.000902794
5.6 0.005780436
5.62 0.007110549
5.64 0.004379032
5.66 -0.001098362
5.68 -0.004674506
5.7 -0.002925229
5.72 -0.001241212
5.74 -0.0002263078
5.76 -0.000123275
5.78 -0.001681826
5.8 -0.003455608
5.82 -0.001732839
5.84 0.0009008128
5.86 -0.0007933868
5.88 -0.00194905
5.9 -0.002269331
5.92 -0.004495989
5.94 -0.006964391
5.96 -0.006537057
5.98 -0.001858327
6 -0.0003507618
6.02 -0.0007169317
6.04 -0.0003660537
6.06 -0.0006118703
6.08 0.001030302
6.1 0.005380612
6.12 0.006843304
6.14 0.007715426
6.16 0.009908443
6.18 0.008919065
6.2 0.006905617
6.22 0.002748113
6.24 1.144923e-05
6.26 -0.002241745
6.28 -0.004154259
6.3 -0.005510893
6.32 -0.003640266
6.34 -0.0002477485
6.36 0.005286746
6.38 0.00959228
6.4 0.002967434
6.42 -0.001620592
6.44 -0.001291133
6.46 0.002095251
6.48 0.002243206
6.5 -0.005082437
6.52 -0.01041194
6.54 -0.01388001
6.56 -0.01046819
6.58 -0.003244529
6.6 0.001703476
6.62 0.004884903
6.64 0.003794547
6.66 0.002272717
6.68 0.001018111
6.7 0.00193611
6.72 0.002493049
6.74 0.0004530485
6.76 -0.002300957
6.78 -0.002614128
6.8 -0.0001620559
6.82 -0.001022926
6.84 -0.001254483
6.86 4.806004e-05
6.88 0.0004530096
6.9 -0.001855245
6.92 -0.003079279
6.94 -0.001491158
6.96 0.0001377591
6.98 0.001636153
7 0.00240726
7.02 0.005098056
7.04 0.003509947
7.06 0.002055398
7.08 0.002909155
7.1 0.001073157
7.12 -0.0005904595
7.14 -0.001077017
7.16 0.00021124
7.18 0.0005019457
7.2 -0.0008352564
7.22 -0.004815293
7.24 -0.009405315
7.26 -0.01118019
7.28 -0.00687383
7.3 -0.0008517449
7.32 0.002918165
7.34 0.005062256
7.36 0.00647394
7.38 0.008816882
7.4 0.01046726
7.42 0.008285544
7.44 0.003023374
7.46 0.0007895291
7.48 0.002544933
7.5 0.002750997
7.52 0.00062124
7.54 -0.0004273367
7.56 -0.001609538
7.58 -0.0005334638
7.6 -0.0004855221
7.62 -0.001900291
7.64 0.003533174
7.66 0.01083242
7.68 0.01136495
7.7 0.0049185
7.72 -0.005154969
7.74 -0.01189215
7.76 -0.01195237
7.78 -0.008236549
7.8 -0.004729785
7.82 -0.005323433
7.84 -0.006944217
7.86 -0.008674136
7.88 -0.01157404
7.9 -0.007898015
7.92 0.0001446645
7.94 0.002169416
7.96 0.000558825
7.98 0.002538643
8 0.006871584
8.02 0.01220823
8.04 0.01400652
8.06 0.0118819
8.08 0.0086771
8.1 0.004920417
8.12 0.002547916
8.14 -0.0009894647
8.16 -0.003946459
8.18 -0.003843471
8.2 -0.003282469
8.22 -0.00413214
8.24 -0.005676426
8.26 -0.006746435
8.28 -0.004792144
8.3 -0.003894564
8.32 -0.003124489
8.34 0.0003700375
8.36 0.004096086
8.38 0.005762797
8.4 0.006448245
8.42 0.006334022
8.44 0.004195109
8.46 0.0008892918
8.48 -0.0020881
8.5 -0.001932047
8.52 -0.005584643
8.54 -0.01301436
8.56 -0.01716997
8.58 -0.009355856
8.6 0.004604825
8.62 0.01257016
8.64 0.01145844
8.66 0.007323344
8.68 0.003972662
8.7 0.001818396
8.72 0.001671507
8.74 0.002089697
8.76 -0.0001420407
8.78 -0.002421784
8.8 -0.0009938226
8.82 0.002001908
8.84 0.003108604
8.86 0.006384822
8.88 0.01211421
8.9 0.01090456
8.92 0.007532506
8.94 0.001461458
8.96 -0.002494149
8.98 -0.0007948824
9 0.006415497
9.02 0.007170369
9.04 -0.003922055
9.06 -0.01548177
9.08 -0.01964346
9.1 -0.01453338
9.12 -0.00617959
9.14 -0.001940387
9.16 -0.01014622
9.18 -0.01933036
9.2 -0.02446512
9.22 -0.02447645
9.24 -0.01443471
9.26 -0.002604732
9.28 0.005797028
9.3 0.007959494
9.32 0.007868713
9.34 0.0093406
9.36 0.01256077
9.38 0.0121569
9.4 0.008126905
9.42 0.007026318
9.44 0.00995578
9.46 0.008211611
9.48 0.002492491
9.5 0.0003545135
9.52 0.001684577
9.54 0.004000995
9.56 0.003090221
9.58 -0.003749906
9.6 -0.01304928
9.62 -0.01755469
9.64 -0.0176221
9.66 -0.01283431
9.68 -0.001789828
9.7 0.009632205
9.72 0.01254645
9.74 0.005346361
9.76 -0.003451173
9.78 -0.004253994
9.8 -0.001326647
9.82 0.003608093
9.84 0.01090827
9.86 0.01412954
9.88 0.004171489
9.9 -0.0141121
9.92 -0.02219169
9.94 -0.02156242
9.96 -0.01676961
9.98 -0.005657763
10 0.001464895
10.02 0.001791354
10.04 0.003029562
10.06 0.0109244
10.08 0.01647941
10.1 0.01523815
10.12 0.008150258
10.14 -0.000340263
10.16 -0.001932599
10.18 0.004045559
10.2 0.0129451
10.22 0.01113581
10.24 -0.001066439
10.26 -0.008435024
10.28 -0.008070916
10.3 -0.003796137
10.32 0.002566592
10.34 0.008010339
10.36 0.01123048
10.38 0.01012688
10.4 0.008695837
10.42 0.004954457
10.44 0.001978105
10.46 0.0002757088
10.48 -0.00270983
10.5 -0.004692746
10.52 -0.000262915
10.54 0.002400333
10.56 -0.003950163
10.58 -0.009567329
10.6 -0.01336176
10.62 -0.01104745
10.64 -0.002080686
10.66 0.004168879
10.68 0.008659934
10.7 0.0101798
10.72 0.006809735
10.74 0.004009809
10.76 0.004311694
10.78 0.01023484
10.8 0.01342238
10.82 0.009558648
10.84 0.006901544
10.86 0.008396885
10.88 0.01082249
10.9 0.001444605
10.92 -0.01545474
10.94 -0.01783963
10.96 -0.01108422
10.98 -0.001655348
11 0.004960425
11.02 -0.0006627779
11.04 -0.01707659
11.06 -0.03027039
11.08 -0.02597534
11.1 -0.01040103
11.12 0.006693123
11.14 0.01435754
11.16 0.008009118
11.18 0.002404208
11.2 0.004891923
11.22 0.0143769
11.24 0.01863544
11.26 0.0158407
11.28 0.01141088
11.3 0.007037104
11.32 0.005202122
11.34 0.005440804
11.36 0.004548344
11.38 0.0008141124
11.4 -0.002553899
11.42 -0.008745324
11.44 -0.01534068
11.46 -0.01712474
11.48 -0.01207075
11.5 -0.004708418
11.52 0.0009250524
11.54 -0.0002132236
11.56 -0.00294687
11.58 0.007515252
11.6 0.01882708
11.62 0.01641689
11.64 0.009038252
11.66 0.007794869
11.68 0.008108066
11.7 -9.578504e-05
11.72 -0.01159931
11.74 -0.02074167
11.76 -0.02551637
11.78 -0.02333571
11.8 -0.0115171
11.82 0.00374213
11.84 0.01488975
11.86 0.01791819
11.88 0.01566096
11.9 0.01519281
11.92 0.01535605
11.94 0.0140117
11.96 0.01136997
11.98 0.007217558
12 0.00191055
12.02 -0.005996527
12.04 -0.01334668
12.06 -0.0120259
12.08 -0.004385108
12.1 0.003173113
12.12 0.002132878
12.14 -0.0110935
12.16 -0.02674033
12.18 -0.03187913
12.2 -0.03047977
12.22 -0.02991578
12.24 -0.02760252
12.26 -0.01702719
12.28 -0.004160961
12.3 0.003047472
12.32 0.004531628
12.34 -0.0009732517
12.36 -0.009266873
12.38 -0.01229634
12.4 -0.009322079
12.42 -0.009439341
12.44 -0.0144721
12.46 -0.009821048
12.48 0.01055232
12.5 0.02912971
12.52 0.03930639
12.54 0.03405774
12.56 0.01223094
12.58 -0.01015814
12.6 -0.02051026
12.62 -0.01729439
12.64 -0.01176297
12.66 -0.006977125
12.68 -0.002109685
12.7 -0.003629406
12.72 -0.01166599
12.74 -0.01690071
12.76 -0.01437638
12.78 -0.005483044
12.8 0.007433175
12.82 0.02019345
12.84 0.0242449
12.86 0.02362279
12.88 0.02387065
12.9 0.02567199
12.92 0.02694497
12.94 0.02681656
12.96 0.0212199
12.98 0.01037725
13 0.0005118407
13.02 -0.007150482
13.04 -0.006912913
13.06 -0.0001452646
13.08 0.01025052
13.1 0.02024766
13.12 0.02351276
13.14 0.0207006
13.16 0.01699499
13.18 0.01471121
13.2 0.01428184
13.22 0.01453683
13.24 0.0088607
13.26 -0.007697998
13.28 -0.02371811
13.3 -0.03441699
13.32 -0.03955483
13.34 -0.03777206
13.36 -0.03144819
13.38 -0.02153791
13.4 -0.008852264
13.42 0.004310941
13.44 0.008487934
13.46 0.00394183
13.48 -0.0005114809
13.5 -0.000308516
13.52 0.0006829303
13.54 0.002305765
13.56 -0.001012236
13.58 -0.009208993
13.6 -0.01430091
13.62 -0.008763407
13.64 0.003068542
13.66 0.009176379
13.68 0.01026067
13.7 0.01045554
13.72 0.009529439
13.74 0.004394811
13.76 -0.002494263
13.78 -0.007549415
13.8 -0.01151316
13.82 -0.01363993
13.84 -0.01259347
13.86 -0.01217834
13.88 -0.01215602
13.9 -0.000917723
13.92 0.01266769
13.94 0.01642753
13.96 0.01045351
13.98 -0.00198946
14 -0.007623084
14.02 -0.0004505544
14.04 0.0162906
14.06 0.02977123
14.08 0.0336688
14.1 0.0299753
14.12 0.02422773
14.14 0.01470196
14.16 -0.002074904
14.18 -0.01422425
14.2 -0.01736896
14.22 -0.01466508
14.24 -0.009320283
14.26 -0.007391452
14.28 -0.008528736
14.3 -0.01157654
14.32 -0.01053314
14.34 -0.003849108
14.36 -0.0002770498
14.38 0.00101121
14.4 0.006349879
14.42 0.01553501
14.44 0.01647562
14.46 0.001216499
14.48 -0.0163928
14.5 -0.0224446
14.52 -0.02188984
14.54 -0.01502029
14.56 -0.0001049024
14.58 0.01333062
14.6 0.02087465
14.62 0.01969164
14.64 0.007750702
14.66 -0.0115355
14.68 -0.02306568
14.7 -0.02338622
14.72 -0.01807722
14.74 -0.01258341
14.76 -0.01353406
14.78 -0.01531194
14.8 -0.01623103
14.82 -0.01304663
14.84 -0.004326754
14.86 0.002829609
14.88 0.008950597
14.9 0.01522057
14.92 0.01990444
14.94 0.02214344
14.96 0.02360006
14.98 0.02186717
15 0.01538208
15.02 0.009391612
15.04 0.008969271
15.06 0.01510145
15.08 0.02089204
15.1 0.02254454
15.12 0.01938981
15.14 0.01132572
15.16 0.001125795
15.18 -0.006209119
15.2 -0.009252818
15.22 -0.01132549
15.24 -0.01578493
15.26 -0.02093604
15.28 -0.02326684
15.3 -0.01998766
15.32 -0.01252236
15.34 -0.005966834
15.36 -0.003090397
15.38 -0.003062798
15.4 0.0001226466
15.42 0.005379761
15.44 0.007543223
15.46 0.003229681
15.48 -0.004702814
15.5 -0.01476415
15.52 -0.02101273
15.54 -0.01868107
15.56 -0.0077478
15.58 0.006114028
15.6 0.01706986
15.62 0.02024219
15.64 0.01233522
15.66 0.006802739
15.68 0.008262335
15.7 0.01407122
15.72 0.01426918
15.74 0.007848312
15.76 -0.001455076
15.78 -0.006917243
15.8 -0.006474587
15.82 -0.005844263
15.84 -0.004919134
15.86 -0.0009217685
15.88 0.002526899
15.9 -0.001474529
15.92 -0.005516771
15.94 -0.009589651
15.96 -0.01166231
15.98 -0.01132376
16 -0.01320873
16.02 -0.01551184
16.04 -0.01795682
16.06 -0.01874023
16.08 -0.01443388
16.1 -0.002870133
16.12 0.003788442
16.14 0.00349271
16.16 0.002000424
16.18 0.008158147
16.2 0.01830106
16.22 0.01951298
16.24 0.004696619
16.26 -0.01383075
16.28 -0.01764873
16.3 -0.01532834
16.32 -0.01439918
16.34 -0.01665541
16.36 -0.0108783
16.38 0.003298651
16.4 0.02031017
16.42 0.03179347
16.44 0.03337562
16.46 0.0285512
16.48 0.02348082
16.5 0.01930493
16.52 0.01437122
16.54 0.01083488
16.56 0.007625957
16.58 0.008529635
16.6 0.01229039
16.62 0.01481805
16.64 0.01467128
16.66 0.006759077
16.68 -0.004693401
16.7 -0.01329924
16.72 -0.0173466
16.74 -0.02014656
16.76 -0.02293423
16.78 -0.02377279
16.8 -0.0220582
16.82 -0.01761507
16.84 -0.01574033
16.86 -0.01321485
16.88 -0.007822105
16.9 -0.00827288
16.92 -0.01520275
16.94 -0.01788141
16.96 -0.01093735
16.98 -8.142315e-05
17 0.003869059
17.02 0.002180009
17.04 -0.0003251242
17.06 -0.003655422
17.08 -0.003674908
17.1 0.004568705
17.12 0.01529399
17.14 0.02372332
17.16 0.02965777
17.18 0.0299058
17.2 0.02316274
17.22 0.01085648
17.24 -0.0002513301
17.26 -0.002851425
17.28 -0.002545446
17.3 -0.001985476
17.32 -0.003219662
17.34 -0.005253569
17.36 -0.00521176
17.38 -0.005557554
17.4 -0.003543085
17.42 3.508041e-05
17.44 0.0007827729
17.46 -0.0009828266
17.48 -0.003718456
17.5 -0.005471862
17.52 -0.00549943
17.54 -0.002618955
17.56 -0.003123816
17.58 -0.006665288
17.6 -0.00786486
17.62 -0.004678398
17.64 -0.0006881782
17.66 -0.001040064
17.68 0.0007877107
17.7 0.006650665
17.72 0.01385902
17.74 0.01636223
17.76 0.01619297
17.78 0.01607669
17.8 0.01456309
17.82 0.01163266
17.84 0.008665534
17.86 0.005598397
17.88 0.001703055
17.9 -0.001821104
17.92 -0.004762814
17.94 -0.003382781
17.96 0.001528504
17.98 0.005852315
18 0.006022712
18.02 0.001678559
18.04 -0.00536757
18.06 -0.009284438
18.08 -0.009764872
18.1 -0.01058699
18.12 -0.01120105
18.14 -0.009273265
18.16 -0.009228377
18.18 -0.01146932
18.2 -0.01104302
18.22 -0.005506498
18.24 0.001088827
18.26 0.003301261
18.28 0.003488952
18.3 0.004593637
18.32 0.005747285
18.34 0.005444376
18.36 0.003457462
18.38 0.001565384
18.4 -0.002251401
18.42 -0.007985826
18.44 -0.01548282
18.46 -0.02097257
18.48 -0.02162239
18.5 -0.01873687
18.52 -0.01287805
18.54 -0.01112674
18.56 -0.004648799
18.58 0.003210378
18.6 0.01229751
18.62 0.01936624
18.64 0.02030264
18.66 0.02054955
18.68 0.01863505
18.7 0.01631462
18.72 0.01661349
18.74 0.01973367
18.76 0.01996328
18.78 0.01420853
18.8 0.004148334
18.82 -0.00244399
18.84 -0.005587669
18.86 -0.004140369
18.88 -0.001453688
18.9 0.0005750976
18.92 0.002773245
18.94 0.001639055
18.96 -0.003313997
18.98 -0.009954221
19 -0.01350689
19.02 -0.01785013
19.04 -0.02198937
19.06 -0.02120917
19.08 -0.01044017
19.1 0.002540421
19.12 0.008476896
19.14 0.00825465
19.16 0.007154074
19.18 0.008991171
19.2 0.01016726
19.22 0.01032739
19.24 0.01022441
19.26 0.01081909
19.28 0.009125963
19.3 0.003764858
19.32 -0.001440177
19.34 -0.003154851
19.36 -0.0002396932
19.38 0.0009098754
19.4 -0.00166865
19.42 -0.003342481
19.44 -0.003613791
19.46 -0.002721285
19.48 -0.001945036
19.5 -0.001131047
19.52 -0.005151803
19.54 -0.01390134
19.56 -0.02276618
19.58 -0.02590283
19.6 -0.02384965
19.62 -0.02185862
19.64 -0.02044497
19.66 -0.0165915
19.68 -0.004805504
19.7 0.006900127
19.72 0.01144328
19.74 0.01074573
19.76 0.008261056
19.78 0.005986494
19.8 0.004261671
19.82 0.003830228
19.84 0.006064014
19.86 0.00823359
19.88 0.005680561
19.9 0.003781318
19.92 0.005406152
19.94 0.009277061
19.96 0.01376711
19.98 0.01757895
20 0.01921617
20.02 0.0132421
20.04 0.005451404
20.06 -0.0007502279
20.08 -0.003998956
20.1 -0.004235653
20.12 -0.00182133
20.14 -0.0008818787
20.16 -0.003214585
20.18 -0.004637487
20.2 -0.004675232
20.22 -0.003916356
20.24 -0.004779264
20.26 -0.005629945
20.28 -0.006408211
20.3 -0.005958416
20.32 -0.004652826
20.34 -0.002272133
20.36 0.0003931556
20.38 -0.001315273
20.4 -0.005175977
20.42 -0.00643775
20.44 -0.002487385
20.46 0.005012766
20.48 0.006144041
20.5 0.0001933397
20.52 -0.006934367
20.54 -0.01151725
20.56 -0.01394995
20.58 -0.01437733
20.6 -0.01397037
20.62 -0.01172332
20.64 -0.005677818
20.66 0.002055864
20.68 0.008035086
20.7 0.01297602
20.72 0.0181464
20.74 0.02243657
20.76 0.02305069
20.78 0.01962053
20.8 0.01683495
20.82 0.01595464
20.84 0.01320173
20.86 0.007144987
20.88 -0.001178146
20.9 -0.009335123
20.92 -0.01429944
20.94 -0.01583463
20.96 -0.01396806
20.98 -0.008832338
21 -0.004048529
21.02 -0.002550121
21.04 -0.001785086
21.06 -0.004899111
21.08 -0.008949527
21.1 -0.008505879
21.12 -0.00735633
21.14 -0.009003575
21.16 -0.0124216
21.18 -0.01294487
21.2 -0.0111446
21.22 -0.006216961
21.24 -0.0003948241
21.26 0.003795386
21.28 0.00728481
21.3 0.0112251
21.32 0.01300402
21.34 0.01285312
21.36 0.01063263
21.38 0.006205843
21.4 0.004594261
21.42 0.003055092
21.44 0.004070002
21.46 0.004454548
21.48 0.004891127
21.5 0.004849333
21.52 0.002839969
21.54 -3.94785e-05
21.56 -0.003601308
21.58 -0.004803913
21.6 -0.00349833
21.62 0.0003511605
21.64 0.004013997
21.66 0.005767435
21.68 0.003649972
21.7 -6.076533e-05
21.72 -0.004033658
21.74 -0.003723624
21.76 -0.003983703
21.78 -0.006629561
21.8 -0.008270743
21.82 -0.006963117
21.84 -0.0008217149
21.86 0.004045762
21.88 0.005828758
21.9 0.003091126
21.92 -1.681068e-05
21.94 0.0005849831
21.96 0.004246782
21.98 0.005562628
22 0.005496349
22.02 0.004145889
22.04 0.004917006
22.06 0.00717023
22.08 0.009752893
22.1 0.0129914
22.12 0.01268546
22.14 0.01043537
22.16 0.007562082
22.18 0.005809729
22.2 0.002390753
22.22 -0.002245149
22.24 -0.007713333
22.26 -0.01194126
22.28 -0.01410366
22.3 -0.01415675
22.32 -0.01332853
22.34 -0.01132424
22.36 -0.007510489
22.38 -0.003181596
22.4 -8.892412e-05
22.42 -2.3597e-05
22.44 0.0003079276
22.46 0.0002161623
22.48 -0.0010894
22.5 -0.004694055
22.52 -0.00874039
22.54 -0.01043159
22.56 -0.007686818
22.58 -0.00334771
22.6 -2.109526e-06
22.62 0.0005161007
22.64 -0.0006385492
22.66 0.0009383751
22.68 0.004926548
22.7 0.01017247
22.72 0.01498693
22.74 0.01580195
22.76 0.01406902
22.78 0.01222795
22.8 0.01104275
22.82 0.009143536
22.84 0.00607746
22.86 0.004589289
22.88 0.003504053
22.9 0.001890421
22.92 -0.002623028
22.94 -0.006622484
22.96 -0.009235731
22.98 -0.008759433
23 -0.006860182
23.02 -0.006480786
23.04 -0.007266174
23.06 -0.006710226
23.08 -0.004792622
23.1 -0.003567581
23.12 -0.003506357
23.14 -0.005914558
23.16 -0.007874996
23.18 -0.008061677
23.2 -0.00449169
23.22 -0.0002912865
23.24 -0.0001137792
23.26 -0.002641308
23.28 -0.005074014
23.3 -0.004570129
23.32 -0.003357363
23.34 -0.000524804
23.36 0.0003728065
23.38 0.001269401
23.4 0.002832049
23.42 0.003043214
23.44 0.003436943
23.46 0.002799454
23.48 0.004534468
23.5 0.00650719
23.52 0.007758758
23.54 0.007946461
23.56 0.00660622
23.58 0.004763105
23.6 0.002683354
23.62 0.001655202
23.64 -0.0003908879
23.66 -0.001989245
23.68 -0.003956817
23.7 -0.004641235
23.72 -0.003056147
23.74 -0.004051654
23.76 -0.005893765
23.78 -0.008262206
23.8 -0.01014719
23.82 -0.008054191
23.84 -0.004545412
23.86 -0.0006438907
23.88 0.00324842
23.9 0.006602228
23.92 0.008008839
23.94 0.00803947
23.96 0.008353662
23.98 0.007120542
24 0.004052412
24.02 0.0004681096
24.04 0.0001763764
24.06 0.002945678
24.08 0.002873306
24.1 -0.0005059389
24.12 -0.004302368
24.14 -0.006114952
24.16 -0.005348956
24.18 -0.00329366
24.2 -0.0007253144
24.22 0.001559507
24.24 0.003304737
24.26 0.004767456
24.28 0.00380461
24.3 0.003021271
24.32 0.0007048659
24.34 -0.0005803569
24.36 -0.0006364448
24.38 -0.000961837
24.4 -8.156975e-05
24.42 -0.0004936487
24.44 0.0003988707
24.46 -0.001065837
24.48 -0.002508107
24.5 -0.004053407
24.52 -0.005426338
24.54 -0.00492452
24.56 -0.002520391
24.58 -0.0005558562
24.6 0.0008568643
24.62 -0.0004578864
24.64 -0.004254328
24.66 -0.00606995
24.68 -0.003726032
24.7 0.0003111393
24.72 0.0005702516
24.74 -0.001522768
24.76 -0.004206384
24.78 -0.005968971
24.8 -0.00686457
24.82 -0.004885784
24.84 -0.002225659
24.86 0.000251926
24.88 0.002550984
24.9 0.0056671
24.92 0.008649597
24.94 0.00920966
24.96 0.009028128
24.98 0.006581128
25 0.005287774
25.02 0.004397315
25.04 0.003894463
25.06 0.004150482
25.08 0.002778588
25.1 0.00303562
25.12 0.002095199
25.14 0.0003112047
25.16 -0.001576806
25.18 -0.004518513
25.2 -0.005629335
25.22 -0.003311934
25.24 -0.0001917818
25.26 0.003225246
25.28 0.003382373
25.3 0.00137093
25.32 -0.0005874498
25.34 -0.003511813
25.36 -0.005720126
25.38 -0.007740782
25.4 -0.008133514
25.42 -0.008285539
25.44 -0.007588919
25.46 -0.006622985
25.48 -0.0050451
25.5 -0.002121791
25.52 -0.0004377904
25.54 0.001133031
25.56 0.002110173
25.58 0.00392682
25.6 0.005389499
25.62 0.005540429
25.64 0.006830718
25.66 0.007474334
25.68 0.007936387
25.7 0.007465127
25.72 0.009359259
25.74 0.009793801
25.76 0.007437618
25.78 0.005694406
25.8 0.003257642
25.82 4.460933e-05
25.84 -0.00228202
25.86 -0.004536265
25.88 -0.005638918
25.9 -0.004827057
25.92 -0.003542909
25.94 0.0009022356
25.96 0.002735172
25.98 0.002301667
26 -0.0005879891
26.02 -0.004316131
26.04 -0.004305967
26.06 -0.003886789
26.08 -0.003291141
26.1 -0.001946809
26.12 0.0007704386
26.14 0.002003623
26.16 -0.0009615148
26.18 -0.002738398
26.2 -0.003516679
26.22 -0.005046744
26.24 -0.004980496
26.26 -0.004198171
26.28 -0.002080695
26.3 -0.001141294
26.32 0.0009945455
26.34 0.002188959
26.36 0.0005355133
26.38 -0.001199554
26.4 0.0002732601
26.42 0.004352208
26.44 0.00847399
26.46 0.01096893
26.48 0.008740239
26.5 0.005135525
26.52 0.00331887
26.54 0.003051591
26.56 0.003098478
26.58 0.00290361
26.6 0.001881533
26.62 0.003410456
26.64 0.005794176
26.66 0.00570235
26.68 0.003525666
26.7 -5.254272e-05
26.72 -0.002381256
26.74 -0.00126034
26.76 -0.001611239
26.78 -0.003369775
26.8 -0.005552607
26.82 -0.00731525
26.84 -0.006768589
26.86 -0.006967596
26.88 -0.006991119
26.9 -0.007207382
26.92 -0.005805969
26.94 -0.004540196
26.96 -0.002957225
26.98 -0.001492541
27 -0.0004919794
27.02 0.0004198678
27.04 -0.0003696569
27.06 -0.0009235685
27.08 -0.001230649
27.1 -0.001594853
27.12 7.480466e-05
27.14 0.002710437
27.16 0.004542313
27.18 0.004162856
27.2 0.003221351
27.22 -0.0002252955
27.24 -0.002534677
27.26 0.001348373
27.28 0.004384861
27.3 0.005521097
27.32 0.005359901
27.34 0.004260305
27.36 0.001978518
27.38 0.0006269345
27.4 -0.001193821
27.42 -0.002188415
27.44 -0.003429823
27.46 -0.004638617
27.48 -0.005093618
27.5 -0.004823433
27.52 -0.003417956
27.54 -0.002558153
27.56 -0.001716726
27.58 -0.001385297
27.6 -0.0007437737
27.62 -0.003181638
27.64 -0.004328203
27.66 -0.005633909
27.68 -0.005851278
27.7 -0.004816058
27.72 -0.003981795
27.74 -0.003167912
27.76 -0.0032751
27.78 -0.003090559
27.8 -0.004221838
27.82 -0.003744598
27.84 -0.001217147
27.86 0.001110428
27.88 0.001206222
27.9 0.000431957
27.92 -0.0002586964
27.94 0.0008173003
27.96 0.002664413
27.98 0.00433408
28 0.006268944
28.02 0.005224386
28.04 0.004208375
28.06 0.00293226
28.08 0.002658797
28.1 0.002008966
28.12 0.0008960453
28.14 0.0003706289
28.16 -8.033242e-05
28.18 0.001453631
28.2 0.003105919
28.22 0.004804124
28.24 0.004689798
28.26 0.002865932
28.28 -0.000136018
28.3 -0.003766335
28.32 -0.005304626
28.34 -0.006289044
28.36 -0.008452602
28.38 -0.009242235
28.4 -0.008282588
28.42 -0.00340101
28.44 0.002442429
28.46 0.005850183
28.48 0.008561236
28.5 0.008767164
28.52 0.007397195
28.54 0.004973557
28.56 0.003760643
28.58 0.003375967
28.6 0.001487822
28.62 1.785509e-05
28.64 -0.0008758038
28.66 -0.002114232
28.68 -0.002352059
28.7 0.000266123
28.72 0.003077113
28.74 0.004112311
28.76 0.001503046
28.78 -0.001466345
28.8 -0.001686176
28.82 0.0002075916
28.84 0.002407601
28.86 0.00407653
28.88 0.003454803
28.9 0.000964662
28.92 -0.0009755899
28.94 -0.0009532512
28.96 0.001038429
28.98 0.002845827
29 0.003660346
29.02 0.003511316
29.04 0.004406204
29.06 0.004973188
29.08 0.005050023
29.1 0.003990723
29.12 0.001563768
29.14 0.0009716238
29.16 0.001624717
29.18 0.002211628
29.2 0.002394776
29.22 0.002741892
29.24 0.003117387
29.26 0.002374218
29.28 -0.0007978177
29.3 -0.003763417
29.32 -0.006667409
29.34 -0.008214149
29.36 -0.007450924
29.38 -0.006742705
29.4 -0.004626043
29.42 -0.004166049
29.44 -0.00389577
29.46 -0.003065738
29.48 -0.000875609
29.5 0.0001185427
29.52 -0.0001965467
29.54 0.0007646114
29.56 0.0004269652
29.58 0.000268676
29.6 -0.0008458743
29.62 -0.001372518
29.64 -0.001753271
29.66 -0.0005944588
29.68 0.001526704
29.7 0.002038445
29.72 0.002017193
29.74 0.00177084
29.76 0.001433412
29.78 0.000690108
29.8 -0.0009517073
29.82 -0.002528394
29.84 -0.003966486
29.86 -0.004661577
29.88 -0.004840062
29.9 -0.00535382
29.92 -0.004547128
29.94 -0.003158845
29.96 -0.002199445
29.98 -0.001552503
30 -0.0004516509
30.02 0.0002913191
30.04 0.001364662
30.06 0.002621718
30.08 0.003753864
30.1 0.004057104
30.12 0.002979892
30.14 0.001462253
30.16 0.0006303791
30.18 0.0004902754
30.2 0.0009944557
30.22 0.00147705
30.24 0.0008226862
30.26 -0.0002252824
30.28 -0.0009843175
30.3 -0.001087835
30.32 -0.001106529
30.34 -0.001428464
30.36 -0.001509823
30.38 -0.000999258
30.4 -0.000633974
30.42 -0.0005138749
30.44 -0.000146141
30.46 0.0001714776
30.48 0.0002158868
30.5 0.0001893352
30.52 -0.0001828364
30.54 -7.522862e-05
30.56 0.0003125998
30.58 0.0007041616
30.6 0.0009207167
30.62 0.0008810771
30.64 0.0008828151
30.66 0.0009624751
30.68 0.001132511
30.7 0.001219615
30.72 0.001092755
30.74 0.0008379378
30.76 0.0005676562
30.78 0.0004505848
30.8 0.0003403421
30.82 0.0002556597
30.84 0.0002410342
30.86 0.0002388433
30.88 9.803001e-05
30.9 -7.061792e-05
30.92 -0.0001723766
30.94 -0.0002694713
30.96 -0.0002669162
30.98 -0.0002123784
31 -0.0001409184
31.02 -0.0001156456
31.04 -7.555114e-05
31.06 -1.574619e-05
31.08 -1.101146e-05
31.1 -1.155368e-05
31.12 -4.783131e-05
31.14 -6.384183e-05
31.16 -3.910696e-05
31.18 1.579807e-05
31.2 5.465437e-05
31.22 5.431479e-05
31.24 6.64461e-05
31.26 5.480394e-05
31.28 4.815238e-05
31.3 5.031137e-05
31.32 3.513735e-05
31.34 7.516027e-06
31.36 -4.36295e-06
31.38 -1.990909e-06
31.4 1.084268e-06
31.42 3.279487e-07
31.44 -8.439044e-06
31.46 -1.151387e-05
31.48 -1.42131e-05
31.5 -1.769213e-05
31.52 -2.450918e-05
31.54 -2.812508e-05
31.56 -2.851729e-05
31.58 -2.760757e-05
31.6 -2.672718e-05
31.62 -2.796288e-05
31.64 -2.731811e-05
31.66 -2.576736e-05
31.68 -2.37802e-05
31.7 -2.182632e-05
31.72 -2.00918e-05
31.74 -1.869059e-05
31.76 -1.780733e-05
31.78 -1.721604e-05
31.8 -1.689202e-05
31.82 -1.705316e-05
31.84 -1.756934e-05
31.86 -1.833706e-05
31.88 -1.931366e-05
31.9 -2.046683e-05
31.92 -2.177497e-05
31.94 -2.318952e-05
31.96 -2.467101e-05
31.98 -2.619069e-05
