0 0.0003537499
0.01 0.0003567948
0.02 0.0003560627
0.03 0.0003482569
0.04 0.0003418357
0.05 0.0003462225
0.06 0.0003444864
0.07 0.0003257894
0.08 0.0003006439
0.09 0.0002574618
0.1 0.0002039159
0.11 0.0001853584
0.12 0.0001769939
0.13 0.0001771216
0.14 0.0001802498
0.15 0.0001793049
0.16 0.0001954727
0.17 0.0001932867
0.18 0.0001563776
0.19 0.0001611885
0.2 0.0002052114
0.21 0.0003357173
0.22 0.0004153484
0.23 0.0002997006
0.24 0.0003489163
0.25 0.0005540386
0.26 0.0006664509
0.27 0.0007053564
0.28 0.0007236171
0.29 0.0007646993
0.3 0.0008109967
0.31 0.0009117663
0.32 0.0005928831
0.33 -1.25754e-05
0.34 -0.0005203287
0.35 -0.001041869
0.36 -0.00145085
0.37 -0.001784883
0.38 -0.002072872
0.39 -0.002191603
0.4 -0.002057034
0.41 -0.001482576
0.42 -0.0004988304
0.43 -0.0001893257
0.44 -0.0001476362
0.45 0.0001576446
0.46 0.0009792532
0.47 0.002797589
0.48 0.003535465
0.49 0.001652943
0.5 0.0006987845
0.51 0.0006562318
0.52 0.0001518404
0.53 -0.0008282801
0.54 -0.002206945
0.55 -0.003012895
0.56 -0.002970883
0.57 -0.003012928
0.58 -0.002472333
0.59 -0.00118411
0.6 2.387583e-05
0.61 0.0002290466
0.62 -7.5483e-05
0.63 -8.786664e-06
0.64 -0.0001545063
0.65 -0.001422365
0.66 -0.002386542
0.67 -0.002692412
0.68 -0.00327189
0.69 -0.003693743
0.7 -0.003904481
0.71 -0.003696287
0.72 -0.002442757
0.73 -0.0009749443
0.74 0.0008035749
0.75 0.002740081
0.76 0.004352099
0.77 0.004908151
0.78 0.004383561
0.79 0.004757478
0.8 0.006511062
0.81 0.008368202
0.82 0.008662187
0.83 0.006378818
0.84 0.002329818
0.85 -0.0004839908
0.86 -0.00132208
0.87 -0.001455009
0.88 -0.001134521
0.89 -0.0007731366
0.9 -0.0009996264
0.91 -0.0008691321
0.92 -4.156703e-05
0.93 -0.0003250306
0.94 -0.001562579
0.95 -0.002730259
0.96 -0.00318998
0.97 -0.002606947
0.98 -0.002061048
0.99 -0.0006815277
1 -0.0005726456
1.01 -0.001589105
1.02 -0.002920474
1.03 -0.005125985
1.04 -0.006515714
1.05 -0.007383162
1.06 -0.007122912
1.07 -0.005877827
1.08 -0.004392216
1.09 -0.003059261
1.1 -0.002936629
1.11 -0.002941901
1.12 -0.003315708
1.13 -0.003424329
1.14 -0.001444567
1.15 0.002855366
1.16 0.007043621
1.17 0.009527167
1.18 0.01017251
1.19 0.008714671
1.2 0.006703824
1.21 0.004220548
1.22 0.001331138
1.23 -0.0007996525
1.24 -0.00214657
1.25 -0.001974624
1.26 -0.001544921
1.27 -0.001347533
1.28 -0.001362457
1.29 -0.0008002747
1.3 0.0004318393
1.31 0.001103691
1.32 0.001634836
1.33 0.002264011
1.34 0.003265693
1.35 0.003384371
1.36 0.003241322
1.37 0.002380111
1.38 -0.0007359281
1.39 -0.004311136
1.4 -0.005670993
1.41 -0.005053698
1.42 -0.003608647
1.43 -0.0008660172
1.44 0.002553681
1.45 0.004327669
1.46 0.004136931
1.47 0.004034872
1.48 0.00464835
1.49 0.00455936
1.5 0.004552181
1.51 0.004318101
1.52 0.002371032
1.53 -0.001025769
1.54 -0.004676816
1.55 -0.008235135
1.56 -0.01117443
1.57 -0.01211773
1.58 -0.01071085
1.59 -0.008007352
1.6 -0.004173394
1.61 0.0005671361
1.62 0.004425066
1.63 0.005916411
1.64 0.005384871
1.65 0.004070983
1.66 0.003035362
1.67 0.001955731
1.68 0.0009534654
1.69 -0.0006903491
1.7 -0.002216165
1.71 -0.002566605
1.72 -0.001653728
1.73 0.0003559919
1.74 0.003671786
1.75 0.008560431
1.76 0.01312925
1.77 0.01376076
1.78 0.01151259
1.79 0.00760238
1.8 0.00367181
1.81 -0.0005075496
1.82 -0.003170403
1.83 -0.005001859
1.84 -0.006152585
1.85 -0.005959624
1.86 -0.005355031
1.87 -0.004039593
1.88 -0.002388113
1.89 -0.00121766
1.9 0.0005372355
1.91 0.001794437
1.92 0.00141981
1.93 1.276206e-05
1.94 -0.001680315
1.95 -0.003585328
1.96 -0.005768708
1.97 -0.006538461
1.98 -0.004343631
1.99 -0.0007013437
2 0.003210221
2.01 0.006154239
2.02 0.006946034
2.03 0.005542073
2.04 0.003925494
2.05 0.003529118
2.06 0.003703859
2.07 0.003311913
2.08 0.002076187
2.09 0.0007070213
2.1 -0.001340418
2.11 -0.003919168
2.12 -0.005634575
2.13 -0.006962678
2.14 -0.007385308
2.15 -0.007624121
2.16 -0.006928663
2.17 -0.005206711
2.18 -0.003113518
2.19 -0.0002487625
2.2 0.001555071
2.21 0.001850622
2.22 0.002098722
2.23 0.002350862
2.24 0.003364061
2.25 0.00511985
2.26 0.00691249
2.27 0.007375192
2.28 0.006020777
2.29 0.003084827
2.3 0.0005450833
2.31 -3.661055e-05
2.32 0.001367064
2.33 0.002711082
2.34 0.002692255
2.35 5.458711e-06
2.36 -0.003604318
2.37 -0.005582796
2.38 -0.006294367
2.39 -0.006100826
2.4 -0.005030596
2.41 -0.003068544
2.42 -0.0008986001
2.43 0.0008030572
2.44 0.002395335
2.45 0.003693523
2.46 0.004187706
2.47 0.004492959
2.48 0.004151329
2.49 0.004091251
2.5 0.004418808
2.51 0.003821685
2.52 0.002142668
2.53 -0.0004850713
2.54 -0.003788091
2.55 -0.005779072
2.56 -0.006038726
2.57 -0.005218902
2.58 -0.003591214
2.59 -0.002136387
2.6 -0.001990531
2.61 -0.00364831
2.62 -0.00633121
2.63 -0.008422281
2.64 -0.008620789
2.65 -0.007229991
2.66 -0.003930504
2.67 0.0006286236
2.68 0.004058926
2.69 0.005157693
2.7 0.00440544
2.71 0.003452517
2.72 0.002763732
2.73 0.001649374
2.74 0.0003416498
2.75 -0.0001130082
2.76 0.00156961
2.77 0.003777491
2.78 0.004130603
2.79 0.00192781
2.8 -0.001229693
2.81 -0.003070247
2.82 -0.001807865
2.83 0.0032886
2.84 0.00876646
2.85 0.01091826
2.86 0.00861828
2.87 0.00697008
2.88 0.00912298
2.89 0.0111791
2.9 0.009034818
2.91 0.003659528
2.92 -0.001140283
2.93 -0.003936509
2.94 -0.005286617
2.95 -0.006516985
2.96 -0.007633353
2.97 -0.007853834
2.98 -0.006774793
2.99 -0.004182758
3 0.0003305619
3.01 0.004495348
3.02 0.005056095
3.03 0.003165529
3.04 -2.733509e-05
3.05 -0.003173336
3.06 -0.004760716
3.07 -0.005999208
3.08 -0.008304654
3.09 -0.01080122
3.1 -0.01270288
3.11 -0.01293809
3.12 -0.01169336
3.13 -0.008525635
3.14 -0.003500883
3.15 0.001910106
3.16 0.006031562
3.17 0.009790045
3.18 0.01151718
3.19 0.00897417
3.2 0.006253936
3.21 0.005287941
3.22 0.004707038
3.23 0.003716248
3.24 0.003110149
3.25 0.001656285
3.26 -0.000370699
3.27 -0.002598249
3.28 -0.004721675
3.29 -0.005383579
3.3 -0.002252832
3.31 0.005126219
3.32 0.01313316
3.33 0.01949889
3.34 0.02406281
3.35 0.02289749
3.36 0.01274537
3.37 0.001581331
3.38 -0.004732114
3.39 -0.007250796
3.4 -0.008847737
3.41 -0.01085834
3.42 -0.01367887
3.43 -0.01823397
3.44 -0.02129511
3.45 -0.01977773
3.46 -0.01677415
3.47 -0.01382076
3.48 -0.008573078
3.49 -0.001600253
3.5 0.003766245
3.51 0.006531869
3.52 0.006404539
3.53 0.005294857
3.54 0.003293163
3.55 0.001104913
3.56 -3.681455e-05
3.57 0.001102935
3.58 0.003622275
3.59 0.004888372
3.6 0.004235345
3.61 0.001341804
3.62 -0.001766768
3.63 -0.003259296
3.64 -0.00403531
3.65 -0.004098893
3.66 -0.002336702
3.67 0.0008152467
3.68 0.005147029
3.69 0.007756903
3.7 0.008250833
3.71 0.006792668
3.72 0.003626335
3.73 0.00116603
3.74 0.000271708
3.75 0.001394061
3.76 0.003501637
3.77 0.004954404
3.78 0.005371045
3.79 0.005105333
3.8 0.003911536
3.81 0.002054692
3.82 -0.0005321789
3.83 -0.002745645
3.84 -0.004606814
3.85 -0.005688102
3.86 -0.005859855
3.87 -0.00594783
3.88 -0.004617086
3.89 -0.002347811
3.9 -0.001201229
3.91 -0.001460993
3.92 -0.001965514
3.93 -0.002856946
3.94 -0.003613183
3.95 -0.004167921
3.96 -0.005311377
3.97 -0.007187678
3.98 -0.0085003
3.99 -0.008396354
4 -0.008599426
4.01 -0.007928164
4.02 -0.005562037
4.03 -0.002743801
4.04 0.002001603
4.05 0.009142423
4.06 0.01432616
4.07 0.01603394
4.08 0.01511628
4.09 0.01278321
4.1 0.007586636
4.11 0.0005372242
4.12 -0.006629131
4.13 -0.01178853
4.14 -0.01395719
4.15 -0.0135763
4.16 -0.0106602
4.17 -0.00573881
4.18 4.720675e-07
4.19 0.005855049
4.2 0.009180284
4.21 0.0107536
4.22 0.01177562
4.23 0.01190385
4.24 0.01227104
4.25 0.01262611
4.26 0.01145876
4.27 0.009380497
4.28 0.007912672
4.29 0.006436693
4.3 0.004183271
4.31 0.0006094272
4.32 -0.00401673
4.33 -0.00846657
4.34 -0.0105129
4.35 -0.01072823
4.36 -0.01098963
4.37 -0.009907054
4.38 -0.00767418
4.39 -0.004978327
4.4 -0.002293841
4.41 -0.000708018
4.42 -0.0008701983
4.43 -0.001511962
4.44 -0.001026224
4.45 0.0006473332
4.46 0.003850722
4.47 0.005622878
4.48 0.003692316
4.49 -0.000846397
4.5 -0.006072262
4.51 -0.008877363
4.52 -0.008178995
4.53 -0.005615504
4.54 -0.00277438
4.55 -0.002366599
4.56 -0.003637656
4.57 -0.004453532
4.58 -0.004435408
4.59 -0.001066177
4.6 0.006491767
4.61 0.01482313
4.62 0.02081404
4.63 0.02163642
4.64 0.01916228
4.65 0.01292932
4.66 0.00338525
4.67 -0.005545945
4.68 -0.01012963
4.69 -0.01096249
4.7 -0.0101136
4.71 -0.007687041
4.72 -0.003812394
4.73 -9.913185e-05
4.74 0.002836321
4.75 0.006002524
4.76 0.008341276
4.77 0.008760742
4.78 0.006661372
4.79 0.005659212
4.8 0.005983992
4.81 0.00524153
4.82 0.00367971
4.83 0.001957141
4.84 0.0009683052
4.85 0.0003197935
4.86 4.028892e-05
4.87 -0.001285605
4.88 -0.003531793
4.89 -0.006204351
4.9 -0.008576927
4.91 -0.01012507
4.92 -0.009819107
4.93 -0.0075127
4.94 -0.004224386
4.95 -0.002827417
4.96 -0.004129024
4.97 -0.005471431
4.98 -0.0054529
4.99 -0.003730291
5 -0.001641476
5.01 0.0008270319
5.02 0.002701245
5.03 0.002639615
5.04 0.002529992
5.05 0.002849911
5.06 0.001691815
5.07 -0.001091068
5.08 -0.003797241
5.09 -0.006391927
5.1 -0.008936858
5.11 -0.009920519
5.12 -0.009489155
5.13 -0.007305085
5.14 -0.003397639
5.15 0.0008043471
5.16 0.00357528
5.17 0.005250139
5.18 0.006984125
5.19 0.006851316
5.2 0.005007673
5.21 0.00304021
5.22 0.001569284
5.23 0.0003343499
5.24 0.0005171403
5.25 0.002436058
5.26 0.003159773
5.27 -2.023152e-05
5.28 -0.005398651
5.29 -0.008364248
5.3 -0.006781163
5.31 -0.00259493
5.32 0.002156321
5.33 0.006436184
5.34 0.008722979
5.35 0.008790898
5.36 0.008509188
5.37 0.009395688
5.38 0.01236496
5.39 0.01510352
5.4 0.01456642
5.41 0.006965866
5.42 -0.00205071
5.43 -0.007919195
5.44 -0.01171143
5.45 -0.01271474
5.46 -0.01082181
5.47 -0.006982479
5.48 0.0002883993
5.49 0.01046228
5.5 0.02014055
5.51 0.02282997
5.52 0.01682535
5.53 0.008557542
5.54 0.001336524
5.55 -0.005819806
5.56 -0.01363527
5.57 -0.02298547
5.58 -0.03035433
5.59 -0.03109263
5.6 -0.02778586
5.61 -0.02408671
5.62 -0.02148153
5.63 -0.01702347
5.64 -0.01141781
5.65 -0.004296515
5.66 0.009275824
5.67 0.02793925
5.68 0.04249651
5.69 0.05039906
5.7 0.05500465
5.71 0.05695794
5.72 0.05572465
5.73 0.05077721
5.74 0.0403649
5.75 0.02368598
5.76 0.001125881
5.77 -0.02188615
5.78 -0.04340154
5.79 -0.05528254
5.8 -0.05758638
5.81 -0.058629
5.82 -0.06022334
5.83 -0.0616346
5.84 -0.06143115
5.85 -0.05883912
5.86 -0.05208175
5.87 -0.03846106
5.88 -0.02142925
5.89 -0.005937452
5.9 0.006526996
5.91 0.01424688
5.92 0.01589304
5.93 0.01738289
5.94 0.02141792
5.95 0.02846261
5.96 0.03717835
5.97 0.04327951
5.98 0.04324919
5.99 0.04063287
6 0.03991918
6.01 0.04237796
6.02 0.0467302
6.03 0.04890663
6.04 0.04732372
6.05 0.04430214
6.06 0.04322774
6.07 0.04367505
6.08 0.04180882
6.09 0.03449598
6.1 0.02064382
6.11 -0.002530123
6.12 -0.03031398
6.13 -0.0566424
6.14 -0.0789036
6.15 -0.09107572
6.16 -0.09449152
6.17 -0.09326483
6.18 -0.0864869
6.19 -0.07377928
6.2 -0.05736514
6.21 -0.04196613
6.22 -0.03222807
6.23 -0.02419203
6.24 -0.01500524
6.25 -0.00480539
6.26 0.003556632
6.27 0.006432845
6.28 0.007054917
6.29 0.01093402
6.3 0.02467218
6.31 0.04527913
6.32 0.06139017
6.33 0.07045195
6.34 0.07573813
6.35 0.07781232
6.36 0.07729501
6.37 0.07598186
6.38 0.07204568
6.39 0.06320689
6.4 0.04702271
6.41 0.02488131
6.42 0.002977421
6.43 -0.01248658
6.44 -0.02268617
6.45 -0.02743481
6.46 -0.02126165
6.47 -0.005460505
6.48 0.008324068
6.49 0.01339016
6.5 0.0122605
6.51 0.006243872
6.52 -0.006951491
6.53 -0.02357067
6.54 -0.0404802
6.55 -0.05758581
6.56 -0.07256412
6.57 -0.08467456
6.58 -0.09187484
6.59 -0.09114837
6.6 -0.08266061
6.61 -0.0690286
6.62 -0.05914577
6.63 -0.05594744
6.64 -0.05165753
6.65 -0.04278143
6.66 -0.02837375
6.67 -0.01246712
6.68 0.003871356
6.69 0.01883765
6.7 0.03215812
6.71 0.04707717
6.72 0.06102083
6.73 0.06692945
6.74 0.06609499
6.75 0.06262642
6.76 0.05724801
6.77 0.0515143
6.78 0.04826823
6.79 0.04836491
6.8 0.05010285
6.81 0.0527932
6.82 0.05543513
6.83 0.05108862
6.84 0.03644444
6.85 0.01395312
6.86 -0.01042485
6.87 -0.03321248
6.88 -0.04726165
6.89 -0.05163824
6.9 -0.05273287
6.91 -0.05507721
6.92 -0.06126082
6.93 -0.07231644
6.94 -0.08207622
6.95 -0.08378773
6.96 -0.08007337
6.97 -0.07149798
6.98 -0.06125795
6.99 -0.04500878
7 -0.009973979
7.01 0.02048817
7.02 0.03723163
7.03 0.04827471
7.04 0.05953471
7.05 0.07204849
7.06 0.08311192
7.07 0.0883138
7.08 0.08492057
7.09 0.0745178
7.1 0.06504392
7.11 0.06111745
7.12 0.06233088
7.13 0.06766562
7.14 0.0742976
7.15 0.07597479
7.16 0.07015415
7.17 0.05667436
7.18 0.03879178
7.19 0.02181282
7.2 0.006501176
7.21 -0.007701997
7.22 -0.01629009
7.23 -0.0218702
7.24 -0.02878199
7.25 -0.04451708
7.26 -0.07126414
7.27 -0.09179702
7.28 -0.100687
7.29 -0.1066999
7.3 -0.112542
7.31 -0.1144763
7.32 -0.1114299
7.33 -0.1042576
7.34 -0.09364126
7.35 -0.07918193
7.36 -0.06446261
7.37 -0.04793471
7.38 -0.02767696
7.39 0.0003200704
7.4 0.03489205
7.41 0.06403007
7.42 0.07472282
7.43 0.07743525
7.44 0.08046186
7.45 0.08414709
7.46 0.08804802
7.47 0.090564
7.48 0.08958402
7.49 0.08217573
7.5 0.06186158
7.51 0.02739693
7.52 -0.006024763
7.53 -0.02667239
7.54 -0.0363468
7.55 -0.03902232
7.56 -0.03404631
7.57 -0.02279488
7.58 -0.01171012
7.59 -0.004087005
7.6 0.002351684
7.61 0.009897868
7.62 0.02115041
7.63 0.03663734
7.64 0.05086796
7.65 0.0547621
7.66 0.05001324
7.67 0.03958794
7.68 0.02231866
7.69 0.001720419
7.7 -0.02064457
7.71 -0.04444561
7.72 -0.06348821
7.73 -0.06972181
7.74 -0.06780774
7.75 -0.0589258
7.76 -0.0365046
7.77 -0.003001462
7.78 0.0194537
7.79 0.03088484
7.8 0.04291015
7.81 0.0517583
7.82 0.0509905
7.83 0.04043417
7.84 0.02288612
7.85 0.01023471
7.86 -0.0009532282
7.87 -0.01575809
7.88 -0.03958926
7.89 -0.06606485
7.9 -0.08252876
7.91 -0.09085464
7.92 -0.094171
7.93 -0.09204239
7.94 -0.08475882
7.95 -0.0721957
7.96 -0.0521739
7.97 -0.02426047
7.98 0.003797419
7.99 0.03005338
8 0.05664347
8.01 0.07843727
8.02 0.08924901
8.03 0.09117443
8.04 0.08496422
8.05 0.06650053
8.06 0.03679451
8.07 0.006913835
8.08 -0.01832147
8.09 -0.03836454
8.1 -0.04623021
8.11 -0.04484717
8.12 -0.03674875
8.13 -0.02428689
8.14 -0.01213924
8.15 -0.004786532
8.16 -0.001781337
8.17 0.0006676984
8.18 0.003798551
8.19 0.008856916
8.2 0.01249652
8.21 0.0133181
8.22 0.01154339
8.23 0.007175061
8.24 0.0001470567
8.25 -0.007197555
8.26 -0.01069406
8.27 -0.01066789
8.28 -0.006656647
8.29 0.00388126
8.3 0.01761148
8.31 0.02579111
8.32 0.02924572
8.33 0.03029669
8.34 0.03025685
8.35 0.03042375
8.36 0.03010165
8.37 0.0268877
8.38 0.02152525
8.39 0.01718554
8.4 0.01553553
8.41 0.01445428
8.42 0.01237926
8.43 0.004119242
8.44 -0.009216458
8.45 -0.0203986
8.46 -0.02301064
8.47 -0.021922
8.48 -0.01976823
8.49 -0.01679161
8.5 -0.01358564
8.51 -0.01066233
8.52 -0.009384078
8.53 -0.008790784
8.54 -0.007149341
8.55 -0.007468098
8.56 -0.008828935
8.57 -0.00939395
8.58 -0.009264335
8.59 -0.009343376
8.6 -0.007470397
8.61 -3.240667e-05
8.62 0.0116675
8.63 0.02377322
8.64 0.03516441
8.65 0.04398522
8.66 0.04634676
8.67 0.04377196
8.68 0.03677975
8.69 0.02488056
8.7 0.01238041
8.71 -0.001569308
8.72 -0.01395994
8.73 -0.0251024
8.74 -0.03957401
8.75 -0.05906199
8.76 -0.07950422
8.77 -0.0964467
8.78 -0.1112455
8.79 -0.1236176
8.8 -0.120345
8.81 -0.09216962
8.82 -0.0549232
8.83 -0.02109714
8.84 0.01037023
8.85 0.04244635
8.86 0.07317687
8.87 0.0948588
8.88 0.1058469
8.89 0.1102974
8.9 0.1108047
8.91 0.1077318
8.92 0.09877583
8.93 0.07998645
8.94 0.04777297
8.95 0.0121953
8.96 -0.00581417
8.97 -0.008875147
8.98 -0.01065468
8.99 -0.01231341
9 -0.01347342
9.01 -0.0173071
9.02 -0.02489421
9.03 -0.03533324
9.04 -0.04193687
9.05 -0.04182658
9.06 -0.0363147
9.07 -0.02216396
9.08 -0.007894405
9.09 0.002312156
9.1 0.009612075
9.11 0.01242007
9.12 0.009875039
9.13 0.001613117
9.14 -0.01116044
9.15 -0.0280115
9.16 -0.04688514
9.17 -0.06257665
9.18 -0.06993755
9.19 -0.07037394
9.2 -0.06831023
9.21 -0.06212513
9.22 -0.04522287
9.23 -0.01498133
9.24 0.02160695
9.25 0.04805761
9.26 0.06671393
9.27 0.08736954
9.28 0.09899011
9.29 0.09909931
9.3 0.09521316
9.31 0.08887698
9.32 0.07483304
9.33 0.06126635
9.34 0.05374329
9.35 0.04233585
9.36 0.02066038
9.37 -0.006965613
9.38 -0.03678001
9.39 -0.06221196
9.4 -0.08292324
9.41 -0.1002196
9.42 -0.1089345
9.43 -0.1098853
9.44 -0.102704
9.45 -0.07955858
9.46 -0.04048253
9.47 0.0005928828
9.48 0.03747339
9.49 0.05880429
9.5 0.06375111
9.51 0.06530163
9.52 0.06734277
9.53 0.06688014
9.54 0.06041539
9.55 0.04302009
9.56 0.01929049
9.57 -0.003445197
9.58 -0.02515004
9.59 -0.04699771
9.6 -0.0664231
9.61 -0.08211131
9.62 -0.09394493
9.63 -0.1004033
9.64 -0.1006783
9.65 -0.09494912
9.66 -0.08142557
9.67 -0.06018474
9.68 -0.02878607
9.69 0.009075765
9.7 0.04543061
9.71 0.07309899
9.72 0.09806668
9.73 0.1142277
9.74 0.1242901
9.75 0.1301209
9.76 0.1288876
9.77 0.1157767
9.78 0.092808
9.79 0.0686562
9.8 0.05160841
9.81 0.03619816
9.82 0.01933189
9.83 0.005893276
9.84 -0.005709438
9.85 -0.0168028
9.86 -0.02714592
9.87 -0.03629804
9.88 -0.04651875
9.89 -0.05943168
9.9 -0.07156118
9.91 -0.08076778
9.92 -0.08645481
9.93 -0.08983623
9.94 -0.09038531
9.95 -0.08697514
9.96 -0.07827691
9.97 -0.06338944
9.98 -0.04428126
9.99 -0.02168031
10 0.001964892
10.01 0.02329061
10.02 0.0349478
10.03 0.03405082
10.04 0.02655807
10.05 0.0170793
10.06 0.007775088
10.07 0.0008232534
10.08 0.0007633665
10.09 0.007656344
10.1 0.01653426
10.11 0.0245516
10.12 0.03226284
10.13 0.04009107
10.14 0.04810126
10.15 0.05621942
10.16 0.06495763
10.17 0.07117562
10.18 0.07017875
10.19 0.06282558
10.2 0.05158258
10.21 0.0386446
10.22 0.02530717
10.23 0.006197079
10.24 -0.02413785
10.25 -0.05849793
10.26 -0.08327181
10.27 -0.1006491
10.28 -0.1169895
10.29 -0.1255688
10.3 -0.1115353
10.31 -0.07292594
10.32 -0.02749099
10.33 -0.0008402657
10.34 0.007912331
10.35 0.01214869
10.36 0.0162392
10.37 0.02067887
10.38 0.02965752
10.39 0.04685683
10.4 0.0721469
10.41 0.09000465
10.42 0.0917449
10.43 0.08042608
10.44 0.05721502
10.45 0.03157125
10.46 0.00701393
10.47 -0.01812702
10.48 -0.03841582
10.49 -0.05015138
10.5 -0.05341952
10.51 -0.04699922
10.52 -0.03947317
10.53 -0.038893
10.54 -0.04325926
10.55 -0.04798204
10.56 -0.0503353
10.57 -0.04938245
10.58 -0.04494184
10.59 -0.03919614
10.6 -0.03407104
10.61 -0.02737912
10.62 -0.01858614
10.63 -0.00807038
10.64 0.008035104
10.65 0.02892424
10.66 0.04619976
10.67 0.05188341
10.68 0.05269033
10.69 0.05231193
10.7 0.04734613
10.71 0.03753613
10.72 0.02752426
10.73 0.02254037
10.74 0.02073992
10.75 0.01918066
10.76 0.01774468
10.77 0.01601546
10.78 0.01270623
10.79 0.007697725
10.8 0.001639013
10.81 -0.003485759
10.82 -0.005756112
10.83 -0.003919046
10.84 0.005087284
10.85 0.02272501
10.86 0.04181958
10.87 0.05526455
10.88 0.0560724
10.89 0.04503301
10.9 0.02932213
10.91 0.01654805
10.92 0.01145669
10.93 0.00955333
10.94 0.007211833
10.95 0.004381283
10.96 -0.001815806
10.97 -0.01321036
10.98 -0.02255089
10.99 -0.02526865
11 -0.02017282
11.01 -0.01233656
11.02 -0.008456733
11.03 -0.009098463
11.04 -0.01288052
11.05 -0.01905838
11.06 -0.02496431
11.07 -0.02836592
11.08 -0.02935491
11.09 -0.02871222
11.1 -0.03000318
11.11 -0.03692491
11.12 -0.05119093
11.13 -0.05936152
11.14 -0.06062868
11.15 -0.05847851
11.16 -0.05089772
11.17 -0.02445383
11.18 0.009424729
11.19 0.0256897
11.2 0.0240908
11.21 0.007923888
11.22 -0.01828262
11.23 -0.03574253
11.24 -0.03853912
11.25 -0.03820902
11.26 -0.03824202
11.27 -0.03569068
11.28 -0.02853901
11.29 -0.01259212
11.3 0.01273264
11.31 0.04269429
11.32 0.07340243
11.33 0.1006157
11.34 0.1153106
11.35 0.1157061
11.36 0.1034781
11.37 0.08152416
11.38 0.06090815
11.39 0.04897792
11.4 0.04845021
11.41 0.05916149
11.42 0.07209967
11.43 0.07794813
11.44 0.071334
11.45 0.04759056
11.46 0.01198124
11.47 -0.02455625
11.48 -0.05706187
11.49 -0.08218475
11.5 -0.09467766
11.51 -0.09248149
11.52 -0.07762826
11.53 -0.05119699
11.54 -0.02004348
11.55 0.009256146
11.56 0.03210828
11.57 0.04582673
11.58 0.05133253
11.59 0.05079777
11.6 0.04646372
11.61 0.03962414
11.62 0.02991076
11.63 0.02082431
11.64 0.007796878
11.65 -0.01497461
11.66 -0.03955265
11.67 -0.06346755
11.68 -0.089716
11.69 -0.1150828
11.7 -0.1332131
11.71 -0.1400632
11.72 -0.1392136
11.73 -0.1325028
11.74 -0.1186799
11.75 -0.09475959
11.76 -0.06937906
11.77 -0.05165069
11.78 -0.03653077
11.79 -0.02270874
11.8 -0.01201593
11.81 -0.0001170539
11.82 0.01715814
11.83 0.04002383
11.84 0.0691691
11.85 0.1041425
11.86 0.1398487
11.87 0.1652482
11.88 0.1709905
11.89 0.1630895
11.9 0.1284453
11.91 0.05251326
11.92 -0.0224966
11.93 -0.05221843
11.94 -0.05729809
11.95 -0.06117105
11.96 -0.06045047
11.97 -0.0480701
11.98 -0.02646657
11.99 -0.006562283
12 0.01029306
12.01 0.02375629
12.02 0.02969207
12.03 0.03040158
12.04 0.02614904
12.05 0.01331004
12.06 -0.01775322
12.07 -0.05828093
12.08 -0.08822975
12.09 -0.104972
12.1 -0.1154007
12.11 -0.1210421
12.12 -0.1200093
12.13 -0.1034268
12.14 -0.07044659
12.15 -0.03078244
12.16 0.005630861
12.17 0.03888153
12.18 0.06137588
12.19 0.07679781
12.2 0.09460707
12.21 0.1100673
12.22 0.1291694
12.23 0.1544365
12.24 0.174917
12.25 0.1854353
12.26 0.1892997
12.27 0.1862102
12.28 0.1560587
12.29 0.08623734
12.3 0.02439169
12.31 -0.002966734
12.32 -0.0174817
12.33 -0.03341464
12.34 -0.04894166
12.35 -0.06639741
12.36 -0.08527186
12.37 -0.1023945
12.38 -0.117173
12.39 -0.1292409
12.4 -0.1368654
12.41 -0.1413694
12.42 -0.1452093
12.43 -0.1458809
12.44 -0.1413061
12.45 -0.1311047
12.46 -0.1103666
12.47 -0.07550565
12.48 -0.03825383
12.49 -0.009726534
12.5 0.01860091
12.51 0.04178791
12.52 0.04424159
12.53 0.03586027
12.54 0.02662089
12.55 0.01893734
12.56 0.01393527
12.57 0.01376501
12.58 0.01787362
12.59 0.03020797
12.6 0.05293986
12.61 0.07845353
12.62 0.1032678
12.63 0.1220037
12.64 0.133674
12.65 0.1304865
12.66 0.1114889
12.67 0.07928651
12.68 0.03877224
12.69 0.001836129
12.7 -0.01802556
12.71 -0.02830245
12.72 -0.03735483
12.73 -0.042953
12.74 -0.04475178
12.75 -0.04500742
12.76 -0.04274143
12.77 -0.03257488
12.78 -0.006315261
12.79 0.02761151
12.8 0.05149023
12.81 0.06284395
12.82 0.06764792
12.83 0.06596443
12.84 0.05120543
12.85 0.01518082
12.86 -0.01845823
12.87 -0.03504777
12.88 -0.04765134
12.89 -0.05829849
12.9 -0.06240736
12.91 -0.06017552
12.92 -0.05369277
12.93 -0.04506671
12.94 -0.03436101
12.95 -0.02367231
12.96 -0.0135921
12.97 -0.006052176
12.98 0.0007625073
12.99 0.01018059
13 0.01980583
13.01 0.02766237
13.02 0.03520944
13.03 0.04123518
13.04 0.04101166
13.05 0.02964011
13.06 0.009707467
13.07 -0.009953168
13.08 -0.02506821
13.09 -0.03530158
13.1 -0.04012293
13.11 -0.03963395
13.12 -0.03513017
13.13 -0.0286766
13.14 -0.02231432
13.15 -0.01668243
13.16 -0.01224454
13.17 -0.009325456
13.18 -0.007163238
13.19 -0.004265621
13.2 0.0001872472
13.21 0.01003459
13.22 0.0323234
13.23 0.06026399
13.24 0.07448241
13.25 0.07593444
13.26 0.06958432
13.27 0.05899274
13.28 0.04126648
13.29 0.01402051
13.3 -0.01041299
13.31 -0.03073491
13.32 -0.04605835
13.33 -0.05372659
13.34 -0.05739533
13.35 -0.05781312
13.36 -0.05374641
13.37 -0.04066432
13.38 -0.01778862
13.39 0.01116235
13.4 0.03123761
13.41 0.0378077
13.42 0.03525707
13.43 0.02524194
13.44 0.004945025
13.45 -0.0193993
13.46 -0.0393819
13.47 -0.05754058
13.48 -0.07315252
13.49 -0.08530012
13.5 -0.09242061
13.51 -0.09260333
13.52 -0.08761155
13.53 -0.07528778
13.54 -0.05342516
13.55 -0.0289835
13.56 -0.006670684
13.57 0.009106508
13.58 0.01493099
13.59 0.02006786
13.6 0.02976625
13.61 0.04014239
13.62 0.04866011
13.63 0.05345974
13.64 0.05455815
13.65 0.05625686
13.66 0.05970365
13.67 0.06264801
13.68 0.06483379
13.69 0.0658896
13.7 0.06397175
13.71 0.06072267
13.72 0.05546293
13.73 0.04697077
13.74 0.03618631
13.75 0.0249142
13.76 0.01590468
13.77 0.007228242
13.78 -0.0005121431
13.79 -0.002805995
13.8 -0.0008801639
13.81 0.002708764
13.82 0.007352194
13.83 0.009806224
13.84 0.007988284
13.85 0.001775296
13.86 -0.007677716
13.87 -0.02109989
13.88 -0.03787101
13.89 -0.05130609
13.9 -0.0552316
13.91 -0.05550321
13.92 -0.05478496
13.93 -0.0502472
13.94 -0.04111423
13.95 -0.02385353
13.96 -0.007874622
13.97 -0.001951133
13.98 -0.001950904
13.99 -0.006526282
14 -0.01560914
14.01 -0.03014975
14.02 -0.04487668
14.03 -0.05311481
14.04 -0.05612162
14.05 -0.05714891
14.06 -0.05385463
14.07 -0.03687302
14.08 -0.00809662
14.09 0.02126361
14.1 0.04305482
14.11 0.06352667
14.12 0.08368501
14.13 0.09697829
14.14 0.1028594
14.15 0.1039201
14.16 0.1016499
14.17 0.09556167
14.18 0.0867737
14.19 0.07935082
14.2 0.07466009
14.21 0.07032161
14.22 0.06406059
14.23 0.05570763
14.24 0.04286809
14.25 0.02355948
14.26 0.002911201
14.27 -0.01930375
14.28 -0.04064187
14.29 -0.05636045
14.3 -0.06575194
14.31 -0.07317358
14.32 -0.07339884
14.33 -0.06426619
14.34 -0.0549928
14.35 -0.04910225
14.36 -0.04610006
14.37 -0.04589449
14.38 -0.04676152
14.39 -0.0471676
14.4 -0.04694751
14.41 -0.0458265
14.42 -0.04305276
14.43 -0.03898523
14.44 -0.03420493
14.45 -0.02861748
14.46 -0.02131264
14.47 -0.01230015
14.48 -0.003096372
14.49 0.004885532
14.5 0.01166247
14.51 0.0164706
14.52 0.0191609
14.53 0.01895919
14.54 0.01509217
14.55 0.008420375
14.56 0.001837797
14.57 -0.001920489
14.58 -0.0009166041
14.59 0.003402751
14.6 0.009982563
14.61 0.01504302
14.62 0.01603674
14.63 0.01648815
14.64 0.01727993
14.65 0.01828314
14.66 0.01893171
14.67 0.01931509
14.68 0.01741304
14.69 0.01298093
14.7 0.007384074
14.71 0.00261068
14.72 -0.000986209
14.73 -0.003342705
14.74 -0.005928609
14.75 -0.01121964
14.76 -0.02325652
14.77 -0.03852573
14.78 -0.0499427
14.79 -0.05286859
14.8 -0.05141928
14.81 -0.04727088
14.82 -0.03636473
14.83 -0.02178781
14.84 -0.0113224
14.85 -0.005613427
14.86 0.002855894
14.87 0.01442113
14.88 0.02425355
14.89 0.02851329
14.9 0.02860508
14.91 0.02566523
14.92 0.01883002
14.93 0.009877814
14.94 0.001324621
14.95 -0.005644567
14.96 -0.009201634
14.97 -0.01036293
14.98 -0.008824336
14.99 -0.003624314
15 0.005242814
15.01 0.01505381
15.02 0.02443824
15.03 0.03372239
15.04 0.04289013
15.05 0.04907422
15.06 0.04980527
15.07 0.0475146
15.08 0.04440914
15.09 0.03918325
15.1 0.0316171
15.11 0.02194644
15.12 0.00931192
15.13 -0.005720567
15.14 -0.01556852
15.15 -0.01884766
15.16 -0.01915065
15.17 -0.01714705
15.18 -0.01121898
15.19 0.001540451
15.2 0.0154477
15.21 0.02285768
15.22 0.02761358
15.23 0.03181651
15.24 0.03524868
15.25 0.03678003
15.26 0.03636263
15.27 0.03031955
15.28 0.01873918
15.29 0.003285374
15.3 -0.01441336
15.31 -0.03166734
15.32 -0.04744819
15.33 -0.06162392
15.34 -0.07059743
15.35 -0.07706346
15.36 -0.08135792
15.37 -0.08209802
15.38 -0.08100107
15.39 -0.07804154
15.4 -0.07073497
15.41 -0.06051665
15.42 -0.05044077
15.43 -0.0398425
15.44 -0.02766254
15.45 -0.01815773
15.46 -0.0147389
15.47 -0.01477555
15.48 -0.01600527
15.49 -0.01807415
15.5 -0.02187637
15.51 -0.02680383
15.52 -0.0312601
15.53 -0.03214305
15.54 -0.02742054
15.55 -0.01709488
15.56 -0.001248996
15.57 0.01589807
15.58 0.03115513
15.59 0.04948301
15.6 0.06365992
15.61 0.0768961
15.62 0.09169829
15.63 0.09904122
15.64 0.09829994
15.65 0.09328432
15.66 0.08072286
15.67 0.06443976
15.68 0.04775683
15.69 0.03076001
15.7 0.01344379
15.71 9.699861e-05
15.72 -0.004467137
15.73 -0.002253002
15.74 0.005695884
15.75 0.01899613
15.76 0.03345568
15.77 0.04396781
15.78 0.04785764
15.79 0.04948331
15.8 0.05068956
15.81 0.05226037
15.82 0.05348802
15.83 0.05270184
15.84 0.04965851
15.85 0.04273797
15.86 0.02978859
15.87 0.01410943
15.88 -0.0003313697
15.89 -0.01068411
15.9 -0.01630945
15.91 -0.01948318
15.92 -0.02023732
15.93 -0.01903424
15.94 -0.01790818
15.95 -0.02105955
15.96 -0.03070971
15.97 -0.04213088
15.98 -0.05277106
15.99 -0.06187021
16 -0.06800566
16.01 -0.07148842
16.02 -0.07104526
16.03 -0.06560254
16.04 -0.05629119
16.05 -0.04530829
16.06 -0.03431873
16.07 -0.02363951
16.08 -0.01528915
16.09 -0.01039578
16.1 -0.00644099
16.11 -0.002210865
16.12 0.003678212
16.13 0.01113726
16.14 0.01734059
16.15 0.0207596
16.16 0.02285188
16.17 0.02157634
16.18 0.0140854
16.19 0.004041701
16.2 -0.005399186
16.21 -0.01307157
16.22 -0.01696401
16.23 -0.01736353
16.24 -0.01417875
16.25 -0.00761764
16.26 0.002496986
16.27 0.01156657
16.28 0.0128282
16.29 0.00771937
16.3 -0.002177999
16.31 -0.01436332
16.32 -0.0284256
16.33 -0.04026876
16.34 -0.04605876
16.35 -0.04680488
16.36 -0.04324419
16.37 -0.03569556
16.38 -0.02842663
16.39 -0.02285425
16.4 -0.01647577
16.41 -0.01011867
16.42 -0.005337685
16.43 -0.0003906465
16.44 0.004015027
16.45 0.007427249
16.46 0.01071701
16.47 0.01362661
16.48 0.01597452
16.49 0.01639823
16.5 0.01503978
16.51 0.01275015
16.52 0.01150042
16.53 0.01170136
16.54 0.01257258
16.55 0.01345885
16.56 0.01390786
16.57 0.01389735
16.58 0.01368374
16.59 0.01390405
16.6 0.01289446
16.61 0.008443648
16.62 0.001945974
16.63 -0.003088104
16.64 -0.006344169
16.65 -0.008429575
16.66 -0.008400277
16.67 -0.006414171
16.68 -0.003100074
16.69 0.002886903
16.7 0.01132375
16.71 0.01854552
16.72 0.02187527
16.73 0.02301002
16.74 0.02287412
16.75 0.02146834
16.76 0.01951872
16.77 0.01724945
16.78 0.01470274
16.79 0.01307169
16.8 0.01368029
16.81 0.01659663
16.82 0.02048831
16.83 0.02515152
16.84 0.03057831
16.85 0.03449663
16.86 0.03565716
16.87 0.03456852
16.88 0.02922828
16.89 0.02202334
16.9 0.01429533
16.91 0.003745046
16.92 -0.009224853
16.93 -0.02213996
16.94 -0.0337733
16.95 -0.04078108
16.96 -0.04370064
16.97 -0.04433852
16.98 -0.04270594
16.99 -0.03717923
17 -0.02660873
17.01 -0.01478721
17.02 -0.003791631
17.03 0.007190221
17.04 0.01475617
17.05 0.01776896
17.06 0.01930256
17.07 0.02086797
17.08 0.02117
17.09 0.02005817
17.1 0.01680209
17.11 0.01102992
17.12 0.006319562
17.13 0.003532719
17.14 0.003204469
17.15 0.005132037
17.16 0.007614668
17.17 0.009523775
17.18 0.0110447
17.19 0.01390491
17.2 0.01755085
17.21 0.02074833
17.22 0.02259669
17.23 0.02420495
17.24 0.02571097
17.25 0.02645703
17.26 0.02724986
17.27 0.02800831
17.28 0.02692053
17.29 0.02370937
17.3 0.01786027
17.31 0.007641413
17.32 -0.00645547
17.33 -0.01778376
17.34 -0.02861419
17.35 -0.04075802
17.36 -0.04838664
17.37 -0.05295754
17.38 -0.05592883
17.39 -0.05624119
17.4 -0.05385025
17.41 -0.04942931
17.42 -0.04279967
17.43 -0.03260176
17.44 -0.01933061
17.45 -0.008856334
17.46 -0.001705931
17.47 0.0076915
17.48 0.01954184
17.49 0.02792963
17.5 0.03329785
17.51 0.03684583
17.52 0.03700177
17.53 0.03504992
17.54 0.03055211
17.55 0.02477466
17.56 0.0150978
17.57 0.001564832
17.58 -0.00898167
17.59 -0.01477735
17.6 -0.01781121
17.61 -0.0189152
17.62 -0.01832903
17.63 -0.01519911
17.64 -0.01052118
17.65 -0.005633722
17.66 0.001178689
17.67 0.009605379
17.68 0.01643348
17.69 0.02032086
17.7 0.02208625
17.71 0.02180639
17.72 0.019863
17.73 0.01647724
17.74 0.009856853
17.75 0.00106804
17.76 -0.007817871
17.77 -0.01843217
17.78 -0.03313493
17.79 -0.0439514
17.8 -0.04879123
17.81 -0.0522843
17.82 -0.05344773
17.83 -0.05234014
17.84 -0.04977071
17.85 -0.04357865
17.86 -0.03305157
17.87 -0.02200746
17.88 -0.01184149
17.89 -0.002756861
17.9 0.00326564
17.91 0.007805709
17.92 0.008770529
17.93 0.00594764
17.94 0.0004934852
17.95 -0.005636893
17.96 -0.01025677
17.97 -0.01228039
17.98 -0.01333901
17.99 -0.01299141
18 -0.0121032
18.01 -0.01325215
18.02 -0.01637231
18.03 -0.01902347
18.04 -0.02024056
18.05 -0.019865
18.06 -0.01732395
18.07 -0.01198964
18.08 -0.004137388
18.09 0.003694673
18.1 0.01108272
18.11 0.01717266
18.12 0.01914569
18.13 0.0174514
18.14 0.01312863
18.15 0.007348745
18.16 0.004010382
18.17 0.003724
18.18 0.004706085
18.19 0.007628198
18.2 0.01237996
18.21 0.0173842
18.22 0.0222522
18.23 0.02612971
18.24 0.02895095
18.25 0.03070997
18.26 0.03096213
18.27 0.02966201
18.28 0.02665285
18.29 0.02169816
18.3 0.01591645
18.31 0.01061225
18.32 0.005581618
18.33 0.001570878
18.34 -0.0002702385
18.35 -0.001381961
18.36 -0.002388481
18.37 -0.00321642
18.38 -0.003673558
18.39 -0.002767257
18.4 -0.0002432058
18.41 0.003767301
18.42 0.007732637
18.43 0.009503396
18.44 0.00931045
18.45 0.007263958
18.46 0.003936677
18.47 0.0005114975
18.48 -0.002153627
18.49 -0.004456036
18.5 -0.006378134
18.51 -0.007980782
18.52 -0.008465291
18.53 -0.008128071
18.54 -0.007523268
18.55 -0.004219524
18.56 0.002809165
18.57 0.009501048
18.58 0.01510826
18.59 0.0194948
18.6 0.02149275
18.61 0.01969028
18.62 0.01500309
18.63 0.009358412
18.64 0.002494905
18.65 -0.003177231
18.66 -0.005398934
18.67 -0.004201581
18.68 -0.001513432
18.69 0.0006370195
18.7 0.00172842
18.71 0.001069601
18.72 -0.0005935915
18.73 -0.002735454
18.74 -0.005348217
18.75 -0.008180834
18.76 -0.009514103
18.77 -0.009770079
18.78 -0.009305636
18.79 -0.007107271
18.8 -0.002831369
18.81 0.00227269
18.82 0.006436353
18.83 0.007962692
18.84 0.006660613
18.85 0.003078361
18.86 -0.000763551
18.87 -0.004302127
18.88 -0.006932413
18.89 -0.008609197
18.9 -0.008814372
18.91 -0.007536336
18.92 -0.005915087
18.93 -0.004190549
18.94 -0.002120928
18.95 -0.0002836245
18.96 0.001158642
18.97 0.00208452
18.98 0.002510102
18.99 0.0027721
19 0.003129279
19.01 0.003193601
19.02 0.003069696
19.03 0.003105444
19.04 0.00337234
19.05 0.004159438
19.06 0.005341239
19.07 0.006294043
19.08 0.007056758
19.09 0.007731298
19.1 0.008110918
19.11 0.008422362
19.12 0.008046547
19.13 0.006972962
19.14 0.005596348
19.15 0.003418637
19.16 0.0007872487
19.17 -0.001812879
19.18 -0.00348159
19.19 -0.004423845
19.2 -0.004418457
19.21 -0.004003728
19.22 -0.003561668
19.23 -0.002910966
19.24 -0.001818921
19.25 -0.0006818591
19.26 0.0001371868
19.27 0.0001842638
19.28 -0.0003698687
19.29 -0.001274778
19.3 -0.002171781
19.31 -0.003064881
19.32 -0.003733113
19.33 -0.003960867
19.34 -0.003901079
19.35 -0.003891471
19.36 -0.003916113
19.37 -0.003834806
19.38 -0.003787525
19.39 -0.003701065
19.4 -0.003485417
19.41 -0.003067169
19.42 -0.002460703
19.43 -0.00176268
19.44 -0.001154969
19.45 -0.0007505151
19.46 -0.0003552
19.47 -9.611354e-05
19.48 -1.501622e-05
19.49 2.318092e-05
19.5 -3.416315e-05
19.51 -0.0001554906
19.52 -0.0003224773
19.53 -0.0005253284
19.54 -0.0007321883
19.55 -0.000864089
19.56 -0.0008820173
19.57 -0.0008291885
19.58 -0.0007542033
19.59 -0.0006607213
19.6 -0.0005372892
19.61 -0.0004123768
19.62 -0.0003103653
19.63 -0.00022255
19.64 -0.0001531028
19.65 -0.0001075049
19.66 -7.261623e-05
19.67 -4.189538e-05
19.68 -2.305681e-05
19.69 -1.372447e-05
19.7 -6.592702e-06
19.71 6.524727e-07
19.72 9.941231e-06
19.73 2.208258e-05
19.74 3.606958e-05
19.75 5.074846e-05
19.76 6.530275e-05
19.77 7.927083e-05
19.78 9.232107e-05
19.79 0.0001044768
19.8 0.0001154432
19.81 0.000124774
19.82 0.0001321946
19.83 0.0001377149
19.84 0.0001414563
19.85 0.0001435705
19.86 0.0001442532
19.87 0.0001436215
19.88 0.0001417505
19.89 0.0001387128
19.9 0.0001345758
