0 -0.001401303
0.02 -0.003335645
0.04 -0.002982145
0.06 -0.004861441
0.08 -0.000140357
0.1 0.009181985
0.12 0.008047275
0.14 0.002894758
0.16 0.0001045341
0.18 -0.003563932
0.2 -0.001560212
0.22 0.003639187
0.24 0.006139661
0.26 0.002557874
0.28 -0.004368543
0.3 -0.002693342
0.32 -0.002499156
0.34 -0.003115901
0.36 0.006720291
0.38 0.01064769
0.4 0.001388496
0.42 -0.004677156
0.44 -0.005436793
0.46 0.001374022
0.48 0.003631593
0.5 -0.001585455
0.52 0.001814434
0.54 0.003116216
0.56 -0.001747932
0.58 -0.002555599
0.6 0.00295156
0.62 0.004402231
0.64 -0.001335088
0.66 0.001241563
0.68 0.006137726
0.7 0.002972826
0.72 -0.006872093
0.74 -0.003984413
0.76 0.002759931
0.78 0.001907316
0.8 0.001394329
0.82 0.002544941
0.84 0.005268412
0.86 0.002936754
0.88 -0.0009045083
0.9 -0.010466
0.92 -0.006385076
0.94 0.002028918
0.96 0.004397368
0.98 0.001305738
1 -0.0008036815
1.02 0.00477364
1.04 0.0004314927
1.06 -0.007638852
1.08 -0.005306276
1.1 0.00475901
1.12 0.004019469
1.14 -0.000316671
1.16 -0.001452069
1.18 0.001296693
1.2 -0.00340764
1.22 -0.01071413
1.24 -0.004927918
1.26 0.003304368
1.28 -0.0005513652
1.3 -0.005076322
1.32 0.002919242
1.34 0.005566969
1.36 0.001271539
1.38 0.004058945
1.4 0.001891253
1.42 -0.004815528
1.44 -0.009054939
1.46 -0.001793851
1.48 -0.001779813
1.5 -0.007457469
1.52 -0.000812512
1.54 0.003476296
1.56 0.00496725
1.58 0.0008614392
1.6 0.001636296
1.62 -0.001342438
1.64 -0.00401622
1.66 -0.006400345
1.68 -0.004858533
1.7 0.00437312
1.72 0.002591874
1.74 -0.004360848
1.76 -0.01008452
1.78 -0.003621237
1.8 0.003485703
1.82 0.004480834
1.84 0.001210292
1.86 0.0008701729
1.88 -0.003207187
1.9 -0.00769676
1.92 0.002764866
1.94 0.002177945
1.96 0.0036136
1.98 0.003709025
2 -0.00127622
2.02 -0.002594599
2.04 0.00345854
2.06 0.009211904
2.08 0.004499018
2.1 0.001098799
2.12 -0.002888916
2.14 -0.006775709
2.16 -0.009243714
2.18 -0.001363819
2.2 0.00726483
2.22 0.005741464
2.24 0.0008285476
2.26 0.003575797
2.28 0.006020155
2.3 0.006275594
2.32 0.0008935049
2.34 -0.004359161
2.36 -0.001013199
2.38 -0.000716011
2.4 0.004580195
2.42 0.006024937
2.44 0.00100489
2.46 -0.001225542
2.48 0.001350325
2.5 -0.00306083
2.52 -0.001822263
2.54 0.0002007465
2.56 -1.823285e-05
2.58 0.007380153
2.6 0.003546338
2.62 -0.00783454
2.64 -0.005726974
2.66 0.003467621
2.68 0.0001539689
2.7 -0.004469432
2.72 0.0002422011
2.74 0.002829249
2.76 -0.01253372
2.78 -0.007675311
2.8 0.005709404
2.82 0.004923273
2.84 0.006419895
2.86 0.001309971
2.88 -0.01011175
2.9 -0.01868059
2.92 -0.01283382
2.94 0.0003570349
2.96 0.005401199
2.98 0.0009991146
3 0.0004026114
3.02 -0.0006477919
3.04 0.0002010103
3.06 0.007932796
3.08 0.01338087
3.1 0.003810479
3.12 -0.009726794
3.14 -0.01287139
3.16 -0.002712097
3.18 0.001064167
3.2 -0.004837375
3.22 -0.003962076
3.24 -0.003119384
3.26 -0.008228427
3.28 -0.008440494
3.3 -0.001292187
3.32 -0.00328102
3.34 -0.005434142
3.36 -0.003656164
3.38 -0.005913286
3.4 -0.008324485
3.42 -0.006016148
3.44 -0.002207382
3.46 0.001731997
3.48 -0.001365601
3.5 -0.006657328
3.52 -0.001889827
3.54 0.006165243
3.56 0.007747395
3.58 0.003406388
3.6 0.003812444
3.62 -0.00395167
3.64 -0.01198419
3.66 -0.008079653
3.68 -7.671601e-05
3.7 0.006090334
3.72 0.005080608
3.74 0.004795116
3.76 -0.005469073
3.78 -0.007364325
3.8 0.005665154
3.82 0.007233079
3.84 -0.002107008
3.86 -0.004855929
3.88 -0.002904671
3.9 -0.0001078231
3.92 0.005355292
3.94 0.009894348
3.96 0.007874796
3.98 0.004528201
4 0.004044736
4.02 -0.003406394
4.04 0.00640182
4.06 0.01807581
4.08 0.01836249
4.1 0.01439984
4.12 0.005928762
4.14 0.0009562012
4.16 0.006748704
4.18 0.01449357
4.2 0.01312475
4.22 0.01347054
4.24 0.009930125
4.26 0.009305828
4.28 0.008940675
4.3 0.008702994
4.32 0.01038195
4.34 0.00241064
4.36 -0.002796512
4.38 0.0003858133
4.4 -0.004833469
4.42 -0.01473676
4.44 -0.02144027
4.46 -0.02414151
4.48 -0.01535538
4.5 -0.006760801
4.52 -0.002676772
4.54 -0.004804474
4.56 -0.01499131
4.58 -0.0186859
4.6 -0.004766195
4.62 0.009808613
4.64 0.01575312
4.66 0.02485659
4.68 0.03084709
4.7 0.02565028
4.72 0.0147812
4.74 0.001280368
4.76 -0.003802446
4.78 -0.002846868
4.8 0.002397865
4.82 0.005963767
4.84 0.0003170098
4.86 -0.00352745
4.88 -0.01324815
4.9 -0.01811173
4.92 -0.008602563
4.94 0.0120463
4.96 0.015749
4.98 0.00668933
5 -0.00118207
5.02 -0.01045099
5.04 -0.009734223
5.06 0.006601975
5.08 0.0126965
5.1 0.01133688
5.12 0.006295002
5.14 -0.01080141
5.16 -0.02104233
5.18 -0.009827644
5.2 -0.001077121
5.22 -0.008991431
5.24 -0.002873602
5.26 0.0005626845
5.28 -0.002937024
5.3 -0.003418613
5.32 0.005488943
5.34 0.005444004
5.36 -0.005640384
5.38 -0.01320181
5.4 -0.02007979
5.42 -0.02426513
5.44 -0.01277095
5.46 -0.002088519
5.48 -0.002348702
5.5 -0.01254371
5.52 -0.01878328
5.54 -0.003294751
5.56 0.01208161
5.58 0.01591178
5.6 -0.009371056
5.62 -0.004188744
5.64 0.01617343
5.66 0.01230457
5.68 0.002549197
5.7 -0.00304057
5.72 -0.007620508
5.74 -0.008450004
5.76 0.001021536
5.78 0.01927536
5.8 0.02295865
5.82 -0.01319024
5.84 -0.02502558
5.86 -0.01509912
5.88 -0.0158571
5.9 -0.02267301
5.92 0.005097209
5.94 0.02287694
5.96 0.007542256
5.98 -0.01254778
6 -0.02627423
6.02 -0.0252066
6.04 0.01130792
6.06 0.05146361
6.08 0.03556208
6.1 0.004584451
6.12 -0.01906432
6.14 -0.03421574
6.16 -0.04132337
6.18 -0.03673574
6.2 -0.01233051
6.22 0.0053879
6.24 0.001962686
6.26 -0.0003202627
6.28 0.008850412
6.3 0.004127722
6.32 0.009942424
6.34 0.03593606
6.36 0.03791707
6.38 0.01860036
6.4 -0.005914464
6.42 -0.0185077
6.44 -0.01554278
6.46 -0.005690801
6.48 -0.00454957
6.5 0.005460528
6.52 0.01018822
6.54 -0.009297983
6.56 -0.02501543
6.58 -0.01236262
6.6 0.01378389
6.62 0.02327495
6.64 0.03416142
6.66 0.0173957
6.68 -0.004366113
6.7 -0.01427774
6.72 -0.02298976
6.74 -0.03234033
6.76 -0.01116759
6.78 0.01842976
6.8 0.01574714
6.82 0.01129479
6.84 -0.004476579
6.86 -0.009021938
6.88 -0.01956289
6.9 -0.004347938
6.92 0.03969954
6.94 0.05037308
6.96 0.04242524
6.98 0.03417435
7 0.03673038
7.02 0.03558609
7.04 0.008471432
7.06 -0.005088844
7.08 -0.008750755
7.1 -0.01476903
7.12 -0.01475388
7.14 -0.01643402
7.16 -0.01393216
7.18 -0.006789297
7.2 -0.002429892
7.22 -0.0141304
7.24 -0.02070765
7.26 -0.0146369
7.28 0.001479809
7.3 0.02579046
7.32 0.03386888
7.34 0.03233698
7.36 0.009554241
7.38 -0.001563173
7.4 0.01665784
7.42 0.03365808
7.44 0.04959251
7.46 0.05821766
7.48 0.04905014
7.5 0.02571865
7.52 0.005468496
7.54 -0.004034196
7.56 0.001621519
7.58 0.01117365
7.6 0.01577606
7.62 -0.008519287
7.64 -0.04233353
7.66 -0.04148261
7.68 -0.03021792
7.7 -0.01919473
7.72 -0.006291869
7.74 -0.0004931982
7.76 -0.008093235
7.78 -0.02235399
7.8 -0.0280029
7.82 -0.02710042
7.84 -0.02966178
7.86 -0.0296537
7.88 -0.03097272
7.9 -0.03416548
7.92 -0.03904436
7.94 -0.03504724
7.96 -0.004584253
7.98 0.01770594
8 0.02299157
8.02 0.02641158
8.04 0.01900234
8.06 -0.0003206305
8.08 -0.008110569
8.1 -0.004793707
8.12 0.002516436
8.14 0.01732476
8.16 0.02294804
8.18 0.02185044
8.2 0.0182244
8.22 0.006924774
8.24 -0.007797941
8.26 -0.01409465
8.28 -0.01407531
8.3 -0.02188158
8.32 -0.03815168
8.34 -0.05424635
8.36 -0.0631624
8.38 -0.05738035
8.4 -0.04258143
8.42 -0.02915932
8.44 -0.01692561
8.46 -0.01104638
8.48 -0.00441655
8.5 0.005187752
8.52 0.00905858
8.54 0.002675365
8.56 0.01081566
8.58 0.03894722
8.6 0.06331418
8.62 0.04965688
8.64 0.006589454
8.66 -0.01215342
8.68 -0.02017175
8.7 -0.03509569
8.72 -0.02878033
8.74 0.01189305
8.76 0.02952282
8.78 0.02887426
8.8 0.02502582
8.82 0.02505326
8.84 0.02011147
8.86 0.001484104
8.88 0.002078534
8.9 0.007608929
8.92 0.002337535
8.94 -0.0005063692
8.96 0.003212411
8.98 0.01287986
9 0.02505658
9.02 0.03164584
9.04 0.0253536
9.06 -0.001150145
9.08 -0.01726118
9.1 -0.02126903
9.12 -0.01020934
9.14 -0.004109726
9.16 -0.008165313
9.18 -0.008783524
9.2 -0.01285749
9.22 -0.01508634
9.24 -0.01127885
9.26 -0.007678371
9.28 0.005855778
9.3 0.03283274
9.32 0.05128563
9.34 0.05290157
9.36 0.03922047
9.38 0.02426831
9.4 -0.003786735
9.42 -0.02019584
9.44 -0.02242173
9.46 -0.01227502
9.48 0.01286676
9.5 0.03326178
9.52 0.04285504
9.54 0.04470654
9.56 0.0234358
9.58 -0.003722901
9.6 -0.01794487
9.62 -0.0347567
9.64 -0.03132876
9.66 -0.01222837
9.68 -0.005764582
9.7 -0.01170305
9.72 -0.01367072
9.74 -0.01120553
9.76 0.0008538339
9.78 0.01219632
9.8 0.008425495
9.82 0.001648605
9.84 -0.003622722
9.86 -0.01262529
9.88 -0.01817417
9.9 -0.01862417
9.92 -0.01887208
9.94 -0.018561
9.96 -0.01883944
9.98 -0.0256174
10 -0.02981584
10.02 -0.02757394
10.04 -0.02924783
10.06 -0.02997428
10.08 -0.01897883
10.1 -0.007872975
10.12 -0.003201248
10.14 -0.02060542
10.16 -0.03074958
10.18 -0.02784476
10.2 -0.01878746
10.22 -0.0002356182
10.24 0.01332738
10.26 0.03127534
10.28 0.03097858
10.3 0.02018805
10.32 0.01588468
10.34 0.01293076
10.36 0.007009682
10.38 0.003948664
10.4 -0.01367279
10.42 -0.0319013
10.44 -0.02747054
10.46 -0.01889853
10.48 -0.009848112
10.5 -0.006547338
10.52 -0.01250008
10.54 -0.01338449
10.56 -0.01379461
10.58 -0.009855374
10.6 0.008188289
10.62 0.02646271
10.64 0.0376848
10.66 0.03245538
10.68 0.0207754
10.7 0.01572643
10.72 0.01021744
10.74 -0.0005436047
10.76 -0.004394188
10.78 0.001521774
10.8 0.004653165
10.82 0.006791125
10.84 -0.000148946
10.86 -0.002248168
10.88 0.003375009
10.9 0.01740715
10.92 0.03276731
10.94 0.03721769
10.96 0.03890889
10.98 0.03737485
11 0.03157216
11.02 0.02480248
11.04 0.02232905
11.06 0.01300825
11.08 0.002187086
11.1 0.003091762
11.12 0.002587924
11.14 -0.001464563
11.16 0.000173518
11.18 0.007849045
11.2 0.005923396
11.22 -0.0004587812
11.24 -0.00051275
11.26 -0.01285575
11.28 -0.02703685
11.3 -0.02721751
11.32 -0.02025915
11.34 -0.01092822
11.36 -0.005153988
11.38 -0.002216363
11.4 0.008366135
11.42 0.01373863
11.44 0.003934542
11.46 -0.0105597
11.48 -0.009508202
11.5 -0.0003241128
11.52 0.003445885
11.54 -0.003492113
11.56 -0.01041179
11.58 -0.00761906
11.6 0.0004409962
11.62 0.0004318952
11.64 -0.01005063
11.66 -0.009254097
11.68 0.007847182
11.7 0.02295758
11.72 0.02007521
11.74 0.008040303
11.76 0.002959671
11.78 0.006395028
11.8 0.008526892
11.82 0.008617757
11.84 0.00354337
11.86 -0.006697432
11.88 -0.01317846
11.9 -0.01758285
11.92 -0.02376403
11.94 -0.02681488
11.96 -0.02564703
11.98 -0.01562455
12 -0.01392819
12.02 -0.02085495
12.04 -0.02484113
12.06 -0.02372227
12.08 -0.01393338
12.1 -0.008315116
12.12 -0.009173927
12.14 -0.007832628
12.16 0.0001550059
12.18 0.001410768
12.2 -0.005010089
12.22 -0.00878917
12.24 -0.007145986
12.26 -0.003526982
12.28 0.003709899
12.3 0.01054607
12.32 0.01005759
12.34 0.001954753
12.36 0.0008928861
12.38 0.007602485
12.4 0.01196814
12.42 0.01270058
12.44 0.01440301
12.46 0.01513451
12.48 0.01195831
12.5 0.004655146
12.52 -0.004337155
12.54 -0.003310042
12.56 -0.00539286
12.58 -0.004722749
12.6 0.001984768
12.62 0.005376321
12.64 0.01569366
12.66 0.01875994
12.68 0.01217087
12.7 0.004072124
12.72 -0.001243141
12.74 0.003378443
12.76 0.01328368
12.78 0.01877053
12.8 0.01131754
12.82 -0.0007929926
12.84 -0.005119782
12.86 -0.005742006
12.88 -0.007176092
12.9 -0.001580375
12.92 0.002887308
12.94 -0.001671027
12.96 -0.005257326
12.98 -0.004743245
13 0.002884297
13.02 0.01082607
13.04 0.02234906
13.06 0.03219321
13.08 0.02935681
13.1 0.01408144
13.12 0.0004185594
13.14 -0.001084971
13.16 -0.003049451
13.18 -0.0003138341
13.2 0.006146901
13.22 0.01015659
13.24 0.009695684
13.26 0.002902552
13.28 -0.003006249
13.3 -0.00699242
13.32 -0.004431194
13.34 0.0006096764
13.36 0.002799733
13.38 -0.002456242
13.4 -0.01048256
13.42 -0.01226562
13.44 -0.008288611
13.46 -0.00948292
13.48 -0.01341298
13.5 -0.004733806
13.52 0.004721669
13.54 0.006054924
13.56 0.003008282
13.58 -0.00214777
13.6 -0.004567189
13.62 -0.004066338
13.64 -0.003045305
13.66 0.001684454
13.68 0.009550756
13.7 0.01454786
13.72 0.01337401
13.74 0.005121284
13.76 -0.003542533
13.78 -0.01233291
13.8 -0.01045004
13.82 0.001065786
13.84 0.006701437
13.86 0.002598117
13.88 -0.008796206
13.9 -0.01323737
13.92 -0.01101375
13.94 -0.008296409
13.96 -0.008401417
13.98 -0.006244059
14 -0.01153772
14.02 -0.02174691
14.04 -0.02334942
14.06 -0.01514668
14.08 -0.008178985
14.1 -0.006641688
14.12 -0.008694882
14.14 -0.01069404
14.16 -0.01142536
14.18 -0.01219134
14.2 -0.005073818
14.22 0.004393938
14.24 0.005747594
14.26 0.001358619
14.28 -0.002048142
14.3 -0.001010779
14.32 0.002276733
14.34 0.002384935
14.36 0.0009845492
14.38 -0.002448714
14.4 -0.005778997
14.42 -0.007375281
14.44 -0.000514803
14.46 0.00899782
14.48 0.01076863
14.5 0.01034951
14.52 0.007043782
14.54 0.003326991
14.56 -0.006098796
14.58 -0.006486463
14.6 0.004719252
14.62 0.01025288
14.64 0.01139131
14.66 0.004363611
14.68 -0.001018953
14.7 0.003829128
14.72 0.005479577
14.74 0.004402473
14.76 0.00945152
14.78 0.01383149
14.8 0.01264844
14.82 0.004897527
14.84 -0.0005767577
14.86 -0.003987643
14.88 -0.006131688
14.9 -0.001960931
14.92 0.007171186
14.94 0.006331864
14.96 0.001642971
14.98 0.003716654
15 0.00421146
15.02 0.0005854221
15.04 -0.002921296
15.06 -0.005410052
15.08 -0.01020098
15.1 -0.007511258
15.12 -0.006810453
15.14 -0.008932051
15.16 -0.004445084
15.18 -0.0002721734
15.2 -0.003145442
15.22 -0.002655842
15.24 0.001537416
15.26 0.004797426
15.28 0.002316965
15.3 -0.009235522
15.32 -0.01332172
15.34 -0.00903475
15.36 -0.00466912
15.38 0.000653352
15.4 0.00119095
15.42 -0.0008010355
15.44 -0.006602758
15.46 -0.01003198
15.48 -0.006612968
15.5 0.001010559
15.52 0.00502941
15.54 0.005769988
15.56 0.006722704
15.58 0.008119145
15.6 0.009269757
15.62 0.009529914
15.64 0.009045491
15.66 0.005429668
15.68 0.0008274902
15.7 -0.007724186
15.72 -0.009643851
15.74 -0.004160333
15.76 -0.002248809
15.78 -0.003590098
15.8 0.00428937
15.82 0.01291053
15.84 0.01202019
15.86 0.007522017
15.88 0.005767684
15.9 0.0005034997
15.92 -0.004997359
15.94 -0.003250133
15.96 0.000851334
15.98 -0.001619052
16 -0.007405511
16.02 -0.005867352
16.04 -0.0003400138
16.06 0.00776086
16.08 0.01600556
16.1 0.02217053
16.12 0.02369352
16.14 0.01651186
16.16 0.001250688
16.18 -0.005492633
16.2 -0.002895733
16.22 0.001229144
16.24 0.004692104
16.26 0.004902277
16.28 0.003072484
16.3 -0.002092791
16.32 -0.007597749
16.34 -0.004490857
16.36 -0.0006699001
16.38 7.982265e-05
16.4 0.004650506
16.42 0.001816014
16.44 -0.004882252
16.46 -0.01224874
16.48 -0.01701322
16.5 -0.01365846
16.52 -0.009396934
16.54 -0.005146593
16.56 0.0008193806
16.58 0.005308485
16.6 0.004451738
16.62 0.004221272
16.64 0.004416123
16.66 0.005298423
16.68 0.008133049
16.7 0.008125969
16.72 0.002663942
16.74 -0.003500942
16.76 -0.008501995
16.78 -0.00957713
16.8 -0.01113976
16.82 -0.0139407
16.84 -0.004922961
16.86 0.003419667
16.88 0.007941353
16.9 0.01164912
16.92 0.01050783
16.94 0.004974392
16.96 0.001645117
16.98 0.003366882
17 0.00119947
17.02 -0.005525384
17.04 -0.01404748
17.06 -0.01735644
17.08 -0.01649255
17.1 -0.01322353
17.12 -0.00580104
17.14 0.003165859
17.16 0.004514385
17.18 0.0004680691
17.2 0.0004119733
17.22 -0.00240728
17.24 -0.006074201
17.26 -0.005849867
17.28 -0.001461856
17.3 0.001555364
17.32 0.0001028863
17.34 0.002652886
17.36 0.006638052
17.38 0.007169531
17.4 0.003418035
17.42 -0.002759102
17.44 -0.005141867
17.46 -0.005250025
17.48 -0.0005427768
17.5 0.004596032
17.52 0.002134814
17.54 0.001083156
17.56 0.004871427
17.58 0.004765377
17.6 0.006708453
17.62 0.01052224
17.64 0.01369246
17.66 0.01285818
17.68 0.008118314
17.7 0.002415492
17.72 -0.004709196
17.74 -0.009457404
17.76 -0.008458901
17.78 -0.003678147
17.8 -0.005728307
17.82 -0.008997456
17.84 -0.01073968
17.86 -0.007453301
17.88 -0.00538472
17.9 -0.006482284
17.92 -0.006435408
17.94 -0.0003674084
17.96 0.006247286
17.98 0.007123513
18 0.005812828
18.02 0.003200609
18.04 0.001991906
18.06 -4.300189e-05
18.08 -0.0003694304
18.1 0.00246412
18.12 0.003694259
18.14 0.0009800522
18.16 -0.00255527
18.18 -0.004857451
18.2 -0.003137767
18.22 -0.002606377
18.24 -0.001359959
18.26 -0.002682893
18.28 -0.005765362
18.3 -0.006030619
18.32 -0.001902724
18.34 0.0002239888
18.36 0.002124226
18.38 0.001604053
18.4 -0.0009184641
18.42 0.00304116
18.44 0.001344881
18.46 0.004529276
18.48 0.008622558
18.5 0.008055484
18.52 0.002474097
18.54 -0.004118246
18.56 -0.005909437
18.58 -0.004833371
18.6 -0.0005473773
18.62 0.003349042
18.64 0.002069984
18.66 -0.002378256
18.68 -0.005079282
18.7 -0.002978171
18.72 0.00418423
18.74 0.006225259
18.76 0.008496798
18.78 0.005244044
18.8 0.003896567
18.82 0.006898404
18.84 0.007936764
18.86 0.005232749
18.88 0.003080503
18.9 0.003544568
18.92 0.001811573
18.94 0.001064884
18.96 0.002040989
18.98 0.004985705
19 0.005810891
19.02 0.003352686
19.04 0.001680847
19.06 0.004573517
19.08 0.005430312
19.1 0.004836651
19.12 0.004006372
19.14 0.003373942
19.16 0.001731747
19.18 -0.0005347433
19.2 -0.00282264
19.22 -0.003520378
19.24 -0.002196463
19.26 -0.0005226815
19.28 -0.002344418
19.3 -0.004603795
19.32 -0.001639716
19.34 -0.00138679
19.36 0.003311293
19.38 0.004671996
19.4 0.001086689
19.42 0.001131532
19.44 -0.0007085354
19.46 -0.004437687
19.48 -0.01023947
19.5 -0.01318843
19.52 -0.01522339
19.54 -0.01574569
19.56 -0.01339264
19.58 -0.01060609
19.6 -0.004635095
19.62 -0.001086506
19.64 -0.0008264393
19.66 2.627135e-05
19.68 0.0006657869
19.7 0.000469959
19.72 -0.002488075
19.74 -0.002539163
19.76 -0.0001004227
19.78 0.002714754
19.8 0.001801863
19.82 -0.001302038
19.84 -0.002582195
19.86 -0.002685258
19.88 -0.001564315
19.9 -0.001352196
19.92 -0.001285947
19.94 -0.001961231
19.96 -0.0003170558
19.98 0.001794322
20 0.002304301
20.02 0.001356684
20.04 0.0003223573
20.06 -0.00139947
20.08 -0.0005753997
20.1 0.003856445
20.12 0.007650864
20.14 0.004187999
20.16 0.0008158245
20.18 -0.001616934
20.2 -0.003285745
20.22 -0.0003400769
20.24 0.005640137
20.26 0.00881649
20.28 0.0001710153
20.3 -0.005747164
20.32 -0.004578384
20.34 0.001009103
20.36 0.005127831
20.38 0.008265349
20.4 0.008971282
20.42 0.0001942075
20.44 -0.008850218
20.46 -0.009498162
20.48 -0.00443395
20.5 0.0002999043
20.52 0.0003865499
20.54 -0.001963556
20.56 -0.004610515
20.58 -0.003511005
20.6 -0.0008957792
20.62 -0.001451715
20.64 -0.0002420507
20.66 -0.001222293
20.68 -0.006276437
20.7 -0.009957694
20.72 -0.008055486
20.74 -0.006052245
20.76 -0.001483755
20.78 0.001825113
20.8 0.003892585
20.82 0.008415233
20.84 0.009658571
20.86 0.008485557
20.88 0.007575674
20.9 0.005068481
20.92 0.0005385989
20.94 0.001309651
20.96 0.004366525
20.98 0.008348562
21 0.01016108
21.02 0.008758557
21.04 0.006839912
21.06 0.003383078
21.08 0.002131482
21.1 0.001836657
21.12 -0.001013262
21.14 -0.003316489
21.16 -0.003233919
21.18 -0.004782344
21.2 -0.0038532
21.22 -0.0008381338
21.24 0.002635918
21.26 0.006911746
21.28 0.007048412
21.3 0.003708877
21.32 0.003962815
21.34 0.003158007
21.36 -0.00164928
21.38 -0.00479401
21.4 -0.007620494
21.42 -0.006686287
21.44 -0.004456631
21.46 -0.002021925
21.48 -0.0004521904
21.5 -0.001347795
21.52 -0.0002064796
21.54 0.0007400424
21.56 0.002721833
21.58 0.006378515
21.6 0.008074768
21.62 0.004068176
21.64 0.001549746
21.66 0.0005052127
21.68 -0.001063614
21.7 0.001897388
21.72 0.002048323
21.74 0.001639266
21.76 -0.0001039408
21.78 -0.00269174
21.8 -0.006190379
21.82 -0.006202704
21.84 -0.003243736
21.86 -0.00156281
21.88 -0.004107738
21.9 -0.005897912
21.92 -0.00632432
21.94 -0.007096509
21.96 -0.005047392
21.98 -0.003537848
22 0.0008582998
22.02 0.0004625456
22.04 -0.005582027
22.06 -0.00400214
22.08 -0.001215542
22.1 -0.002198854
22.12 -0.0004689937
22.14 0.001461832
22.16 0.003013214
22.18 0.002059497
22.2 -0.001218829
22.22 -0.001518775
22.24 -0.0005916572
22.26 0.003030314
22.28 0.008345512
22.3 0.007069509
22.32 0.004023764
22.34 0.0003445817
22.36 -0.00236154
22.38 -0.002436077
22.4 -0.001352898
22.42 0.001165447
22.44 0.004884331
22.46 0.003715413
22.48 -0.0007134781
22.5 0.0006042986
22.52 0.004000855
22.54 0.005405395
22.56 0.002790099
22.58 0.0004960584
22.6 0.0002134707
22.62 -0.0004179612
22.64 0.001783132
22.66 0.004567711
22.68 0.005455089
22.7 0.005046056
22.72 0.005636597
22.74 0.00666268
22.76 0.006356665
22.78 0.005183644
22.8 0.00363831
22.82 0.005928173
22.84 0.004294142
22.86 0.001967486
22.88 -0.0001306764
22.9 -0.001450616
22.92 -0.001035507
22.94 -0.001959677
22.96 -0.001825079
22.98 -0.0009285339
23 -0.001917949
23.02 -0.002415772
23.04 0.001138891
23.06 0.001734561
23.08 0.0024108
23.1 0.0004646259
23.12 -0.003226776
23.14 -0.005490201
23.16 -0.003682825
23.18 0.001389611
23.2 0.004003869
23.22 0.003277616
23.24 0.001955692
23.26 -0.000611665
23.28 -0.003882831
23.3 -0.003687038
23.32 -0.003288252
23.34 -0.0009820702
23.36 -0.0007811297
23.38 -0.00175219
23.4 -0.002356029
23.42 -0.004756113
23.44 -0.008632133
23.46 -0.009008566
23.48 -0.007585693
23.5 -0.006768714
23.52 -0.007538832
23.54 -0.007839752
23.56 -0.006653525
23.58 -0.006532187
23.6 -0.002448143
23.62 -0.001642325
23.64 -0.001670907
23.66 -0.001189475
23.68 -0.002440002
23.7 -0.004485109
23.72 -0.004290322
23.74 -0.001845392
23.76 -0.0008876219
23.78 -0.0007958242
23.8 -0.0007846135
23.82 -0.001938251
23.84 -0.0002991551
23.86 0.004860006
23.88 0.007253977
23.9 0.003533052
23.92 0.0001782739
23.94 -0.003718141
23.96 -0.004572959
23.98 -0.002098478
24 0.001624501
24.02 0.004318369
24.04 -0.0007234571
24.06 -0.003787555
24.08 -0.007172953
24.1 -0.007544281
24.12 -0.00341639
24.14 2.510623e-05
24.16 0.001109371
24.18 0.001740765
24.2 0.00201718
24.22 0.00259451
24.24 0.002172241
24.26 0.001903983
24.28 0.002817911
24.3 0.002406885
24.32 0.0008972922
24.34 -0.0009642186
24.36 -0.0009050673
24.38 -0.0003257091
24.4 0.0008952229
24.42 0.001505192
24.44 0.002744492
24.46 0.003543189
24.48 0.001950983
24.5 0.001977505
24.52 0.001698037
24.54 0.001256384
24.56 0.001418554
24.58 0.004157263
24.6 0.004425566
24.62 0.002620197
24.64 0.002164266
24.66 0.003589215
24.68 0.003268975
24.7 0.001755301
24.72 0.0003059078
24.74 -0.002059476
24.76 -0.002065597
24.78 -0.002182888
24.8 -0.001903402
24.82 -0.0009761999
24.84 0.0002559752
24.86 0.0006231861
24.88 0.002662167
24.9 0.004427821
24.92 0.004943988
24.94 0.00343648
24.96 0.002681716
24.98 0.0004397701
25 0.000787604
25.02 0.001273145
25.04 0.002547146
25.06 0.002799131
25.08 0.002655335
25.1 0.003702926
25.12 0.002256604
25.14 0.002771728
25.16 0.001459028
25.18 0.001743633
25.2 -0.0005349892
25.22 -0.001665141
25.24 -0.002424994
25.26 -0.004549662
25.28 -0.0050515
25.3 -0.002263815
25.32 -0.0001850038
25.34 -6.153619e-05
25.36 0.0002149431
25.38 -0.001285431
25.4 -0.00183822
25.42 -0.003470187
25.44 -0.005576443
25.46 -0.009303507
25.48 -0.008217247
25.5 -0.004782891
25.52 -0.001680026
25.54 0.0007905041
25.56 -0.0003579552
25.58 -7.026766e-05
25.6 2.200235e-06
25.62 -0.0007851986
25.64 0.0005826599
25.66 0.002405461
25.68 0.002319835
25.7 0.001175446
25.72 0.000871532
25.74 0.002405665
25.76 0.002427148
25.78 0.00126746
25.8 -0.0005715454
25.82 -0.0008652762
25.84 0.0008024695
25.86 0.003400472
25.88 0.001531927
25.9 -0.002349134
25.92 -0.002213424
25.94 -0.004667486
25.96 -0.00505709
25.98 -0.003411786
26 -0.001034112
26.02 -0.0002221068
26.04 -0.002470122
26.06 -0.003872587
26.08 -0.004449874
26.1 -0.002630128
26.12 -0.001505032
26.14 0.002633165
26.16 0.004546786
26.18 0.001881614
26.2 -0.0008855785
26.22 -0.002595066
26.24 -0.0002459647
26.26 0.001891021
26.28 0.00230316
26.3 0.002520492
26.32 0.00283065
26.34 0.002150376
26.36 0.003486638
26.38 0.003712151
26.4 0.003451108
26.42 0.003485858
26.44 0.001967167
26.46 -0.001501782
26.48 -0.003725331
26.5 -0.002761372
26.52 -0.001527109
26.54 -0.0003377248
26.56 -0.001167932
26.58 -0.002161341
26.6 -0.002482582
26.62 -0.0007209689
26.64 -0.0007321124
26.66 0.001914857
26.68 0.003736682
26.7 0.002176178
26.72 0.0008625141
26.74 -0.003060341
26.76 -0.001970947
26.78 0.000275156
26.8 0.004070656
26.82 0.004346174
26.84 0.003691414
26.86 0.003123387
26.88 -0.0002812901
26.9 -0.0006453652
26.92 -0.001093067
26.94 0.0006359078
26.96 0.0002167784
26.98 9.64966e-05
27 -0.001238585
27.02 -0.004083298
27.04 -0.004634036
27.06 -0.003007046
27.08 3.262697e-05
27.1 0.001036423
27.12 -0.002421296
27.14 -0.00357792
27.16 -0.003129068
27.18 -0.0003341924
27.2 0.002534145
27.22 0.002958564
27.24 0.004706943
27.26 0.004340868
27.28 0.004124709
27.3 0.004766381
27.32 0.004644083
27.34 0.003962836
27.36 0.003351958
27.38 0.002886936
27.4 0.002246475
27.42 0.0004452366
27.44 -0.001581431
27.46 -0.001321264
27.48 -0.001985206
27.5 -0.001015127
27.52 0.001684908
27.54 0.00116992
27.56 0.0005427059
27.58 0.001154797
27.6 0.001842358
27.62 0.003590734
27.64 0.005151433
27.66 0.006268458
27.68 0.005582122
27.7 0.003462651
27.72 0.001178982
27.74 -0.000269352
27.76 0.0003713049
27.78 -0.0002375438
27.8 -0.000853543
27.82 -4.461325e-05
27.84 0.001060148
27.86 9.653786e-06
27.88 -0.001142843
27.9 -0.002114819
27.92 -0.002870558
27.94 -0.002603242
27.96 -0.002123761
27.98 -0.001232197
28 -0.0009107801
28.02 -0.004028812
28.04 -0.005578142
28.06 -0.003667617
28.08 -0.003821566
28.1 -0.0009960908
28.12 0.0001148077
28.14 4.963485e-05
28.16 3.137698e-05
28.18 -0.0002673865
28.2 -0.001468855
28.22 -0.001718689
28.24 0.0004825501
28.26 0.001799468
28.28 0.002369754
28.3 0.0002156139
28.32 -0.0007757573
28.34 0.001565228
28.36 0.002253815
28.38 0.003760448
28.4 0.005019236
28.42 0.004245157
28.44 0.004072883
28.46 0.002466466
28.48 0.003573239
28.5 0.003409103
28.52 0.002905314
28.54 0.002392341
28.56 0.001733513
28.58 0.001596921
28.6 0.0002679538
28.62 0.0004148926
28.64 0.00231321
28.66 0.0005864452
28.68 -0.0007374252
28.7 -0.003406693
28.72 -0.006435019
28.74 -0.00606982
28.76 -0.003830871
28.78 -0.001193077
28.8 0.0006377423
28.82 -0.0008378878
28.84 -0.004718856
28.86 -0.005923031
28.88 -0.005907303
28.9 -0.003973838
28.92 -0.0007256355
28.94 0.001340786
28.96 0.000122952
28.98 -0.001599379
29 -0.002838866
29.02 -0.00394573
29.04 -0.006663522
29.06 -0.006883332
29.08 -0.00520223
29.1 -0.002737658
29.12 -0.0009877538
29.14 -0.0001902827
29.16 -0.0001657249
29.18 -0.000719124
29.2 -0.002458663
29.22 -0.00317315
29.24 -0.001625268
29.26 -0.001791555
29.28 -0.001058663
29.3 -0.0005587738
29.32 0.0006914442
29.34 -0.001462666
29.36 -0.001945316
29.38 0.0005687347
29.4 0.001333131
29.42 0.003654531
29.44 0.004835809
29.46 0.004484839
29.48 0.003655269
29.5 0.002975092
29.52 0.002358488
29.54 0.002028513
29.56 0.001537038
29.58 0.000717641
29.6 0.000653089
29.62 0.0004595491
29.64 -0.0002211161
29.66 0.0003698881
29.68 0.0001465416
29.7 0.0005300216
29.72 -0.0004892211
29.74 -0.0007283376
29.76 -0.001416186
29.78 -0.00281082
29.8 -0.002618024
29.82 -0.001796118
29.84 -0.0005633446
29.86 -0.000968829
29.88 -0.000895867
29.9 -0.000932785
29.92 -0.0002712126
29.94 2.713591e-05
29.96 0.0006028778
29.98 0.0008377401
30 0.0008303514
30.02 0.0009418346
30.04 -0.0001817519
30.06 -0.0009492812
30.08 -0.001180241
30.1 -0.0009577184
30.12 -0.0009054769
30.14 -0.0002585698
30.16 0.0001405327
30.18 0.0003730638
30.2 0.001055386
30.22 0.0009257675
30.24 0.00066929
30.26 0.0007862253
30.28 0.001054834
30.3 0.0009929633
30.32 0.0008437673
30.34 0.0008642181
30.36 0.0007596332
30.38 0.001122024
30.4 0.0007720923
30.42 0.0007284681
30.44 0.0005798841
30.46 0.0004564573
30.48 0.0005523959
30.5 0.0004869035
30.52 0.0005050395
30.54 0.0001689046
30.56 0.0003604775
30.58 0.000364521
30.6 0.0002940156
30.62 -8.118655e-05
30.64 -0.0001841238
30.66 -0.000127667
30.68 -4.675463e-05
30.7 0.0001169585
30.72 5.174494e-05
30.74 0.0001339483
30.76 0.000234765
30.78 0.0002830684
30.8 0.0002766913
30.82 0.0004356257
30.84 0.0003716369
30.86 0.0001883315
30.88 0.0001631889
30.9 0.0003563892
30.92 0.0003476695
30.94 0.0003210798
30.96 0.0002137635
30.98 0.0001467776
31 0.0001491403
31.02 0.0001127037
31.04 0.0001737567
31.06 0.0001646531
31.08 0.0001566589
31.1 6.749057e-05
31.12 2.39543e-05
31.14 1.828458e-05
31.16 5.656759e-05
31.18 5.939044e-05
31.2 4.521582e-05
31.22 1.628479e-05
31.24 -5.429151e-05
31.26 -9.959722e-05
31.28 -0.0001261882
31.3 -0.0001210131
31.32 -8.663415e-05
31.34 -5.483507e-05
31.36 -4.840528e-05
31.38 -3.37884e-05
31.4 -3.363466e-05
31.42 -3.1001e-05
31.44 -3.789699e-05
31.46 -4.58895e-05
31.48 -4.627298e-05
31.5 -5.270619e-05
31.52 -5.343057e-05
31.54 -5.215832e-05
31.56 -5.2549e-05
31.58 -4.918288e-05
31.6 -4.45792e-05
31.62 -4.33959e-05
31.64 -4.164609e-05
31.66 -4.050227e-05
31.68 -3.931065e-05
31.7 -3.799031e-05
31.72 -3.68627e-05
31.74 -3.619798e-05
31.76 -3.570747e-05
31.78 -3.559286e-05
31.8 -3.553808e-05
31.82 -3.546144e-05
31.84 -3.551581e-05
31.86 -3.557259e-05
31.88 -3.571775e-05
31.9 -3.59514e-05
31.92 -3.627464e-05
31.94 -3.669277e-05
31.96 -3.718611e-05
31.98 -3.773065e-05
