0 0.0009010539
0.01 0.0009008142
0.02 0.0009005309
0.03 0.0009002365
0.04 0.0008999484
0.05 0.0008996515
0.06 0.0008986059
0.07 0.0008933363
0.08 0.0008891691
0.09 0.0008883695
0.1 0.0008886055
0.11 0.0008859393
0.12 0.0008867899
0.13 0.0008764714
0.14 0.0008648208
0.15 0.0008566705
0.16 0.0008484248
0.17 0.0008429359
0.18 0.0008390488
0.19 0.0008358255
0.2 0.0008320311
0.21 0.0008345296
0.22 0.0008288596
0.23 0.0008336352
0.24 0.0008333694
0.25 0.0008319788
0.26 0.0008121683
0.27 0.0007896897
0.28 0.0007902832
0.29 0.0007918883
0.3 0.0007811668
0.31 0.0007443919
0.32 0.0007317574
0.33 0.0007105273
0.34 0.0006994331
0.35 0.0007191806
0.36 0.0007275181
0.37 0.0007425959
0.38 0.000825092
0.39 0.0008875755
0.4 0.0008712127
0.41 0.0008455144
0.42 0.000765908
0.43 0.0006365079
0.44 0.0005682571
0.45 0.0006400558
0.46 0.0007687546
0.47 0.0008531778
0.48 0.0007584928
0.49 0.0007440626
0.5 0.0008224364
0.51 0.0008893691
0.52 0.000949185
0.53 0.000881989
0.54 0.0009413445
0.55 0.00107655
0.56 0.001118612
0.57 0.001193192
0.58 0.001116334
0.59 0.0008913601
0.6 0.000640721
0.61 0.0004197513
0.62 0.0002664839
0.63 0.0002336537
0.64 0.0002791208
0.65 0.0005858104
0.66 0.0007726826
0.67 0.0008926185
0.68 0.0009029329
0.69 0.000739537
0.7 0.0005902147
0.71 0.0005113378
0.72 0.0002201799
0.73 9.102413e-05
0.74 0.000148617
0.75 0.0004370481
0.76 0.000645009
0.77 0.0009184356
0.78 0.001338223
0.79 0.001563114
0.8 0.001440775
0.81 0.001134919
0.82 0.0009768301
0.83 0.0007571942
0.84 0.0006366102
0.85 0.0005719922
0.86 0.0002706514
0.87 -0.0001236802
0.88 -4.059664e-05
0.89 6.540627e-05
0.9 0.0002730579
0.91 0.0002745915
0.92 -0.0001223013
0.93 -0.0004226036
0.94 -0.0006181171
0.95 -0.0007101498
0.96 -0.0006951956
0.97 -0.0005425659
0.98 -0.0003909269
0.99 -0.0003918432
1 -0.0004396674
1.01 -0.0004598439
1.02 -0.0004756384
1.03 -0.0004990706
1.04 -0.000522292
1.05 -0.0005149059
1.06 -0.0002020229
1.07 5.824717e-05
1.08 -0.000431106
1.09 -0.0007328517
1.1 -0.0006690418
1.11 -0.0004254486
1.12 0.0005243593
1.13 0.001323163
1.14 0.001493808
1.15 0.0008621837
1.16 -0.000416088
1.17 -0.0004203678
1.18 0.001403024
1.19 0.003149179
1.2 0.003832097
1.21 0.003681056
1.22 0.002759033
1.23 0.001079708
1.24 -0.0006433964
1.25 -0.001059397
1.26 -0.0008137206
1.27 -0.0007813145
1.28 -0.0008272422
1.29 -0.0008267907
1.3 -0.000835853
1.31 -0.0008600111
1.32 -0.000880103
1.33 -0.0007276377
1.34 0.0003838321
1.35 0.001548516
1.36 0.001181678
1.37 0.0003353577
1.38 0.00043749
1.39 0.0009965039
1.4 0.002244317
1.41 0.003008642
1.42 0.002147342
1.43 0.0002006526
1.44 -0.001292341
1.45 -0.001192629
1.46 -0.0009047088
1.47 -0.0009710658
1.48 -0.0007388566
1.49 0.0001844547
1.5 0.001251282
1.51 0.002668763
1.52 0.003074794
1.53 0.002915226
1.54 0.002595545
1.55 0.002148535
1.56 0.001731518
1.57 0.001538165
1.58 0.001254501
1.59 0.001126586
1.6 0.000924888
1.61 0.0004195179
1.62 0.0009647579
1.63 0.002347491
1.64 0.003418075
1.65 0.002376373
1.66 0.000242894
1.67 -0.0006947346
1.68 -0.0008026281
1.69 -0.001035893
1.7 -0.002389291
1.71 -0.004614803
1.72 -0.005488049
1.73 -0.005258535
1.74 -0.00490782
1.75 -0.003678278
1.76 -0.002510546
1.77 -0.00175886
1.78 -0.001060774
1.79 -0.0008907928
1.8 -0.001261149
1.81 -0.001644732
1.82 -0.0007213806
1.83 0.0008481782
1.84 0.002720435
1.85 0.004497917
1.86 0.00569498
1.87 0.005710138
1.88 0.004861187
1.89 0.004122757
1.9 0.003322484
1.91 0.003120816
1.92 0.002424551
1.93 0.0009143322
1.94 -0.001554152
1.95 -0.003260363
1.96 -0.003301333
1.97 -0.002867276
1.98 -0.002377337
1.99 -0.0019109
2 -0.001022924
2.01 -0.0008692377
2.02 -0.002016827
2.03 -0.002503636
2.04 -0.001769166
2.05 -0.001184759
2.06 -0.002636935
2.07 -0.004338406
2.08 -0.004442655
2.09 -0.003827411
2.1 -0.002297458
2.11 -0.001715607
2.12 -0.003291116
2.13 -0.00381931
2.14 -0.00312426
2.15 -0.001943896
2.16 -0.001885516
2.17 -0.001106256
2.18 0.0001068703
2.19 0.0004915405
2.2 0.0006633169
2.21 0.004337403
2.22 0.008133106
2.23 0.009468969
2.24 0.008932357
2.25 0.007745012
2.26 0.00673642
2.27 0.005333459
2.28 0.004081638
2.29 0.002458287
2.3 0.0006294366
2.31 -0.000499606
2.32 -0.001699516
2.33 -0.002930076
2.34 -0.002520208
2.35 -0.0004610192
2.36 0.000952709
2.37 0.0002549917
2.38 -0.001629953
2.39 -0.003724128
2.4 -0.005633593
2.41 -0.007571192
2.42 -0.007975626
2.43 -0.004634049
2.44 0.0008285313
2.45 0.003899286
2.46 0.003564609
2.47 0.001796106
2.48 0.0004829712
2.49 -0.0005843691
2.5 -0.001116931
2.51 -0.0001463363
2.52 0.0004845867
2.53 -0.0003266219
2.54 -0.003221888
2.55 -0.005234996
2.56 -0.005599735
2.57 -0.004404155
2.58 -0.001906952
2.59 0.0007678059
2.6 0.001902868
2.61 0.0009025357
2.62 0.000997541
2.63 0.00301237
2.64 0.004453534
2.65 0.004258769
2.66 0.002526104
2.67 0.001110077
2.68 0.0002796691
2.69 -0.0007269314
2.7 -0.002658112
2.71 -0.00371943
2.72 -0.003559139
2.73 -0.004367133
2.74 -0.005516775
2.75 -0.005774755
2.76 -0.006945918
2.77 -0.007987386
2.78 -0.006580592
2.79 -0.00352034
2.8 -0.0009611628
2.81 0.0007175287
2.82 0.002359781
2.83 0.002466929
2.84 0.001751181
2.85 0.0007115005
2.86 -0.002343538
2.87 -0.004487227
2.88 -0.00696728
2.89 -0.008497006
2.9 -0.008316948
2.91 -0.008065105
2.92 -0.006890291
2.93 -0.002699295
2.94 0.001961548
2.95 0.005402747
2.96 0.006610693
2.97 0.005446492
2.98 0.003404104
2.99 0.001698316
3 0.0004323065
3.01 -0.001070713
3.02 -0.001347339
3.03 -0.000832756
3.04 -0.000494565
3.05 -0.0002260577
3.06 0.000979788
3.07 0.001507557
3.08 -0.0002384554
3.09 -0.003399558
3.1 -0.004756838
3.11 -0.003881599
3.12 -0.00130093
3.13 0.001802509
3.14 0.003340767
3.15 0.002615477
3.16 -0.003404397
3.17 -0.009664394
3.18 -0.01229788
3.19 -0.01399407
3.2 -0.01321748
3.21 -0.01041918
3.22 -0.00864637
3.23 -0.007361161
3.24 -0.007620406
3.25 -0.009300313
3.26 -0.009685108
3.27 -0.008255361
3.28 -0.003555311
3.29 0.002385908
3.3 0.002623531
3.31 -0.001278623
3.32 -0.00456998
3.33 -0.004884338
3.34 -0.004268946
3.35 -0.002363526
3.36 0.0006216477
3.37 0.00289532
3.38 0.004866789
3.39 0.007024632
3.4 0.008904493
3.41 0.01007793
3.42 0.009182281
3.43 0.005035305
3.44 -0.0009079837
3.45 -0.005724895
3.46 -0.01004812
3.47 -0.01408952
3.48 -0.01669287
3.49 -0.01629729
3.5 -0.01214982
3.51 -0.01075582
3.52 -0.01625073
3.53 -0.021778
3.54 -0.02199705
3.55 -0.01693411
3.56 -0.008372026
3.57 0.002374991
3.58 0.01116225
3.59 0.01426401
3.6 0.01410754
3.61 0.01258168
3.62 0.01009301
3.63 0.00580989
3.64 0.001268836
3.65 -0.001940621
3.66 -0.004951942
3.67 -0.007514698
3.68 -0.009367807
3.69 -0.01013767
3.7 -0.009041916
3.71 -0.005018128
3.72 0.0004632025
3.73 0.005880243
3.74 0.009852588
3.75 0.01073098
3.76 0.006480639
3.77 -1.549521e-05
3.78 -0.003615202
3.79 -0.004243059
3.8 -0.003878682
3.81 -0.0004799969
3.82 0.002772013
3.83 0.002179172
3.84 0.0003796301
3.85 -6.933407e-05
3.86 0.0008712697
3.87 0.002479017
3.88 0.004982327
3.89 0.005639728
3.9 0.004561543
3.91 0.004671293
3.92 0.006246752
3.93 0.007765121
3.94 0.008847257
3.95 0.01020163
3.96 0.00979828
3.97 0.006278846
3.98 0.00173664
3.99 -0.0004138316
4 0.001103267
4.01 0.00345533
4.02 0.002788303
4.03 9.60722e-06
4.04 -0.000930351
4.05 -0.001090554
4.06 -0.0007846202
4.07 -0.0004832792
4.08 0.0009212534
4.09 0.004078508
4.1 0.004814784
4.11 0.0007588633
4.12 -0.005173284
4.13 -0.01048774
4.14 -0.01157271
4.15 -0.007543218
4.16 0.002915707
4.17 0.018641
4.18 0.03194059
4.19 0.03708218
4.2 0.03265552
4.21 0.02247092
4.22 0.01196548
4.23 0.005442907
4.24 0.003389013
4.25 -8.721673e-05
4.26 -0.008166529
4.27 -0.01766351
4.28 -0.02405064
4.29 -0.02830255
4.3 -0.0303673
4.31 -0.02677527
4.32 -0.02030982
4.33 -0.0143073
4.34 -0.007951506
4.35 -0.0004122933
4.36 0.00774856
4.37 0.01476895
4.38 0.02071187
4.39 0.02499597
4.4 0.0247268
4.41 0.01952704
4.42 0.009888524
4.43 -0.002485417
4.44 -0.01291817
4.45 -0.01794626
4.46 -0.01865825
4.47 -0.01445051
4.48 -0.00615605
4.49 0.0005541569
4.5 0.003238267
4.51 0.007204155
4.52 0.01511985
4.53 0.0230473
4.54 0.02721916
4.55 0.02939811
4.56 0.02997459
4.57 0.02671759
4.58 0.02007866
4.59 0.01158164
4.6 0.003394299
4.61 -0.004906839
4.62 -0.01506461
4.63 -0.02250187
4.64 -0.02402985
4.65 -0.01967596
4.66 -0.01275934
4.67 -0.006630462
4.68 -0.000163618
4.69 0.008584829
4.7 0.0165194
4.71 0.02053869
4.72 0.01729962
4.73 0.008447549
4.74 0.001477384
4.75 0.001322495
4.76 0.00690591
4.77 0.01341339
4.78 0.01689595
4.79 0.01611288
4.8 0.01306531
4.81 0.01082823
4.82 0.008606334
4.83 0.002708999
4.84 -0.004051506
4.85 -0.006543245
4.86 -0.005877291
4.87 -0.00501805
4.88 -0.005683572
4.89 -0.007557818
4.9 -0.01018459
4.91 -0.01240229
4.92 -0.01461661
4.93 -0.01242643
4.94 -0.002903591
4.95 0.00851864
4.96 0.01360375
4.97 0.01103689
4.98 0.004226822
4.99 -0.001082985
5 -0.001623555
5.01 0.0007247283
5.02 0.002062554
5.03 0.001001508
5.04 -0.0007994696
5.05 -0.001679425
5.06 -0.0008811758
5.07 0.002672773
5.08 0.007954577
5.09 0.01376467
5.1 0.01938532
5.11 0.02375665
5.12 0.02569493
5.13 0.02372237
5.14 0.01770647
5.15 0.008479807
5.16 0.001891655
5.17 -3.843957e-05
5.18 0.0003492008
5.19 0.000552275
5.2 -0.0002076892
5.21 -0.001713869
5.22 -0.006021886
5.23 -0.01278236
5.24 -0.01928902
5.25 -0.02085714
5.26 -0.01665687
5.27 -0.00984363
5.28 -0.003709367
5.29 -0.004943276
5.3 -0.01292436
5.31 -0.01907823
5.32 -0.02033173
5.33 -0.01809657
5.34 -0.01078776
5.35 0.001014381
5.36 0.009783914
5.37 0.009737674
5.38 0.005462835
5.39 0.003100881
5.4 0.005442066
5.41 0.009804166
5.42 0.01302584
5.43 0.01326671
5.44 0.01103299
5.45 0.008602025
5.46 0.006867443
5.47 0.007475259
5.48 0.01017312
5.49 0.01211546
5.5 0.008103133
5.51 -0.003455645
5.52 -0.01335839
5.53 -0.0164196
5.54 -0.01696858
5.55 -0.01763107
5.56 -0.01729643
5.57 -0.01561323
5.58 -0.01305467
5.59 -0.009964813
5.6 -0.008175458
5.61 -0.006995563
5.62 -0.005612038
5.63 -0.004276888
5.64 -0.003475872
5.65 -0.002061687
5.66 -0.002281174
5.67 -0.005558414
5.68 -0.009630953
5.69 -0.01145033
5.7 -0.01125036
5.71 -0.008282298
5.72 -0.006140258
5.73 -0.009526745
5.74 -0.01422132
5.75 -0.01587869
5.76 -0.01449108
5.77 -0.008210157
5.78 0.005096183
5.79 0.01864414
5.8 0.02130914
5.81 0.01117701
5.82 -0.008814481
5.83 -0.02563555
5.84 -0.03181475
5.85 -0.02904973
5.86 -0.02152092
5.87 -0.01393244
5.88 -0.004593054
5.89 0.005636457
5.9 0.01269636
5.91 0.0178079
5.92 0.01962122
5.93 0.0171545
5.94 0.0133791
5.95 0.01126633
5.96 0.008982391
5.97 0.003573043
5.98 -0.003931842
5.99 -0.004996172
6 -0.001536626
6.01 0.003065957
6.02 0.009386199
6.03 0.01701698
6.04 0.02198387
6.05 0.02316089
6.06 0.01998408
6.07 0.01229706
6.08 0.00376141
6.09 -0.001478189
6.1 -0.001254215
6.11 -0.00281128
6.12 -0.0114218
6.13 -0.01930948
6.14 -0.02168396
6.15 -0.02014641
6.16 -0.0157251
6.17 -0.009980651
6.18 -0.004387803
6.19 -0.000588189
6.2 -0.0002469046
6.21 -0.0005493938
6.22 -0.0005414897
6.23 -0.002055172
6.24 -0.002845425
6.25 -0.00275229
6.26 -0.004035641
6.27 -0.005745748
6.28 -0.008292874
6.29 -0.009629072
6.3 -0.0089085
6.31 -0.005657491
6.32 0.001619029
6.33 0.0117888
6.34 0.01837084
6.35 0.02031909
6.36 0.01967316
6.37 0.01751921
6.38 0.0158923
6.39 0.0131945
6.4 0.009195781
6.41 0.006549671
6.42 0.007432718
6.43 0.01108664
6.44 0.01462065
6.45 0.01354662
6.46 0.008221252
6.47 0.003318328
6.48 -0.001312932
6.49 -0.007334329
6.5 -0.01455526
6.51 -0.02085864
6.52 -0.02495466
6.53 -0.02563682
6.54 -0.02238465
6.55 -0.01840772
6.56 -0.01449258
6.57 -0.009956572
6.58 -0.007865357
6.59 -0.0111721
6.6 -0.01646801
6.61 -0.01923415
6.62 -0.01852066
6.63 -0.01485873
6.64 -0.007049903
6.65 0.0009864225
6.66 0.005355931
6.67 0.01106302
6.68 0.02169684
6.69 0.02941937
6.7 0.03144075
6.71 0.031746
6.72 0.02985426
6.73 0.02447242
6.74 0.01742252
6.75 0.01106352
6.76 0.006431792
6.77 0.006174978
6.78 0.01111427
6.79 0.01641987
6.8 0.01543199
6.81 0.005638998
6.82 -0.01010026
6.83 -0.0222535
6.84 -0.02800923
6.85 -0.02954289
6.86 -0.02863452
6.87 -0.02605057
6.88 -0.02267854
6.89 -0.01843082
6.9 -0.01295703
6.91 -0.007777701
6.92 -0.005901091
6.93 -0.00802903
6.94 -0.01132129
6.95 -0.01318691
6.96 -0.01397587
6.97 -0.01705311
6.98 -0.0246698
6.99 -0.03488797
7 -0.04223711
7.01 -0.04247475
7.02 -0.03567822
7.03 -0.02408847
7.04 -0.01106961
7.05 -0.0005009819
7.06 0.004658201
7.07 0.007221694
7.08 0.008986741
7.09 0.008528643
7.1 0.009754919
7.11 0.01331277
7.12 0.01421383
7.13 0.0101284
7.14 0.005107493
7.15 0.00269527
7.16 0.005908245
7.17 0.01482596
7.18 0.0242353
7.19 0.03296145
7.2 0.03756756
7.21 0.03559957
7.22 0.03209546
7.23 0.03178243
7.24 0.03053523
7.25 0.02246942
7.26 0.01210534
7.27 0.005313309
7.28 0.002554864
7.29 -0.003958177
7.3 -0.01688831
7.31 -0.0251541
7.32 -0.02664583
7.33 -0.0230725
7.34 -0.01637911
7.35 -0.008119745
7.36 0.001570379
7.37 0.008193651
7.38 0.006261625
7.39 -0.0009785716
7.4 -0.008834806
7.41 -0.01424637
7.42 -0.01719063
7.43 -0.01900499
7.44 -0.01938962
7.45 -0.01684287
7.46 -0.00926121
7.47 0.002161057
7.48 0.01292885
7.49 0.01750842
7.5 0.0147189
7.51 0.009641146
7.52 0.005337752
7.53 0.0007190868
7.54 -0.004308794
7.55 -0.009245294
7.56 -0.01129616
7.57 -0.008189302
7.58 -0.002131686
7.59 0.004804568
7.6 0.009135382
7.61 0.01051284
7.62 0.013623
7.63 0.01724634
7.64 0.01701791
7.65 0.01391086
7.66 0.0106616
7.67 0.008749744
7.68 0.006771339
7.69 -0.0007824782
7.7 -0.01287693
7.71 -0.02276236
7.72 -0.02943293
7.73 -0.03421447
7.74 -0.03377472
7.75 -0.02624476
7.76 -0.01654276
7.77 -0.005656516
7.78 0.00393334
7.79 0.00760751
7.8 0.005784291
7.81 -0.0004818773
7.82 -0.01127721
7.83 -0.01929254
7.84 -0.02185582
7.85 -0.01970955
7.86 -0.01432995
7.87 -0.007458822
7.88 0.001471518
7.89 0.008576222
7.9 0.009641887
7.91 0.007163631
7.92 0.002315387
7.93 -0.006151112
7.94 -0.01563641
7.95 -0.01991167
7.96 -0.01764497
7.97 -0.008817256
7.98 0.00601681
7.99 0.01631044
8 0.01947157
8.01 0.02005307
8.02 0.01917621
8.03 0.01301727
8.04 0.001436699
8.05 -0.008191739
8.06 -0.006923192
8.07 0.0005556688
8.08 -0.001703891
8.09 -0.0148983
8.1 -0.02330419
8.11 -0.02052156
8.12 -0.01012262
8.13 0.004261981
8.14 0.01462316
8.15 0.01131604
8.16 -0.0033591
8.17 -0.01514364
8.18 -0.0147878
8.19 -0.005876421
8.2 0.001418776
8.21 -0.0003839212
8.22 -0.0108466
8.23 -0.02027374
8.24 -0.02271774
8.25 -0.01868412
8.26 -0.008738987
8.27 0.006846864
8.28 0.02277729
8.29 0.03047961
8.3 0.02715892
8.31 0.01640053
8.32 0.005526611
8.33 -0.002822384
8.34 -0.008873447
8.35 -0.00967194
8.36 -0.00846291
8.37 -0.01132962
8.38 -0.01857774
8.39 -0.0231888
8.4 -0.02149377
8.41 -0.01677664
8.42 -0.01322683
8.43 -0.01314396
8.44 -0.01696694
8.45 -0.02340679
8.46 -0.02832948
8.47 -0.02729898
8.48 -0.02162477
8.49 -0.01656147
8.5 -0.01668822
8.51 -0.02122024
8.52 -0.02409821
8.53 -0.02212763
8.54 -0.01698912
8.55 -0.01094942
8.56 -0.00360328
8.57 0.001269982
8.58 0.004888385
8.59 0.009552366
8.6 0.01357883
8.61 0.01593707
8.62 0.0161832
8.63 0.0151656
8.64 0.01351794
8.65 0.01008863
8.66 0.006010091
8.67 0.003272843
8.68 0.003128926
8.69 0.005164601
8.7 0.009326838
8.71 0.01444349
8.72 0.01640301
8.73 0.006546624
8.74 -0.01152419
8.75 -0.02305086
8.76 -0.02266612
8.77 -0.01588416
8.78 -0.007527619
8.79 0.001073146
8.8 0.009097457
8.81 0.0171885
8.82 0.02554579
8.83 0.03204954
8.84 0.03444934
8.85 0.03184997
8.86 0.02780633
8.87 0.02540221
8.88 0.02331099
8.89 0.0203827
8.9 0.0164149
8.91 0.01219447
8.92 0.008125009
8.93 0.008078649
8.94 0.01550697
8.95 0.02827467
8.96 0.04222742
8.97 0.05400602
8.98 0.06207101
8.99 0.06536603
9 0.06423053
9.01 0.05847482
9.02 0.04607845
9.03 0.02526336
9.04 0.003665938
9.05 -0.00859363
9.06 -0.008151607
9.07 0.003338579
9.08 0.01559215
9.09 0.02377266
9.1 0.03097148
9.11 0.03582478
9.12 0.03727698
9.13 0.03521189
9.14 0.03172669
9.15 0.03006522
9.16 0.0303509
9.17 0.03128731
9.18 0.03161113
9.19 0.02838407
9.2 0.02035515
9.21 0.01527141
9.22 0.0160888
9.23 0.02018916
9.24 0.02475289
9.25 0.0251883
9.26 0.02062992
9.27 0.01280975
9.28 0.004362719
9.29 -0.003952485
9.3 -0.01370915
9.31 -0.02250092
9.32 -0.02849405
9.33 -0.03468237
9.34 -0.0380466
9.35 -0.03338388
9.36 -0.02310819
9.37 -0.01147688
9.38 -0.001017811
9.39 0.004675749
9.4 0.002974762
9.41 -0.004445022
9.42 -0.008956671
9.43 -0.009481243
9.44 -0.009111129
9.45 -0.006027223
9.46 0.004861907
9.47 0.02139286
9.48 0.03333713
9.49 0.03603181
9.5 0.03538802
9.51 0.03191414
9.52 0.02419646
9.53 0.01646917
9.54 0.009770586
9.55 0.006726774
9.56 0.005220886
9.57 0.0002989893
9.58 -0.007040961
9.59 -0.01031111
9.6 -0.009202346
9.61 -0.0006809593
9.62 0.01247848
9.63 0.01706273
9.64 0.01076449
9.65 -0.0003225359
9.66 -0.008939672
9.67 -0.01211815
9.68 -0.009101148
9.69 -0.002657469
9.7 0.0009685935
9.71 -0.001456909
9.72 -0.008645403
9.73 -0.01628864
9.74 -0.02171897
9.75 -0.02483767
9.76 -0.02463062
9.77 -0.0212747
9.78 -0.01945565
9.79 -0.02159058
9.8 -0.02802573
9.81 -0.03884854
9.82 -0.04776634
9.83 -0.04970923
9.84 -0.04674725
9.85 -0.03814682
9.86 -0.01994601
9.87 0.005503505
9.88 0.02724926
9.89 0.03761489
9.9 0.04078307
9.91 0.04252035
9.92 0.04330864
9.93 0.04034267
9.94 0.03231334
9.95 0.02284971
9.96 0.01557092
9.97 0.01128649
9.98 0.009070197
9.99 0.008209183
10 0.007094195
10.01 0.004654332
10.02 0.001709323
10.03 0.001835268
10.04 0.007255978
10.05 0.01157112
10.06 0.005111213
10.07 -0.01083841
10.08 -0.02679102
10.09 -0.03596114
10.1 -0.03911472
10.11 -0.03968571
10.12 -0.04161408
10.13 -0.04372185
10.14 -0.04398176
10.15 -0.04229028
10.16 -0.03942696
10.17 -0.03422984
10.18 -0.0252161
10.19 -0.0139855
10.2 -0.003414136
10.21 0.002812005
10.22 0.00663121
10.23 0.009976589
10.24 0.01212389
10.25 0.01282715
10.26 0.01226388
10.27 0.009764079
10.28 0.006690471
10.29 0.005166752
10.3 0.006162737
10.31 0.007326201
10.32 0.005999083
10.33 0.002655188
10.34 -0.0008022734
10.35 -0.001879348
10.36 -0.00146631
10.37 -0.001271409
10.38 -0.001417226
10.39 -0.001918674
10.4 -0.003483671
10.41 -0.006405077
10.42 -0.01011778
10.43 -0.01611027
10.44 -0.02257833
10.45 -0.02582011
10.46 -0.02227618
10.47 -0.01394352
10.48 -0.005258934
10.49 0.0008783585
10.5 0.000179821
10.51 -0.006583562
10.52 -0.01246115
10.53 -0.0118327
10.54 -0.006820733
10.55 -0.004614726
10.56 -0.008782494
10.57 -0.01372381
10.58 -0.01152389
10.59 -0.006870769
10.6 -0.009063509
10.61 -0.01462969
10.62 -0.01689507
10.63 -0.01242025
10.64 -0.004733861
10.65 -0.002145711
10.66 -0.009996506
10.67 -0.02358487
10.68 -0.03431073
10.69 -0.04127872
10.7 -0.04222878
10.71 -0.03624764
10.72 -0.03180966
10.73 -0.03362836
10.74 -0.03893471
10.75 -0.04374903
10.76 -0.044971
10.77 -0.04121955
10.78 -0.0345133
10.79 -0.02743603
10.8 -0.02173099
10.81 -0.01804439
10.82 -0.01580068
10.83 -0.01703644
10.84 -0.02189817
10.85 -0.02582601
10.86 -0.02393253
10.87 -0.01816244
10.88 -0.01327906
10.89 -0.009826215
10.9 -0.005723812
10.91 -0.0002845235
10.92 0.003950045
10.93 0.005795061
10.94 0.006821356
10.95 0.007387559
10.96 0.004799557
10.97 -0.007899673
10.98 -0.02385439
10.99 -0.03156413
11 -0.03345851
11.01 -0.0313809
11.02 -0.02552656
11.03 -0.01978479
11.04 -0.01387283
11.05 -0.005108207
11.06 0.001076712
11.07 -0.003086285
11.08 -0.01007819
11.09 -0.01279748
11.1 -0.01112908
11.11 -0.006275277
11.12 0.002011458
11.13 0.01736935
11.14 0.03809669
11.15 0.05539428
11.16 0.0625904
11.17 0.06373722
11.18 0.06333312
11.19 0.06094716
11.2 0.05738549
11.21 0.05401588
11.22 0.05040549
11.23 0.04639649
11.24 0.04276244
11.25 0.04226318
11.26 0.04425087
11.27 0.04845865
11.28 0.05332905
11.29 0.05500686
11.3 0.05132707
11.31 0.04297044
11.32 0.03438044
11.33 0.03009221
11.34 0.03176641
11.35 0.03885995
11.36 0.04621012
11.37 0.04742782
11.38 0.04119573
11.39 0.0282217
11.4 0.01461451
11.41 0.005147366
11.42 -0.001635163
11.43 -0.006466212
11.44 -0.009806575
11.45 -0.01179643
11.46 -0.01307548
11.47 -0.01245061
11.48 -0.01277487
11.49 -0.01438585
11.5 -0.01594621
11.51 -0.01595238
11.52 -0.01327021
11.53 -0.008203122
11.54 -0.002129603
11.55 0.001402156
11.56 0.0011363
11.57 0.001611021
11.58 0.006464327
11.59 0.01629551
11.6 0.02676964
11.61 0.03636226
11.62 0.04322006
11.63 0.04635446
11.64 0.04858078
11.65 0.05043571
11.66 0.05075982
11.67 0.04878497
11.68 0.04238245
11.69 0.03267414
11.7 0.02212219
11.71 0.01177127
11.72 0.001058213
11.73 -0.01302703
11.74 -0.02506863
11.75 -0.0310121
11.76 -0.03464771
11.77 -0.03413627
11.78 -0.0294114
11.79 -0.02399245
11.8 -0.01882367
11.81 -0.01702156
11.82 -0.0204743
11.83 -0.02656932
11.84 -0.03119562
11.85 -0.03245126
11.86 -0.03147093
11.87 -0.03261103
11.88 -0.03877321
11.89 -0.04489835
11.9 -0.04054848
11.91 -0.02561351
11.92 -0.008214571
11.93 0.00832059
11.94 0.01491474
11.95 0.01592711
11.96 0.01836041
11.97 0.02355374
11.98 0.03091535
11.99 0.03428322
12 0.0324397
12.01 0.02716275
12.02 0.02119639
12.03 0.01763887
12.04 0.01898036
12.05 0.02385218
12.06 0.0299322
12.07 0.03564378
12.08 0.03645553
12.09 0.03112852
12.1 0.02045031
12.11 0.01159201
12.12 0.01066565
12.13 0.01631473
12.14 0.02212731
12.15 0.02485898
12.16 0.02172939
12.17 0.01406045
12.18 0.00783794
12.19 0.004281558
12.2 0.0001966267
12.21 -0.00453133
12.22 -0.009505002
12.23 -0.01381636
12.24 -0.01321501
12.25 -0.008986453
12.26 -0.002887312
12.27 0.002526334
12.28 0.007222701
12.29 0.01318777
12.3 0.01952252
12.31 0.02268796
12.32 0.02266933
12.33 0.02018983
12.34 0.01574569
12.35 0.00992178
12.36 0.003210555
12.37 -0.002588839
12.38 -0.001797002
12.39 0.006409622
12.4 0.01677947
12.41 0.02493746
12.42 0.02753126
12.43 0.02526805
12.44 0.02071901
12.45 0.01491407
12.46 0.007155704
12.47 -0.005039861
12.48 -0.01816993
12.49 -0.02803205
12.5 -0.03992817
12.51 -0.05297546
12.52 -0.05745847
12.53 -0.05289427
12.54 -0.04612269
12.55 -0.03933388
12.56 -0.03295402
12.57 -0.02895775
12.58 -0.02453064
12.59 -0.0156372
12.6 0.0001341697
12.61 0.01493787
12.62 0.01985578
12.63 0.01858312
12.64 0.01432559
12.65 0.009663719
12.66 0.007241732
12.67 0.007596554
12.68 0.01054725
12.69 0.01437633
12.7 0.0188734
12.71 0.02435483
12.72 0.02829889
12.73 0.0288287
12.74 0.02632128
12.75 0.01926755
12.76 0.004852414
12.77 -0.01168972
12.78 -0.0223699
12.79 -0.02805107
12.8 -0.03296374
12.81 -0.03152643
12.82 -0.02409307
12.83 -0.01898632
12.84 -0.01657105
12.85 -0.01397275
12.86 -0.01370824
12.87 -0.0159116
12.88 -0.01833638
12.89 -0.02049926
12.9 -0.02317914
12.91 -0.0262343
12.92 -0.02977543
12.93 -0.03273782
12.94 -0.03305453
12.95 -0.03201358
12.96 -0.03269275
12.97 -0.03157007
12.98 -0.02681685
12.99 -0.02111464
13 -0.01423264
13.01 -0.006468904
13.02 -0.0009994477
13.03 4.750309e-05
13.04 -0.001624258
13.05 -0.0035679
13.06 -0.00389383
13.07 -0.001850071
13.08 0.0005039771
13.09 0.001030389
13.1 0.0006877064
13.11 0.001848418
13.12 0.00365673
13.13 0.005508067
13.14 0.007098216
13.15 0.007934415
13.16 0.008684166
13.17 0.009717337
13.18 0.01195477
13.19 0.0160265
13.2 0.01984622
13.21 0.02211527
13.22 0.0212559
13.23 0.01808872
13.24 0.0133161
13.25 0.008349398
13.26 0.003675173
13.27 -0.002977638
13.28 -0.01022348
13.29 -0.01654736
13.3 -0.02125588
13.31 -0.02327638
13.32 -0.02501926
13.33 -0.02791166
13.34 -0.03093992
13.35 -0.03376582
13.36 -0.03636941
13.37 -0.03803538
13.38 -0.03731146
13.39 -0.03410221
13.4 -0.03065231
13.41 -0.02828857
13.42 -0.02499629
13.43 -0.02026777
13.44 -0.01132159
13.45 0.006627182
13.46 0.02629474
13.47 0.03641602
13.48 0.03744552
13.49 0.03550426
13.5 0.03300058
13.51 0.03141796
13.52 0.03261534
13.53 0.0358415
13.54 0.03710965
13.55 0.03519533
13.56 0.03153488
13.57 0.02581317
13.58 0.02058903
13.59 0.01655359
13.6 0.01186334
13.61 0.004923349
13.62 -0.004333441
13.63 -0.01250603
13.64 -0.0187459
13.65 -0.02487275
13.66 -0.03140587
13.67 -0.03807405
13.68 -0.04535272
13.69 -0.05068074
13.7 -0.05255219
13.71 -0.05030102
13.72 -0.04168882
13.73 -0.02914148
13.74 -0.01948766
13.75 -0.01315276
13.76 -0.007974923
13.77 -0.002689444
13.78 0.001396046
13.79 0.004188452
13.8 0.002140113
13.81 -0.002801817
13.82 -0.008053108
13.83 -0.01048589
13.84 -0.01154891
13.85 -0.01291446
13.86 -0.01497308
13.87 -0.01371444
13.88 -0.007549376
13.89 0.003229555
13.9 0.0131042
13.91 0.01991167
13.92 0.02296192
13.93 0.02447657
13.94 0.02274036
13.95 0.0185639
13.96 0.01222732
13.97 0.004498399
13.98 -0.002497121
13.99 -0.00453198
14 -0.001603907
14.01 0.002997944
14.02 0.00781934
14.03 0.01097247
14.04 0.01151356
14.05 0.01326005
14.06 0.0153136
14.07 0.01264553
14.08 0.006053974
14.09 -0.001910857
14.1 -0.008014548
14.11 -0.01026286
14.12 -0.007805533
14.13 0.0008880403
14.14 0.01278294
14.15 0.02176973
14.16 0.02381525
14.17 0.02189966
14.18 0.0201923
14.19 0.01972126
14.2 0.02024724
14.21 0.02109349
14.22 0.021523
14.23 0.02000017
14.24 0.01350044
14.25 0.003589283
14.26 -0.005145871
14.27 -0.005809686
14.28 0.0005087856
14.29 0.009692653
14.3 0.01658709
14.31 0.02184744
14.32 0.02640261
14.33 0.02759618
14.34 0.02729521
14.35 0.027197
14.36 0.02704803
14.37 0.02482278
14.38 0.01739098
14.39 0.002671652
14.4 -0.01072882
14.41 -0.01679067
14.42 -0.01811062
14.43 -0.01608661
14.44 -0.008976061
14.45 0.003117895
14.46 0.0130372
14.47 0.01662642
14.48 0.01839055
14.49 0.02059715
14.5 0.02178876
14.51 0.02231127
14.52 0.02374716
14.53 0.02635012
14.54 0.02890039
14.55 0.03274916
14.56 0.03575217
14.57 0.03472023
14.58 0.02863249
14.59 0.01925301
14.6 0.01145802
14.61 0.003768846
14.62 -0.009658847
14.63 -0.02141151
14.64 -0.0269477
14.65 -0.03114186
14.66 -0.03750322
14.67 -0.04391593
14.68 -0.0480344
14.69 -0.04868541
14.7 -0.04495243
14.71 -0.03560753
14.72 -0.02270991
14.73 -0.008241956
14.74 0.01109788
14.75 0.02566737
14.76 0.03025337
14.77 0.02994394
14.78 0.02743331
14.79 0.02342011
14.8 0.01746828
14.81 0.01167772
14.82 0.008008321
14.83 0.004064342
14.84 -0.0002638042
14.85 -0.00488806
14.86 -0.009518852
14.87 -0.01320604
14.88 -0.01728294
14.89 -0.02190158
14.9 -0.02701929
14.91 -0.03809278
14.92 -0.0531762
14.93 -0.06327357
14.94 -0.06865239
14.95 -0.07001421
14.96 -0.06832603
14.97 -0.06381946
14.98 -0.05700633
14.99 -0.04618021
15 -0.03461008
15.01 -0.02624973
15.02 -0.02109973
15.03 -0.01813411
15.04 -0.01950448
15.05 -0.0241846
15.06 -0.02822
15.07 -0.02900437
15.08 -0.02757341
15.09 -0.0263987
15.1 -0.02554478
15.11 -0.02461654
15.12 -0.02360815
15.13 -0.0225313
15.14 -0.02203341
15.15 -0.02283968
15.16 -0.02514718
15.17 -0.02815145
15.18 -0.03162687
15.19 -0.03829826
15.2 -0.04480977
15.21 -0.04835663
15.22 -0.04835998
15.23 -0.04693883
15.24 -0.04509208
15.25 -0.04411667
15.26 -0.04272888
15.27 -0.04114306
15.28 -0.04003915
15.29 -0.03749444
15.3 -0.03380759
15.31 -0.02920102
15.32 -0.02320842
15.33 -0.01566231
15.34 -0.00809144
15.35 -0.0007438882
15.36 0.006558246
15.37 0.01382378
15.38 0.02032693
15.39 0.0261623
15.4 0.03194286
15.41 0.03916536
15.42 0.0470649
15.43 0.05270085
15.44 0.05445202
15.45 0.05340715
15.46 0.04896447
15.47 0.04040922
15.48 0.0303323
15.49 0.02066945
15.5 0.0130656
15.51 0.009610998
15.52 0.009924128
15.53 0.01275308
15.54 0.01583112
15.55 0.01817318
15.56 0.01875075
15.57 0.01697971
15.58 0.01368332
15.59 0.01085781
15.6 0.008851252
15.61 0.008037688
15.62 0.007883879
15.63 0.009441396
15.64 0.01244701
15.65 0.01566035
15.66 0.01824358
15.67 0.0188345
15.68 0.01820859
15.69 0.01693145
15.7 0.01598204
15.71 0.01597148
15.72 0.01663739
15.73 0.01935868
15.74 0.02571097
15.75 0.03475808
15.76 0.04212369
15.77 0.04516276
15.78 0.0434474
15.79 0.03705194
15.8 0.02660771
15.81 0.01469795
15.82 0.003333957
15.83 -0.005949339
15.84 -0.01014614
15.85 -0.0117732
15.86 -0.01376877
15.87 -0.01578291
15.88 -0.01819155
15.89 -0.02177305
15.9 -0.02637434
15.91 -0.03104921
15.92 -0.03521695
15.93 -0.03858137
15.94 -0.04138435
15.95 -0.04391557
15.96 -0.04475426
15.97 -0.043458
15.98 -0.03994355
15.99 -0.03305794
16 -0.02693661
16.01 -0.02469399
16.02 -0.02453964
16.03 -0.02594307
16.04 -0.02815009
16.05 -0.02868872
16.06 -0.02705504
16.07 -0.02385953
16.08 -0.01991103
16.09 -0.01553782
16.1 -0.009870064
16.11 -0.0009277179
16.12 0.01020095
16.13 0.02196138
16.14 0.03191025
16.15 0.03624449
16.16 0.03666355
16.17 0.03500395
16.18 0.03208455
16.19 0.02801735
16.2 0.024483
16.21 0.02303021
16.22 0.02251951
16.23 0.02192423
16.24 0.02113161
16.25 0.02109449
16.26 0.02199402
16.27 0.02343468
16.28 0.02657234
16.29 0.03068981
16.3 0.03496198
16.31 0.04014628
16.32 0.04673446
16.33 0.05213943
16.34 0.0566727
16.35 0.06204976
16.36 0.0663886
16.37 0.06876717
16.38 0.07005391
16.39 0.06875496
16.4 0.06413686
16.41 0.05459138
16.42 0.04055657
16.43 0.02612944
16.44 0.01536574
16.45 0.009977802
16.46 0.009476588
16.47 0.01408578
16.48 0.02118268
16.49 0.02813419
16.5 0.03359073
16.51 0.0366439
16.52 0.03793503
16.53 0.03757595
16.54 0.03694466
16.55 0.03566774
16.56 0.03405587
16.57 0.03305554
16.58 0.0322231
16.59 0.03186122
16.6 0.03236878
16.61 0.03336024
16.62 0.034177
16.63 0.03356658
16.64 0.02931793
16.65 0.01916298
16.66 0.0006787372
16.67 -0.01687846
16.68 -0.02331592
16.69 -0.02797725
16.7 -0.03455774
16.71 -0.03931036
16.72 -0.0428903
16.73 -0.0470434
16.74 -0.04989756
16.75 -0.05170909
16.76 -0.05310072
16.77 -0.05347955
16.78 -0.05253248
16.79 -0.0498969
16.8 -0.04606353
16.81 -0.04227542
16.82 -0.03857855
16.83 -0.03297004
16.84 -0.02731859
16.85 -0.0228378
16.86 -0.0173982
16.87 -0.01082207
16.88 -0.004024887
16.89 -0.0005359943
16.9 0.0003817638
16.91 0.000134383
16.92 -0.001021824
16.93 -0.002802579
16.94 -0.00237105
16.95 -0.001515631
16.96 -0.003670288
16.97 -0.005275232
16.98 -0.005183474
16.99 -0.00598196
17 -0.007909415
17.01 -0.008482717
17.02 -0.008129963
17.03 -0.00895101
17.04 -0.01142249
17.05 -0.01458016
17.06 -0.01782398
17.07 -0.02100576
17.08 -0.02406577
17.09 -0.02695022
17.1 -0.0297674
17.11 -0.03041501
17.12 -0.03136207
17.13 -0.03332035
17.14 -0.0340491
17.15 -0.0347836
17.16 -0.03500069
17.17 -0.0348616
17.18 -0.03477235
17.19 -0.0347773
17.2 -0.03403027
17.21 -0.0315167
17.22 -0.02942884
17.23 -0.02791837
17.24 -0.02724623
17.25 -0.02778681
17.26 -0.0290298
17.27 -0.02880397
17.28 -0.02603073
17.29 -0.0245198
17.3 -0.0235751
17.31 -0.019672
17.32 -0.01461814
17.33 -0.01069467
17.34 -0.008272638
17.35 -0.008641776
17.36 -0.01207139
17.37 -0.01555381
17.38 -0.01777598
17.39 -0.01870945
17.4 -0.01878245
17.41 -0.01820479
17.42 -0.0165433
17.43 -0.01408157
17.44 -0.01263811
17.45 -0.01193693
17.46 -0.01176874
17.47 -0.01260935
17.48 -0.01425406
17.49 -0.01618587
17.5 -0.01809914
17.51 -0.02016036
17.52 -0.02267093
17.53 -0.0254292
17.54 -0.02765206
17.55 -0.02949726
17.56 -0.03169718
17.57 -0.03425805
17.58 -0.03522739
17.59 -0.03299107
17.6 -0.0278911
17.61 -0.02239187
17.62 -0.01555869
17.63 -0.003979881
17.64 0.007884202
17.65 0.01272916
17.66 0.01543578
17.67 0.01946004
17.68 0.02415805
17.69 0.02782701
17.7 0.03000963
17.71 0.03337846
17.72 0.03891539
17.73 0.04454996
17.74 0.04872126
17.75 0.05063587
17.76 0.05016119
17.77 0.04755407
17.78 0.04307072
17.79 0.03856804
17.8 0.03554629
17.81 0.03574215
17.82 0.03910446
17.83 0.04272988
17.84 0.04471615
17.85 0.0459605
17.86 0.04680443
17.87 0.04821947
17.88 0.04939555
17.89 0.05180737
17.9 0.05432308
17.91 0.05560848
17.92 0.05573611
17.93 0.05531057
17.94 0.0543385
17.95 0.05342458
17.96 0.05178042
17.97 0.04871054
17.98 0.04547091
17.99 0.04214669
18 0.0384452
18.01 0.0352916
18.02 0.03279383
18.03 0.030012
18.04 0.02775624
18.05 0.02567306
18.06 0.02339784
18.07 0.02027475
18.08 0.01779435
18.09 0.01414621
18.1 0.009497664
18.11 0.003783384
18.12 -0.004317968
18.13 -0.01129699
18.14 -0.0160701
18.15 -0.01873596
18.16 -0.0197777
18.17 -0.0198952
18.18 -0.01862039
18.19 -0.01534666
18.2 -0.01189195
18.21 -0.009541499
18.22 -0.008068122
18.23 -0.007158113
18.24 -0.006746058
18.25 -0.006743816
18.26 -0.006810604
18.27 -0.007225394
18.28 -0.008796586
18.29 -0.01226076
18.3 -0.0169852
18.31 -0.02268761
18.32 -0.02674912
18.33 -0.0297933
18.34 -0.03327267
18.35 -0.03621392
18.36 -0.03809214
18.37 -0.03928124
18.38 -0.03979044
18.39 -0.03989053
18.4 -0.03961452
18.41 -0.04014267
18.42 -0.03944279
18.43 -0.03785822
18.44 -0.0358704
18.45 -0.03486961
18.46 -0.03220834
18.47 -0.02858015
18.48 -0.02527954
18.49 -0.02119078
18.5 -0.01571026
18.51 -0.01002182
18.52 -0.003197644
18.53 0.004255851
18.54 0.01064741
18.55 0.01574891
18.56 0.02045228
18.57 0.02411689
18.58 0.02712772
18.59 0.03003811
18.6 0.03121272
18.61 0.03191614
18.62 0.03188551
18.63 0.03051136
18.64 0.02850832
18.65 0.02599136
18.66 0.02352745
18.67 0.0199225
18.68 0.01531141
18.69 0.008347632
18.7 0.0001132547
18.71 -0.006962298
18.72 -0.01185774
18.73 -0.01579672
18.74 -0.01938835
18.75 -0.02147056
18.76 -0.02285534
18.77 -0.02353273
18.78 -0.02338185
18.79 -0.02253851
18.8 -0.02150823
18.81 -0.01998197
18.82 -0.01839894
18.83 -0.01780585
18.84 -0.01851718
18.85 -0.01828033
18.86 -0.01684029
18.87 -0.01460889
18.88 -0.01268584
18.89 -0.009007
18.9 -0.004761603
18.91 -0.001034013
18.92 0.003517217
18.93 0.00710101
18.94 0.01062254
18.95 0.01489309
18.96 0.01835918
18.97 0.02042702
18.98 0.02312775
18.99 0.02664895
19 0.03003496
19.01 0.03251458
19.02 0.03402777
19.03 0.03458109
19.04 0.03313955
19.05 0.03064599
19.06 0.02760776
19.07 0.02240118
19.08 0.01642589
19.09 0.01087102
19.1 0.005372814
19.11 0.0006223314
19.12 -0.003587501
19.13 -0.006729197
19.14 -0.009196858
19.15 -0.01106287
19.16 -0.01277464
19.17 -0.01517416
19.18 -0.01721537
19.19 -0.0188946
19.2 -0.02138678
19.21 -0.02391315
19.22 -0.02553503
19.23 -0.02581977
19.24 -0.02533737
19.25 -0.02449986
19.26 -0.02304956
19.27 -0.02034144
19.28 -0.01669491
19.29 -0.01386552
19.3 -0.01254856
19.31 -0.01263217
19.32 -0.01333721
19.33 -0.0131922
19.34 -0.01005294
19.35 -0.005216156
19.36 -0.001403909
19.37 0.00153945
19.38 0.004173529
19.39 0.006020587
19.4 0.006733733
19.41 0.007692802
19.42 0.009809427
19.43 0.01204211
19.44 0.0151702
19.45 0.01817317
19.46 0.02260676
19.47 0.02801456
19.48 0.03227921
19.49 0.03521957
19.5 0.03586461
19.51 0.03525013
19.52 0.03374364
19.53 0.03096575
19.54 0.0282207
19.55 0.02632781
19.56 0.02471145
19.57 0.02313004
19.58 0.02112259
19.59 0.01830557
19.6 0.014352
19.61 0.008950003
19.62 0.001179893
19.63 -0.005732794
19.64 -0.01086422
19.65 -0.01483057
19.66 -0.01633121
19.67 -0.01645574
19.68 -0.01565884
19.69 -0.014363
19.7 -0.01459921
19.71 -0.01496408
19.72 -0.01614625
19.73 -0.01763529
19.74 -0.01914215
19.75 -0.02016084
19.76 -0.01987825
19.77 -0.01853082
19.78 -0.01661165
19.79 -0.01476912
19.8 -0.014192
19.81 -0.01335286
19.82 -0.01193397
19.83 -0.01175291
19.84 -0.01297849
19.85 -0.0137792
19.86 -0.01384997
19.87 -0.01452511
19.88 -0.01388844
19.89 -0.01306343
19.9 -0.01204004
19.91 -0.01084103
19.92 -0.006940922
19.93 -0.001742694
19.94 0.001713542
19.95 0.003645401
19.96 0.004135256
19.97 0.002402162
19.98 -0.0005056127
19.99 -0.002268269
20 -0.003081069
20.01 -0.004496488
20.02 -0.005936181
20.03 -0.007777022
20.04 -0.01063959
20.05 -0.01294263
20.06 -0.01533383
20.07 -0.01681068
20.08 -0.01659428
20.09 -0.01516413
20.1 -0.01404213
20.11 -0.01194793
20.12 -0.009111801
20.13 -0.005553347
20.14 -0.002478269
20.15 -0.0007309498
20.16 -0.0007083206
20.17 -0.001218273
20.18 -0.0009846521
20.19 -0.001330467
20.2 -0.003030839
20.21 -0.004268124
20.22 -0.00495467
20.23 -0.00486106
20.24 -0.003102099
20.25 -0.001109673
20.26 -0.001325107
20.27 -0.003927452
20.28 -0.006426375
20.29 -0.008985955
20.3 -0.01138389
20.31 -0.01272926
20.32 -0.0136865
20.33 -0.01289447
20.34 -0.01211342
20.35 -0.01126799
20.36 -0.009099652
20.37 -0.006434026
20.38 -0.00304357
20.39 0.0005002912
20.4 0.004070582
20.41 0.008051128
20.42 0.01166286
20.43 0.01588215
20.44 0.02003323
20.45 0.02407046
20.46 0.02908514
20.47 0.03313994
20.48 0.03561786
20.49 0.03649693
20.5 0.03647906
20.51 0.03587744
20.52 0.0349461
20.53 0.03467443
20.54 0.0354816
20.55 0.03627457
20.56 0.03708445
20.57 0.03851729
20.58 0.03940875
20.59 0.03785281
20.6 0.03599452
20.61 0.0352588
20.62 0.03324527
20.63 0.03078627
20.64 0.02851261
20.65 0.02607328
20.66 0.02315814
20.67 0.02147447
20.68 0.02146095
20.69 0.02174127
20.7 0.02162645
20.71 0.02131597
20.72 0.02119437
20.73 0.02092357
20.74 0.02058015
20.75 0.01954619
20.76 0.01951207
20.77 0.02041801
20.78 0.02120314
20.79 0.02144403
20.8 0.02053989
20.81 0.0200786
20.82 0.02049341
20.83 0.02052179
20.84 0.01967963
20.85 0.01736894
20.86 0.01520994
20.87 0.01350288
20.88 0.01222035
20.89 0.01279171
20.9 0.01524652
20.91 0.01721145
20.92 0.01919846
20.93 0.0220879
20.94 0.02531481
20.95 0.02674192
20.96 0.02806746
20.97 0.02871506
20.98 0.02747094
20.99 0.02559147
21 0.02268561
21.01 0.01982081
21.02 0.0176166
21.03 0.01639219
21.04 0.01633908
21.05 0.01640891
21.06 0.01605002
21.07 0.01553423
21.08 0.0133594
21.09 0.01116759
21.1 0.009790393
21.11 0.00698494
21.12 0.003329543
21.13 -0.0003496752
21.14 -0.002016673
21.15 -0.001992395
21.16 0.0004059615
21.17 0.005357739
21.18 0.01134635
21.19 0.0148587
21.2 0.01836551
21.21 0.02104622
21.22 0.021509
21.23 0.02121276
21.24 0.02120917
21.25 0.02113975
21.26 0.02073594
21.27 0.02061418
21.28 0.02116346
21.29 0.02251725
21.3 0.02324297
21.31 0.0221041
21.32 0.02076239
21.33 0.0180958
21.34 0.01483778
21.35 0.01072016
21.36 0.007038337
21.37 0.002959584
21.38 -0.001462883
21.39 -0.00392885
21.4 -0.005168977
21.41 -0.007122939
21.42 -0.0101978
21.43 -0.01027634
21.44 -0.008149336
21.45 -0.007120695
21.46 -0.00587399
21.47 -0.005302189
21.48 -0.005953487
21.49 -0.007883747
21.5 -0.01112567
21.51 -0.01558206
21.52 -0.02032017
21.53 -0.02608862
21.54 -0.03194649
21.55 -0.0377494
21.56 -0.04492446
21.57 -0.05158853
21.58 -0.05602923
21.59 -0.05840444
21.6 -0.06018728
21.61 -0.06057545
21.62 -0.06045402
21.63 -0.05992826
21.64 -0.06023315
21.65 -0.06115988
21.66 -0.06180967
21.67 -0.0617813
21.68 -0.06168443
21.69 -0.06155095
21.7 -0.06028275
21.71 -0.05760272
21.72 -0.05546817
21.73 -0.0517117
21.74 -0.04636338
21.75 -0.04227528
21.76 -0.03970963
21.77 -0.03780474
21.78 -0.03539548
21.79 -0.03392306
21.8 -0.03182973
21.81 -0.02990854
21.82 -0.02980024
21.83 -0.02932067
21.84 -0.02889722
21.85 -0.02995372
21.86 -0.03032451
21.87 -0.02996178
21.88 -0.02850152
21.89 -0.02642958
21.9 -0.02514552
21.91 -0.02423138
21.92 -0.0212563
21.93 -0.01915524
21.94 -0.01777543
21.95 -0.0156975
21.96 -0.01530198
21.97 -0.0155957
21.98 -0.01441408
21.99 -0.01299115
22 -0.01330344
22.01 -0.01315266
22.02 -0.01285842
22.03 -0.01248049
22.04 -0.01188822
22.05 -0.01091226
22.06 -0.01072848
22.07 -0.01060696
22.08 -0.009168055
22.09 -0.007627794
22.1 -0.006110388
22.11 -0.005610222
22.12 -0.005797253
22.13 -0.005851537
22.14 -0.006194523
22.15 -0.008393728
22.16 -0.01079134
22.17 -0.01117274
22.18 -0.01200645
22.19 -0.01328034
22.2 -0.01373795
22.21 -0.01380783
22.22 -0.01293612
22.23 -0.01131886
22.24 -0.01045482
22.25 -0.009730148
22.26 -0.008355761
22.27 -0.008087469
22.28 -0.008404047
22.29 -0.009900959
22.3 -0.0135221
22.31 -0.01657884
22.32 -0.01884603
22.33 -0.02110744
22.34 -0.02057497
22.35 -0.01803413
22.36 -0.01534204
22.37 -0.01168819
22.38 -0.005339587
22.39 0.0019729
22.4 0.007975313
22.41 0.01357349
22.42 0.01940341
22.43 0.02367509
22.44 0.02726476
22.45 0.02978652
22.46 0.03130188
22.47 0.03357969
22.48 0.03545238
22.49 0.03707413
22.5 0.03907714
22.51 0.04014884
22.52 0.0401874
22.53 0.04006521
22.54 0.0397359
22.55 0.03857965
22.56 0.03550261
22.57 0.03131259
22.58 0.02710098
22.59 0.02438014
22.6 0.02192408
22.61 0.01994031
22.62 0.01960183
22.63 0.01911169
22.64 0.01772945
22.65 0.01614581
22.66 0.01402188
22.67 0.01032945
22.68 0.006545357
22.69 0.003602976
22.7 0.0005288976
22.71 -0.001778083
22.72 -0.002784899
22.73 -0.003239413
22.74 -0.002402638
22.75 -0.0002345576
22.76 0.002481921
22.77 0.004266871
22.78 0.006096494
22.79 0.008400825
22.8 0.009253151
22.81 0.008709629
22.82 0.008419078
22.83 0.007554444
22.84 0.0073428
22.85 0.007271204
22.86 0.006626473
22.87 0.006220376
22.88 0.005628283
22.89 0.005554776
22.9 0.005441463
22.91 0.004559253
22.92 0.002494792
22.93 8.507819e-06
22.94 -0.002234904
22.95 -0.004083391
22.96 -0.005647127
22.97 -0.006874996
22.98 -0.007452821
22.99 -0.006965527
23 -0.007302242
23.01 -0.00770593
23.02 -0.008852079
23.03 -0.01184595
23.04 -0.01377753
23.05 -0.01625402
23.06 -0.01752682
23.07 -0.0173006
23.08 -0.01801245
23.09 -0.01938106
23.1 -0.02006472
23.11 -0.02095448
23.12 -0.02177142
23.13 -0.02251436
23.14 -0.0221875
23.15 -0.0221504
23.16 -0.02249009
23.17 -0.02192927
23.18 -0.01987657
23.19 -0.0175522
23.2 -0.01629471
23.21 -0.01365242
23.22 -0.009612141
23.23 -0.004179258
23.24 0.0002079844
23.25 0.003950541
23.26 0.007600532
23.27 0.009540354
23.28 0.01040517
23.29 0.01060075
23.3 0.0104843
23.31 0.01018162
23.32 0.01059384
23.33 0.01150174
23.34 0.01215858
23.35 0.01178527
23.36 0.01013356
23.37 0.008260533
23.38 0.006904691
23.39 0.004310895
23.4 0.002634399
23.41 0.001593174
23.42 0.0002100847
23.43 -0.0006949485
23.44 -0.002196492
23.45 -0.003706005
23.46 -0.004621296
23.47 -0.005565156
23.48 -0.006735973
23.49 -0.007212338
23.5 -0.006982205
23.51 -0.007038989
23.52 -0.006981648
23.53 -0.007005951
23.54 -0.006291753
23.55 -0.007195492
23.56 -0.008990989
23.57 -0.01153314
23.58 -0.0128517
23.59 -0.0133795
23.6 -0.01449208
23.61 -0.01611918
23.62 -0.0162742
23.63 -0.01629266
23.64 -0.01729514
23.65 -0.01838761
23.66 -0.01802217
23.67 -0.01826141
23.68 -0.01918764
23.69 -0.01938618
23.7 -0.02001331
23.71 -0.02074226
23.72 -0.02009377
23.73 -0.01913461
23.74 -0.01773915
23.75 -0.01691967
23.76 -0.01733736
23.77 -0.0181783
23.78 -0.01760349
23.79 -0.01694569
23.8 -0.01702348
23.81 -0.01713926
23.82 -0.0171799
23.83 -0.01742972
23.84 -0.01681056
23.85 -0.01519632
23.86 -0.01226832
23.87 -0.008114197
23.88 -0.004599077
23.89 -0.001090855
23.9 0.001096064
23.91 0.00248619
23.92 0.002765956
23.93 0.002122367
23.94 0.001156725
23.95 0.0003414461
23.96 -0.0005609645
23.97 -0.0008453428
23.98 -0.001318094
23.99 -0.002058378
24 -0.002573988
24.01 -0.003190728
24.02 -0.004714162
24.03 -0.007123759
24.04 -0.007539279
24.05 -0.007133138
24.06 -0.007127311
24.07 -0.007223857
24.08 -0.007208853
24.09 -0.006727977
24.1 -0.004267929
24.11 -0.001277426
24.12 0.0008746378
24.13 0.003358015
24.14 0.005504919
24.15 0.007068713
24.16 0.008463241
24.17 0.00999054
24.18 0.01270081
24.19 0.01569093
24.2 0.01749372
24.21 0.01993829
24.22 0.0222776
24.23 0.02419129
24.24 0.02539832
24.25 0.02594151
24.26 0.02614478
24.27 0.0270199
24.28 0.02917685
24.29 0.03036672
24.3 0.03062471
24.31 0.0303851
24.32 0.0301942
24.33 0.02966837
24.34 0.02897871
24.35 0.02808562
24.36 0.02668375
24.37 0.0261534
24.38 0.02549996
24.39 0.02513799
24.4 0.02495418
24.41 0.02487579
24.42 0.02505751
24.43 0.02563044
24.44 0.0252018
24.45 0.02391176
24.46 0.02239477
24.47 0.02089008
24.48 0.01833497
24.49 0.01600536
24.5 0.01449664
24.51 0.01380659
24.52 0.01321718
24.53 0.01317137
24.54 0.01393821
24.55 0.01514575
24.56 0.01599621
24.57 0.01698571
24.58 0.01762318
24.59 0.01748742
24.6 0.01684599
24.61 0.01619209
24.62 0.0157246
24.63 0.01443704
24.64 0.01302276
24.65 0.01166825
24.66 0.01010218
24.67 0.009844058
24.68 0.01052374
24.69 0.01059348
24.7 0.01052689
24.71 0.01041347
24.72 0.010295
24.73 0.01060226
24.74 0.01167865
24.75 0.01233541
24.76 0.01299469
24.77 0.01385185
24.78 0.01407662
24.79 0.01395293
24.8 0.01199095
24.81 0.01016786
24.82 0.009813854
24.83 0.009399277
24.84 0.008757964
24.85 0.008417955
24.86 0.009243472
24.87 0.0110619
24.88 0.01245636
24.89 0.01393492
24.9 0.01598272
24.91 0.01694219
24.92 0.01655471
24.93 0.01536443
24.94 0.01387426
24.95 0.01232455
24.96 0.01158777
24.97 0.01214753
24.98 0.01293126
24.99 0.0139524
25 0.01508446
25.01 0.0162785
25.02 0.01731412
25.03 0.0177806
25.04 0.01801585
25.05 0.01846483
25.06 0.0186997
25.07 0.01812622
25.08 0.0172735
25.09 0.01705909
25.1 0.01574103
25.11 0.01451553
25.12 0.01322911
25.13 0.01143313
25.14 0.00931815
25.15 0.007709295
25.16 0.00693341
25.17 0.005989828
25.18 0.005452209
25.19 0.004971378
25.2 0.004573764
25.21 0.004465012
25.22 0.005630528
25.23 0.007592864
25.24 0.009351621
25.25 0.0101035
25.26 0.01121724
25.27 0.01213466
25.28 0.012981
25.29 0.01445705
25.3 0.01610337
25.31 0.01784218
25.32 0.01876648
25.33 0.018819
25.34 0.01878373
25.35 0.01728546
25.36 0.01394372
25.37 0.0103955
25.38 0.00774002
25.39 0.006935662
25.4 0.006315978
25.41 0.003996878
25.42 0.0007559615
25.43 -0.002665143
25.44 -0.005472921
25.45 -0.007879915
25.46 -0.009342511
25.47 -0.0120212
25.48 -0.01445482
25.49 -0.01717609
25.5 -0.01997294
25.51 -0.02103134
25.52 -0.02131395
25.53 -0.02219573
25.54 -0.02327196
25.55 -0.02401067
25.56 -0.02480626
25.57 -0.02519028
25.58 -0.02450565
25.59 -0.02344973
25.6 -0.02181356
25.61 -0.0192407
25.62 -0.01687822
25.63 -0.01497007
25.64 -0.01383952
25.65 -0.01376138
25.66 -0.01388858
25.67 -0.01386789
25.68 -0.0138416
25.69 -0.01382229
25.7 -0.01376321
25.71 -0.013745
25.72 -0.0137557
25.73 -0.01369849
25.74 -0.01269204
25.75 -0.01173322
25.76 -0.01031923
25.77 -0.009010013
25.78 -0.008679266
25.79 -0.007886264
25.8 -0.007552117
25.81 -0.006965504
25.82 -0.004915378
25.83 -0.003205919
25.84 -0.003596843
25.85 -0.004028377
25.86 -0.003912582
25.87 -0.004783395
25.88 -0.007411091
25.89 -0.009238675
25.9 -0.01153515
25.91 -0.01364445
25.92 -0.013651
25.93 -0.01326091
25.94 -0.01332186
25.95 -0.01340065
25.96 -0.01336521
25.97 -0.01323109
25.98 -0.01201583
25.99 -0.01000745
26 -0.008961462
26.01 -0.00825266
26.02 -0.008328013
26.03 -0.009087861
26.04 -0.008628999
26.05 -0.008087115
26.06 -0.008121211
26.07 -0.008205756
26.08 -0.007733148
26.09 -0.006919115
26.1 -0.006929649
26.11 -0.007805562
26.12 -0.008322802
26.13 -0.009683082
26.14 -0.01173972
26.15 -0.01334576
26.16 -0.01420607
26.17 -0.01505569
26.18 -0.01637348
26.19 -0.01779047
26.2 -0.01862139
26.21 -0.01924639
26.22 -0.01972559
26.23 -0.01948801
26.24 -0.01844729
26.25 -0.01761613
26.26 -0.01673567
26.27 -0.01594542
26.28 -0.01488055
26.29 -0.01443131
26.3 -0.01494228
26.31 -0.01420876
26.32 -0.01247758
26.33 -0.01166337
26.34 -0.01092686
26.35 -0.008968209
26.36 -0.007359193
26.37 -0.007331824
26.38 -0.00756188
26.39 -0.006959656
26.4 -0.004821072
26.41 -0.002545384
26.42 -0.00264776
26.43 -0.004944403
26.44 -0.00728551
26.45 -0.007790474
26.46 -0.009756894
26.47 -0.01260179
26.48 -0.01427916
26.49 -0.01490294
26.5 -0.01621299
26.51 -0.01728104
26.52 -0.01719554
26.53 -0.01606111
26.54 -0.01324095
26.55 -0.01077167
26.56 -0.009514926
26.57 -0.007061407
26.58 -0.003626023
26.59 -0.001843887
26.6 -0.0009746653
26.61 0.001620386
26.62 0.004299492
26.63 0.006257348
26.64 0.0083353
26.65 0.009242424
26.66 0.00911456
26.67 0.009256744
26.68 0.009294837
26.69 0.009325044
26.7 0.009119921
26.71 0.009000979
26.72 0.008596173
26.73 0.007669459
26.74 0.007158639
26.75 0.007645356
26.76 0.00827859
26.77 0.009107944
26.78 0.009404671
26.79 0.008376301
26.8 0.006073297
26.81 0.004418772
26.82 0.00364284
26.83 0.002638443
26.84 0.0008160178
26.85 -0.000412898
26.86 -0.0009481179
26.87 -0.001346594
26.88 -0.001070548
26.89 -0.00116753
26.9 -0.001535519
26.91 -0.002931651
26.92 -0.004527636
26.93 -0.006259526
26.94 -0.00805468
26.95 -0.008904089
26.96 -0.01009682
26.97 -0.01107748
26.98 -0.01103068
26.99 -0.01038995
27 -0.008697815
27.01 -0.007130649
27.02 -0.005943268
27.03 -0.005764738
27.04 -0.005869302
27.05 -0.005847791
27.06 -0.006040855
27.07 -0.007139924
27.08 -0.007575999
27.09 -0.00656669
27.1 -0.005445628
27.11 -0.004037682
27.12 -0.001872639
27.13 0.000223275
27.14 0.001288102
27.15 0.002963965
27.16 0.004863605
27.17 0.006576417
27.18 0.008169853
27.19 0.01032851
27.2 0.01196778
27.21 0.01270802
27.22 0.01311504
27.23 0.01252532
27.24 0.01125376
27.25 0.009504985
27.26 0.006781508
27.27 0.003873731
27.28 0.001120346
27.29 -0.0005596516
27.3 -0.002567906
27.31 -0.003567243
27.32 -0.00221333
27.33 -8.363243e-05
27.34 0.00117793
27.35 0.001770911
27.36 0.002760877
27.37 0.003554105
27.38 0.003360297
27.39 0.003075651
27.4 0.003741773
27.41 0.004205901
27.42 0.004721488
27.43 0.006078636
27.44 0.00769595
27.45 0.009148198
27.46 0.01007915
27.47 0.01055307
27.48 0.01092789
27.49 0.01114958
27.5 0.01080668
27.51 0.01123179
27.52 0.01182867
27.53 0.01226427
27.54 0.0124892
27.55 0.013507
27.56 0.01473103
27.57 0.01502076
27.58 0.01409298
27.59 0.01230471
27.6 0.009433652
27.61 0.006955941
27.62 0.005430077
27.63 0.004185136
27.64 0.003168152
27.65 0.002400135
27.66 0.001879235
27.67 0.001838124
27.68 0.002310944
27.69 0.002304569
27.7 0.001776272
27.71 0.001310304
27.72 0.0007950431
27.73 -0.0004980345
27.74 -0.002355346
27.75 -0.003872838
27.76 -0.004709538
27.77 -0.005930863
27.78 -0.008033089
27.79 -0.01091837
27.8 -0.01345814
27.81 -0.01468521
27.82 -0.01656521
27.83 -0.0181363
27.84 -0.01834924
27.85 -0.0167927
27.86 -0.01512725
27.87 -0.01373876
27.88 -0.01230152
27.89 -0.0103606
27.9 -0.008804777
27.91 -0.007679993
27.92 -0.005647198
27.93 -0.004568562
27.94 -0.004278698
27.95 -0.004220768
27.96 -0.00418655
27.97 -0.004184925
27.98 -0.004215903
27.99 -0.00425453
28 -0.003678837
28.01 -0.003836078
28.02 -0.00436113
28.03 -0.004367701
28.04 -0.004249951
28.05 -0.003569017
28.06 -0.003130623
28.07 -0.003036272
28.08 -0.002536922
28.09 -0.00122633
28.1 2.761999e-05
28.11 0.0007898826
28.12 0.0009009918
28.13 0.0008733709
28.14 0.0008064994
28.15 0.001522141
28.16 0.00260812
28.17 0.004260523
28.18 0.006165808
28.19 0.006684733
28.2 0.006701008
28.21 0.00686555
28.22 0.007672493
28.23 0.008036325
28.24 0.007186181
28.25 0.006495751
28.26 0.005590421
28.27 0.004487539
28.28 0.005043273
28.29 0.005649182
28.3 0.005384199
28.31 0.003952909
28.32 0.002549934
28.33 0.001704857
28.34 0.0003805699
28.35 -0.001209796
28.36 -0.001043071
28.37 0.0006612809
28.38 0.00317938
28.39 0.005100337
28.4 0.006050818
28.41 0.006463621
28.42 0.006914716
28.43 0.007197245
28.44 0.007309757
28.45 0.007698625
28.46 0.008041294
28.47 0.007917337
28.48 0.007356891
28.49 0.006230311
28.5 0.004562463
28.51 0.002917506
28.52 0.002123558
28.53 0.00207411
28.54 0.001934787
28.55 0.002170034
28.56 0.002089893
28.57 0.00104446
28.58 -0.0004869111
28.59 -0.002700491
28.6 -0.002704946
28.61 -0.001948756
28.62 -0.0002845007
28.63 0.001536668
28.64 0.002815648
28.65 0.004678168
28.66 0.007605112
28.67 0.01021401
28.68 0.0120584
28.69 0.01328093
28.7 0.01367147
28.71 0.01329436
28.72 0.01263204
28.73 0.01237672
28.74 0.01207605
28.75 0.01218981
28.76 0.01297435
28.77 0.01352702
28.78 0.01342632
28.79 0.0133836
28.8 0.01351599
28.81 0.0129299
28.82 0.01261712
28.83 0.01359906
28.84 0.01414314
28.85 0.01341452
28.86 0.01320353
28.87 0.01355927
28.88 0.01318468
28.89 0.01236164
28.9 0.01194517
28.91 0.01104727
28.92 0.01024711
28.93 0.009527138
28.94 0.009054752
28.95 0.007623212
28.96 0.005523831
28.97 0.002660468
28.98 0.001263671
28.99 0.0009797046
29 0.0007130159
29.01 0.0006224015
29.02 0.001402383
29.03 0.002795441
29.04 0.003656467
29.05 0.004363794
29.06 0.005419903
29.07 0.006541175
29.08 0.007035516
29.09 0.007227052
29.1 0.00670051
29.11 0.005842496
29.12 0.004983048
29.13 0.003609827
29.14 0.00177424
29.15 0.0001340566
29.16 -0.002213664
29.17 -0.003928048
29.18 -0.004137227
29.19 -0.005359161
29.2 -0.006466862
29.21 -0.006437463
29.22 -0.006302771
29.23 -0.006807049
29.24 -0.007668001
29.25 -0.007136121
29.26 -0.005629164
29.27 -0.005653916
29.28 -0.005395088
29.29 -0.004246708
29.3 -0.004491914
29.31 -0.006590275
29.32 -0.007447372
29.33 -0.006388987
29.34 -0.004674188
29.35 -0.003362291
29.36 -0.002028512
29.37 -0.001343367
29.38 -0.001181351
29.39 -0.001007145
29.4 0.000297376
29.41 0.0005586869
29.42 0.001803424
29.43 0.004139995
29.44 0.006245112
29.45 0.007034438
29.46 0.007851743
29.47 0.008496883
29.48 0.008329988
29.49 0.007637823
29.5 0.007264847
29.51 0.006991394
29.52 0.006274287
29.53 0.006252205
29.54 0.006570947
29.55 0.006567208
29.56 0.006419386
29.57 0.005911772
29.58 0.005172551
29.59 0.004566159
29.6 0.003518312
29.61 0.001896969
29.62 0.0002768277
29.63 -0.0009423105
29.64 -0.002751677
29.65 -0.004245389
29.66 -0.005726171
29.67 -0.006241771
29.68 -0.007638033
29.69 -0.009857188
29.7 -0.01163407
29.71 -0.01471237
29.72 -0.01646849
29.73 -0.01766242
29.74 -0.01902035
29.75 -0.02034211
29.76 -0.01960681
29.77 -0.02003766
29.78 -0.02092417
29.79 -0.02090918
29.8 -0.0207704
29.81 -0.02086966
29.82 -0.02091954
29.83 -0.02088377
29.84 -0.02032725
29.85 -0.02029996
29.86 -0.02029655
29.87 -0.02081417
29.88 -0.02090531
29.89 -0.0202941
29.9 -0.02071476
29.91 -0.02114843
29.92 -0.02112755
29.93 -0.02062577
29.94 -0.02015421
29.95 -0.02023799
29.96 -0.01982259
29.97 -0.01850956
29.98 -0.01684536
29.99 -0.01591588
30 -0.01464152
30.01 -0.01256884
30.02 -0.01127684
30.03 -0.01138788
30.04 -0.01167975
30.05 -0.01298332
30.06 -0.01462491
30.07 -0.01556478
30.08 -0.01455481
30.09 -0.01298948
30.1 -0.01242428
30.11 -0.01200486
30.12 -0.01016116
30.13 -0.008454251
30.14 -0.00813127
30.15 -0.007178724
30.16 -0.006833168
30.17 -0.006630191
30.18 -0.005733703
30.19 -0.006579516
30.2 -0.007766368
30.21 -0.009849168
30.22 -0.0119826
30.23 -0.01264625
30.24 -0.01301727
30.25 -0.01454914
30.26 -0.01547193
30.27 -0.01588146
30.28 -0.0144324
30.29 -0.01275301
30.3 -0.01248633
30.31 -0.01218846
30.32 -0.01077165
30.33 -0.00930164
30.34 -0.00791723
30.35 -0.007080784
30.36 -0.005614222
30.37 -0.004574112
30.38 -0.003888357
30.39 -0.00325716
30.4 -0.00333521
30.41 -0.003832455
30.42 -0.003552419
30.43 -0.001992504
30.44 -0.0002148927
30.45 0.001951551
30.46 0.004280808
30.47 0.006306758
30.48 0.007906837
30.49 0.009091048
30.5 0.008892483
30.51 0.00806664
30.52 0.007956662
30.53 0.008081208
30.54 0.008009211
30.55 0.007994895
30.56 0.008341261
30.57 0.008834233
30.58 0.009148559
30.59 0.009494606
30.6 0.009585329
30.61 0.009357562
30.62 0.008409555
30.63 0.007711629
30.64 0.007375374
30.65 0.006185756
30.66 0.00516698
30.67 0.005475504
30.68 0.006714705
30.69 0.007359995
30.7 0.007563697
30.71 0.007671225
30.72 0.008256201
30.73 0.00826909
30.74 0.007890417
30.75 0.007655705
30.76 0.007873898
30.77 0.008209206
30.78 0.009363762
30.79 0.01071589
30.8 0.01175446
30.81 0.01256514
30.82 0.01367278
30.83 0.01438806
30.84 0.01503443
30.85 0.01543097
30.86 0.01583268
30.87 0.01612568
30.88 0.01622025
30.89 0.01660855
30.9 0.01770824
30.91 0.0183215
30.92 0.01830589
30.93 0.01893024
30.94 0.01932132
30.95 0.01944008
30.96 0.019617
30.97 0.01961801
30.98 0.01967902
30.99 0.02026875
31 0.02131569
31.01 0.02203461
31.02 0.02264667
31.03 0.02279415
31.04 0.0223627
31.05 0.02110392
31.06 0.02017386
31.07 0.01924374
31.08 0.01811085
31.09 0.0170233
31.1 0.01588623
31.11 0.01548418
31.12 0.015307
31.13 0.01509902
31.14 0.01462369
31.15 0.01347279
31.16 0.01165953
31.17 0.01109849
31.18 0.009684186
31.19 0.007336178
31.2 0.005681203
31.21 0.002798614
31.22 0.0008174939
31.23 -0.0008687773
31.24 -0.003084469
31.25 -0.003769933
31.26 -0.003580657
31.27 -0.003512025
31.28 -0.003370312
31.29 -0.002277242
31.3 -0.0005783919
31.31 0.001513448
31.32 0.003612252
31.33 0.005000397
31.34 0.006319842
31.35 0.007411333
31.36 0.007336201
31.37 0.006256194
31.38 0.005772896
31.39 0.005627308
31.4 0.005321328
31.41 0.005242896
31.42 0.006579295
31.43 0.007439336
31.44 0.006588786
31.45 0.005978027
31.46 0.00610408
31.47 0.005884863
31.48 0.005355433
31.49 0.005238828
31.5 0.004217283
31.51 0.003297934
31.52 0.002778544
31.53 0.002484539
31.54 0.002901015
31.55 0.0042199
31.56 0.005347915
31.57 0.005896542
31.58 0.006078966
31.59 0.006054712
31.6 0.005943349
31.61 0.005583882
31.62 0.005937038
31.63 0.006913473
31.64 0.007577714
31.65 0.008729439
31.66 0.009371062
31.67 0.009332508
31.68 0.01122598
31.69 0.01326847
31.7 0.01427104
31.71 0.0148598
31.72 0.0147792
31.73 0.01477248
31.74 0.01490603
31.75 0.01438703
31.76 0.0133961
31.77 0.01322837
31.78 0.01311077
31.79 0.01249002
31.8 0.01089477
31.81 0.008497946
31.82 0.005285158
31.83 0.002489656
31.84 0.0009557022
31.85 2.94035e-05
31.86 -0.0006143732
31.87 -0.001760633
31.88 -0.003870682
31.89 -0.004743101
31.9 -0.006690376
31.91 -0.008763292
31.92 -0.01004837
31.93 -0.0125464
31.94 -0.01353067
31.95 -0.01379029
31.96 -0.0150374
31.97 -0.01649412
31.98 -0.01593481
31.99 -0.01637727
32 -0.01829599
32.01 -0.019486
32.02 -0.01962663
32.03 -0.0197855
32.04 -0.02003009
32.05 -0.02086968
32.06 -0.02139409
32.07 -0.02155855
32.08 -0.02201695
32.09 -0.02241337
32.1 -0.02221778
32.11 -0.02218836
32.12 -0.02189291
32.13 -0.0219104
32.14 -0.02179671
32.15 -0.02171054
32.16 -0.02171108
32.17 -0.02056539
32.18 -0.02025317
32.19 -0.02009366
32.2 -0.01969917
32.21 -0.01906471
32.22 -0.01629047
32.23 -0.01436693
32.24 -0.01291975
32.25 -0.01110287
32.26 -0.01023394
32.27 -0.0103337
32.28 -0.009789042
32.29 -0.009810171
32.3 -0.01040083
32.31 -0.01046031
32.32 -0.01033936
32.33 -0.01034785
32.34 -0.01038889
32.35 -0.01044892
32.36 -0.01113448
32.37 -0.01164021
32.38 -0.01063068
32.39 -0.01013838
32.4 -0.01057715
32.41 -0.01161887
32.42 -0.01235703
32.43 -0.01212691
32.44 -0.01207615
32.45 -0.01196892
32.46 -0.0110131
32.47 -0.01021233
32.48 -0.01028658
32.49 -0.01005677
32.5 -0.009202752
32.51 -0.008907615
32.52 -0.008585567
32.53 -0.006578661
32.54 -0.00568058
32.55 -0.005406814
32.56 -0.003592543
32.57 -0.001173159
32.58 0.0004893774
32.59 0.002399657
32.6 0.003853761
32.61 0.005101267
32.62 0.005409139
32.63 0.004642215
32.64 0.002578903
32.65 0.0006719999
32.66 0.0001821972
32.67 0.0002196202
32.68 0.0006057881
32.69 0.001001675
32.7 0.002044326
32.71 0.00325686
32.72 0.004710306
32.73 0.0063538
32.74 0.007388516
32.75 0.008807793
32.76 0.01107527
32.77 0.01214479
32.78 0.0128785
32.79 0.01345167
32.8 0.01326006
32.81 0.01333776
32.82 0.01374486
32.83 0.01419541
32.84 0.01498981
32.85 0.01633761
32.86 0.01594885
32.87 0.01514043
32.88 0.01482803
32.89 0.0136531
32.9 0.01308531
32.91 0.0126366
32.92 0.01166346
32.93 0.01075188
32.94 0.01052744
32.95 0.0106381
32.96 0.01072911
32.97 0.01099013
32.98 0.01077909
32.99 0.01059272
33 0.009496884
33.01 0.00724611
33.02 0.00590043
33.03 0.00515913
33.04 0.004587697
33.05 0.0053922
33.06 0.006200292
33.07 0.006681035
33.08 0.007317871
33.09 0.0079743
33.1 0.008431523
33.11 0.008937394
33.12 0.009560921
33.13 0.01004859
33.14 0.01055882
33.15 0.01077864
33.16 0.01074981
33.17 0.01109608
33.18 0.0120331
33.19 0.01246373
33.2 0.01193336
33.21 0.01082792
33.22 0.0101559
33.23 0.009649083
33.24 0.009357077
33.25 0.00829887
33.26 0.007575056
33.27 0.007151578
33.28 0.006760879
33.29 0.006738203
33.3 0.006581768
33.31 0.006331703
33.32 0.005965926
33.33 0.005728094
33.34 0.005164866
33.35 0.005005425
33.36 0.005139203
33.37 0.005317668
33.38 0.005829743
33.39 0.00585836
33.4 0.005808157
33.41 0.005731581
33.42 0.004824111
33.43 0.003760992
33.44 0.002017806
33.45 0.0009711102
33.46 0.000529282
33.47 -0.001241148
33.48 -0.002305009
33.49 -0.002450611
33.5 -0.001880539
33.51 -0.0001519997
33.52 0.0009381113
33.53 0.001357336
33.54 0.001193496
33.55 0.001854062
33.56 0.002266102
33.57 0.00216001
33.58 0.002457743
33.59 0.003103025
33.6 0.003216185
33.61 0.00256093
33.62 0.002212528
33.63 0.002313582
33.64 0.002449653
33.65 0.002756659
33.66 0.00256965
33.67 0.002377338
33.68 0.002414095
33.69 0.002451745
33.7 0.002410004
33.71 0.001623677
33.72 3.933716e-07
33.73 -0.002297096
33.74 -0.004102361
33.75 -0.004605387
33.76 -0.006112576
33.77 -0.008099441
33.78 -0.008432528
33.79 -0.008316636
33.8 -0.01057008
33.81 -0.01313526
33.82 -0.01374331
33.83 -0.01346681
33.84 -0.01386361
33.85 -0.01375393
33.86 -0.01266977
33.87 -0.01248777
33.88 -0.01248396
33.89 -0.01180288
33.9 -0.01105989
33.91 -0.01008864
33.92 -0.009931185
33.93 -0.01009316
33.94 -0.01009407
33.95 -0.01041243
33.96 -0.0106909
33.97 -0.009956736
33.98 -0.008759403
33.99 -0.008091142
34 -0.007691651
34.01 -0.007401289
34.02 -0.007354262
34.03 -0.007371986
34.04 -0.00736948
34.05 -0.007364642
34.06 -0.007352116
34.07 -0.007285493
34.08 -0.00719861
34.09 -0.007143108
34.1 -0.007086003
34.11 -0.007058579
34.12 -0.007064347
34.13 -0.007068109
34.14 -0.007056405
34.15 -0.006994085
34.16 -0.006955897
34.17 -0.006962899
34.18 -0.006968575
34.19 -0.006954264
34.2 -0.006841732
34.21 -0.007058058
34.22 -0.007990918
34.23 -0.008975306
34.24 -0.009838878
34.25 -0.0103063
34.26 -0.010858
34.27 -0.01088942
34.28 -0.01042706
34.29 -0.008899213
34.3 -0.006914128
34.31 -0.006288569
34.32 -0.006422816
34.33 -0.005804351
34.34 -0.004095836
34.35 -0.002521191
34.36 -0.001034162
34.37 -1.752051e-05
34.38 0.0004963714
34.39 0.0008023814
34.4 0.0001808059
34.41 -0.000535601
34.42 -0.0008712135
34.43 -0.001490444
34.44 -0.002579496
34.45 -0.003072956
34.46 -0.003911037
34.47 -0.005630733
34.48 -0.006225012
34.49 -0.005967276
34.5 -0.005901234
34.51 -0.005973776
34.52 -0.005976419
34.53 -0.00592882
34.54 -0.005866614
34.55 -0.005849082
34.56 -0.005802862
34.57 -0.005740878
34.58 -0.005677615
34.59 -0.005654974
34.6 -0.005662123
34.61 -0.005664638
34.62 -0.005662397
34.63 -0.005662103
34.64 -0.005653062
34.65 -0.005591217
34.66 -0.005408366
34.67 -0.003998597
34.68 -0.001818238
34.69 0.0007733026
34.7 0.002246866
34.71 0.002635934
34.72 0.00258427
34.73 0.00269356
34.74 0.002562342
34.75 0.001830858
34.76 0.0009766669
34.77 -8.682342e-05
34.78 -0.001863554
34.79 -0.003762532
34.8 -0.004509502
34.81 -0.004711311
34.82 -0.00504339
34.83 -0.005040283
34.84 -0.004254148
34.85 -0.003616241
34.86 -0.003161191
34.87 -0.002778271
34.88 -0.001839613
34.89 -0.002004171
34.9 -0.002100666
34.91 -0.00101344
34.92 0.0002657241
34.93 0.00100183
34.94 0.001836391
34.95 0.002601474
34.96 0.002959099
34.97 0.00341398
34.98 0.003857204
34.99 0.003466987
35 0.002559437
35.01 0.001122853
35.02 -0.000470333
35.03 -0.001613247
35.04 -0.00220194
35.05 -0.003052563
35.06 -0.003287933
35.07 -0.002794835
35.08 -0.001832875
35.09 -0.0008432295
35.1 0.0001571871
35.11 0.00111506
35.12 0.001773456
35.13 0.002040358
35.14 0.001691484
35.15 0.001583288
35.16 0.001624498
35.17 0.0007409261
35.18 0.0005722807
35.19 0.001420361
35.2 0.001698639
35.21 0.002377068
35.22 0.00458821
35.23 0.006366653
35.24 0.007766306
35.25 0.00929759
35.26 0.01075022
35.27 0.01264247
35.28 0.01436373
35.29 0.01537469
35.3 0.01554428
35.31 0.01455804
35.32 0.01342999
35.33 0.01379608
35.34 0.01390777
35.35 0.01430171
35.36 0.01487787
35.37 0.01539265
35.38 0.01592434
35.39 0.0164822
35.4 0.01726159
35.41 0.0178879
35.42 0.01784527
35.43 0.01758025
35.44 0.01699807
35.45 0.01677342
35.46 0.01599962
35.47 0.01465084
35.48 0.01394299
35.49 0.01325712
35.5 0.01234664
35.51 0.01201362
35.52 0.01172628
35.53 0.01137596
35.54 0.0107994
35.55 0.009717378
35.56 0.008169126
35.57 0.006941437
35.58 0.006228869
35.59 0.005220086
35.6 0.003814022
35.61 0.00295767
35.62 0.003167564
35.63 0.002853528
35.64 0.002621551
35.65 0.002986678
35.66 0.002951211
35.67 0.003887056
35.68 0.00508736
35.69 0.005754734
35.7 0.005672581
35.71 0.005540304
35.72 0.005403902
35.73 0.004872567
35.74 0.005109851
35.75 0.005994598
35.76 0.006130422
35.77 0.005825855
35.78 0.006421708
35.79 0.005787318
35.8 0.004571257
35.81 0.003963104
35.82 0.003231144
35.83 0.002836842
35.84 0.002271485
35.85 0.0006841597
35.86 0.0006380089
35.87 0.0008494199
35.88 0.001082235
35.89 0.001213798
35.9 0.002093965
35.91 0.002992291
35.92 0.003105133
35.93 0.003411093
35.94 0.003358404
35.95 0.003883175
35.96 0.004742717
35.97 0.005900244
35.98 0.006184436
35.99 0.005792415
36 0.00591092
36.01 0.006265192
36.02 0.005874001
36.03 0.005376839
36.04 0.005113203
36.05 0.005201343
36.06 0.004752828
36.07 0.004367438
36.08 0.004295345
36.09 0.003800204
36.1 0.003432279
36.11 0.002807398
36.12 0.002217
36.13 0.00133009
36.14 -7.13668e-05
36.15 -0.001321974
36.16 -0.002017304
36.17 -0.002439708
36.18 -0.002688646
36.19 -0.002701603
36.2 -0.003238856
36.21 -0.00356054
36.22 -0.003226524
36.23 -0.002616777
36.24 -0.003043756
36.25 -0.004932563
36.26 -0.006240875
36.27 -0.006648472
36.28 -0.007331849
36.29 -0.00746057
36.3 -0.007668687
36.31 -0.009190417
36.32 -0.01000764
36.33 -0.009872853
36.34 -0.009965477
36.35 -0.009505837
36.36 -0.008494396
36.37 -0.008539031
36.38 -0.009985967
36.39 -0.01147551
36.4 -0.01144843
36.41 -0.01167644
36.42 -0.01201731
36.43 -0.01199391
36.44 -0.01192863
36.45 -0.01194528
36.46 -0.01188607
36.47 -0.01128131
36.48 -0.0112449
36.49 -0.01075404
36.5 -0.009197884
36.51 -0.008375722
36.52 -0.008108734
36.53 -0.008747346
36.54 -0.007762016
36.55 -0.006921521
36.56 -0.007669432
36.57 -0.008550254
36.58 -0.008707377
36.59 -0.007206056
36.6 -0.006572947
36.61 -0.006743693
36.62 -0.00680216
36.63 -0.006526575
36.64 -0.005938566
36.65 -0.006492984
36.66 -0.006650726
36.67 -0.004992497
36.68 -0.003449461
36.69 -0.00271634
36.7 -0.002480531
36.71 -0.002471772
36.72 -0.001861069
36.73 -0.001848418
36.74 -0.002047387
36.75 -0.001796231
36.76 -0.001694249
36.77 -0.001778352
36.78 -0.002053198
36.79 -0.001920813
36.8 -0.00222457
36.81 -0.004135264
36.82 -0.003534549
36.83 -0.001993212
36.84 -0.003423441
36.85 -0.004468929
36.86 -0.002644802
36.87 -0.001301218
36.88 -0.001439384
36.89 -0.001518641
36.9 -0.001151207
36.91 -0.001416458
36.92 -0.002494405
36.93 -0.003673367
36.94 -0.003980698
36.95 -0.00381211
36.96 -0.003829682
36.97 -0.005297689
36.98 -0.007557202
36.99 -0.008607321
37 -0.007893655
37.01 -0.008219538
37.02 -0.008697378
37.03 -0.009639545
37.04 -0.01150097
37.05 -0.01265992
37.06 -0.01284667
37.07 -0.01252648
37.08 -0.01133543
37.09 -0.009209475
37.1 -0.00809661
37.11 -0.008275904
37.12 -0.008429057
37.13 -0.008355878
37.14 -0.008332826
37.15 -0.008354361
37.16 -0.008359306
37.17 -0.009036459
37.18 -0.01051536
37.19 -0.01098895
37.2 -0.01206859
37.21 -0.01266486
37.22 -0.01088023
37.23 -0.009813223
37.24 -0.01149438
37.25 -0.01139346
37.26 -0.01142847
37.27 -0.01224519
37.28 -0.009940141
37.29 -0.007734593
37.3 -0.007912146
37.31 -0.008181824
37.32 -0.007969653
37.33 -0.007902943
37.34 -0.007957928
37.35 -0.007954661
37.36 -0.007879063
37.37 -0.007841276
37.38 -0.007851516
37.39 -0.007762366
37.4 -0.007162964
37.41 -0.006891507
37.42 -0.005167163
37.43 -0.003324394
37.44 -0.00255215
37.45 -0.002632656
37.46 -0.0026957
37.47 -0.002652216
37.48 -0.002644109
37.49 -0.002656123
37.5 -0.002656264
37.51 -0.002653476
37.52 -0.002654014
37.53 -0.002653628
37.54 -0.00259303
37.55 -0.002468686
37.56 -0.002436103
37.57 -0.002456185
37.58 -0.002458026
37.59 -0.002414521
37.6 -0.002354559
37.61 -0.00265531
37.62 -0.004230913
37.63 -0.005109573
37.64 -0.004912188
37.65 -0.004783438
37.66 -0.004787049
37.67 -0.005039717
37.68 -0.005293745
37.69 -0.004741705
37.7 -0.005067655
37.71 -0.006715869
37.72 -0.006707183
37.73 -0.006431781
37.74 -0.00545284
37.75 -0.004425744
37.76 -0.004434963
37.77 -0.004611304
37.78 -0.004531455
37.79 -0.004366728
37.8 -0.004334413
37.81 -0.004360665
37.82 -0.00436178
37.83 -0.004355446
37.84 -0.004356454
37.85 -0.004357969
37.86 -0.004357505
37.87 -0.004327728
37.88 -0.00426233
37.89 -0.003798733
37.9 -0.003256028
37.91 -0.002137677
37.92 -8.386825e-05
37.93 0.001246209
37.94 0.001267345
37.95 0.001433636
37.96 0.002041442
37.97 0.002138001
37.98 0.002028556
37.99 0.002333659
38 0.002686371
38.01 0.002333329
38.02 0.002264337
38.03 0.003149403
38.04 0.003596288
38.05 0.003681156
38.06 0.004566602
38.07 0.006113674
38.08 0.00707915
38.09 0.007272066
38.1 0.007850817
38.11 0.00826696
38.12 0.008430565
38.13 0.008289172
38.14 0.008125783
38.15 0.008088083
38.16 0.007250976
38.17 0.007334112
38.18 0.00805637
38.19 0.007794835
38.2 0.007346011
38.21 0.007151943
38.22 0.007319437
38.23 0.007572098
38.24 0.00756946
38.25 0.007523788
38.26 0.007685666
38.27 0.008217042
38.28 0.009278264
38.29 0.01042714
38.3 0.01057948
38.31 0.0104504
38.32 0.009450792
38.33 0.009102399
38.34 0.008904118
38.35 0.008501746
38.36 0.008033887
38.37 0.00768946
38.38 0.0073851
38.39 0.007544813
38.4 0.007473401
38.41 0.007502632
38.42 0.007369029
38.43 0.00739326
38.44 0.007655466
38.45 0.008048905
38.46 0.008148031
38.47 0.007367928
38.48 0.007730607
38.49 0.009116876
38.5 0.009574131
38.51 0.009871054
38.52 0.01140179
38.53 0.01270463
38.54 0.01291851
38.55 0.01302257
38.56 0.01322925
38.57 0.01302107
38.58 0.01289542
38.59 0.01233623
38.6 0.01174977
38.61 0.01102452
38.62 0.0102815
38.63 0.01009388
38.64 0.009761591
38.65 0.009443963
38.66 0.00867845
38.67 0.008728914
38.68 0.0098205
38.69 0.01159344
38.7 0.01276936
38.71 0.01414945
38.72 0.0159477
38.73 0.01632802
38.74 0.0171913
38.75 0.01955663
38.76 0.02109026
38.77 0.02126306
38.78 0.02217846
38.79 0.02411492
38.8 0.02464595
38.81 0.0239242
38.82 0.02340443
38.83 0.02319647
38.84 0.0225393
38.85 0.02189247
38.86 0.02170409
38.87 0.02140629
38.88 0.02039672
38.89 0.01988708
38.9 0.01916886
38.91 0.01761509
38.92 0.01697599
38.93 0.01657226
38.94 0.01593355
38.95 0.01518148
38.96 0.01493433
38.97 0.01474469
38.98 0.0139036
38.99 0.01338935
39 0.01290989
39.01 0.01238123
39.02 0.01294263
39.03 0.01357363
39.04 0.0134653
39.05 0.01283888
39.06 0.01324353
39.07 0.01404902
39.08 0.01439031
39.09 0.0143713
39.1 0.0146757
39.11 0.01476655
39.12 0.01540838
39.13 0.01593132
39.14 0.01587358
39.15 0.01576034
39.16 0.01543527
39.17 0.01529217
39.18 0.01551512
39.19 0.0160682
39.2 0.0166309
39.21 0.01683527
39.22 0.01702181
39.23 0.01716785
39.24 0.01765642
39.25 0.01791458
39.26 0.01790121
39.27 0.01836089
39.28 0.01848121
39.29 0.0180647
39.3 0.01800262
39.31 0.01654509
39.32 0.01470804
39.33 0.01458262
39.34 0.01435409
39.35 0.01246987
39.36 0.01105518
39.37 0.01030575
39.38 0.01014873
39.39 0.01008381
39.4 0.009315416
39.41 0.007261918
39.42 0.005547007
39.43 0.004894319
39.44 0.004622559
39.45 0.003311202
39.46 0.001641725
39.47 0.0005857092
39.48 0.000129573
39.49 0.0003189868
39.5 -0.0001642311
39.51 -0.0006381037
39.52 -0.001171507
39.53 -0.001516149
39.54 -0.001711208
39.55 -0.003000467
39.56 -0.004582605
39.57 -0.004871611
39.58 -0.004845705
39.59 -0.00527782
39.6 -0.005330323
39.61 -0.005177335
39.62 -0.005306966
39.63 -0.006548326
39.64 -0.007461352
39.65 -0.009391085
39.66 -0.01039384
39.67 -0.01017634
39.68 -0.01098558
39.69 -0.01185709
39.7 -0.01228495
39.71 -0.01309014
39.72 -0.01343757
39.73 -0.01434842
39.74 -0.01494706
39.75 -0.01484075
39.76 -0.01474626
39.77 -0.01478853
39.78 -0.01485259
39.79 -0.01593096
39.8 -0.01727344
39.81 -0.01736478
39.82 -0.01757478
39.83 -0.01873565
39.84 -0.01899081
39.85 -0.0186816
39.86 -0.01909178
39.87 -0.0183739
39.88 -0.01817163
39.89 -0.01808259
39.9 -0.01832682
39.91 -0.01772454
39.92 -0.01728607
39.93 -0.01629392
39.94 -0.01529434
39.95 -0.01457935
39.96 -0.01562497
39.97 -0.01572233
39.98 -0.01532048
39.99 -0.01671616
40 -0.0178729
40.01 -0.01727783
40.02 -0.0163983
40.03 -0.01611381
40.04 -0.01680315
40.05 -0.01697306
40.06 -0.01659479
40.07 -0.01706896
40.08 -0.01697633
40.09 -0.01672712
40.1 -0.01668896
40.11 -0.01699161
40.12 -0.0183564
40.13 -0.01855931
40.14 -0.01800784
40.15 -0.01776812
40.16 -0.01882281
40.17 -0.01918923
40.18 -0.01848014
40.19 -0.01839622
40.2 -0.01832156
40.21 -0.01787904
40.22 -0.01771065
40.23 -0.01832865
40.24 -0.01844178
40.25 -0.01883682
40.26 -0.01878328
40.27 -0.01809945
40.28 -0.01813864
40.29 -0.01762914
40.3 -0.01759889
40.31 -0.01740304
40.32 -0.01799434
40.33 -0.01863114
40.34 -0.01723804
40.35 -0.01612549
40.36 -0.01568085
40.37 -0.01520886
40.38 -0.01466361
40.39 -0.01391713
40.4 -0.01380359
40.41 -0.01393065
40.42 -0.01395663
40.43 -0.0145237
40.44 -0.0143627
40.45 -0.01383857
40.46 -0.01374256
40.47 -0.01373334
40.48 -0.01370893
40.49 -0.01370701
40.5 -0.01538809
40.51 -0.01536569
40.52 -0.01534031
40.53 -0.01531433
40.54 -0.01528621
40.55 -0.01525568
40.56 -0.0154085
40.57 -0.01594977
40.58 -0.01547214
40.59 -0.01611375
40.6 -0.01628311
40.61 -0.01671233
40.62 -0.01604036
40.63 -0.01474127
40.64 -0.01460864
40.65 -0.01478904
40.66 -0.01471008
40.67 -0.01460153
40.68 -0.01382057
40.69 -0.01244219
40.7 -0.011624
40.71 -0.0100988
40.72 -0.009172178
40.73 -0.00923702
40.74 -0.009305694
40.75 -0.008739313
40.76 -0.006480203
40.77 -0.005712523
40.78 -0.004828771
40.79 -0.003885202
40.8 -0.004123057
40.81 -0.005181765
40.82 -0.005945094
40.83 -0.005530914
40.84 -0.004742287
40.85 -0.004246901
40.86 -0.003750569
40.87 -0.004074512
40.88 -0.004305507
40.89 -0.003819975
40.9 -0.003196904
40.91 -0.003166647
40.92 -0.00390774
40.93 -0.004414981
40.94 -0.004075863
40.95 -0.003985432
40.96 -0.004464051
40.97 -0.003949181
40.98 -0.003727695
40.99 -0.003433223
41 -0.002789085
41.01 -0.002333926
41.02 -0.00195257
41.03 -0.001678269
41.04 -0.001008724
41.05 -0.0005766562
41.06 -3.598096e-05
41.07 0.0003041653
41.08 -0.0006437386
41.09 -0.001092282
41.1 -0.001310372
41.11 -0.0009823899
41.12 -0.0004330664
41.13 -0.0003774318
41.14 -0.0002107798
41.15 -0.0003096206
41.16 -0.001216296
41.17 -0.001528257
41.18 -0.0008387739
41.19 8.770168e-05
41.2 0.001127896
41.21 0.001290122
41.22 0.002086237
41.23 0.003854038
41.24 0.004510559
41.25 0.005035559
41.26 0.00513407
41.27 0.005706351
41.28 0.006449308
41.29 0.007078639
41.3 0.007205149
41.31 0.006988329
41.32 0.007349416
41.33 0.007865969
41.34 0.008176897
41.35 0.008044952
41.36 0.007524879
41.37 0.007535919
41.38 0.007599043
41.39 0.007781522
41.4 0.00753958
41.41 0.007005256
41.42 0.006826829
41.43 0.00671523
41.44 0.007005576
41.45 0.006658479
41.46 0.006413778
41.47 0.006721977
41.48 0.006983953
41.49 0.007453785
41.5 0.008173486
41.51 0.009069947
41.52 0.009742009
41.53 0.009978188
41.54 0.01002383
41.55 0.01028032
41.56 0.01023284
41.57 0.009797368
41.58 0.009472651
41.59 0.009240527
41.6 0.009038684
41.61 0.008519192
41.62 0.008249569
41.63 0.008369116
41.64 0.008918521
41.65 0.009135776
41.66 0.009294763
41.67 0.009628749
41.68 0.01003225
41.69 0.01052848
41.7 0.01026515
41.71 0.00985162
41.72 0.00995391
41.73 0.009782114
41.74 0.009684669
41.75 0.009937516
41.76 0.01048804
41.77 0.01084493
41.78 0.01153179
41.79 0.01245688
41.8 0.01189517
41.81 0.01120874
41.82 0.01107911
41.83 0.01095553
41.84 0.01074766
41.85 0.0100636
41.86 0.008653706
41.87 0.007577259
41.88 0.006824884
41.89 0.00633266
41.9 0.006154801
41.91 0.005438896
41.92 0.004722613
41.93 0.004034368
41.94 0.003364881
41.95 0.002360229
41.96 0.001271065
41.97 0.0004389873
41.98 -3.094646e-06
41.99 0.0002328925
42 -0.0003018467
42.01 -0.0005926867
42.02 -0.0004073246
42.03 -0.000693344
42.04 -0.001157873
42.05 -0.0008974134
42.06 -0.0003770379
42.07 -0.0002687074
42.08 -0.0004749201
42.09 -0.0008971233
42.1 -0.0008136166
42.11 -0.0003760534
42.12 -1.568959e-05
42.13 0.0001943197
42.14 0.0004731026
42.15 0.001045448
42.16 0.001209684
42.17 0.001570297
42.18 0.002254236
42.19 0.003145326
42.2 0.003621253
42.21 0.003696424
42.22 0.003399315
42.23 0.00336869
42.24 0.003451749
42.25 0.00342328
42.26 0.003527078
42.27 0.003544994
42.28 0.003962096
42.29 0.004437384
42.3 0.004186997
42.31 0.003801084
42.32 0.003672036
42.33 0.004051977
42.34 0.004142019
42.35 0.004189517
42.36 0.004202383
42.37 0.00416765
42.38 0.004188984
42.39 0.004034103
42.4 0.003913338
42.41 0.003700726
42.42 0.003086324
42.43 0.002371192
42.44 0.001955004
42.45 0.001996941
42.46 0.001715827
42.47 0.001329574
42.48 0.001089296
42.49 0.001187364
42.5 0.001256003
42.51 0.00123295
42.52 0.001607611
42.53 0.002351137
42.54 0.002456679
42.55 0.00238708
42.56 0.002565212
42.57 0.002902214
42.58 0.002672258
42.59 0.002163699
42.6 0.002310206
42.61 0.003139865
42.62 0.003785992
42.63 0.003936631
42.64 0.004579419
42.65 0.005163759
42.66 0.005149254
42.67 0.005535839
42.68 0.006042055
42.69 0.006444005
42.7 0.006390698
42.71 0.006293691
42.72 0.006101212
42.73 0.005660385
42.74 0.005498483
42.75 0.005466748
42.76 0.005218896
42.77 0.004980764
42.78 0.004702878
42.79 0.004868969
42.8 0.004726219
42.81 0.004059945
42.82 0.003697745
42.83 0.003584654
42.84 0.003530535
42.85 0.003566742
42.86 0.003259927
42.87 0.00290338
42.88 0.002841086
42.89 0.002556279
42.9 0.002429732
42.91 0.002206557
42.92 0.002152142
42.93 0.002402016
42.94 0.002277975
42.95 0.002201876
42.96 0.002148833
42.97 0.002015126
42.98 0.002074711
42.99 0.001965103
43 0.001949875
43.01 0.001805689
43.02 0.001818613
43.03 0.001927009
43.04 0.001842244
43.05 0.001882866
43.06 0.001893225
43.07 0.001768013
43.08 0.001590792
43.09 0.001624305
43.1 0.001749561
43.11 0.001862812
43.12 0.00192519
43.13 0.001881759
43.14 0.00178351
43.15 0.001427504
43.16 0.0009569829
43.17 0.0008928026
43.18 0.0009125496
43.19 0.0007087871
43.2 0.0003133574
43.21 4.297559e-05
43.22 7.000897e-05
43.23 5.827551e-05
43.24 -0.0002124186
43.25 -0.0006061192
43.26 -0.0006855312
43.27 -0.0006178791
43.28 -0.0003258694
43.29 -0.0001756633
43.3 -0.0002722306
43.31 -0.0002069413
43.32 -7.885353e-05
43.33 2.494194e-05
43.34 6.658381e-05
43.35 6.128807e-05
43.36 6.518588e-06
43.37 -6.813491e-05
43.38 -0.0001274242
43.39 -0.0001559663
43.4 -0.0002376858
43.41 -0.000243919
43.42 -0.0002790351
43.43 -0.000350416
43.44 -0.0002801676
43.45 -0.0003228213
43.46 -0.0004247469
43.47 -0.0004743969
43.48 -0.000589716
43.49 -0.0007907802
43.5 -0.0009776067
43.51 -0.001272558
43.52 -0.001566883
43.53 -0.001793496
43.54 -0.001861981
43.55 -0.001984224
43.56 -0.0020578
43.57 -0.002085028
43.58 -0.00211384
43.59 -0.002253999
43.6 -0.002386664
43.61 -0.00231276
43.62 -0.002254448
43.63 -0.002235746
43.64 -0.002170259
43.65 -0.002275372
43.66 -0.002579922
43.67 -0.002588602
43.68 -0.002402278
43.69 -0.002378812
43.7 -0.002407755
43.71 -0.002361674
43.72 -0.002306973
43.73 -0.00226963
43.74 -0.002233364
43.75 -0.002271107
43.76 -0.002265704
43.77 -0.0021123
43.78 -0.002039595
43.79 -0.002024583
43.8 -0.001991256
43.81 -0.001948571
43.82 -0.001908104
43.83 -0.001871267
43.84 -0.001832968
43.85 -0.001789497
43.86 -0.001665751
43.87 -0.001602251
43.88 -0.001620475
43.89 -0.001604745
43.9 -0.001569754
43.91 -0.001545531
43.92 -0.001582519
43.93 -0.001644385
43.94 -0.001603447
43.95 -0.001637789
43.96 -0.001618804
43.97 -0.001561766
43.98 -0.001560965
43.99 -0.001538976
44 -0.001491563
44.01 -0.00145184
44.02 -0.001417772
44.03 -0.001382321
44.04 -0.001346959
44.05 -0.001311882
44.06 -0.001275898
44.07 -0.001240945
44.08 -0.00120919
44.09 -0.0011791
44.1 -0.00115419
44.11 -0.001154688
44.12 -0.001122011
44.13 -0.001087707
44.14 -0.001067811
44.15 -0.001058459
44.16 -0.001032257
44.17 -0.0009856534
44.18 -0.0009470242
44.19 -0.0009016773
44.2 -0.0008695729
44.21 -0.0008504804
44.22 -0.0008304922
44.23 -0.0008145324
44.24 -0.0007981147
44.25 -0.0007700647
44.26 -0.0007484222
44.27 -0.0007317032
44.28 -0.0007097968
44.29 -0.0006802381
44.3 -0.0006726232
44.31 -0.000657831
44.32 -0.000642978
44.33 -0.0006331277
44.34 -0.0006192088
44.35 -0.0006040986
44.36 -0.0005903253
44.37 -0.0005767848
44.38 -0.0005636855
44.39 -0.0005513463
44.4 -0.0005394351
44.41 -0.0005281197
44.42 -0.0005199022
44.43 -0.0005109386
44.44 -0.0004995398
44.45 -0.0004884133
44.46 -0.0004781408
44.47 -0.0004681823
44.48 -0.0004584988
44.49 -0.0004488943
44.5 -0.0004381984
44.51 -0.0004283141
44.52 -0.0004179419
44.53 -0.0004086661
44.54 -0.0004011845
44.55 -0.0003949286
44.56 -0.0003875608
44.57 -0.0003814932
44.58 -0.0003760486
44.59 -0.0003705363
44.6 -0.0003654481
44.61 -0.0003611916
44.62 -0.0003560985
44.63 -0.000351825
44.64 -0.0003478422
44.65 -0.0003432978
44.66 -0.000339019
44.67 -0.0003347465
44.68 -0.000330341
44.69 -0.0003262432
44.7 -0.0003223997
44.71 -0.00031832
44.72 -0.0003142169
44.73 -0.000310167
44.74 -0.0003061708
44.75 -0.0003021494
44.76 -0.000298354
44.77 -0.0002947387
44.78 -0.0002911217
44.79 -0.0002876329
44.8 -0.0002843177
44.81 -0.0002810012
44.82 -0.0002777099
44.83 -0.0002743869
44.84 -0.0002711072
44.85 -0.0002679049
44.86 -0.0002647509
44.87 -0.0002616347
44.88 -0.0002585687
44.89 -0.0002555504
44.9 -0.0002525751
44.91 -0.0002496407
44.92 -0.0002467463
44.93 -0.0002438941
44.94 -0.0002410824
44.95 -0.000238311
44.96 -0.00023558
44.97 -0.0002328896
44.98 -0.00023024
