0 5.199924e-06
0.01 5.122743e-06
0.02 5.045983e-06
0.03 4.969645e-06
0.04 4.893725e-06
0.05 4.818224e-06
0.06 4.74314e-06
0.07 4.668471e-06
0.08 4.594216e-06
0.09 4.520374e-06
0.1 4.446943e-06
0.11 4.373923e-06
0.12 4.30131e-06
0.13 3.209106e-06
0.14 3.137307e-06
0.15 3.065913e-06
0.16 2.994923e-06
0.17 2.924335e-06
0.18 2.854147e-06
0.19 2.78436e-06
0.2 2.71497e-06
0.21 2.645977e-06
0.22 2.57738e-06
0.23 2.509177e-06
0.24 2.441368e-06
0.25 2.37395e-06
0.26 2.306922e-06
0.27 2.240284e-06
0.28 2.174033e-06
0.29 2.108169e-06
0.3 2.04269e-06
0.31 1.977596e-06
0.32 1.912884e-06
0.33 1.848554e-06
0.34 1.784603e-06
0.35 1.721033e-06
0.36 1.657839e-06
0.37 1.595022e-06
0.38 1.53258e-06
0.39 4.505119e-07
0.4 2.428817e-06
0.41 -6.925068e-07
0.42 4.346539e-06
0.43 -2.854046e-06
0.44 5.245737e-06
0.45 -5.014114e-06
0.46 6.146401e-06
0.47 -6.15272e-06
0.48 8.068521e-06
0.49 -8.309874e-06
0.5 8.972085e-06
0.51 -9.44559e-06
0.52 9.877089e-06
0.53 -1.057988e-05
0.54 9.763517e-06
0.55 -9.672741e-06
0.56 6.591363e-06
0.57 -4.684187e-06
0.58 -4.739386e-06
0.59 0.0004368658
0.6 7.675126e-05
0.61 -3.652289e-05
0.62 2.56433e-05
0.63 -2.337016e-05
0.64 1.737671e-05
0.65 -1.837606e-05
0.66 1.31915e-05
0.67 -1.44006e-05
0.68 9.007644e-06
0.69 -1.246377e-05
0.7 5.845136e-06
0.71 -9.505616e-06
0.72 3.703969e-06
0.73 -7.566114e-06
0.74 5.441336e-07
0.75 -5.625288e-06
0.76 -5.743813e-07
0.77 -4.703146e-06
0.78 -2.711584e-06
0.79 -3.779696e-06
0.8 -2.807483e-06
0.81 -3.874947e-06
0.82 -3.922088e-06
0.83 -3.968909e-06
0.84 -4.015409e-06
0.85 -4.06159e-06
0.86 -4.107454e-06
0.87 -4.153001e-06
0.88 -4.198233e-06
0.89 -4.243152e-06
0.9 -5.307756e-06
0.91 -4.332048e-06
0.92 -5.396029e-06
0.93 -4.419701e-06
0.94 -6.503064e-06
0.95 -3.486119e-06
0.96 -7.608867e-06
0.97 -2.551311e-06
0.98 -9.733449e-06
0.99 -1.615287e-06
1 -1.185682e-05
1.01 -6.780541e-07
1.02 -1.295899e-05
1.03 1.280378e-06
1.04 -1.507996e-05
1.05 2.22e-06
1.06 -1.617974e-05
1.07 3.160804e-06
1.08 -1.727835e-05
1.09 2.062782e-06
1.1 -1.633579e-05
1.11 -1.074076e-06
1.12 -1.131207e-05
1.13 -1.338977e-05
1.14 0.0004312928
1.15 6.813567e-05
1.16 -4.206118e-05
1.17 1.604225e-05
1.18 -2.887403e-05
1.19 8.829962e-06
1.2 -2.384576e-05
1.21 4.678797e-06
1.22 -2.187637e-05
1.23 2.568745e-06
1.24 -2.194586e-05
1.25 3.519798e-06
1.26 -2.405426e-05
1.27 6.511947e-06
1.28 -3.024157e-05
1.29 1.358518e-05
1.3 -3.948779e-05
1.31 2.57595e-05
1.32 -5.791293e-05
1.33 5.425489e-05
1.34 -0.0001140771
1.35 0.0002653313
1.36 0.0002999799
1.37 -4.379115e-05
1.38 -4.5862e-05
1.39 0.0002029874
1.4 0.000364117
1.41 -0.000120413
1.42 6.417718e-05
1.43 -7.967238e-05
1.44 5.901831e-05
1.45 -0.0001113507
1.46 0.0002476605
1.47 0.000325152
1.48 -9.001637e-05
1.49 3.133559e-05
1.5 -4.51922e-05
1.51 1.088026e-05
1.52 -3.402703e-05
1.53 2.665913e-06
1.54 -2.898089e-05
1.55 -1.467447e-06
1.56 -2.597376e-05
1.57 -4.579832e-06
1.58 -2.398566e-05
1.59 -6.67125e-06
1.6 -2.199659e-05
1.61 -8.761709e-06
1.62 -2.102658e-05
1.63 -1.085122e-05
1.64 -1.801562e-05
1.65 -1.599977e-05
1.66 -1.194371e-05
1.67 -2.828741e-05
1.68 0.0004306892
1.69 5.22459e-05
1.7 -4.26371e-05
1.71 1.801264e-07
1.72 -2.942242e-05
1.73 -8.024735e-06
1.74 -2.436682e-05
1.75 -1.214869e-05
1.76 -2.339033e-05
1.77 -1.015175e-05
1.78 -3.261294e-05
1.79 0.0004284061
1.8 5.200534e-05
1.81 -4.79752e-05
1.82 3.004495e-06
1.83 -3.78156e-05
1.84 -3.155474e-06
1.85 -3.479513e-05
1.86 -6.254577e-06
1.87 -3.17738e-05
1.88 -9.352822e-06
1.89 -2.977162e-05
1.9 -1.143022e-05
1.91 -2.77686e-05
1.92 -1.452676e-05
1.93 -2.576473e-05
1.94 -1.762248e-05
1.95 -2.376003e-05
1.96 -1.969737e-05
1.97 -2.27745e-05
1.98 -2.075142e-05
1.99 -2.280815e-05
2 -2.180468e-05
2.01 -2.284099e-05
2.02 -2.285711e-05
2.03 -2.287303e-05
2.04 -2.288876e-05
2.05 -2.392427e-05
2.06 -2.393959e-05
2.07 -2.395472e-05
2.08 -2.396965e-05
2.09 -2.398439e-05
2.1 -2.399893e-05
2.11 -2.503328e-05
2.12 -2.504743e-05
2.13 -2.506139e-05
2.14 -2.507517e-05
2.15 -2.508875e-05
2.16 -2.612214e-05
2.17 -2.613535e-05
2.18 -2.614836e-05
2.19 -2.61612e-05
2.2 -2.617385e-05
2.21 -2.61863e-05
2.22 -2.721858e-05
2.23 -2.723068e-05
2.24 -2.724258e-05
2.25 -2.725431e-05
2.26 -2.726587e-05
2.27 -2.829724e-05
2.28 -2.830843e-05
2.29 -2.831944e-05
2.3 -2.833027e-05
2.31 -2.834093e-05
2.32 -2.937142e-05
2.33 -2.938173e-05
2.34 -2.939186e-05
2.35 -2.940182e-05
2.36 -2.94116e-05
2.37 -3.044122e-05
2.38 -3.045066e-05
2.39 -3.045994e-05
2.4 -3.046905e-05
2.41 -3.047799e-05
2.42 -3.150676e-05
2.43 -3.151536e-05
2.44 -3.152379e-05
2.45 -3.153206e-05
2.46 -3.256017e-05
2.47 -3.256812e-05
2.48 -3.257589e-05
2.49 -3.258351e-05
2.5 -3.259097e-05
2.51 -3.361826e-05
2.52 -3.36254e-05
2.53 -3.363238e-05
2.54 -3.36392e-05
2.55 -3.466586e-05
2.56 -3.467236e-05
2.57 -3.467871e-05
2.58 -3.468491e-05
2.59 -3.571095e-05
2.6 -3.469683e-05
2.61 -3.572256e-05
2.62 -3.470814e-05
2.63 -3.675357e-05
2.64 -3.471885e-05
2.65 -3.880398e-05
2.66 -3.370896e-05
2.67 -4.085379e-05
2.68 -3.269848e-05
2.69 -4.290301e-05
2.7 -3.16874e-05
2.71 -4.495164e-05
2.72 -3.067574e-05
2.73 -4.69997e-05
2.74 -2.864351e-05
2.75 -4.904718e-05
2.76 -2.763072e-05
2.77 -5.00741e-05
2.78 -2.763735e-05
2.79 -5.110046e-05
2.8 -2.968343e-05
2.81 -4.702626e-05
2.82 -3.988896e-05
2.83 0.0003925885
2.84 4.374607e-05
2.85 -8.375621e-05
2.86 -6.238372e-06
2.87 -7.254039e-05
2.88 -1.134227e-05
2.89 -7.050402e-05
2.9 -1.440564e-05
2.91 -6.846714e-05
2.92 -1.64485e-05
2.93 -6.642972e-05
2.94 -2.155083e-05
2.95 -6.133181e-05
2.96 -3.379264e-05
2.97 0.0003813466
2.98 4.678604e-05
2.99 -9.193443e-05
3 -5.234769e-06
3.01 -7.765498e-05
3.02 -1.441509e-05
3.03 -7.153505e-05
3.04 -2.257491e-05
3.05 -6.235463e-05
3.06 -3.889425e-05
3.07 0.0003823663
3.08 3.964689e-05
3.09 -8.887236e-05
3.1 -1.441148e-05
3.11 -7.25505e-05
3.12 -2.460941e-05
3.13 -6.642819e-05
3.14 -3.072685e-05
3.15 -6.23454e-05
3.16 -3.480385e-05
3.17 -6.030218e-05
3.18 -3.684038e-05
3.19 -6.029849e-05
3.2 -3.785648e-05
3.21 -6.131436e-05
3.22 -3.683213e-05
3.23 -6.334979e-05
3.24 -3.478734e-05
3.25 -6.742478e-05
3.26 -2.968212e-05
3.27 -7.455934e-05
3.28 -2.253647e-05
3.29 -8.679348e-05
3.3 -2.130397e-06
3.31 -0.0001316672
3.32 0.000192696
3.33 0.0003059195
3.34 -0.000155117
3.35 0.0004548466
3.36 -3.27097e-05
3.37 -3.372589e-05
3.38 -8.166199e-05
3.39 -1.637799e-05
3.4 0.0003079861
3.41 0.0002692303
3.42 0.0002600546
3.43 -0.000110201
3.44 -2.96165e-05
3.45 -6.531192e-05
3.46 -5.204723e-05
3.47 -5.306245e-05
3.48 -6.223758e-05
3.49 -4.693262e-05
3.5 -6.528756e-05
3.51 -4.692242e-05
3.52 -6.425718e-05
3.53 -5.609185e-05
3.54 0.0003763935
3.55 2.653908e-05
3.56 -9.789532e-05
3.57 -2.648963e-05
3.58 -8.462386e-05
3.59 -3.4638e-05
3.6 -7.849205e-05
3.61 -4.074601e-05
3.62 -7.337989e-05
3.63 -4.685368e-05
3.64 -6.826739e-05
3.65 -5.296102e-05
3.66 -6.315456e-05
3.67 -6.008802e-05
3.68 -5.70214e-05
3.69 -6.82347e-05
3.7 -4.884791e-05
3.71 -7.842105e-05
3.72 -3.76141e-05
3.73 -9.472709e-05
3.74 -1.311998e-05
3.75 -0.0001457128
3.76 0.0001888545
3.77 0.0002827018
3.78 -0.0001436508
3.79 -1.61433e-05
3.8 -9.569575e-05
3.81 -3.85681e-05
3.82 -8.344038e-05
3.83 -4.773259e-05
3.84 -7.832474e-05
3.85 -5.281681e-05
3.86 -7.524879e-05
3.87 -5.484073e-05
3.88 -7.421258e-05
3.89 -5.788436e-05
3.9 -7.215607e-05
3.91 -6.092772e-05
3.92 -6.805929e-05
3.93 -7.315079e-05
3.94 0.0003736177
3.95 9.486398e-06
3.96 -0.0001006649
3.97 -4.251614e-05
3.98 -8.840732e-05
3.99 -4.963842e-05
4 -8.430947e-05
4.01 -5.370044e-05
4.02 -8.123136e-05
4.03 -5.776221e-05
4.04 -7.917299e-05
4.05 -6.080372e-05
4.06 -7.711438e-05
4.07 -6.384498e-05
4.08 -7.505553e-05
4.09 -6.6886e-05
4.1 -7.299643e-05
4.11 -6.89068e-05
4.12 -7.297709e-05
4.13 -6.990734e-05
4.14 -7.295753e-05
4.15 -7.090767e-05
4.16 -7.293774e-05
4.17 -7.190775e-05
4.18 -7.39377e-05
4.19 -7.188762e-05
4.2 -7.391747e-05
4.21 -7.288726e-05
4.22 -7.389703e-05
4.23 -7.388672e-05
4.24 -7.285635e-05
4.25 -7.590594e-05
4.26 -7.181547e-05
4.27 -7.996496e-05
4.28 -6.771439e-05
4.29 -8.708377e-05
4.3 -6.05531e-05
4.31 -9.624238e-05
4.32 -4.829162e-05
4.33 -0.0001145808
4.34 -2.276994e-05
4.35 -0.000166579
4.36 0.0001812519
4.37 0.0002587829
4.38 -0.000148186
4.39 -4.413492e-05
4.4 -9.716377e-05
4.41 -7.063259e-05
4.42 -7.878136e-05
4.43 -8.693008e-05
4.44 -5.937877e-05
4.45 -0.0001277074
4.46 0.000125264
4.47 0.0003282555
4.48 -0.000262313
4.49 0.0002415785
4.5 0.0001967101
4.51 -8.479836e-05
4.52 -0.0001459867
4.53 0.0005884249
4.54 0.0007863167
4.55 -0.0001235115
4.56 -4.597972e-05
4.57 -0.0001071678
4.58 -6.839598e-05
4.59 -9.286408e-05
4.6 -7.857211e-05
4.61 -8.672014e-05
4.62 -8.26281e-05
4.63 -8.771604e-05
4.64 -7.852394e-05
4.65 -9.891181e-05
4.66 -5.809964e-05
4.67 -0.0001468274
4.68 0.0005529048
4.69 0.0009445971
4.7 0.0009038095
4.71 0.0002979417
4.72 -0.0001855259
4.73 -2.639358e-05
4.74 -0.0001294011
4.75 -6.104871e-05
4.76 -0.0001028563
4.77 -8.856371e-05
4.78 -6.917117e-05
4.79 -0.0001476986
4.8 0.000549994
4.81 0.0009386266
4.82 0.0009059994
4.83 0.000288912
4.84 -0.0001833353
4.85 -3.338262e-05
4.86 -0.0001343499
4.87 -5.477707e-05
4.88 -0.0001394243
4.89 7.682857e-05
4.9 0.0009316014
4.91 0.0006908944
4.92 -8.327278e-05
4.93 -8.937985e-05
4.94 -9.65069e-05
4.95 -8.935394e-05
4.96 -0.000106681
4.97 -5.668792e-05
4.98 -0.0006972349
4.99 -0.001187842
5 -0.0008797887
5.01 0.0004747844
5.02 0.001004177
5.03 0.0007838706
5.04 0.0009940038
5.05 0.0006492569
5.06 -0.0001565299
5.07 -0.001357057
5.08 -0.001377444
5.09 -0.0006358901
5.1 -0.0004022968
5.11 -5.140361e-05
5.12 -1.365032e-05
5.13 0.001130803
5.14 0.001649996
5.15 0.0009013296
5.16 0.0003321831
5.17 -0.0008265236
5.18 -0.00108559
5.19 -0.001104957
5.2 -0.0009376635
5.21 7.929004e-05
5.22 0.0008687835
5.23 0.0008779769
5.24 0.0004434703
5.25 0.0007902838
5.26 0.0009381973
5.27 0.0002823509
5.28 -0.0007825156
5.29 -0.001569942
5.3 -0.001053808
5.31 0.001145325
5.32 0.002037839
5.33 0.001055592
5.34 -0.0008058944
5.35 -0.0009731608
5.36 0.0004813727
5.37 0.001158667
5.38 0.00109748
5.39 -0.0008333665
5.4 -0.001080193
5.41 -0.001120979
5.42 -0.0009404256
5.43 0.000478408
5.44 0.001118982
5.45 0.001288316
5.46 0.000101049
5.47 0.0005019227
5.48 0.0009313562
5.49 0.00086609
5.5 0.0003040836
5.51 -0.0007842426
5.52 -0.001731809
5.53 -0.002063295
5.54 -0.0002364617
5.55 0.0008988119
5.56 0.0008396657
5.57 0.0008845594
5.58 0.000854993
5.59 0.0004449667
5.6 0.0007611804
5.61 0.0009498941
5.62 0.0002369278
5.63 -0.0007371585
5.64 -0.001779585
5.65 -0.002026412
5.66 -0.0002842375
5.67 0.0009591562
5.68 0.0002155899
5.69 -0.0002127965
5.7 0.0005175371
5.71 0.0009510508
5.72 0.0006817845
5.73 -0.0006931618
5.74 -0.001241908
5.75 -0.0008318545
5.76 -0.0006390608
5.77 -0.0001096671
5.78 -0.0002391936
5.79 0.00115108
5.8 0.001965054
5.81 0.001693747
5.82 7.196097e-05
5.83 -0.001153045
5.84 -0.001636512
5.85 -0.002258698
5.86 -0.001392705
5.87 -0.000549151
5.88 0.0007432025
5.89 0.001887656
5.9 0.00178363
5.91 0.001881563
5.92 0.001794877
5.93 0.00136955
5.94 -0.0002144961
5.95 -0.002575782
5.96 -0.001981109
5.97 -0.0009468156
5.98 0.000452638
5.99 0.0009759115
6 0.000217045
6.01 -0.0007825415
6.02 -0.001173188
6.03 -0.001088515
6.04 -0.0005652413
6.05 6.309218e-05
6.06 -0.0008967145
6.07 -0.000387721
6.08 0.001563553
6.09 0.002268386
6.1 0.001838979
6.11 -2.454753e-05
6.12 -0.001118994
6.13 -0.001040441
6.14 0.0007221324
6.15 0.001715626
6.16 0.000680339
6.17 -0.0003121077
6.18 -0.0009699945
6.19 -6.116121e-05
6.2 -0.000355928
6.21 -0.001080114
6.22 -0.001151501
6.23 -0.0009495284
6.24 -1.213525e-05
6.25 0.001058878
6.26 0.001216991
6.27 0.0006294841
6.28 -0.0007179227
6.29 -0.001203429
6.3 -0.001089176
6.31 -0.0005801836
6.32 0.0001501494
6.33 0.0007825624
6.34 0.0008529554
6.35 0.0009590485
6.36 0.002415622
6.37 0.003498874
6.38 0.003157187
6.39 0.0007785601
6.4 -0.002297747
6.41 -0.003770614
6.42 -0.002277321
6.43 -0.0004933285
6.44 -4.145566e-05
6.45 -0.0002525829
6.46 0.0001054499
6.47 0.0007582626
6.48 0.001030616
6.49 0.001829288
6.5 0.001236681
6.51 0.0002615734
6.52 0.000907246
6.53 0.0004655986
6.54 -0.001133748
6.55 -0.001072536
6.56 -0.001208183
6.57 -0.0004625512
6.58 -0.0001320587
6.59 1.38138e-05
6.6 0.0008308463
6.61 0.0008736988
6.62 0.0001025911
6.63 -0.001437596
6.64 -0.001787444
6.65 0.0006544481
6.66 0.001768301
6.67 2.309276e-05
6.68 -0.001353895
6.69 -0.002065842
6.7 -0.00215151
6.71 -0.001944438
6.72 -0.0005735462
6.73 0.000563766
6.74 0.0008187781
6.75 0.00142263
6.76 0.001935702
6.77 0.001167655
6.78 0.0001945862
6.79 -0.0002654218
6.8 -1.040982e-05
6.81 -0.000979398
6.82 -0.002718486
6.83 -0.003280494
6.84 -0.001663782
6.85 0.0005669695
6.86 0.0008954214
6.87 0.0001589931
6.88 0.0003925848
6.89 0.0004262565
6.9 -0.001030292
6.91 -0.0007334601
6.92 0.0007914516
6.93 0.0007547431
6.94 -0.001422945
6.95 -0.002147134
6.96 -0.0002825623
6.97 0.001319869
6.98 0.0007262406
6.99 -0.000757848
7 -0.001289257
7.01 -0.0002804652
7.02 0.0003193061
7.03 -0.0004966826
7.04 -0.0009097714
7.05 -4.07201e-05
7.06 0.0008976911
7.07 0.0001633023
7.08 -0.0002018466
7.09 -0.0002487555
7.1 -0.001387065
7.11 -0.001917454
7.12 -0.001045343
7.13 0.0006070687
7.14 0.002036099
7.15 0.00276439
7.16 0.002221761
7.17 0.001100792
7.18 0.0002542031
7.19 -0.001002427
7.2 -0.002333515
7.21 -0.003083204
7.22 -0.003107673
7.23 -0.002591543
7.24 -0.0007024926
7.25 0.001720018
7.26 0.002808369
7.27 0.002701279
7.28 0.00352647
7.29 0.00494224
7.3 0.003728451
7.31 0.001069321
7.32 -0.001556149
7.33 -0.004016378
7.34 -0.005006788
7.35 -0.003147318
7.36 -0.0003331276
7.37 0.0009398427
7.38 0.0004023127
7.39 -0.0006758171
7.4 -0.001077687
7.41 -0.001168457
7.42 -0.001042987
7.43 9.840304e-05
7.44 0.0005380329
7.45 0.0004901029
7.46 0.0008338527
7.47 0.0009736025
7.48 0.001775332
7.49 0.002274122
7.5 0.001152131
7.51 -0.001080638
7.52 -0.002043508
7.53 -0.0004563791
7.54 -0.0002054495
7.55 4.038007e-05
7.56 0.0007492895
7.57 0.0009216792
7.58 -0.0001176914
7.59 -0.002888002
7.6 -0.002300473
7.61 0.0009339566
7.62 0.002733246
7.63 0.002800575
7.64 0.002623104
7.65 0.001074753
7.66 -0.0005021573
7.67 -0.0008928081
7.68 -0.0001196391
7.69 0.00108499
7.7 0.001536859
7.71 0.0008646879
7.72 0.0007290368
7.73 0.001041166
7.74 0.001606255
7.75 0.0006862234
7.76 -0.001320108
7.77 -0.003098979
7.78 -0.00397005
7.79 -0.002830702
7.8 0.0001354669
7.81 0.003207715
7.82 0.003668764
7.83 0.002341752
7.84 -0.001138479
7.85 -0.003331471
7.86 -0.003552803
7.87 -0.002224754
7.88 -0.001135386
7.89 -0.001185357
7.9 -0.0006141491
7.91 0.000663919
7.92 0.002841627
7.93 0.002967096
7.94 0.001937924
7.95 0.0001386514
7.96 -0.0001255206
7.97 0.001483027
7.98 0.001792095
7.99 0.001797203
8 0.001651351
8.01 0.0005834187
8.02 0.0003274065
8.03 -0.0007405258
8.04 -0.0008119183
8.05 -0.00156773
8.06 -0.002969203
8.07 -0.002497955
8.08 -0.001516708
8.09 -0.0005242404
8.1 0.000584507
8.11 0.001994154
8.12 0.0003213617
8.13 -0.001883871
8.14 -0.002077664
8.15 -0.0003456965
8.16 0.0008762707
8.17 0.0001785978
8.18 -0.000320175
8.19 0.000101092
8.2 0.000128639
8.21 -0.000234474
8.22 -8.452708e-05
8.23 0.00161276
8.24 0.002711307
8.25 0.0009630335
8.26 -0.0003088998
8.27 0.000542807
8.28 0.0001082937
8.29 -0.001942919
8.3 -0.001443113
8.31 0.0007111334
8.32 0.00167504
8.33 0.0005714063
8.34 -0.0002211271
8.35 -0.002018361
8.36 -0.003116894
8.37 -0.003320888
8.38 -0.003421862
8.39 -0.001238036
8.4 -0.0001547893
8.41 -0.0003536832
8.42 -0.001285957
8.43 -0.002783311
8.44 -0.002734345
8.45 -0.003044419
8.46 -0.003055633
8.47 -0.001283887
8.48 0.002281018
8.49 0.003844684
8.5 0.00355093
8.51 0.002497275
8.52 1.052158e-05
8.53 -0.001293033
8.54 -0.0007748671
8.55 0.0007887982
8.56 0.0007602438
8.57 0.0008459293
8.58 0.0006031747
8.59 -0.0001760998
8.6 -0.0006187745
8.61 -0.0002668692
8.62 -0.000150584
8.63 -0.0002229987
8.64 -4.041358e-05
8.65 0.0009622515
8.66 0.002316817
8.67 0.002963501
8.68 0.001841506
8.69 0.0008582317
8.7 2.489655e-05
8.71 -0.001816198
8.72 -0.002295594
8.73 -0.000755389
8.74 0.001563076
8.75 0.001763
8.76 0.001768105
8.77 0.001916009
8.78 0.002816674
8.79 0.002471919
8.8 -0.0005391166
8.81 -0.002969772
8.82 -0.002905508
8.83 -0.002189464
8.84 -0.002105819
8.85 -0.002198635
8.86 -0.00205787
8.87 -0.002397526
8.88 -0.002833062
8.89 -0.0002932582
8.9 0.002789186
8.91 0.00481083
8.92 0.003944854
8.93 0.001537657
8.94 -0.0001126984
8.95 -0.001184714
8.96 -0.00116431
8.97 -0.001017427
8.98 -0.0001575633
8.99 0.0002973605
9 0.001732504
9.01 0.002630107
9.02 0.001176612
9.03 0.0004595547
9.04 -0.001383582
9.05 -0.001523318
9.06 -0.0005196351
9.07 0.0004687483
9.08 0.0009022516
9.09 -0.0003645851
9.1 -0.002136322
9.11 -0.002974759
9.12 -0.001551856
9.13 -0.0005002327
9.14 0.0003361704
9.15 -0.0002931667
9.16 -0.001219323
9.17 -0.0008929208
9.18 0.002246642
9.19 0.006301145
9.2 0.007616947
9.21 0.00584215
9.22 0.004684453
9.23 0.004629375
9.24 0.003527779
9.25 0.002694441
9.26 0.001006343
9.27 -0.0008592342
9.28 -0.001175432
9.29 -0.001285589
9.3 -0.002217867
9.31 -0.001897585
9.32 -0.001314142
9.33 -0.0028217
9.34 -0.005537958
9.35 -0.007364775
9.36 -0.007344373
9.37 -0.006967992
9.38 -0.00702511
9.39 -0.004541408
9.4 -0.0006348058
9.41 0.001506176
9.42 0.001695898
9.43 0.0001618197
9.44 -0.0006674385
9.45 -0.0001227569
9.46 0.001499044
9.47 0.001645926
9.48 0.000799328
9.49 0.0007003895
9.5 -0.0007908489
9.51 -0.001792488
9.52 -0.002253526
9.53 -0.001366124
9.54 0.0005443366
9.55 0.0007809779
9.56 0.0009105191
9.57 -0.0004236397
9.58 -0.001871019
9.59 -0.002219857
9.6 -0.001451796
9.61 -0.001184555
9.62 -0.0003756943
9.63 0.0009962067
9.64 0.002509887
9.65 0.004429528
9.66 0.004843649
9.67 0.00389913
9.68 0.002761831
9.69 0.002063131
9.7 0.0006126921
9.71 0.001247133
9.72 0.002745513
9.73 0.002737354
9.74 0.002851594
9.75 0.002099854
9.76 0.001817316
9.77 0.001040076
9.78 -0.0007979641
9.79 -0.002465664
9.8 -0.005084003
9.81 -0.005889803
9.82 -0.004265963
9.83 -0.0004817629
9.84 0.002510917
9.85 0.002766937
9.86 0.002822018
9.87 0.002169217
9.88 0.001179817
9.89 -0.000411383
9.9 -0.001902623
9.91 -0.002550323
9.92 -0.002145384
9.93 0.0001842961
9.94 0.0007554958
9.95 -0.0001461846
9.96 0.001261415
9.97 0.002708795
9.98 0.002389534
9.99 0.002647593
10 0.002732252
10.01 -0.001645587
10.02 -0.008276609
10.03 -0.00934047
10.04 -0.004108889
10.05 0.0004056296
10.06 0.002473169
10.07 0.003350368
10.08 0.004186767
10.09 0.005715746
10.1 0.005147606
10.11 0.004477464
10.12 0.003816503
10.13 0.003655342
10.14 0.001904001
10.15 -0.00103156
10.16 -0.002162741
10.17 -0.001491583
10.18 -0.001051964
10.19 -0.001185585
10.2 -0.001016266
10.21 0.000733032
10.22 0.00354619
10.23 0.003585969
10.24 0.002778128
10.25 0.002847486
10.26 0.002061064
10.27 0.0004045828
10.28 -0.001207019
10.29 -0.00274824
10.3 -0.003074642
10.31 -0.000721504
10.32 0.001608174
10.33 0.001762192
10.34 0.00189683
10.35 0.001162428
10.36 0.0003290865
10.37 0.001410285
10.38 0.004292802
10.39 0.00332686
10.4 -0.0006327818
10.41 -0.000990804
10.42 -8.096612e-05
10.43 -0.0008847283
10.44 -0.00294615
10.45 -0.004251753
10.46 -0.005167715
10.47 -0.006116317
10.48 -0.00514732
10.49 -0.001621182
10.5 3.325496e-05
10.51 -0.0009765476
10.52 -0.00231989
10.53 -0.002963513
10.54 -0.001336615
10.55 0.0005503818
10.56 0.0007523391
10.57 -0.0003747635
10.58 -0.0005410263
10.59 0.0006890908
10.6 0.002459808
10.61 0.002920845
10.62 0.001577502
10.63 0.0005187391
10.64 -6.776385e-05
10.65 -0.0001534469
10.66 -0.0006767101
10.67 -0.001429473
10.68 -0.001868076
10.69 -0.001219359
10.7 -0.002816683
10.71 -0.002359725
10.72 -0.0003482892
10.73 0.002368987
10.74 0.005603404
10.75 0.0055983
10.76 0.006498957
10.77 0.006019554
10.78 0.00384491
10.79 0.0002871467
10.8 -0.003033977
10.81 -0.003928521
10.82 -0.002326104
10.83 -0.0003309878
10.84 0.002192488
10.85 0.004755744
10.86 0.00569618
10.87 0.006246977
10.88 0.005652313
10.89 0.004093749
10.9 0.001337706
10.91 -0.0003769184
10.92 -0.001214343
10.93 -0.002226186
10.94 -0.00388063
10.95 -0.007596494
10.96 -0.01129502
10.97 -0.01129502
10.98 -0.008369667
10.99 -0.003734792
11 0.002116945
11.01 0.00432422
11.02 0.003376636
11.03 0.003826451
11.04 0.005058607
11.05 0.004990263
11.06 0.002973718
11.07 0.001179534
11.08 0.0008337492
11.09 0.0002768246
11.1 0.00038698
11.11 0.002966556
11.12 0.002764591
11.13 0.0001717461
11.14 -0.002054918
11.15 -0.002409883
11.16 -0.002147749
11.17 -0.003791993
11.18 -0.005893198
11.19 -0.006921362
11.2 -0.004649827
11.21 -0.002186532
11.22 -0.003098418
11.23 -0.007549702
11.24 -0.008226987
11.25 -0.003671673
11.26 0.003068482
11.27 0.005717417
11.28 0.005542992
11.29 0.004666806
11.3 0.003268382
11.31 0.001393616
11.32 -0.0003210089
11.33 0.0006143258
11.34 0.0008111804
11.35 -0.002004025
11.36 -0.00561585
11.37 -0.005107896
11.38 -0.001650102
11.39 0.0007101733
11.4 -0.0004332523
11.41 -0.003104638
11.42 -0.003156663
11.43 -0.000136449
11.44 0.0005693854
11.45 -0.0018266
11.46 -0.003782966
11.47 -0.003432092
11.48 -0.002966977
11.49 -0.003086323
11.5 -0.003043489
11.51 -0.002920074
11.52 -0.001903141
11.53 -0.0004404666
11.54 0.002433887
11.55 0.006305802
11.56 0.007753174
11.57 0.005850869
11.58 0.004914504
11.59 0.006498557
11.6 0.008432471
11.61 0.006084425
11.62 0.001216979
11.63 -0.002536627
11.64 -0.004194133
11.65 -0.00322718
11.66 -0.001264705
11.67 0.0006416679
11.68 0.002736741
11.69 0.003722056
11.7 0.002527629
11.71 0.0001326624
11.72 -0.001339204
11.73 -0.00146875
11.74 -0.0003620568
11.75 0.0002968566
11.76 0.00080889
11.77 0.004311563
11.78 0.005930297
11.79 0.00503065
11.8 0.002323563
11.81 -0.001634043
11.82 -0.00369853
11.83 -0.003559816
11.84 -0.002104283
11.85 -0.00107919
11.86 -0.001079196
11.87 -0.001065943
11.88 -0.001112871
11.89 -0.0004753771
11.9 0.0001060161
11.91 0.001560529
11.92 0.003744342
11.93 0.004307375
11.94 0.002493808
11.95 0.001212681
11.96 0.0007434742
11.97 0.001620668
11.98 0.00127794
11.99 0.000269153
12 -0.0003785541
12.01 -0.0009354814
12.02 -0.001463848
12.03 -0.003521195
12.04 -0.004913503
12.05 -0.00597431
12.06 -0.005973297
12.07 -0.006468004
12.08 -0.007887852
12.09 -0.008693659
12.1 -0.005442926
12.11 -0.001981054
12.12 0.0007474386
12.13 0.003861491
12.14 0.006655264
12.15 0.009547977
12.16 0.008820709
12.17 0.0053578
12.18 0.002982213
12.19 0.001134986
12.2 -0.0009978414
12.21 -0.004491349
12.22 -0.006007077
12.23 -0.003497884
12.24 0.001084968
12.25 0.00301174
12.26 0.002743472
12.27 0.003461545
12.28 0.004472357
12.29 0.00227833
12.3 -0.003347999
12.31 -0.007362726
12.32 -0.007822755
12.33 -0.006393741
12.34 -0.005028989
12.35 -0.001394738
12.36 0.006714254
12.37 0.01331569
12.38 0.0151221
12.39 0.01392971
12.4 0.01179281
12.41 0.006914134
12.42 -0.0001799734
12.43 -0.004496622
12.44 -0.006706969
12.45 -0.006320398
12.46 -0.003253265
12.47 0.001506046
12.48 0.005383058
12.49 0.008757209
12.5 0.008772502
12.51 0.003353233
12.52 -0.003565435
12.53 -0.007183381
12.54 -0.006001211
12.55 -0.005021
12.56 -0.004915947
12.57 -0.005115876
12.58 -0.004039784
12.59 -0.001153193
12.6 0.002469839
12.61 0.00518813
12.62 0.004967802
12.63 0.003085893
12.64 0.0005358854
12.65 -0.002673043
12.66 -0.006331791
12.67 -0.00692238
12.68 -0.005054768
12.69 -0.002044757
12.7 0.0007643145
12.71 0.004465886
12.72 0.007536077
12.73 0.007017908
12.74 0.00242178
12.75 -0.002475248
12.76 -0.002965877
12.77 -0.0008116456
12.78 0.0006347058
12.79 0.001060037
12.8 0.002550249
12.81 0.00473406
12.82 0.002542071
12.83 -0.005239518
12.84 -0.009759146
12.85 -0.008426016
12.86 -0.004273604
12.87 -0.0007219727
12.88 0.002537938
12.89 0.005719309
12.9 0.006153821
12.91 0.003700712
12.92 0.001916723
12.93 0.001750454
12.94 0.0001153854
12.95 -0.003828964
12.96 -0.007824312
12.97 -0.008828001
12.98 -0.00703281
12.99 -0.002954859
13 0.002361372
13.01 0.004914423
13.02 0.004646154
13.03 0.003652665
13.04 0.002914176
13.05 0.002173646
13.06 -0.0006201421
13.07 -0.004687911
13.08 -0.007636739
13.09 -0.007949889
13.1 -0.007876458
13.11 -0.008528247
13.12 -0.008940336
13.13 -0.006298546
13.14 -0.0006334747
13.15 0.004416536
13.16 0.006316786
13.17 0.005099918
13.18 0.0004517687
13.19 -0.00444526
13.2 -0.00481553
13.21 -0.001362839
13.22 0.003005812
13.23 0.004874443
13.24 0.006580893
13.25 0.008512765
13.26 0.01047523
13.27 0.009984606
13.28 0.007400936
13.29 0.004125707
13.3 0.001198298
13.31 0.0006332086
13.32 -0.001961681
13.33 -0.00497069
13.34 -0.007195319
13.35 -0.007821609
13.36 -0.008078658
13.37 -0.006410967
13.38 -0.003020496
13.39 -0.002118826
13.4 -0.001452775
13.41 -0.0002563248
13.42 0.001043145
13.43 0.0005096764
13.44 -0.001708833
13.45 -0.003966102
13.46 -0.004810672
13.47 -0.003913081
13.48 -0.001722131
13.49 0.00141844
13.5 0.00410205
13.51 0.00549332
13.52 0.003395171
13.53 -0.001441678
13.54 -0.007302608
13.55 -0.01065127
13.56 -0.01073288
13.57 -0.009589475
13.58 -0.007223085
13.59 -0.004571094
13.6 -0.002133304
13.61 -0.0008991139
13.62 1.377647e-05
13.63 0.001679427
13.64 0.002433198
13.65 0.0007981278
13.66 -0.001774322
13.67 -0.003887772
13.68 -0.005477961
13.69 -0.004894531
13.7 -0.00384394
13.71 -0.00228947
13.72 0.002266861
13.73 0.007403571
13.74 0.008627562
13.75 0.007546353
13.76 0.006787462
13.77 0.006783373
13.78 0.006646683
13.79 0.005149314
13.8 0.004856564
13.81 0.006573214
13.82 0.008531604
13.83 0.009973876
13.84 0.01059912
13.85 0.01081229
13.86 0.009774946
13.87 0.006806737
13.88 0.003362187
13.89 -0.001419583
13.9 -0.007461052
13.91 -0.01161552
13.92 -0.009309311
13.93 -0.005534301
13.94 -0.00300675
13.95 -0.0002996804
13.96 0.001069149
13.97 -0.0007025997
13.98 -0.006969489
13.99 -0.0132578
14 -0.01650855
14.01 -0.01615462
14.02 -0.01236635
14.03 -0.002109238
14.04 0.01292963
14.05 0.02606314
14.06 0.03105297
14.07 0.02858354
14.08 0.02113039
14.09 0.01252566
14.1 0.006900354
14.11 0.002305245
14.12 -0.001112784
14.13 -0.001245394
14.14 6.835596e-05
14.15 0.001690146
14.16 0.005408036
14.17 0.008691407
14.18 0.008904578
14.19 0.004995928
14.2 0.000413058
14.21 -0.002395012
14.22 -0.006238381
14.23 -0.01046425
14.24 -0.01247366
14.25 -0.009764551
14.26 -0.00023062
14.27 0.01124641
14.28 0.02161878
14.29 0.02718491
14.3 0.0264658
14.31 0.01967157
14.32 0.009075801
14.33 -0.001927968
14.34 -0.01217387
14.35 -0.01718514
14.36 -0.01964641
14.37 -0.02057666
14.38 -0.01897629
14.39 -0.01636408
14.4 -0.01396709
14.41 -0.01454137
14.42 -0.01395182
14.43 -0.007755323
14.44 0.001965266
14.45 0.01012423
14.46 0.01334844
14.47 0.01300061
14.48 0.009438768
14.49 0.001991738
14.5 -0.008690731
14.51 -0.01786564
14.52 -0.02138465
14.53 -0.01921206
14.54 -0.01506169
14.55 -0.009463939
14.56 -0.002398409
14.57 0.003409462
14.58 0.004613052
14.59 0.001321503
14.6 -0.002720767
14.61 -0.006305056
14.62 -0.007146565
14.63 -0.006159216
14.64 -0.004678184
14.65 -0.002951334
14.66 -0.003822424
14.67 -0.003202274
14.68 0.001105176
14.69 0.01065338
14.7 0.02145415
14.71 0.02788831
14.72 0.03049338
14.73 0.02937443
14.74 0.02764348
14.75 0.02477319
14.76 0.0207707
14.77 0.01507501
14.78 0.007505582
14.79 -0.002273168
14.8 -0.01219778
14.81 -0.01896243
14.82 -0.02072092
14.83 -0.01897877
14.84 -0.01885638
14.85 -0.02055979
14.86 -0.02368916
14.87 -0.02635544
14.88 -0.02712045
14.89 -0.02293642
14.9 -0.01404611
14.91 -0.00378798
14.92 0.004060911
14.93 0.008289821
14.94 0.01028493
14.95 0.01027472
14.96 0.004681033
14.97 -0.009220557
14.98 -0.02470417
14.99 -0.03580892
15 -0.03385971
15.01 -0.02235819
15.02 -0.008805462
15.03 0.003022449
15.04 0.00919752
15.05 0.01081829
15.06 0.0098401
15.07 0.007418612
15.08 0.004017923
15.09 0.001790233
15.1 0.004565644
15.11 0.01177704
15.12 0.01909859
15.13 0.02303068
15.14 0.02146803
15.15 0.0155714
15.16 0.006530108
15.17 -0.003446519
15.18 -0.009520628
15.19 -0.01037234
15.2 -0.007123646
15.21 -0.002571396
15.22 0.001490235
15.23 0.002053266
15.24 -0.002582642
15.25 -0.01254601
15.26 -0.02199632
15.27 -0.02920161
15.28 -0.03424246
15.29 -0.03071428
15.3 -0.02201165
15.31 -0.008697605
15.32 0.007823327
15.33 0.02316004
15.34 0.03519297
15.35 0.04165874
15.36 0.04281847
15.37 0.0392862
15.38 0.03206969
15.39 0.02413102
15.4 0.01694817
15.41 0.01282532
15.42 0.01267129
15.43 0.01180122
15.44 0.007379519
15.45 0.001290111
15.46 -0.006083477
15.47 -0.01168838
15.48 -0.01409049
15.49 -0.01483
15.5 -0.01737287
15.51 -0.0206226
15.52 -0.02239027
15.53 -0.02465264
15.54 -0.02680179
15.55 -0.0248332
15.56 -0.01767791
15.57 -0.009118073
15.58 -0.0008112015
15.59 0.00558419
15.6 0.007557881
15.61 0.006585813
15.62 0.004918104
15.63 0.001153276
15.64 -0.005071792
15.65 -0.01379994
15.66 -0.02127349
15.67 -0.02599814
15.68 -0.02648366
15.69 -0.02245671
15.7 -0.01562068
15.71 -0.007371951
15.72 0.0001811404
15.73 0.007065111
15.74 0.0104362
15.75 0.01054023
15.76 0.01143272
15.77 0.0127169
15.78 0.01233643
15.79 0.01171014
15.8 0.01094309
15.81 0.01123583
15.82 0.01419484
15.83 0.01797597
15.84 0.02015876
15.85 0.02048414
15.86 0.01978033
15.87 0.01626948
15.88 0.009507889
15.89 0.003946841
15.9 -0.0007441468
15.91 -0.004587514
15.92 -0.008698124
15.93 -0.01160207
15.94 -0.01129098
15.95 -0.005615706
15.96 0.005363565
15.97 0.01827471
15.98 0.03196616
15.99 0.0386033
16 0.03826772
16.01 0.03381031
16.02 0.02840328
16.03 0.02318189
16.04 0.01678954
16.05 0.01036966
16.06 0.004223127
16.07 -0.001285901
16.08 -0.009095028
16.09 -0.01973976
16.1 -0.02637589
16.11 -0.02618923
16.12 -0.02135546
16.13 -0.01786911
16.14 -0.01624324
16.15 -0.01520896
16.16 -0.01718164
16.17 -0.02272025
16.18 -0.02889942
16.19 -0.03098533
16.2 -0.03112814
16.21 -0.02866688
16.22 -0.02171661
16.23 -0.01191238
16.24 -0.004818289
16.25 -0.002755856
16.26 -0.002838483
16.27 -0.002411111
16.28 -0.0003843782
16.29 0.0003408345
16.3 0.001949367
16.31 0.006274159
16.32 0.01013893
16.33 0.01235742
16.34 0.01191269
16.35 0.009653391
16.36 0.006253724
16.37 0.001613737
16.38 -0.00079449
16.39 0.0006916428
16.4 0.004289175
16.41 0.005654949
16.42 0.002007422
16.43 -0.002467325
16.44 -0.003085452
16.45 -0.001164799
16.46 0.001722814
16.47 0.005372367
16.48 0.01116188
16.49 0.01785205
16.5 0.0212721
16.51 0.0230469
16.52 0.02331005
16.53 0.0215332
16.54 0.0178561
16.55 0.01467982
16.56 0.01277241
16.57 0.00836294
16.58 0.002307192
16.59 -0.003164094
16.6 -0.0064995
16.61 -0.006781026
16.62 -0.004197373
16.63 8.080027e-06
16.64 0.004410394
16.65 0.006299427
16.66 0.006937941
16.67 0.005084594
16.68 -0.001083352
16.69 -0.008120338
16.7 -0.01427298
16.71 -0.01962493
16.72 -0.02405887
16.73 -0.02646608
16.74 -0.02572353
16.75 -0.02208927
16.76 -0.01569286
16.77 -0.007757269
16.78 -0.000540775
16.79 0.002882339
16.8 0.0002007528
16.81 -0.003589573
16.82 -0.00826526
16.83 -0.01191891
16.84 -0.01211271
16.85 -0.007491098
16.86 -0.0007295233
16.87 0.00254671
16.88 0.002597705
16.89 -0.0006907811
16.9 -0.004038427
16.91 -0.004811592
16.92 -0.001596559
16.93 0.002436515
16.94 0.00630027
16.95 0.01032315
16.96 0.01615958
16.97 0.02447359
16.98 0.03031411
16.99 0.0312321
17 0.02939813
17.01 0.02817821
17.02 0.02911456
17.03 0.03345058
17.04 0.03952161
17.05 0.04201856
17.06 0.03944612
17.07 0.03294769
17.08 0.02325871
17.09 0.01241611
17.1 0.001330742
17.11 -0.009872945
17.12 -0.02018311
17.13 -0.02854711
17.14 -0.0325955
17.15 -0.02823602
17.16 -0.02043711
17.17 -0.01333486
17.18 -0.005985761
17.19 0.0003535342
17.2 0.004741569
17.21 0.002932084
17.22 -0.003419461
17.23 -0.009335466
17.24 -0.01266883
17.25 -0.01537897
17.26 -0.01871846
17.27 -0.01963544
17.28 -0.01793511
17.29 -0.01667337
17.3 -0.014818
17.31 -0.0103147
17.32 -0.00658559
17.33 -0.006744714
17.34 -0.01069212
17.35 -0.0160104
17.36 -0.02032909
17.37 -0.02172037
17.38 -0.01845434
17.39 -0.009765983
17.4 0.0002759133
17.41 0.006328589
17.42 0.0103892
17.43 0.01573502
17.44 0.02075851
17.45 0.02489971
17.46 0.02643684
17.47 0.02306779
17.48 0.01707426
17.49 0.01152444
17.5 0.01136735
17.51 0.01525457
17.52 0.0183625
17.53 0.02003224
17.54 0.02141025
17.55 0.02422647
17.56 0.02588498
17.57 0.02461814
17.58 0.01962013
17.59 0.01162129
17.6 0.001933329
17.61 -0.006044095
17.62 -0.009878279
17.63 -0.01144399
17.64 -0.0120978
17.65 -0.01030057
17.66 -0.003702194
17.67 0.006931302
17.68 0.01487812
17.69 0.0190489
17.7 0.02109195
17.71 0.02160501
17.72 0.02059418
17.73 0.01885202
17.74 0.01525856
17.75 0.008623453
17.76 -0.0001679304
17.77 -0.009070493
17.78 -0.01470294
17.79 -0.01863708
17.8 -0.02283235
17.81 -0.02978773
17.82 -0.0368196
17.83 -0.04236841
17.84 -0.04562935
17.85 -0.04872506
17.86 -0.05210024
17.87 -0.05416064
17.88 -0.05237157
17.89 -0.04689519
17.9 -0.04191351
17.91 -0.03580066
17.92 -0.028525
17.93 -0.02214694
17.94 -0.01696433
17.95 -0.01287719
17.96 -0.01206527
17.97 -0.0127191
17.98 -0.01164912
17.99 -0.01083312
18 -0.008989985
18.01 -0.005940188
18.02 -0.0007789904
18.03 0.005057447
18.04 0.007348364
18.05 0.005991762
18.06 0.001641459
18.07 -0.002759844
18.08 -0.005641346
18.09 -0.003562589
18.1 0.001745489
18.11 0.009141508
18.12 0.01518399
18.13 0.01922216
18.14 0.02146718
18.15 0.01957304
18.16 0.01599079
18.17 0.01283389
18.18 0.01291039
18.19 0.01613155
18.2 0.0224994
18.21 0.02878056
18.22 0.03457518
18.23 0.03990162
18.24 0.04210481
18.25 0.04138775
18.26 0.03841139
18.27 0.03284219
18.28 0.02444759
18.29 0.01526861
18.3 0.007804247
18.31 0.001189545
18.32 -0.005249717
18.33 -0.01201334
18.34 -0.01989488
18.35 -0.02760404
18.36 -0.03372404
18.37 -0.03782751
18.38 -0.03997155
18.39 -0.03989709
18.4 -0.03936261
18.41 -0.03555699
18.42 -0.02786518
18.43 -0.01842304
18.44 -0.008186316
18.45 -0.001494097
18.46 0.002950042
18.47 0.004895181
18.48 0.003976159
18.49 0.0003153782
18.5 -0.003495343
18.51 -0.005172224
18.52 -0.003999225
18.53 -0.0007913263
18.54 0.0005846526
18.55 -0.001105489
18.56 -0.008161849
18.57 -0.01693997
18.58 -0.02199815
18.59 -0.01949405
18.6 -0.009997853
18.61 0.004017966
18.62 0.0183204
18.63 0.03100206
18.64 0.04088688
18.65 0.0474159
18.66 0.04999344
18.67 0.04728738
18.68 0.04150194
18.69 0.03228318
18.7 0.02002278
18.71 0.006112019
18.72 -0.006084121
18.73 -0.01160742
18.74 -0.008625961
18.75 -0.002606942
18.76 -0.001714443
18.77 -0.004422543
18.78 -0.009544983
18.79 -0.01850364
18.8 -0.03222366
18.81 -0.04364256
18.82 -0.04833456
18.83 -0.04912914
18.84 -0.04596918
18.85 -0.03801217
18.86 -0.02576707
18.87 -0.01338529
18.88 -0.001010644
18.89 0.01159043
18.9 0.02175983
18.91 0.02692001
18.92 0.02914157
18.93 0.03120095
18.94 0.03228929
18.95 0.03285539
18.96 0.03405185
18.97 0.03603575
18.98 0.03470568
18.99 0.02824194
19 0.0197841
19.01 0.01395072
19.02 0.01230954
19.03 0.0120321
19.04 0.01093764
19.05 0.005828462
19.06 -0.002946598
19.07 -0.0101631
19.08 -0.01175124
19.09 -0.009965216
19.1 -0.005759755
19.11 -0.0006464941
19.12 0.005885586
19.13 0.01215553
19.14 0.01805317
19.15 0.02250955
19.16 0.02325823
19.17 0.01930573
19.18 0.01068265
19.19 0.001776013
19.2 -0.004203225
19.21 -0.008550465
19.22 -0.01217452
19.23 -0.01477552
19.24 -0.0180487
19.25 -0.02306506
19.26 -0.02797431
19.27 -0.02969301
19.28 -0.03034785
19.29 -0.02991741
19.3 -0.02851083
19.31 -0.02742759
19.32 -0.02808447
19.33 -0.02784171
19.34 -0.02272335
19.35 -0.01267941
19.36 0.0005856965
19.37 0.01404562
19.38 0.02393656
19.39 0.03075832
19.4 0.03793096
19.41 0.04426108
19.42 0.0512593
19.43 0.05799947
19.44 0.05939177
19.45 0.05453453
19.46 0.04510769
19.47 0.03592055
19.48 0.03108167
19.49 0.02955678
19.5 0.03012696
19.51 0.03208026
19.52 0.03114288
19.53 0.02749945
19.54 0.02304103
19.55 0.01877234
19.56 0.0135581
19.57 0.005776518
19.58 -0.005224179
19.59 -0.01749172
19.6 -0.03040185
19.61 -0.03960633
19.62 -0.03974199
19.63 -0.02936451
19.64 -0.01419914
19.65 0.0006153375
19.66 0.01079596
19.67 0.01271356
19.68 0.007760445
19.69 0.000390948
19.7 -0.00126247
19.71 0.003915053
19.72 0.01015643
19.73 0.0109959
19.74 0.003947701
19.75 -0.008358595
19.76 -0.02275998
19.77 -0.03691553
19.78 -0.04719508
19.79 -0.05061718
19.8 -0.04862307
19.81 -0.04286517
19.82 -0.03013149
19.83 -0.01472949
19.84 -0.001258348
19.85 0.007843115
19.86 0.01030132
19.87 0.006755802
19.88 -0.0009472349
19.89 -0.01130941
19.9 -0.01912057
19.91 -0.01913382
19.92 -0.01166028
19.93 0.001706822
19.94 0.01249027
19.95 0.01315021
19.96 0.006692592
19.97 -0.0004953437
19.98 -0.00341764
19.99 -0.002856637
20 0.001853727
20.01 0.008896831
20.02 0.01266165
20.03 0.01124998
20.04 0.007274022
20.05 0.005879686
20.06 0.008352171
20.07 0.01301561
20.08 0.01657848
20.09 0.0162888
20.1 0.01295646
20.11 0.00567163
20.12 -0.002693387
20.13 -0.006453102
20.14 -0.005398418
20.15 -0.001475494
20.16 -0.00120009
20.17 -0.003673585
20.18 -0.002918781
20.19 0.004852603
20.2 0.0166081
20.21 0.02672447
20.22 0.03115433
20.23 0.02801784
20.24 0.0177546
20.25 0.005082129
20.26 -0.003326746
20.27 -0.004023401
20.28 0.001557023
20.29 0.008017707
20.3 0.007269032
20.31 -0.003490943
20.32 -0.01966508
20.33 -0.03416845
20.34 -0.03825661
20.35 -0.03827292
20.36 -0.03684798
20.37 -0.03497627
20.38 -0.03679391
20.39 -0.04149508
20.4 -0.04665424
20.41 -0.04587903
20.42 -0.03913887
20.43 -0.02803514
20.44 -0.01821968
20.45 -0.01148665
20.46 -0.01035343
20.47 -0.01324308
20.48 -0.01525758
20.49 -0.01131527
20.5 -0.004506769
20.51 -0.0005807838
20.52 -0.0001635985
20.53 -0.002679934
20.54 -0.002243367
20.55 0.0001413975
20.56 0.004569223
20.57 0.01012517
20.58 0.01369823
20.59 0.0141756
20.6 0.01292508
20.61 0.009867131
20.62 0.003568636
20.63 -0.003153158
20.64 -0.007482033
20.65 -0.008649927
20.66 -0.007813522
20.67 -0.007880835
20.68 -0.01027171
20.69 -0.01435579
20.7 -0.01797678
20.71 -0.01847862
20.72 -0.01499939
20.73 -0.009894281
20.74 -0.006149855
20.75 -0.005894849
20.76 -0.008838563
20.77 -0.01425476
20.78 -0.01908241
20.79 -0.02126827
20.8 -0.02146002
20.81 -0.01979436
20.82 -0.01765133
20.83 -0.01210252
20.84 -0.003641614
20.85 0.005952512
20.86 0.01425837
20.87 0.01643098
20.88 0.007999671
20.89 -0.01023181
20.9 -0.03157937
20.91 -0.04690996
20.92 -0.05097466
20.93 -0.04514433
20.94 -0.02959953
20.95 -0.008887404
20.96 0.01169212
20.97 0.02943196
20.98 0.04367423
20.99 0.0550095
21 0.06125394
21.01 0.06092653
21.02 0.05475248
21.03 0.04628954
21.04 0.03410667
21.05 0.01746232
21.06 0.003640309
21.07 -0.001723863
21.08 -0.003773036
21.09 -0.005315269
21.1 -0.005110242
21.11 -0.006341375
21.12 -0.008386468
21.13 -0.01229204
21.14 -0.01380367
21.15 -0.01308252
21.16 -0.0120411
21.17 -0.01180547
21.18 -0.01346092
21.19 -0.01606701
21.2 -0.01844463
21.21 -0.01763576
21.22 -0.009046337
21.23 0.00707273
21.24 0.02455146
21.25 0.0373851
21.26 0.04128865
21.27 0.03723313
21.28 0.02572755
21.29 0.008036675
21.3 -0.01195429
21.31 -0.02915863
21.32 -0.03787248
21.33 -0.03389345
21.34 -0.02088946
21.35 -0.00552724
21.36 0.01068669
21.37 0.02520639
21.38 0.03546046
21.39 0.03809818
21.4 0.03214037
21.41 0.02207808
21.42 0.01351928
21.43 0.01072347
21.44 0.01393239
21.45 0.02140491
21.46 0.02963938
21.47 0.03434159
21.48 0.03441606
21.49 0.0313887
21.5 0.03062167
21.51 0.03067982
21.52 0.02780649
21.53 0.02133868
21.54 0.01175476
21.55 0.002074977
21.56 -0.005999334
21.57 -0.01208668
21.58 -0.01605549
21.59 -0.01667156
21.6 -0.01418073
21.61 -0.0100283
21.62 -0.004617186
21.63 0.002048523
21.64 0.007562651
21.65 0.00856838
21.66 0.005365588
21.67 -0.001301123
21.68 -0.01005068
21.69 -0.01766395
21.7 -0.0239502
21.71 -0.02716727
21.72 -0.02739676
21.73 -0.02502118
21.74 -0.02022105
21.75 -0.0143387
21.76 -0.01091557
21.77 -0.009504898
21.78 -0.006519349
21.79 -0.0009307614
21.8 0.005451387
21.81 0.01223541
21.82 0.01771078
21.83 0.02323817
21.84 0.02894814
21.85 0.03306385
21.86 0.03469178
21.87 0.03169095
21.88 0.02731108
21.89 0.02212541
21.9 0.01874207
21.91 0.01694178
21.92 0.01730287
21.93 0.0189563
21.94 0.01941225
21.95 0.01986514
21.96 0.02037311
21.97 0.01880742
21.98 0.01497631
21.99 0.01149404
22 0.009979345
22.01 0.009831454
22.02 0.009238845
22.03 0.01003853
22.04 0.0124692
22.05 0.01443679
22.06 0.01390844
22.07 0.009369451
22.08 0.0009564992
22.09 -0.01124881
22.1 -0.02272482
22.11 -0.02879483
22.12 -0.02748106
22.13 -0.02282067
22.14 -0.01791548
22.15 -0.01305823
22.16 -0.007432926
22.17 -0.0003418764
22.18 0.005385432
22.19 0.007374443
22.2 0.006092312
22.21 0.001427862
22.22 -0.005416329
22.23 -0.01058772
22.24 -0.01486151
22.25 -0.01666792
22.26 -0.01674645
22.27 -0.01610078
22.28 -0.01510423
22.29 -0.01386696
22.3 -0.01025003
22.31 -0.006404622
22.32 -0.004852172
22.33 -0.008168182
22.34 -0.01488487
22.35 -0.02351814
22.36 -0.03335399
22.37 -0.04052152
22.38 -0.04224123
22.39 -0.03898436
22.4 -0.02978803
22.41 -0.01982568
22.42 -0.01337825
22.43 -0.01061404
22.44 -0.01175745
22.45 -0.01227866
22.46 -0.01044877
22.47 -0.007359184
22.48 -0.005743494
22.49 -0.004776524
22.5 -0.005104954
22.51 -0.007026624
22.52 -0.01017026
22.53 -0.01277635
22.54 -0.01059558
22.55 -0.001177904
22.56 0.01163534
22.57 0.02225661
22.58 0.02800228
22.59 0.02669568
22.6 0.01853773
22.61 0.007001537
22.62 -0.002199872
22.63 -0.007620142
22.64 -0.007990392
22.65 -0.002986261
22.66 0.005013608
22.67 0.01409162
22.68 0.02248929
22.69 0.0281656
22.7 0.03087779
22.71 0.03183354
22.72 0.03119707
22.73 0.03214466
22.74 0.03574425
22.75 0.03964066
22.76 0.04152461
22.77 0.0390807
22.78 0.03403375
22.79 0.02583602
22.8 0.01598793
22.81 0.01032898
22.82 0.007634155
22.83 0.005150466
22.84 0.002106796
22.85 -0.002801433
22.86 -0.008127862
22.87 -0.01312279
22.88 -0.0174333
22.89 -0.02102471
22.9 -0.02158264
22.91 -0.01761075
22.92 -0.01188446
22.93 -0.005391128
22.94 -0.0007011575
22.95 0.001822333
22.96 0.002659763
22.97 0.001205255
22.98 -0.001738454
22.99 -0.004893304
23 -0.006184613
23.01 -0.007574862
23.02 -0.01113669
23.03 -0.0158858
23.04 -0.01999129
23.05 -0.0237051
23.06 -0.02386217
23.07 -0.02141314
23.08 -0.02039313
23.09 -0.02033395
23.1 -0.02203836
23.11 -0.02486681
23.12 -0.02895088
23.13 -0.03382341
23.14 -0.03666614
23.15 -0.03461797
23.16 -0.02798183
23.17 -0.02073473
23.18 -0.01177198
23.19 -0.003032607
23.2 0.003248563
23.21 0.005765935
23.22 0.003173105
23.23 -0.003144763
23.24 -0.009200492
23.25 -0.01160054
23.26 -0.009398351
23.27 -0.00304374
23.28 0.002743751
23.29 0.006432083
23.3 0.005928213
23.31 0.002043045
23.32 -0.003402724
23.33 -0.008928053
23.34 -0.01270409
23.35 -0.01399335
23.36 -0.01363838
23.37 -0.01294069
23.38 -0.01299882
23.39 -0.01412795
23.4 -0.01469098
23.41 -0.01363526
23.42 -0.01097611
23.43 -0.005102942
23.44 0.003923049
23.45 0.01510838
23.46 0.02534103
23.47 0.03251674
23.48 0.03583175
23.49 0.03345618
23.5 0.02841943
23.51 0.02384882
23.52 0.02165176
23.53 0.02137637
23.54 0.02065524
23.55 0.01594999
23.56 0.009080303
23.57 0.002107594
23.58 -0.006870435
23.59 -0.01759572
23.6 -0.02675837
23.61 -0.03038548
23.62 -0.02987648
23.63 -0.02711126
23.64 -0.02243863
23.65 -0.01519764
23.66 -0.005843205
23.67 0.004674026
23.68 0.01442728
23.69 0.02181617
23.7 0.0244641
23.71 0.02336353
23.72 0.02040147
23.73 0.01710586
23.74 0.0137623
23.75 0.008191077
23.76 0.0004370476
23.77 -0.008737842
23.78 -0.01536579
23.79 -0.0186563
23.8 -0.02051065
23.81 -0.02058204
23.82 -0.0178219
23.83 -0.01268415
23.84 -0.006664102
23.85 -0.003347051
23.86 -0.00125094
23.87 0.001577532
23.88 0.003362543
23.89 0.003737914
23.9 0.004284646
23.91 0.007849557
23.92 0.01221211
23.93 0.01595756
23.94 0.02007939
23.95 0.02297824
23.96 0.02336178
23.97 0.02265696
23.98 0.02221531
23.99 0.02289974
24 0.0239932
24.01 0.02375147
24.02 0.02236938
24.03 0.01818025
24.04 0.01118714
24.05 0.001792955
24.06 -0.008573294
24.07 -0.01729326
24.08 -0.02391611
24.09 -0.02643039
24.1 -0.02423841
24.11 -0.020189
24.12 -0.01644253
24.13 -0.0141516
24.14 -0.01154854
24.15 -0.007253311
24.16 -0.00265514
24.17 0.001268811
24.18 0.002893682
24.19 0.003783134
24.2 0.005396785
24.21 0.01003167
24.22 0.01699013
24.23 0.02350998
24.24 0.02501143
24.25 0.0198839
24.26 0.01226859
24.27 0.005106164
24.28 0.0002162947
24.29 -0.001948134
24.3 -0.001643142
24.31 0.001509689
24.32 0.006173139
24.33 0.01057139
24.34 0.014019
24.35 0.01555921
24.36 0.01459431
24.37 0.01282156
24.38 0.01173118
24.39 0.009210779
24.4 0.007883769
24.41 0.007422741
24.42 0.008343812
24.43 0.007141243
24.44 0.002838894
24.45 -0.002505894
24.46 -0.009031844
24.47 -0.01421751
24.48 -0.01667673
24.49 -0.01751821
24.5 -0.01861572
24.51 -0.01894415
24.52 -0.01894414
24.53 -0.02085254
24.54 -0.02338111
24.55 -0.02208162
24.56 -0.01686125
24.57 -0.006208361
24.58 0.00693639
24.59 0.01930492
24.6 0.02939987
24.61 0.03580242
24.62 0.03783122
24.63 0.03561375
24.64 0.02987523
24.65 0.02221606
24.66 0.01536269
24.67 0.01150507
24.68 0.01041776
24.69 0.01127661
24.7 0.01254652
24.71 0.0118305
24.72 0.01068709
24.73 0.008607314
24.74 0.005015905
24.75 0.001100137
24.76 -0.003021672
24.77 -0.007690201
24.78 -0.00906515
24.79 -0.00475666
24.8 0.002803591
24.81 0.01062292
24.82 0.01607585
24.83 0.01906548
24.84 0.01899817
24.85 0.01654917
24.86 0.01217542
24.87 0.008560547
24.88 0.006863277
24.89 0.004669268
24.9 0.00358196
24.91 0.003778831
24.92 0.004538741
24.93 0.002576272
24.94 -0.002486997
24.95 -0.009392386
24.96 -0.01632531
24.97 -0.02092959
24.98 -0.02441084
24.99 -0.02663545
25 -0.03042983
25.01 -0.03588274
25.02 -0.04199763
25.03 -0.04684262
25.04 -0.04909681
25.05 -0.04856334
25.06 -0.04343885
25.07 -0.03487084
25.08 -0.02335707
25.09 -0.0129194
25.1 -0.006608647
25.11 -0.005210218
25.12 -0.007202267
25.13 -0.009778777
25.14 -0.009678806
25.15 -0.007658175
25.16 -0.005296865
25.17 -0.001616695
25.18 0.003969856
25.19 0.009680845
25.2 0.0122686
25.21 0.01408421
25.22 0.01429842
25.23 0.01214215
25.24 0.008223318
25.25 0.003497667
25.26 9.291786e-05
25.27 -0.001415651
25.28 -0.001168802
25.29 -0.002096991
25.3 -0.004101281
25.31 -0.008365892
25.32 -0.01274984
25.33 -0.01646161
25.34 -0.01874436
25.35 -0.02132801
25.36 -0.02357608
25.37 -0.02455323
25.38 -0.02656364
25.39 -0.02665747
25.4 -0.02497242
25.41 -0.02182367
25.42 -0.01873
25.43 -0.01456737
25.44 -0.009351081
25.45 -0.00458563
25.46 -0.001469521
25.47 0.0004440088
25.48 0.002401398
25.49 0.004529129
25.5 0.007449398
25.51 0.01096841
25.52 0.01501986
25.53 0.01831651
25.54 0.0204728
25.55 0.02120415
25.56 0.02071659
25.57 0.01939162
25.58 0.01759541
25.59 0.01491181
25.6 0.01243322
25.61 0.009567026
25.62 0.008745934
25.63 0.01123474
25.64 0.01319927
25.65 0.01453446
25.66 0.01352977
25.67 0.01232211
25.68 0.01325337
25.69 0.0165643
25.7 0.01996907
25.71 0.02257824
25.72 0.02304949
25.73 0.01977223
25.74 0.01497518
25.75 0.009642636
25.76 0.004444726
25.77 -0.0006073253
25.78 -0.005556356
25.79 -0.01105721
25.8 -0.01478938
25.81 -0.01672125
25.82 -0.01675796
25.83 -0.01357759
25.84 -0.009296642
25.85 -0.004694392
25.86 -0.0001278436
25.87 0.004540705
25.88 0.01078006
25.89 0.01720097
25.9 0.02207249
25.91 0.0242145
25.92 0.02406661
25.93 0.021842
25.94 0.01674405
25.95 0.009980437
25.96 0.002014245
25.97 -0.004863607
25.98 -0.009545398
25.99 -0.01198625
26 -0.01361518
26.01 -0.0147688
26.02 -0.01436691
26.03 -0.01193317
26.04 -0.007023906
26.05 4.062205e-05
26.06 0.006229991
26.07 0.00995504
26.08 0.01159317
26.09 0.01135246
26.1 0.01102097
26.11 0.009400193
26.12 0.006830821
26.13 0.004704129
26.14 0.003056837
26.15 0.001809385
26.16 -0.0001418666
26.17 -0.004534998
26.18 -0.01056319
26.19 -0.01569582
26.2 -0.01863035
26.21 -0.01888535
26.22 -0.01638634
26.23 -0.01050603
26.24 -0.003306862
26.25 0.003803565
26.26 0.009186113
26.27 0.01288464
26.28 0.01515211
26.29 0.01486244
26.3 0.01302542
26.31 0.009896073
26.32 0.00592624
26.33 0.002784648
26.34 0.0005273951
26.35 -0.001773717
26.36 -0.004617469
26.37 -0.007109322
26.38 -0.008191535
26.39 -0.009934707
26.4 -0.01120664
26.41 -0.01271419
26.42 -0.01239084
26.43 -0.009530757
26.44 -0.005390571
26.45 -0.0006679633
26.46 0.002615424
26.47 0.003482431
26.48 0.001999358
26.49 -0.0003598947
26.5 -0.002372347
26.51 -0.00340458
26.52 -0.004244034
26.53 -0.006115727
26.54 -0.00888808
26.55 -0.01097601
26.56 -0.01399214
26.57 -0.01671962
26.58 -0.01859642
26.59 -0.01890547
26.6 -0.0188259
26.61 -0.01695317
26.62 -0.01423384
26.63 -0.01150738
26.64 -0.007375352
26.65 -0.001878565
26.66 0.004053761
26.67 0.009866748
26.68 0.01387229
26.69 0.0170394
26.7 0.02019427
26.71 0.02151415
26.72 0.02220878
26.73 0.02301459
26.74 0.02507296
26.75 0.02653257
26.76 0.02845324
26.77 0.03084923
26.78 0.03334008
26.79 0.03479766
26.8 0.03494557
26.81 0.03318913
26.82 0.0296018
26.83 0.02493938
26.84 0.01883163
26.85 0.0139795
26.86 0.01178345
26.87 0.01142338
26.88 0.009758755
26.89 0.007852381
26.9 0.005643066
26.91 0.002922732
26.92 0.0009306771
26.93 -0.0009858974
26.94 -0.003024871
26.95 -0.004740506
26.96 -0.00590942
26.97 -0.007896376
26.98 -0.00926827
26.99 -0.01006182
27 -0.0124374
27.01 -0.01714469
27.02 -0.02198969
27.03 -0.02645218
27.04 -0.02944486
27.05 -0.03369315
27.06 -0.03615441
27.07 -0.03741818
27.08 -0.03953876
27.09 -0.03927865
27.1 -0.03953875
27.11 -0.03914503
27.12 -0.03850854
27.13 -0.03822395
27.14 -0.03743957
27.15 -0.03757625
27.16 -0.0385024
27.17 -0.03817396
27.18 -0.03693669
27.19 -0.03249663
27.2 -0.02666222
27.21 -0.0198833
27.22 -0.01338794
27.23 -0.007714691
27.24 -0.001811948
27.25 0.002357816
27.26 0.00627666
27.27 0.01031994
27.28 0.01531795
27.29 0.01985593
27.3 0.02267623
27.31 0.02392472
27.32 0.02321073
27.33 0.0216746
27.34 0.01994469
27.35 0.01802098
27.36 0.01598914
27.37 0.01372066
27.38 0.01178573
27.39 0.00984977
27.4 0.007842414
27.41 0.005544356
27.42 0.00321978
27.43 0.001543924
27.44 0.0003546066
27.45 -0.00109889
27.46 -0.001534427
27.47 -0.0005062638
27.48 0.001183879
27.49 0.004263262
27.5 0.007558885
27.51 0.009662127
27.52 0.01106157
27.53 0.0105832
27.54 0.009448957
27.55 0.00816172
27.56 0.006870402
27.57 0.005050725
27.58 0.004885487
27.59 0.00587285
27.6 0.007471193
27.61 0.009423476
27.62 0.01219584
27.63 0.01547514
27.64 0.01712346
27.65 0.01751616
27.66 0.01569853
27.67 0.01388598
27.68 0.01108201
27.69 0.007093813
27.7 0.003346335
27.71 0.001495037
27.72 0.001592959
27.73 0.001291041
27.74 0.0006382426
27.75 -0.0007581355
27.76 -0.003485614
27.77 -0.006959731
27.78 -0.01067967
27.79 -0.01358667
27.8 -0.01565216
27.81 -0.01684149
27.82 -0.01594796
27.83 -0.01206278
27.84 -0.007377921
27.85 -0.003392781
27.86 0.0003343007
27.87 0.002784342
27.88 0.003817602
27.89 0.003873704
27.9 0.003215805
27.91 0.002753746
27.92 0.003034247
27.93 0.004483667
27.94 0.007369248
27.95 0.01118099
27.96 0.01348619
27.97 0.01496111
27.98 0.01675835
27.99 0.01763861
28 0.01925021
28.01 0.01893606
28.02 0.01847399
28.03 0.01857497
28.04 0.018576
28.05 0.01796093
28.06 0.01695215
28.07 0.01578426
28.08 0.01452761
28.09 0.01529159
28.1 0.01581384
28.11 0.01674101
28.12 0.01765493
28.13 0.01683894
28.14 0.01431851
28.15 0.01039253
28.16 0.004379632
28.17 -0.0007907479
28.18 -0.005687769
28.19 -0.01045219
28.2 -0.01427209
28.21 -0.01900489
28.22 -0.02505349
28.23 -0.03296869
28.24 -0.03997813
28.25 -0.04585027
28.26 -0.05008838
28.27 -0.05212021
28.28 -0.05299333
28.29 -0.05215694
28.3 -0.0477077
28.31 -0.04166828
28.32 -0.03401624
28.33 -0.0252575
28.34 -0.01761771
28.35 -0.01132737
28.36 -0.005527648
28.37 -0.0001563287
28.38 0.00453159
28.39 0.01019259
28.4 0.01599842
28.41 0.02255601
28.42 0.02892284
28.43 0.03382088
28.44 0.03606284
28.45 0.03743065
28.46 0.03621685
28.47 0.03360566
28.48 0.03088123
28.49 0.02864437
28.5 0.02631775
28.51 0.02273142
28.52 0.0207771
28.53 0.01948169
28.54 0.02028545
28.55 0.02062308
28.56 0.02068121
28.57 0.02182667
28.58 0.02192255
28.59 0.02094946
28.6 0.01991518
28.61 0.01958877
28.62 0.01910529
28.63 0.01726215
28.64 0.01410932
28.65 0.01024454
28.66 0.00614924
28.67 0.001251197
28.68 -0.003656026
28.69 -0.008416371
28.7 -0.01217099
28.71 -0.01465673
28.72 -0.01747194
28.73 -0.0186939
28.74 -0.02036568
28.75 -0.02156827
28.76 -0.02194771
28.77 -0.0214622
28.78 -0.02034938
28.79 -0.01940894
28.8 -0.01857765
28.81 -0.01846953
28.82 -0.01686916
28.83 -0.01475776
28.84 -0.01365719
28.85 -0.01323594
28.86 -0.01358988
28.87 -0.01420699
28.88 -0.01552687
28.89 -0.01712827
28.9 -0.01861238
28.91 -0.02067992
28.92 -0.02213547
28.93 -0.02185803
28.94 -0.01951713
28.95 -0.01613482
28.96 -0.01198342
28.97 -0.008386911
28.98 -0.005296316
28.99 -0.003574563
29 -0.002948288
29.01 -0.002877913
29.02 -0.005288179
29.03 -0.007062984
29.04 -0.00763725
29.05 -0.006000155
29.06 -0.004111122
29.07 -0.001906907
29.08 -0.001251053
29.09 -0.002925899
29.1 -0.005304545
29.11 -0.00885415
29.12 -0.01138376
29.13 -0.01351862
29.14 -0.01479057
29.15 -0.01563003
29.16 -0.01498439
29.17 -0.01440197
29.18 -0.01307291
29.19 -0.01199376
29.2 -0.01092481
29.21 -0.008866455
29.22 -0.007125322
29.23 -0.006586769
29.24 -0.005074116
29.25 -0.003524743
29.26 -0.00294029
29.27 -0.002852577
29.28 -0.005123104
29.29 -0.005992152
29.3 -0.006837739
29.31 -0.006371607
29.32 -0.004755934
29.33 -0.002369141
29.34 0.001865891
29.35 0.006712923
29.36 0.0115161
29.37 0.01468217
29.38 0.01647124
29.39 0.01875501
29.4 0.02154266
29.41 0.02464957
29.42 0.02778301
29.43 0.03137747
29.44 0.03576245
29.45 0.03831551
29.46 0.03915189
29.47 0.03766983
29.48 0.03484033
29.49 0.03029623
29.5 0.0258531
29.51 0.02230043
29.52 0.01921492
29.53 0.01640583
29.54 0.01364061
29.55 0.009465736
29.56 0.004769647
29.57 -9.061745e-06
29.58 -0.002802851
29.59 -0.00365354
29.6 -0.002641709
29.61 -0.001311639
29.62 2.11164e-06
29.63 0.001604522
29.64 0.001114912
29.65 0.001567782
29.66 0.001150593
29.67 0.001043483
29.68 -0.001256627
29.69 -0.003639356
29.7 -0.006129186
29.71 -0.008501717
29.72 -0.008665946
29.73 -0.008593537
29.74 -0.007514387
29.75 -0.006105777
29.76 -0.003285488
29.77 -0.001019059
29.78 0.0007995911
29.79 0.00167882
29.8 0.00285079
29.81 0.002883419
29.82 0.002249988
29.83 0.003114937
29.84 0.003008846
29.85 0.003254655
29.86 0.004180804
29.87 0.005217113
29.88 0.006003521
29.89 0.00602901
29.9 0.005470038
29.91 0.004213388
29.92 0.001888796
29.93 0.0001874245
29.94 -0.000857067
29.95 -0.0008152588
29.96 -0.0009652105
29.97 -0.002553362
29.98 -0.004607654
29.99 -0.006385525
30 -0.006793538
30.01 -0.00665075
30.02 -0.006912902
30.03 -0.007801334
30.04 -0.009407847
30.05 -0.01198132
30.06 -0.01521066
30.07 -0.01838898
30.08 -0.0194804
30.09 -0.01935291
30.1 -0.01760771
30.11 -0.01456097
30.12 -0.01170091
30.13 -0.008818402
30.14 -0.007000775
30.15 -0.004847568
30.16 -0.003253321
30.17 -0.001918155
30.18 -0.0007166076
30.19 0.000888859
30.2 0.002860505
30.21 0.005027992
30.22 0.007650398
30.23 0.008681604
30.24 0.01084093
30.25 0.01200575
30.26 0.01310428
30.27 0.01428339
30.28 0.01597148
30.29 0.01769016
30.3 0.01857653
30.31 0.01979235
30.32 0.02024726
30.33 0.0215457
30.34 0.02348369
30.35 0.02472909
30.36 0.0244496
30.37 0.02300323
30.38 0.02023901
30.39 0.01793992
30.4 0.01599986
30.41 0.01463611
30.42 0.01320605
30.43 0.01088656
30.44 0.008079502
30.45 0.005031726
30.46 0.00220223
30.47 -0.0008730849
30.48 -0.00351898
30.49 -0.006156716
30.5 -0.008628192
30.51 -0.009669627
30.52 -0.009591103
30.53 -0.007337938
30.54 -0.004839974
30.55 -0.00320085
30.56 -0.002681686
30.57 -0.003460983
30.58 -0.004398378
30.59 -0.005446955
30.6 -0.006317031
30.61 -0.007680787
30.62 -0.01060718
30.63 -0.0139681
30.64 -0.01699446
30.65 -0.01991372
30.66 -0.02231787
30.67 -0.02398865
30.68 -0.02452314
30.69 -0.02358272
30.7 -0.02123571
30.71 -0.01898459
30.72 -0.01667738
30.73 -0.01481895
30.74 -0.01277285
30.75 -0.01092156
30.76 -0.008705123
30.77 -0.005871578
30.78 -0.002256716
30.79 0.001655986
30.8 0.005772688
30.81 0.01051261
30.82 0.01439267
30.83 0.0183727
30.84 0.02170399
30.85 0.02386434
30.86 0.02399794
30.87 0.02339
30.88 0.02214456
30.89 0.02080936
30.9 0.01899885
30.91 0.01633153
30.92 0.01383556
30.93 0.01049913
30.94 0.007499292
30.95 0.004545354
30.96 0.002079995
30.97 -0.0008627237
30.98 -0.003174063
30.99 -0.005096782
31 -0.00733264
31.01 -0.008523001
31.02 -0.01050079
31.03 -0.01245004
31.04 -0.0142983
31.05 -0.01507759
31.06 -0.014689
31.07 -0.01444014
31.08 -0.01358131
31.09 -0.01384144
31.1 -0.01456667
31.11 -0.0152042
31.12 -0.01573258
31.13 -0.01493495
31.14 -0.01402922
31.15 -0.0129205
31.16 -0.01268285
31.17 -0.01205048
31.18 -0.01159353
31.19 -0.01175778
31.2 -0.01109174
31.21 -0.009919779
31.22 -0.007950179
31.23 -0.0060173
31.24 -0.00404872
31.25 -0.001561982
31.26 0.001708118
31.27 0.005052676
31.28 0.009476395
31.29 0.01319019
31.3 0.01638073
31.31 0.01954373
31.32 0.02124711
31.33 0.02213245
31.34 0.02166118
31.35 0.02106447
31.36 0.01981392
31.37 0.01787284
31.38 0.01658252
31.39 0.01698234
31.4 0.01747905
31.41 0.01662224
31.42 0.01484843
31.43 0.01179759
31.44 0.009047648
31.45 0.007782826
31.46 0.007990883
31.47 0.007649162
31.48 0.006314979
31.49 0.003273317
31.5 -0.0003997261
31.51 -0.005349809
31.52 -0.01035702
31.53 -0.01423099
31.54 -0.01622614
31.55 -0.01803461
31.56 -0.02046938
31.57 -0.02127419
31.58 -0.0229725
31.59 -0.02428935
31.6 -0.0243006
31.61 -0.02341322
31.62 -0.02219536
31.63 -0.01947811
31.64 -0.01698321
31.65 -0.01313987
31.66 -0.009211877
31.67 -0.005153321
31.68 -0.0003256845
31.69 0.003329971
31.7 0.006348127
31.71 0.009235724
31.72 0.01221002
31.73 0.01472735
31.74 0.01687953
31.75 0.01757719
31.76 0.017671
31.77 0.01747105
31.78 0.01649592
31.79 0.01500567
31.8 0.01265964
31.81 0.01008514
31.82 0.007338254
31.83 0.00508811
31.84 0.002488105
31.85 0.0001186203
31.86 -0.001805125
31.87 -0.00316583
31.88 -0.004094055
31.89 -0.00503962
31.9 -0.006671645
31.91 -0.008624971
31.92 -0.01123721
31.93 -0.01365056
31.94 -0.01495823
31.95 -0.01556005
31.96 -0.01419226
31.97 -0.01283467
31.98 -0.009955229
31.99 -0.008864877
32 -0.008860822
32.01 -0.009023027
32.02 -0.009899233
32.03 -0.00979624
32.04 -0.009937026
32.05 -0.009753453
32.06 -0.01055519
32.07 -0.01083062
32.08 -0.01104383
32.09 -0.0117752
32.1 -0.0124729
32.11 -0.01230973
32.12 -0.01164064
32.13 -0.01214047
32.14 -0.01268211
32.15 -0.01360932
32.16 -0.01554735
32.17 -0.01758635
32.18 -0.01885424
32.19 -0.02042507
32.2 -0.0219143
32.21 -0.02258956
32.22 -0.02211733
32.23 -0.02080258
32.24 -0.01897885
32.25 -0.01628301
32.26 -0.01144007
32.27 -0.006318685
32.28 -0.001955153
32.29 0.002665419
32.3 0.005478551
32.31 0.007668464
32.32 0.008566035
32.33 0.007146167
32.34 0.005957839
32.35 0.003965751
32.36 0.002592803
32.37 0.001880815
32.38 0.001281026
32.39 2.537819e-05
32.4 -0.00186369
32.41 -0.003483478
32.42 -0.005087967
32.43 -0.006818936
32.44 -0.008047044
32.45 -0.007934873
32.46 -0.007899202
32.47 -0.006775191
32.48 -0.00597656
32.49 -0.004757689
32.5 -0.004351758
32.51 -0.004394626
32.52 -0.004019295
32.53 -0.004069304
32.54 -0.004234574
32.55 -0.005064883
32.56 -0.005576952
32.57 -0.006818322
32.58 -0.006841811
32.59 -0.006495041
32.6 -0.00611461
32.61 -0.00606262
32.62 -0.00536191
32.63 -0.003224019
32.64 -0.001434969
32.65 0.0006988406
32.66 0.00193811
32.67 0.002794881
32.68 0.002689791
32.69 0.002834601
32.7 0.002629551
32.71 0.003558741
32.72 0.00574967
32.73 0.0066554
32.74 0.01003769
32.75 0.01237958
32.76 0.01444709
32.77 0.01673695
32.78 0.01785688
32.79 0.01938074
32.8 0.02032319
32.81 0.02043842
32.82 0.0202609
32.83 0.02106157
32.84 0.02132062
32.85 0.0219836
32.86 0.02224468
32.87 0.02125117
32.88 0.02145106
32.89 0.02110626
32.9 0.01978635
32.91 0.01669777
32.92 0.01366324
32.93 0.009187443
32.94 0.004022131
32.95 0.0001338603
32.96 -0.002922091
32.97 -0.003734043
32.98 -0.004440934
32.99 -0.005085606
33 -0.005162137
33.01 -0.005136669
33.02 -0.005137721
33.03 -0.005181613
33.04 -0.004982745
33.05 -0.004046416
33.06 -0.002581729
33.07 -0.001619901
33.08 -0.0004051127
33.09 0.0009106552
33.1 0.001842903
33.11 0.002706811
33.12 0.002539498
33.13 0.0009635661
33.14 -0.0005664662
33.15 -0.001104038
33.16 -0.002063891
33.17 -0.003407264
33.18 -0.004752676
33.19 -0.005439168
33.2 -0.005600361
33.21 -0.004296834
33.22 -0.003110607
33.23 -0.0013593
33.24 0.001636407
33.25 0.005433834
33.26 0.008068462
33.27 0.01053172
33.28 0.01251662
33.29 0.01237685
33.3 0.01240231
33.31 0.0107407
33.32 0.0105591
33.33 0.00968085
33.34 0.008347678
33.35 0.006722784
33.36 0.003130311
33.37 0.0008169175
33.38 -0.0004111959
33.39 0.0003415306
33.4 0.001268677
33.41 0.001942864
33.42 0.002370209
33.43 0.002355896
33.44 0.004463182
33.45 0.006777529
33.46 0.01037503
33.47 0.01473346
33.48 0.01783218
33.49 0.02006493
33.5 0.02153472
33.51 0.02192943
33.52 0.02146529
33.53 0.02162642
33.54 0.02095319
33.55 0.02032075
33.56 0.01963426
33.57 0.01914156
33.58 0.01947813
33.59 0.02033183
33.6 0.02142218
33.61 0.02227588
33.62 0.02341315
33.63 0.02407101
33.64 0.02426478
33.65 0.02334369
33.66 0.02199318
33.67 0.0205631
33.68 0.01777949
33.69 0.01551403
33.7 0.01298032
33.71 0.01049964
33.72 0.008754386
33.73 0.006598071
33.74 0.004938496
33.75 0.004384602
33.76 0.004808887
33.77 0.005426972
33.78 0.005606458
33.79 0.005289202
33.8 0.004051907
33.81 0.002632033
33.82 0.001515098
33.83 -0.0007360772
33.84 -0.003337112
33.85 -0.006717427
33.86 -0.01088519
33.87 -0.01400029
33.88 -0.01752953
33.89 -0.01921358
33.9 -0.0205692
33.91 -0.02101599
33.92 -0.02150767
33.93 -0.02210644
33.94 -0.02128334
33.95 -0.02024807
33.96 -0.01812141
33.97 -0.01692907
33.98 -0.01535218
33.99 -0.01315412
34 -0.01077653
34.01 -0.009119071
34.02 -0.008146026
34.03 -0.008897801
34.04 -0.009766878
34.05 -0.01118471
34.06 -0.01391018
34.07 -0.01589922
34.08 -0.01770466
34.09 -0.01824019
34.1 -0.01904909
34.11 -0.0184259
34.12 -0.0178119
34.13 -0.01696431
34.14 -0.01548637
34.15 -0.01434808
34.16 -0.01231424
34.17 -0.01046808
34.18 -0.008352636
34.19 -0.007158252
34.2 -0.005522209
34.21 -0.003691344
34.22 -0.00269382
34.23 -0.002412336
34.24 -0.004145352
34.25 -0.006076247
34.26 -0.008092824
34.27 -0.00987378
34.28 -0.01040218
34.29 -0.01136305
34.3 -0.01215971
34.31 -0.01273706
34.32 -0.0133491
34.33 -0.01230873
34.34 -0.01104091
34.35 -0.009541547
34.36 -0.006849803
34.37 -0.003926519
34.38 -0.0008022955
34.39 0.002567748
34.4 0.005204412
34.41 0.007256616
34.42 0.00904464
34.43 0.009431184
34.44 0.009335267
34.45 0.009411733
34.46 0.009219936
34.47 0.008301899
34.48 0.009194365
34.49 0.01054481
34.5 0.01148929
34.51 0.01227568
34.52 0.01290906
34.53 0.01337823
34.54 0.01324151
34.55 0.01330063
34.56 0.01340565
34.57 0.01445927
34.58 0.01524158
34.59 0.01522828
34.6 0.01478251
34.61 0.01267311
34.62 0.009235678
34.63 0.004901661
34.64 0.0009623846
34.65 -0.003046252
34.66 -0.006264389
34.67 -0.009267305
34.68 -0.01182142
34.69 -0.01285676
34.7 -0.01365749
34.71 -0.01325361
34.72 -0.01300578
34.73 -0.0116482
34.74 -0.01038446
34.75 -0.009045234
34.76 -0.00817725
34.77 -0.007103225
34.78 -0.005810921
34.79 -0.004466598
34.8 -0.002771394
34.81 -0.00227265
34.82 -0.002530746
34.83 -0.002202343
34.84 -0.003308059
34.85 -0.004800355
34.86 -0.00701685
34.87 -0.009889206
34.88 -0.0110398
34.89 -0.01229546
34.9 -0.01200989
34.91 -0.01055439
34.92 -0.007824907
34.93 -0.004937323
34.94 -0.001857979
34.95 -0.0002413151
34.96 0.001260089
34.97 0.002753332
34.98 0.004102757
34.99 0.0063814
35 0.007902185
35.01 0.009293429
35.02 0.01035419
35.03 0.01033988
35.04 0.010348
35.05 0.01033165
35.06 0.01048563
35.07 0.01139135
35.08 0.01121078
35.09 0.01202266
35.1 0.01228681
35.11 0.01250097
35.12 0.01325267
35.13 0.0133475
35.14 0.0130639
35.15 0.01239985
35.16 0.01152874
35.17 0.01014048
35.18 0.008720602
35.19 0.006395986
35.2 0.003713351
35.21 0.001720235
35.22 0.0002003997
35.23 -0.002095656
35.24 -0.004227491
35.25 -0.005910527
35.26 -0.006995841
35.27 -0.007824117
35.28 -0.009689732
35.29 -0.01206739
35.3 -0.01389016
35.31 -0.0159863
35.32 -0.01713077
35.33 -0.01704002
35.34 -0.01703497
35.35 -0.01526734
35.36 -0.01357825
35.37 -0.01231145
35.38 -0.01102934
35.39 -0.01006038
35.4 -0.009134253
35.41 -0.008029628
35.42 -0.007377883
35.43 -0.006605778
35.44 -0.006299813
35.45 -0.006114207
35.46 -0.005350262
35.47 -0.004735237
35.48 -0.003668351
35.49 -0.003157366
35.5 -0.001842621
35.51 -0.0005533751
35.52 0.0007878904
35.53 0.001498796
35.54 0.002139322
35.55 0.002657447
35.56 0.002398333
35.57 0.003227558
35.58 0.003508025
35.59 0.00367629
35.6 0.004504496
35.61 0.004986922
35.62 0.006388369
35.63 0.007536854
35.64 0.009101502
35.65 0.009344226
35.66 0.009692012
35.67 0.00901572
35.68 0.006545245
35.69 0.004743892
35.7 0.003254658
35.71 0.002586524
35.72 0.002645651
35.73 0.003741098
35.74 0.004452004
35.75 0.00508233
35.76 0.005764678
35.77 0.006384804
35.78 0.006657111
35.79 0.007971858
35.8 0.009297825
35.81 0.01054525
35.82 0.01198647
35.83 0.01241382
35.84 0.01234341
35.85 0.01182012
35.86 0.0105512
35.87 0.008643775
35.88 0.006694523
35.89 0.00414551
35.9 0.001106898
35.91 -0.001795035
35.92 -0.004181867
35.93 -0.006430998
35.94 -0.008158912
35.95 -0.009870504
35.96 -0.01205538
35.97 -0.01322433
35.98 -0.01430148
35.99 -0.01503591
36 -0.01462996
36.01 -0.01381668
36.02 -0.01336676
36.03 -0.01230376
36.04 -0.01106305
36.05 -0.00997254
36.06 -0.00930141
36.07 -0.008908808
36.08 -0.008425199
36.09 -0.008491318
36.1 -0.008036186
36.11 -0.008116039
36.12 -0.008025296
36.13 -0.008000663
36.14 -0.007985192
36.15 -0.00735001
36.16 -0.006111584
36.17 -0.004095187
36.18 -0.002751016
36.19 -0.001375739
36.2 -0.0002728695
36.21 0.0006690099
36.22 0.001695872
36.23 0.002239188
36.24 0.003014356
36.25 0.002993906
36.26 0.003093088
36.27 0.002841764
36.28 0.002253982
36.29 0.003124268
36.3 0.00298602
36.31 0.003304491
36.32 0.003976608
36.33 0.004199942
36.34 0.004987307
36.35 0.00491645
36.36 0.005018077
36.37 0.004312199
36.38 0.003945328
36.39 0.003963051
36.4 0.004127896
36.41 0.004855923
36.42 0.00538915
36.43 0.005984552
36.44 0.006628427
36.45 0.006431922
36.46 0.005557019
36.47 0.003443175
36.48 0.001092664
36.49 -0.0004091381
36.5 -0.001348008
36.51 -0.002269554
36.52 -0.002405674
36.53 -0.00143665
36.54 -5.337266e-07
36.55 0.001761852
36.56 0.002511489
36.57 0.003633011
36.58 0.004786962
36.59 0.005516708
36.6 0.006813115
36.61 0.007193437
36.62 0.007991855
36.63 0.009021586
36.64 0.010262
36.65 0.01192144
36.66 0.01306721
36.67 0.01511371
36.68 0.01607953
36.69 0.01613321
36.7 0.01582348
36.71 0.01566612
36.72 0.01487476
36.73 0.01375169
36.74 0.01320343
36.75 0.01310164
36.76 0.01261375
36.77 0.01181977
36.78 0.01093296
36.79 0.009046342
36.8 0.006881939
36.81 0.00402803
36.82 0.001360521
36.83 -0.001432645
36.84 -0.003840296
36.85 -0.005754632
36.86 -0.006959271
36.87 -0.007957234
36.88 -0.008800598
36.89 -0.009982228
36.9 -0.01124987
36.91 -0.01189464
36.92 -0.01200714
36.93 -0.01139719
36.94 -0.01026436
36.95 -0.008870913
36.96 -0.008261926
36.97 -0.00768378
36.98 -0.007457068
36.99 -0.007581937
37 -0.007970659
37.01 -0.007924262
37.02 -0.007699236
37.03 -0.008087834
37.04 -0.008592997
37.05 -0.009296538
37.06 -0.01033005
37.07 -0.01053617
37.08 -0.01052587
37.09 -0.01055586
37.1 -0.01045284
37.11 -0.009739627
37.12 -0.009279542
37.13 -0.009022269
37.14 -0.008124599
37.15 -0.007339358
37.16 -0.006503796
37.17 -0.005389417
37.18 -0.003787092
37.19 -0.00200664
37.2 -0.0006804636
37.21 0.0005300281
37.22 0.001783309
37.23 0.002883956
37.24 0.004120429
37.25 0.00464685
37.26 0.004943981
37.27 0.005007695
37.28 0.004233432
37.29 0.003413626
37.3 0.002571712
37.31 0.001551038
37.32 0.0009608956
37.33 0.0003893854
37.34 0.000176996
37.35 0.0002464176
37.36 0.0002029124
37.37 0.000205737
37.38 -0.0007278596
37.39 -0.001342453
37.4 -0.002144637
37.41 -0.002711524
37.42 -0.002546754
37.43 -0.002504723
37.44 -0.002374193
37.45 -0.002310986
37.46 -0.002195309
37.47 -0.002123965
37.48 -0.002012851
37.49 -0.001950424
37.5 -0.001573372
37.51 -0.001178501
37.52 -0.0008281489
37.53 -0.0004365166
37.54 -0.0002103367
37.55 -0.000198191
37.56 -0.0003908457
37.57 -0.0006543813
37.58 -0.0008558576
37.59 -0.0008525885
37.6 -0.0006652015
37.61 -0.0002933041
37.62 -8.718904e-06
37.63 0.0005635027
37.64 0.001088781
37.65 0.001697399
37.66 0.002497194
37.67 0.003167116
37.68 0.003882634
37.69 0.004262126
37.7 0.004690468
37.71 0.005553507
37.72 0.006264978
37.73 0.007114645
37.74 0.007823561
37.75 0.008252687
37.76 0.008541199
37.77 0.008394588
37.78 0.007723732
37.79 0.007000907
37.8 0.006178146
37.81 0.005329573
37.82 0.00471683
37.83 0.00406356
37.84 0.003593487
37.85 0.003080758
37.86 0.002672318
37.87 0.002515447
37.88 0.002346593
37.89 0.002203072
37.9 0.002038069
37.91 0.001896764
37.92 0.001748871
37.93 0.00144635
37.94 0.001138871
37.95 0.0006528641
37.96 -5.402388e-05
37.97 -0.0009785669
37.98 -0.002100239
37.99 -0.003204081
38 -0.004016369
38.01 -0.004722349
38.02 -0.005042075
38.03 -0.005329214
38.04 -0.005440747
38.05 -0.0055407
38.06 -0.005436454
38.07 -0.005177981
38.08 -0.004994629
38.09 -0.004754503
38.1 -0.004580246
38.11 -0.004227668
38.12 -0.003932087
38.13 -0.003474852
38.14 -0.003194412
38.15 -0.002862211
38.16 -0.002560095
38.17 -0.002433188
38.18 -0.002290216
38.19 -0.002174371
38.2 -0.001937461
38.21 -0.001710881
38.22 -0.001489754
38.23 -0.001289722
38.24 -0.0009971145
38.25 -0.0007070657
38.26 -0.000530485
38.27 -0.0004681686
38.28 -0.0004130079
38.29 -0.0003630011
38.3 -0.0002265244
38.31 -2.90497e-05
38.32 0.0001260206
38.33 0.000299128
38.34 0.0003515885
38.35 0.0004369839
38.36 0.0005844928
38.37 0.0006892723
38.38 0.0008166851
38.39 0.0008274364
38.4 0.0008335205
38.41 0.0009015281
38.42 0.0008802245
38.43 0.0008474313
38.44 0.0008963321
38.45 0.0009082132
38.46 0.0008733818
38.47 0.0007867245
38.48 0.0006623062
38.49 0.0005400413
38.5 0.000401754
38.51 0.0002914276
38.52 0.0001812791
38.53 8.573585e-05
38.54 4.854385e-05
38.55 2.160309e-05
38.56 1.225768e-05
38.57 5.558589e-05
38.58 7.207324e-05
38.59 0.0001176894
38.6 0.0002088635
38.61 0.0002928384
38.62 0.0004117909
38.63 0.0005453891
38.64 0.0006992907
38.65 0.0008303703
38.66 0.0009291962
38.67 0.0009914256
38.68 0.0009953581
38.69 0.0009426359
38.7 0.0008906622
38.71 0.0008087874
38.72 0.0007289289
38.73 0.0006246083
38.74 0.0005336492
38.75 0.0004588699
38.76 0.0003357556
38.77 0.0002721009
38.78 0.0001892351
38.79 0.0001141781
38.8 7.426261e-05
38.81 7.139178e-05
38.82 5.574719e-05
38.83 4.813584e-05
38.84 6.451659e-05
38.85 4.996898e-05
38.86 4.100817e-05
38.87 2.940062e-05
38.88 4.644074e-05
38.89 8.998546e-05
38.9 0.000119307
38.91 0.0001293834
38.92 0.0001614318
38.93 0.0001811081
38.94 0.0001955354
38.95 0.0002038482
38.96 0.0001938122
38.97 0.0001964808
38.98 0.0002088635
38.99 0.0002359739
39 0.0002638002
39.01 0.0002859077
39.02 0.0003024663
39.03 0.0003048717
39.04 0.0002911456
39.05 0.0002685447
39.06 0.0002398916
39.07 0.0002069131
39.08 0.0001779069
39.09 0.0001512237
39.1 0.0001267292
39.11 0.0001105575
39.12 8.583013e-05
39.13 6.002755e-05
39.14 3.8141e-05
39.15 1.441712e-05
39.16 2.12564e-06
39.17 -8.804899e-06
39.18 -1.175863e-05
39.19 -1.03462e-05
39.2 -1.008923e-05
39.21 -1.373755e-05
39.22 -2.253015e-05
39.23 -2.94812e-05
39.24 -3.104805e-05
39.25 -2.731339e-05
39.26 -2.270904e-05
39.27 -1.378098e-05
39.28 -4.534065e-06
39.29 2.33808e-06
39.3 1.084736e-05
39.31 1.821455e-05
39.32 2.677086e-05
39.33 2.756785e-05
39.34 2.620933e-05
39.35 2.294896e-05
39.36 1.845531e-05
39.37 1.772213e-05
39.38 1.26736e-05
39.39 9.160322e-06
39.4 4.921157e-06
39.41 -2.342738e-06
39.42 -8.219945e-06
39.43 -1.435498e-05
39.44 -2.043629e-05
39.45 -2.534494e-05
39.46 -3.009371e-05
39.47 -3.268229e-05
39.48 -3.392893e-05
39.49 -3.601822e-05
39.5 -3.704074e-05
39.51 -3.702709e-05
39.52 -3.699042e-05
39.53 -3.597281e-05
39.54 -3.493828e-05
39.55 -3.38695e-05
39.56 -3.254861e-05
39.57 -3.250992e-05
39.58 -3.224759e-05
39.59 -3.125873e-05
39.6 -3.05384e-05
39.61 -2.910978e-05
39.62 -2.764621e-05
39.63 -2.578367e-05
39.64 -2.389877e-05
39.65 -2.180681e-05
39.66 -1.976211e-05
39.67 -1.794663e-05
39.68 -1.57903e-05
39.69 -1.371907e-05
39.7 -1.165293e-05
39.71 -9.537161e-06
39.72 -7.50426e-06
39.73 -5.689623e-06
39.74 -4.190513e-06
39.75 -2.933186e-06
39.76 -1.942191e-06
39.77 -1.17903e-06
39.78 -5.236579e-07
39.79 2.785922e-08
39.8 4.78505e-07
39.81 8.441412e-07
39.82 1.117217e-06
39.83 1.313274e-06
39.84 1.451529e-06
39.85 1.525715e-06
39.86 1.535952e-06
39.87 1.494309e-06
39.88 1.407652e-06
39.89 1.28254e-06
39.9 1.122e-06
39.91 9.31774e-07
39.92 7.176426e-07
39.93 4.856716e-07
39.94 2.416822e-07
39.95 -9.076663e-09
39.96 -2.618561e-07
39.97 -5.125598e-07
39.98 -7.574899e-07
39.99 -9.93052e-07
