0 0.0004691283
0.01 0.00021721
0.02 -8.162846e-05
0.03 -3.468697e-05
0.04 -4.588558e-05
0.05 -4.586428e-05
0.06 -4.074307e-05
0.07 -4.888197e-05
0.08 -3.866094e-05
0.09 -4.986e-05
0.1 -3.861915e-05
0.11 -4.98184e-05
0.12 -3.857773e-05
0.13 -4.875715e-05
0.14 -4.057666e-05
0.15 -4.565626e-05
0.16 -4.359594e-05
0.17 -4.153572e-05
0.18 -4.865557e-05
0.19 -3.537552e-05
0.2 -5.575555e-05
0.21 -2.615568e-05
0.22 -6.693589e-05
0.23 -1.183618e-05
0.24 -8.423656e-05
0.25 1.166297e-05
0.26 -0.0001158176
0.27 6.270177e-05
0.28 -0.000218799
0.29 0.0004707403
0.3 0.0006563992
0.31 -0.0002218016
0.32 5.055731e-05
0.33 -9.936382e-05
0.34 -2.445051e-06
0.35 -6.770636e-05
0.36 -2.382776e-05
0.37 -5.134923e-05
0.38 -3.501079e-05
0.39 -4.315243e-05
0.4 -4.109416e-05
0.41 -3.801596e-05
0.42 -4.411785e-05
0.43 -3.491982e-05
0.44 -4.510186e-05
0.45 -3.3864e-05
0.46 -4.404621e-05
0.47 -3.38285e-05
0.48 -4.299087e-05
0.49 -3.481332e-05
0.5 -4.091586e-05
0.51 -3.579846e-05
0.52 -3.884116e-05
0.53 -3.678393e-05
0.54 -3.778678e-05
0.55 -3.77697e-05
0.56 -3.57127e-05
0.57 -3.773579e-05
0.58 -3.465895e-05
0.59 -3.770219e-05
0.6 -3.360551e-05
0.61 -3.86889e-05
0.62 -3.153236e-05
0.63 -3.865592e-05
0.64 -3.047953e-05
0.65 -3.862323e-05
0.66 -2.942701e-05
0.67 -3.859086e-05
0.68 -2.837479e-05
0.69 -3.753879e-05
0.7 -2.834286e-05
0.71 -3.648702e-05
0.72 -2.831124e-05
0.73 -3.441554e-05
0.74 -2.929992e-05
0.75 -2.928437e-05
0.76 -4.150889e-05
0.77 0.0004195465
0.78 4.420185e-05
0.79 -7.716289e-05
0.8 1.261228e-05
0.81 -7.71326e-05
0.82 0.0004583825
0.83 7.557408e-06
0.84 -3.52677e-05
0.85 -2.811287e-05
0.86 -2.401812e-05
0.87 -2.706344e-05
0.88 -3.316883e-05
0.89 0.0004217657
0.9 4.846018e-05
0.91 -6.882541e-05
0.92 7.688908e-06
0.93 -4.737684e-05
0.94 -1.166265e-05
0.95 0.0004075714
0.96 6.690553e-05
0.97 -7.996049e-05
0.98 2.511341e-05
0.99 -6.055274e-05
1 1.494104e-05
1.01 -5.134526e-05
1.02 6.808379e-06
1.03 -4.213805e-05
1.04 -1.324547e-06
1.05 -2.987111e-05
1.06 -1.251774e-05
1.07 -1.352444e-05
1.08 -3.49312e-05
1.09 0.000447542
1.1 3.751506e-05
1.11 -3.38719e-05
1.12 -1.141893e-05
1.13 -7.326027e-06
1.14 -2.975318e-05
1.15 1.207958e-05
1.16 0.0003660322
1.17 0.000301785
1.18 0.0003089375
1.19 -8.068996e-05
1.2 1.928248e-05
1.21 -2.558513e-05
1.22 -2.11281e-06
1.23 -1.026055e-05
1.24 -1.024836e-05
1.25 -3.096225e-06
1.26 -1.226415e-05
1.27 -1.214946e-08
1.28 -1.224021e-05
1.29 1.031675e-06
1.3 -1.017651e-05
1.31 -9.847491e-07
1.32 -5.053054e-06
1.33 -4.02142e-06
1.34 1.090151e-06
1.35 -8.078338e-06
1.36 9.273113e-06
1.37 -1.41755e-05
1.38 1.745583e-05
1.39 -2.02729e-05
1.4 2.66583e-05
1.41 -2.841054e-05
1.42 3.892053e-05
1.43 -4.164843e-05
1.44 6.342254e-05
1.45 -8.548656e-05
1.46 0.0002531643
1.47 0.0008060151
1.48 -1.405418e-05
1.49 1.55365e-05
1.5 3.307112e-06
1.51 9.437671e-06
1.52 8.428172e-06
1.53 1.149861e-05
1.54 7.428998e-06
1.55 1.661933e-05
1.56 3.369596e-06
1.57 2.581981e-05
1.58 -4.770033e-06
1.59 3.910006e-05
1.6 -1.800989e-05
1.61 5.748009e-05
1.62 -4.246997e-05
1.63 0.0001084999
1.64 -0.0002352303
1.65 -0.0007727604
1.66 2.488921e-05
1.67 3.509886e-05
1.68 -0.0004320516
1.69 -0.000487122
1.7 0.0004084475
1.71 0.0001503969
1.72 -8.929369e-05
1.73 0.0001636756
1.74 -0.000696175
1.75 -0.0009450459
1.76 -0.001027656
1.77 -0.0006930876
1.78 -0.0005982185
1.79 -0.001053129
1.8 -0.0007573206
1.81 7.398834e-05
1.82 -3.61628e-05
1.83 0.000237206
1.84 0.001008334
1.85 0.001016503
1.86 0.001429612
1.87 0.0011379
1.88 0.0007768292
1.89 4.34577e-05
1.9 0.0005544862
1.91 0.001829495
1.92 0.001792782
1.93 0.001064511
1.94 0.0003729594
1.95 -3.503241e-05
1.96 6.595572e-05
1.97 0.0004719238
1.98 0.0001292119
1.99 -1.154016e-05
2 9.148777e-05
2.01 -2.344332e-06
2.02 0.0001027235
2.03 -3.496869e-05
2.04 0.000275119
2.05 0.0009758668
2.06 0.001654174
2.07 0.002117262
2.08 0.00138695
2.09 0.000323097
2.1 2.824515e-06
2.11 6.199192e-05
2.12 8.34193e-05
2.13 -0.0005499934
2.14 -0.001049786
2.15 -0.0008090589
2.16 -0.001150751
2.17 -0.001874944
2.18 -0.001919817
2.19 -0.00185963
2.2 -0.001935104
2.21 -0.001819837
2.22 -0.00253077
2.23 -0.002972423
2.24 -0.002246176
2.25 -0.001616829
2.26 -0.0009732025
2.27 -0.0002704158
2.28 0.0001569709
2.29 1.927744e-05
2.3 0.0001008839
2.31 5.193048e-05
2.32 6.213695e-05
2.33 0.0006333433
2.34 0.00136571
2.35 0.001413656
2.36 0.0007680023
2.37 0.0005956286
2.38 -0.0005202452
2.39 -0.000451899
2.4 0.000449787
2.41 0.0009261331
2.42 0.001300479
2.43 0.002008366
2.44 0.002468391
2.45 0.002283777
2.46 0.002435763
2.47 0.001754408
2.48 0.001085294
2.49 0.001058781
2.5 0.0006059059
2.51 0.001025132
2.52 0.0009272171
2.53 3.778272e-05
2.54 -0.0003028918
2.55 -0.0005711462
2.56 -0.00157278
2.57 -0.001915495
2.58 -0.00145547
2.59 -0.0006007046
2.6 0.0004509206
2.61 0.0009854058
2.62 0.001162891
2.63 0.0004356363
2.64 -0.0001314786
2.65 -0.0009097335
2.66 -0.0007138883
2.67 0.0001439366
2.68 6.64216e-05
2.69 0.0001235465
2.7 0.0001929115
2.71 0.001332257
2.72 0.002015661
2.73 0.002116646
2.74 0.00188613
2.75 0.0004907755
2.76 -0.0005863399
2.77 -0.001508415
2.78 -0.001647131
2.79 -0.002753826
2.8 -0.002717101
2.81 -0.002162217
2.82 -0.002593672
2.83 -0.002841528
2.84 -0.002772164
2.85 -0.003449439
2.86 -0.003329075
2.87 -0.002036731
2.88 -0.0008361865
2.89 -0.0005373222
2.9 -0.001827618
2.91 -0.002802734
2.92 -0.00276601
2.93 -0.0005485258
2.94 0.001394578
2.95 0.003060242
2.96 0.003496806
2.97 0.00220039
2.98 0.0008213542
2.99 0.000274638
3 0.001718962
3.01 0.002307506
3.02 0.003635549
3.03 0.004198593
3.04 0.003784477
3.05 0.002550281
3.06 0.001268144
3.07 0.001190628
3.08 0.0004133913
3.09 0.0001308549
3.1 -4.254155e-05
3.11 -0.0009391182
3.12 -0.002658835
3.13 -0.003863451
3.14 -0.003643128
3.15 -0.001983585
3.16 -0.0006178012
3.17 0.0007755221
3.18 0.001071325
3.19 -8.739138e-05
3.2 -0.0008942081
3.21 -7.820502e-05
3.22 0.001844498
3.23 0.002191301
3.24 0.001442624
3.25 0.0005266673
3.26 -0.0006493895
3.27 -0.0002852467
3.28 -0.001107364
3.29 -0.0009135608
3.3 -0.0009880179
3.31 -0.002081455
3.32 -0.0009982123
3.33 0.00158953
3.34 0.003885554
3.35 0.004102816
3.36 0.003770298
3.37 0.001344742
3.38 -0.001298076
3.39 -0.003613473
3.4 -0.00359001
3.41 -0.002724028
3.42 -0.002841325
3.43 -0.002128343
3.44 -0.001703001
3.45 -0.001861097
3.46 -0.001701975
3.47 -0.002471053
3.48 -0.002689331
3.49 -0.001689728
3.5 -0.002306826
3.51 -0.002230324
3.52 -0.001934522
3.53 -0.0009818393
3.54 0.0008582431
3.55 0.001365186
3.56 0.001600808
3.57 0.0003217295
3.58 0.0003921116
3.59 0.0005930537
3.6 0.002024116
3.61 0.004412958
3.62 0.005553319
3.63 0.006264261
3.64 0.005280983
3.65 0.004504765
3.66 0.003723447
3.67 0.003149189
3.68 0.001133671
3.69 -0.0001250068
3.7 -0.001402045
3.71 -0.002718863
3.72 -0.001605022
3.73 -1.381975e-05
3.74 0.001306062
3.75 0.0009511037
3.76 -0.0004003947
3.77 -0.001496893
3.78 -0.001967111
3.79 -0.00331351
3.8 -0.004493648
3.81 -0.004131546
3.82 -0.003472625
3.83 -0.002195584
3.84 -0.001433642
3.85 -0.00145098
3.86 -0.001427519
3.87 -0.001476478
3.88 -0.0008532565
3.89 -0.0005982552
3.9 0.0002126461
3.91 0.0001534874
3.92 0.0003462687
3.93 0.00123979
3.94 0.0005461913
3.95 -0.0004809475
3.96 -0.0009195464
3.97 -7.804515e-05
3.98 -0.0003320239
3.99 -0.001088863
4 -0.001709022
4.01 -0.001810001
4.02 -0.001689639
4.03 -0.002387319
4.04 -0.002867737
4.05 -0.001981357
4.06 0.0006318845
4.07 0.003698005
4.08 0.005852246
4.09 0.005562567
4.1 0.003627628
4.11 0.001192889
4.12 4.743002e-05
4.13 -0.001442789
4.14 -0.001714108
4.15 -6.986749e-05
4.16 0.0002504133
4.17 0.000166774
4.18 0.0007706147
4.19 0.001927295
4.2 0.002151697
4.21 0.002733097
4.22 0.003853057
4.23 0.004073378
4.24 0.002281239
4.25 0.001056219
4.26 0.00190996
4.27 0.00459052
4.28 0.007454681
4.29 0.008106463
4.3 0.005860422
4.31 0.001763082
4.32 -0.001973176
4.33 -0.004543576
4.34 -0.004676176
4.35 -0.004124355
4.36 -0.002937075
4.37 -0.002706555
4.38 -0.002676974
4.39 -0.003398113
4.4 -0.006168433
4.41 -0.008413453
4.42 -0.007809613
4.43 -0.003873433
4.44 -0.001364233
4.45 0.001055207
4.46 0.002244529
4.47 0.002174149
4.48 0.002083369
4.49 0.002989129
4.5 0.004212109
4.51 0.004117249
4.52 0.003961189
4.53 0.003044209
4.54 0.001314289
4.55 0.0001871896
4.56 -0.0004156303
4.57 -0.0001667503
4.58 0.00220169
4.59 0.00307379
4.6 0.0008501898
4.61 -0.00238219
4.62 -0.00374593
4.63 -0.00164269
4.64 0.0003167297
4.65 0.0002116696
4.66 -0.0004431704
4.67 -0.00266983
4.68 -0.00480775
4.69 -0.00666211
4.7 -0.004992371
4.71 -0.001712051
4.72 0.001865089
4.73 0.004978129
4.74 0.004468129
4.75 0.001469329
4.76 -0.001545792
4.77 -0.001762033
4.78 -0.001573333
4.79 -0.0005951528
4.8 0.0009603469
4.81 0.003079907
4.82 0.004761886
4.83 0.005821666
4.84 0.006041986
4.85 0.004289626
4.86 0.002468924
4.87 0.001562144
4.88 0.0004075042
4.89 -0.001610056
4.9 -0.002852416
4.91 -0.001804877
4.92 0.001744723
4.93 0.003958122
4.94 0.003512381
4.95 0.0009532011
4.96 -0.002661679
4.97 -0.005654359
4.98 -0.005896101
4.99 -0.003695961
5 -0.0001749215
5.01 0.001367318
5.02 0.0006359773
5.03 -0.001199003
5.04 -0.003610284
5.05 -0.005436084
5.06 -0.007319005
5.07 -0.007666825
5.08 -0.006834506
5.09 -0.004231467
5.1 -0.0009664475
5.11 0.001566212
5.12 0.002107831
5.13 0.00278817
5.14 0.004326329
5.15 0.004243709
5.16 0.004635388
5.17 0.006002187
5.18 0.007858586
5.19 0.009264146
5.2 0.008003425
5.21 0.005751264
5.22 0.002704523
5.23 -0.001599877
5.24 -0.004431398
5.25 -0.006609099
5.26 -0.0065173
5.27 -0.00645814
5.28 -0.006513221
5.29 -0.005432022
5.3 -0.003893863
5.31 -0.002392424
5.32 -0.001512164
5.33 0.001040894
5.34 0.001047013
5.35 0.0001412525
5.36 -0.001614168
5.37 -0.005720689
5.38 -0.00914279
5.39 -0.008777631
5.4 -0.004213133
5.41 0.001274467
5.42 0.005450346
5.43 0.006915064
5.44 0.007010943
5.45 0.007337343
5.46 0.007310822
5.47 0.00526572
5.48 0.00277488
5.49 6.167858e-05
5.5 -0.001795743
5.51 -0.001533604
5.52 -0.0001484446
5.53 0.0004584543
5.54 -0.0006533469
5.55 -0.001815128
5.56 -0.004079528
5.57 -0.00655711
5.58 -0.008044271
5.59 -0.005546292
5.6 -0.004187654
5.61 -0.004192755
5.62 -0.003429795
5.63 -0.003846977
5.64 -0.002864718
5.65 -0.0002167993
5.66 0.00400294
5.67 0.006832418
5.68 0.007152697
5.69 0.006503976
5.7 0.005158594
5.71 0.001696713
5.72 -0.001009347
5.73 -0.0007237491
5.74 0.00170997
5.75 0.006087809
5.76 0.009984208
5.77 0.01035854
5.78 0.004941325
5.79 -0.001041997
5.8 -0.004259078
5.81 -0.005693199
5.82 -0.00362974
5.83 -0.0002892417
5.84 0.001614077
5.85 -0.0004759043
5.86 -0.004053046
5.87 -0.007753607
5.88 -0.007979028
5.89 -0.00509753
5.9 -0.002640351
5.91 -0.002421052
5.92 -0.004002054
5.93 -0.003817435
5.94 -0.0003759564
5.95 0.002349483
5.96 0.003500041
5.97 0.002776859
5.98 0.0002686781
5.99 -0.0005310033
6 -0.001458185
6.01 -0.0006952261
6.02 0.001755832
6.03 0.006406011
6.04 0.01131935
6.05 0.01320125
6.06 0.01148051
6.07 0.006451905
6.08 -0.0003841361
6.09 -0.005170998
6.1 -0.005553499
6.11 -0.0039572
6.12 -0.003578782
6.13 -0.003720563
6.14 -0.003065725
6.15 -0.001873346
6.16 0.0002054121
6.17 0.003709111
6.18 0.005820509
6.19 0.003751947
6.2 -0.001351114
6.21 -0.005665715
6.22 -0.006537816
6.23 -0.004228539
6.24 -0.00160408
6.25 0.001126459
6.26 0.002167877
6.27 0.0005450555
6.28 2.179404e-05
6.29 -0.0002821675
6.3 -0.001184869
6.31 -0.002660811
6.32 -0.003591052
6.33 -0.002395613
6.34 -0.002359915
6.35 -0.002640417
6.36 -0.0009390583
6.37 0.00168336
6.38 0.004130339
6.39 0.005232957
6.4 0.004346575
6.41 0.002898174
6.42 0.001686413
6.43 0.0003257306
6.44 -0.0009492709
6.45 -0.001739772
6.46 -0.001146134
6.47 0.0001135642
6.48 0.002030142
6.49 0.003827381
6.5 0.0023851
6.51 0.0005409379
6.52 8.907624e-05
6.53 0.001089694
6.54 0.002309613
6.55 0.001519112
6.56 -0.00149295
6.57 -0.006477692
6.58 -0.01124925
6.59 -0.01361871
6.6 -0.01009257
6.61 -0.004177598
6.62 -0.00013228
6.63 0.002062758
6.64 0.004033397
6.65 0.005325735
6.66 0.006741494
6.67 0.007035252
6.68 0.00586735
6.69 0.004567868
6.7 0.003433627
6.71 0.002462585
6.72 0.0001563635
6.73 -0.002408938
6.74 -0.00268944
6.75 -0.0001996214
6.76 0.003962997
6.77 0.006882235
6.78 0.006494634
6.79 0.002702272
6.8 -0.005128269
6.81 -0.01074643
6.82 -0.01005998
6.83 -0.004421415
6.84 0.003039883
6.85 0.006830202
6.86 0.00720964
6.87 0.006265119
6.88 0.004853437
6.89 0.004167995
6.9 0.004101693
6.91 0.004341391
6.92 0.00457395
6.93 0.004280188
6.94 0.002794047
6.95 0.001147765
6.96 0.0003195234
6.97 7.37017e-05
6.98 0.00112838
6.99 0.002235079
7 0.002126957
7.01 0.0002521949
7.02 -0.002575246
7.03 -0.003944089
7.04 -0.00457445
7.05 -0.004851892
7.06 -0.005609754
7.07 -0.005645455
7.08 -0.005149737
7.09 -0.005144639
7.1 -0.0050049
7.11 -0.003832922
7.12 -0.001877584
7.13 0.0006418146
7.14 0.003263213
7.15 0.003335631
7.16 -0.001013651
7.17 -0.005305812
7.18 -0.004780514
7.19 -0.001013656
7.2 0.004732002
7.21 0.009129222
7.22 0.0093169
7.23 0.007095337
7.24 0.005537796
7.25 0.004288294
7.26 0.004801352
7.27 0.00512265
7.28 0.005228729
7.29 0.004151607
7.3 0.001904545
7.31 0.001020205
7.32 -0.002269297
7.33 -0.006517599
7.34 -0.0105415
7.35 -0.01138096
7.36 -0.009675525
7.37 -0.005846446
7.38 -0.002845608
7.39 -0.0002568494
7.4 0.001981029
7.41 0.002309467
7.42 0.0007111255
7.43 -0.002931296
7.44 -0.005252817
7.45 -0.005710799
7.46 -0.003049621
7.47 0.0008171972
7.48 0.002502235
7.49 0.003192773
7.5 0.005020612
7.51 0.005643831
7.52 0.003559969
7.53 -0.001102453
7.54 -0.005177354
7.55 -0.006234076
7.56 -0.007357098
7.57 -0.00746216
7.58 -0.006504381
7.59 -0.007280603
7.6 -0.007432584
7.61 -0.004499066
7.62 0.000307172
7.63 0.003885331
7.64 0.005175629
7.65 0.005110347
7.66 0.004552405
7.67 0.003379403
7.68 0.003150922
7.69 0.00302444
7.7 0.001469959
7.71 -0.001202443
7.72 -0.0006322645
7.73 0.003650714
7.74 0.007139112
7.75 0.00980743
7.76 0.009218889
7.77 0.004610527
7.78 -0.002621274
7.79 -0.008141517
7.8 -0.01032534
7.81 -0.008347559
7.82 -0.005313061
7.83 -0.002141883
7.84 0.001767776
7.85 0.004043394
7.86 0.002649052
7.87 -0.001443189
7.88 -0.00551401
7.89 -0.009557292
7.9 -0.01052834
7.91 -0.007344915
7.92 -0.0005343771
7.93 0.003016242
7.94 0.0011374
7.95 -0.001394242
7.96 -0.002408123
7.97 0.0001826749
7.98 0.003992373
7.99 0.006896312
8 0.00621801
8.01 0.002635768
8.02 -0.0003120331
8.03 -0.002513195
8.04 -0.003193537
8.05 -0.002132738
8.06 0.0008507606
8.07 0.002306299
8.08 0.001540277
8.09 0.001031295
8.1 0.002005394
8.11 0.003928092
8.12 0.006015011
8.13 0.007069689
8.14 0.007633748
8.15 0.008186586
8.16 0.007172704
8.17 0.002859123
8.18 -0.001446298
8.19 -0.003435299
8.2 -0.003126241
8.21 -9.122764e-06
8.22 0.002959075
8.23 0.002954994
8.24 -0.0002763673
8.25 -0.002535668
8.26 -0.00264787
8.27 -0.000892452
8.28 0.0002030266
8.29 -0.001136235
8.3 -0.003982037
8.31 -0.007347017
8.32 -0.00859142
8.33 -0.009207501
8.34 -0.009009623
8.35 -0.005891484
8.36 -0.002140946
8.37 0.001910493
8.38 0.003045751
8.39 0.00202065
8.4 0.0008180686
8.41 -0.000802713
8.42 -0.001271914
8.43 -0.002770296
8.44 -0.005496757
8.45 -0.007888659
8.46 -0.009409481
8.47 -0.009294221
8.48 -0.006704443
8.49 -0.002950844
8.5 0.002008393
8.51 0.004924572
8.52 0.006888071
8.53 0.00625771
8.54 0.004471688
8.55 0.002644867
8.56 0.001046525
8.57 0.003197704
8.58 0.006444363
8.59 0.009526801
8.6 0.00936258
8.61 0.006288298
8.62 0.0007711169
8.63 -0.003114064
8.64 -0.002092025
8.65 0.001270912
8.66 0.004825611
8.67 0.00604961
8.68 0.004170768
8.69 0.0005446671
8.7 -0.002803994
8.71 -0.003098776
8.72 -0.002116517
8.73 -0.0007680783
8.74 0.001505501
8.75 0.001983879
8.76 0.0004722375
8.77 -0.001724844
8.78 -0.002672425
8.79 -0.001364787
8.8 0.0002570121
8.81 -0.0003845692
8.82 -0.00150963
8.83 -0.001708532
8.84 0.0007343668
8.85 0.007358245
8.86 0.01192274
8.87 0.0109823
8.88 0.004967361
8.89 -0.0012883
8.9 -0.005228561
8.91 -0.004872582
8.92 -0.001664683
8.93 0.001189275
8.94 0.003405734
8.95 0.004654212
8.96 0.005254991
8.97 0.00482557
8.98 0.004010589
8.99 0.002453047
9 0.001528926
9.01 0.0004518049
9.02 0.0001611037
9.03 9.88824e-05
9.04 -0.001540258
9.05 -0.00414534
9.06 -0.006697382
9.07 -0.007448103
9.08 -0.006563764
9.09 -0.004257545
9.1 -0.001911546
9.11 -0.001244467
9.12 0.0002314714
9.13 0.00302729
9.14 0.004119709
9.15 0.001534008
9.16 -0.004911373
9.17 -0.01033471
9.18 -0.01208299
9.19 -0.01084675
9.2 -0.008663958
9.21 -0.00693404
9.22 -0.006700461
9.23 -0.007755142
9.24 -0.007277782
9.25 -0.004906284
9.26 -0.002862205
9.27 -0.0009568463
9.28 0.001028072
9.29 0.002429551
9.3 0.00304257
9.31 0.003246569
9.32 0.002346928
9.33 0.002984427
9.34 0.006093385
9.35 0.009040164
9.36 0.01102917
9.37 0.01143411
9.38 0.01213688
9.39 0.01104956
9.4 0.008645419
9.41 0.005241677
9.42 0.002230636
9.43 0.001539076
9.44 0.003220035
9.45 0.003298574
9.46 0.001380973
9.47 -0.0003877084
9.48 -0.0004101495
9.49 0.002669229
9.5 0.005577248
9.51 0.007866127
9.52 0.006761466
9.53 0.003163925
9.54 -0.001437295
9.55 -0.004799216
9.56 -0.004943037
9.57 -0.002769419
9.58 0.0007036802
9.59 0.002925239
9.6 0.003033358
9.61 0.001259577
9.62 -0.002437923
9.63 -0.005779444
9.64 -0.008458985
9.65 -0.01026337
9.66 -0.01080091
9.67 -0.01096003
9.68 -0.01035823
9.69 -0.01140067
9.7 -0.01316833
9.71 -0.01365895
9.72 -0.01202083
9.73 -0.007265595
9.74 -0.002423655
9.75 0.002001104
9.76 0.004893823
9.77 0.006946061
9.78 0.008031341
9.79 0.008011961
9.8 0.007389759
9.81 0.006352418
9.82 0.005250818
9.83 0.003228157
9.84 0.001853196
9.85 0.001310554
9.86 0.002793633
9.87 0.006252453
9.88 0.01095057
9.89 0.01473987
9.9 0.01647591
9.91 0.01678394
9.92 0.01430025
9.93 0.009474627
9.94 0.004044147
9.95 -0.000165394
9.96 -0.001595435
9.97 -0.001317996
9.98 -0.001818816
9.99 -0.003645637
10 -0.007292138
10.01 -0.011161
10.02 -0.01272364
10.03 -0.01159654
10.04 -0.007984721
10.05 -0.004040382
10.06 0.000461897
10.07 0.004805056
10.08 0.006669615
10.09 0.007285694
10.1 0.007955834
10.11 0.007500913
10.12 0.005545572
10.13 0.002614092
10.14 8.041083e-05
10.15 -0.002584849
10.16 -0.00455957
10.17 -0.006496551
10.18 -0.008450872
10.19 -0.0104256
10.2 -0.01181178
10.21 -0.01195662
10.22 -0.01064897
10.23 -0.009506575
10.24 -0.009449457
10.25 -0.005888637
10.26 -0.001020178
10.27 0.002092861
10.28 0.003284221
10.29 0.00419202
10.3 0.00328218
10.31 0.001369679
10.32 -0.001395542
10.33 -0.005404142
10.34 -0.008673244
10.35 -0.008857864
10.36 -0.006808685
10.37 -0.004688105
10.38 -0.002343126
10.39 8.993501e-06
10.4 0.004373573
10.41 0.008731012
10.42 0.009880551
10.43 0.008732031
10.44 0.00798743
10.45 0.007985388
10.46 0.007907869
10.47 0.005671008
10.48 0.002410068
10.49 -0.001455733
10.5 -0.005365393
10.51 -0.009238335
10.52 -0.01058983
10.53 -0.008659996
10.54 -0.005012475
10.55 -0.001900456
10.56 -0.001810697
10.57 -0.001715837
10.58 -0.001868838
10.59 -0.0009304383
10.6 0.002917001
10.61 0.007893581
10.62 0.01239688
10.63 0.01272837
10.64 0.009278738
10.65 0.003485139
10.66 -0.001311922
10.67 -0.001806622
10.68 0.0008474171
10.69 0.006060636
10.7 0.009689796
10.71 0.007329515
10.72 -0.0003806649
10.73 -0.008311166
10.74 -0.01306233
10.75 -0.01275735
10.76 -0.008727328
10.77 -0.003965967
10.78 -0.001362928
10.79 -0.001495528
10.8 -0.001817848
10.81 -0.001658729
10.82 -2.060949e-05
10.83 0.00200817
10.84 0.00339333
10.85 0.003932909
10.86 0.002417189
10.87 7.832838e-05
10.88 -0.002010632
10.89 -0.002676692
10.9 -0.0009182128
10.91 0.0002874268
10.92 -0.0005642736
10.93 -0.005770353
10.94 -0.01153336
10.95 -0.01364272
10.96 -0.01195054
10.97 -0.005875416
10.98 1.814412e-05
10.99 0.002419224
11 0.0006342234
11.01 -0.0008978169
11.02 0.001296203
11.03 0.006279922
11.04 0.01019978
11.05 0.009544942
11.06 0.006273801
11.07 0.001157481
11.08 -0.003082659
11.09 -0.00446884
11.1 -0.00210856
11.11 0.00357386
11.12 0.006929659
11.13 0.006842959
11.14 0.005478199
11.15 0.004315398
11.16 0.004158317
11.17 0.005965758
11.18 0.009079818
11.19 0.0110831
11.2 0.0101243
11.21 0.008501478
11.22 0.005010016
11.23 0.002394736
11.24 -0.0009406638
11.25 -0.004130204
11.26 -0.006062084
11.27 -0.006606764
11.28 -0.006116144
11.29 -0.007467644
11.3 -0.007477845
11.31 -0.005940705
11.32 -0.003214245
11.33 -0.001235445
11.34 -0.000391906
11.35 -0.001593466
11.36 -0.003673246
11.37 -0.007162666
11.38 -0.009379128
11.39 -0.009590267
11.4 -0.009547427
11.41 -0.009710627
11.42 -0.01065514
11.43 -0.009666768
11.44 -0.006525168
11.45 -0.003933348
11.46 -0.001778089
11.47 -0.0008947683
11.48 -0.002329908
11.49 -0.003646728
11.5 -0.004182228
11.51 -0.003403969
11.52 -0.002251369
11.53 -0.0008315292
11.54 0.0008116908
11.55 0.001342091
11.56 0.0009697905
11.57 0.00216115
11.58 0.00554551
11.59 0.01046191
11.6 0.01375447
11.61 0.01525591
11.62 0.01380241
11.63 0.01034665
11.64 0.00737335
11.65 0.00399919
11.66 0.001163589
11.67 -0.001502691
11.68 -0.00239213
11.69 -0.00284603
11.7 -0.00213101
11.71 -0.0008978308
11.72 0.0003832892
11.73 0.002876169
11.74 0.005963709
11.75 0.00882175
11.76 0.01030482
11.77 0.01017733
11.78 0.008115908
11.79 0.006303369
11.8 0.003055689
11.81 -0.000575511
11.82 -0.004215891
11.83 -0.006479271
11.84 -0.005993751
11.85 -0.003003111
11.86 5.790897e-05
11.87 -0.0003460109
11.88 -0.001624071
11.89 -0.00342947
11.9 -0.003577371
11.91 -0.0001389509
11.92 0.003803349
11.93 0.007013289
11.94 0.006078969
11.95 0.002752749
11.96 -0.0004949307
11.97 -0.001675071
11.98 -0.0006703706
11.99 -0.001509831
12 -0.00278279
12.01 -0.00441785
12.02 -0.00370793
12.03 -0.00423017
12.04 -0.005458251
12.05 -0.00544601
12.06 -0.00207695
12.07 0.00370543
12.08 0.00881053
12.09 0.01175833
12.1 0.01127179
12.11 0.008359692
12.12 0.00439801
12.13 0.00105751
12.14 -0.001528189
12.15 -0.003662029
12.16 -0.004571869
12.17 -0.003530449
12.18 -0.001892328
12.19 0.001899012
12.2 0.005071212
12.21 0.006044292
12.22 0.004146071
12.23 0.0007392719
12.24 -0.002314608
12.25 -0.004447428
12.26 -0.004648367
12.27 -0.002177927
12.28 0.001850053
12.29 0.003811513
12.3 0.004800912
12.31 0.005202793
12.32 0.004279693
12.33 -8.896637e-05
12.34 -0.004387246
12.35 -0.005772406
12.36 -0.005429685
12.37 -0.004162845
12.38 -0.002098365
12.39 0.001355355
12.4 0.003807434
12.41 0.004147095
12.42 0.001726635
12.43 -0.001367024
12.44 -0.005456204
12.45 -0.008299965
12.46 -0.009253664
12.47 -0.009482143
12.48 -0.007841983
12.49 -0.004485161
12.5 0.0006933772
12.51 0.004731557
12.52 0.006188117
12.53 0.003516738
12.54 -0.0009121018
12.55 -0.004327061
12.56 -0.006288521
12.57 -0.004244441
12.58 0.0006607393
12.59 0.00470708
12.6 0.00697658
12.61 0.008183241
12.62 0.00720608
12.63 0.00586478
12.64 0.004487781
12.65 0.004022661
12.66 0.004273581
12.67 0.005884162
12.68 0.007742602
12.69 0.008745262
12.7 0.008368883
12.71 0.006156503
12.72 0.003284184
12.73 -0.001450657
12.74 -0.006271176
12.75 -0.01011454
12.76 -0.009709595
12.77 -0.005874395
12.78 -0.0001868747
12.79 0.004772366
12.8 0.006867446
12.81 0.006405386
12.82 0.003629967
12.83 0.001231947
12.84 8.546734e-05
12.85 -0.001505733
12.86 -0.004073072
12.87 -0.007247312
12.88 -0.009180212
12.89 -0.01042665
12.9 -0.01143441
12.91 -0.00965757
12.92 -0.005743829
12.93 -0.001712789
12.94 -0.000233789
12.95 -0.001339469
12.96 -0.004383149
12.97 -0.007529848
12.98 -0.009204688
12.99 -0.009567808
13 -0.007440086
13.01 -0.002949026
13.02 0.002601814
13.03 0.007096955
13.04 0.009079836
13.05 0.009940716
13.06 0.01023957
13.07 0.01035585
13.08 0.009797917
13.09 0.008297498
13.1 0.006087157
13.11 0.002664038
13.12 0.0003302782
13.13 -0.001682181
13.14 -0.00457898
13.15 -0.00627116
13.16 -0.00673322
13.17 -0.00592436
13.18 -0.005554099
13.19 -0.005583679
13.2 -0.003269298
13.21 -0.0001562578
13.22 0.001454323
13.23 0.0003088631
13.24 -0.0007774365
13.25 -0.0003602561
13.26 0.0001181244
13.27 0.001409445
13.28 0.002827245
13.29 0.003152626
13.3 0.001271746
13.31 -0.002269693
13.32 -0.003885372
13.33 -0.002848032
13.34 -0.001431252
13.35 -0.0008029314
13.36 -0.0006427908
13.37 -0.0009926503
13.38 -0.00163831
13.39 -0.001880049
13.4 -0.0003765688
13.41 0.0002313516
13.42 -0.001485308
13.43 -0.004284187
13.44 -0.008138767
13.45 -0.01037256
13.46 -0.009231185
13.47 -0.005841725
13.48 -0.002711344
13.49 -0.001769885
13.5 -0.003501844
13.51 -0.004837023
13.52 -0.003739503
13.53 0.0005026777
13.54 0.006921538
13.55 0.01006007
13.56 0.008089439
13.57 0.004486799
13.58 0.0011259
13.59 0.001041241
13.6 0.004831561
13.61 0.008575982
13.62 0.01091484
13.63 0.01251216
13.64 0.01126674
13.65 0.009006424
13.66 0.005496605
13.67 0.001606325
13.68 -0.001191534
13.69 -0.003785394
13.7 -0.006435353
13.71 -0.007872532
13.72 -0.007972492
13.73 -0.006732171
13.74 -0.00484211
13.75 -0.002754171
13.76 -0.00167603
13.77 -0.001684189
13.78 -0.002345148
13.79 -0.002688888
13.8 -0.0008834873
13.81 0.001031053
13.82 0.003037394
13.83 0.004935614
13.84 0.006851175
13.85 0.007058236
13.86 0.007126577
13.87 0.006939916
13.88 0.007907897
13.89 0.009124759
13.9 0.00826796
13.91 0.003089419
13.92 -0.00335494
13.93 -0.0083662
13.94 -0.01125789
13.95 -0.01116507
13.96 -0.009966579
13.97 -0.005365357
13.98 -0.002818416
13.99 -0.002748036
14 -0.001999356
14.01 0.0003609252
14.02 0.001714466
14.03 0.0008586864
14.04 -0.0001103129
14.05 3.75877e-05
14.06 0.0008668484
14.07 -0.000629491
14.08 -0.00433311
14.09 -0.00761547
14.1 -0.008461049
14.11 -0.006835168
14.12 -0.004125027
14.13 0.0001457127
14.14 0.001689993
14.15 0.0009443741
14.16 -0.0003744854
14.17 -0.0007549447
14.18 0.001112676
14.19 0.005459917
14.2 0.01150138
14.21 0.0147511
14.22 0.01417072
14.23 0.01139734
14.24 0.00657682
14.25 0.0006832604
14.26 -0.004607479
14.27 -0.006569958
14.28 -0.004897158
14.29 -0.002617457
14.3 -0.0005325763
14.31 0.0008913443
14.32 0.003791205
14.33 0.007127625
14.34 0.007343866
14.35 0.004617406
14.36 0.002184708
14.37 0.001136149
14.38 0.001768548
14.39 0.002575369
14.4 0.00474185
14.41 0.00514067
14.42 0.002699811
14.43 -0.0008385677
14.44 -0.004455487
14.45 -0.005622366
14.46 -0.006305765
14.47 -0.006639305
14.48 -0.006709684
14.49 -0.005282703
14.5 -0.002065623
14.51 0.002405037
14.52 0.004417498
14.53 0.003164939
14.54 9.677973e-05
14.55 -0.001800419
14.56 -0.002303279
14.57 -0.002969338
14.58 -0.004348377
14.59 -0.007159497
14.6 -0.009059756
14.61 -0.0105306
14.62 -0.01043676
14.63 -0.008779254
14.64 -0.006650514
14.65 -0.003629273
14.66 -0.000929332
14.67 0.0009433886
14.68 0.001549269
14.69 -0.0009262699
14.7 -0.002686789
14.71 -0.001917708
14.72 -1.030786e-05
14.73 0.002202073
14.74 0.004932613
14.75 0.006794114
14.76 0.006962415
14.77 0.005252895
14.78 0.003898336
14.79 0.004961177
14.8 0.006246378
14.81 0.007662138
14.82 0.00800792
14.83 0.0061607
14.84 0.00445016
14.85 0.002848762
14.86 0.001214722
14.87 -6.217323e-06
14.88 -0.0009252367
14.89 -0.002485836
14.9 -0.004733915
14.91 -0.007586854
14.92 -0.01099059
14.93 -0.01097427
14.94 -0.007912234
14.95 -0.004043372
14.96 -0.000189811
14.97 0.00187773
14.98 0.002862031
14.99 0.005046871
15 0.006028112
15.01 0.006246392
15.02 0.006460594
15.03 0.005221294
15.04 0.003143555
15.05 -0.0004091045
15.06 -0.004394244
15.07 -0.005780424
15.08 -0.005550923
15.09 -0.003925041
15.1 -0.002013561
15.11 -0.00182588
15.12 -0.00316616
15.13 -0.004625778
15.14 -0.002940738
15.15 -0.001031297
15.16 -0.0009751966
15.17 -0.004233075
15.18 -0.006472995
15.19 -0.006605595
15.2 -0.004755313
15.21 -0.001743253
15.22 0.0006343676
15.23 0.002500968
15.24 0.002879389
15.25 0.00292529
15.26 0.00266111
15.27 0.003893271
15.28 0.006483052
15.29 0.008390454
15.3 0.008164013
15.31 0.006025074
15.32 0.003150715
15.33 0.002031775
15.34 0.002185797
15.35 0.001906317
15.36 0.001062777
15.37 -0.001230181
15.38 -0.003732241
15.39 -0.0054438
15.4 -0.007622519
15.41 -0.008666998
15.42 -0.008622118
15.43 -0.008638437
15.44 -0.008606816
15.45 -0.009196376
15.46 -0.01044282
15.47 -0.01231451
15.48 -0.01188611
15.49 -0.009569693
15.5 -0.006113932
15.51 -0.002673472
15.52 -0.00188195
15.53 -0.00159227
15.54 -0.0002173092
15.55 0.002828412
15.56 0.006008772
15.57 0.009032052
15.58 0.01106593
15.59 0.01263062
15.6 0.0138944
15.61 0.01176974
15.62 0.009135078
15.63 0.007099157
15.64 0.007767258
15.65 0.009109578
15.66 0.01069976
15.67 0.01186766
15.68 0.01004798
15.69 0.008065102
15.7 0.007267462
15.71 0.007713203
15.72 0.007985543
15.73 0.007385784
15.74 0.006096505
15.75 0.004792946
15.76 0.003376167
15.77 0.0009669273
15.78 -0.001442312
15.79 -0.002716291
15.8 -0.00382299
15.81 -0.00432177
15.82 -0.005059229
15.83 -0.005673269
15.84 -0.005780367
15.85 -0.006105746
15.86 -0.005922146
15.87 -0.004958245
15.88 -0.005386645
15.89 -0.005666124
15.9 -0.004584924
15.91 -0.002923342
15.92 0.000125438
15.93 0.001652379
15.94 0.002462259
15.95 0.00171154
15.96 -0.002102239
15.97 -0.006638179
15.98 -0.008793438
15.99 -0.007966216
16 -0.005631436
16.01 -0.003160995
16.02 -0.001550415
16.03 3.058573e-05
16.04 0.001896166
16.05 0.003667907
16.06 0.002832527
16.07 0.002120568
16.08 0.001409629
16.09 0.00112199
16.1 0.002853951
16.11 0.004895991
16.12 0.006066952
16.13 0.005886413
16.14 0.006255653
16.15 0.008757715
16.16 0.009997015
16.17 0.009261595
16.18 0.007986597
16.19 0.004371717
16.2 -0.0001581024
16.21 -0.005115302
16.22 -0.00752352
16.23 -0.007112461
16.24 -0.004025939
16.25 -0.000986339
16.26 0.0008680216
16.27 0.0009271823
16.28 2.448305e-05
16.29 -0.001852316
16.3 -0.004503295
16.31 -0.005030635
16.32 -0.005083674
16.33 -0.002209313
16.34 0.001794187
16.35 0.005505968
16.36 0.007775469
16.37 0.007729569
16.38 0.00683911
16.39 0.00514897
16.4 0.003227291
16.41 0.0006201718
16.42 -0.001940028
16.43 -0.004722587
16.44 -0.008349706
16.45 -0.0121594
16.46 -0.0150358
16.47 -0.01701154
16.48 -0.01885672
16.49 -0.01846912
16.5 -0.01650052
16.51 -0.01301518
16.52 -0.008859702
16.53 -0.0059629
16.54 -0.005858859
16.55 -0.006832958
16.56 -0.006542258
16.57 -0.005087738
16.58 -0.002736637
16.59 0.0004386237
16.6 0.003742404
16.61 0.004500265
16.62 0.002618366
16.63 -0.0006313536
16.64 -0.004274793
16.65 -0.006820712
16.66 -0.006526951
16.67 -0.004861291
16.68 -0.002970211
16.69 -0.00174519
16.7 -0.001829849
16.71 5.919147e-05
16.72 0.003601652
16.73 0.007791812
16.74 0.01252971
16.75 0.01570701
16.76 0.01665765
16.77 0.01476351
16.78 0.01191771
16.79 0.009525817
16.8 0.006130237
16.81 0.003169177
16.82 0.0007609584
16.83 -0.000701721
16.84 -0.0001448004
16.85 0.00394948
16.86 0.008459922
16.87 0.01324882
16.88 0.01644346
16.89 0.01491652
16.9 0.009890984
16.91 0.002633684
16.92 -0.002087895
16.93 -0.004406354
16.94 -0.005080574
16.95 -0.005657893
16.96 -0.006440232
16.97 -0.006244392
16.98 -0.004848012
16.99 -0.003697451
17 -0.004007531
17.01 -0.00486433
17.02 -0.00666667
17.03 -0.009716469
17.04 -0.01246333
17.05 -0.01372813
17.06 -0.01224199
17.07 -0.008385368
17.08 -0.003313926
17.09 0.002648995
17.1 0.007251235
17.11 0.01137612
17.12 0.01547958
17.13 0.0161946
17.14 0.01552344
17.15 0.01647204
17.16 0.01659444
17.17 0.01493796
17.18 0.01047138
17.19 0.00691872
17.2 0.005352001
17.21 0.004342201
17.22 0.003214082
17.23 0.001338302
17.24 0.001132263
17.25 0.002912163
17.26 0.004584964
17.27 0.003332404
17.28 -0.002026674
17.29 -0.01003163
17.3 -0.01510715
17.31 -0.01533257
17.32 -0.01190027
17.33 -0.006673792
17.34 -0.002939571
17.35 -0.0009383306
17.36 -0.00031307
17.37 -0.00232757
17.38 -0.005240688
17.39 -0.007715208
17.4 -0.008016109
17.41 -0.005020367
17.42 0.0007028531
17.43 0.005125574
17.44 0.005766134
17.45 0.002417475
17.46 -0.003277185
17.47 -0.006585044
17.48 -0.006554443
17.49 -0.005028523
17.5 -0.002760042
17.51 -0.002524422
17.52 -0.004611342
17.53 -0.006594221
17.54 -0.0076336
17.55 -0.00645958
17.56 -0.005066258
17.57 -0.002670279
17.58 -4.683851e-05
17.59 0.001462762
17.6 0.001943182
17.61 0.003534382
17.62 0.008994443
17.63 0.01615688
17.64 0.02385584
17.65 0.0291374
17.66 0.02906703
17.67 0.02433015
17.68 0.01717179
17.69 0.008547687
17.7 0.001419927
17.71 -0.003387332
17.72 -0.004932631
17.73 -0.004405291
17.74 -0.004478731
17.75 -0.007287809
17.76 -0.01381887
17.77 -0.02103435
17.78 -0.02573043
17.79 -0.02562639
17.8 -0.02246235
17.81 -0.01749494
17.82 -0.0133415
17.83 -0.01132496
17.84 -0.009939805
17.85 -0.006303505
17.86 -5.498512e-05
17.87 0.006461795
17.88 0.01043979
17.89 0.01094571
17.9 0.008319218
17.91 0.002538877
17.92 -0.002982382
17.93 -0.005670082
17.94 -0.004189042
17.95 5.721886e-05
17.96 0.005302059
17.97 0.00786226
17.98 0.00802342
17.99 0.00739816
18 0.00699118
18.01 0.008880222
18.02 0.01067542
18.03 0.01341718
18.04 0.0155959
18.05 0.01598146
18.06 0.01689029
18.07 0.01603043
18.08 0.01441679
18.09 0.01231966
18.1 0.01117012
18.11 0.01137106
18.12 0.0109141
18.13 0.009499367
18.14 0.005535647
18.15 0.0008956672
18.16 -0.004674552
18.17 -0.009454272
18.18 -0.01280089
18.19 -0.0135659
18.2 -0.01151365
18.21 -0.009967331
18.22 -0.008743331
18.23 -0.008597469
18.24 -0.008987109
18.25 -0.01118113
18.26 -0.01555999
18.27 -0.0204315
18.28 -0.02335176
18.29 -0.02490727
18.3 -0.02445643
18.31 -0.02188501
18.32 -0.02032951
18.33 -0.01864957
18.34 -0.0180396
18.35 -0.01728582
18.36 -0.01529784
18.37 -0.01059258
18.38 -0.003407704
18.39 0.004518716
18.4 0.009740096
18.41 0.01098143
18.42 0.006019137
18.43 -0.002802843
18.44 -0.01017132
18.45 -0.0130212
18.46 -0.01230516
18.47 -0.008578082
18.48 -0.002853841
18.49 0.0002357393
18.5 0.001180259
18.51 -0.00049458
18.52 -0.00260802
18.53 -0.003162899
18.54 -0.001646159
18.55 0.001151701
18.56 0.002848982
18.57 0.004043402
18.58 0.005392862
18.59 0.006773942
18.6 0.009746222
18.61 0.01305
18.62 0.01628748
18.63 0.01956169
18.64 0.02269309
18.65 0.02434039
18.66 0.02488608
18.67 0.02371206
18.68 0.02143848
18.69 0.02139768
18.7 0.02255947
18.71 0.02459641
18.72 0.02623249
18.73 0.02541547
18.74 0.01975854
18.75 0.0112344
18.76 0.001204747
18.77 -0.008659672
18.78 -0.01347407
18.79 -0.01383821
18.8 -0.01186043
18.81 -0.009673552
18.82 -0.008833072
18.83 -0.008238411
18.84 -0.00676043
18.85 -0.002034771
18.86 0.005406129
18.87 0.01167199
18.88 0.01717795
18.89 0.01965757
18.9 0.01781239
18.91 0.01320505
18.92 0.008417171
18.93 0.007151351
18.94 0.009619752
18.95 0.01376299
18.96 0.01499414
18.97 0.01448107
18.98 0.01027663
18.99 0.002137033
19 -0.007945666
19.01 -0.01794881
19.02 -0.02434114
19.03 -0.02671672
19.04 -0.02575792
19.05 -0.02242559
19.06 -0.01715321
19.07 -0.01082309
19.08 -0.003598425
19.09 0.003340634
19.1 0.006967755
19.11 0.007159514
19.12 0.005323515
19.13 0.004316776
19.14 0.005976314
19.15 0.008768056
19.16 0.01268588
19.17 0.01436378
19.18 0.01427606
19.19 0.01208509
19.2 0.008055078
19.21 0.002606236
19.22 -0.002123503
19.23 -0.004079863
19.24 -0.005357922
19.25 -0.006231043
19.26 -0.005836302
19.27 -0.005542543
19.28 -0.006641082
19.29 -0.007646802
19.3 -0.007807962
19.31 -0.007308162
19.32 -0.007575401
19.33 -0.009679663
19.34 -0.0126601
19.35 -0.01549774
19.36 -0.01554568
19.37 -0.0126295
19.38 -0.008719841
19.39 -0.004223681
19.4 0.0004101793
19.41 0.004184179
19.42 0.00286532
19.43 -0.00403396
19.44 -0.01255504
19.45 -0.01864749
19.46 -0.02206858
19.47 -0.0229672
19.48 -0.02124646
19.49 -0.01876786
19.5 -0.01485208
19.51 -0.01066701
19.52 -0.008611719
19.53 -0.008335299
19.54 -0.008383239
19.55 -0.008370999
19.56 -0.00838222
19.57 -0.007754919
19.58 -0.004607198
19.59 0.0001123411
19.6 0.003989361
19.61 0.004807401
19.62 0.0009803612
19.63 -0.005164118
19.64 -0.0118543
19.65 -0.01697674
19.66 -0.02050594
19.67 -0.02359042
19.68 -0.02624752
19.69 -0.02702475
19.7 -0.02179215
19.71 -0.01314154
19.72 -0.001039238
19.73 0.008996543
19.74 0.01706066
19.75 0.0264314
19.76 0.03255243
19.77 0.0345404
19.78 0.03042572
19.79 0.02279918
19.8 0.01293272
19.81 0.005607082
19.82 0.0007875823
19.83 -0.001160618
19.84 -0.0003670578
19.85 0.0005703222
19.86 0.002146222
19.87 0.005007322
19.88 0.01080908
19.89 0.015701
19.9 0.0177512
19.91 0.0154715
19.92 0.009546322
19.93 0.002148262
19.94 -0.006320798
19.95 -0.01283146
19.96 -0.01599244
19.97 -0.01550896
19.98 -0.01204401
19.99 -0.006163717
20 0.002682742
20.01 0.01403534
20.02 0.02400584
20.03 0.0289253
20.04 0.02650688
20.05 0.02029304
20.06 0.01543988
20.07 0.01401188
20.08 0.01680566
20.09 0.02188832
20.1 0.02567865
20.11 0.0225605
20.12 0.01399556
20.13 0.003519142
20.14 -0.005916878
20.15 -0.007727378
20.16 -0.002213258
20.17 0.008192782
20.18 0.01815308
20.19 0.0258347
20.2 0.03007382
20.21 0.02813582
20.22 0.02158844
20.23 0.01195862
20.24 0.002242101
20.25 -0.007598858
20.26 -0.01721542
20.27 -0.0277918
20.28 -0.03654034
20.29 -0.04042552
20.3 -0.04177906
20.31 -0.04242268
20.32 -0.04308159
20.33 -0.0436375
20.34 -0.04252162
20.35 -0.03891286
20.36 -0.03241648
20.37 -0.02459002
20.38 -0.01606078
20.39 -0.00897994
20.4 -0.00383302
20.41 0.0003510195
20.42 0.0052817
20.43 0.01241965
20.44 0.0199493
20.45 0.02542568
20.46 0.02777678
20.47 0.02883962
20.48 0.02862134
20.49 0.02808073
20.5 0.02618456
20.51 0.02443628
20.52 0.02455256
20.53 0.02354786
20.54 0.02057965
20.55 0.012743
20.56 -6.106237e-05
20.57 -0.01309972
20.58 -0.02143414
20.59 -0.02121485
20.6 -0.01472254
20.61 -0.005377303
20.62 0.003408977
20.63 0.009795197
20.64 0.01263793
20.65 0.01286539
20.66 0.01176584
20.67 0.01013894
20.68 0.01003898
20.69 0.01205347
20.7 0.01651699
20.71 0.02247175
20.72 0.02825618
20.73 0.03224642
20.74 0.03466483
20.75 0.03493207
20.76 0.03267583
20.77 0.02899873
20.78 0.02146706
20.79 0.01265221
20.8 0.003426313
20.81 -0.002905847
20.82 -0.008252687
20.83 -0.0131395
20.84 -0.01657895
20.85 -0.02154941
20.86 -0.02690339
20.87 -0.03262559
20.88 -0.0374155
20.89 -0.04228499
20.9 -0.04573565
20.91 -0.04721159
20.92 -0.04664141
20.93 -0.04462792
20.94 -0.04434845
20.95 -0.04252571
20.96 -0.03890369
20.97 -0.03295607
20.98 -0.02644541
20.99 -0.01965629
21 -0.01258871
21.01 -0.00742547
21.02 -0.005944431
21.03 -0.008872851
21.04 -0.01155035
21.05 -0.01039877
21.06 -0.005403831
21.07 -0.001493152
21.08 -0.001221833
21.09 -0.005238593
21.1 -0.008065014
21.11 -0.007829393
21.12 -0.003818754
21.13 0.003625206
21.14 0.01183926
21.15 0.01970346
21.16 0.02650687
21.17 0.03069907
21.18 0.03254526
21.19 0.03637842
21.2 0.0413601
21.21 0.04595418
21.22 0.04751989
21.23 0.04642236
21.24 0.04209858
21.25 0.03591126
21.26 0.03036756
21.27 0.02349073
21.28 0.01628748
21.29 0.0102246
21.3 0.005272502
21.31 0.001111922
21.32 -0.001886879
21.33 -0.0027192
21.34 -0.00151152
21.35 0.0019626
21.36 0.00656994
21.37 0.009647279
21.38 0.01041534
21.39 0.00938922
21.4 0.006853499
21.41 0.001596418
21.42 -0.007212302
21.43 -0.0164433
21.44 -0.02276526
21.45 -0.0240321
21.46 -0.02077218
21.47 -0.01380151
21.48 -0.006801243
21.49 -0.003618845
21.5 -0.004082945
21.51 -0.007103165
21.52 -0.01023763
21.53 -0.01195633
21.54 -0.01225416
21.55 -0.009792906
21.56 -0.005465047
21.57 -0.001368727
21.58 0.003636412
21.59 0.008022413
21.6 0.01243392
21.61 0.01885787
21.62 0.02414861
21.63 0.02767067
21.64 0.02885387
21.65 0.02799911
21.66 0.02527673
21.67 0.01992071
21.68 0.01256447
21.69 0.003973009
21.7 -0.001221852
21.71 -0.003297552
21.72 -0.002762052
21.73 -0.001340173
21.74 -0.001770613
21.75 -0.003233293
21.76 -0.007885514
21.77 -0.01361791
21.78 -0.01857205
21.79 -0.02462065
21.8 -0.02962274
21.81 -0.0358682
21.82 -0.04146391
21.83 -0.04454839
21.84 -0.046568
21.85 -0.04685768
21.86 -0.0457571
21.87 -0.04225951
21.88 -0.04061221
21.89 -0.04114262
21.9 -0.0445076
21.91 -0.05077346
21.92 -0.05685163
21.93 -0.0616181
21.94 -0.06194144
21.95 -0.05838572
21.96 -0.05025631
21.97 -0.03770828
21.98 -0.01978281
21.99 -0.0009107624
22 0.01443412
22.01 0.0250768
22.02 0.03252892
22.03 0.03991779
22.04 0.04381419
22.05 0.04429767
22.06 0.0425341
22.07 0.04010037
22.08 0.03843981
22.09 0.03501771
22.1 0.03216579
22.11 0.02895382
22.12 0.02837955
22.13 0.02984937
22.14 0.02954949
22.15 0.02955663
22.16 0.02596011
22.17 0.02037765
22.18 0.01206465
22.19 0.003821009
22.2 -0.003175171
22.21 -0.005392652
22.22 0.0004570477
22.23 0.006707606
22.24 0.008231487
22.25 0.005099067
22.26 -0.002840613
22.27 -0.01098532
22.28 -0.01478685
22.29 -0.01710021
22.3 -0.0165025
22.31 -0.01372708
22.32 -0.009503257
22.33 -0.004214557
22.34 0.002255302
22.35 0.006587242
22.36 0.007514421
22.37 0.004739001
22.38 -0.001369779
22.39 -0.008706639
22.4 -0.01866388
22.41 -0.02907094
22.42 -0.0388711
22.43 -0.0436702
22.44 -0.04464329
22.45 -0.04379464
22.46 -0.04171792
22.47 -0.03729622
22.48 -0.02869048
22.49 -0.01456349
22.5 0.002624535
22.51 0.01682803
22.52 0.0254246
22.53 0.02852948
22.54 0.03040423
22.55 0.03293077
22.56 0.03663847
22.57 0.03895693
22.58 0.04093981
22.59 0.04333273
22.6 0.04463935
22.61 0.04371625
22.62 0.03859381
22.63 0.03469026
22.64 0.03196585
22.65 0.03298483
22.66 0.03701077
22.67 0.03994633
22.68 0.04440984
22.69 0.04730358
22.7 0.04733724
22.71 0.04604491
22.72 0.04689559
22.73 0.04971792
22.74 0.0536337
22.75 0.05508006
22.76 0.05168652
22.77 0.04230864
22.78 0.02842236
22.79 0.01174842
22.8 -0.00511626
22.81 -0.020301
22.82 -0.03275418
22.83 -0.0411192
22.84 -0.04617228
22.85 -0.04586526
22.86 -0.0411753
22.87 -0.03598249
22.88 -0.03355998
22.89 -0.03570912
22.9 -0.04187808
22.91 -0.04952706
22.92 -0.05407831
22.93 -0.05299405
22.94 -0.04535424
22.95 -0.03392922
22.96 -0.02148829
22.97 -0.01196455
22.98 -0.006131168
22.99 -0.002557089
23 0.001377049
23.01 0.006614749
23.02 0.01124963
23.03 0.01624967
23.04 0.01864055
23.05 0.01808567
23.06 0.01400362
23.07 0.008836306
23.08 0.0008905058
23.09 -0.009125896
23.1 -0.01839259
23.11 -0.02767154
23.12 -0.03438518
23.13 -0.04017164
23.14 -0.04177915
23.15 -0.03926689
23.16 -0.03433826
23.17 -0.02934638
23.18 -0.0271901
23.19 -0.02647508
23.2 -0.0281642
23.21 -0.02813666
23.22 -0.02494406
23.23 -0.01794074
23.24 -0.009033083
23.25 -0.001417763
23.26 0.006020076
23.27 0.01167903
23.28 0.01547547
23.29 0.01705036
23.3 0.01598344
23.31 0.01473903
23.32 0.01573047
23.33 0.01957485
23.34 0.02451369
23.35 0.02920569
23.36 0.03048171
23.37 0.02875485
23.38 0.02599269
23.39 0.02259711
23.4 0.02176173
23.41 0.0210824
23.42 0.0198941
23.43 0.01569987
23.44 0.005290766
23.45 -0.009993934
23.46 -0.0277093
23.47 -0.04516354
23.48 -0.06023505
23.49 -0.06880611
23.5 -0.07114905
23.51 -0.06837262
23.52 -0.06263104
23.53 -0.05520748
23.54 -0.04798996
23.55 -0.0419128
23.56 -0.03734218
23.57 -0.03237478
23.58 -0.02684026
23.59 -0.01898014
23.6 -0.008436403
23.61 0.002757076
23.62 0.01504705
23.63 0.02594269
23.64 0.03415675
23.65 0.04154869
23.66 0.0512642
23.67 0.06280039
23.68 0.07557488
23.69 0.08568919
23.7 0.09240488
23.71 0.09583004
23.72 0.09505584
23.73 0.09261703
23.74 0.0885044
23.75 0.08282503
23.76 0.07779745
23.77 0.07129699
23.78 0.06176712
23.79 0.04973112
23.8 0.03717084
23.81 0.02556223
23.82 0.01061209
23.83 -0.004750137
23.84 -0.01616292
23.85 -0.02404038
23.86 -0.0268413
23.87 -0.02981766
23.88 -0.03341927
23.89 -0.0366231
23.9 -0.0371943
23.91 -0.03256452
23.92 -0.02651592
23.93 -0.02219112
23.94 -0.02117827
23.95 -0.02013277
23.96 -0.0212925
23.97 -0.02416482
23.98 -0.0274023
23.99 -0.03097026
24 -0.03473815
24.01 -0.03758191
24.02 -0.03922717
24.03 -0.03928327
24.04 -0.03693625
24.05 -0.0347361
24.06 -0.03367531
24.07 -0.03482383
24.08 -0.03415777
24.09 -0.02956777
24.1 -0.01916785
24.11 -0.004785853
24.12 0.006203626
24.13 0.01419226
24.14 0.01948504
24.15 0.02322029
24.16 0.02416379
24.17 0.02279903
24.18 0.02205544
24.19 0.0215128
24.2 0.02426782
24.21 0.02808262
24.22 0.0323197
24.23 0.03635788
24.24 0.03911085
24.25 0.04029303
24.26 0.03957904
24.27 0.03839788
24.28 0.03644254
24.29 0.03384766
24.3 0.02890473
24.31 0.02318355
24.32 0.01596297
24.33 0.008670994
24.34 0.001897173
24.35 -0.003741388
24.36 -0.009055588
24.37 -0.01688919
24.38 -0.02449023
24.39 -0.03240849
24.4 -0.03510435
24.41 -0.03243297
24.42 -0.02514915
24.43 -0.0127735
24.44 -0.001289313
24.45 0.006398425
24.46 0.009390086
24.47 0.01217265
24.48 0.01548969
24.49 0.01668206
24.5 0.01317632
24.51 0.002896763
24.52 -0.0120799
24.53 -0.02606614
24.54 -0.03528286
24.55 -0.03930981
24.56 -0.03809296
24.57 -0.03379264
24.58 -0.02810818
24.59 -0.02285314
24.6 -0.01867114
24.61 -0.01738288
24.62 -0.0166903
24.63 -0.01517459
24.64 -0.01385369
24.65 -0.01163315
24.66 -0.01236449
24.67 -0.01425863
24.68 -0.0171493
24.69 -0.02270116
24.7 -0.0269107
24.71 -0.03070307
24.72 -0.03226877
24.73 -0.03066941
24.74 -0.02487479
24.75 -0.01519091
24.76 -0.003165112
24.77 0.009117728
24.78 0.01745418
24.79 0.02226042
24.8 0.02373024
24.81 0.02335692
24.82 0.02205438
24.83 0.02032752
24.84 0.01875775
24.85 0.01759903
24.86 0.01802232
24.87 0.02047338
24.88 0.02229612
24.89 0.02329266
24.9 0.02297544
24.91 0.02049684
24.92 0.01794378
24.93 0.0158028
24.94 0.01479503
24.95 0.01734299
24.96 0.02329265
24.97 0.02997467
24.98 0.03514301
24.99 0.03750227
25 0.03506345
25.01 0.02751648
25.02 0.01843235
25.03 0.009958192
25.04 0.003770871
25.05 -0.0008374903
25.06 -0.005324471
25.07 -0.009599292
25.08 -0.01611607
25.09 -0.02245639
25.1 -0.02843563
25.11 -0.03292874
25.12 -0.03581942
25.13 -0.03781556
25.14 -0.03904772
25.15 -0.0381287
25.16 -0.0355889
25.17 -0.03221882
25.18 -0.02680975
25.19 -0.02056327
25.2 -0.01369867
25.21 -0.00978698
25.22 -0.008647642
25.23 -0.008650703
25.24 -0.01067234
25.25 -0.01318052
25.26 -0.01420766
25.27 -0.01202792
25.28 -0.008453844
25.29 -0.006476065
25.3 -0.005651905
25.31 -0.003095786
25.32 0.005116233
25.33 0.01504491
25.34 0.02400765
25.35 0.02852115
25.36 0.02893323
25.37 0.02703705
25.38 0.02612007
25.39 0.02699319
25.4 0.02747973
25.41 0.02621187
25.42 0.02278976
25.43 0.01917692
25.44 0.01673402
25.45 0.01562426
25.46 0.01356692
25.47 0.01189718
25.48 0.0101081
25.49 0.008580142
25.5 0.008046681
25.51 0.007823301
25.52 0.008118082
25.53 0.00699098
25.54 0.003523999
25.55 -0.001336301
25.56 -0.007207421
25.57 -0.01255529
25.58 -0.01703206
25.59 -0.02126812
25.6 -0.0258571
25.61 -0.0304369
25.62 -0.03483514
25.63 -0.0382603
25.64 -0.03972808
25.65 -0.03928642
25.66 -0.03819502
25.67 -0.03477802
25.68 -0.02967904
25.69 -0.02241358
25.7 -0.01391291
25.71 -0.004010751
25.72 0.008436309
25.73 0.0223491
25.74 0.0361038
25.75 0.04526442
25.76 0.04692294
25.77 0.04087332
25.78 0.02988792
25.79 0.0172185
25.8 0.006426903
25.81 -0.0002377773
25.82 -0.002592958
25.83 -0.002846939
25.84 -0.002726579
25.85 -0.0030132
25.86 -0.00320904
25.87 -0.002482801
25.88 -0.001929961
25.89 -0.0009303622
25.9 0.002254077
25.91 0.007252076
25.92 0.01410647
25.93 0.01995107
25.94 0.02244803
25.95 0.01930643
25.96 0.01069355
25.97 0.001516613
25.98 -0.004551367
25.99 -0.005016489
26 -0.0009395492
26.01 0.00419105
26.02 0.006986869
26.03 0.006040309
26.04 0.001972549
26.05 -0.003503833
26.06 -0.008181553
26.07 -0.01114363
26.08 -0.01356715
26.09 -0.01586113
26.1 -0.01564999
26.11 -0.01330195
26.12 -0.01092637
26.13 -0.006538337
26.14 -0.003664998
26.15 -0.002937738
26.16 -0.004470799
26.17 -0.007101379
26.18 -0.00784088
26.19 -0.006876981
26.2 -0.005443881
26.21 -0.004245382
26.22 -0.002936723
26.23 -0.003434483
26.24 -0.003828204
26.25 -0.003354925
26.26 -0.003040766
26.27 -0.003430406
26.28 -0.005717247
26.29 -0.007154427
26.3 -0.006735208
26.31 -0.004142368
26.32 -0.0003602092
26.33 0.0005822702
26.34 -0.00179739
26.35 -0.006627091
26.36 -0.01120486
26.37 -0.01532872
26.38 -0.01807252
26.39 -0.01986364
26.4 -0.021565
26.41 -0.02120188
26.42 -0.02102236
26.43 -0.02103256
26.44 -0.01981366
26.45 -0.01648234
26.46 -0.009426999
26.47 0.001753222
26.48 0.0138647
26.49 0.02364445
26.5 0.03176059
26.51 0.03692996
26.52 0.03872924
26.53 0.03611906
26.54 0.03232364
26.55 0.0288179
26.56 0.02484092
26.57 0.02036414
26.58 0.01537532
26.59 0.01049564
26.6 0.006339133
26.61 0.004130832
26.62 0.002951711
26.63 0.003147551
26.64 0.00286807
26.65 0.00195823
26.66 0.0003741693
26.67 -0.001771911
26.68 -0.002828632
26.69 -0.002837812
26.7 -0.002056493
26.71 -0.0004938539
26.72 -0.0001643946
26.73 -0.002818435
26.74 -0.008067355
26.75 -0.0146943
26.76 -0.0209877
26.77 -0.02646612
26.78 -0.02915076
26.79 -0.03074094
26.8 -0.03175686
26.81 -0.03288906
26.82 -0.03418956
26.83 -0.0338091
26.84 -0.03230052
26.85 -0.02835414
26.86 -0.02480148
26.87 -0.01957092
26.88 -0.01428834
26.89 -0.009158766
26.9 -0.002059567
26.91 0.002618153
26.92 0.005406833
26.93 0.006720591
26.94 0.007013331
26.95 0.00703577
26.96 0.008737129
26.97 0.01081487
26.98 0.01400542
26.99 0.01824455
27 0.02254589
27.01 0.02694515
27.02 0.03014081
27.03 0.03316409
27.04 0.03311614
27.05 0.02976646
27.06 0.02321704
27.07 0.01361884
27.08 0.006323802
27.09 0.001357421
27.1 0.0002038005
27.11 0.00171238
27.12 0.002849679
27.13 0.002397819
27.14 7.323775e-05
27.15 -0.002343143
27.16 -0.005572464
27.17 -0.006955584
27.18 -0.007688965
27.19 -0.007525765
27.2 -0.006560846
27.21 -0.004451487
27.22 -0.0005040877
27.23 0.004375592
27.24 0.009383791
27.25 0.01486119
27.26 0.01848321
27.27 0.02067417
27.28 0.02030391
27.29 0.01726125
27.3 0.01598522
27.31 0.01577816
27.32 0.0150764
27.33 0.01531712
27.34 0.01596585
27.35 0.01757337
27.36 0.02073026
27.37 0.02343326
27.38 0.02459606
27.39 0.02192978
27.4 0.01555682
27.41 0.006806239
27.42 -0.003035741
27.43 -0.01262476
27.44 -0.02082148
27.45 -0.0282583
27.46 -0.0328483
27.47 -0.03389074
27.48 -0.03038603
27.49 -0.02528093
27.5 -0.02079905
27.51 -0.01856524
27.52 -0.01846223
27.53 -0.01775231
27.54 -0.01736573
27.55 -0.01744121
27.56 -0.01787573
27.57 -0.01749732
27.58 -0.01732085
27.59 -0.01512275
27.6 -0.01187915
27.61 -0.007304455
27.62 -0.001152836
27.63 0.003763563
27.64 0.007569183
27.65 0.009136922
27.66 0.008077141
27.67 0.00684906
27.68 0.007172399
27.69 0.008182199
27.7 0.01080768
27.71 0.01188173
27.72 0.01242234
27.73 0.01313124
27.74 0.01322814
27.75 0.01200005
27.76 0.01008653
27.77 0.008385172
27.78 0.005133412
27.79 0.001322692
27.8 -0.00408433
27.81 -0.008927291
27.82 -0.01102441
27.83 -0.01077451
27.84 -0.008666173
27.85 -0.005728573
27.86 -0.004735094
27.87 -0.004138395
27.88 -0.003008235
27.89 -0.0002011966
27.9 0.003182142
27.91 0.006412482
27.92 0.009391901
27.93 0.01016812
27.94 0.01035478
27.95 0.009028778
27.96 0.007645658
27.97 0.005169097
27.98 0.003931836
27.99 0.004250076
28 0.005196634
28.01 0.005966733
28.02 0.004189893
28.03 0.002760872
28.04 -0.0001379686
28.05 -0.001491509
28.06 -9.207026e-05
28.07 0.002042789
28.08 0.003161728
28.09 0.002952627
28.1 0.001246166
28.11 -0.001926034
28.12 -0.004071095
28.13 -0.006418116
28.14 -0.006659857
28.15 -0.007291238
28.16 -0.008268399
28.17 -0.00948424
28.18 -0.01077148
28.19 -0.01219846
28.2 -0.01249325
28.21 -0.01078882
28.22 -0.008065424
28.23 -0.003533565
28.24 -0.0002093855
28.25 0.001888754
28.26 0.002187613
28.27 0.001415472
28.28 -0.000797929
28.29 -0.001699609
28.3 -2.90818e-07
28.31 0.004499948
28.32 0.01036393
28.33 0.0144786
28.34 0.016437
28.35 0.01763041
28.36 0.01833828
28.37 0.01917876
28.38 0.01988256
28.39 0.01640232
28.4 0.0095673
28.41 -0.0001196408
28.42 -0.008847781
28.43 -0.01254222
28.44 -0.0110469
28.45 -0.005804105
28.46 0.0004933745
28.47 0.005867753
28.48 0.009442854
28.49 0.01196939
28.5 0.01478459
28.51 0.01791599
28.52 0.02134829
28.53 0.02357291
28.54 0.02430628
28.55 0.02659517
28.56 0.02932366
28.57 0.0311566
28.58 0.0313912
28.59 0.02899828
28.6 0.02395642
28.61 0.01705408
28.62 0.0098131
28.63 0.003380978
28.64 -0.001339583
28.65 -0.003777384
28.66 -0.006608905
28.67 -0.01016768
28.68 -0.01431909
28.69 -0.01900497
28.7 -0.02044215
28.71 -0.01962411
28.72 -0.01660491
28.73 -0.01175175
28.74 -0.008076694
28.75 -0.005716414
28.76 -0.004030355
28.77 -0.003591756
28.78 -0.003923257
28.79 -0.004282299
28.8 -0.00391
28.81 -0.001331441
28.82 0.001766298
28.83 0.003849137
28.84 0.004660036
28.85 0.002915835
28.86 -0.001270246
28.87 -0.007692167
28.88 -0.01473221
28.89 -0.02082977
28.9 -0.02656828
28.91 -0.03077885
28.92 -0.03397247
28.93 -0.03493026
28.94 -0.03499757
28.95 -0.03419892
28.96 -0.0315816
28.97 -0.02826761
28.98 -0.02334612
28.99 -0.01794522
29 -0.01190172
29.01 -0.008797863
29.02 -0.008526544
29.03 -0.0111918
29.04 -0.01424059
29.05 -0.01484749
29.06 -0.01200678
29.07 -0.00769831
29.08 -0.002805371
29.09 0.001613267
29.1 0.002933146
29.11 0.002934165
29.12 0.0002525836
29.13 -0.003213377
29.14 -0.005485939
29.15 -0.00497084
29.16 -0.002191341
29.17 0.0006860774
29.18 0.003300337
29.19 0.005819735
29.2 0.008668593
29.21 0.01260376
29.22 0.01645425
29.23 0.01848609
29.24 0.01947039
29.25 0.01969479
29.26 0.01851056
29.27 0.01789245
29.28 0.01649504
29.29 0.01368902
29.3 0.01127366
29.31 0.00843194
29.32 0.006382758
29.33 0.005398456
29.34 0.005068995
29.35 0.005137333
29.36 0.004596732
29.37 0.003207491
29.38 0.002603649
29.39 0.002253788
29.4 0.002281327
29.41 0.003847025
29.42 0.004224424
29.43 0.004016343
29.44 0.001891682
29.45 -0.00144168
29.46 -0.002634061
29.47 -0.001383543
29.48 0.001145036
29.49 0.004257054
29.5 0.006366412
29.51 0.007052871
29.52 0.00723647
29.53 0.008210568
29.54 0.009787488
29.55 0.01131238
29.56 0.01234768
29.57 0.01148476
29.58 0.00830236
29.59 0.006590799
29.6 0.004532438
29.61 0.002574036
29.62 0.001185815
29.63 -0.001407027
29.64 -0.001828288
29.65 -0.00133257
29.66 0.0009675285
29.67 0.003190107
29.68 0.004053025
29.69 0.002509763
29.7 -0.0004084579
29.71 -0.00362248
29.72 -0.005218781
29.73 -0.006320383
29.74 -0.006583544
29.75 -0.006691666
29.76 -0.008152307
29.77 -0.009310009
29.78 -0.01134491
29.79 -0.01254137
29.8 -0.01212726
29.81 -0.009437517
29.82 -0.004883218
29.83 -0.0006287995
29.84 0.002576038
29.85 0.003432837
29.86 0.0008746754
29.87 -0.002957467
29.88 -0.007916707
29.89 -0.01210075
29.9 -0.01408976
29.91 -0.01437229
29.92 -0.0124241
29.93 -0.008846957
29.94 -0.003408318
29.95 0.001242879
29.96 0.004769017
29.97 0.006180696
29.98 0.003810214
29.99 -3.314791e-05
30 -0.00441303
30.01 -0.007508731
30.02 -0.008321674
30.03 -0.005577876
30.04 -0.002100697
30.05 0.0021578
30.06 0.006797779
30.07 0.01073192
30.08 0.01452529
30.09 0.01621849
30.1 0.01727725
30.11 0.01691107
30.12 0.01491288
30.13 0.01151017
30.14 0.006485644
30.15 -0.0004105787
30.16 -0.00713544
30.17 -0.01217016
30.18 -0.01597782
30.19 -0.01886239
30.2 -0.01955395
30.21 -0.01798723
30.22 -0.01432645
30.23 -0.0104882
30.24 -0.006902897
30.25 -0.005477959
30.26 -0.005444301
30.27 -0.004001003
30.28 -0.002747426
30.29 -0.001443868
30.3 -0.0005146498
30.31 0.000339088
30.32 -0.0001729541
30.33 0.0002187236
30.34 0.0009633215
30.35 0.003912139
30.36 0.007069037
30.37 0.008831595
30.38 0.008332813
30.39 0.004475171
30.4 8.406811e-05
30.41 -0.004518174
30.42 -0.007318077
30.43 -0.008767499
30.44 -0.007413961
30.45 -0.004849683
30.46 -0.002039586
30.47 -0.000534068
30.48 -0.001262351
30.49 -0.002516953
30.5 -0.004232595
30.51 -0.005320938
30.52 -0.00543416
30.53 -0.004437623
30.54 -0.002828065
30.55 -0.0009247472
30.56 -0.0005922295
30.57 -0.001291952
30.58 -0.002305834
30.59 -0.003305437
30.6 -0.003691
30.61 -0.002999442
30.62 -0.001911105
30.63 -0.001592867
30.64 -0.001772389
30.65 -0.003382972
30.66 -0.005446435
30.67 -0.007186558
30.68 -0.00818616
30.69 -0.008045403
30.7 -0.006421565
30.71 -0.003806288
30.72 -0.00171427
30.73 -7.207306e-05
30.74 0.001075424
30.75 0.001134582
30.76 0.0002043389
30.77 -0.001600044
30.78 -0.004076606
30.79 -0.005557649
30.8 -0.005424032
30.81 -0.004376494
30.82 -0.003040297
30.83 -0.001435841
30.84 -0.001020703
30.85 0.0002002339
30.86 0.001458912
30.87 0.003028688
30.88 0.004917725
30.89 0.005839802
30.9 0.006277379
30.91 0.005547057
30.92 0.004906493
30.93 0.004724931
30.94 0.003661068
30.95 0.002552325
30.96 0.001506822
30.97 -0.000667821
30.98 -0.004145004
30.99 -0.008821707
31 -0.01315059
31.01 -0.01676343
31.02 -0.01974286
31.03 -0.02210212
31.04 -0.02319148
31.05 -0.02247748
31.06 -0.01885139
31.07 -0.01265285
31.08 -0.005392495
31.09 0.0009529219
31.1 0.005978459
31.11 0.008961956
31.12 0.01139771
31.13 0.01214741
31.14 0.01253093
31.15 0.01330918
31.16 0.0140395
31.17 0.01562356
31.18 0.01656909
31.19 0.01704339
31.2 0.0161417
31.21 0.013964
31.22 0.01062248
31.23 0.007492096
31.24 0.006025332
31.25 0.006317048
31.26 0.008415186
31.27 0.0118281
31.28 0.01487688
31.29 0.01605192
31.3 0.01518083
31.31 0.01256045
31.32 0.009405585
31.33 0.00598246
31.34 0.003749677
31.35 0.003106054
31.36 0.00304587
31.37 0.003913886
31.38 0.004833923
31.39 0.005454078
31.4 0.006208875
31.41 0.008108112
31.42 0.01049593
31.43 0.01268587
31.44 0.01559796
31.45 0.01898232
31.46 0.02157618
31.47 0.02364575
31.48 0.02532569
31.49 0.02642218
31.5 0.0261325
31.51 0.02484424
31.52 0.02289705
31.53 0.02100801
31.54 0.01828052
31.55 0.014123
31.56 0.008562974
31.57 0.0008915496
31.58 -0.006752335
31.59 -0.01291416
31.6 -0.01679424
31.61 -0.01968492
31.62 -0.02066005
31.63 -0.02143015
31.64 -0.02304584
31.65 -0.02490734
31.66 -0.0263333
31.67 -0.02701467
31.68 -0.02693307
31.69 -0.02530413
31.7 -0.02259809
31.71 -0.01776941
31.72 -0.01187484
31.73 -0.005554917
31.74 -0.0007191017
31.75 0.001925754
31.76 0.00294167
31.77 0.003414945
31.78 0.00427072
31.79 0.004002456
31.8 0.003120152
31.81 0.001467747
31.82 -0.0005538973
31.83 -0.001924782
31.84 -0.002617366
31.85 -0.002535771
31.86 -0.001426016
31.87 -0.0001704003
31.88 0.001202515
31.89 0.00294977
31.9 0.005288625
31.91 0.007832501
31.92 0.01080988
31.93 0.01580788
31.94 0.020609
31.95 0.02553356
31.96 0.02723797
31.97 0.02517859
31.98 0.02157493
31.99 0.01637904
32 0.0124602
32.01 0.009958133
32.02 0.007266347
32.03 0.005875062
32.04 0.004673498
32.05 0.003158792
32.06 0.0003456275
32.07 -0.003290677
32.08 -0.006687283
32.09 -0.009155688
32.1 -0.01016244
32.11 -0.01042458
32.12 -0.009179163
32.13 -0.008513109
32.14 -0.006544513
32.15 -0.006221179
32.16 -0.006012084
32.17 -0.00493701
32.18 -0.003614076
32.19 -0.00138538
32.2 -0.000675466
32.21 -0.001334391
32.22 -0.001529217
32.23 0.001259458
32.24 0.005267032
32.25 0.01072403
32.26 0.0155731
32.27 0.01906353
32.28 0.02019369
32.29 0.01961433
32.3 0.01743356
32.31 0.01294249
32.32 0.008529967
32.33 0.003240241
32.34 -0.002688004
32.35 -0.008576471
32.36 -0.01372136
32.37 -0.01628972
32.38 -0.01750557
32.39 -0.01831647
32.4 -0.01820734
32.41 -0.01892543
32.42 -0.01932527
32.43 -0.01924265
32.44 -0.01911517
32.45 -0.01822981
32.46 -0.01779733
32.47 -0.01626836
32.48 -0.01345521
32.49 -0.009851553
32.5 -0.00585826
32.51 -0.002577946
32.52 0.0001342274
32.53 0.001476541
32.54 0.002353735
32.55 0.003262548
32.56 0.003018762
32.57 0.001528535
32.58 -0.001337671
32.59 -0.005325877
32.6 -0.009154964
32.61 -0.01309625
32.62 -0.01446612
32.63 -0.01442124
32.64 -0.01363891
32.65 -0.0121283
32.66 -0.01149794
32.67 -0.01143981
32.68 -0.01146022
32.69 -0.0114898
32.7 -0.01131029
32.71 -0.009814977
32.72 -0.007299664
32.73 -0.004259051
32.74 -0.001385718
32.75 0.002009856
32.76 0.004499668
32.77 0.005029041
32.78 0.005260574
32.79 0.004394587
32.8 0.004278301
32.81 0.005261573
32.82 0.006431505
32.83 0.008792799
32.84 0.01091236
32.85 0.01257188
32.86 0.01313084
32.87 0.01205269
32.88 0.01038702
32.89 0.009108955
32.9 0.007879848
32.91 0.00631822
32.92 0.004251693
32.93 0.002902225
32.94 0.002229018
32.95 0.001608851
32.96 0.0004623625
32.97 0.0003572949
32.98 0.0008397472
32.99 0.0009672395
33 1.047176e-05
33.01 -0.002681316
33.02 -0.006096283
33.03 -0.008533073
33.04 -0.00963366
33.05 -0.008753408
33.06 -0.007303995
33.07 -0.006071844
33.08 -0.004877431
33.09 -0.004174659
33.1 -0.004697928
33.11 -0.006318715
33.12 -0.007210204
33.13 -0.008309773
33.14 -0.00859232
33.15 -0.008556628
33.16 -0.008464836
33.17 -0.006791025
33.18 -0.004837733
33.19 -0.002254082
33.2 0.0002153297
33.21 0.001277141
33.22 0.0005621127
33.23 0.0001449241
33.24 -0.0002824645
33.25 -0.001549313
33.26 -0.001702322
33.27 -0.00182269
33.28 -0.0009709993
33.29 0.001064912
33.3 0.002974343
33.31 0.004962315
33.32 0.006872765
33.33 0.008888277
33.34 0.01022038
33.35 0.0109507
33.36 0.01096905
33.37 0.01039172
33.38 0.009656292
33.39 0.009091203
33.4 0.008865773
33.41 0.009303343
33.42 0.009281915
33.43 0.008593406
33.44 0.007680496
33.45 0.006892026
33.46 0.007108257
33.47 0.007021547
33.48 0.006917498
33.49 0.006307528
33.5 0.005032518
33.51 0.003845229
33.52 0.003198539
33.53 0.00249983
33.54 0.00247636
33.55 0.002385571
33.56 0.001252341
33.57 9.565081e-05
33.58 -0.002150399
33.59 -0.005179809
33.6 -0.008194939
33.61 -0.009709649
33.62 -0.009807579
33.63 -0.008504029
33.64 -0.006884279
33.65 -0.00414049
33.66 -0.00242282
33.67 -0.00173127
33.68 -0.00244834
33.69 -0.005143191
33.7 -0.007749301
33.71 -0.01018711
33.72 -0.01128056
33.73 -0.01140094
33.74 -0.009959684
33.75 -0.008609215
33.76 -0.005596145
33.77 -0.003424575
33.78 -0.002655506
33.79 -0.001573297
33.8 -0.002632068
33.81 -0.003881579
33.82 -0.004908729
33.83 -0.00563498
33.84 -0.005717611
33.85 -0.005575843
33.86 -0.006311274
33.87 -0.007264985
33.88 -0.007904537
33.89 -0.008926588
33.9 -0.009479439
33.91 -0.01115327
33.92 -0.01235484
33.93 -0.01427245
33.94 -0.01619721
33.95 -0.01628289
33.96 -0.01473046
33.97 -0.01197036
33.98 -0.009663131
33.99 -0.007910782
34 -0.006999934
34.01 -0.005948326
34.02 -0.004958938
34.03 -0.00265273
34.04 0.000512318
34.05 0.003965006
34.06 0.006271214
34.07 0.007226941
34.08 0.007939909
34.09 0.008345858
34.1 0.009977846
34.11 0.01059086
34.12 0.01291134
34.13 0.01379159
34.14 0.01412307
34.15 0.014069
34.16 0.01216057
34.17 0.01127826
34.18 0.01023683
34.19 0.009831873
34.2 0.01020518
34.21 0.01029798
34.22 0.009862435
34.23 0.009878741
34.24 0.008700629
34.25 0.008064136
34.26 0.007775462
34.27 0.007062469
34.28 0.006298476
34.29 0.004163603
34.3 0.00247957
34.31 0.001446297
34.32 0.001067863
34.33 0.00177165
34.34 0.002919136
34.35 0.004982582
34.36 0.006219829
34.37 0.007248995
34.38 0.007397902
34.39 0.006386047
34.4 0.004663254
34.41 0.00210406
34.42 0.001042227
34.43 -7.876754e-05
34.44 -0.0006183615
34.45 0.0003067644
34.46 0.001936711
34.47 0.003843076
34.48 0.004579501
34.49 0.004045008
34.5 0.002302833
34.51 0.0003321788
34.52 -0.001499755
34.53 -0.00237085
34.54 -0.003057325
34.55 -0.003503079
34.56 -0.002774814
34.57 -0.002563689
34.58 -0.002186304
34.59 -0.001348899
34.6 0.0006258068
34.61 0.001782472
34.62 0.002894257
34.63 0.003078861
34.64 0.003225726
34.65 0.002801391
34.66 0.002443356
34.67 0.00227606
34.68 0.001091826
34.69 0.00114383
34.7 0.001335575
34.71 0.002239279
34.72 0.003923283
34.73 0.005825567
34.74 0.008078732
34.75 0.01016257
34.76 0.01152222
34.77 0.01288594
34.78 0.01243611
34.79 0.01184347
34.8 0.009974816
34.81 0.007530879
34.82 0.005485764
34.83 0.004328048
34.84 0.003933291
34.85 0.002918375
34.86 0.001995259
34.87 0.0009803421
34.88 -0.0004935745
34.89 -0.003280231
34.9 -0.005561988
34.91 -0.007487764
34.92 -0.008740343
34.93 -0.008472099
34.94 -0.008780155
34.95 -0.007691832
34.96 -0.00666981
34.97 -0.005871166
34.98 -0.004460524
34.99 -0.003010101
35 -0.001310798
35.01 0.0003528043
35.02 0.001080047
35.03 -4.401072e-05
35.04 -0.001313929
35.05 -0.002671565
35.06 -0.003899663
35.07 -0.005326661
35.08 -0.005773439
35.09 -0.005609238
35.1 -0.005633736
35.11 -0.003836513
35.12 -0.002111711
35.13 -0.001040729
35.14 -0.000859188
35.15 -0.002542206
35.16 -0.004569984
35.17 -0.006468223
35.18 -0.007973761
35.19 -0.008215521
35.2 -0.007050699
35.21 -0.006660058
35.22 -0.005203516
35.23 -0.003681695
35.24 -0.001737594
35.25 0.0009817067
35.26 0.003065548
35.27 0.004093689
35.28 0.004715869
35.29 0.00514833
35.3 0.005045291
35.31 0.005055471
35.32 0.005120732
35.33 0.004869792
35.34 0.003594773
35.35 0.001606773
35.36 -0.000634187
35.37 -0.003209707
35.38 -0.005593467
35.39 -0.007457026
35.4 -0.008859547
35.41 -0.009674547
35.42 -0.01120661
35.43 -0.01172479
35.44 -0.0126734
35.45 -0.01350677
35.46 -0.01346803
35.47 -0.01336604
35.48 -0.01227365
35.49 -0.01144543
35.5 -0.009629851
35.51 -0.006577012
35.52 -0.003784273
35.53 -9.495463e-05
35.54 0.003043564
35.55 0.005434423
35.56 0.008183303
35.57 0.01066494
35.58 0.01338424
35.59 0.01618514
35.6 0.01751723
35.61 0.01785178
35.62 0.01700821
35.63 0.01538231
35.64 0.01315257
35.65 0.01098199
35.66 0.009243885
35.67 0.006491903
35.68 0.00419892
35.69 0.002306798
35.7 0.000424876
35.71 0.0002840936
35.72 0.001358131
35.73 0.002834048
35.74 0.005040285
35.75 0.006620243
35.76 0.00780648
35.77 0.007845217
35.78 0.006900674
35.79 0.005696031
35.8 0.003402028
35.81 0.0005184649
35.82 -0.002857758
35.83 -0.005492441
35.84 -0.007478405
35.85 -0.009410309
35.86 -0.01128815
35.87 -0.01144118
35.88 -0.00979798
35.89 -0.007587664
35.9 -0.004716388
35.91 -0.001241271
35.92 0.001057784
35.93 0.0030029
35.94 0.004186075
35.95 0.004065691
35.96 0.004061586
35.97 0.004830641
35.98 0.006362657
35.99 0.007074592
36 0.008842633
36.01 0.01141818
36.02 0.01375476
36.03 0.01423259
36.04 0.01401081
36.05 0.01337669
36.06 0.01122272
36.07 0.01048864
36.08 0.009696127
36.09 0.008473868
36.1 0.007258486
36.11 0.005627557
36.12 0.002971173
36.13 0.0008994413
36.14 -0.001514762
36.15 -0.004799162
36.16 -0.006764223
36.17 -0.009588183
36.18 -0.01099877
36.19 -0.0109196
36.2 -0.0101867
36.21 -0.008050015
36.22 -0.006835874
36.23 -0.005465099
36.24 -0.004438156
36.25 -0.003895717
36.26 -0.003759648
36.27 -0.00440437
36.28 -0.005192901
36.29 -0.006252168
36.3 -0.006979152
36.31 -0.006395175
36.32 -0.005176684
36.33 -0.003251282
36.34 -0.001973956
36.35 -0.000709992
36.36 0.0008442352
36.37 0.002981189
36.38 0.004658849
36.39 0.006799417
36.4 0.008530403
36.41 0.008890552
36.42 0.009511922
36.43 0.009947043
36.44 0.01051137
36.45 0.01054925
36.46 0.01087045
36.47 0.01076521
36.48 0.01053807
36.49 0.008956508
36.5 0.008045598
36.51 0.006698954
36.52 0.005554248
36.53 0.003764068
36.54 0.00119793
36.55 -0.001360206
36.56 -0.004839149
36.57 -0.007565223
36.58 -0.01056466
36.59 -0.01284085
36.6 -0.01437092
36.61 -0.01506487
36.62 -0.015316
36.63 -0.01498687
36.64 -0.01502672
36.65 -0.01415201
36.66 -0.01377438
36.67 -0.01342744
36.68 -0.0131571
36.69 -0.0129008
36.7 -0.01212053
36.71 -0.01234199
36.72 -0.01135606
36.73 -0.01062707
36.74 -0.009214898
36.75 -0.008332809
36.76 -0.006311657
36.77 -0.004425262
36.78 -0.003435561
36.79 -0.001752121
36.8 -0.000987857
36.81 -0.0006600651
36.82 -0.0006777368
36.83 -0.001161895
36.84 -0.001515325
36.85 -0.0009179899
36.86 5.38821e-05
36.87 0.001478906
36.88 0.001741232
36.89 0.001532368
36.9 0.0003378946
36.91 -0.001287033
36.92 -0.00260973
36.93 -0.004160005
36.94 -0.00528601
36.95 -0.006017406
36.96 -0.006363807
36.97 -0.006456244
36.98 -0.006428726
36.99 -0.005196696
37 -0.004229925
37.01 -0.003093218
37.02 -0.002581341
37.03 -0.002293354
37.04 -0.001400561
37.05 -0.001433269
37.06 -0.0009375915
37.07 -0.0003878224
37.08 -7.924261e-05
37.09 -0.0001084463
37.1 -0.0003294125
37.11 -0.0004479149
37.12 -0.001056164
37.13 -0.00161473
37.14 -0.002208244
37.15 -0.002694343
37.16 -0.00336959
37.17 -0.004122116
37.18 -0.004398156
37.19 -0.004656919
37.2 -0.004810006
37.21 -0.004390647
37.22 -0.00415317
37.23 -0.004324925
37.24 -0.003622942
37.25 -0.003245029
37.26 -0.002403485
37.27 -0.001988746
37.28 -0.001200746
37.29 -0.0006036496
37.3 0.0001879252
37.31 0.001011328
37.32 0.00233555
37.33 0.003544246
37.34 0.004556029
37.35 0.006073576
37.36 0.007032346
37.37 0.007810389
37.38 0.008351435
37.39 0.008716054
37.4 0.008657308
37.41 0.008753127
37.42 0.008169928
37.43 0.007941861
37.44 0.007844083
37.45 0.007267658
37.46 0.006671022
37.47 0.00610088
37.48 0.004922985
37.49 0.003715682
37.5 0.002949454
37.51 0.002534099
37.52 0.002902042
37.53 0.003339261
37.54 0.00389733
37.55 0.004323131
37.56 0.003997849
37.57 0.004184919
37.58 0.004367403
37.59 0.004496592
37.6 0.004199603
37.61 0.003451658
37.62 0.002726719
37.63 0.002136675
37.64 0.001873833
37.65 0.001581817
37.66 0.001122557
37.67 0.001094419
37.68 0.001114723
37.69 0.00164871
37.7 0.001725872
37.71 0.00184947
37.72 0.002042826
37.73 0.002051945
37.74 0.001891273
37.75 0.001690531
37.76 0.001638252
37.77 0.001632454
37.78 0.001819783
37.79 0.00195909
37.8 0.001955359
37.81 0.001688762
37.82 0.001505243
37.83 0.0009653
37.84 0.0004279542
37.85 -0.0001324133
37.86 -0.0006882003
37.87 -0.0008270081
37.88 -0.00106788
37.89 -0.001501753
37.9 -0.002036245
37.91 -0.002482828
37.92 -0.002950133
37.93 -0.003295585
37.94 -0.003313329
37.95 -0.00335002
37.96 -0.003223901
37.97 -0.002901218
37.98 -0.002647252
37.99 -0.002572687
38 -0.002250443
38.01 -0.002050289
38.02 -0.001942082
38.03 -0.001876064
38.04 -0.001944364
38.05 -0.001955604
38.06 -0.002070759
38.07 -0.002148048
38.08 -0.002063859
38.09 -0.00165069
38.1 -0.001052959
38.11 -0.0005074041
38.12 0.0001179463
38.13 0.0005071505
38.14 0.0009727326
38.15 0.001339139
38.16 0.001617825
38.17 0.001815312
38.18 0.002040257
38.19 0.00229137
38.2 0.002404447
38.21 0.002512003
38.22 0.002455425
38.23 0.002307012
38.24 0.002084197
38.25 0.001897537
38.26 0.001711161
38.27 0.001530305
38.28 0.001394545
38.29 0.001354035
38.3 0.001324776
38.31 0.001395474
38.32 0.001449106
38.33 0.001455909
38.34 0.001375855
38.35 0.001300071
38.36 0.001137553
38.37 0.001010092
38.38 0.0009603284
38.39 0.0008868169
38.4 0.0007611936
38.41 0.0005721598
38.42 0.0004355497
38.43 0.0002568627
38.44 8.919664e-05
38.45 -8.438618e-06
38.46 -2.31997e-05
38.47 1.662619e-05
38.48 7.144596e-05
38.49 9.664678e-05
38.5 0.0001501008
38.51 0.0001379761
38.52 0.0001825016
38.53 0.0002544977
38.54 0.0002010759
38.55 0.0001670711
38.56 0.0001324318
38.57 4.480036e-05
38.58 -1.617954e-05
38.59 -7.640511e-05
38.6 -0.000192881
38.61 -0.000339198
38.62 -0.0004750913
38.63 -0.0005990358
38.64 -0.0006925808
38.65 -0.0007311414
38.66 -0.0007193451
38.67 -0.0006874907
38.68 -0.0006283805
38.69 -0.000658693
38.7 -0.0006912048
38.71 -0.000677489
38.72 -0.0007207835
38.73 -0.0007842846
38.74 -0.0008156823
38.75 -0.0008105876
38.76 -0.0007699073
38.77 -0.0006657431
38.78 -0.0005804157
38.79 -0.0004615377
38.8 -0.0003461458
38.81 -0.0002242082
38.82 -0.000107278
38.83 -9.590949e-06
38.84 5.945465e-05
38.85 0.0001120002
38.86 0.0001439524
38.87 0.0001422575
38.88 0.0001244974
38.89 9.998885e-05
38.9 8.330885e-05
38.91 6.14245e-05
38.92 4.651656e-05
38.93 2.334664e-05
38.94 -2.705189e-05
38.95 -6.477055e-05
38.96 -8.902788e-05
38.97 -9.832008e-05
38.98 -0.000112698
38.99 -0.0001078732
39 -9.775389e-05
39.01 -0.0001006764
39.02 -0.0001083518
39.03 -0.000105477
39.04 -0.0001111757
39.05 -0.000138709
39.06 -0.0001517314
39.07 -0.0001656515
39.08 -0.0001504385
39.09 -0.0001449965
39.1 -0.0001359822
39.11 -0.0001277464
39.12 -0.0001178411
39.13 -0.0001075963
39.14 -0.0001002047
39.15 -8.909657e-05
39.16 -8.822965e-05
39.17 -8.373266e-05
39.18 -9.110877e-05
39.19 -9.561439e-05
39.2 -9.636851e-05
39.21 -0.0001073183
39.22 -0.0001098099
39.23 -0.0001046026
39.24 -0.0001063653
39.25 -0.0001009061
39.26 -0.0001030253
39.27 -0.0001118285
39.28 -0.0001202812
39.29 -0.0001269448
39.3 -0.0001295947
39.31 -0.000132586
39.32 -0.000130332
39.33 -0.0001314491
39.34 -0.0001299826
39.35 -0.0001287318
39.36 -0.0001286171
39.37 -0.0001275973
39.38 -0.000126579
39.39 -0.000123929
39.4 -0.0001219883
39.41 -0.0001183242
39.42 -0.0001147943
39.43 -0.0001108224
39.44 -0.0001045166
39.45 -9.83124e-05
39.46 -9.023755e-05
39.47 -8.167041e-05
39.48 -7.381706e-05
39.49 -6.516366e-05
39.5 -5.727458e-05
39.51 -5.025596e-05
39.52 -4.382118e-05
39.53 -3.879636e-05
39.54 -3.520357e-05
39.55 -3.148829e-05
39.56 -2.840851e-05
39.57 -2.546384e-05
39.58 -2.277146e-05
39.59 -1.995718e-05
39.6 -1.798462e-05
39.61 -1.645755e-05
39.62 -1.489302e-05
39.63 -1.34414e-05
39.64 -1.207333e-05
39.65 -1.073285e-05
39.66 -9.694709e-06
39.67 -8.650988e-06
39.68 -7.420586e-06
39.69 -6.45675e-06
39.7 -5.523097e-06
39.71 -4.690634e-06
39.72 -3.984977e-06
39.73 -3.208594e-06
39.74 -2.445835e-06
39.75 -1.764516e-06
39.76 -1.164211e-06
39.77 -6.344038e-07
39.78 -1.134402e-07
39.79 3.105932e-07
39.8 6.67306e-07
39.81 9.059183e-07
39.82 1.039638e-06
39.83 1.081043e-06
39.84 1.066283e-06
39.85 1.017739e-06
39.86 9.44511e-07
39.87 8.643801e-07
39.88 7.752842e-07
39.89 6.79652e-07
39.9 5.859806e-07
39.91 4.998658e-07
39.92 4.2731e-07
39.93 3.723444e-07
39.94 3.380821e-07
39.95 3.260744e-07
39.96 3.367522e-07
39.97 3.695463e-07
39.98 4.232632e-07
39.99 4.967252e-07
