0 0.0008794695
0.01 0.0008719769
0.02 0.0008664244
0.03 0.0008619281
0.04 0.0008571305
0.05 0.000853492
0.06 0.0008502862
0.07 0.000846161
0.08 0.0008463594
0.09 0.0008429059
0.1 0.0008293659
0.11 0.0008143673
0.12 0.0008060194
0.13 0.0007976622
0.14 0.0007909045
0.15 0.000776195
0.16 0.0007671761
0.17 0.0007996887
0.18 0.0008315812
0.19 0.000855606
0.2 0.0009048413
0.21 0.0009265772
0.22 0.0009218162
0.23 0.0008958852
0.24 0.000869909
0.25 0.000886431
0.26 0.0008827627
0.27 0.0008782083
0.28 0.0009231767
0.29 0.0008845647
0.3 0.0007190947
0.31 0.0006546377
0.32 0.0006553485
0.33 0.0005880294
0.34 0.0004598447
0.35 0.0004001369
0.36 0.0004762977
0.37 0.0005847348
0.38 0.0006924873
0.39 0.0008027281
0.4 0.0007196494
0.41 0.0007327591
0.42 0.0008597729
0.43 0.0007711456
0.44 0.0007089144
0.45 0.0009321024
0.46 0.001471771
0.47 0.001972981
0.48 0.002150745
0.49 0.001981755
0.5 0.00141577
0.51 0.0002137195
0.52 -0.001026952
0.53 -0.002291924
0.54 -0.002849193
0.55 -0.002441432
0.56 -0.001446109
0.57 0.0002710801
0.58 0.002234486
0.59 0.003450512
0.6 0.003984897
0.61 0.003688336
0.62 0.002263809
0.63 0.0001297281
0.64 -0.001480106
0.65 -0.001772475
0.66 -0.0005530658
0.67 0.001604832
0.68 0.004125106
0.69 0.005239188
0.7 0.004243352
0.71 0.0008519435
0.72 -0.003935102
0.73 -0.008273245
0.74 -0.00951896
0.75 -0.006611693
0.76 -0.001718703
0.77 0.002715692
0.78 0.007549973
0.79 0.01111372
0.8 0.009769699
0.81 0.004772438
0.82 -0.0003830073
0.83 -0.005096507
0.84 -0.00834025
0.85 -0.00701335
0.86 -0.001803049
0.87 0.002891895
0.88 0.005918681
0.89 0.008473165
0.9 0.00956989
0.91 0.008584278
0.92 0.005395237
0.93 -4.448879e-05
0.94 -0.009331698
0.95 -0.01509416
0.96 -0.01127255
0.97 -0.003804919
0.98 0.00263318
0.99 0.008459876
1 0.01107805
1.01 0.008465626
1.02 0.002895135
1.03 -0.0001073369
1.04 0.0006506881
1.05 -0.0008275331
1.06 -0.001616372
1.07 0.002799062
1.08 0.00892546
1.09 0.0123051
1.1 0.01028543
1.11 0.003096784
1.12 -0.007491689
1.13 -0.0136452
1.14 -0.01237509
1.15 -0.009289978
1.16 -0.007257296
1.17 -0.00291299
1.18 0.0003477862
1.19 -0.0007585379
1.2 -0.004276671
1.21 -0.002727454
1.22 -0.0001957939
1.23 -0.001993516
1.24 -0.002250497
1.25 2.836257e-05
1.26 -0.003110621
1.27 -0.01005433
1.28 -0.01031378
1.29 -0.002959632
1.3 0.002841232
1.31 0.004265673
1.32 0.002341499
1.33 -0.001585126
1.34 -0.006831432
1.35 -0.009381754
1.36 -0.009449279
1.37 -0.01200939
1.38 -0.008862648
1.39 -0.0006386574
1.4 0.002947345
1.41 0.0006179978
1.42 0.0006570279
1.43 -0.004580981
1.44 -0.01900588
1.45 -0.02649713
1.46 -0.01724784
1.47 0.0002417202
1.48 0.01467768
1.49 0.02212478
1.5 0.02198139
1.51 0.01405159
1.52 0.00226365
1.53 -0.01292528
1.54 -0.02389017
1.55 -0.02180755
1.56 -0.01924175
1.57 -0.0161079
1.58 -0.006532816
1.59 0.004910776
1.6 0.01078847
1.61 0.006599708
1.62 -0.003337883
1.63 -0.01247321
1.64 -0.01672751
1.65 -0.01767842
1.66 -0.01662589
1.67 -0.01057551
1.68 0.000531957
1.69 0.007809455
1.7 0.007208036
1.71 0.001687498
1.72 -0.004049232
1.73 -0.007778439
1.74 -0.01123737
1.75 -0.01362799
1.76 -0.01255664
1.77 -0.007685913
1.78 -0.002214487
1.79 0.0006313112
1.8 -0.001432934
1.81 -0.007587557
1.82 -0.01545167
1.83 -0.0222389
1.84 -0.02300738
1.85 -0.01401078
1.86 0.0004382604
1.87 0.009075422
1.88 0.00750812
1.89 -0.0010518
1.9 -0.008058422
1.91 -0.005404187
1.92 0.00183917
1.93 0.003928343
1.94 0.0009746754
1.95 0.002654007
1.96 0.004486731
1.97 0.001712608
1.98 0.002167264
1.99 0.003878419
2 0.001063015
2.01 -0.007930585
2.02 -0.0217737
2.03 -0.02690537
2.04 -0.01993202
2.05 -0.00428706
2.06 0.01324586
2.07 0.0217545
2.08 0.02234471
2.09 0.02124041
2.1 0.01703399
2.11 0.00637411
2.12 -0.002808002
2.13 -0.0007654852
2.14 0.003938707
2.15 0.00182679
2.16 0.003017251
2.17 0.006846198
2.18 0.00293628
2.19 -0.005007438
2.2 -0.01174357
2.21 -0.01881158
2.22 -0.02023576
2.23 -0.01725056
2.24 -0.01981773
2.25 -0.01987054
2.26 -0.01359373
2.27 -0.006432053
2.28 0.003239119
2.29 0.007561622
2.3 -0.001798206
2.31 -0.01734963
2.32 -0.02668273
2.33 -0.02942842
2.34 -0.02722517
2.35 -0.01949816
2.36 -0.003602609
2.37 0.00804743
2.38 0.008821991
2.39 0.005706447
2.4 0.001915928
2.41 -0.007019971
2.42 -0.0225029
2.43 -0.03629486
2.44 -0.03891662
2.45 -0.03195136
2.46 -0.01750027
2.47 -0.002442274
2.48 0.008649433
2.49 0.01458347
2.5 0.01688585
2.51 0.01474634
2.52 0.006470192
2.53 -0.007464667
2.54 -0.01740172
2.55 -0.01762289
2.56 -0.01272682
2.57 -0.0001568703
2.58 0.01769093
2.59 0.02893036
2.6 0.02806863
2.61 0.01592629
2.62 -0.004509329
2.63 -0.01910804
2.64 -0.01281434
2.65 0.007049951
2.66 0.02753918
2.67 0.04068866
2.68 0.04033488
2.69 0.03407028
2.7 0.03024524
2.71 0.02452529
2.72 0.01187118
2.73 -0.007071896
2.74 -0.02538092
2.75 -0.02926966
2.76 -0.0186159
2.77 -0.00920044
2.78 0.0002061273
2.79 0.01532189
2.8 0.02778573
2.81 0.03204148
2.82 0.03025581
2.83 0.01958372
2.84 0.007480462
2.85 -0.005267476
2.86 -0.02070572
2.87 -0.0345792
2.88 -0.03596374
2.89 -0.02457209
2.9 -0.01342444
2.91 -0.01042408
2.92 -0.01355622
2.93 -0.01888078
2.94 -0.02514342
2.95 -0.02762185
2.96 -0.02615029
2.97 -0.02489197
2.98 -0.02688919
2.99 -0.03007663
3 -0.03070871
3.01 -0.02777801
3.02 -0.02369149
3.03 -0.0178006
3.04 -0.009117555
3.05 -0.004565875
3.06 -0.01210407
3.07 -0.02990775
3.08 -0.04075842
3.09 -0.03253356
3.1 -0.01394539
3.11 0.001381797
3.12 0.007327483
3.13 0.004009044
3.14 -0.002856208
3.15 -0.000700647
3.16 0.01280126
3.17 0.03019795
3.18 0.03339816
3.19 0.008296267
3.2 -0.02398874
3.21 -0.03597424
3.22 -0.02588513
3.23 -0.008500794
3.24 0.003550923
3.25 0.008045905
3.26 0.01167084
3.27 0.02155007
3.28 0.03837261
3.29 0.0564042
3.3 0.07226889
3.31 0.08187069
3.32 0.08338073
3.33 0.07844941
3.34 0.06426756
3.35 0.03920082
3.36 0.01577914
3.37 -0.0009147278
3.38 -0.01936484
3.39 -0.03500672
3.4 -0.03785461
3.41 -0.02476154
3.42 0.01016858
3.43 0.06026833
3.44 0.1039991
3.45 0.1227037
3.46 0.1248357
3.47 0.1251567
3.48 0.1232472
3.49 0.110383
3.5 0.07842523
3.51 0.0359898
3.52 -0.005453248
3.53 -0.0442241
3.54 -0.07383027
3.55 -0.08019797
3.56 -0.05966172
3.57 -0.02459516
3.58 0.006063091
3.59 0.02309582
3.6 0.0317545
3.61 0.03855356
3.62 0.04467142
3.63 0.04875418
3.64 0.04608753
3.65 0.02875785
3.66 -0.01310765
3.67 -0.06884485
3.68 -0.123442
3.69 -0.1611158
3.7 -0.172864
3.71 -0.1723225
3.72 -0.169041
3.73 -0.1641736
3.74 -0.1551519
3.75 -0.1191198
3.76 -0.05421117
3.77 0.007923394
3.78 0.02825992
3.79 0.005189718
3.8 -0.02006798
3.81 -0.01496272
3.82 0.01138055
3.83 0.03550762
3.84 0.05477683
3.85 0.0684749
3.86 0.0730948
3.87 0.06677083
3.88 0.04541796
3.89 0.008679821
3.9 -0.02309055
3.91 -0.04220778
3.92 -0.05666463
3.93 -0.06817968
3.94 -0.07371005
3.95 -0.07035925
3.96 -0.04481983
3.97 0.02180299
3.98 0.09490735
3.99 0.1444672
4 0.1861934
4.01 0.2211314
4.02 0.2159667
4.03 0.158428
4.04 0.0840089
4.05 0.01169725
4.06 -0.0561426
4.07 -0.1123125
4.08 -0.1656084
4.09 -0.2105171
4.1 -0.2328054
4.11 -0.2343118
4.12 -0.2217465
4.13 -0.1977571
4.14 -0.1579202
4.15 -0.07835084
4.16 0.007760437
4.17 0.06800512
4.18 0.1121979
4.19 0.1508703
4.2 0.1773789
4.21 0.1864638
4.22 0.1938913
4.23 0.2074714
4.24 0.2187148
4.25 0.204231
4.26 0.1610691
4.27 0.1056038
4.28 0.05677037
4.29 0.02868929
4.3 0.01838221
4.31 0.01675252
4.32 0.02496944
4.33 0.03823362
4.34 0.04873576
4.35 0.05421073
4.36 0.05464295
4.37 0.0505404
4.38 0.04349577
4.39 0.03429956
4.4 0.02294927
4.41 0.02025737
4.42 0.03500777
4.43 0.05454057
4.44 0.07080648
4.45 0.07759266
4.46 0.07311587
4.47 0.05614997
4.48 0.03218401
4.49 0.01790079
4.5 0.009381297
4.51 -0.003605442
4.52 -0.01846902
4.53 -0.03371504
4.54 -0.05358244
4.55 -0.07725798
4.56 -0.09787195
4.57 -0.1141576
4.58 -0.1293289
4.59 -0.1402717
4.6 -0.1487594
4.61 -0.159602
4.62 -0.1735546
4.63 -0.1907121
4.64 -0.2115995
4.65 -0.2259962
4.66 -0.2150519
4.67 -0.1571104
4.68 -0.06396643
4.69 0.04317958
4.7 0.1267654
4.71 0.178958
4.72 0.2146446
4.73 0.2313497
4.74 0.2338522
4.75 0.2303955
4.76 0.2211359
4.77 0.2059023
4.78 0.1906957
4.79 0.1693351
4.8 0.1446803
4.81 0.1320732
4.82 0.1266978
4.83 0.120001
4.84 0.1122849
4.85 0.1022631
4.86 0.0892352
4.87 0.07446619
4.88 0.06042006
4.89 0.04610701
4.9 0.03651659
4.91 0.04313713
4.92 0.06920586
4.93 0.095909
4.94 0.09985898
4.95 0.08170002
4.96 0.03679635
4.97 -0.01501528
4.98 -0.05668732
4.99 -0.1144683
5 -0.1902992
5.01 -0.2558551
5.02 -0.2766549
5.03 -0.2314109
5.04 -0.1221235
5.05 -0.01932554
5.06 0.03018914
5.07 0.03753506
5.08 0.007290638
5.09 -0.04237156
5.1 -0.0947868
5.11 -0.1418502
5.12 -0.1794895
5.13 -0.2130051
5.14 -0.2419071
5.15 -0.259789
5.16 -0.2669956
5.17 -0.266331
5.18 -0.2536143
5.19 -0.2110737
5.2 -0.1326823
5.21 -0.05229692
5.22 0.001298242
5.23 0.04887398
5.24 0.0997575
5.25 0.1424867
5.26 0.179269
5.27 0.203441
5.28 0.1990908
5.29 0.1431144
5.3 0.04359011
5.31 -0.04168885
5.32 -0.07270826
5.33 -0.06631269
5.34 -0.04107554
5.35 -0.00859049
5.36 0.01134891
5.37 0.01651988
5.38 0.01374664
5.39 0.005727283
5.4 0.004677271
5.41 0.02446932
5.42 0.05907035
5.43 0.09258453
5.44 0.1243195
5.45 0.1525182
5.46 0.1756914
5.47 0.1955848
5.48 0.2151457
5.49 0.2328054
5.5 0.2501217
5.51 0.2539371
5.52 0.2260852
5.53 0.1804955
5.54 0.1227454
5.55 0.0688274
5.56 0.04434683
5.57 0.03953152
5.58 0.02535654
5.59 -0.003690689
5.6 -0.03386106
5.61 -0.0596809
5.62 -0.07343917
5.63 -0.07486894
5.64 -0.074216
5.65 -0.08074685
5.66 -0.1003433
5.67 -0.1265834
5.68 -0.1502367
5.69 -0.1637333
5.7 -0.163246
5.71 -0.1495006
5.72 -0.1309055
5.73 -0.110107
5.74 -0.07401644
5.75 -0.0224806
5.76 0.03003319
5.77 0.07369962
5.78 0.1006404
5.79 0.1105085
5.8 0.09844154
5.81 0.05963113
5.82 0.01838407
5.83 0.0005412854
5.84 -0.006263831
5.85 -0.01694501
5.86 -0.03545125
5.87 -0.06079985
5.88 -0.0923313
5.89 -0.1244438
5.9 -0.1445243
5.91 -0.1448806
5.92 -0.107177
5.93 -0.02446473
5.94 0.04630545
5.95 0.08604635
5.96 0.09207383
5.97 0.05704717
5.98 -0.01104704
5.99 -0.07766717
6 -0.1239428
6.01 -0.1425034
6.02 -0.1441102
6.03 -0.145671
6.04 -0.1553863
6.05 -0.169676
6.06 -0.1804994
6.07 -0.1836471
6.08 -0.1699103
6.09 -0.1255043
6.1 -0.05901756
6.11 0.00482714
6.12 0.05520128
6.13 0.09129879
6.14 0.1069431
6.15 0.107739
6.16 0.1013134
6.17 0.09348088
6.18 0.08943112
6.19 0.09193856
6.2 0.1027384
6.21 0.1202801
6.22 0.1354188
6.23 0.1366358
6.24 0.1275594
6.25 0.1152205
6.26 0.100512
6.27 0.08204815
6.28 0.05241663
6.29 0.01346592
6.3 -0.0247714
6.31 -0.049889
6.32 -0.06098466
6.33 -0.06169214
6.34 -0.04918269
6.35 -0.02501992
6.36 -0.0001881654
6.37 0.01129639
6.38 -0.001453696
6.39 -0.03895255
6.4 -0.08362965
6.41 -0.1232015
6.42 -0.1534222
6.43 -0.1754414
6.44 -0.185491
6.45 -0.1829059
6.46 -0.1591903
6.47 -0.1118209
6.48 -0.06368749
6.49 -0.03252819
6.5 -0.01267456
6.51 -0.003297791
6.52 -0.005951672
6.53 -0.01845637
6.54 -0.03639186
6.55 -0.0516658
6.56 -0.06137173
6.57 -0.06826476
6.58 -0.07196649
6.59 -0.06499741
6.6 -0.04110265
6.61 -0.01334699
6.62 -8.305578e-05
6.63 -0.001852508
6.64 -0.005867561
6.65 -0.008642203
6.66 -0.01141548
6.67 -0.01029243
6.68 -0.006286335
6.69 -0.007790848
6.7 -0.01526039
6.71 -0.01799907
6.72 -0.00547799
6.73 0.02269187
6.74 0.04794292
6.75 0.06338114
6.76 0.07334741
6.77 0.08082967
6.78 0.08574617
6.79 0.08808346
6.8 0.08637146
6.81 0.0815265
6.82 0.07315608
6.83 0.05757224
6.84 0.04214277
6.85 0.03477527
6.86 0.02734784
6.87 0.01712837
6.88 0.009825094
6.89 0.006613243
6.9 0.005040911
6.91 0.002467367
6.92 -0.003148008
6.93 -0.01365673
6.94 -0.02981202
6.95 -0.0475464
6.96 -0.06147633
6.97 -0.07228182
6.98 -0.07924286
6.99 -0.07201613
7 -0.04489122
7.01 -0.009128933
7.02 0.01535927
7.03 0.0228156
7.04 0.02363219
7.05 0.02511269
7.06 0.03005092
7.07 0.04002398
7.08 0.05376964
7.09 0.06692829
7.1 0.07704593
7.11 0.08310565
7.12 0.08818137
7.13 0.09416496
7.14 0.09827402
7.15 0.09600431
7.16 0.08249213
7.17 0.05360421
7.18 0.01265966
7.19 -0.03788285
7.2 -0.08403281
7.21 -0.1063641
7.22 -0.1090671
7.23 -0.1048818
7.24 -0.09768876
7.25 -0.08507053
7.26 -0.06882047
7.27 -0.05601897
7.28 -0.04454821
7.29 -0.03184977
7.3 -0.01859483
7.31 -0.008228243
7.32 -0.002149337
7.33 -0.0007287982
7.34 -0.002810231
7.35 -0.009131403
7.36 -0.01657151
7.37 -0.01730498
7.38 -0.007914739
7.39 0.007101114
7.4 0.01566669
7.41 0.01015925
7.42 -0.00797315
7.43 -0.0312726
7.44 -0.05276162
7.45 -0.06187822
7.46 -0.05306887
7.47 -0.03310094
7.48 -0.01561801
7.49 -0.003787447
7.5 0.01182317
7.51 0.03694853
7.52 0.06501767
7.53 0.09266006
7.54 0.1152314
7.55 0.1233741
7.56 0.1150025
7.57 0.08631486
7.58 0.04212357
7.59 0.0081995
7.6 -0.01203549
7.61 -0.01928307
7.62 -0.01272498
7.63 0.01046622
7.64 0.04292704
7.65 0.06439052
7.66 0.07096919
7.67 0.0718822
7.68 0.0692626
7.69 0.0624202
7.7 0.05325177
7.71 0.04693258
7.72 0.04497208
7.73 0.0467712
7.74 0.05506067
7.75 0.07230237
7.76 0.09220264
7.77 0.1048481
7.78 0.1100338
7.79 0.1096567
7.8 0.1019447
7.81 0.07865006
7.82 0.03817706
7.83 -0.005273027
7.84 -0.04200557
7.85 -0.07000483
7.86 -0.08665891
7.87 -0.09115919
7.88 -0.08205964
7.89 -0.05121089
7.9 -0.004740658
7.91 0.0298274
7.92 0.0439652
7.93 0.05113421
7.94 0.06190678
7.95 0.07720617
7.96 0.0917722
7.97 0.104846
7.98 0.1122119
7.99 0.1077302
8 0.09053369
8.01 0.07134987
8.02 0.06330548
8.03 0.06869632
8.04 0.08740922
8.05 0.1085613
8.06 0.1229463
8.07 0.1297705
8.08 0.1224147
8.09 0.09444196
8.1 0.05728863
8.11 0.02332453
8.12 -0.009658299
8.13 -0.03989247
8.14 -0.05174351
8.15 -0.04977081
8.16 -0.05082661
8.17 -0.05967678
8.18 -0.07268338
8.19 -0.0814011
8.2 -0.07325124
8.21 -0.04641818
8.22 -0.01938692
8.23 -0.01351927
8.24 -0.02765212
8.25 -0.04601243
8.26 -0.06088563
8.27 -0.07109287
8.28 -0.07434451
8.29 -0.07546975
8.3 -0.07776844
8.31 -0.08040201
8.32 -0.08194342
8.33 -0.08504116
8.34 -0.09156212
8.35 -0.0975758
8.36 -0.09893965
8.37 -0.09591305
8.38 -0.09224234
8.39 -0.0887917
8.4 -0.08207598
8.41 -0.06833423
8.42 -0.05119621
8.43 -0.03802775
8.44 -0.03449409
8.45 -0.04506497
8.46 -0.06811888
8.47 -0.09330307
8.48 -0.1167189
8.49 -0.1393792
8.5 -0.153878
8.51 -0.1590212
8.52 -0.166188
8.53 -0.1746546
8.54 -0.1766756
8.55 -0.173109
8.56 -0.1587908
8.57 -0.1239119
8.58 -0.08323595
8.59 -0.04406253
8.6 -0.01163799
8.61 -0.00212548
8.62 -0.007644403
8.63 -0.008228336
8.64 0.000373286
8.65 0.0109976
8.66 0.01493176
8.67 0.009898705
8.68 0.002122234
8.69 -0.003549416
8.7 -0.004940081
8.71 -0.002550911
8.72 -0.002694498
8.73 -0.007276329
8.74 -0.01135484
8.75 -0.01077106
8.76 0.002269869
8.77 0.03109538
8.78 0.06275013
8.79 0.09339711
8.8 0.1196123
8.81 0.1295289
8.82 0.1284652
8.83 0.1269997
8.84 0.1272783
8.85 0.1278539
8.86 0.1285143
8.87 0.1277399
8.88 0.1165201
8.89 0.08509753
8.9 0.04781274
8.91 0.01958581
8.92 0.0002018088
8.93 -0.003882003
8.94 0.02115061
8.95 0.07380032
8.96 0.1303842
8.97 0.1758458
8.98 0.2019143
8.99 0.2110422
9 0.2109619
9.01 0.2058376
9.02 0.1988597
9.03 0.1927204
9.04 0.1815198
9.05 0.1449336
9.06 0.08798125
9.07 0.03230903
9.08 -0.01606792
9.09 -0.06020908
9.1 -0.0972718
9.11 -0.1291693
9.12 -0.1571122
9.13 -0.1798477
9.14 -0.2048301
9.15 -0.2238207
9.16 -0.2363621
9.17 -0.2487893
9.18 -0.2564626
9.19 -0.2533838
9.2 -0.2420249
9.21 -0.2300377
9.22 -0.2136674
9.23 -0.1849443
9.24 -0.1455615
9.25 -0.1029977
9.26 -0.06585008
9.27 -0.03701731
9.28 -0.01981375
9.29 -0.01097137
9.3 0.0009363761
9.31 0.02569438
9.32 0.0640545
9.33 0.1021257
9.34 0.1290452
9.35 0.1430414
9.36 0.1369374
9.37 0.1071867
9.38 0.07296954
9.39 0.0480452
9.4 0.02947036
9.41 0.01566956
9.42 -0.001094492
9.43 -0.02832945
9.44 -0.06172784
9.45 -0.08788388
9.46 -0.09574619
9.47 -0.08831517
9.48 -0.07336542
9.49 -0.05889404
9.5 -0.04880422
9.51 -0.03747126
9.52 -0.01719261
9.53 0.006609886
9.54 0.02717217
9.55 0.04102722
9.56 0.04623899
9.57 0.04059181
9.58 0.01696676
9.59 -0.01870666
9.6 -0.04650514
9.61 -0.05907255
9.62 -0.06018028
9.63 -0.04907727
9.64 -0.01755797
9.65 0.02137525
9.66 0.04406617
9.67 0.04969267
9.68 0.04415537
9.69 0.02376174
9.7 -0.005861808
9.71 -0.02997325
9.72 -0.04323399
9.73 -0.04711618
9.74 -0.04299384
9.75 -0.02811383
9.76 -0.006547814
9.77 0.0143371
9.78 0.02860653
9.79 0.03351836
9.8 0.03783484
9.81 0.04826835
9.82 0.06225863
9.83 0.07590848
9.84 0.08840406
9.85 0.09951587
9.86 0.1096888
9.87 0.1205891
9.88 0.1329539
9.89 0.1456815
9.9 0.154287
9.91 0.1564037
9.92 0.1516924
9.93 0.1361238
9.94 0.1071497
9.95 0.07071715
9.96 0.03551147
9.97 0.004723733
9.98 -0.0171319
9.99 -0.03223029
10 -0.04288292
10.01 -0.04717997
10.02 -0.04734449
10.03 -0.04471313
10.04 -0.03823665
10.05 -0.02949373
10.06 -0.02058417
10.07 -0.01646652
10.08 -0.02325028
10.09 -0.04650427
10.1 -0.07914784
10.11 -0.1083238
10.12 -0.1293024
10.13 -0.1411781
10.14 -0.1420351
10.15 -0.136773
10.16 -0.1266914
10.17 -0.1048405
10.18 -0.06857756
10.19 -0.03169717
10.2 -0.004532437
10.21 0.01421937
10.22 0.01925077
10.23 0.01316513
10.24 0.002886072
10.25 -0.002858746
10.26 0.001071466
10.27 0.01590211
10.28 0.04078851
10.29 0.06483467
10.3 0.08063686
10.31 0.08969956
10.32 0.09340504
10.33 0.09309712
10.34 0.08988466
10.35 0.08255503
10.36 0.07198491
10.37 0.06074706
10.38 0.05191086
10.39 0.0468988
10.4 0.04401069
10.41 0.04143263
10.42 0.03845291
10.43 0.03646724
10.44 0.03883326
10.45 0.04416561
10.46 0.04668891
10.47 0.0433879
10.48 0.03469452
10.49 0.02193536
10.5 0.004221227
10.51 -0.01642756
10.52 -0.03602907
10.53 -0.05436394
10.54 -0.07121364
10.55 -0.0872227
10.56 -0.1018473
10.57 -0.1099525
10.58 -0.1044374
10.59 -0.07910566
10.6 -0.03828945
10.61 0.004017378
10.62 0.03740217
10.63 0.05224094
10.64 0.0520499
10.65 0.04185172
10.66 0.03016601
10.67 0.02616598
10.68 0.03055903
10.69 0.04113921
10.7 0.05329031
10.71 0.06003919
10.72 0.06183239
10.73 0.0626664
10.74 0.0633498
10.75 0.06372629
10.76 0.06316047
10.77 0.06081988
10.78 0.05627442
10.79 0.05072326
10.8 0.04946521
10.81 0.05642802
10.82 0.06699343
10.83 0.07259191
10.84 0.07027386
10.85 0.0616238
10.86 0.04644115
10.87 0.02643466
10.88 0.004987877
10.89 -0.01590123
10.9 -0.0365312
10.91 -0.05665239
10.92 -0.07177196
10.93 -0.07528582
10.94 -0.06960992
10.95 -0.06089435
10.96 -0.05027655
10.97 -0.03815192
10.98 -0.02614666
10.99 -0.01508094
11 -0.004236162
11.01 0.00678151
11.02 0.01931547
11.03 0.03558034
11.04 0.05269027
11.05 0.06721477
11.06 0.07434656
11.07 0.07381699
11.08 0.06161929
11.09 0.03673822
11.1 0.009081834
11.11 -0.01397587
11.12 -0.02697413
11.13 -0.02998773
11.14 -0.02598865
11.15 -0.02073355
11.16 -0.01928436
11.17 -0.02235115
11.18 -0.02937136
11.19 -0.04202126
11.2 -0.05929529
11.21 -0.07765715
11.22 -0.0933635
11.23 -0.1013303
11.24 -0.09625878
11.25 -0.07508518
11.26 -0.04902806
11.27 -0.02619965
11.28 -0.003229098
11.29 0.01791751
11.3 0.02963814
11.31 0.03843619
11.32 0.0495362
11.33 0.06139932
11.34 0.07118944
11.35 0.07587005
11.36 0.07436225
11.37 0.06706325
11.38 0.05291354
11.39 0.03099667
11.4 0.00778169
11.41 -0.01438437
11.42 -0.03651919
11.43 -0.05804767
11.44 -0.07399526
11.45 -0.08193636
11.46 -0.08480939
11.47 -0.08463316
11.48 -0.08306714
11.49 -0.08137846
11.5 -0.07981996
11.51 -0.07998301
11.52 -0.08359398
11.53 -0.08991941
11.54 -0.09710628
11.55 -0.1029693
11.56 -0.1054951
11.57 -0.1045133
11.58 -0.1016287
11.59 -0.09711396
11.6 -0.09154616
11.61 -0.08617233
11.62 -0.08088314
11.63 -0.07407273
11.64 -0.06273756
11.65 -0.04574314
11.66 -0.02312332
11.67 0.004347076
11.68 0.03186274
11.69 0.05657913
11.7 0.07548447
11.71 0.09239366
11.72 0.1084938
11.73 0.1185153
11.74 0.1211089
11.75 0.1147561
11.76 0.09770641
11.77 0.07899431
11.78 0.0686418
11.79 0.06356886
11.8 0.05981685
11.81 0.05862681
11.82 0.05867319
11.83 0.05845059
11.84 0.05957044
11.85 0.06137794
11.86 0.06146732
11.87 0.05789975
11.88 0.04878171
11.89 0.03594712
11.9 0.02685554
11.91 0.02542462
11.92 0.03149411
11.93 0.04338895
11.94 0.05874007
11.95 0.06974194
11.96 0.0718071
11.97 0.06749461
11.98 0.06010585
11.99 0.05143246
12 0.04231824
12.01 0.03158998
12.02 0.01986728
12.03 0.006525111
12.04 -0.009879595
12.05 -0.0273824
12.06 -0.04377204
12.07 -0.05512982
12.08 -0.05658294
12.09 -0.04335522
12.1 -0.02093199
12.11 0.001403181
12.12 0.02115238
12.13 0.03209145
12.14 0.03175257
12.15 0.02354904
12.16 0.01058113
12.17 -0.003202309
12.18 -0.01799304
12.19 -0.03245743
12.2 -0.04486979
12.21 -0.05394048
12.22 -0.06058363
12.23 -0.06567483
12.24 -0.06786766
12.25 -0.06755391
12.26 -0.06475991
12.27 -0.05724101
12.28 -0.0464605
12.29 -0.03736769
12.3 -0.02606098
12.31 -0.01054923
12.32 0.004617554
12.33 0.0188161
12.34 0.03183517
12.35 0.04275462
12.36 0.05232406
12.37 0.05900063
12.38 0.05816987
12.39 0.04999061
12.4 0.0344737
12.41 0.01420408
12.42 -0.00346937
12.43 -0.01426694
12.44 -0.01940491
12.45 -0.02069173
12.46 -0.0171277
12.47 -0.01080481
12.48 -0.003702432
12.49 0.003748365
12.5 0.003517416
12.51 -0.00624099
12.52 -0.02227901
12.53 -0.04004939
12.54 -0.05802938
12.55 -0.07472516
12.56 -0.08772165
12.57 -0.0957085
12.58 -0.1002781
12.59 -0.1013411
12.6 -0.09852313
12.61 -0.08743362
12.62 -0.0612719
12.63 -0.03057244
12.64 -0.003699201
12.65 0.009689893
12.66 0.007254049
12.67 -0.001107597
12.68 -0.01270736
12.69 -0.03213025
12.7 -0.05683028
12.71 -0.08082433
12.72 -0.1024735
12.73 -0.1185775
12.74 -0.1255039
12.75 -0.1264799
12.76 -0.1245053
12.77 -0.118062
12.78 -0.1028525
12.79 -0.08080555
12.8 -0.05922364
12.81 -0.0387832
12.82 -0.01799359
12.83 0.003321175
12.84 0.02066443
12.85 0.03138477
12.86 0.04077018
12.87 0.04690471
12.88 0.04635818
12.89 0.04006773
12.9 0.03233901
12.91 0.02723962
12.92 0.02555149
12.93 0.02915058
12.94 0.03843273
12.95 0.04980685
12.96 0.05913707
12.97 0.06597362
12.98 0.07375413
12.99 0.08398863
13 0.09750377
13.01 0.1111303
13.02 0.1196036
13.03 0.122705
13.04 0.1240397
13.05 0.125267
13.06 0.127849
13.07 0.1323849
13.08 0.1365478
13.09 0.1367604
13.1 0.1314755
13.11 0.1162184
13.12 0.09414874
13.13 0.07203598
13.14 0.05110693
13.15 0.03007965
13.16 0.01349343
13.17 0.005717769
13.18 0.0009313648
13.19 -0.006713274
13.2 -0.01553275
13.21 -0.02463745
13.22 -0.03575453
13.23 -0.04716215
13.24 -0.05557801
13.25 -0.05871308
13.26 -0.05541214
13.27 -0.04672859
13.28 -0.03546117
13.29 -0.02402335
13.3 -0.0148434
13.31 -0.00874813
13.32 -0.005515643
13.33 -0.005442891
13.34 -0.00858842
13.35 -0.01294073
13.36 -0.01571607
13.37 -0.01651036
13.38 -0.01369883
13.39 -0.007621175
13.4 8.826245e-05
13.41 0.008687548
13.42 0.01575549
13.43 0.01806373
13.44 0.01604344
13.45 0.01108443
13.46 0.006511469
13.47 0.006750826
13.48 0.01238776
13.49 0.02240982
13.5 0.03685769
13.51 0.05313072
13.52 0.06901772
13.53 0.08090713
13.54 0.08399679
13.55 0.07714226
13.56 0.06098788
13.57 0.03968278
13.58 0.01918415
13.59 0.0003573569
13.6 -0.0124124
13.61 -0.01838213
13.62 -0.02160487
13.63 -0.02498176
13.64 -0.02874878
13.65 -0.0330064
13.66 -0.0371291
13.67 -0.04006649
13.68 -0.04364784
13.69 -0.04961476
13.7 -0.05645476
13.71 -0.06076287
13.72 -0.06253387
13.73 -0.06192164
13.74 -0.06000041
13.75 -0.05794029
13.76 -0.05606352
13.77 -0.05576822
13.78 -0.05666935
13.79 -0.05647552
13.8 -0.05385695
13.81 -0.04856425
13.82 -0.04395999
13.83 -0.04341129
13.84 -0.04703848
13.85 -0.0541106
13.86 -0.06124731
13.87 -0.06603859
13.88 -0.06942545
13.89 -0.07255756
13.9 -0.07623214
13.91 -0.07876914
13.92 -0.07742728
13.93 -0.07114183
13.94 -0.0588242
13.95 -0.04503167
13.96 -0.03406961
13.97 -0.02560653
13.98 -0.01837669
13.99 -0.01090262
14 -0.002419313
14.01 0.005456917
14.02 0.01064582
14.03 0.01223311
14.04 0.01123399
14.05 0.007235229
14.06 0.0003418283
14.07 -0.006474649
14.08 -0.01032074
14.09 -0.01252715
14.1 -0.0135405
14.11 -0.01309872
14.12 -0.01188863
14.13 -0.007328798
14.14 0.001731989
14.15 0.01340067
14.16 0.02492339
14.17 0.0367548
14.18 0.04600338
14.19 0.04942833
14.2 0.04887333
14.21 0.04652768
14.22 0.04151235
14.23 0.03283045
14.24 0.02244653
14.25 0.01211928
14.26 0.004133085
14.27 0.0002036027
14.28 0.0002029422
14.29 0.004169714
14.3 0.0113747
14.31 0.02219656
14.32 0.0359233
14.33 0.04527391
14.34 0.0490306
14.35 0.04873237
14.36 0.04400465
14.37 0.03567297
14.38 0.02663094
14.39 0.01994795
14.4 0.01571533
14.41 0.01265626
14.42 0.01022042
14.43 0.007518305
14.44 0.00478607
14.45 0.001748776
14.46 -0.001093881
14.47 -0.003110991
14.48 -0.005066504
14.49 -0.007441704
14.5 -0.008689624
14.51 -0.008582794
14.52 -0.007339576
14.53 -0.0040988
14.54 0.0006234831
14.55 0.007579426
14.56 0.01595122
14.57 0.02432117
14.58 0.03065577
14.59 0.03301588
14.6 0.03194976
14.61 0.02780803
14.62 0.0218948
14.63 0.01669278
14.64 0.01277481
14.65 0.01096661
14.66 0.01055912
14.67 0.01079816
14.68 0.0114661
14.69 0.01194784
14.7 0.01146451
14.71 0.01040291
14.72 0.008876597
14.73 0.007394498
14.74 0.00530067
14.75 0.002903055
14.76 0.001472164
14.77 0.00187484
14.78 0.004183744
14.79 0.006284756
14.8 0.006542995
14.81 0.006557644
14.82 0.006349801
14.83 0.00612265
14.84 0.006303743
14.85 0.008514058
14.86 0.01247045
14.87 0.01613101
14.88 0.01778184
14.89 0.01507149
14.9 0.008573587
14.91 0.0003318415
14.92 -0.006858445
14.93 -0.01130066
14.94 -0.01463948
14.95 -0.01833113
14.96 -0.02172831
14.97 -0.02257277
14.98 -0.01982906
14.99 -0.01485768
15 -0.01121189
15.01 -0.01086589
15.02 -0.01290041
15.03 -0.01475739
15.04 -0.01372371
15.05 -0.009632343
15.06 -0.003155342
15.07 0.00354439
15.08 0.008891078
15.09 0.01287213
15.1 0.01577455
15.11 0.01793236
15.12 0.0186736
15.13 0.01788818
15.14 0.01595908
15.15 0.01410588
15.16 0.01386281
15.17 0.01445142
15.18 0.01515006
15.19 0.01513557
15.2 0.01414418
15.21 0.01266813
15.22 0.009843712
15.23 0.007347597
15.24 0.006475234
15.25 0.006965517
15.26 0.008596454
15.27 0.01194397
15.28 0.01554628
15.29 0.01783832
15.3 0.01684319
15.31 0.01370109
15.32 0.01033284
15.33 0.006942179
15.34 0.004501805
15.35 0.00325797
15.36 0.001164317
15.37 -0.0009849865
15.38 -0.00322029
15.39 -0.00630714
15.4 -0.0100525
15.41 -0.01419381
15.42 -0.01847021
15.43 -0.0252029
15.44 -0.0333511
15.45 -0.0406156
15.46 -0.04628464
15.47 -0.04864607
15.48 -0.04693033
15.49 -0.03897349
15.5 -0.02397087
15.51 -0.009362465
15.52 -0.004223395
15.53 -0.005578339
15.54 -0.009071412
15.55 -0.01289874
15.56 -0.01556466
15.57 -0.01472789
15.58 -0.009951037
15.59 -0.001428218
15.6 0.00805936
15.61 0.01721473
15.62 0.02516192
15.63 0.0315744
15.64 0.03752215
15.65 0.04175835
15.66 0.04359548
15.67 0.04355155
15.68 0.04060444
15.69 0.03304181
15.7 0.02236424
15.71 0.01322779
15.72 0.007906875
15.73 0.005674607
15.74 0.006522367
15.75 0.0102048
15.76 0.01525333
15.77 0.02001118
15.78 0.02418226
15.79 0.02754997
15.8 0.02923704
15.81 0.02960532
15.82 0.02808709
15.83 0.02502565
15.84 0.02107151
15.85 0.01784161
15.86 0.01694326
15.87 0.01926892
15.88 0.02427705
15.89 0.02993724
15.9 0.03456329
15.91 0.03594567
15.92 0.03365872
15.93 0.02480135
15.94 0.007307126
15.95 -0.01281468
15.96 -0.03205296
15.97 -0.05096553
15.98 -0.06949865
15.99 -0.08156658
16 -0.08649782
16.01 -0.08770025
16.02 -0.08508888
16.03 -0.07683859
16.04 -0.06527953
16.05 -0.05374631
16.06 -0.04497453
16.07 -0.04105046
16.08 -0.04172451
16.09 -0.04594724
16.1 -0.05185643
16.11 -0.05819383
16.12 -0.06225835
16.13 -0.06361138
16.14 -0.06161883
16.15 -0.05593238
16.16 -0.0485409
16.17 -0.03969157
16.18 -0.02965376
16.19 -0.02183428
16.2 -0.01609755
16.21 -0.01224096
16.22 -0.01048432
16.23 -0.01127377
16.24 -0.013625
16.25 -0.01502748
16.26 -0.01392293
16.27 -0.008409496
16.28 0.001735951
16.29 0.01477569
16.3 0.02667042
16.31 0.03533212
16.32 0.04290664
16.33 0.04946824
16.34 0.05210784
16.35 0.05135538
16.36 0.04842043
16.37 0.04358304
16.38 0.03782061
16.39 0.03093105
16.4 0.02289437
16.41 0.01536654
16.42 0.00908172
16.43 0.00486186
16.44 0.003209293
16.45 0.005191214
16.46 0.01013783
16.47 0.01688334
16.48 0.02381764
16.49 0.03014286
16.5 0.03417286
16.51 0.03558211
16.52 0.0346493
16.53 0.03140671
16.54 0.02444483
16.55 0.01330385
16.56 -0.0002456314
16.57 -0.01243588
16.58 -0.02107297
16.59 -0.02649117
16.6 -0.0298546
16.61 -0.03270203
16.62 -0.0354045
16.63 -0.03749989
16.64 -0.03946017
16.65 -0.03982003
16.66 -0.03617875
16.67 -0.02789912
16.68 -0.01695246
16.69 -0.00657342
16.7 0.001216711
16.71 0.008908693
16.72 0.0157589
16.73 0.02047708
16.74 0.02320467
16.75 0.02252587
16.76 0.01935676
16.77 0.01401228
16.78 0.008085229
16.79 0.002766463
16.8 -0.0006611724
16.81 -0.00208915
16.82 -0.002274801
16.83 -0.002869118
16.84 -0.005033157
16.85 -0.008165577
16.86 -0.01025634
16.87 -0.01204891
16.88 -0.01403116
16.89 -0.015679
16.9 -0.0171411
16.91 -0.01758636
16.92 -0.01613507
16.93 -0.01274027
16.94 -0.007814812
16.95 -0.001791434
16.96 0.002992096
16.97 0.006223563
16.98 0.008470328
16.99 0.01093795
17 0.01338934
17.01 0.01529057
17.02 0.01518822
17.03 0.01266636
17.04 0.008339687
17.05 0.002079923
17.06 -0.003952526
17.07 -0.008668006
17.08 -0.01245065
17.09 -0.0167725
17.1 -0.02091149
17.11 -0.0237255
17.12 -0.0242564
17.13 -0.02184115
17.14 -0.01581469
17.15 -0.006210137
17.16 0.004759465
17.17 0.01560443
17.18 0.02501677
17.19 0.03096263
17.2 0.03353407
17.21 0.03346707
17.22 0.03082452
17.23 0.0241819
17.24 0.01469413
17.25 0.003315461
17.26 -0.008519048
17.27 -0.01748032
17.28 -0.02231652
17.29 -0.02449649
17.3 -0.02550684
17.31 -0.02400795
17.32 -0.01957974
17.33 -0.01403977
17.34 -0.008116539
17.35 -0.00273625
17.36 0.001050529
17.37 0.003437474
17.38 0.004562689
17.39 0.004483636
17.4 0.004234991
17.41 0.003901184
17.42 0.002783796
17.43 -0.0001466256
17.44 -0.003945706
17.45 -0.007457334
17.46 -0.01042582
17.47 -0.01174076
17.48 -0.01222615
17.49 -0.01197934
17.5 -0.01001396
17.51 -0.006418409
17.52 -0.002912158
17.53 0.0003898727
17.54 0.003034395
17.55 0.004335717
17.56 0.005326094
17.57 0.006134385
17.58 0.006687846
17.59 0.007254231
17.6 0.008730569
17.61 0.01041826
17.62 0.01174466
17.63 0.01301322
17.64 0.01457043
17.65 0.01545597
17.66 0.01630667
17.67 0.01925852
17.68 0.02534457
17.69 0.03129463
17.7 0.03600157
17.71 0.0397566
17.72 0.04136318
17.73 0.04080859
17.74 0.03873615
17.75 0.03525022
17.76 0.03283889
17.77 0.03219574
17.78 0.03354526
17.79 0.03584518
17.8 0.03636249
17.81 0.03499255
17.82 0.03475021
17.83 0.03631753
17.84 0.03851549
17.85 0.04024495
17.86 0.04172011
17.87 0.04081957
17.88 0.03615782
17.89 0.03044081
17.9 0.02606
17.91 0.024241
17.92 0.02631244
17.93 0.03064184
17.94 0.03496645
17.95 0.0379634
17.96 0.04111718
17.97 0.04329439
17.98 0.04434737
17.99 0.04387947
18 0.04209846
18.01 0.03807133
18.02 0.03109797
18.03 0.02260509
18.04 0.01500792
18.05 0.009545617
18.06 0.006538418
18.07 0.005392439
18.08 0.00574354
18.09 0.005469877
18.1 0.003102711
18.11 -0.0006583203
18.12 -0.006008808
18.13 -0.01255708
18.14 -0.01830695
18.15 -0.02286476
18.16 -0.02519781
18.17 -0.02441278
18.18 -0.0200783
18.19 -0.01223994
18.2 -0.003567977
18.21 0.004247735
18.22 0.009674647
18.23 0.01232991
18.24 0.01306229
18.25 0.01140931
18.26 0.005952909
18.27 -0.000671547
18.28 -0.006122621
18.29 -0.01024557
18.3 -0.01362882
18.31 -0.01445938
18.32 -0.01303446
18.33 -0.01117262
18.34 -0.009927392
18.35 -0.00855817
18.36 -0.00709452
18.37 -0.00451549
18.38 -0.001172147
18.39 0.001616058
18.4 0.004357821
18.41 0.007506531
18.42 0.009927525
18.43 0.01020618
18.44 0.007610937
18.45 0.002612144
18.46 -0.003763266
18.47 -0.009588405
18.48 -0.01307394
18.49 -0.01555598
18.5 -0.0172425
18.51 -0.01702835
18.52 -0.01576145
18.53 -0.01552434
18.54 -0.01596399
18.55 -0.01750513
18.56 -0.0184945
18.57 -0.01761837
18.58 -0.0155672
18.59 -0.01318282
18.6 -0.01089518
18.61 -0.008954003
18.62 -0.007518507
18.63 -0.006572078
18.64 -0.00642357
18.65 -0.007047577
18.66 -0.009274954
18.67 -0.01262905
18.68 -0.01797922
18.69 -0.02600044
18.7 -0.03488615
18.71 -0.04307227
18.72 -0.04900473
18.73 -0.05300933
18.74 -0.0565131
18.75 -0.06089865
18.76 -0.06569021
18.77 -0.06888496
18.78 -0.07008949
18.79 -0.06846809
18.8 -0.06278767
18.81 -0.0530849
18.82 -0.04170754
18.83 -0.03211731
18.84 -0.02346217
18.85 -0.01368384
18.86 -0.004188444
18.87 0.004322037
18.88 0.01228277
18.89 0.02011653
18.9 0.02528252
18.91 0.02641391
18.92 0.02444529
18.93 0.02002607
18.94 0.01303339
18.95 0.00576466
18.96 -0.0007577239
18.97 -0.00670324
18.98 -0.01106606
18.99 -0.01457868
19 -0.01692257
19.01 -0.01839385
19.02 -0.01848905
19.03 -0.01638139
19.04 -0.01142468
19.05 -0.004737699
19.06 0.002709761
19.07 0.00858416
19.08 0.01126598
19.09 0.01127045
19.1 0.009907897
19.11 0.008740951
19.12 0.007568545
19.13 0.006794556
19.14 0.00571836
19.15 0.004381839
19.16 0.002373948
19.17 5.529994e-05
19.18 -0.001864056
19.19 -0.004257501
19.2 -0.008149532
19.21 -0.01361077
19.22 -0.01865901
19.23 -0.02320468
19.24 -0.02791034
19.25 -0.03265799
19.26 -0.0366585
19.27 -0.04056296
19.28 -0.04333044
19.29 -0.04533962
19.3 -0.0469375
19.31 -0.04750975
19.32 -0.04655082
19.33 -0.04441726
19.34 -0.04169257
19.35 -0.0376888
19.36 -0.03287741
19.37 -0.02891213
19.38 -0.02610115
19.39 -0.02338431
19.4 -0.02208065
19.41 -0.02097963
19.42 -0.01845976
19.43 -0.01446454
19.44 -0.008487608
19.45 -0.001102084
19.46 0.006108082
19.47 0.01238334
19.48 0.01803481
19.49 0.02238525
19.5 0.024296
19.51 0.02517864
19.52 0.02595965
19.53 0.02609937
19.54 0.0260391
19.55 0.02577627
19.56 0.02463752
19.57 0.0240478
19.58 0.02399213
19.59 0.02543137
19.6 0.02763976
19.61 0.03015075
19.62 0.03249943
19.63 0.03318554
19.64 0.03152935
19.65 0.02881147
19.66 0.02645645
19.67 0.02427379
19.68 0.02193451
19.69 0.0197493
19.7 0.01687395
19.71 0.01378058
19.72 0.009745328
19.73 0.005451748
19.74 0.001734448
19.75 -0.001916559
19.76 -0.004506728
19.77 -0.005416388
19.78 -0.006478294
19.79 -0.008463781
19.8 -0.01203154
19.81 -0.01672736
19.82 -0.02162359
19.83 -0.02568494
19.84 -0.02866313
19.85 -0.03041927
19.86 -0.03134007
19.87 -0.03149531
19.88 -0.03027412
19.89 -0.02824909
19.9 -0.02513642
19.91 -0.02156958
19.92 -0.01892565
19.93 -0.01609535
19.94 -0.01139381
19.95 -0.006007441
19.96 -0.001090184
19.97 0.003614948
19.98 0.007548353
19.99 0.01107416
20 0.01465113
20.01 0.01823652
20.02 0.02157782
20.03 0.02373696
20.04 0.02407666
20.05 0.02309137
20.06 0.01957689
20.07 0.0145804
20.08 0.009049967
20.09 0.003169206
20.1 -0.002382786
20.11 -0.007503695
20.12 -0.01171842
20.13 -0.01476598
20.14 -0.01621902
20.15 -0.01610261
20.16 -0.01540083
20.17 -0.01301073
20.18 -0.01047122
20.19 -0.008690272
20.2 -0.007104634
20.21 -0.006362676
20.22 -0.006288575
20.23 -0.006216865
20.24 -0.005593898
20.25 -0.003478553
20.26 -0.0009038542
20.27 0.00321686
20.28 0.008471561
20.29 0.01304617
20.3 0.01589547
20.31 0.01689758
20.32 0.01570346
20.33 0.01280936
20.34 0.008880322
20.35 0.00398104
20.36 -0.00141429
20.37 -0.007095654
20.38 -0.01144401
20.39 -0.01460514
20.4 -0.01567354
20.41 -0.01468473
20.42 -0.0118441
20.43 -0.008394773
20.44 -0.004462462
20.45 0.0005087548
20.46 0.0057094
20.47 0.011477
20.48 0.01913254
20.49 0.0253083
20.5 0.02832357
20.51 0.02912432
20.52 0.02843397
20.53 0.02660135
20.54 0.02420314
20.55 0.02129698
20.56 0.01759394
20.57 0.01336722
20.58 0.009716349
20.59 0.007537531
20.6 0.005815511
20.61 0.005096863
20.62 0.005527865
20.63 0.005985991
20.64 0.006656142
20.65 0.007407474
20.66 0.008714056
20.67 0.0105235
20.68 0.01259516
20.69 0.01374077
20.7 0.01298831
20.71 0.01076047
20.72 0.006656486
20.73 -4.482641e-08
20.74 -0.007891717
20.75 -0.01585168
20.76 -0.02283655
20.77 -0.02850814
20.78 -0.03234702
20.79 -0.03506141
20.8 -0.03805689
20.81 -0.03903021
20.82 -0.03876366
20.83 -0.03761408
20.84 -0.03469184
20.85 -0.03110145
20.86 -0.02608408
20.87 -0.01822496
20.88 -0.008772077
20.89 0.002124006
20.9 0.01452585
20.91 0.02452373
20.92 0.03035935
20.93 0.0335312
20.94 0.03484567
20.95 0.03498402
20.96 0.03415272
20.97 0.03386294
20.98 0.0337365
20.99 0.03368078
21 0.03370411
21.01 0.03449524
21.02 0.03647723
21.03 0.0375349
21.04 0.03724606
21.05 0.03609274
21.06 0.03395639
21.07 0.03134207
21.08 0.02900108
21.09 0.02713858
21.1 0.02643113
21.11 0.02641923
21.12 0.02629731
21.13 0.02685435
21.14 0.02771749
21.15 0.02865395
21.16 0.0299582
21.17 0.03026428
21.18 0.02947198
21.19 0.02809635
21.2 0.02704713
21.21 0.02625009
21.22 0.02562883
21.23 0.02590524
21.24 0.0264989
21.25 0.02687958
21.26 0.02750059
21.27 0.02844959
21.28 0.03070233
21.29 0.03291437
21.3 0.03372078
21.31 0.03259931
21.32 0.02935942
21.33 0.02400826
21.34 0.0175471
21.35 0.01166493
21.36 0.006583794
21.37 0.002861119
21.38 0.0006039092
21.39 -5.677589e-05
21.4 0.001257951
21.41 0.003686868
21.42 0.006763651
21.43 0.009368311
21.44 0.01050434
21.45 0.01125993
21.46 0.01064588
21.47 0.008161398
21.48 0.004954376
21.49 0.002423357
21.5 0.000789606
21.51 0.0002220168
21.52 0.00151831
21.53 0.005071624
21.54 0.009770155
21.55 0.01427138
21.56 0.01968534
21.57 0.02347328
21.58 0.02602237
21.59 0.02725864
21.6 0.02628153
21.61 0.02262575
21.62 0.01745659
21.63 0.01069103
21.64 0.004161394
21.65 -0.001033567
21.66 -0.005671507
21.67 -0.00833708
21.68 -0.00822375
21.69 -0.006630747
21.7 -0.004076121
21.71 -0.0004944251
21.72 0.003106235
21.73 0.00508531
21.74 0.005789126
21.75 0.005270336
21.76 0.003517215
21.77 0.002041224
21.78 0.0007662754
21.79 -0.001844685
21.8 -0.005526685
21.81 -0.008678684
21.82 -0.0114157
21.83 -0.01457467
21.84 -0.01807027
21.85 -0.02180907
21.86 -0.02517769
21.87 -0.02757384
21.88 -0.02970597
21.89 -0.03161017
21.9 -0.03367614
21.91 -0.03525804
21.92 -0.03647498
21.93 -0.03744476
21.94 -0.03819237
21.95 -0.0377666
21.96 -0.03655625
21.97 -0.03585662
21.98 -0.03529865
21.99 -0.03534347
22 -0.03531837
22.01 -0.03413259
22.02 -0.03191498
22.03 -0.02967672
22.04 -0.02786691
22.05 -0.02661852
22.06 -0.02681587
22.07 -0.02870669
22.08 -0.03065937
22.09 -0.03210062
22.1 -0.03276126
22.11 -0.0318042
22.12 -0.02999967
22.13 -0.0278632
22.14 -0.02581285
22.15 -0.02510263
22.16 -0.02483229
22.17 -0.02511382
22.18 -0.02592274
22.19 -0.02610017
22.2 -0.02601462
22.21 -0.02581047
22.22 -0.02406984
22.23 -0.02022255
22.24 -0.01629001
22.25 -0.01301363
22.26 -0.01062904
22.27 -0.008302325
22.28 -0.007147011
22.29 -0.007344152
22.3 -0.007728092
22.31 -0.008487354
22.32 -0.009125835
22.33 -0.009493041
22.34 -0.009655821
22.35 -0.009328265
22.36 -0.008221673
22.37 -0.005116385
22.38 -0.0007468645
22.39 0.004420655
22.4 0.009752431
22.41 0.01405654
22.42 0.01720916
22.43 0.01910822
22.44 0.01963133
22.45 0.01882978
22.46 0.01750167
22.47 0.01574721
22.48 0.01372062
22.49 0.01192122
22.5 0.01092445
22.51 0.01103384
22.52 0.01114586
22.53 0.01111365
22.54 0.01036476
22.55 0.009060878
22.56 0.006494857
22.57 0.002710198
22.58 -0.001085017
22.59 -0.004191299
22.6 -0.005466331
22.61 -0.00495582
22.62 -0.003336056
22.63 -0.0006609517
22.64 0.002163079
22.65 0.004669852
22.66 0.006543347
22.67 0.008687116
22.68 0.0101131
22.69 0.01085135
22.7 0.01169058
22.71 0.01212927
22.72 0.01137795
22.73 0.01010853
22.74 0.01016044
22.75 0.01150951
22.76 0.01243039
22.77 0.01352128
22.78 0.01440615
22.79 0.01377937
22.8 0.01232685
22.81 0.01101667
22.82 0.009472978
22.83 0.008339729
22.84 0.007872584
22.85 0.008181031
22.86 0.009085758
22.87 0.01063421
22.88 0.01268184
22.89 0.01356821
22.9 0.01409931
22.91 0.01504207
22.92 0.01546149
22.93 0.01435192
22.94 0.01150249
22.95 0.007133235
22.96 0.00161124
22.97 -0.003873206
22.98 -0.007639191
22.99 -0.01012299
23 -0.01119858
23.01 -0.01254922
23.02 -0.01390274
23.03 -0.01510671
23.04 -0.01695168
23.05 -0.01909642
23.06 -0.021614
23.07 -0.02464801
23.08 -0.02820348
23.09 -0.03080882
23.1 -0.03196915
23.11 -0.03219601
23.12 -0.03162065
23.13 -0.02986965
23.14 -0.02790001
23.15 -0.0266665
23.16 -0.02487642
23.17 -0.02333691
23.18 -0.02335648
23.19 -0.02381396
23.2 -0.02345488
23.21 -0.02281995
23.22 -0.02255078
23.23 -0.02121526
23.24 -0.01902163
23.25 -0.01657945
23.26 -0.01380291
23.27 -0.01031222
23.28 -0.006970026
23.29 -0.004415404
23.3 -0.001844341
23.31 0.001381399
23.32 0.004672856
23.33 0.007143037
23.34 0.009829323
23.35 0.01340604
23.36 0.01628467
23.37 0.01992029
23.38 0.02257315
23.39 0.02284683
23.4 0.02155992
23.41 0.01867293
23.42 0.01409749
23.43 0.008543149
23.44 0.002946138
23.45 -0.001416848
23.46 -0.004168141
23.47 -0.006101715
23.48 -0.006678673
23.49 -0.00630571
23.5 -0.005788707
23.51 -0.005544042
23.52 -0.005075841
23.53 -0.004800597
23.54 -0.004027656
23.55 -0.002297572
23.56 0.0002198346
23.57 0.002510896
23.58 0.003958448
23.59 0.00568544
23.6 0.007627065
23.61 0.009329878
23.62 0.01018948
23.63 0.01145041
23.64 0.01208664
23.65 0.01204153
23.66 0.01307569
23.67 0.01516028
23.68 0.01781394
23.69 0.01996547
23.7 0.02194954
23.71 0.02332816
23.72 0.02399757
23.73 0.02377748
23.74 0.02373828
23.75 0.02391296
23.76 0.0240332
23.77 0.0234687
23.78 0.02224788
23.79 0.02122666
23.8 0.01903435
23.81 0.01718253
23.82 0.01663512
23.83 0.01738054
23.84 0.01919778
23.85 0.02174456
23.86 0.02461219
23.87 0.02727256
23.88 0.02921043
23.89 0.03127495
23.9 0.03225928
23.91 0.03265044
23.92 0.03270452
23.93 0.03224645
23.94 0.03079946
23.95 0.02884786
23.96 0.02653506
23.97 0.02388794
23.98 0.02185107
23.99 0.01946643
24 0.01660083
24.01 0.01389596
24.02 0.01159146
24.03 0.009101015
24.04 0.0066847
24.05 0.004329676
24.06 0.002744193
24.07 0.002375006
24.08 0.003154042
24.09 0.005756167
24.1 0.009930954
24.11 0.01420311
24.12 0.01791146
24.13 0.0202618
24.14 0.02189539
24.15 0.02305599
24.16 0.02356986
24.17 0.0239628
24.18 0.02461114
24.19 0.02534596
24.2 0.02475527
24.21 0.02332272
24.22 0.02153669
24.23 0.01821348
24.24 0.0127955
24.25 0.006569566
24.26 -0.0003361876
24.27 -0.008608816
24.28 -0.01659256
24.29 -0.0221317
24.3 -0.02549895
24.31 -0.0277504
24.32 -0.02828585
24.33 -0.02647654
24.34 -0.02374593
24.35 -0.02093766
24.36 -0.01831033
24.37 -0.01631019
24.38 -0.01433736
24.39 -0.0128922
24.4 -0.01107283
24.41 -0.008375282
24.42 -0.006332012
24.43 -0.006130538
24.44 -0.007959276
24.45 -0.01112134
24.46 -0.01590529
24.47 -0.02115486
24.48 -0.02636972
24.49 -0.03009271
24.5 -0.03245941
24.51 -0.03310899
24.52 -0.03231295
24.53 -0.03069104
24.54 -0.02906689
24.55 -0.02684237
24.56 -0.02469748
24.57 -0.02345673
24.58 -0.02248158
24.59 -0.0212699
24.6 -0.0200667
24.61 -0.01851991
24.62 -0.01595183
24.63 -0.01345324
24.64 -0.01190244
24.65 -0.01090309
24.66 -0.009948848
24.67 -0.01061532
24.68 -0.0121876
24.69 -0.01335973
24.7 -0.01460779
24.71 -0.01555521
24.72 -0.01588922
24.73 -0.01647919
24.74 -0.01740062
24.75 -0.01913281
24.76 -0.02144776
24.77 -0.02433793
24.78 -0.02820609
24.79 -0.03134616
24.8 -0.03193215
24.81 -0.02993408
24.82 -0.02558375
24.83 -0.01870975
24.84 -0.0116248
24.85 -0.006443919
24.86 -0.002866233
24.87 -0.001778629
24.88 -0.002325638
24.89 -0.003706747
24.9 -0.006489235
24.91 -0.009822519
24.92 -0.01332561
24.93 -0.01636475
24.94 -0.01782368
24.95 -0.01759372
24.96 -0.01663103
24.97 -0.01553566
24.98 -0.01368422
24.99 -0.01148659
25 -0.01021711
25.01 -0.008913585
25.02 -0.00723981
25.03 -0.00503084
25.04 -0.002176163
25.05 0.0009167488
25.06 0.003838081
25.07 0.007251922
25.08 0.01044514
25.09 0.01274342
25.1 0.01369991
25.11 0.01423271
25.12 0.01356441
25.13 0.01233354
25.14 0.01205856
25.15 0.01236574
25.16 0.01212642
25.17 0.01072658
25.18 0.008367914
25.19 0.00549973
25.2 0.002271376
25.21 0.0001719494
25.22 -5.771306e-05
25.23 0.001107984
25.24 0.00379328
25.25 0.007207192
25.26 0.01069961
25.27 0.0136034
25.28 0.01571921
25.29 0.01596211
25.3 0.01399653
25.31 0.01039571
25.32 0.005594408
25.33 0.00177683
25.34 0.0005867667
25.35 0.001013382
25.36 0.002110749
25.37 0.003127415
25.38 0.003045746
25.39 0.001158464
25.4 -0.002146123
25.41 -0.005908445
25.42 -0.009983271
25.43 -0.01409644
25.44 -0.01709562
25.45 -0.01867928
25.46 -0.01778414
25.47 -0.01426449
25.48 -0.008672668
25.49 -0.002381929
25.5 0.002795254
25.51 0.005514563
25.52 0.006352198
25.53 0.006076089
25.54 0.005134902
25.55 0.003657331
25.56 0.001541157
25.57 -0.001112905
25.58 -0.003701883
25.59 -0.0063684
25.6 -0.008311811
25.61 -0.009006888
25.62 -0.009128352
25.63 -0.00948037
25.64 -0.01003713
25.65 -0.01232607
25.66 -0.01536869
25.67 -0.01792409
25.68 -0.0194679
25.69 -0.01972699
25.7 -0.01799447
25.71 -0.01405674
25.72 -0.00861594
25.73 -0.003028526
25.74 0.002413587
25.75 0.007051737
25.76 0.009787957
25.77 0.01025352
25.78 0.008686555
25.79 0.006340784
25.8 0.00366329
25.81 0.0004150625
25.82 -0.002511804
25.83 -0.003916487
25.84 -0.004452334
25.85 -0.003657221
25.86 -0.00188806
25.87 0.001526363
25.88 0.00553355
25.89 0.008067394
25.9 0.008301375
25.91 0.006371842
25.92 0.002915027
25.93 -0.0006378068
25.94 -0.003870657
25.95 -0.005511936
25.96 -0.006103297
25.97 -0.006454857
25.98 -0.005984717
25.99 -0.004699238
26 -0.00335783
26.01 -0.001079374
26.02 0.0007582221
26.03 0.001627082
26.04 0.001967378
26.05 0.001965769
26.06 0.001849886
26.07 0.002080636
26.08 0.001964539
26.09 0.001074699
26.1 -0.000416999
26.11 -0.002128689
26.12 -0.004040403
26.13 -0.005014802
26.14 -0.004883521
26.15 -0.004452711
26.16 -0.004967888
26.17 -0.005995018
26.18 -0.006937115
26.19 -0.007391528
26.2 -0.005912836
26.21 -0.002902848
26.22 0.0002785966
26.23 0.002201587
26.24 0.003232049
26.25 0.002748949
26.26 0.0003197144
26.27 -0.001745515
26.28 -0.002828971
26.29 -0.003492413
26.3 -0.003514954
26.31 -0.002471838
26.32 -0.0004690685
26.33 0.002365543
26.34 0.004785928
26.35 0.006051233
26.36 0.005975203
26.37 0.004546554
26.38 0.003113407
26.39 0.001528419
26.4 0.0001556983
26.41 -0.0003208911
26.42 -0.0001701222
26.43 0.0005389151
26.44 0.002820388
26.45 0.005708944
26.46 0.007637538
26.47 0.00906614
26.48 0.01013915
26.49 0.01102289
26.5 0.01222719
26.51 0.01341122
26.52 0.01444583
26.53 0.01461561
26.54 0.01356541
26.55 0.01104515
26.56 0.007943178
26.57 0.004274095
26.58 0.0003503598
26.59 -0.002925052
26.6 -0.005007604
26.61 -0.005748358
26.62 -0.005462661
26.63 -0.00409673
26.64 -0.002193008
26.65 -0.001770384
26.66 -0.002895947
26.67 -0.004379525
26.68 -0.005029461
26.69 -0.005463202
26.7 -0.005219781
26.71 -0.003704918
26.72 -0.0005235374
26.73 0.003396371
26.74 0.008153504
26.75 0.01280505
26.76 0.01524731
26.77 0.01671215
26.78 0.01666609
26.79 0.01492222
26.8 0.01184783
26.81 0.007560451
26.82 0.003573833
26.83 0.0008372142
26.84 -0.001719607
26.85 -0.004012838
26.86 -0.004844756
26.87 -0.005927703
26.88 -0.006888231
26.89 -0.007592854
26.9 -0.008909735
26.91 -0.009683741
26.92 -0.01019487
26.93 -0.0103192
26.94 -0.01025788
26.95 -0.01024979
26.96 -0.01026828
26.97 -0.01025689
26.98 -0.009542975
26.99 -0.007491431
27 -0.00573871
27.01 -0.004359297
27.02 -0.002201659
27.03 -6.504783e-05
27.04 0.001485095
27.05 0.003279764
27.06 0.004709684
27.07 0.005030156
27.08 0.00426303
27.09 0.002427898
27.1 -0.0002382194
27.11 -0.002488364
27.12 -0.004110352
27.13 -0.004556387
27.14 -0.004244757
27.15 -0.00448816
27.16 -0.004497998
27.17 -0.00384001
27.18 -0.002229503
27.19 -0.0003305397
27.2 0.0008014032
27.21 0.00201453
27.22 0.002846193
27.23 0.003648173
27.24 0.004655259
27.25 0.005610292
27.26 0.007852883
27.27 0.0101153
27.28 0.0125465
27.29 0.01462285
27.3 0.01548587
27.31 0.01573197
27.32 0.01555717
27.33 0.0144903
27.34 0.01315305
27.35 0.01124793
27.36 0.01043428
27.37 0.01110505
27.38 0.01236964
27.39 0.01341966
27.4 0.01398551
27.41 0.01458539
27.42 0.01497119
27.43 0.01421392
27.44 0.01367141
27.45 0.01373
27.46 0.01331085
27.47 0.01243002
27.48 0.01079135
27.49 0.008361434
27.5 0.005738231
27.51 0.004269858
27.52 0.004175524
27.53 0.004300753
27.54 0.004892237
27.55 0.005169756
27.56 0.004401701
27.57 0.003990608
27.58 0.003751925
27.59 0.003223312
27.6 0.002370521
27.61 0.001449996
27.62 0.002030464
27.63 0.003029577
27.64 0.003784237
27.65 0.004547325
27.66 0.005765768
27.67 0.007555284
27.68 0.008934079
27.69 0.0103035
27.7 0.01127737
27.71 0.01127822
27.72 0.01181109
27.73 0.01384231
27.74 0.016874
27.75 0.0192829
27.76 0.02129732
27.77 0.02321228
27.78 0.02424521
27.79 0.02393853
27.8 0.02338859
27.81 0.02250355
27.82 0.02063807
27.83 0.01777049
27.84 0.01433633
27.85 0.009830253
27.86 0.007145097
27.87 0.005985854
27.88 0.005497332
27.89 0.004722254
27.9 0.003194313
27.91 0.000514072
27.92 -0.002861687
27.93 -0.006046117
27.94 -0.008983191
27.95 -0.01162981
27.96 -0.01373366
27.97 -0.01528965
27.98 -0.01686679
27.99 -0.01832238
28 -0.01908701
28.01 -0.01881482
28.02 -0.01751589
28.03 -0.01593401
28.04 -0.01525984
28.05 -0.01530414
28.06 -0.01565813
28.07 -0.01603649
28.08 -0.0166021
28.09 -0.01741432
28.1 -0.01828258
28.11 -0.01967526
28.12 -0.02073623
28.13 -0.02099657
28.14 -0.02131752
28.15 -0.02168689
28.16 -0.0221805
28.17 -0.02290183
28.18 -0.02355884
28.19 -0.02472147
28.2 -0.02579861
28.21 -0.02611578
28.22 -0.02614551
28.23 -0.02601561
28.24 -0.02543862
28.25 -0.02469904
28.26 -0.023895
28.27 -0.02270178
28.28 -0.02080323
28.29 -0.01918292
28.3 -0.01851592
28.31 -0.01835911
28.32 -0.01780124
28.33 -0.01661125
28.34 -0.01513188
28.35 -0.01311577
28.36 -0.01076612
28.37 -0.009048353
28.38 -0.00724895
28.39 -0.005431397
28.4 -0.004237424
28.41 -0.003248492
28.42 -0.002714177
28.43 -0.00209556
28.44 -0.001696118
28.45 -0.001358601
28.46 0.0001059405
28.47 0.002522794
28.48 0.004403265
28.49 0.006062
28.5 0.007856496
28.51 0.009449283
28.52 0.01043675
28.53 0.01083989
28.54 0.01156936
28.55 0.01183326
28.56 0.01164715
28.57 0.01149901
28.58 0.01144356
28.59 0.01202079
28.6 0.01306974
28.61 0.0138411
28.62 0.01442612
28.63 0.01539553
28.64 0.01597845
28.65 0.01635955
28.66 0.0167907
28.67 0.01737078
28.68 0.01823576
28.69 0.01952131
28.7 0.02088521
28.71 0.02189879
28.72 0.02241511
28.73 0.02253202
28.74 0.02241179
28.75 0.02199791
28.76 0.02133672
28.77 0.02065793
28.78 0.01959363
28.79 0.01816717
28.8 0.01704746
28.81 0.01593247
28.82 0.01491555
28.83 0.01424697
28.84 0.01376715
28.85 0.01355699
28.86 0.0133081
28.87 0.01292729
28.88 0.01286131
28.89 0.01284228
28.9 0.0129409
28.91 0.01318129
28.92 0.01318438
28.93 0.01300307
28.94 0.01261589
28.95 0.01156649
28.96 0.0101536
28.97 0.008766405
28.98 0.007378513
28.99 0.005976046
29 0.004606284
29.01 0.003607967
29.02 0.002722021
29.03 0.001866059
29.04 0.001200355
29.05 0.0008593384
29.06 0.000248958
29.07 -0.0008230726
29.08 -0.001864993
29.09 -0.002749602
29.1 -0.003767335
29.11 -0.004748331
29.12 -0.005224226
29.13 -0.005491416
29.14 -0.005899505
29.15 -0.006415309
29.16 -0.007035098
29.17 -0.00754833
29.18 -0.007876591
29.19 -0.008118645
29.2 -0.00804287
29.21 -0.007707493
29.22 -0.007167295
29.23 -0.006630142
29.24 -0.0061656
29.25 -0.005663778
29.26 -0.005276353
29.27 -0.005201428
29.28 -0.00527255
29.29 -0.005504628
29.3 -0.005750391
29.31 -0.005857513
29.32 -0.005766199
29.33 -0.005503664
29.34 -0.005066546
29.35 -0.004592761
29.36 -0.004303312
29.37 -0.004295182
29.38 -0.00447511
29.39 -0.004630402
29.4 -0.004844114
29.41 -0.005049206
29.42 -0.005072058
29.43 -0.004973406
29.44 -0.004824121
29.45 -0.004670694
29.46 -0.004475138
29.47 -0.00426942
29.48 -0.004127654
29.49 -0.003949796
29.5 -0.003795228
29.51 -0.003659351
29.52 -0.003544814
29.53 -0.003515569
29.54 -0.003523799
29.55 -0.003549347
29.56 -0.003552281
29.57 -0.003553665
29.58 -0.003571506
29.59 -0.00357993
29.6 -0.003592335
29.61 -0.003577026
29.62 -0.003508988
29.63 -0.003436461
29.64 -0.0033682
29.65 -0.003277943
29.66 -0.003159842
29.67 -0.003053481
29.68 -0.002957256
29.69 -0.002837186
29.7 -0.002688918
29.71 -0.002528198
29.72 -0.002346007
29.73 -0.002172863
29.74 -0.002014026
29.75 -0.00185947
29.76 -0.001712442
29.77 -0.001589727
29.78 -0.001492626
29.79 -0.001406763
29.8 -0.001342382
29.81 -0.001283908
29.82 -0.001212364
29.83 -0.00113286
29.84 -0.001050184
29.85 -0.000962977
29.86 -0.0008756809
29.87 -0.0007977946
29.88 -0.0007199268
29.89 -0.0006479121
29.9 -0.0005902273
29.91 -0.0005366979
29.92 -0.0004903474
29.93 -0.0004521453
29.94 -0.0004159105
29.95 -0.0003811437
29.96 -0.0003496414
29.97 -0.0003186698
29.98 -0.0002896108
29.99 -0.0002642554
30 -0.0002424312
30.01 -0.0002229691
30.02 -0.0002056351
30.03 -0.0001909256
30.04 -0.0001784502
30.05 -0.0001671855
30.06 -0.0001566744
30.07 -0.0001467601
30.08 -0.0001377924
30.09 -0.0001297921
30.1 -0.0001224404
30.11 -0.000115654
30.12 -0.0001094087
30.13 -0.0001036726
30.14 -9.844948e-05
30.15 -9.371103e-05
30.16 -8.937265e-05
30.17 -8.540754e-05
30.18 -8.180564e-05
30.19 -7.851648e-05
30.2 -7.552272e-05
30.21 -7.281081e-05
30.22 -7.036476e-05
30.23 -6.81752e-05
30.24 -6.622732e-05
30.25 -6.45104e-05
30.26 -6.301792e-05
30.27 -6.174593e-05
