0 0.005192977
0.02 0.002028514
0.04 0.0001337801
0.06 -0.0003780051
0.08 -0.001049081
0.1 -0.001218487
0.12 -0.001714462
0.14 -0.003292824
0.16 -0.002919074
0.18 6.265082e-05
0.2 -0.002437271
0.22 0.0003646037
0.24 0.01059192
0.26 0.01043037
0.28 -0.001575592
0.3 -0.01831043
0.32 -0.01376618
0.34 -0.004564777
0.36 -0.01346955
0.38 -0.008232183
0.4 0.005354749
0.42 0.001212905
0.44 -0.007146795
0.46 0.00877241
0.48 0.0323741
0.5 0.02279912
0.52 -0.01704859
0.54 -0.0165575
0.56 0.007749431
0.58 0.002738347
0.6 -0.01630095
0.62 -0.01342773
0.64 0.001903625
0.66 -0.001815709
0.68 -0.02469181
0.7 -0.02401829
0.72 -0.003951663
0.74 0.01394631
0.76 0.03009585
0.78 0.03901447
0.8 0.03670989
0.82 0.01208248
0.84 -0.0183805
0.86 -0.01600471
0.88 0.02144363
0.9 0.00612826
0.92 -0.03860303
0.94 -0.05047311
0.96 -0.02419634
0.98 0.009078499
1 0.005898415
1.02 -0.01257059
1.04 -0.01403121
1.06 0.000892285
1.08 0.01689991
1.1 0.03181499
1.12 0.05122406
1.14 0.05734036
1.16 0.04023521
1.18 0.008101266
1.2 -0.01874207
1.22 -0.03225821
1.24 -0.02049685
1.26 -0.02512699
1.28 -0.03363327
1.3 -0.003464334
1.32 0.03015821
1.34 0.03474122
1.36 0.01442082
1.38 0.01792648
1.4 0.03433298
1.42 0.02695398
1.44 -0.003912675
1.46 -0.01278519
1.48 -0.001495478
1.5 -0.01042432
1.52 -0.01213883
1.54 0.02059196
1.56 0.03640899
1.58 0.006584992
1.6 0.002907559
1.62 0.02927615
1.64 0.03116872
1.66 0.005774132
1.68 -4.778272e-05
1.7 0.02219856
1.72 0.02505152
1.74 0.00595398
1.76 -0.0218208
1.78 -0.01685268
1.8 -0.01005886
1.82 -0.03162114
1.84 -0.04737055
1.86 0.02511504
1.88 0.05684336
1.9 0.0280764
1.92 0.02583036
1.94 0.0007046004
1.96 -0.01546362
1.98 -0.02660844
2 -0.01850699
2.02 0.01569821
2.04 0.0434253
2.06 0.001133363
2.08 -0.03229181
2.1 -0.02014245
2.12 0.04261512
2.14 0.0344673
2.16 -0.02350252
2.18 -0.0007404436
2.2 0.05962996
2.22 0.02895302
2.24 -0.02010849
2.26 -0.009848919
2.28 0.02521797
2.3 0.03469705
2.32 -0.02610298
2.34 -0.02631714
2.36 -0.01062448
2.38 -0.01746984
2.4 -0.002552557
2.42 0.01624267
2.44 0.033058
2.46 0.03180903
2.48 0.02152381
2.5 0.02889062
2.52 0.05141149
2.54 0.01298523
2.56 -0.05639199
2.58 -0.03957827
2.6 0.01302511
2.62 0.03034052
2.64 0.02113481
2.66 0.005603997
2.68 -0.01449343
2.7 -0.02184603
2.72 -0.03527894
2.74 -0.04915868
2.76 -0.05709191
2.78 -0.01602236
2.8 0.03039496
2.82 0.06394389
2.84 0.06242107
2.86 0.03423027
2.88 0.02095995
2.9 0.008065945
2.92 0.01109203
2.94 0.008500889
2.96 -0.01027567
2.98 -0.01882988
3 -0.003505947
3.02 -0.0147847
3.04 -0.02406535
3.06 -0.01727496
3.08 -0.01791431
3.1 -0.02075999
3.12 -0.03404952
3.14 -0.06481069
3.16 -0.07168353
3.18 -0.07240992
3.2 -0.08787232
3.22 -0.1132043
3.24 -0.1518157
3.26 -0.1796733
3.28 -0.1990171
3.3 -0.2093594
3.32 -0.1978493
3.34 -0.1686861
3.36 -0.1169076
3.38 -0.05236689
3.4 0.01561016
3.42 0.06556375
3.44 0.07693067
3.46 0.08001106
3.48 0.08844129
3.5 0.1132394
3.52 0.1370552
3.54 0.1549029
3.56 0.1574322
3.58 0.13969
3.6 0.09641806
3.62 0.02480541
3.64 -0.0505058
3.66 -0.1438843
3.68 -0.2504464
3.7 -0.3254345
3.72 -0.2641771
3.74 -0.1805012
3.76 -0.167597
3.78 -0.1791647
3.8 -0.2084876
3.82 -0.2283266
3.84 -0.2420436
3.86 -0.2556627
3.88 -0.2676602
3.9 -0.2761499
3.92 -0.2044084
3.94 0.0592664
3.96 0.2425141
3.98 0.2555636
4 0.2241665
4.02 0.2463674
4.04 0.3721389
4.06 0.5332902
4.08 0.6048792
4.1 0.541561
4.12 0.3954902
4.14 0.2630362
4.16 0.199621
4.18 0.03811847
4.2 -0.03139239
4.22 -0.08844501
4.24 -0.163212
4.26 -0.1635547
4.28 -0.1494799
4.3 -0.1334109
4.32 -0.1243024
4.34 0.002009059
4.36 0.1102298
4.38 0.1297513
4.4 0.1172356
4.42 0.1590633
4.44 0.2591178
4.46 0.3017085
4.48 0.2258975
4.5 0.10936
4.52 0.01559798
4.54 -0.1072687
4.56 -0.1711255
4.58 -0.1914037
4.6 -0.2009262
4.62 -0.1811195
4.64 -0.1500052
4.66 -0.09354697
4.68 -0.06689319
4.7 0.01394399
4.72 0.116145
4.74 0.1253832
4.76 0.08475155
4.78 0.02273962
4.8 -0.01511669
4.82 0.009995627
4.84 0.07760213
4.86 0.1080969
4.88 0.1027805
4.9 0.09496815
4.92 0.1061665
4.94 0.1247619
4.96 0.1209008
4.98 0.1067032
5 0.09507375
5.02 0.1279235
5.04 0.2128442
5.06 0.3258536
5.08 0.350376
5.1 0.1926998
5.12 0.03248989
5.14 -0.07537464
5.16 -0.1235386
5.18 -0.1162707
5.2 -0.08928523
5.22 -0.08519774
5.24 -0.09862266
5.26 -0.07425252
5.28 -0.05163988
5.3 -0.05927025
5.32 -0.07546865
5.34 -0.0805032
5.36 -0.08017968
5.38 -0.0707374
5.4 -0.06278129
5.42 -0.05415709
5.44 -0.06357774
5.46 -0.1176948
5.48 -0.1764906
5.5 -0.2002413
5.52 -0.2172886
5.54 -0.2079557
5.56 -0.08776201
5.58 0.01238354
5.6 0.03547929
5.62 0.03460807
5.64 0.01085314
5.66 -0.02268055
5.68 -0.07078803
5.7 -0.08529469
5.72 -0.06578333
5.74 -0.009151154
5.76 0.01505317
5.78 0.009134838
5.8 -0.03415529
5.82 -0.09484666
5.84 -0.1204806
5.86 -0.1275027
5.88 -0.1112137
5.9 -0.07863729
5.92 -0.04088955
5.94 -0.02343881
5.96 -0.02337908
5.98 -0.01639153
6 0.009019238
6.02 0.02152087
6.04 0.009061054
6.06 -0.01819694
6.08 -0.04754902
6.1 -0.07711938
6.12 -0.1046916
6.14 -0.1264579
6.16 -0.1426572
6.18 -0.1406331
6.2 -0.117184
6.22 -0.1011879
6.24 -0.1017516
6.26 -0.1495863
6.28 -0.214464
6.3 -0.2504095
6.32 -0.2752126
6.34 -0.2891914
6.36 -0.2981171
6.38 -0.2905118
6.4 -0.2789151
6.42 -0.2388055
6.44 -0.148781
6.46 -0.05341896
6.48 0.02918595
6.5 0.1018805
6.52 0.1689712
6.54 0.2080098
6.56 0.2362528
6.58 0.270681
6.6 0.331775
6.62 0.391126
6.64 0.4156438
6.66 0.4096494
6.68 0.351582
6.7 0.2951056
6.72 0.2761663
6.74 0.2699404
6.76 0.2399045
6.78 0.2033611
6.8 0.1998105
6.82 0.2543244
6.84 0.3142464
6.86 0.2973767
6.88 0.1851002
6.9 0.05299187
6.92 -0.02718215
6.94 -0.05786577
6.96 -0.06259041
6.98 -0.04679571
7 -0.009353567
7.02 0.01742142
7.04 0.01601278
7.06 -0.02216584
7.08 -0.06285877
7.1 -0.07719899
7.12 -0.07108923
7.14 -0.03494353
7.16 0.02172761
7.18 0.05944307
7.2 0.06849347
7.22 0.04958057
7.24 0.01217201
7.26 -0.01697762
7.28 -0.03317325
7.3 -0.05659355
7.32 -0.08553307
7.34 -0.1048978
7.36 -0.1030986
7.38 -0.08567512
7.4 -0.03055645
7.42 0.0495206
7.44 0.08844982
7.46 0.1049441
7.48 0.09547334
7.5 0.06719681
7.52 0.03141306
7.54 -0.02470848
7.56 -0.08439388
7.58 -0.1334591
7.6 -0.1680687
7.62 -0.1921083
7.64 -0.2176257
7.66 -0.2325699
7.68 -0.2466337
7.7 -0.2213469
7.72 -0.1019653
7.74 0.01909124
7.76 0.07928745
7.78 0.08818277
7.8 0.04151866
7.82 -0.04122895
7.84 -0.08988204
7.86 -0.09916926
7.88 -0.08285754
7.9 -0.02523886
7.92 0.02419533
7.94 0.03307738
7.96 0.02608109
7.98 0.0133116
8 0.007741274
8.02 0.01147743
8.04 0.02051249
8.06 0.03825427
8.08 0.05965173
8.1 0.06710579
8.12 0.05977394
8.14 -0.005672412
8.16 -0.1081142
8.18 -0.1678353
8.2 -0.1945267
8.22 -0.1980896
8.24 -0.1880397
8.26 -0.1737689
8.28 -0.15852
8.3 -0.1273305
8.32 -0.0678207
8.34 -0.007645861
8.36 0.03960456
8.38 0.07278715
8.4 0.09023929
8.42 0.09786885
8.44 0.107209
8.46 0.1126435
8.48 0.0971792
8.5 0.07096925
8.52 0.06087632
8.54 0.07249511
8.56 0.08906806
8.58 0.1075545
8.6 0.1233064
8.62 0.1376088
8.64 0.1612453
8.66 0.1823725
8.68 0.1883048
8.7 0.1590707
8.72 0.1134787
8.74 0.07527872
8.76 0.04055081
8.78 0.01618611
8.8 -0.005655103
8.82 -0.007235035
8.84 0.01479498
8.86 0.03448002
8.88 0.0384438
8.9 0.02769409
8.92 0.01105389
8.94 -0.01337809
8.96 -0.04626688
8.98 -0.08197393
9 -0.1109408
9.02 -0.1347863
9.04 -0.1465997
9.06 -0.135907
9.08 -0.09551284
9.1 -0.01793965
9.12 0.06228145
9.14 0.1022146
9.16 0.1241549
9.18 0.1486076
9.2 0.1691138
9.22 0.1755921
9.24 0.1638428
9.26 0.1353707
9.28 0.09493201
9.3 0.04504912
9.32 -0.01903624
9.34 -0.05844168
9.36 -0.07313251
9.38 -0.07526305
9.4 -0.0739674
9.42 -0.07883052
9.44 -0.08896396
9.46 -0.09858229
9.48 -0.09123803
9.5 -0.07188935
9.52 -0.06128923
9.54 -0.06248028
9.56 -0.0655818
9.58 -0.07198402
9.6 -0.07995601
9.62 -0.0788143
9.64 -0.05779686
9.66 -0.02019727
9.68 0.01685152
9.7 0.04262422
9.72 0.04967484
9.74 0.03392948
9.76 0.008067774
9.78 -0.003450686
9.8 0.007575922
9.82 0.01322306
9.84 0.002423727
9.86 -0.01674572
9.88 -0.02988492
9.9 -0.03112274
9.92 -0.02233599
9.94 -0.0104464
9.96 -0.005212305
9.98 -0.01232325
10 -0.02436284
10.02 -0.03671656
10.04 -0.05468845
10.06 -0.06916683
10.08 -0.07640727
10.1 -0.07324983
10.12 -0.05809819
10.14 -0.02833811
10.16 0.005656006
10.18 0.03743367
10.2 0.0699896
10.22 0.0950669
10.24 0.103762
10.26 0.09528336
10.28 0.08028897
10.3 0.06603204
10.32 0.05568581
10.34 0.03852906
10.36 0.007796102
10.38 -0.02071834
10.4 -0.02432233
10.42 -0.01170933
10.44 -0.003439485
10.46 -0.0001023467
10.48 0.003555081
10.5 0.004746159
10.52 -0.006712793
10.54 -0.02435191
10.56 -0.03864441
10.58 -0.05169453
10.6 -0.06734055
10.62 -0.08465528
10.64 -0.0993037
10.66 -0.1127006
10.68 -0.1157577
10.7 -0.09952052
10.72 -0.07630548
10.74 -0.04913795
10.76 -0.01988144
10.78 0.008135775
10.8 0.03057564
10.82 0.04070412
10.84 0.02763169
10.86 -0.01241464
10.88 -0.04839624
10.9 -0.0675611
10.92 -0.07805289
10.94 -0.07135767
10.96 -0.04939713
10.98 -0.01929084
11 0.0132716
11.02 0.03432234
11.04 0.04536282
11.06 0.04709477
11.08 0.0419193
11.1 0.04712846
11.12 0.06096174
11.14 0.0718921
11.16 0.07593135
11.18 0.06801723
11.2 0.05897806
11.22 0.05120575
11.24 0.03796012
11.26 -0.002685752
11.28 -0.04223206
11.3 -0.04986969
11.32 -0.01073012
11.34 0.04887474
11.36 0.07293465
11.38 0.07435059
11.4 0.06213524
11.42 0.04690479
11.44 0.02740259
11.46 0.009184572
11.48 -0.004896311
11.5 -0.008995463
11.52 -0.01075778
11.54 -0.013994
11.56 -0.00775134
11.58 0.001378948
11.6 0.009672847
11.62 0.01440084
11.64 0.01805069
11.66 0.02143536
11.68 0.03298515
11.7 0.05620476
11.72 0.08176527
11.74 0.09598544
11.76 0.09389378
11.78 0.06450591
11.8 0.008370595
11.82 -0.03393352
11.84 -0.05485025
11.86 -0.06523854
11.88 -0.0624168
11.9 -0.05296606
11.92 -0.04338681
11.94 -0.03109127
11.96 -0.01381304
11.98 0.004376076
12 0.02105458
12.02 0.03399275
12.04 0.03769993
12.06 0.02859184
12.08 0.01768551
12.1 0.01156807
12.12 0.007618158
12.14 0.005423669
12.16 0.002200012
12.18 -0.006096097
12.2 -0.01510925
12.22 -0.01704054
12.24 -0.01756524
12.26 -0.01481981
12.28 -0.003724653
12.3 0.01084769
12.32 0.01391752
12.34 0.002942967
12.36 -0.01209015
12.38 -0.02471097
12.4 -0.02230512
12.42 -0.01159546
12.44 -0.00140292
12.46 0.006669048
12.48 0.01380671
12.5 0.01691129
12.52 0.01402033
12.54 0.006891274
12.56 -0.0006559705
12.58 -0.003465306
12.6 9.424836e-05
12.62 0.004438192
12.64 0.009932707
12.66 0.01769469
12.68 0.02074326
12.7 0.02472616
12.72 0.02677515
12.74 0.02879865
12.76 0.02945943
12.78 0.02464283
12.8 0.01831766
12.82 0.0108756
12.84 -0.001527736
12.86 -0.01769588
12.88 -0.03153229
12.9 -0.04124484
12.92 -0.03982001
12.94 -0.02967109
12.96 -0.02368275
12.98 -0.02172137
13 -0.01834013
13.02 -0.01533118
13.04 -0.01243748
13.06 -0.004144925
13.08 0.0003807872
13.1 -0.000902392
13.12 -0.002824082
13.14 -0.0002098241
13.16 0.005773503
13.18 0.005608278
13.2 3.706218e-05
13.22 -0.003217725
13.24 0.002608555
13.26 0.009831223
13.28 0.009601784
13.3 0.002186449
13.32 -0.004273136
13.34 -0.009501573
13.36 -0.01431181
13.38 -0.02070404
13.4 -0.02913832
13.42 -0.0381754
13.44 -0.04694115
13.46 -0.05417078
13.48 -0.05821392
13.5 -0.05654812
13.52 -0.04571454
13.54 -0.02571932
13.56 -0.006166765
13.58 0.006343715
13.6 0.007905522
13.62 0.005617858
13.64 0.001625781
13.66 -0.000298748
13.68 -0.001703069
13.7 -0.002724883
13.72 -0.002395189
13.74 -0.002442888
13.76 -0.004411239
13.78 -0.008075843
13.8 -0.008238779
13.82 -0.006512668
13.84 -0.00301583
13.86 0.001309256
13.88 0.007426489
13.9 0.00848657
13.92 0.004313037
13.94 0.000475092
13.96 0.002268574
13.98 0.008360344
14 0.01289764
14.02 0.01625378
14.04 0.01056355
14.06 -0.001158951
14.08 -0.0114922
14.1 -0.009381457
14.12 0.00439096
14.14 0.01940779
14.16 0.02455101
14.18 0.01472779
14.2 0.003025737
14.22 -0.005741773
14.24 -0.0109097
14.26 -0.01705477
14.28 -0.02231142
14.3 -0.02145011
14.32 -0.01434536
14.34 -0.008877712
14.36 -0.008423357
14.38 -0.01092904
14.4 -0.008533606
14.42 0.001162987
14.44 0.01023127
14.46 0.02021042
14.48 0.02806082
14.5 0.03389878
14.52 0.03613411
14.54 0.03338878
14.56 0.02492737
14.58 0.01182906
14.6 0.002375204
14.62 0.003011196
14.64 0.01148488
14.66 0.0153604
14.68 0.01530179
14.7 0.01783398
14.72 0.0237281
14.74 0.02999657
14.76 0.03317444
14.78 0.03283129
14.8 0.03345305
14.82 0.02964495
14.84 0.01780334
14.86 0.0006740634
14.88 -0.01643787
14.9 -0.02249505
14.92 -0.02273209
14.94 -0.02278962
14.96 -0.02525637
14.98 -0.03404406
15 -0.04413327
15.02 -0.04991297
15.04 -0.04581193
15.06 -0.029069
15.08 -0.009696511
15.1 0.006520105
15.12 0.01263057
15.14 0.009227492
15.16 0.002473722
15.18 -0.007508343
15.2 -0.01957121
15.22 -0.03273158
15.24 -0.03907326
15.26 -0.03496706
15.28 -0.02588122
15.3 -0.02045106
15.32 -0.01985978
15.34 -0.02313736
15.36 -0.02746552
15.38 -0.02878775
15.4 -0.02650528
15.42 -0.02086906
15.44 -0.01328463
15.46 -0.002572885
15.48 0.009005871
15.5 0.01980432
15.52 0.02755809
15.54 0.03222942
15.56 0.03201597
15.58 0.0254316
15.6 0.01724992
15.62 0.01016779
15.64 0.001854539
15.66 -0.004016835
15.68 -0.009776006
15.7 -0.01581567
15.72 -0.01780798
15.74 -0.01422394
15.76 -0.006528276
15.78 -0.0005829314
15.8 0.002908297
15.82 0.004912368
15.84 0.007123502
15.86 0.005347458
15.88 0.0009673568
15.9 -0.002136721
15.92 0.001275984
15.94 0.01096781
15.96 0.02341058
15.98 0.03659183
16 0.04798401
16.02 0.05397426
16.04 0.05032961
16.06 0.04131873
16.08 0.03106957
16.1 0.02247588
16.12 0.01214206
16.14 -0.0020759
16.16 -0.01375509
16.18 -0.01643175
16.2 -0.0125386
16.22 -0.01059465
16.24 -0.008963854
16.26 -0.00689139
16.28 -0.006594746
16.3 -0.008161639
16.32 -0.00583621
16.34 0.0033528
16.36 0.01278355
16.38 0.0162626
16.4 0.01086766
16.42 0.002756456
16.44 -0.0006668253
16.46 0.0002479541
16.48 0.002483635
16.5 0.009842777
16.52 0.01994266
16.54 0.0259095
16.56 0.02817171
16.58 0.02629986
16.6 0.02071011
16.62 0.01026822
16.64 -0.005422595
16.66 -0.01947936
16.68 -0.02762115
16.7 -0.03375354
16.72 -0.04056626
16.74 -0.04272065
16.76 -0.03290329
16.78 -0.01438737
16.8 0.007079396
16.82 0.02575239
16.84 0.03909385
16.86 0.04358171
16.88 0.03757274
16.9 0.02395867
16.92 0.007774188
16.94 -0.005200352
16.96 -0.01379706
16.98 -0.01685515
17 -0.01527633
17.02 -0.00942371
17.04 -0.003410949
17.06 0.001653212
17.08 0.005503573
17.1 0.007887174
17.12 0.005766455
17.14 0.000728536
17.16 -0.001223883
17.18 -0.001291343
17.2 -0.001460802
17.22 -0.001739402
17.24 -0.004070243
17.26 -0.002381263
17.28 0.003283676
17.3 0.01171893
17.32 0.02150978
17.34 0.02585279
17.36 0.02552523
17.38 0.01773738
17.4 0.00647542
17.42 -0.001697985
17.44 -0.00750499
17.46 -0.01050291
17.48 -0.01036945
17.5 -0.007102532
17.52 -0.004119181
17.54 -0.007309891
17.56 -0.009871263
17.58 -0.01214296
17.6 -0.01154335
17.62 -0.01036438
17.64 -0.008039957
17.66 -0.002693272
17.68 0.001081589
17.7 0.004215891
17.72 0.004122911
17.74 0.004376729
17.76 0.003145426
17.78 -0.003350098
17.8 -0.01366756
17.82 -0.02404113
17.84 -0.03118538
17.86 -0.03464437
17.88 -0.03146724
17.9 -0.02082677
17.92 -0.008471692
17.94 0.002855233
17.96 0.008497693
17.98 0.005745553
18 -0.00103355
18.02 -0.007231254
18.04 -0.01225392
18.06 -0.01222249
18.08 -0.006278118
18.1 0.00228153
18.12 0.009622275
18.14 0.01345422
18.16 0.01794406
18.18 0.01874252
18.2 0.01550994
18.22 0.01546587
18.24 0.01830228
18.26 0.0204043
18.28 0.01526022
18.3 0.003548369
18.32 -0.01096236
18.34 -0.02378093
18.36 -0.02928405
18.38 -0.02759719
18.4 -0.02351538
18.42 -0.01993337
18.44 -0.01913902
18.46 -0.0158263
18.48 -0.007963353
18.5 0.001285767
18.52 0.01280744
18.54 0.02328871
18.56 0.03304069
18.58 0.03599129
18.6 0.02840326
18.62 0.01280313
18.64 -0.0006825529
18.66 -0.005681836
18.68 -0.009268422
18.7 -0.01321304
18.72 -0.01499422
18.74 -0.009201918
18.76 0.002531882
18.78 0.01219508
18.8 0.01230699
18.82 0.004151808
18.84 -0.004201264
18.86 -0.007089179
18.88 -0.004748576
18.9 0.0008468419
18.92 0.005969997
18.94 0.006095149
18.96 -0.001365443
18.98 -0.01094254
19 -0.01351835
19.02 -0.007715899
19.04 0.001687155
19.06 0.007135666
19.08 0.007595352
19.1 0.006402636
19.12 0.003906356
19.14 -0.0004973285
19.16 -0.005968956
19.18 -0.009228209
19.2 -0.009973161
19.22 -0.009212603
19.24 -0.007011805
19.26 -0.006490952
19.28 -0.009541123
19.3 -0.01233528
19.32 -0.009270556
19.34 -0.004823739
19.36 0.0008246341
19.38 0.001467864
19.4 -0.0007214513
19.42 -0.0009217705
19.44 -0.000744693
19.46 0.00149686
19.48 0.001878949
19.5 0.001506234
19.52 -0.003199446
19.54 -0.01090495
19.56 -0.01795561
19.58 -0.02076104
19.6 -0.01399277
19.62 0.0001786723
19.64 0.01442559
19.66 0.02541768
19.68 0.03077325
19.7 0.03135214
19.72 0.02669742
19.74 0.02316265
19.76 0.02549187
19.78 0.02541795
19.8 0.02262878
19.82 0.01794956
19.84 0.01177399
19.86 0.008026017
19.88 0.006014077
19.9 0.004150034
19.92 0.001774967
19.94 -0.0003328667
19.96 -0.0007556643
19.98 -0.003372487
20 -0.002880353
20.02 0.0009757349
20.04 0.005283679
20.06 0.009893538
20.08 0.01299175
20.1 0.01456302
20.12 0.01409021
20.14 0.01588688
20.16 0.0174867
20.18 0.01405791
20.2 0.006556253
20.22 -0.002525385
20.24 -0.009107012
20.26 -0.008171241
20.28 -0.0004392151
20.3 0.006388065
20.32 0.008865041
20.34 0.00574935
20.36 -0.000358004
20.38 -0.006028804
20.4 -0.0103328
20.42 -0.01163292
20.44 -0.01023718
20.46 -0.006639253
20.48 -0.000696358
20.5 0.004889531
20.52 0.006698356
20.54 0.003762136
20.56 -0.001973989
20.58 -0.0050979
20.6 -0.003138136
20.62 -0.0007367171
20.64 -0.001846144
20.66 -0.004477414
20.68 -0.01045532
20.7 -0.01716047
20.72 -0.02165326
20.74 -0.02558403
20.76 -0.02881713
20.78 -0.02799879
20.8 -0.02376958
20.82 -0.01812462
20.84 -0.01484605
20.86 -0.0144796
20.88 -0.01493731
20.9 -0.01565206
20.92 -0.01343739
20.94 -0.009298989
20.96 -0.006209159
20.98 -0.009989031
21 -0.01634135
21.02 -0.01779054
21.04 -0.01091348
21.06 0.0001588466
21.08 0.007308243
21.1 0.006028355
21.12 -0.002144699
21.14 -0.01376944
21.16 -0.0206216
21.18 -0.01676887
21.2 -0.009116648
21.22 -0.00146545
21.24 0.005570684
21.26 0.009907892
21.28 0.01079035
21.3 0.008222153
21.32 0.006218004
21.34 0.00568775
21.36 0.007996151
21.38 0.01434579
21.4 0.01975701
21.42 0.02085262
21.44 0.0190912
21.46 0.01646175
21.48 0.01272356
21.5 0.009673864
21.52 0.009441402
21.54 0.009015132
21.56 0.006956859
21.58 0.005111759
21.6 4.549457e-05
21.62 -0.006158075
21.64 -0.01063785
21.66 -0.01158436
21.68 -0.01145782
21.7 -0.01075091
21.72 -0.006994209
21.74 -0.001226074
21.76 0.003440458
21.78 0.005658984
21.8 0.005605964
21.82 0.004302419
21.84 0.004500309
21.86 0.003224292
21.88 0.0009037906
21.9 -0.005105036
21.92 -0.0151602
21.94 -0.01897809
21.96 -0.01562027
21.98 -0.0113057
22 -0.006679013
22.02 -0.005174553
22.04 -0.008831299
22.06 -0.01032259
22.08 -0.008022545
22.1 -0.005159467
22.12 -0.007624873
22.14 -0.01573395
22.16 -0.01841867
22.18 -0.01858705
22.2 -0.01808937
22.22 -0.01520796
22.24 -0.01157278
22.26 -0.008619993
22.28 -0.0101807
22.3 -0.01546748
22.32 -0.01820222
22.34 -0.01699466
22.36 -0.0184381
22.38 -0.01835357
22.4 -0.01573538
22.42 -0.01029994
22.44 -0.003749656
22.46 0.002480346
22.48 0.005657483
22.5 0.01092358
22.52 0.0178288
22.54 0.02173624
22.56 0.0227836
22.58 0.02034765
22.6 0.01694065
22.62 0.01427825
22.64 0.0146483
22.66 0.01677888
22.68 0.01887068
22.7 0.02308918
22.72 0.02949558
22.74 0.03039702
22.76 0.02207155
22.78 0.01634707
22.8 0.01226784
22.82 0.003988249
22.84 -0.006673048
22.86 -0.01027901
22.88 -0.008622796
22.9 -0.003474107
22.92 0.005308835
22.94 0.01271069
22.96 0.01752991
22.98 0.01448186
23 0.01094215
23.02 0.007820657
23.04 0.01125775
23.06 0.01707858
23.08 0.01958951
23.1 0.02079788
23.12 0.01949196
23.14 0.01812177
23.16 0.01857737
23.18 0.01884733
23.2 0.01709871
23.22 0.01236555
23.24 0.00274864
23.26 -0.007087579
23.28 -0.01473386
23.3 -0.01548292
23.32 -0.01001506
23.34 -0.007811225
23.36 -0.007269988
23.38 -0.008881976
23.4 -0.009752427
23.42 -0.01132669
23.44 -0.0102724
23.46 -0.006787471
23.48 -0.004918221
23.5 -0.002528777
23.52 -0.001909036
23.54 -0.00289376
23.56 -0.001026568
23.58 -0.001206521
23.6 -0.003850798
23.62 -0.005230279
23.64 -0.008033685
23.66 -0.005597355
23.68 -0.00372509
23.7 0.001832431
23.72 0.01020106
23.74 0.01512414
23.76 0.01355287
23.78 0.008555413
23.8 0.001858633
23.82 -0.00293381
23.84 -0.006231959
23.86 -0.01260541
23.88 -0.01976325
23.9 -0.02629991
23.92 -0.01722955
23.94 0.001067719
23.96 0.01825727
23.98 0.01312309
24 -0.00751713
24.02 -0.02932525
24.04 -0.03083844
24.06 -0.01445369
24.08 -0.00191537
24.1 0.009806951
24.12 0.01402104
24.14 0.01436832
24.16 0.01224719
24.18 0.007530155
24.2 0.001980797
24.22 0.004156915
24.24 0.008913629
24.26 0.01312566
24.28 0.01252227
24.3 0.01001861
24.32 0.006256272
24.34 0.002025749
24.36 0.003184903
24.38 0.002717154
24.4 0.00362538
24.42 0.005158863
24.44 0.005051164
24.46 -0.0006236996
24.48 -0.005925246
24.5 -0.009278596
24.52 -0.016358
24.54 -0.02254187
24.56 -0.02449783
24.58 -0.01867221
24.6 -0.01102998
24.62 -0.00773906
24.64 -0.007125652
24.66 -0.004952666
24.68 -0.001666864
24.7 0.001505716
24.72 0.002882073
24.74 0.004298206
24.76 0.003823258
24.78 0.002961725
24.8 0.004802171
24.82 0.007062853
24.84 0.01028948
24.86 0.01573663
24.88 0.0180483
24.9 0.01359432
24.92 0.01159649
24.94 0.0124567
24.96 0.01240502
24.98 0.006328201
25 -0.0009032585
25.02 -0.005142041
25.04 -0.003907506
25.06 0.001044926
25.08 0.004636676
25.1 0.005026645
25.12 0.004898451
25.14 0.004560134
25.16 0.002679575
25.18 -0.0005188254
25.2 -0.001873068
25.22 -0.001956393
25.24 -0.00370946
25.26 -0.0008317288
25.28 0.003635161
25.3 0.007908247
25.32 0.007533193
25.34 0.002480417
25.36 -0.002283702
25.38 -0.009058241
25.4 -0.01749437
25.42 -0.02510327
25.44 -0.03032129
25.46 -0.02435706
25.48 -0.01644156
25.5 -0.01135556
25.52 -0.009501928
25.54 -0.01019728
25.56 -0.005315274
25.58 0.00139763
25.6 0.006889593
25.62 0.007828275
25.64 0.005671256
25.66 0.004991195
25.68 0.003527773
25.7 0.00682775
25.72 0.009921686
25.74 0.00835524
25.76 0.007067254
25.78 0.007991647
25.8 0.0109081
25.82 0.01471297
25.84 0.01548946
25.86 0.01102519
25.88 0.006982176
25.9 0.001883463
25.92 -0.00331419
25.94 -0.008103844
25.96 -0.01248243
25.98 -0.01514336
26 -0.01243397
26.02 -0.005902646
26.04 7.17565e-05
26.06 0.003643039
26.08 0.002458062
26.1 -0.004018677
26.12 -0.008709396
26.14 -0.01142336
26.16 -0.01082843
26.18 -0.009750032
26.2 -0.006940692
26.22 -0.002294331
26.24 -0.001672891
26.26 -0.003971711
26.28 -0.00717833
26.3 -0.00736983
26.32 -0.00448093
26.34 0.0006540105
26.36 0.005892991
26.38 0.008774753
26.4 0.006035292
26.42 0.004415794
26.44 0.008290016
26.46 0.01559858
26.48 0.02085694
26.5 0.0248199
26.52 0.0255362
26.54 0.02322821
26.56 0.02075192
26.58 0.01631824
26.6 0.01077786
26.62 0.005100812
26.64 0.003665939
26.66 0.003826347
26.68 -0.003347043
26.7 -0.01347639
26.72 -0.01894129
26.74 -0.02355651
26.76 -0.0234012
26.78 -0.01866608
26.8 -0.01303847
26.82 -0.006917176
26.84 -0.002773658
26.86 -0.004100401
26.88 -0.009039981
26.9 -0.01227412
26.92 -0.01241663
26.94 -0.0105059
26.96 -0.009141871
26.98 -0.007231124
27 -0.004744077
27.02 -0.003590168
27.04 -0.001803856
27.06 0.001207476
27.08 0.00197787
27.1 0.002457565
27.12 0.002732243
27.14 0.000785363
27.16 0.002472744
27.18 0.005161767
27.2 0.008069072
27.22 0.0086263
27.24 0.007685149
27.26 0.007534499
27.28 0.009384073
27.3 0.01192112
27.32 0.01233149
27.34 0.0129183
27.36 0.01398861
27.38 0.01520885
27.4 0.0118442
27.42 0.007521768
27.44 0.00271178
27.46 -0.002176746
27.48 -0.003997109
27.5 -0.00246779
27.52 0.0005986716
27.54 0.002720616
27.56 0.005307683
27.58 0.004757232
27.6 0.0007357257
27.62 -0.004832099
27.64 -0.007162441
27.66 -0.0088869
27.68 -0.009928975
27.7 -0.009364548
27.72 -0.009742596
27.74 -0.009352584
27.76 -0.01013965
27.78 -0.008059487
27.8 -0.003666985
27.82 0.0003552613
27.84 0.001783651
27.86 0.0002836235
27.88 -0.0011042
27.9 -0.00203302
27.92 -0.004669318
27.94 -0.007191371
27.96 -0.01168814
27.98 -0.01323711
28 -0.01087335
28.02 -0.01086783
28.04 -0.008989585
28.06 -0.005260036
28.08 -0.001754884
28.1 0.002965093
28.12 0.006900692
28.14 0.0106578
28.16 0.0149759
28.18 0.01447146
28.2 0.01275117
28.22 0.01072285
28.24 0.008006035
28.26 0.006725384
28.28 0.005876196
28.3 0.007315893
28.32 0.009797014
28.34 0.01240462
28.36 0.01264481
28.38 0.01087254
28.4 0.007497862
28.42 0.005722544
28.44 0.005111052
28.46 0.005902064
28.48 0.009293062
28.5 0.01441908
28.52 0.01328741
28.54 0.009368079
28.56 0.005428355
28.58 0.002196516
28.6 0.00210322
28.62 -0.0009419494
28.64 -0.002019534
28.66 -0.002021014
28.68 -0.003572889
28.7 -0.007206579
28.72 -0.008573825
28.74 -0.008072424
28.76 -0.00839212
28.78 -0.006498408
28.8 -0.002224013
28.82 0.0005489485
28.84 0.001705215
28.86 0.001279466
28.88 0.0009261438
28.9 0.001908006
28.92 0.002237074
28.94 -0.0003857327
28.96 -0.001960993
28.98 -0.002258189
29 -0.004347519
29.02 -0.007346683
29.04 -0.009548202
29.06 -0.007517735
29.08 -0.005888122
29.1 -0.004779724
29.12 -0.005014659
29.14 -0.005509689
29.16 -0.005733393
29.18 -0.006359991
29.2 -0.006265442
29.22 -0.004849989
29.24 -0.003018369
29.26 -0.001931343
29.28 -0.001205391
29.3 -0.002514333
29.32 -0.003329588
29.34 -0.002887178
29.36 -0.0037371
29.38 -0.004656378
29.4 -0.007205608
29.42 -0.008068772
29.44 -0.008196511
29.46 -0.008450723
29.48 -0.008760007
29.5 -0.01071148
29.52 -0.01019456
29.54 -0.01110562
29.56 -0.008723104
29.58 -0.008294897
29.6 -0.007896262
29.62 -0.009311182
29.64 -0.01100864
29.66 -0.008577122
29.68 -0.00821314
29.7 -0.004470912
29.72 -0.002177079
29.74 -0.001047057
29.76 -0.0006850895
29.78 0.001719945
29.8 0.004798186
29.82 0.004962295
29.84 0.00611683
29.86 0.007357053
29.88 0.007781281
29.9 0.006040059
29.92 0.004163182
29.94 0.002875872
29.96 0.00300229
29.98 0.002737035
30 0.004096647
30.02 0.003343846
30.04 -0.0003679673
30.06 -0.002862913
30.08 -0.004561233
30.1 -0.004342965
30.12 -0.00361877
30.14 -0.002578366
30.16 -0.0007127765
30.18 -0.001432879
30.2 -0.0008687941
30.22 -0.001067662
30.24 -0.002715942
30.26 -0.004204075
30.28 -0.00729054
30.3 -0.008089138
30.32 -0.006778368
30.34 -0.00562977
30.36 -0.004576026
30.38 -0.003389673
30.4 -0.003210053
30.42 -0.002659146
30.44 -0.003180251
30.46 -0.004680548
30.48 -0.002714877
30.5 0.002400561
30.52 0.005206728
30.54 0.007683442
30.56 0.01001227
30.58 0.0113007
30.6 0.01235861
30.62 0.01064622
30.64 0.01083714
30.66 0.01357401
30.68 0.01381188
30.7 0.01129677
30.72 0.008523617
30.74 0.006133989
30.76 0.006368829
30.78 0.008168357
30.8 0.009476253
30.82 0.006934677
30.84 0.003262948
30.86 0.001453749
30.88 -0.0001932636
30.9 -0.001273148
30.92 -0.002181664
30.94 -0.003483893
30.96 -0.005488893
30.98 -0.004783745
31 -0.002680169
31.02 -0.001677165
31.04 -0.003251693
31.06 -0.003633833
31.08 -0.004301565
31.1 -0.004086989
31.12 -0.002357705
31.14 -0.0001143324
31.16 -0.000744292
31.18 -0.005275743
31.2 -0.007171506
31.22 -0.008045222
31.24 -0.008016229
31.26 -0.007188568
31.28 -0.005938619
31.3 -0.003271881
31.32 -0.002178997
31.34 -0.002710963
31.36 -0.002990981
31.38 -0.0007158916
31.4 0.001729547
31.42 0.003046872
31.44 0.004515166
31.46 0.007214608
31.48 0.0085187
31.5 0.009655517
31.52 0.008472865
31.54 0.005837739
31.56 0.003387242
31.58 0.0008520932
31.6 -0.0002366877
31.62 -0.00112044
31.64 -0.000259985
31.66 -1.764155e-05
31.68 0.00139363
31.7 0.00355869
31.72 0.005315757
31.74 0.007565492
31.76 0.005443517
31.78 0.005125929
31.8 0.004806309
31.82 0.002865917
31.84 0.003331712
31.86 0.004348317
31.88 0.004773329
31.9 0.003829509
31.92 0.003253917
31.94 0.0008402931
31.96 -0.000759363
31.98 0.0006122488
32 0.001662568
32.02 -0.001258983
32.04 -0.003273748
32.06 -0.003851324
32.08 -0.004739993
32.1 -0.005575614
32.12 -0.008334948
32.14 -0.009118533
32.16 -0.007570389
32.18 -0.008517159
32.2 -0.00699858
32.22 -0.003783735
32.24 -0.001801041
32.26 -0.0002487797
32.28 0.00122291
32.3 0.003264786
32.32 0.00484665
32.34 0.006222482
32.36 0.006682362
32.38 0.008254049
32.4 0.009820644
32.42 0.01173302
32.44 0.01206645
32.46 0.01305881
32.48 0.01326883
32.5 0.01085543
32.52 0.006695787
32.54 0.002049613
32.56 -0.0005014725
32.58 -0.004661091
32.6 -0.007206043
32.62 -0.008660607
32.64 -0.007987444
32.66 -0.006126994
32.68 -0.004980538
32.7 -0.003625994
32.72 -0.001782863
32.74 0.0004743951
32.76 -0.0006231198
32.78 -0.0009025879
32.8 -0.002226529
32.82 -0.003696323
32.84 -0.00539663
32.86 -0.006906192
32.88 -0.006170725
32.9 -0.003840993
32.92 0.0004991666
32.94 0.003000272
32.96 0.002784105
32.98 0.002126285
33 -0.0003838503
33.02 -0.005641859
33.04 -0.008592619
33.06 -0.009246335
33.08 -0.007810064
33.1 -0.006004547
33.12 -0.005795324
33.14 -0.003381874
33.16 0.001031802
33.18 0.0003465034
33.2 -0.001536268
33.22 -0.001605475
33.24 -0.001763416
33.26 -0.00153579
33.28 -0.0009950193
33.3 0.0006820376
33.32 -0.0004367198
33.34 0.0001571082
33.36 0.001109981
33.38 0.004054921
33.4 0.007388485
33.42 0.006210595
33.44 0.004140211
33.46 0.001236492
33.48 -0.001456082
33.5 -0.002216772
33.52 -0.002831595
33.54 -0.001190175
33.56 0.003386811
33.58 0.006638822
33.6 0.006687018
33.62 0.004016917
33.64 0.001737483
33.66 0.001769372
33.68 0.002613186
33.7 0.002977604
33.72 0.004926088
33.74 0.005775015
33.76 0.004049467
33.78 0.004962662
33.8 0.005528042
33.82 0.004867386
33.84 0.002203453
33.86 0.0001464252
33.88 -0.0001490593
33.9 0.00116604
33.92 0.003883643
33.94 0.006228949
33.96 0.007625659
33.98 0.008331832
34 0.01294563
34.02 0.01331725
34.04 0.00958133
34.06 0.006796056
34.08 0.004854325
34.1 0.003741857
34.12 0.001699151
34.14 -0.0009361717
34.16 -0.002671851
34.18 -0.00329879
34.2 -0.003375945
34.22 -0.003140978
34.24 -0.003141628
34.26 -0.002360957
34.28 -0.002859363
34.3 -0.004568508
34.32 -0.005364751
34.34 -0.006316031
34.36 -0.006148371
34.38 -0.004546589
34.4 -0.003913805
34.42 -0.00486508
34.44 -0.004444453
34.46 -0.001696186
34.48 -0.0008114576
34.5 -0.001510788
34.52 -0.004549997
34.54 -0.006781366
34.56 -0.007463355
34.58 -0.008259584
34.6 -0.00691585
34.62 -0.007960957
34.64 -0.007158844
34.66 -0.007634791
34.68 -0.009120539
34.7 -0.01033497
34.72 -0.009504293
34.74 -0.007630161
34.76 -0.006262969
34.78 -0.003549378
34.8 -0.005016767
34.82 -0.006277098
34.84 -0.006008449
34.86 -0.004039462
34.88 -0.003046616
34.9 -0.002838152
34.92 -0.003858788
34.94 -0.002514046
34.96 0.0004453535
34.98 0.001812531
35 0.003904927
35.02 0.004333701
35.04 0.008062173
35.06 0.01085632
35.08 0.009733668
35.1 0.005816212
35.12 0.001813074
35.14 0.000635332
35.16 0.001496567
35.18 0.001958979
35.2 -0.0005631325
35.22 -0.004086888
35.24 -0.006677346
35.26 -0.005734528
35.28 -0.002172354
35.3 0.001269455
35.32 0.00287934
35.34 0.002162601
35.36 0.0005574375
35.38 -0.0002133708
35.4 -0.0004221638
35.42 -0.0001576819
35.44 0.002674135
35.46 0.004193206
35.48 0.004702473
35.5 0.005040373
35.52 0.0002650075
35.54 -0.0005323636
35.56 0.001910799
35.58 0.003762356
35.6 0.005236505
35.62 0.004975629
35.64 0.004435265
35.66 0.002482195
35.68 0.002738438
35.7 0.002045054
35.72 -0.0004037577
35.74 -0.001916217
35.76 -0.003738764
35.78 -0.00254824
35.8 -0.0005651827
35.82 -0.0007822742
35.84 -0.002997554
35.86 -0.003125923
35.88 -0.003246139
35.9 -0.005091186
35.92 -0.004043522
35.94 -0.004506486
35.96 -0.0033599
35.98 -0.002134785
36 -0.002083272
36.02 -0.002273036
36.04 -0.00183994
36.06 -0.001357407
36.08 -0.001956062
36.1 -0.002644875
36.12 -0.004271553
36.14 -0.003193811
36.16 -0.002245167
36.18 -0.003399213
36.2 -0.00506813
36.22 -0.004381798
36.24 -0.001516422
36.26 0.0002998291
36.28 -0.000290958
36.3 -0.001711837
36.32 -0.0004515389
36.34 0.001594626
36.36 0.003894741
36.38 0.004840341
36.4 0.002481325
36.42 0.002406892
36.44 0.005166559
36.46 0.007449715
36.48 0.008906045
36.5 0.008039104
36.52 0.005625314
36.54 0.00433014
36.56 0.001948982
36.58 -0.0002991825
36.6 -0.001753251
36.62 -0.003251391
36.64 -0.00124797
36.66 0.001577072
36.68 0.002203401
36.7 0.002403822
36.72 0.001802968
36.74 0.001212097
36.76 0.003550334
36.78 0.005040644
36.8 0.006605586
36.82 0.007003882
36.84 0.007175406
36.86 0.005916857
36.88 0.002595428
36.9 0.003924789
36.92 0.004101993
36.94 0.005153956
36.96 0.005715445
36.98 0.004442326
37 0.003771588
37.02 0.0003110177
37.04 -0.001416814
37.06 -0.003330464
37.08 -0.00411773
37.1 -0.004386312
37.12 -0.005876411
37.14 -0.004884218
37.16 -0.003958025
37.18 -0.002819224
37.2 -0.0006792932
37.22 0.001307321
37.24 0.002549634
37.26 0.002377694
37.28 0.001478767
37.3 0.0001631233
37.32 2.549409e-05
37.34 -0.0005094776
37.36 -0.0008254452
37.38 -0.0007499653
37.4 -0.001248976
37.42 -0.0007083671
37.44 -0.0006581247
37.46 -0.0002158556
37.48 0.0004889079
37.5 0.001227759
37.52 0.001473957
37.54 0.001750498
37.56 0.001476789
37.58 -0.0001339625
37.6 -0.001542209
37.62 -0.003024424
37.64 -0.002570065
37.66 -0.001790436
37.68 -0.001342157
37.7 -0.0007056424
37.72 -0.000416244
37.74 4.994422e-05
37.76 0.0004251906
37.78 0.0007950538
37.8 0.0006299581
37.82 0.000962185
37.84 0.0009664126
37.86 0.0002398956
37.88 0.0003284024
37.9 2.447069e-05
37.92 -2.673998e-05
37.94 -0.0001683701
37.96 1.856864e-05
37.98 0.000331239
38 0.00022654
38.02 -3.986212e-05
38.04 -0.0005961542
38.06 -0.0004510871
38.08 -0.0005352338
38.1 -0.0003907119
38.12 -5.399385e-05
38.14 0.0003838632
38.16 0.0005620799
38.18 0.0005372824
38.2 0.0009919066
38.22 0.0009680142
38.24 0.0007461309
38.26 0.0007249443
38.28 0.0007006393
38.3 0.0007341993
38.32 0.0004450389
38.34 0.0002976069
38.36 0.0001892857
38.38 -5.491637e-05
38.4 -0.0003128286
38.42 -0.0005094446
38.44 -0.0005657378
38.46 -0.0006708304
38.48 -0.000402351
38.5 -0.0002347224
38.52 -0.0003031634
38.54 -0.0003290465
38.56 -0.0003085734
38.58 -0.0002086529
38.6 -0.0002627299
38.62 -0.0003778057
38.64 -0.0003694816
38.66 -0.0002948065
38.68 -0.0002197858
38.7 -0.0003673163
38.72 -0.0003952064
38.74 -0.0003241945
38.76 -0.0003587088
38.78 -0.0004307171
38.8 -0.0005312332
38.82 -0.0005520257
38.84 -0.000554192
38.86 -0.000564076
38.88 -0.0005566226
38.9 -0.0004808235
38.92 -0.0004464196
38.94 -0.0004005261
38.96 -0.0003377734
38.98 -0.0003401174
39 -0.0003454544
39.02 -0.0003691813
39.04 -0.0003458135
39.06 -0.0003266029
39.08 -0.0003222285
39.1 -0.0003158894
39.12 -0.0003421106
39.14 -0.0003152789
39.16 -0.0003261856
39.18 -0.0003279369
39.2 -0.0003175322
39.22 -0.0003149776
39.24 -0.0003035933
39.26 -0.0002953113
39.28 -0.0002700028
39.3 -0.0002543989
39.32 -0.0002489765
39.34 -0.0002420608
39.36 -0.0002330742
39.38 -0.0002259402
39.4 -0.0002180119
39.42 -0.0002110858
39.44 -0.0002010473
39.46 -0.0001918984
39.48 -0.0001848216
39.5 -0.000180371
39.52 -0.0001768833
39.54 -0.0001694844
39.56 -0.0001622839
39.58 -0.0001561158
39.6 -0.0001495038
39.62 -0.0001426542
39.64 -0.0001351427
39.66 -0.0001275933
39.68 -0.0001198612
39.7 -0.0001123341
39.72 -0.0001045794
39.74 -9.706396e-05
39.76 -8.952357e-05
39.78 -8.195e-05
39.8 -7.453825e-05
39.82 -6.718618e-05
39.84 -5.979849e-05
39.86 -5.227568e-05
39.88 -4.460388e-05
39.9 -3.676768e-05
39.92 -2.875988e-05
39.94 -2.057215e-05
39.96 -1.219815e-05
39.98 -3.637339e-06
