0 -0.0004086915
0.01 -0.0003158756
0.02 -0.0005474196
0.03 0.0002838764
0.04 0.0004236125
0.05 -0.0002465315
0.06 0.0001461644
0.07 4.722044e-05
0.08 0.0001084164
0.09 -4.662755e-05
0.1 -0.0005658116
0.11 0.0002797644
0.12 0.0004317405
0.13 -0.0002588035
0.14 0.0001665325
0.15 0.0003042285
0.16 -0.0002414755
0.17 0.0005979806
0.18 0.0004011166
0.19 -0.0003853074
0.2 -4.259136e-05
0.21 -0.0001078753
0.22 4.51207e-05
0.23 0.0001471167
0.24 0.0002735927
0.25 0.0001185488
0.26 -7.935152e-06
0.27 -7.831911e-05
0.28 -0.000123203
0.29 -0.000411867
0.3 -8.547097e-05
0.31 0.0003857651
0.32 -5.997886e-05
0.33 -1.102281e-05
0.34 -0.0003578268
0.35 -0.0002619507
0.36 0.0001113653
0.37 0.0005152814
0.38 0.0004204175
0.39 -0.0002680864
0.4 0.0001623496
0.41 2.056573e-05
0.42 0.0001297018
0.43 -8.85821e-05
0.44 -0.000501686
0.45 -0.0003344099
0.46 -0.0005271938
0.47 -0.0001487777
0.48 -0.0001028816
0.49 -2.842557e-05
0.5 7.969054e-05
0.51 -0.0001763333
0.52 7.866274e-05
0.53 0.0001225189
0.54 -0.000127385
0.55 -4.170892e-05
0.56 -0.0001783928
0.57 0.0001480033
0.58 0.0002632594
0.59 -0.0001733045
0.6 6.639168e-05
0.61 0.0001122878
0.62 8.396517e-08
0.63 0.0001816401
0.64 -0.0002039237
0.65 -0.0002294276
0.66 -4.685146e-05
0.67 -0.0005017753
0.68 -0.0003814192
0.69 -0.000455883
0.7 -9.66842e-07
0.71 0.0002040493
0.72 0.0007120054
0.73 -0.0001488783
0.74 0.0001540579
0.75 9.285401e-05
0.76 -0.0005966699
0.77 7.958637e-05
0.78 -0.0002406974
0.79 0.0001530187
0.8 0.0002815349
0.81 -0.0002458088
0.82 0.0001805473
0.83 0.0001938036
0.84 0.0003345597
0.85 -0.000484504
0.86 -0.0004243278
0.87 6.016839e-05
0.88 -0.0005895753
0.89 -0.0003386591
0.9 -0.0003794629
0.91 0.0002600733
0.92 -0.0002540104
0.93 -0.0002183142
0.94 -7.143798e-05
0.95 -0.0003968218
0.96 0.0002641345
0.97 -0.0002805492
0.98 0.000225367
0.99 0.0003957032
1 -0.0002193605
1.01 -9.900418e-05
1.02 8.867209e-05
1.03 0.0001294684
1.04 -0.0002581354
1.05 1.114093e-05
1.06 -0.0002224428
1.07 -0.0002673265
1.08 7.049807e-06
1.09 -0.0006671739
1.1 0.0004619624
1.11 0.0005058187
1.12 0.000390555
1.13 0.0001610513
1.14 0.0004527677
1.15 0.000417064
1.16 -0.0003071397
1.17 0.0001416566
1.18 -4.207012e-06
1.19 9.676933e-05
1.2 -9.907432e-05
1.21 -0.000567258
1.22 0.0001905984
1.23 0.0006006347
1.24 0.0001151111
1.25 0.0002834074
1.26 -0.0002816762
1.27 0.0005792002
1.28 -6.442342e-05
1.29 -0.0005111871
1.3 -0.0004550906
1.31 0.0001191657
1.32 0.0002456422
1.33 0.0002160585
1.34 -0.000355145
1.35 -0.0004041086
1.36 0.0006556677
1.37 0.0002578641
1.38 0.0001171006
1.39 -0.0005306029
1.4 0.0006607534
1.41 0.0004720498
1.42 -0.0002949937
1.43 4.976278e-05
1.44 0.0009259392
1.45 0.0001599157
1.46 0.0004903921
1.47 -9.305141e-05
1.48 -0.0003113349
1.49 -0.0001093785
1.5 9.053801e-05
1.51 5.075448e-05
1.52 -0.000456189
1.53 0.0004658874
1.54 -6.37604e-06
1.55 0.0007769804
1.56 -0.000117563
1.57 0.0006555934
1.58 -0.00021753
1.59 -0.0002297735
1.6 -0.000171637
1.61 0.0001098796
1.62 0.0004597361
1.63 -0.0003797274
1.64 0.0006025292
1.65 -8.90343e-05
1.66 -0.0001604377
1.67 -0.0001094412
1.68 -0.0001553446
1.69 -0.0005072481
1.7 -0.0004287115
1.71 -0.0005276549
1.72 0.0001537017
1.73 0.0001516583
1.74 0.0004280749
1.75 -1.664855e-05
1.76 -0.0004603519
1.77 0.0001985646
1.78 0.0002067212
1.79 -9.522124e-06
1.8 0.0002352745
1.81 -4.420887e-05
1.82 -4.432247e-06
1.83 0.0002587243
1.84 0.000305641
1.85 0.0002485176
1.86 -0.0002451656
1.87 -0.0004879289
1.88 -0.0003298324
1.89 0.0001148843
1.9 0.0002556409
1.91 -0.0004216423
1.92 -0.0004838656
1.93 -8.708899e-05
1.94 -0.0001564523
1.95 0.0002280844
1.96 0.0002056411
1.97 -2.442179e-06
1.98 -0.0006011854
1.99 -0.0004175888
2 9.787975e-06
2.01 0.0007329647
2.02 -0.0002044185
2.03 -0.0004737018
2.04 -6.545081e-06
2.05 0.0005075316
2.06 4.852842e-05
2.07 -0.0003564148
2.08 0.0004830419
2.09 0.0001270587
2.1 0.0007217155
2.11 0.0008420723
2.12 -0.000359491
2.13 -0.0001116341
2.14 -0.0001616173
2.15 -0.001144901
2.16 1.576264e-06
2.17 0.0002116931
2.18 9.94899e-05
2.19 3.624672e-05
2.2 -0.0001748964
2.21 -0.0001116596
2.22 0.0001667972
2.23 0.000650274
2.24 -0.0001881691
2.25 -0.0003381122
2.26 5.050465e-05
2.27 4.948151e-05
2.28 -0.0002014416
2.29 4.233526e-05
2.3 0.0006298521
2.31 0.000424829
2.32 0.0005584459
2.33 7.190284e-05
2.34 -0.0001474002
2.35 -0.0005492834
2.36 -0.0004656464
2.37 4.84305e-05
2.38 0.0002646674
2.39 0.0001035043
2.4 -0.0001729187
2.41 0.0003646182
2.42 0.0006318551
2.43 0.0006359322
2.44 0.0003125891
2.45 4.228611e-05
2.46 5.452308e-05
2.47 0.00021058
2.48 0.000158557
2.49 0.000174874
2.5 -0.000113789
2.51 0.000562468
2.52 -0.0001494949
2.53 -7.605794e-05
2.54 -0.0004259209
2.55 -0.0003116839
2.56 -9.544686e-05
2.57 -0.0004483698
2.58 0.0005685672
2.59 5.652428e-05
2.6 0.0002493013
2.61 -0.0002698816
2.62 -7.608454e-05
2.63 -0.0002250075
2.64 1.468961e-05
2.65 0.0008347667
2.66 -7.756214e-06
2.67 0.0004675609
2.68 0.000370658
2.69 -0.0004830849
2.7 -0.0004739077
2.71 -0.0004820706
2.72 -9.141355e-05
2.73 0.0001054436
2.74 -0.0005238992
2.75 0.0001543978
2.76 0.000118695
2.77 2.383217e-05
2.78 -0.0001944507
2.79 6.156649e-05
2.8 0.0004767036
2.81 -0.0004372191
2.82 0.000610318
2.83 0.0002839152
2.84 -0.0004311075
2.85 -9.247038e-05
2.86 -0.0003393132
2.87 -0.000474976
2.88 0.0007755413
2.89 0.0008306186
2.9 5.949572e-05
2.91 0.000257373
2.92 -0.0004117497
2.93 -0.0005402726
2.94 -0.0002913953
2.95 0.0003665019
2.96 -0.0005270208
2.97 -0.0002669235
2.98 0.0003032538
2.99 -0.0003016089
3 7.680838e-05
3.01 3.365679e-06
3.02 -0.000109857
3.03 -0.0005770197
3.04 -0.0004056624
3.05 -0.000145565
3.06 -0.0001200677
3.07 -0.0001904504
3.08 -0.000370993
3.09 0.0001451243
3.1 -0.0002128983
3.11 -0.000375081
3.12 0.0005439364
3.13 7.779373e-05
3.14 -0.0001211089
3.15 -0.0002098515
3.16 5.126588e-05
3.17 0.0007662833
3.18 0.001331361
3.19 0.0007499581
3.2 -4.360449e-05
3.21 0.0005153529
3.22 4.615036e-05
3.23 0.0004776077
3.24 -4.157476e-05
3.25 -0.0001864173
3.26 0.0001624201
3.27 -0.0005026224
3.28 -1.302495e-05
3.29 0.0001328326
3.3 0.0006703699
3.31 0.0002603275
3.32 -0.000361875
3.33 -0.0001803175
3.34 0.0003286599
3.35 0.0004398375
3.36 0.000263375
3.37 -0.0003720874
3.38 2.250025e-06
3.39 0.0002133876
3.4 -0.0004241149
3.41 0.0004316627
3.42 -0.0005077598
3.43 -2.326225e-05
3.44 6.85353e-05
3.45 -0.0004282071
3.46 -3.550954e-05
3.47 -0.000365992
3.48 -0.0001058944
3.49 -0.0001660768
3.5 2.772082e-05
3.51 4.403842e-05
3.52 2.975603e-05
3.53 -7.428635e-05
3.54 -0.0006210087
3.55 -0.0001579311
3.56 -0.0001885335
3.57 0.0001144042
3.58 7.972184e-05
3.59 -0.0006536604
3.6 -0.0002956428
3.61 -0.0006281651
3.62 -0.0001304075
3.63 -0.0002028298
3.64 -0.0002732121
3.65 -7.227443e-05
3.66 -0.0005322967
3.67 -0.000419079
3.68 -0.0004588613
3.69 -0.0004741636
3.7 -0.0002854659
3.71 -4.968136e-06
3.72 -0.0006445104
3.73 -0.0001375726
3.74 -0.0001630749
3.75 -0.0004364371
3.76 -0.0005333394
3.77 -0.0001916416
3.78 -0.0001355438
3.79 -4.374606e-05
3.8 -0.0003772883
3.81 -0.0003303705
3.82 0.0005396873
3.83 0.0001490251
3.84 -0.0001559571
3.85 -0.0004813392
3.86 -0.0004334014
3.87 -0.0004578835
3.88 -1.928573e-05
3.89 -0.0003344679
3.9 -0.00010701
3.91 -0.0001416922
3.92 0.0004397056
3.93 0.0006049436
3.94 0.0004815214
3.95 0.0005875993
3.96 0.0004957972
3.97 0.000580455
3.98 0.0001173729
3.99 -0.0001009091
4 -0.0005497111
4.01 -0.0002192332
4.02 -4.175535e-05
4.03 -0.0005007574
4.04 0.00101496
4.05 0.001258739
4.06 0.0003937764
4.07 0.0006130745
4.08 0.0005018924
4.09 0.0005610503
4.1 0.0005518682
4.11 0.0004121262
4.12 -0.0004487557
4.13 -0.0004130577
4.14 -0.0004681397
4.15 -0.0002947417
4.16 0.0005640962
4.17 0.0004957543
4.18 0.001014932
4.19 0.0006069303
4.2 0.0005396084
4.21 0.0005294064
4.22 0.0005885644
4.23 0.0003825225
4.24 -0.0004140993
4.25 -0.0004416413
4.26 -0.0004253232
4.27 -0.0004345051
4.28 -0.0004487871
4.29 0.000393731
4.3 -6.629084e-05
4.31 0.0004243272
4.32 0.0006395454
4.33 0.0004579835
4.34 0.0006619816
4.35 -8.874024e-05
4.36 -0.0004855221
4.37 -0.000395764
4.38 -0.0005650858
4.39 -0.001442287
4.4 -0.001250529
4.41 -0.0004488113
4.42 4.894687e-05
4.43 0.001429005
4.44 0.001986943
4.45 0.0008802414
4.46 -5.000035e-05
4.47 -0.0006456821
4.48 -0.001384164
4.49 -0.001399466
4.5 -0.001444347
4.51 -0.001330109
4.52 -0.001656511
4.53 -0.001643253
4.54 -0.0002489145
4.55 0.001075043
4.56 0.001677861
4.57 0.001315761
4.58 0.0005935987
4.59 0.0005272968
4.6 0.0005650351
4.61 0.0005354534
4.62 0.0005742117
4.63 4.585004e-05
4.64 -0.001270972
4.65 -0.001928873
4.66 -0.000652855
4.67 -0.0004978166
4.68 0.0002019017
4.69 0.00057318
4.7 0.0006863984
4.71 0.001214756
4.72 0.002450995
4.73 0.002389793
4.74 0.001040332
4.75 -0.0003050498
4.76 -0.001408692
4.77 -0.001465813
4.78 -0.001197555
4.79 -0.0006620562
4.8 -0.0007079577
4.81 0.0007965405
4.82 0.001535019
4.83 0.002778397
4.84 0.002794716
4.85 0.002657014
4.86 0.002419353
4.87 0.0006802513
4.88 0.0006496497
4.89 -8.883175e-05
4.9 -0.0005845533
4.91 -0.001577015
4.92 -0.002250216
4.93 -0.001395458
4.94 -0.001464819
4.95 -0.001254701
4.96 -0.0003601623
4.97 0.0007322563
4.98 0.001442174
4.99 0.002034793
5 0.001022951
5.01 -7.966963e-05
5.02 -0.001199631
5.03 -0.002509313
5.04 -0.001813674
5.05 -0.0007824554
5.06 -0.0003479368
5.07 -0.0006161982
5.08 -0.001419959
5.09 -0.001298582
5.1 -0.0004132225
5.11 -0.0005019639
5.12 3.863474e-05
5.13 -0.0004142466
5.14 -0.000305108
5.15 0.0005139506
5.16 0.0005761693
5.17 -2.869212e-05
5.18 -0.001067054
5.19 -0.002052375
5.2 -0.002976496
5.21 -0.004097477
5.22 -0.003779239
5.23 -0.00107216
5.24 0.001395218
5.25 0.002498857
5.26 0.002486616
5.27 0.002480495
5.28 0.002477434
5.29 0.002911952
5.3 0.00211431
5.31 0.0005843094
5.32 -0.0004122318
5.33 -0.000531573
5.34 -0.0002551543
5.35 0.0004415044
5.36 0.001102463
5.37 0.001719562
5.38 0.002442741
5.39 0.002487619
5.4 0.002473338
5.41 0.002468237
5.42 0.002892556
5.43 0.002540655
5.44 0.0001946535
5.45 -0.002299248
5.46 -0.003854749
5.47 -0.00351101
5.48 -0.003250911
5.49 -0.002233973
5.5 0.0002507463
5.51 0.001695065
5.52 0.002445784
5.53 0.002450883
5.54 0.002521262
5.55 0.001874581
5.56 0.001317659
5.57 -7.770162e-05
5.58 -3.078274e-05
5.59 0.0007087162
5.6 0.000240535
5.61 -0.0004714261
5.62 -0.002123827
5.63 -0.002449208
5.64 -0.00248797
5.65 -0.00187087
5.66 -0.0008671914
5.67 0.0003598675
5.68 0.003249526
5.69 0.004885606
5.7 0.003925784
5.71 0.001359463
5.72 -0.0003633177
5.73 -0.001260918
5.74 -0.00259916
5.75 -0.003504921
5.76 -0.002772561
5.77 -0.002493083
5.78 -0.001705644
5.79 -0.0004592048
5.8 3.855415e-05
5.81 0.0005597732
5.82 -0.001875987
5.83 -0.005908049
5.84 -0.007309529
5.85 -0.00624465
5.86 -0.004760552
5.87 -0.002651192
5.88 -0.0008641536
5.89 -0.0005193944
5.9 -0.002026955
5.91 -0.0008712963
5.92 0.001191143
5.93 0.001436962
5.94 0.001532841
5.95 0.0008035399
5.96 0.000561799
5.97 0.001435938
5.98 0.001894938
5.99 0.001492036
6 0.002211136
6.01 4.363466e-05
6.02 -0.0005296062
6.03 0.0005199729
6.04 0.0005577121
6.05 0.001441031
6.06 0.00196021
6.07 0.00305671
6.08 0.004029789
6.09 0.004424528
6.1 0.004320487
6.11 0.002127486
6.12 -0.0003674346
6.13 -0.002258515
6.14 -0.003054116
6.15 -0.001616937
6.16 -0.0004673977
6.17 -0.001297678
6.18 -0.00433932
6.19 -0.00532872
6.2 -0.00373752
6.21 -8.694163e-05
6.22 0.002083617
6.23 0.004889637
6.24 0.007578356
6.25 0.008125075
6.26 0.006568554
6.27 0.002918994
6.28 -0.001134487
6.29 -0.006022328
6.3 -0.008473388
6.31 -0.005938689
6.32 -0.002727729
6.33 -0.002487011
6.34 0.0001782489
6.35 0.002384508
6.36 0.003295368
6.37 0.001617467
6.38 0.001003426
6.39 0.003154605
6.4 0.002769045
6.41 2.804263e-06
6.42 -0.001650616
6.43 -0.001588397
6.44 -0.002585957
6.45 -0.002361559
6.46 -0.000921319
6.47 0.00117376
6.48 0.00124516
6.49 0.0005372792
6.5 0.002035659
6.51 0.004190918
6.52 0.005346577
6.53 0.005223157
6.54 0.003590136
6.55 -0.0001512244
6.56 -0.004975824
6.57 -0.006421165
6.58 -0.004868725
6.59 -0.004343426
6.6 -0.005151267
6.61 -0.004890147
6.62 -0.002570668
6.63 0.0006168312
6.64 0.003867571
6.65 0.00548835
6.66 0.00672459
6.67 0.005802509
6.68 0.002309009
6.69 -0.002704292
6.7 -0.006847532
6.71 -0.006903633
6.72 -0.004453593
6.73 -0.002524774
6.74 -0.002534975
6.75 -0.002626775
6.76 -0.003623315
6.77 -0.002681855
6.78 0.0007463636
6.79 0.004655003
6.8 0.006016702
6.81 0.005696422
6.82 0.006090141
6.83 0.005401642
6.84 0.003564621
6.85 0.0003638605
6.86 -0.00393748
6.87 -0.00726982
6.88 -0.006700661
6.89 -0.002997041
6.9 0.0001914784
6.91 0.001985658
6.92 0.0001282377
6.93 -0.001794462
6.94 -0.0008570832
6.95 0.002120296
6.96 0.004202116
6.97 0.003777796
6.98 0.002495655
6.99 0.001890795
7 0.002013194
7.01 0.0004270943
7.02 -0.0005194661
7.03 -0.0007632464
7.04 -0.001641466
7.05 -0.002645147
7.06 -0.001894428
7.07 -0.001577207
7.08 -0.0008866682
7.09 0.0005749916
7.1 -0.0004694888
7.11 -0.003335689
7.12 -0.00449237
7.13 -0.002304469
7.14 0.00031999
7.15 -0.0009570502
7.16 -0.00262373
7.17 -0.0007061308
7.18 0.002136609
7.19 0.003958328
7.2 0.006624608
7.21 0.006583808
7.22 0.002925068
7.23 0.0006484276
7.24 -4.517262e-05
7.25 -0.002169833
7.26 -0.004604573
7.27 -0.004884053
7.28 -0.004497474
7.29 -0.0009927539
7.3 0.004086846
7.31 0.004360206
7.32 0.0008544655
7.33 -0.002373834
7.34 -0.004047655
7.35 -0.002962375
7.36 -0.0006112752
7.37 0.001491965
7.38 0.0005800844
7.39 -0.0005827158
7.4 -0.001271216
7.41 -0.002701256
7.42 -0.002248376
7.43 5.478353e-05
7.44 0.001717383
7.45 0.003861423
7.46 0.004321443
7.47 0.002716983
7.48 0.001750022
7.49 0.0007616426
7.5 -0.0002563175
7.51 -0.0006367776
7.52 -0.001051917
7.53 -0.002814478
7.54 -0.004125178
7.55 -0.003403018
7.56 -0.002564578
7.57 -0.002366698
7.58 0.0007381816
7.59 0.004904881
7.6 0.008002621
7.61 0.009946742
7.62 0.01124214
7.63 0.008731922
7.64 0.004978321
7.65 0.001390981
7.66 -0.001913819
7.67 -0.003230639
7.68 -0.002988899
7.69 -0.0001328992
7.7 0.00154296
7.71 0.0006168007
7.72 -0.0006286193
7.73 0.0017847
7.74 0.00582084
7.75 0.00911952
7.76 0.009511201
7.77 0.005129281
7.78 -0.0003185395
7.79 -0.00263394
7.8 -0.004723919
7.81 -0.007799219
7.82 -0.00852342
7.83 -0.008331661
7.84 -0.008528519
7.85 -0.007673759
7.86 -0.005781659
7.87 -0.003164339
7.88 -0.0008060995
7.89 -0.00109068
7.9 -0.00176082
7.91 -0.0007479593
7.92 0.0004627806
7.93 -0.0002195993
7.94 -0.002503379
7.95 -0.005220658
7.96 -0.008891639
7.97 -0.0097974
7.98 -0.004731059
7.99 0.001754101
8 0.004953841
8.01 0.005541361
8.02 0.006195181
8.03 0.006386941
8.04 0.005713741
8.05 0.007036681
8.06 0.009970203
8.07 0.009097082
8.08 0.005122142
8.09 0.0009258618
8.1 -0.000668398
8.11 0.001766342
8.12 0.004033803
8.13 0.004418343
8.14 0.003673743
8.15 0.001062543
8.16 -0.001765917
8.17 -0.001038657
8.18 0.001286943
8.19 6.600314e-05
8.2 -0.001690436
8.21 -0.001960736
8.22 -0.003397916
8.23 -0.004432196
8.24 -0.002815496
8.25 -0.003188816
8.26 -0.004659655
8.27 -0.006056035
8.28 -0.005836735
8.29 -0.004235335
8.3 -0.002899135
8.31 -0.001243675
8.32 -0.0006836947
8.33 -0.003247975
8.34 -0.006604795
8.35 -0.006461994
8.36 -0.001347714
8.37 0.005166006
8.38 0.006629706
8.39 0.004011367
8.4 0.001597027
8.41 0.001545007
8.42 0.002478307
8.43 0.003412627
8.44 0.003279008
8.45 0.003566648
8.46 0.004272488
8.47 0.004431608
8.48 0.003716588
8.49 0.003386108
8.5 0.005035451
8.51 0.00705709
8.52 0.00889309
8.53 0.009165431
8.54 0.00568621
8.55 -0.00113963
8.56 -0.004811629
8.57 -0.004488289
8.58 -0.004510729
8.59 -0.004379149
8.6 -0.005566428
8.61 -0.007285127
8.62 -0.006191687
8.63 -0.003038867
8.64 -0.0008397471
8.65 -0.0004429667
8.66 0.001056434
8.67 0.0009370938
8.68 -0.0002522259
8.69 -0.0006388054
8.7 -1.864524e-05
8.71 -0.001171245
8.72 -0.003109245
8.73 -0.001889324
8.74 0.000215956
8.75 -0.0003317836
8.76 -0.003348944
8.77 -0.004405663
8.78 -0.002719603
8.79 0.0007371776
8.8 0.001390998
8.81 0.0003699784
8.82 0.0004893187
8.83 0.0002077991
8.84 -0.00227386
8.85 -0.00350806
8.86 -0.004046619
8.87 -0.004175139
8.88 -0.003717159
8.89 -0.001075358
8.9 0.001678642
8.91 0.000966682
8.92 -0.0004327577
8.93 -0.0005500573
8.94 0.000722903
8.95 0.0007004635
8.96 0.0008901838
8.97 -7.779579e-05
8.98 -0.0005633154
8.99 0.0006249849
9 0.001858166
9.01 0.003300446
9.02 0.006102386
9.03 0.007224387
9.04 0.005700507
9.05 0.002341648
9.06 -0.001665932
9.07 -0.003569252
9.08 -0.004532131
9.09 -0.004328131
9.1 -0.00289707
9.11 -0.0001828501
9.12 0.00215805
9.13 0.001847971
9.14 0.0007606512
9.15 0.0003567316
9.16 0.002853692
9.17 0.006116673
9.18 0.007937373
9.19 0.007574254
9.2 0.003859414
9.21 -0.0005857457
9.22 -0.005160445
9.23 -0.008043985
9.24 -0.008396904
9.25 -0.006689424
9.26 -0.004829963
9.27 -0.004328123
9.28 -0.002805262
9.29 0.001045238
9.3 0.005217039
9.31 0.006172777
9.32 0.0046234
9.33 0.0008085999
9.34 -0.002697139
9.35 -0.007221859
9.36 -0.0112682
9.37 -0.0105746
9.38 -0.006845477
9.39 -0.002036177
9.4 0.001805143
9.41 0.003969583
9.42 0.005614844
9.43 0.010417
9.44 0.0134515
9.45 0.01108613
9.46 0.004411246
9.47 -0.001766893
9.48 -0.005475613
9.49 -0.005643912
9.5 -0.002815452
9.51 -0.002720591
9.52 -0.005237951
9.53 -0.00649051
9.54 -0.003665109
9.55 0.002341671
9.56 0.007924132
9.57 0.01262633
9.58 0.01349334
9.59 0.009437813
9.6 0.003163794
9.61 -0.002726705
9.62 -0.006950525
9.63 -0.008945644
9.64 -0.008594765
9.65 -0.009536224
9.66 -0.01033284
9.67 -0.008577423
9.68 -0.005817302
9.69 -0.004984982
9.7 -0.003174481
9.71 -0.0008407203
9.72 -0.0006071397
9.73 -0.0005744991
9.74 -0.0006479386
9.75 -0.000550018
9.76 -0.0006275374
9.77 0.001769463
9.78 0.005746443
9.79 0.009660184
9.8 0.01111062
9.81 0.01011714
9.82 0.009571446
9.83 0.004391886
9.84 -0.003451913
9.85 -0.007308532
9.86 -0.004398472
9.87 0.003125049
9.88 0.00584029
9.89 0.00538843
9.9 0.003899231
9.91 0.0004251113
9.92 0.001735812
9.93 0.005807652
9.94 0.008376013
9.95 0.005036533
9.96 -0.0001664857
9.97 -0.001651605
9.98 0.0001996955
9.99 0.001127896
10 -0.001376203
10.01 -0.005060443
10.02 -0.008209183
10.03 -0.008414201
10.04 -0.006697541
10.05 -0.00380278
10.06 -0.004313799
10.07 -0.007969478
10.08 -0.01124776
10.09 -0.01068574
10.1 -0.008900737
10.11 -0.007654297
10.12 -0.006500676
10.13 -0.006490475
10.14 -0.006553714
10.15 -0.003991474
10.16 0.0003047667
10.17 0.003002668
10.18 0.004892727
10.19 0.008236288
10.2 0.01437669
10.21 0.01650237
10.22 0.01147071
10.23 0.005107951
10.24 0.001158512
10.25 -0.0004418675
10.26 -0.0005989468
10.27 0.001043254
10.28 0.002292755
10.29 0.0006066951
10.3 0.0008198759
10.31 0.001953096
10.32 0.002391697
10.33 0.001443098
10.34 -0.001044682
10.35 -0.002760321
10.36 -0.00488294
10.37 -0.004862539
10.38 -0.004646299
10.39 -0.003944538
10.4 -0.003788477
10.41 -0.006264016
10.42 -0.007748116
10.43 -0.006108976
10.44 -0.002167695
10.45 0.001831726
10.46 0.004912127
10.47 0.005194667
10.48 0.006247307
10.49 0.01048847
10.5 0.01476227
10.51 0.01424921
10.52 0.00782321
10.53 0.0002905112
10.54 -0.003537548
10.55 -0.004649347
10.56 -0.004055706
10.57 -0.003467166
10.58 -0.004197485
10.59 -0.003474305
10.6 -0.002765404
10.61 -0.001352703
10.62 0.003405597
10.63 0.006917458
10.64 0.004778519
10.65 0.0008341796
10.66 -0.0009314399
10.67 0.0001773009
10.68 0.0005608215
10.69 -0.003743578
10.7 -0.009843178
10.71 -0.01250232
10.72 -0.0106551
10.73 -0.007081015
10.74 -0.0008569743
10.75 0.007227546
10.76 0.01180225
10.77 0.01247851
10.78 0.01148503
10.79 0.006428889
10.8 0.00116365
10.81 -0.001743349
10.82 -0.003253968
10.83 -0.003387588
10.84 -0.002637887
10.85 -0.001000787
10.86 0.001585934
10.87 0.006452355
10.88 0.01087201
10.89 0.007925236
10.9 0.000983117
10.91 -0.0005356623
10.92 0.001398258
10.93 0.002207119
10.94 -0.0006203201
10.95 -0.00586006
10.96 -0.009871719
10.97 -0.01001349
10.98 -0.007057537
10.99 -0.003207036
11 -0.001665815
11.01 -0.002888795
11.02 -0.003548735
11.03 -0.001376134
11.04 0.002820147
11.05 0.006410548
11.06 0.006562529
11.07 -0.0002684107
11.08 -0.008326411
11.09 -0.00954429
11.1 -0.008440648
11.11 -0.006304768
11.12 -0.001449567
11.13 0.004319554
11.14 0.006195335
11.15 0.004964193
11.16 0.003644315
11.17 0.0007097765
11.18 -0.001910603
11.19 0.001632878
11.2 0.007026639
11.21 0.00588322
11.22 0.00330874
11.23 0.00450724
11.24 0.006769601
11.25 0.005571102
11.26 0.002698783
11.27 -0.0006274362
11.28 -0.003860835
11.29 -0.004724775
11.3 -0.002761274
11.31 5.494669e-05
11.32 0.001268747
11.33 -0.0006845517
11.34 -0.004431011
11.35 -0.00319171
11.36 0.00180323
11.37 0.003183291
11.38 0.001518652
11.39 0.0002018326
11.4 0.002627393
11.41 0.004205334
11.42 0.0003109748
11.43 -0.002415485
11.44 -0.0009497439
11.45 0.0007883369
11.46 0.0001702176
11.47 -0.003049921
11.48 -0.0069708
11.49 -0.00693816
11.5 -0.00256848
11.51 0.001823641
11.52 0.002530502
11.53 -0.003008097
11.54 -0.007301276
11.55 -0.007599115
11.56 -0.006883074
11.57 -0.001946275
11.58 0.004494006
11.59 0.006134167
11.6 0.004521548
11.61 0.002413209
11.62 0.0007954894
11.63 0.00128305
11.64 0.002368331
11.65 0.001521731
11.66 -0.0003938277
11.67 -2.560697e-05
11.68 0.003753494
11.69 0.007510154
11.7 0.009828615
11.71 0.01038757
11.72 0.006376936
11.73 0.004132937
11.74 0.003043578
11.75 -0.001127201
11.76 -0.00592528
11.77 -0.007898979
11.78 -0.008208038
11.79 -0.004897118
11.8 -0.001053758
11.81 -0.0008987167
11.82 -0.001540296
11.83 -0.001878935
11.84 -0.002565394
11.85 -0.002762253
11.86 -0.004333053
11.87 -0.007949971
11.88 -0.01005729
11.89 -0.009393271
11.9 -0.00839163
11.91 -0.007363469
11.92 -0.006685168
11.93 -0.007491988
11.94 -0.005139866
11.95 0.0007740934
11.96 0.009003455
11.97 0.01453185
11.98 0.01487151
11.99 0.013978
12 0.01224502
12.01 0.008805577
12.02 0.006296378
12.03 0.005178458
12.04 0.00537124
12.05 0.005630321
12.06 0.002688641
12.07 -0.0003274979
12.08 -0.0008782972
12.09 -0.0009955965
12.1 0.001262684
12.11 0.003870825
12.12 0.003784125
12.13 0.0001906663
12.14 -0.004002553
12.15 -0.003481332
12.16 0.001452409
12.17 0.00412787
12.18 0.002468329
12.19 0.00236123
12.2 0.001540131
12.21 -0.002587808
12.22 -0.007745947
12.23 -0.01123231
12.24 -0.01062133
12.25 -0.004889945
12.26 -0.0001102244
12.27 0.0002304562
12.28 -0.001217943
12.29 -0.004002543
12.3 -0.006093542
12.31 -0.005546821
12.32 -0.00567126
12.33 -0.006373019
12.34 -0.002969278
12.35 0.003465901
12.36 0.007025702
12.37 0.006641163
12.38 0.005631364
12.39 0.004479785
12.4 0.003089525
12.41 0.002315346
12.42 0.002755987
12.43 0.002284748
12.44 0.001106648
12.45 -0.001932952
12.46 -0.006006831
12.47 -0.008156991
12.48 -0.007901988
12.49 -0.005608008
12.5 -0.004177968
12.51 -0.003682247
12.52 -2.656633e-05
12.53 0.006551414
12.54 0.01105574
12.55 0.01216754
12.56 0.01384238
12.57 0.01504291
12.58 0.01288867
12.59 0.009050419
12.6 0.004668499
12.61 0.00152894
12.62 -0.0004284395
12.63 -0.005926238
12.64 -0.01130572
12.65 -0.01234101
12.66 -0.009928717
12.67 -0.004758336
12.68 0.001592185
12.69 0.005567125
12.7 0.002051186
12.71 -0.002970273
12.72 -0.002993732
12.73 -0.0008088922
12.74 -0.001187312
12.75 -0.001604491
12.76 2.648979e-05
12.77 -0.00205533
12.78 -0.006555569
12.79 -0.008946448
12.8 -0.009605368
12.81 -0.009149427
12.82 -0.008634327
12.83 -0.009905246
12.84 -0.01054784
12.85 -0.007828524
12.86 -0.002991684
12.87 0.002479597
12.88 0.006111818
12.89 0.005575298
12.9 0.003503679
12.91 0.0023317
12.92 0.004098341
12.93 0.00531112
12.94 0.005347841
12.95 0.006857443
12.96 0.006765642
12.97 0.003558763
12.98 -0.000191776
12.99 0.0005110046
13 0.001244385
13.01 0.0002131658
13.02 -8.773349e-05
13.03 0.001202567
13.04 0.002478588
13.05 0.003474108
13.06 0.004239109
13.07 0.004906189
13.08 0.00477257
13.09 0.001965531
13.1 0.001332111
13.11 0.0007547921
13.12 -0.001947187
13.13 -0.004274827
13.14 -0.004411506
13.15 -0.003007985
13.16 -0.001873745
13.17 -0.001509604
13.18 -0.002122623
13.19 -0.002730542
13.2 -0.002253183
13.21 -0.002262362
13.22 -0.002448001
13.23 -0.001546321
13.24 -0.0021012
13.25 -0.002765219
13.26 -0.001716659
13.27 -0.0005946582
13.28 -0.0005456977
13.29 -0.000757857
13.3 -0.001648316
13.31 -0.002640776
13.32 -0.002389855
13.33 -0.003376194
13.34 -0.004474734
13.35 -0.005121412
13.36 -0.005056133
13.37 -0.003301733
13.38 -0.001210732
13.39 0.001673829
13.4 0.002499009
13.41 0.00221851
13.42 0.00299371
13.43 0.003363971
13.44 0.003402732
13.45 0.004996992
13.46 0.006432133
13.47 0.005914993
13.48 0.003686294
13.49 -0.0002488656
13.5 -0.002736645
13.51 -0.003063044
13.52 -0.001713584
13.53 -0.002285804
13.54 -0.001737043
13.55 0.001010837
13.56 0.001989018
13.57 0.002916199
13.58 0.004113679
13.59 0.00585074
13.6 0.00694826
13.61 0.007185921
13.62 0.005626341
13.63 0.002855002
13.64 -0.003434317
13.65 -0.01069876
13.66 -0.01111899
13.67 -0.004466556
13.68 0.0001999445
13.69 0.0006711851
13.7 -0.003353734
13.71 -0.008022275
13.72 -0.008241573
13.73 -0.007324592
13.74 -0.004579772
13.75 -0.001887991
13.76 0.0003947687
13.77 0.005244869
13.78 0.009407489
13.79 0.008206951
13.8 0.00354555
13.81 -0.0002294688
13.82 0.001201591
13.83 0.004328912
13.84 0.002760152
13.85 -0.001039347
13.86 -0.0007364063
13.87 0.003861754
13.88 0.006983974
13.89 0.007280795
13.9 0.006773855
13.91 0.005331576
13.92 0.002744856
13.93 0.001775857
13.94 0.0006905774
13.95 0.0004263979
13.96 -0.0002264016
13.97 -8.156117e-05
13.98 0.0005844992
13.99 0.0026296
14 0.006836079
14.01 0.008334462
14.02 0.007478681
14.03 0.003770982
14.04 -0.001204578
14.05 -0.003208878
14.06 -0.002798837
14.07 -0.002639717
14.08 -0.005907796
14.09 -0.009763397
14.1 -0.01162082
14.11 -0.007424535
14.12 0.001454566
14.13 0.007594966
14.14 0.007074766
14.15 0.002247107
14.16 0.0003325672
14.17 -0.0007088522
14.18 -0.002159292
14.19 -0.004284972
14.2 -0.003866771
14.21 -0.004052411
14.22 -0.00684109
14.23 -0.00913507
14.24 -0.009268691
14.25 -0.007833549
14.26 -0.004976529
14.27 -0.003463868
14.28 -0.003695408
14.29 -0.003853508
14.3 -0.003526087
14.31 -0.002037907
14.32 -0.001968547
14.33 -0.004089126
14.34 -0.008066105
14.35 -0.01043862
14.36 -0.01012038
14.37 -0.007147084
14.38 -0.001810443
14.39 0.003089636
14.4 0.006031316
14.41 0.007470537
14.42 0.006464817
14.43 0.005215317
14.44 0.004117799
14.45 0.004091279
14.46 0.005996639
14.47 0.008734321
14.48 0.0119106
14.49 0.009813481
14.5 0.003552721
14.51 -0.002811059
14.52 -0.006096479
14.53 -0.004722539
14.54 -0.003874918
14.55 -0.005756818
14.56 -0.006973678
14.57 -0.005886357
14.58 -0.002935497
14.59 0.0002581235
14.6 0.002102283
14.61 0.004096384
14.62 0.004228984
14.63 0.003404824
14.64 0.003343625
14.65 0.003473166
14.66 0.002667366
14.67 0.001120026
14.68 -0.0007700337
14.69 -0.002989553
14.7 -0.004269653
14.71 -0.005984273
14.72 -0.006995093
14.73 -0.005829232
14.74 -0.005303932
14.75 -0.003075232
14.76 0.002851988
14.77 0.008428328
14.78 0.009543189
14.79 0.007675569
14.8 0.00663313
14.81 0.00408007
14.82 0.0009486704
14.83 -0.002917129
14.84 -0.004411429
14.85 -0.0009781089
14.86 0.002147171
14.87 0.002541911
14.88 0.004173911
14.89 0.007229832
14.9 0.007696992
14.91 0.005014393
14.92 0.002644933
14.93 0.002986633
14.94 0.003650653
14.95 0.003959714
14.96 0.004311614
14.97 0.006758594
14.98 0.008459955
14.99 0.007732694
15 0.003812834
15.01 -0.001144365
15.02 -0.003527085
15.03 -0.007594844
15.04 -0.01169117
15.05 -0.01537235
15.06 -0.01865267
15.07 -0.02153213
15.08 -0.02299582
15.09 -0.02080996
15.1 -0.01475014
15.11 -0.007860043
15.12 -0.002806963
15.13 0.001827917
15.14 0.002553138
15.15 0.002517438
15.16 0.004150458
15.17 0.006141498
15.18 0.008109078
15.19 0.01013072
15.2 0.01355384
15.21 0.01419848
15.22 0.01321418
15.23 0.01326416
15.24 0.0132764
15.25 0.01317848
15.26 0.01391186
15.27 0.01366196
15.28 0.01091
15.29 0.00620066
15.3 0.00325592
15.31 0.00368534
15.32 0.00451052
15.33 0.003122301
15.34 -0.000485439
15.35 -0.003058899
15.36 -0.004527699
15.37 -0.003623979
15.38 -0.0006119185
15.39 -0.001538078
15.4 -0.0006945382
15.41 1.844187e-05
15.42 -0.001631918
15.43 0.001208782
15.44 0.006501562
15.45 0.0120881
15.46 0.01242368
15.47 0.008678244
15.48 0.001213882
15.49 -0.006574837
15.5 -0.007699897
15.51 -0.001048477
15.52 0.007058483
15.53 0.01011644
15.54 0.009755363
15.55 0.009973644
15.56 0.01168826
15.57 0.01106096
15.58 0.005029704
15.59 -0.003967717
15.6 -0.01035189
15.61 -0.01285803
15.62 -0.01320993
15.63 -0.01245004
15.64 -0.01039066
15.65 -0.008512837
15.66 -0.006540155
15.67 -0.006307596
15.68 -0.005559936
15.69 -0.004001376
15.7 -0.001608456
15.71 0.001914624
15.72 0.004452384
15.73 0.004369764
15.74 0.0008375043
15.75 -0.003722916
15.76 -0.007720295
15.77 -0.009314556
15.78 -0.008587296
15.79 -0.008228257
15.8 -0.0122644
15.81 -0.01770202
15.82 -0.02004087
15.83 -0.01686255
15.84 -0.009135037
15.85 -0.002059296
15.86 0.0008497444
15.87 -0.0002426757
15.88 -0.003720876
15.89 -0.007154195
15.9 -0.008581175
15.91 -0.008300676
15.92 -0.006350436
15.93 -0.005408976
15.94 -0.006217835
15.95 -0.006101556
15.96 -0.002884476
15.97 0.001467864
15.98 0.005865084
15.99 0.01092021
16 0.014684
16.01 0.01478396
16.02 0.01199324
16.03 0.009547283
16.04 0.008469145
16.05 0.007941804
16.06 0.006151703
16.07 0.001305684
16.08 -0.003811656
16.09 -0.007544857
16.1 -0.008102796
16.11 -0.004350216
16.12 0.003374243
16.13 0.01229312
16.14 0.0185396
16.15 0.02188826
16.16 0.02219834
16.17 0.0197177
16.18 0.01415258
16.19 0.008156004
16.2 0.002937682
16.21 -0.002273498
16.22 -0.005612978
16.23 -0.006378998
16.24 -0.005504858
16.25 -0.003598478
16.26 -0.003359798
16.27 -0.004387959
16.28 -0.005847578
16.29 -0.005140718
16.3 0.0002122412
16.31 0.005903841
16.32 0.00766028
16.33 0.004819581
16.34 -0.0015697
16.35 -0.009130959
16.36 -0.01739602
16.37 -0.02490934
16.38 -0.03013786
16.39 -0.03011236
16.4 -0.02553052
16.41 -0.01809982
16.42 -0.01192678
16.43 -0.007027721
16.44 -0.0009638211
16.45 0.006321018
16.46 0.01247162
16.47 0.01345592
16.48 0.0132509
16.49 0.01160564
16.5 0.008040739
16.51 0.003415037
16.52 -0.003152742
16.53 -0.009481842
16.54 -0.01228582
16.55 -0.008984083
16.56 -0.001233104
16.57 0.007569496
16.58 0.01625581
16.59 0.02168629
16.6 0.02331625
16.61 0.02185357
16.62 0.01890169
16.63 0.01772359
16.64 0.02040313
16.65 0.02307656
16.66 0.0235529
16.67 0.01993292
16.68 0.01294694
16.69 0.008692514
16.7 0.003118213
16.71 -0.002443846
16.72 -0.007413287
16.73 -0.01095065
16.74 -0.009174828
16.75 -0.005924088
16.76 -0.004497108
16.77 -0.007726428
16.78 -0.01269893
16.79 -0.01355981
16.8 -0.01071197
16.81 -0.00622397
16.82 -0.001710469
16.83 0.00133321
16.84 0.002580669
16.85 0.0006253293
16.86 -0.001927731
16.87 -0.003175191
16.88 -0.004404292
16.89 -0.004194172
16.9 -0.002686612
16.91 0.001654507
16.92 0.005344867
16.93 0.004333027
16.94 0.002300166
16.95 0.002412366
16.96 0.002446026
16.97 0.0008762455
16.98 -0.001895095
16.99 -0.007694815
17 -0.01360877
17.01 -0.01387091
17.02 -0.009955137
17.03 -0.008111997
17.04 -0.01275401
17.05 -0.01917185
17.06 -0.02322533
17.07 -0.02621598
17.08 -0.02809992
17.09 -0.0292158
17.1 -0.02919744
17.11 -0.02814072
17.12 -0.02373024
17.13 -0.01625262
17.14 -0.01006326
17.15 -0.0053529
17.16 -0.0001274413
17.17 0.004450318
17.18 0.006389337
17.19 0.006478077
17.2 0.009776758
17.21 0.01293774
17.22 0.01336715
17.23 0.01428515
17.24 0.01535717
17.25 0.01543265
17.26 0.01101299
17.27 0.003561895
17.28 -0.0008740862
17.29 -0.002162346
17.3 -0.002921227
17.31 -0.003057907
17.32 -0.001398368
17.33 0.002590851
17.34 0.006875871
17.35 0.01018067
17.36 0.01298159
17.37 0.01654241
17.38 0.02055101
17.39 0.02374769
17.4 0.02269913
17.41 0.01728802
17.42 0.01021228
17.43 0.001911527
17.44 -0.006803353
17.45 -0.01385666
17.46 -0.01689218
17.47 -0.0149552
17.48 -0.01014488
17.49 -0.004695015
17.5 -0.0007425162
17.51 0.002699983
17.52 0.005626363
17.53 0.008275302
17.54 0.0102031
17.55 0.009525821
17.56 0.004961321
17.57 -0.001765579
17.58 -0.00591494
17.59 -0.00821708
17.6 -0.007864161
17.61 -0.007413321
17.62 -0.006250522
17.63 -0.006446362
17.64 -0.002501004
17.65 0.005197956
17.66 0.009017855
17.67 0.007934615
17.68 0.002896834
17.69 -0.003850466
17.7 -0.008861726
17.71 -0.009050427
17.72 -0.006965547
17.73 -0.0008445281
17.74 0.004939892
17.75 0.00620163
17.76 0.008592511
17.77 0.01254093
17.78 0.01662195
17.79 0.02170359
17.8 0.02352021
17.81 0.02032761
17.82 0.01557033
17.83 0.01323861
17.84 0.01129143
17.85 0.007482745
17.86 0.001004725
17.87 -0.006991055
17.88 -0.01557946
17.89 -0.02034082
17.9 -0.020962
17.91 -0.01658926
17.92 -0.008541459
17.93 -0.001885959
17.94 0.005130619
17.95 0.0112088
17.96 0.01296422
17.97 0.007393998
17.98 0.0009863571
17.99 -0.0006293235
18 0.002582656
18.01 0.007704075
18.02 0.01356806
18.03 0.01926884
18.04 0.02137616
18.05 0.018359
18.06 0.01059884
18.07 0.001903331
18.08 -0.003523069
18.09 -0.005095909
18.1 -0.002693811
18.11 0.002374569
18.12 0.007452128
18.13 0.008525168
18.14 0.001512667
18.15 -0.007540853
18.16 -0.01183608
18.17 -0.01326714
18.18 -0.015249
18.19 -0.01938102
18.2 -0.02630274
18.21 -0.0326961
18.22 -0.03335094
18.23 -0.02681274
18.24 -0.01755726
18.25 -0.00811104
18.26 -0.001098542
18.27 0.001177078
18.28 0.004457396
18.29 0.009427856
18.3 0.009589016
18.31 0.002429635
18.32 -0.007073705
18.33 -0.01214412
18.34 -0.01226244
18.35 -0.01286934
18.36 -0.0146676
18.37 -0.01146175
18.38 -0.00473791
18.39 0.003161989
18.4 0.01013572
18.41 0.009711407
18.42 0.003554687
18.43 -0.004086134
18.44 -0.01031834
18.45 -0.0149267
18.46 -0.01885472
18.47 -0.02115176
18.48 -0.0225104
18.49 -0.02084882
18.5 -0.01238486
18.51 0.0009526604
18.52 0.01345888
18.53 0.02270722
18.54 0.02872012
18.55 0.0330031
18.56 0.03505534
18.57 0.035599
18.58 0.03460042
18.59 0.03050919
18.6 0.02125371
18.61 0.01022139
18.62 0.002694812
18.63 -0.002193029
18.64 -0.00730221
18.65 -0.01270923
18.66 -0.01293261
18.67 -0.008481333
18.68 -0.002483733
18.69 0.000287606
18.7 -0.001794214
18.71 -0.006124115
18.72 -0.009553357
18.73 -0.01040913
18.74 -0.007779578
18.75 -0.005590658
18.76 -0.00592114
18.77 -0.006080261
18.78 -0.002741801
18.79 0.002282718
18.8 0.006746237
18.81 0.01128013
18.82 0.01372813
18.83 0.01265101
18.84 0.01014079
18.85 0.01004083
18.86 0.009288072
18.87 0.006661571
18.88 0.00204811
18.89 -0.0003825507
18.9 0.002410208
18.91 0.007225627
18.92 0.01098738
18.93 0.01584564
18.94 0.01966962
18.95 0.01658208
18.96 0.006620763
18.97 -0.006789178
18.98 -0.01652406
18.99 -0.01958406
19 -0.01631496
19.01 -0.00792444
19.02 0.0007792179
19.03 0.006665637
19.04 0.01343028
19.05 0.02089668
19.06 0.02498993
19.07 0.02339159
19.08 0.01694111
19.09 0.01074155
19.1 0.00710831
19.11 0.006042409
19.12 0.003755568
19.13 -0.0009088921
19.14 -0.008138654
19.15 -0.01651081
19.16 -0.02242885
19.17 -0.02623447
19.18 -0.02425159
19.19 -0.01673114
19.2 -0.005591718
19.21 0.00381778
19.22 0.006205599
19.23 -0.001764681
19.24 -0.01320908
19.25 -0.01994006
19.26 -0.0225278
19.27 -0.02222792
19.28 -0.02223914
19.29 -0.0206153
19.3 -0.01572746
19.31 -0.006277169
19.32 0.00389019
19.33 0.01182477
19.34 0.01594761
19.35 0.01613937
19.36 0.01177071
19.37 0.004348165
19.38 -0.0007987558
19.39 -0.003697597
19.4 -0.006330218
19.41 -0.007804119
19.42 -0.009073
19.43 -0.009157661
19.44 -0.005794722
19.45 -0.002433822
19.46 8.965639e-05
19.47 0.002386696
19.48 0.001926675
19.49 0.001806314
19.5 0.001177992
19.51 0.001979711
19.52 0.00385549
19.53 0.006543189
19.54 0.008742308
19.55 0.009452227
19.56 0.01079658
19.57 0.008429166
19.58 0.005834284
19.59 0.0005272233
19.6 -0.003620098
19.61 -0.002745959
19.62 4.374025e-05
19.63 0.001407479
19.64 0.0006394182
19.65 0.0001569571
19.66 -0.001464844
19.67 -0.007325765
19.68 -0.01609267
19.69 -0.02533387
19.7 -0.03143551
19.71 -0.03145081
19.72 -0.02610703
19.73 -0.01439335
19.74 -0.002464452
19.75 0.004152287
19.76 0.005270206
19.77 0.004623525
19.78 0.004702064
19.79 0.008361823
19.8 0.0142462
19.81 0.0178468
19.82 0.01944106
19.83 0.01774275
19.84 0.01090467
19.85 0.002586576
19.86 -0.002378785
19.87 -0.004595246
19.88 -0.003958767
19.89 -0.001038508
19.9 0.004512331
19.91 0.01201137
19.92 0.01812524
19.93 0.01968686
19.94 0.0174602
19.95 0.01540796
19.96 0.01600568
19.97 0.01974092
19.98 0.01768358
19.99 0.01023044
20 0.00312716
20.01 0.0001966988
20.02 0.001540037
20.03 0.0001008167
20.04 -0.005469404
20.05 -0.0126094
20.06 -0.01600294
20.07 -0.01395784
20.08 -0.01230442
20.09 -0.01643236
20.1 -0.02414867
20.11 -0.03109589
20.12 -0.03546863
20.13 -0.03789623
20.14 -0.03472913
20.15 -0.02575313
20.16 -0.01310819
20.17 -0.001642379
20.18 0.00682056
20.19 0.01251828
20.2 0.01249788
20.21 0.006823616
20.22 0.0009351554
20.23 6.9543e-06
20.24 0.006335033
20.25 0.01142076
20.26 0.01236221
20.27 0.009272629
20.28 0.003621829
20.29 0.001752167
20.3 0.0001946264
20.31 0.001813365
20.32 0.006436004
20.33 0.01061189
20.34 0.01120552
20.35 0.006650201
20.36 0.0005832393
20.37 0.0005159182
20.38 0.003531037
20.39 0.004987596
20.4 0.007060234
20.41 0.007331554
20.42 0.009731613
20.43 0.01538853
20.44 0.02067213
20.45 0.02362095
20.46 0.02392389
20.47 0.01990917
20.48 0.01457049
20.49 0.01314656
20.5 0.01317614
20.51 0.01071896
20.52 0.003372921
20.53 -0.00608758
20.54 -0.0152278
20.55 -0.01832962
20.56 -0.01745855
20.57 -0.01462091
20.58 -0.006879106
20.59 0.004089973
20.6 0.01543747
20.61 0.02101279
20.62 0.02367193
20.63 0.02324863
20.64 0.01716636
20.65 0.005124245
20.66 -0.008966035
20.67 -0.01733616
20.68 -0.01912524
20.69 -0.01546548
20.7 -0.00907416
20.71 -0.001445581
20.72 0.005632197
20.73 0.009124677
20.74 0.008639155
20.75 0.006587933
20.76 0.004683593
20.77 0.002137671
20.78 -0.00330097
20.79 -0.01182409
20.8 -0.02060935
20.81 -0.02778301
20.82 -0.03467821
20.83 -0.04080331
20.84 -0.04502306
20.85 -0.04373174
20.86 -0.03590018
20.87 -0.02388458
20.88 -0.008092942
20.89 0.007647696
20.9 0.02001622
20.91 0.02636673
20.92 0.02633715
20.93 0.01948071
20.94 0.009634651
20.95 0.001552169
20.96 -0.002315672
20.97 -0.004134333
20.98 -0.005404234
20.99 -0.003482556
21 0.002131523
21.01 0.01115342
21.02 0.01715102
21.03 0.0180374
21.04 0.01597495
21.05 0.01321891
21.06 0.01288945
21.07 0.01312507
21.08 0.01031191
21.09 0.006009552
21.1 0.00193057
21.11 0.0005647895
21.12 0.002093768
21.13 0.004786567
21.14 0.004900806
21.15 0.004430584
21.16 0.006023823
21.17 0.008967543
21.18 0.01317504
21.19 0.01601472
21.2 0.01606368
21.21 0.01247328
21.22 0.005028295
21.23 -0.005839805
21.24 -0.01367647
21.25 -0.01489537
21.26 -0.01367443
21.27 -0.01490251
21.28 -0.02040541
21.29 -0.02713028
21.3 -0.03251996
21.31 -0.03421928
21.32 -0.03056156
21.33 -0.02073998
21.34 -0.01057976
21.35 -0.00521252
21.36 -0.004721902
21.37 -0.002913443
21.38 0.0007534558
21.39 0.004714115
21.4 0.01049344
21.41 0.01471726
21.42 0.01612179
21.43 0.01143387
21.44 0.001746928
21.45 -0.008070572
21.46 -0.01109691
21.47 -0.007811495
21.48 -0.002916517
21.49 -0.0008540781
21.5 -0.0001992393
21.51 0.0002750595
21.52 8.533824e-05
21.53 0.001335857
21.54 0.004909935
21.55 0.01111051
21.56 0.01883395
21.57 0.02267323
21.58 0.01988863
21.59 0.01204176
21.6 0.004740608
21.61 0.001844826
21.62 0.0009237657
21.63 -0.0008846956
21.64 -0.007871697
21.65 -0.01801764
21.66 -0.02606544
21.67 -0.02624598
21.68 -0.02310234
21.69 -0.02207622
21.7 -0.02373984
21.71 -0.02487103
21.72 -0.02107051
21.73 -0.01352455
21.74 -0.006529389
21.75 -0.004423091
21.76 -0.006622212
21.77 -0.009103873
21.78 -0.008620394
21.79 -0.003691756
21.8 0.002911723
21.81 0.007742441
21.82 0.0100303
21.83 0.01036384
21.84 0.009636578
21.85 0.007620036
21.86 0.007915835
21.87 0.01124614
21.88 0.01357071
21.89 0.009358111
21.9 -0.0002564098
21.91 -0.008801972
21.92 -0.01293093
21.93 -0.01256578
21.94 -0.008518415
21.95 -0.002344356
21.96 0.003910282
21.97 0.01052804
21.98 0.01817396
21.99 0.02534149
22 0.03274873
22.01 0.04060375
22.02 0.04616276
22.03 0.04727252
22.04 0.04252645
22.05 0.03454495
22.06 0.02669605
22.07 0.02091367
22.08 0.01665007
22.09 0.01211617
22.1 0.003142205
22.11 -0.008842795
22.12 -0.01806564
22.13 -0.02354814
22.14 -0.02251182
22.15 -0.01514233
22.16 -0.008688783
22.17 -0.009708783
22.18 -0.0153963
22.19 -0.02068704
22.2 -0.02362158
22.21 -0.02346043
22.22 -0.01836247
22.23 -0.01053601
22.24 -0.003656112
22.25 -0.000219734
22.26 -0.004578195
22.27 -0.008676557
22.28 -0.0105503
22.29 -0.0087653
22.3 -0.00494846
22.31 -0.0002442216
22.32 0.005412697
22.33 0.006740736
22.34 0.009336635
22.35 0.006662193
22.36 0.001755992
22.37 0.0006401109
22.38 0.00273723
22.39 0.007184428
22.4 0.01159593
22.41 0.01403985
22.42 0.01431932
22.43 0.01534952
22.44 0.0143387
22.45 0.008680761
22.46 -0.0007919803
22.47 -0.01107154
22.48 -0.01997818
22.49 -0.02553616
22.5 -0.02620732
22.51 -0.0218815
22.52 -0.01474151
22.53 -0.007068049
22.54 0.00121741
22.55 0.009706868
22.56 0.01643683
22.57 0.01951212
22.58 0.019914
22.59 0.01857168
22.6 0.01345536
22.61 0.004736401
22.62 -0.00444972
22.63 -0.008933641
22.64 -0.007973823
22.65 -0.005854263
22.66 -0.006916085
22.67 -0.01322989
22.68 -0.02142967
22.69 -0.02803417
22.7 -0.03340855
22.71 -0.03515581
22.72 -0.02913272
22.73 -0.01798718
22.74 -0.008792895
22.75 -0.004572136
22.76 -0.004299797
22.77 -0.004180458
22.78 -0.0004013598
22.79 0.006574419
22.8 0.01541986
22.81 0.02403784
22.82 0.031849
22.83 0.03510177
22.84 0.03169701
22.85 0.02425509
22.86 0.01970487
22.87 0.01791477
22.88 0.01695392
22.89 0.01459365
22.9 0.01193043
22.91 0.01224051
22.92 0.01374705
22.93 0.01076252
22.94 0.004798581
22.95 0.00381734
22.96 -0.0004789014
22.97 -0.007091562
22.98 -0.01334417
22.99 -0.01722323
23 -0.01678462
23.01 -0.010225
23.02 -0.001300009
23.03 0.00416413
23.04 0.007254729
23.05 0.009327369
23.06 0.01159891
23.07 0.009893465
23.08 0.002063944
23.09 -0.005621757
23.1 -0.009273359
23.11 -0.009229499
23.12 -0.00735882
23.13 -0.003308401
23.14 0.001755898
23.15 0.004386476
23.16 0.003395035
23.17 0.0006695938
23.18 -0.0002820673
23.19 0.0002452714
23.2 0.00563903
23.21 0.01616135
23.22 0.02440906
23.23 0.02563102
23.24 0.02021074
23.25 0.01133369
23.26 0.002034343
23.27 -0.005172978
23.28 -0.00858488
23.29 -0.008164641
23.3 -0.009262162
23.31 -0.01267406
23.32 -0.01579119
23.33 -0.01649601
23.34 -0.01506699
23.35 -0.01163468
23.36 -0.008187088
23.37 -0.007150769
23.38 -0.007161989
23.39 -0.006447991
23.4 -0.002037512
23.41 0.006210206
23.42 0.01606544
23.43 0.02117156
23.44 0.01863584
23.45 0.01177328
23.46 0.001951701
23.47 -0.00373786
23.48 -0.006412301
23.49 -0.0103852
23.5 -0.009050023
23.51 -0.007397624
23.52 -0.002975926
23.53 0.002539213
23.54 0.008153293
23.55 0.01095727
23.56 0.00513409
23.57 -0.004950652
23.58 -0.01755887
23.59 -0.02657669
23.6 -0.02996003
23.61 -0.02870646
23.62 -0.02538636
23.63 -0.02051382
23.64 -0.01302498
23.65 -0.008156521
23.66 -0.008310541
23.67 -0.008476802
23.68 -0.006846843
23.69 -0.003618544
23.7 -0.002160965
23.71 -0.001585687
23.72 0.0007745925
23.73 0.005226891
23.74 0.01204559
23.75 0.01904381
23.76 0.02124802
23.77 0.01728329
23.78 0.009377267
23.79 0.0008551652
23.8 -0.007199775
23.81 -0.01366862
23.82 -0.01782308
23.83 -0.0198641
23.84 -0.01924904
23.85 -0.01848812
23.86 -0.01618598
23.87 -0.01234772
23.88 -0.006876444
23.89 0.0009194149
23.9 0.009507814
23.91 0.01795239
23.92 0.02688147
23.93 0.03457941
23.94 0.03754659
23.95 0.03084824
23.96 0.01600623
23.97 0.001427367
23.98 -0.007412974
23.99 -0.01083405
24 -0.01202848
24.01 -0.01129102
24.02 -0.006209378
24.03 0.004091601
24.04 0.01647847
24.05 0.02592674
24.06 0.02971604
24.07 0.03026888
24.08 0.02762504
24.09 0.02202523
24.1 0.01279831
24.11 0.005998993
24.12 0.001731312
24.13 -0.004910929
24.14 -0.00796991
24.15 -0.01137671
24.16 -0.01349117
24.17 -0.01596569
24.18 -0.02208161
24.19 -0.02783136
24.2 -0.03326082
24.21 -0.03780083
24.22 -0.03951137
24.23 -0.03685223
24.24 -0.02913084
24.25 -0.02072502
24.26 -0.01476924
24.27 -0.01097076
24.28 -0.01070863
24.29 -0.01271089
24.3 -0.01514664
24.31 -0.01791186
24.32 -0.0174753
24.33 -0.01276189
24.34 -0.004399928
24.35 0.004532211
24.36 0.009627111
24.37 0.01232399
24.38 0.0119782
24.39 0.01063385
24.4 0.008267448
24.41 0.008543866
24.42 0.01346945
24.43 0.02090728
24.44 0.02872966
24.45 0.03461404
24.46 0.03945088
24.47 0.04317082
24.48 0.04607986
24.49 0.04692748
24.5 0.04601152
24.51 0.04409392
24.52 0.04155616
24.53 0.03841863
24.54 0.03445899
24.55 0.03116541
24.56 0.02784532
24.57 0.02430693
24.58 0.01714449
24.59 0.006637471
24.6 -0.002550689
24.61 -0.00788325
24.62 -0.008907331
24.63 -0.008162732
24.64 -0.008463632
24.65 -0.008830833
24.66 -0.009187834
24.67 -0.0117103
24.68 -0.01737538
24.69 -0.02201842
24.7 -0.02144926
24.71 -0.01666545
24.72 -0.00978148
24.73 -0.00699994
24.74 -0.0078904
24.75 -0.0123733
24.76 -0.0215176
24.77 -0.03130859
24.78 -0.03713584
24.79 -0.0386332
24.8 -0.0377917
24.81 -0.0359557
24.82 -0.03478067
24.83 -0.03159725
24.84 -0.02842403
24.85 -0.02669003
24.86 -0.0257557
24.87 -0.02583425
24.88 -0.02332811
24.89 -0.01833011
24.9 -0.01312097
24.91 -0.01023233
24.92 -0.008360634
24.93 -0.003622733
24.94 0.001490526
24.95 0.007405505
24.96 0.01358263
24.97 0.0189366
24.98 0.02136114
24.99 0.01919772
25 0.0170241
25.01 0.0136887
25.02 0.01059402
25.03 0.008658059
25.04 0.006788398
25.05 0.005954038
25.06 0.006421197
25.07 0.008650917
25.08 0.01129271
25.09 0.01213932
25.1 0.01080006
25.11 0.007309614
25.12 0.002795094
25.13 -0.001387926
25.14 -0.001592947
25.15 0.001898513
25.16 0.008407132
25.17 0.01482599
25.18 0.01851227
25.19 0.02075525
25.2 0.02171099
25.21 0.02198027
25.22 0.02095822
25.23 0.01891313
25.24 0.01565729
25.25 0.01346531
25.26 0.01153751
25.27 0.01133758
25.28 0.01226782
25.29 0.01151302
25.3 0.007079084
25.31 -0.0004821763
25.32 -0.008379017
25.33 -0.01561286
25.34 -0.0198785
25.35 -0.01758656
25.36 -0.01111975
25.37 -0.007674199
25.38 -0.00969176
25.39 -0.01431644
25.4 -0.01704596
25.41 -0.0165788
25.42 -0.01394619
25.43 -0.0114584
25.44 -0.01032416
25.45 -0.01108916
25.46 -0.01493762
25.47 -0.01964187
25.48 -0.02376879
25.49 -0.02837
25.5 -0.0283598
25.51 -0.02213984
25.52 -0.01315568
25.53 -0.005246607
25.54 -0.001883666
25.55 -0.001152327
25.56 -0.001516467
25.57 -0.002086648
25.58 -0.001733728
25.59 -0.001139069
25.6 -0.002072369
25.61 -0.003429989
25.62 -0.00526599
25.63 -0.00717033
25.64 -0.005768849
25.65 -0.00274761
25.66 0.0001043089
25.67 0.001302809
25.68 0.001297708
25.69 0.0002165079
25.7 -0.002148873
25.71 -0.004440813
25.72 -0.005608712
25.73 -0.003801273
25.74 -0.0003638736
25.75 0.004311806
25.76 0.008144965
25.77 0.01068069
25.78 0.01556139
25.79 0.02062976
25.8 0.02504432
25.81 0.02684462
25.82 0.0237224
25.83 0.01813485
25.84 0.01264827
25.85 0.009247584
25.86 0.009129263
25.87 0.01049096
25.88 0.01169048
25.89 0.01190061
25.9 0.0121454
25.91 0.01279412
25.92 0.0135938
25.93 0.01327046
25.94 0.01097648
25.95 0.006315081
25.96 0.0005429012
25.97 -0.004349019
25.98 -0.006926559
25.99 -0.007697679
26 -0.00750592
26.01 -0.006834759
26.02 -0.005756619
26.03 -0.00235696
26.04 0.00132422
26.05 0.005766319
26.06 0.007484
26.07 0.00558986
26.08 0.0009478395
26.09 -0.003278021
26.1 -0.0056128
26.11 -0.00719584
26.12 -0.007395761
26.13 -0.007867001
26.14 -0.00705202
26.15 -0.005024261
26.16 -0.003245381
26.17 -0.002709882
26.18 -0.003642161
26.19 -0.004909001
26.2 -0.004706021
26.21 -0.003215802
26.22 -0.001199261
26.23 -0.0009279415
26.24 -0.0008177816
26.25 0.0006357185
26.26 0.003484578
26.27 0.006572119
26.28 0.005265498
26.29 0.005034979
26.3 0.005864238
26.31 0.006059058
26.32 0.00690872
26.33 0.008236759
26.34 0.009052758
26.35 0.007900159
26.36 0.003561079
26.37 -0.001595021
26.38 -0.005307821
26.39 -0.008801321
26.4 -0.009635681
26.41 -0.00820666
26.42 -0.003657461
26.43 0.0009927193
26.44 0.00358352
26.45 0.005131879
26.46 0.006325279
26.47 0.008938521
26.48 0.01007174
26.49 0.00970556
26.5 0.00739526
26.51 0.00341624
26.52 -0.001122759
26.53 -0.005408799
26.54 -0.007640559
26.55 -0.007236639
26.56 -0.005211939
26.57 -0.002651738
26.58 -0.0008014585
26.59 -0.001889799
26.6 -0.005461838
26.61 -0.01048534
26.62 -0.01333318
26.63 -0.01266814
26.64 -0.009512256
26.65 -0.005360857
26.66 -0.002152957
26.67 0.0007112036
26.68 0.002397263
26.69 0.003698784
26.7 0.004794264
26.71 0.005384845
26.72 0.005414425
26.73 0.003427466
26.74 0.0004500856
26.75 -0.003106654
26.76 -0.005381254
26.77 -0.004530573
26.78 0.0002573068
26.79 0.002978667
26.8 0.007343247
26.81 0.01210766
26.82 0.01335615
26.83 0.01470459
26.84 0.01434351
26.85 0.01124067
26.86 0.005478689
26.87 0.00026445
26.88 -0.00273231
26.89 -0.003059729
26.9 -0.001210469
26.91 0.001654712
26.92 0.005192072
26.93 0.006799593
26.94 0.004530092
26.95 0.0007866934
26.96 -0.003730886
26.97 -0.006190106
26.98 -0.006994884
26.99 -0.006319645
27 -0.004327584
27.01 -0.003984864
27.02 -0.004662143
27.03 -0.006935723
27.04 -0.009624442
27.05 -0.01120034
27.06 -0.01105346
27.07 -0.007914919
27.08 -0.00428576
27.09 -0.00251402
27.1 -0.003658459
27.11 -0.006238039
27.12 -0.007648698
27.13 -0.005852477
27.14 -0.004718237
27.15 -0.003997096
27.16 -0.002922015
27.17 -0.001459335
27.18 0.0006867454
27.19 0.002018866
27.2 0.002754286
27.21 0.003457067
27.22 0.005680668
27.23 0.008443848
27.24 0.00982187
27.25 0.00883349
27.26 0.00617333
27.27 0.001653711
27.28 -0.001469528
27.29 -0.002594587
27.3 -0.002053987
27.31 -0.0008830259
27.32 -0.0002067652
27.33 0.0004745954
27.34 0.001087616
27.35 0.001788357
27.36 0.002396278
27.37 0.003391798
27.38 0.002819579
27.39 0.00299706
27.4 0.003716161
27.41 0.001680241
27.42 -0.001715338
27.43 -0.004750857
27.44 -0.006646016
27.45 -0.006899995
27.46 -0.005293495
27.47 -0.003705354
27.48 -0.003391193
27.49 -0.005016052
27.5 -0.006684771
27.51 -0.008154591
27.52 -0.008752311
27.53 -0.007313089
27.54 -0.004607028
27.55 -0.002200847
27.56 -0.0004546059
27.57 -5.476507e-05
27.58 -0.001805085
27.59 -0.003671683
27.6 -0.006224742
27.61 -0.006973422
27.62 -0.00519862
27.63 -0.003273879
27.64 -0.001251218
27.65 0.0006011024
27.66 0.003325523
27.67 0.007211724
27.68 0.009971845
27.69 0.01106733
27.7 0.01108161
27.71 0.009556708
27.72 0.006059129
27.73 0.00164457
27.74 -0.0009380686
27.75 0.0004001725
27.76 0.003773314
27.77 0.004925915
27.78 0.004226196
27.79 0.001989337
27.8 -0.0002250822
27.81 -0.0009482611
27.82 -0.00101966
27.83 -0.001526599
27.84 -0.004515197
27.85 -0.007567035
27.86 -0.01006094
27.87 -0.01080757
27.88 -0.009199034
27.89 -0.007987272
27.9 -0.004974191
27.91 -0.00172549
27.92 0.001098891
27.93 0.002901233
27.94 0.003017514
27.95 0.002857375
27.96 0.003679496
27.97 0.005632797
27.98 0.007691158
27.99 0.008794799
28 0.007673821
28.01 0.006942483
28.02 0.006926164
28.03 0.008565305
28.04 0.008221566
28.05 0.006249907
28.06 0.005345168
28.07 0.004342511
28.08 0.003266412
28.09 0.0007959727
28.1 -0.002496586
28.11 -0.005544344
28.12 -0.008067823
28.13 -0.01067188
28.14 -0.01337284
28.15 -0.01520374
28.16 -0.01616662
28.17 -0.01484062
28.18 -0.01127164
28.19 -0.006503133
28.2 -0.001713212
28.21 0.002383109
28.22 0.00640293
28.23 0.006975152
28.24 0.007113874
28.25 0.007930895
28.26 0.008044117
28.27 0.009508838
28.28 0.01011675
28.29 0.0109195
28.3 0.01025752
28.31 0.007657545
28.32 0.004588366
28.33 0.002425967
28.34 0.001869048
28.35 0.00170687
28.36 0.002251552
28.37 0.001394753
28.38 -0.000527945
28.39 -0.0007258234
28.4 0.0001758582
28.41 0.0001472997
28.42 0.0001666814
28.43 0.0002544029
28.44 0.001812965
28.45 0.003897846
28.46 0.005347268
28.47 0.007674909
28.48 0.009822012
28.49 0.01045543
28.5 0.006946634
28.51 0.002530037
28.52 -0.0006013619
28.53 -0.002318021
28.54 -0.003507338
28.55 -0.004903717
28.56 -0.005384135
28.57 -0.008374773
28.58 -0.01141845
28.59 -0.01433054
28.6 -0.01484361
28.61 -0.01251801
28.62 -0.008002465
28.63 -0.003744983
28.64 -0.0004809809
28.65 0.002011901
28.66 0.002049643
28.67 0.001107164
28.68 0.0002085464
28.69 0.0003044283
28.7 -0.0003361299
28.71 -0.0008634679
28.72 -0.0005136061
28.73 0.0001748958
28.74 0.0004237776
28.75 0.001302
28.76 0.002880961
28.77 0.005379964
28.78 0.006445865
28.79 0.007119067
28.8 0.008343069
28.81 0.009045851
28.82 0.01089205
28.83 0.01200691
28.84 0.01204465
28.85 0.009622159
28.86 0.006219441
28.87 0.003333863
28.88 0.0005931252
28.89 -0.002026233
28.9 -0.00439365
28.91 -0.006871228
28.92 -0.008869408
28.93 -0.009349825
28.94 -0.009628283
28.95 -0.008845941
28.96 -0.008378779
28.97 -0.006857956
28.98 -0.004904653
28.99 -0.004045812
29 -0.00279937
29.01 -0.001488667
29.02 -0.0001565453
29.03 0.001018496
29.04 0.001227599
29.05 0.0001566012
29.06 -0.0007083565
29.07 -0.002353614
29.08 -0.003714292
29.09 -0.00337565
29.1 -0.002582088
29.11 -0.0009837453
29.12 -0.000618583
29.13 -0.0006236808
29.14 -0.0006858985
29.15 -0.0005777761
29.16 -0.0007205739
29.17 -0.0005991916
29.18 -0.002491289
29.19 -0.003723447
29.2 -0.004069224
29.21 -0.005016802
29.22 -0.002662639
29.23 -0.001634478
29.24 -0.001566136
29.25 -0.001683433
29.26 -0.0009112904
29.27 0.001082812
29.28 0.003187074
29.29 0.005579997
29.3 0.007333379
29.31 0.008140201
29.32 0.008756284
29.33 0.006502086
29.34 0.003121809
29.35 0.0002749916
29.36 -0.002746246
29.37 -0.005036143
29.38 -0.007457621
29.39 -0.008301158
29.4 -0.009315036
29.41 -0.01205475
29.42 -0.01187013
29.43 -0.01066652
29.44 -0.007917625
29.45 -0.002913502
29.46 0.00239764
29.47 0.006323622
29.48 0.008882805
29.49 0.009834468
29.5 0.00774857
29.51 0.005465812
29.52 0.004196935
29.53 0.004466218
29.54 0.005358721
29.55 0.006872403
29.56 0.009039907
29.57 0.007888328
29.58 0.005941151
29.59 0.002560875
29.6 -0.0006460029
29.61 -0.00204238
29.62 -0.002760458
29.63 -0.002393254
29.64 -0.003186812
29.65 -0.004229249
29.66 -0.005789846
29.67 -0.006309023
29.68 -0.0072362
29.69 -0.009012018
29.7 -0.01005548
29.71 -0.01047265
29.72 -0.01023193
29.73 -0.008843706
29.74 -0.006020343
29.75 -0.00432
29.76 -0.002909338
29.77 -0.0007856948
29.78 0.001003388
29.79 0.001429751
29.8 0.001349174
29.81 0.001330817
29.82 0.001934659
29.83 0.002462003
29.84 0.001786766
29.85 0.0005780688
29.86 -0.0007509882
29.87 -0.002187146
29.88 -0.004379123
29.89 -0.005429719
29.9 -0.004223056
29.91 -0.001982113
29.92 0.0008035101
29.93 0.003010793
29.94 0.003418797
29.95 0.003194399
29.96 0.004094043
29.97 0.005418005
29.98 0.006917409
29.99 0.008905391
30 0.009153255
30.01 0.007533498
30.02 0.005481261
30.03 0.004206264
30.04 0.004480648
30.05 0.00576483
30.06 0.006501274
30.07 0.005408858
30.08 0.00425524
30.09 0.002064284
30.1 -0.0004081929
30.11 -5.322965e-05
30.12 0.001110594
30.13 0.003132237
30.14 0.00450618
30.15 0.007953784
30.16 0.009560285
30.17 0.008425031
30.18 0.008273055
30.19 0.008121076
30.2 0.00883304
30.21 0.009305305
30.22 0.008518886
30.23 0.006770609
30.24 0.003596374
30.25 0.0004659972
30.26 0.0001814206
30.27 -0.001641316
30.28 -0.004247412
30.29 -0.006268028
30.3 -0.007441026
30.31 -0.005746802
30.32 -0.003767999
30.33 -0.002787775
30.34 -0.003962811
30.35 -0.006747407
30.36 -0.009915525
30.37 -0.01144348
30.38 -0.01126702
30.39 -0.009687033
30.4 -0.00782247
30.41 -0.006716786
30.42 -0.004763483
30.43 -0.0027806
30.44 -0.0008813559
30.45 0.001196387
30.46 0.002466291
30.47 0.003896335
30.48 0.004868399
30.49 0.006100562
30.5 0.007260306
30.51 0.00728173
30.52 0.006576913
30.53 0.004564457
30.54 0.004898001
30.55 0.007117525
30.56 0.008323168
30.57 0.009318692
30.58 0.008344597
30.59 0.0054427
30.6 0.002403103
30.61 -0.0002539927
30.62 -0.002540829
30.63 -0.004533905
30.64 -0.004496161
30.65 -0.004508398
30.66 -0.004507374
30.67 -0.00458489
30.68 -0.006148545
30.69 -0.008718941
30.7 -0.01130974
30.71 -0.0122767
30.72 -0.01245621
30.73 -0.01158615
30.74 -0.01011734
30.75 -0.007647918
30.76 -0.004194194
30.77 -0.00153709
30.78 0.0005263736
30.79 0.001412757
30.8 0.001204682
30.81 0.0003540056
30.82 -0.00132593
30.83 -0.002625407
30.84 -0.002095002
30.85 -0.001930778
30.86 -0.0009311741
30.87 -9.300341e-07
30.88 0.001147594
30.89 0.003079478
30.9 0.005089902
30.91 0.006366947
30.92 0.00620069
30.93 0.006290455
30.94 0.004493219
30.95 0.003199863
30.96 -9.779276e-05
30.97 -0.002644728
30.98 -0.003078224
30.99 -0.00538342
31 -0.006429936
31.01 -0.006379952
31.02 -0.004762227
31.03 -0.002851763
31.04 -0.002441718
31.05 -0.003076155
31.06 -0.004146131
31.07 -0.005060046
31.08 -0.005636342
31.09 -0.004584717
31.1 -0.001693013
31.11 0.001341491
31.12 0.003541635
31.13 0.00442598
31.14 0.005413344
31.15 0.004608569
31.16 0.002671594
31.17 0.0001042577
31.18 -0.002289677
31.19 -0.002469194
31.2 -0.002669109
31.21 -0.003464705
31.22 -0.00348204
31.23 -0.003493255
31.24 -0.003347391
31.25 -0.002482426
31.26 -0.002424281
31.27 -0.001323698
31.28 -4.563293e-05
31.29 0.003074551
31.3 0.005340996
31.31 0.0060397
31.32 0.007428946
31.33 0.007216789
31.34 0.007406514
31.35 0.006708839
31.36 0.006217203
31.37 0.006941408
31.38 0.007815553
31.39 0.007340238
31.4 0.005078902
31.41 0.002516667
31.42 0.001033592
31.43 0.001310017
31.44 0.001972002
31.45 0.001403866
31.46 -0.0001720293
31.47 -0.002292604
31.48 -0.00388686
31.49 -0.003461515
31.5 -0.00167651
31.51 -0.0003341853
31.52 0.0006276795
31.53 0.001466124
31.54 0.001482449
31.55 0.001466134
31.56 0.001578339
31.57 0.003122624
31.58 0.005208529
31.59 0.006979253
31.6 0.007891137
31.61 0.007329123
31.62 0.005711408
31.63 0.003663253
31.64 0.001882338
31.65 0.0009000829
31.66 -0.000187232
31.67 -0.002290467
31.68 -0.005218882
31.69 -0.008462478
31.7 -0.01000879
31.71 -0.01023421
31.72 -0.01025869
31.73 -0.01017707
31.74 -0.01078601
31.75 -0.01184783
31.76 -0.0122956
31.77 -0.01148164
31.78 -0.009461011
31.79 -0.007551566
31.8 -0.005524821
31.81 -0.003760216
31.82 -0.002694311
31.83 -0.002328126
31.84 -0.002366881
31.85 -0.002879935
31.86 -0.00412025
31.87 -0.006022545
31.88 -0.007901379
31.89 -0.008329774
31.9 -0.007585169
31.91 -0.004875024
31.92 -0.0008837591
31.93 0.0006829662
31.94 0.0004422516
31.95 -0.0004339231
31.96 -0.0001962578
31.97 0.0006105675
31.98 0.001965133
31.99 0.003380898
32 0.004264224
32.01 0.003849089
32.02 0.001876414
32.03 -0.0007256003
32.04 -0.003129735
32.05 -0.00488005
32.06 -0.006348844
32.07 -0.007666679
32.08 -0.005751113
32.09 -0.003563208
32.1 -0.003897763
32.11 -0.002464657
32.12 -0.0005450114
32.13 0.002916874
32.14 0.005991159
32.15 0.01000996
32.16 0.01316279
32.17 0.01500696
32.18 0.01524768
32.19 0.01435213
32.2 0.01392271
32.21 0.01437968
32.22 0.01541906
32.23 0.01517835
32.24 0.01425627
32.25 0.0132883
32.26 0.01182665
32.27 0.01142987
32.28 0.01314347
32.29 0.01461637
32.3 0.01526305
32.31 0.01548745
32.32 0.01458782
32.33 0.01327101
32.34 0.01175427
32.35 0.009827497
32.36 0.009264463
32.37 0.009483769
32.38 0.01028447
32.39 0.01055478
32.4 0.01158601
32.41 0.01068229
32.42 0.008961558
32.43 0.007717164
32.44 0.00602703
32.45 0.004787735
32.46 0.003469901
32.47 0.002547828
32.48 0.001174914
32.49 -0.0005764207
32.5 -0.003694555
32.51 -0.005289829
32.52 -0.005111323
32.53 -0.005208217
32.54 -0.00554379
32.55 -0.005812044
32.56 -0.006870799
32.57 -0.008419154
32.58 -0.01070394
32.59 -0.01228392
32.6 -0.01287756
32.61 -0.01080388
32.62 -0.008690442
32.63 -0.008164117
32.64 -0.00691869
32.65 -0.007365444
32.66 -0.006304638
32.67 -0.006363793
32.68 -0.005320327
32.69 -0.004033081
32.7 -0.005526355
32.71 -0.006590208
32.72 -0.009688962
32.73 -0.01223386
32.74 -0.01344357
32.75 -0.01423508
32.76 -0.01309676
32.77 -0.01185745
32.78 -0.009611405
32.79 -0.008315998
32.8 -0.007690732
32.81 -0.007512226
32.82 -0.00560278
32.83 -0.004465474
32.84 -0.005395708
32.85 -0.0033608
32.86 -0.001493174
32.87 -0.0001335084
32.88 -0.0004415421
32.89 -0.001310576
32.9 -0.00237545
32.91 -0.002873202
32.92 -0.004098216
32.93 -0.00416859
32.94 -0.004319544
32.95 -0.005045778
32.96 -0.003951311
32.97 -0.001027985
32.98 0.002138102
32.99 0.004992068
33 0.007243215
33.01 0.006914781
33.02 0.007403367
33.03 0.006980074
33.04 0.0060376
33.05 0.004902347
33.06 0.004659594
33.07 0.00454332
33.08 0.004516806
33.09 0.004165934
33.1 0.00252476
33.11 0.003290786
33.12 0.003758973
33.13 0.003457059
33.14 0.002691047
33.15 0.003161273
33.16 0.004350599
33.17 0.005143147
33.18 0.005943852
33.19 0.005883679
33.2 0.005610326
33.21 0.005438973
33.22 0.005041179
33.23 0.005083006
33.24 0.002974673
33.25 0.00144366
33.26 0.0007276263
33.27 0.000795973
33.28 0.001741519
33.29 0.0009846866
33.3 -0.0006554667
33.31 -0.00269546
33.32 -0.003972492
33.33 -0.004573266
33.34 -0.004952699
33.35 -0.005162812
33.36 -0.005300505
33.37 -0.004453898
33.38 -0.002668892
33.39 -0.001497925
33.4 0.0002942217
33.41 0.001223448
33.42 7.595553e-05
33.43 -0.002045638
33.44 -0.002121111
33.45 -0.001276543
33.46 0.0009378832
33.47 0.00349299
33.48 0.004635397
33.49 0.003890804
33.5 0.001865091
33.51 -0.0002004018
33.52 -0.002965615
33.53 -0.003691847
33.54 -0.003860141
33.55 -0.003156334
33.56 -0.002317887
33.57 -0.002300539
33.58 -0.001834392
33.59 -0.0009337256
33.6 -0.001635479
33.61 -0.002853351
33.62 -0.005185064
33.63 -0.008159377
33.64 -0.009698549
33.65 -0.01033502
33.66 -0.009533297
33.67 -0.008974329
33.68 -0.008767262
33.69 -0.009367014
33.7 -0.008922287
33.71 -0.00837454
33.72 -0.007517732
33.73 -0.007797205
33.74 -0.008624418
33.75 -0.00722191
33.76 -0.005582763
33.77 -0.003593756
33.78 -0.001592509
33.79 -0.0002522217
33.8 0.0007239256
33.81 0.0009870929
33.82 0.0004210001
33.83 0.0006688675
33.84 0.0004108148
33.85 0.001311482
33.86 0.003065889
33.87 0.004261337
33.88 0.005546544
33.89 0.004731571
33.9 0.002705859
33.91 0.0009127065
33.92 -9.096608e-05
33.93 -0.0006743986
33.94 -0.001393491
33.95 -0.001481204
33.96 -0.001391436
33.97 -0.001944269
33.98 -0.0009966812
33.99 0.0002915861
34 0.002245914
34.01 0.003487261
34.02 0.003906488
34.03 0.005050936
34.04 0.003724944
34.05 0.001707391
34.06 -0.0002846612
34.07 -0.001695314
34.08 -0.002421546
34.09 -0.002529658
34.1 -0.001907451
34.11 -0.001276064
34.12 -7.449572e-05
34.13 0.001300472
34.14 0.002536719
34.15 0.003520007
34.16 0.004449235
34.17 0.005499842
34.18 0.00627403
34.19 0.006331158
34.2 0.006273025
34.21 0.006331173
34.22 0.006272021
34.23 0.005837508
34.24 0.004438076
34.25 0.002872384
34.26 0.001554552
34.27 0.00212882
34.28 0.003376287
34.29 0.003360995
34.3 0.002754103
34.31 0.002248191
34.32 0.002416498
34.33 0.001790227
34.34 0.0006825141
34.35 0.000338782
34.36 0.0003663297
34.37 0.0004826176
34.38 0.001477125
34.39 0.002801094
34.4 0.004147501
34.41 0.004873749
34.42 0.004616717
34.43 0.003616105
34.44 0.003248913
34.45 0.003237701
34.46 0.003873168
34.47 0.004318917
34.48 0.004177145
34.49 0.002423772
34.5 1.45405e-05
34.51 -0.002171312
34.52 -0.002824103
34.53 -0.003628875
34.54 -0.003016868
34.55 -0.002450759
34.56 -0.001510312
34.57 -0.0007106235
34.58 -0.0005392554
34.59 0.0007153526
34.6 0.0004777006
34.61 0.002937949
34.62 0.001747617
34.63 0.0008826649
34.64 0.0003726729
34.65 -0.001022679
34.66 -0.001482691
34.67 -0.001989623
34.68 -0.002098754
34.69 -0.002681166
34.7 -0.002609759
34.71 -0.00274133
34.72 -0.002583222
34.73 -0.002877993
34.74 -0.003602186
34.75 -0.003714378
34.76 -0.003501189
34.77 -0.002685181
34.78 -0.002723932
34.79 -0.002145585
34.8 -0.001054177
34.81 -0.0006318881
34.82 -0.00142034
34.83 -0.003473591
34.84 -0.005255523
34.85 -0.006158215
34.86 -0.005692068
34.87 -0.005619639
34.88 -0.00576855
34.89 -0.006664102
34.9 -0.006561074
34.91 -0.006720185
34.92 -0.006420297
34.93 -0.005187108
34.94 -0.00230764
34.95 0.000267868
34.96 0.001151197
34.97 0.002746485
34.98 0.003934793
34.99 0.005194502
35 0.00455497
35.01 0.003449299
35.02 0.003120867
35.03 0.003135155
35.04 0.003182084
35.05 0.003080092
35.06 0.003338161
35.07 0.004059309
35.08 0.004207218
35.09 0.003512606
35.1 0.002581354
35.11 0.001431823
35.12 0.001358391
35.13 0.00154302
35.14 0.001625648
35.15 0.002471237
35.16 0.003025105
35.17 0.003222993
35.18 0.003047562
35.19 0.00326075
35.2 0.0023856
35.21 0.0006046879
35.22 -0.0005764636
35.23 -0.001868795
35.24 -0.001548506
35.25 -0.0008630578
35.26 -0.0001949493
35.27 0.0003242394
35.28 -2.357201e-05
35.29 -0.0002979433
35.3 -0.0007355148
35.31 -0.0002714062
35.32 0.0004813624
35.33 0.001083171
35.34 0.00126066
35.35 0.001019948
35.36 -0.0003937629
35.37 -0.002536774
35.38 -0.002554105
35.39 -0.001361717
35.4 0.000664012
35.41 0.002865181
35.42 0.004962309
35.43 0.006077178
35.44 0.006035366
35.45 0.004833816
35.46 0.004425824
35.47 0.004401352
35.48 0.004270802
35.49 0.00504295
35.5 0.005699839
35.51 0.006580108
35.52 0.006195578
35.53 0.005904885
35.54 0.005142955
35.55 0.005109303
35.56 0.005091972
35.57 0.005671341
35.58 0.006244589
35.59 0.005882498
35.6 0.005180747
35.61 0.004995116
35.62 0.003995524
35.63 0.003137714
35.64 0.001341502
35.65 -0.001445128
35.66 -0.00351368
35.67 -0.005035511
35.68 -0.005903521
35.69 -0.006755213
35.7 -0.006552224
35.71 -0.006150335
35.72 -0.004778426
35.73 -0.003545237
35.74 -0.002049909
35.75 0.0001145403
35.76 0.001256949
35.77 0.001261038
35.78 0.0007102471
35.79 -0.0003862439
35.8 -0.001307295
35.81 -0.001813206
35.82 -0.001581657
35.83 -0.001798908
35.84 -0.001534719
35.85 -0.00190701
35.86 -0.001019601
35.87 -0.0004320721
35.88 -0.000833943
35.89 0.0009643259
35.9 0.001830314
35.91 0.002431104
35.92 0.001575333
35.93 0.001289742
35.94 0.000712431
35.95 0.00019632
35.96 0.0003778891
35.97 0.0002554981
35.98 0.0003564872
35.99 0.0003799562
36 0.001351942
36.01 0.001046009
36.02 0.001708358
36.03 0.001899698
36.04 0.001129311
36.05 0.0001577651
36.06 -0.001619715
36.07 -0.001676079
36.08 -0.001974786
36.09 -0.00268676
36.1 -0.002902501
36.11 -0.00384925
36.12 -0.00480094
36.13 -0.006324214
36.14 -0.008293286
36.15 -0.008568769
36.16 -0.008549146
36.17 -0.008456821
36.18 -0.009019636
36.19 -0.01005136
36.2 -0.01040895
36.21 -0.01021383
36.22 -0.0103385
36.23 -0.009468977
36.24 -0.007507081
36.25 -0.00585552
36.26 -0.004314768
36.27 -0.002411827
36.28 0.0002130863
36.29 0.002859805
36.3 0.004964097
36.31 0.005962583
36.32 0.005690149
36.33 0.005190879
36.34 0.004700651
36.35 0.004645953
36.36 0.005538027
36.37 0.005813495
36.38 0.005246313
36.39 0.0044133
36.4 0.002558192
36.41 0.002346767
36.42 0.003202839
36.43 0.002663258
36.44 0.001447349
36.45 -0.000117553
36.46 -0.001685451
36.47 -0.002955045
36.48 -0.003820307
36.49 -0.004031682
36.5 -0.003018493
36.51 -0.001735409
36.52 -0.0006236794
36.53 0.001237854
36.54 0.002280923
36.55 0.002760141
36.56 0.003224094
36.57 0.003023734
36.58 0.003116676
36.59 0.002887942
36.6 0.002034168
36.61 0.001113094
36.62 0.0003475755
36.63 0.0004728237
36.64 0.001647396
36.65 0.002744391
36.66 0.003855413
36.67 0.004514171
36.68 0.003975149
36.69 0.00300244
36.7 0.002078995
36.71 0.0002883887
36.72 -0.0008143804
36.73 -0.001632314
36.74 -0.00227425
36.75 -0.002744563
36.76 -0.003169103
36.77 -0.002919489
36.78 -0.003088857
36.79 -0.002373165
36.8 -0.002128232
36.81 -0.001514991
36.82 0.0001290916
36.83 0.001291479
36.84 0.001737197
36.85 0.002343459
36.86 0.002525761
36.87 0.002667466
36.88 0.002723685
36.89 0.002371444
36.9 0.002249835
36.91 0.001579025
36.92 0.001120348
36.93 0.0002605408
36.94 -0.0001231331
36.95 -0.0007915338
36.96 -0.001848936
36.97 -0.002612023
36.98 -0.002878777
36.99 -0.002627571
37 -0.002035015
37.01 -0.001960735
37.02 -0.002233064
37.03 -0.002361601
37.04 -0.002622155
37.05 -0.002094189
37.06 -0.00128364
37.07 0.000130088
37.08 0.00131612
37.09 0.001738908
37.1 0.002099027
37.11 0.002292352
37.12 0.002310462
37.13 0.001912996
37.14 0.0009803917
37.15 0.0002690272
37.16 -0.0003911217
37.17 -0.0006330425
37.18 -0.0005900652
37.19 -0.0005117662
37.2 5.709287e-05
37.21 -8.941444e-05
37.22 -0.0005511473
37.23 -0.0009130779
37.24 -0.001299254
37.25 -0.0016723
37.26 -0.001745858
37.27 -0.002312809
37.28 -0.002385042
37.29 -0.001989237
37.3 -0.001125088
37.31 -0.0001933851
37.32 0.0001621848
37.33 -6.128004e-05
37.34 -0.0007419729
37.35 -0.0009303085
37.36 -0.00139055
37.37 -0.001297961
37.38 -0.00132445
37.39 -0.001176623
37.4 -0.000436688
37.41 -6.262664e-05
37.42 0.0003008319
37.43 3.922705e-05
37.44 -0.0002954397
37.45 -0.0009097018
37.46 -0.0009782612
37.47 -0.0009605829
37.48 -0.001171523
37.49 -0.001417698
37.5 -0.001440467
37.51 -0.001351295
37.52 -0.001079005
37.53 -0.0006992501
37.54 -0.0003344847
37.55 0.0001428331
37.56 6.466211e-05
37.57 0.0002049232
37.58 0.000522611
37.59 0.0004971543
37.6 4.464206e-05
37.61 -0.0004746097
37.62 -0.00101146
37.63 -0.001418552
37.64 -0.001345457
37.65 -0.00129114
37.66 -0.001223534
37.67 -0.001174908
37.68 -0.001094898
37.69 -0.001108467
37.7 -0.001352548
37.71 -0.00125171
37.72 -0.0006164048
37.73 0.0001647546
37.74 0.0006781507
37.75 0.0009114273
37.76 0.001127362
37.77 0.001449478
37.78 0.001744256
37.79 0.002045537
37.8 0.002515938
37.81 0.002193499
37.82 0.001538232
37.83 0.001255749
37.84 0.0009042687
37.85 0.001093487
37.86 0.001344796
37.87 0.001656739
37.88 0.001956183
37.89 0.001964383
37.9 0.00196647
37.91 0.001674377
37.92 0.001396307
37.93 0.001276626
37.94 0.001022912
37.95 0.0008240814
37.96 0.0005078187
37.97 0.0002586193
37.98 -2.354342e-05
37.99 -0.000105306
38 -0.0001113895
38.01 -0.0004523012
38.02 -0.0006715296
38.03 -0.0008665408
38.04 -0.0009226277
38.05 -0.0008141168
38.06 -0.0005721939
38.07 -0.0003115861
38.08 -9.711242e-05
38.09 0.0002220897
38.1 0.0004280273
38.11 0.0006183554
38.12 0.000674078
38.13 0.000623937
38.14 0.0005976844
38.15 0.0002539785
38.16 -8.579649e-06
38.17 -0.0002499317
38.18 -0.0003298047
38.19 -0.0002881753
38.2 -0.0005449677
38.21 -0.0005615555
38.22 -0.0006150562
38.23 -0.0006634695
38.24 -0.0004960527
38.25 -0.0003555125
38.26 3.482471e-05
38.27 0.0003507137
38.28 0.0006353646
38.29 0.0007924978
38.3 0.0007503213
38.31 0.0009403211
38.32 0.0009209282
38.33 0.0007598434
38.34 0.0007024117
38.35 0.0005421247
38.36 0.0003363506
38.37 0.0002394003
38.38 0.0001303091
38.39 -1.223252e-06
38.4 -8.893977e-05
38.41 -6.769777e-05
38.42 3.905734e-05
38.43 2.929195e-05
38.44 5.795676e-05
38.45 0.0001332855
38.46 0.000148774
38.47 0.0002326026
38.48 0.0003188117
38.49 0.0003834137
38.5 0.0004600365
38.51 0.0004876907
38.52 0.0005548996
38.53 0.0005205493
38.54 0.0004657644
38.55 0.0003888027
38.56 0.0003083582
38.57 0.0002997367
38.58 0.0002543779
38.59 0.0002465386
38.6 0.0001525633
38.61 5.048602e-05
38.62 2.151184e-06
38.63 -4.795019e-05
38.64 -3.544672e-05
38.65 -6.898827e-05
38.66 -0.0001072115
38.67 -0.0001670522
38.68 -0.0002296434
38.69 -0.0002524469
38.7 -0.000297556
38.71 -0.0003421876
38.72 -0.0003929042
38.73 -0.0004309644
38.74 -0.0004594232
38.75 -0.0004338157
38.76 -0.000354036
38.77 -0.0002850095
38.78 -0.0002203394
38.79 -0.0001405219
38.8 -4.401418e-05
38.81 3.052243e-05
38.82 8.557345e-05
38.83 9.604972e-05
38.84 0.0001136327
38.85 0.0001270211
38.86 0.0001158322
38.87 8.199197e-05
38.88 2.516004e-05
38.89 -1.543154e-05
38.9 -7.667778e-05
38.91 -8.040137e-05
38.92 -0.0001888455
38.93 -0.0002334087
38.94 -0.0002303213
38.95 -0.000220807
38.96 -0.000154014
38.97 -0.0001097785
38.98 -6.806573e-05
38.99 -6.628732e-05
39 -2.814663e-05
39.01 -1.307915e-05
39.02 1.727275e-05
39.03 2.700567e-05
39.04 4.408282e-05
39.05 5.101705e-05
39.06 5.747989e-05
39.07 5.287175e-05
39.08 3.270356e-05
39.09 3.378703e-05
39.1 3.233367e-05
39.11 5.343102e-05
39.12 6.304348e-05
39.13 6.31096e-05
39.14 3.920334e-05
39.15 2.054946e-05
39.16 1.556651e-06
39.17 -1.666314e-05
39.18 -2.365589e-05
39.19 -2.134426e-05
39.2 -1.991079e-05
39.21 -1.663678e-05
39.22 -9.004176e-06
39.23 -8.630518e-06
39.24 -8.191779e-06
39.25 -7.419482e-06
39.26 2.472659e-06
39.27 9.7981e-06
39.28 1.050466e-05
39.29 1.104778e-05
39.3 1.052026e-05
39.31 1.033808e-05
39.32 6.490443e-06
39.33 3.528108e-06
39.34 3.579852e-06
39.35 -6.717152e-07
39.36 -6.944173e-06
39.37 -1.240427e-05
39.38 -1.645339e-05
39.39 -2.117316e-05
39.4 -2.346186e-05
39.41 -2.543078e-05
39.42 -2.692039e-05
39.43 -2.452601e-05
39.44 -2.429724e-05
39.45 -2.300358e-05
39.46 -2.198552e-05
39.47 -2.091647e-05
39.48 -1.839868e-05
39.49 -1.573142e-05
39.5 -1.431302e-05
39.51 -1.319087e-05
39.52 -1.205077e-05
39.53 -1.151209e-05
39.54 -1.070743e-05
39.55 -1.05915e-05
39.56 -9.858282e-06
39.57 -8.806749e-06
39.58 -8.016749e-06
39.59 -7.247801e-06
39.6 -6.681274e-06
39.61 -5.88317e-06
39.62 -4.953265e-06
39.63 -4.560731e-06
39.64 -4.18778e-06
39.65 -4.083388e-06
39.66 -4.082171e-06
39.67 -4.067228e-06
39.68 -4.303059e-06
39.69 -4.532489e-06
39.7 -4.87338e-06
39.71 -5.242453e-06
39.72 -5.36632e-06
39.73 -5.399081e-06
39.74 -5.506685e-06
39.75 -5.5521e-06
39.76 -5.618242e-06
39.77 -5.576053e-06
39.78 -5.56595e-06
39.79 -5.511949e-06
39.8 -5.392968e-06
39.81 -5.264406e-06
39.82 -5.110317e-06
39.83 -4.97997e-06
39.84 -4.872613e-06
39.85 -4.759632e-06
39.86 -4.64451e-06
39.87 -4.536832e-06
39.88 -4.434674e-06
39.89 -4.336589e-06
39.9 -4.243243e-06
39.91 -4.156702e-06
39.92 -4.075524e-06
39.93 -4.00076e-06
39.94 -3.931704e-06
39.95 -3.86748e-06
39.96 -3.807341e-06
39.97 -3.750596e-06
39.98 -3.696615e-06
39.99 -3.644968e-06
