0 -0.002097684
0.02 -0.002296087
0.04 0.001901711
0.06 -0.0002102064
0.08 0.003798897
0.1 0.004205365
0.12 0.001146894
0.14 -0.003033574
0.16 -0.003147298
0.18 -0.002988682
0.2 -0.006377622
0.22 -0.001786079
0.24 -0.001935494
0.26 0.001993053
0.28 0.004519103
0.3 0.001598355
0.32 -0.002426029
0.34 -0.003357772
0.36 -0.0005879321
0.38 -0.00121877
0.4 0.001078815
0.42 -0.0008331373
0.44 -0.002985808
0.46 0.0006051447
0.48 -0.0034692
0.5 0.01124588
0.52 0.003041557
0.54 0.0009868182
0.56 0.005702842
0.58 -0.00654679
0.6 -0.004543962
0.62 -0.0004307499
0.64 -0.001250256
0.66 -0.001642379
0.68 0.000618519
0.7 0.0042146
0.72 0.008398203
0.74 -0.001577831
0.76 -0.005205383
0.78 -0.01319853
0.8 0.0124928
0.82 0.01055131
0.84 -0.002642807
0.86 0.005461692
0.88 -0.001757266
0.9 -0.004568802
0.92 -0.002464955
0.94 0.007539812
0.96 0.003203384
0.98 0.002601177
1 0.004368432
1.02 0.0006980697
1.04 -0.00732259
1.06 -0.01065838
1.08 -0.0101498
1.1 -0.01053269
1.12 -0.001941629
1.14 0.009532981
1.16 0.01343818
1.18 0.01572769
1.2 -4.39332e-05
1.22 -0.01408768
1.24 -0.004282792
1.26 0.0001772915
1.28 0.002780977
1.3 0.006416905
1.32 0.009388815
1.34 0.003898808
1.36 -0.008647558
1.38 -0.01875204
1.4 -0.002141704
1.42 0.01692888
1.44 -0.00912228
1.46 0.03516576
1.48 0.01713895
1.5 -0.02027092
1.52 0.003417211
1.54 -0.03683846
1.56 0.01701618
1.58 0.006182415
1.6 -0.0200972
1.62 0.04176852
1.64 -0.009290982
1.66 -0.01184131
1.68 -0.0009470305
1.7 0.002033078
1.72 0.0586713
1.74 -0.03636548
1.76 0.009182296
1.78 0.04704437
1.8 -0.07077716
1.82 -0.02823022
1.84 0.01808766
1.86 -0.00349178
1.88 -0.03441441
1.9 0.04284518
1.92 0.030204
1.94 -0.06253674
1.96 -0.0008260302
1.98 -0.002811255
2 -0.03844934
2.02 0.006363042
2.04 0.0347524
2.06 0.05216351
2.08 -0.006441908
2.1 -0.03451872
2.12 -0.001189492
2.14 -0.02270668
2.16 0.03381837
2.18 0.03603455
2.2 -0.03284837
2.22 0.02885011
2.24 0.01125891
2.26 -0.02822963
2.28 -0.02000974
2.3 -0.02078215
2.32 -0.01769488
2.34 0.003886002
2.36 0.06029582
2.38 0.05483549
2.4 -0.009399281
2.42 -0.04812996
2.44 -0.01531173
2.46 -0.00890129
2.48 -0.005760969
2.5 0.01238662
2.52 0.002938097
2.54 0.001001883
2.56 -0.03261247
2.58 0.001178858
2.6 0.04793745
2.62 -0.03674421
2.64 -0.04338773
2.66 -0.0008733485
2.68 0.01695295
2.7 0.06008749
2.72 -0.01563449
2.74 -0.02532574
2.76 0.01215493
2.78 0.00613364
2.8 0.002993847
2.82 0.002168436
2.84 0.01560365
2.86 -0.0395388
2.88 0.0004990314
2.9 0.02544597
2.92 0.01709195
2.94 -0.0347967
2.96 -0.01144912
2.98 0.07362784
3 -0.06099606
3.02 -0.05978859
3.04 0.04877081
3.06 0.02906115
3.08 0.02751257
3.1 0.0202061
3.12 0.0176151
3.14 -0.01722219
3.16 -0.0247092
3.18 0.01295818
3.2 -0.006638262
3.22 -0.03049116
3.24 0.03623806
3.26 0.09022543
3.28 -0.0570342
3.3 -0.01009501
3.32 0.04098027
3.34 -0.08251846
3.36 -0.08199436
3.38 0.002447166
3.4 -0.01316106
3.42 -0.007794008
3.44 0.02391965
3.46 -0.0007961553
3.48 0.05285158
3.5 -0.005422218
3.52 -0.03579493
3.54 -0.05794543
3.56 -0.09170862
3.58 -0.003248285
3.6 0.04182432
3.62 -0.00674417
3.64 -0.007376741
3.66 0.04803153
3.68 0.1388817
3.7 0.09583655
3.72 -0.03618935
3.74 -0.06104487
3.76 -0.05940793
3.78 -0.07094022
3.8 0.04178288
3.82 0.07243577
3.84 -0.04850886
3.86 -0.01307727
3.88 0.04148849
3.9 0.01896776
3.92 -0.08782129
3.94 -0.08405356
3.96 0.01307987
3.98 0.02698232
4 -0.01825279
4.02 -0.02308773
4.04 0.06613662
4.06 0.05575186
4.08 -0.0303934
4.1 -0.02483964
4.12 -0.08333678
4.14 -0.09628071
4.16 0.01299276
4.18 0.07585931
4.2 0.03014277
4.22 0.0571961
4.24 0.04895233
4.26 -0.0524664
4.28 -0.06127219
4.3 -0.0169931
4.32 0.04028385
4.34 0.01506422
4.36 0.0902024
4.38 0.1240999
4.4 0.02658475
4.42 0.002037308
4.44 -0.03719099
4.46 -0.1313269
4.48 -0.06606743
4.5 -0.04656208
4.52 -0.0715012
4.54 -0.03317278
4.56 0.08771036
4.58 0.1575058
4.6 -0.005320996
4.62 -0.1145794
4.64 -0.09061157
4.66 -0.0964471
4.68 -0.07141232
4.7 -0.007767497
4.72 -0.008358182
4.74 0.1238817
4.76 0.217491
4.78 0.1434022
4.8 0.09935851
4.82 0.02859591
4.84 -0.01634436
4.86 -0.01535507
4.88 -0.02134868
4.9 0.0150795
4.92 0.04191969
4.94 0.01642572
4.96 0.005192361
4.98 0.008168629
5 0.008366419
5.02 -3.643004e-05
5.04 -0.009330758
5.06 -0.03915054
5.08 -0.03885585
5.1 0.05260338
5.12 0.1696738
5.14 0.09052579
5.16 -0.03645613
5.18 -0.01443135
5.2 -0.02013935
5.22 -0.05800386
5.24 -0.1135194
5.26 -0.07223608
5.28 0.008390758
5.3 0.02755138
5.32 -0.02550399
5.34 -0.04017473
5.36 0.04025424
5.38 0.03075695
5.4 -0.03144068
5.42 -0.05911743
5.44 -0.05329738
5.46 -0.03028013
5.48 -0.01937027
5.5 -0.0191031
5.52 0.003966172
5.54 -0.002916853
5.56 -0.09506474
5.58 -0.05789804
5.6 -0.01051094
5.62 -0.006908362
5.64 0.09203361
5.66 0.1201122
5.68 0.02605174
5.7 -0.04262288
5.72 -0.07068313
5.74 -0.07874119
5.76 -0.02146722
5.78 0.00341256
5.8 -0.01251684
5.82 -0.01381637
5.84 0.008958141
5.86 0.01497507
5.88 0.00178438
5.9 -0.02317099
5.92 -0.001404236
5.94 0.003383595
5.96 -0.07188531
5.98 -0.008987057
6 -0.02017752
6.02 -0.09098495
6.04 0.001382129
6.06 0.03470344
6.08 -0.02780525
6.1 -0.06222316
6.12 -0.009725838
6.14 0.0518811
6.16 0.02052014
6.18 -0.004694295
6.2 0.02775289
6.22 0.1330046
6.24 0.09912731
6.26 -0.07462666
6.28 -0.1238183
6.3 -0.04038431
6.32 0.05268249
6.34 0.1095597
6.36 0.09438921
6.38 0.1063466
6.4 0.1365131
6.42 0.08676258
6.44 -0.02578016
6.46 -0.06821831
6.48 0.08196136
6.5 0.08340973
6.52 0.01345607
6.54 0.02964548
6.56 0.02624171
6.58 0.04107963
6.6 0.08330863
6.62 0.03463523
6.64 -0.1247306
6.66 -0.1886092
6.68 -0.1426398
6.7 -0.09062289
6.72 0.02800308
6.74 -0.02440862
6.76 -0.1067298
6.78 -0.04152731
6.8 0.003660715
6.82 0.04931284
6.84 0.1108658
6.86 0.1081444
6.88 0.1341381
6.9 0.202529
6.92 0.1046631
6.94 0.003229157
6.96 -0.03794214
6.98 -0.07479066
7 -0.1190852
7.02 -0.1851873
7.04 -0.08479792
7.06 -0.02569708
7.08 0.1094611
7.1 0.2379444
7.12 0.06540419
7.14 -0.01672213
7.16 -0.01439858
7.18 -0.08132996
7.2 -0.1561949
7.22 -0.1383092
7.24 -0.02138763
7.26 0.04737668
7.28 0.009321501
7.3 -0.00332344
7.32 -0.01248712
7.34 -0.02758516
7.36 -0.03180898
7.38 0.007414099
7.4 0.007387581
7.42 -0.005554177
7.44 -0.04848802
7.46 -0.07593825
7.48 0.01267323
7.5 0.04360065
7.52 0.05565196
7.54 0.05795513
7.56 0.04896484
7.58 0.134653
7.6 0.1119325
7.62 -0.03590423
7.64 -0.09870766
7.66 -0.08800479
7.68 -0.08923083
7.7 -0.07782824
7.72 -0.08169097
7.74 -0.04880616
7.76 0.01640244
7.78 0.1538178
7.8 0.1271867
7.82 0.0279091
7.84 0.04275114
7.86 0.1226508
7.88 0.004981582
7.9 -0.1300919
7.92 -0.04879687
7.94 0.06071646
7.96 0.09200702
7.98 -0.03326222
8 -0.02866813
8.02 -0.006409673
8.04 -0.0427543
8.06 -0.1743434
8.08 -0.1655103
8.1 -0.07815538
8.12 0.01789905
8.14 -0.02847216
8.16 -0.09468953
8.18 -0.007777347
8.2 0.03087761
8.22 0.07543429
8.24 0.1012638
8.26 0.07266299
8.28 0.06254767
8.3 0.1354685
8.32 0.1032162
8.34 0.02467923
8.36 -0.1045283
8.38 -0.07722077
8.4 0.05398492
8.42 0.1103186
8.44 0.09643125
8.46 0.06466031
8.48 0.002551519
8.5 0.1013885
8.52 0.2362285
8.54 0.1350108
8.56 0.005672826
8.58 -0.1234091
8.6 -0.1543121
8.62 -0.205565
8.64 -0.1964747
8.66 -0.2047276
8.68 -0.1609297
8.7 -0.04181818
8.72 0.01259376
8.74 0.01696755
8.76 -0.07542708
8.78 -0.2269593
8.8 -0.1630348
8.82 -0.0469904
8.84 -0.1164157
8.86 -0.188704
8.88 -0.1188146
8.9 -0.01175336
8.92 0.03012685
8.94 0.06249047
8.96 0.0580892
8.98 0.1425371
9 0.2137515
9.02 0.09796314
9.04 0.01487297
9.06 -0.005385221
9.08 0.005368675
9.1 0.04469685
9.12 0.08353644
9.14 0.1073188
9.16 0.09037663
9.18 0.1154983
9.2 0.1105727
9.22 0.03702667
9.24 -0.02192112
9.26 -0.05946831
9.28 -0.08077607
9.3 -0.05065135
9.32 -0.01457595
9.34 0.07323895
9.36 0.1528786
9.38 0.03026745
9.4 -0.002149131
9.42 0.04303283
9.44 0.04530543
9.46 -0.04763386
9.48 -0.2778774
9.5 -0.1944709
9.52 -0.1026596
9.54 -0.06102732
9.56 -0.001108399
9.58 0.08923916
9.6 0.1525914
9.62 0.08301929
9.64 0.09714837
9.66 0.04107493
9.68 0.01738956
9.7 0.05397497
9.72 0.05022344
9.74 -0.008149066
9.76 -0.04550346
9.78 -0.03755966
9.8 -0.01283583
9.82 0.05111414
9.84 0.08155913
9.86 0.0252154
9.88 -0.02122413
9.9 -0.105628
9.92 -0.07709045
9.94 0.03255347
9.96 0.0181348
9.98 -0.01028439
10 -0.0009544084
10.02 0.1062803
10.04 0.1264814
10.06 0.02610021
10.08 0.001436662
10.1 0.00241081
10.12 -0.02827584
10.14 -0.06953377
10.16 -0.08912282
10.18 -0.08651973
10.2 -0.05815858
10.22 -0.03148757
10.24 -0.001795326
10.26 0.06439456
10.28 0.07050951
10.3 0.03554192
10.32 0.03865298
10.34 0.04512187
10.36 0.03530544
10.38 0.03587669
10.4 0.0966157
10.42 0.07203987
10.44 0.01121936
10.46 0.01308907
10.48 0.008470559
10.5 -0.000510489
10.52 -0.02048204
10.54 -0.03096963
10.56 -0.03508834
10.58 -0.02178443
10.6 0.04514292
10.62 0.05642316
10.64 0.01809671
10.66 -0.07733137
10.68 -0.07831052
10.7 0.01042851
10.72 0.004948107
10.74 0.0033233
10.76 -0.03829775
10.78 -0.06821634
10.8 -0.01354224
10.82 0.004994274
10.84 -0.0139379
10.86 -0.05969198
10.88 -0.05868213
10.9 -0.01371843
10.92 0.0008676238
10.94 0.01221721
10.96 0.001531752
10.98 -0.01554096
11 -0.01297254
11.02 0.001792016
11.04 0.008796411
11.06 0.0008343462
11.08 -0.008761758
11.1 0.001989096
11.12 0.01421079
11.14 0.02430986
11.16 0.03687326
11.18 0.01802882
11.2 -0.006131866
11.22 -0.01472837
11.24 -0.0005186952
11.26 0.03083922
11.28 0.009645716
11.3 -0.004934108
11.32 0.001177789
11.34 0.002311064
11.36 -0.01314902
11.38 -0.04852358
11.4 -0.07948766
11.42 -0.08637566
11.44 -0.08025868
11.46 -0.08058706
11.48 -0.0855238
11.5 -0.06127324
11.52 -0.02075573
11.54 0.03729049
11.56 0.08764999
11.58 0.06162066
11.6 0.0383229
11.62 0.04018548
11.64 0.04811807
11.66 0.05740319
11.68 0.03968381
11.7 0.01358207
11.72 0.001066724
11.74 -0.02285833
11.76 -0.03645692
11.78 -0.02983095
11.8 -0.02906691
11.82 -0.03215235
11.84 -0.02004489
11.86 -0.01053639
11.88 -0.02056702
11.9 -0.03139936
11.92 -0.02956228
11.94 -0.02733046
11.96 -0.01511387
11.98 0.01266487
12 0.03105145
12.02 0.02973877
12.04 0.02198172
12.06 0.0166635
12.08 0.006894001
12.1 -0.003216181
12.12 0.01306919
12.14 0.04312967
12.16 0.04640598
12.18 0.05089097
12.2 0.05939783
12.22 0.06208151
12.24 0.05076772
12.26 0.04299946
12.28 0.04326472
12.3 0.03858604
12.32 0.0197059
12.34 0.0007523156
12.36 -0.004410866
12.38 -0.003231688
12.4 -0.02673957
12.42 -0.07651449
12.44 -0.07129509
12.46 -0.05696505
12.48 -0.02359264
12.5 0.01709828
12.52 -0.003820842
12.54 -0.03396892
12.56 -0.02504591
12.58 -0.009224627
12.6 -0.01333415
12.62 -0.03090461
12.64 -0.0326712
12.66 0.004025405
12.68 0.010734
12.7 -0.03461207
12.72 -0.0552966
12.74 -0.05088198
12.76 -0.0350148
12.78 -0.01535017
12.8 0.005854671
12.82 0.03108035
12.84 0.04359274
12.86 0.01446977
12.88 -0.04388438
12.9 -0.04859876
12.92 -0.02821706
12.94 -0.008749285
12.96 -0.002021307
12.98 0.05352693
13 0.06190323
13.02 0.02255882
13.04 0.02104622
13.06 0.02116766
13.08 0.01761404
13.1 0.01239068
13.12 0.01791199
13.14 0.04987069
13.16 0.06104281
13.18 0.005602805
13.2 -0.02400569
13.22 -0.01858536
13.24 0.04341947
13.26 0.06261491
13.28 0.003527391
13.3 -0.02984593
13.32 -0.03523352
13.34 -0.03647684
13.36 -0.0218561
13.38 -0.01787702
13.4 0.01499968
13.42 0.04657485
13.44 -0.0003359136
13.46 -0.05106963
13.48 -0.04522497
13.5 0.01205929
13.52 0.05603053
13.54 0.04319796
13.56 0.01414434
13.58 0.008238602
13.6 0.01079274
13.62 0.02407217
13.64 0.02724035
13.66 0.01736579
13.68 0.01109692
13.7 0.01804623
13.72 0.03256701
13.74 0.04015077
13.76 0.008070806
13.78 -0.02025658
13.8 -0.0226066
13.82 -0.02835731
13.84 -0.04417031
13.86 -0.04991898
13.88 -0.0106173
13.9 0.02990124
13.92 0.0427339
13.94 0.02171278
13.96 0.00777964
13.98 0.05758935
14 0.06197949
14.02 -0.006879636
14.04 -0.03621886
14.06 -0.02762224
14.08 -0.01427549
14.1 -0.004515057
14.12 -0.007674963
14.14 -0.01813093
14.16 -0.01907846
14.18 -0.01204244
14.2 -0.002668586
14.22 0.000538348
14.24 -0.005841698
14.26 -0.02605193
14.28 -0.03874883
14.3 -0.0238323
14.32 -0.01124544
14.34 -0.01023151
14.36 -0.01330778
14.38 -0.01007024
14.4 0.00635895
14.42 0.0215315
14.44 0.02775662
14.46 -0.01648379
14.48 -0.0548898
14.5 -0.05028955
14.52 -0.03938671
14.54 -0.0288317
14.56 0.008526872
14.58 0.07027772
14.6 0.05305915
14.62 0.02414016
14.64 0.02563453
14.66 0.02318046
14.68 0.01821821
14.7 0.01552036
14.72 0.01968201
14.74 0.02598056
14.76 0.02615809
14.78 0.01740144
14.8 0.01099997
14.82 0.01420589
14.84 0.01320124
14.86 0.001115308
14.88 -0.008871461
14.9 -0.01595225
14.92 -0.0206034
14.94 -0.02960484
14.96 -0.03941414
14.98 -0.03943755
15 -0.03047068
15.02 -0.02419355
15.04 -0.02763191
15.06 -0.03245952
15.08 -0.02145674
15.1 -0.001986928
15.12 0.01392104
15.14 0.01394659
15.16 0.0009569404
15.18 0.002547169
15.2 0.02668246
15.22 0.02492606
15.24 -0.008109643
15.26 -0.02700101
15.28 -0.03965713
15.3 -0.04053325
15.32 -0.02980179
15.34 -0.01852768
15.36 -0.01521671
15.38 -0.01800534
15.4 -0.01372435
15.42 -0.003528388
15.44 0.007626379
15.46 0.006182107
15.48 -2.454507e-05
15.5 -0.0005191977
15.52 -0.00273153
15.54 -0.005870023
15.56 -0.01131678
15.58 -0.0149265
15.6 -0.008787082
15.62 0.007666585
15.64 0.02894995
15.66 0.034254
15.68 0.0263878
15.7 0.02347064
15.72 0.02095436
15.74 0.01307184
15.76 0.004947588
15.78 0.002846434
15.8 0.008331019
15.82 0.01741009
15.84 0.01343927
15.86 -0.005740765
15.88 -0.01266142
15.9 -0.005262294
15.92 -0.003277331
15.94 0.0005732144
15.96 0.007326679
15.98 0.01901899
16 0.009963467
16.02 -0.01956752
16.04 -0.02416054
16.06 0.0001012199
16.08 0.03059212
16.1 0.0337613
16.12 0.01267081
16.14 -0.004159146
16.16 -0.006672382
16.18 0.0002952807
16.2 0.003730684
16.22 0.002683187
16.24 0.008433989
16.26 0.01464481
16.28 0.01755083
16.3 0.01672366
16.32 0.01253048
16.34 0.004099201
16.36 -0.002009537
16.38 -0.006291455
16.4 -0.01089875
16.42 -0.01571413
16.44 -0.02066721
16.46 -0.03082943
16.48 -0.05318167
16.5 -0.04322642
16.52 -0.01007129
16.54 0.05985383
16.56 0.06934089
16.58 -0.004216364
16.6 -0.03748567
16.62 -0.01996814
16.64 0.003648976
16.66 0.003246116
16.68 -0.000728784
16.7 -0.002966624
16.72 -0.008191024
16.74 -0.0221252
16.76 -0.03383987
16.78 -0.03664993
16.8 -0.03140403
16.82 -0.02119583
16.84 -0.00581215
16.86 0.009617428
16.88 0.0177693
16.9 0.01660858
16.92 0.01698501
16.94 0.02861202
16.96 0.0462448
16.98 0.06397549
17 0.05427534
17.02 0.01093557
17.04 -0.007114312
17.06 -0.002861894
17.08 0.005486842
17.1 0.003626399
17.12 -0.01318113
17.14 -0.02423279
17.16 -0.01430713
17.18 0.001993525
17.2 0.0009286818
17.22 -0.008363481
17.24 -0.01211092
17.26 -0.009459911
17.28 -0.01041765
17.3 -0.01933548
17.32 -0.02849505
17.34 -0.03382145
17.36 -0.02906822
17.38 -0.01619986
17.4 0.009061496
17.42 0.04800105
17.44 0.05272165
17.46 0.01833339
17.48 0.002910014
17.5 0.005815008
17.52 0.01063046
17.54 0.0152205
17.56 0.0235427
17.58 0.02692404
17.6 0.01478404
17.62 0.004806429
17.64 0.009456641
17.66 0.0214988
17.68 0.01811752
17.7 0.00816848
17.72 0.004691333
17.74 0.009257905
17.76 0.01271574
17.78 0.007175129
17.8 0.0002738409
17.82 0.001746753
17.84 0.001792684
17.86 -0.004949484
17.88 -0.005651213
17.9 0.002408858
17.92 0.005006829
17.94 0.0009054402
17.96 0.000302651
17.98 0.003469781
18 0.003180132
18.02 -0.008314217
18.04 -0.01620287
18.06 -0.01517671
18.08 -0.009430008
18.1 -0.001445417
18.12 0.001485072
18.14 -0.003428239
18.16 -0.009019849
18.18 -0.0060149
18.2 0.001922769
18.22 0.006643357
18.24 0.003313086
18.26 -1.718479e-05
18.28 -0.0004649363
18.3 0.001826012
18.32 0.0077655
18.34 0.01261869
18.36 0.01023497
18.38 0.004107864
18.4 -0.002954588
18.42 -0.00841972
18.44 -0.002974934
18.46 0.007039454
18.48 0.01698652
18.5 0.01926727
18.52 0.01182946
18.54 0.002719861
18.56 -0.006648812
18.58 -0.01436407
18.6 -0.0137449
18.62 -0.005465534
18.64 -0.002076048
18.66 -0.01046654
18.68 -0.01564914
18.7 -0.01141305
18.72 -0.005914206
18.74 -0.007547201
18.76 -0.01522676
18.78 -0.01483709
18.8 -0.008436565
18.82 -0.008129521
18.84 -0.01602123
18.86 -0.02210959
18.88 -0.02273585
18.9 -0.02128742
18.92 -0.01999608
18.94 -0.01872514
18.96 -0.01462063
18.98 -0.008620969
19 -0.004012585
19.02 -0.004714322
19.04 -0.009518499
19.06 -0.0145379
19.08 -0.01515497
19.1 -0.009801991
19.12 -0.007985348
19.14 -0.01325567
19.16 -0.01562816
19.18 -0.008821682
19.2 0.0009693201
19.22 0.0119833
19.24 0.01353984
19.26 0.0007643653
19.28 -0.01364617
19.3 -0.01744973
19.32 -0.008797051
19.34 -0.001321449
19.36 -0.001046029
19.38 -0.01139289
19.4 -0.01589821
19.42 -0.008041127
19.44 0.003011613
19.46 0.007946393
19.48 0.007039633
19.5 0.008054554
19.52 0.009204113
19.54 0.009467292
19.56 0.004060292
19.58 -0.005020748
19.6 -0.01137941
19.62 -0.008362229
19.64 -0.001714871
19.66 0.0003027079
19.68 0.0009749066
19.7 0.005071245
19.72 0.008697364
19.74 0.009033981
19.76 0.00692872
19.78 0.005816938
19.8 0.007885515
19.82 0.007981413
19.84 0.004737831
19.86 0.007144028
19.88 0.01572021
19.9 0.02432189
19.92 0.02127924
19.94 0.005535558
19.96 -0.01037336
19.98 -0.01343539
20 -0.007468372
20.02 -0.0002753158
20.04 0.00605176
20.06 0.007249256
20.08 0.004658473
20.1 0.001374089
20.12 0.002503244
20.14 0.006158939
20.16 0.01128241
20.18 0.01465251
20.2 0.015391
20.22 0.01575822
20.24 0.0120842
20.26 0.008817151
20.28 0.01359383
20.3 0.01920792
20.32 0.01591945
20.34 0.00689859
20.36 0.006317204
20.38 0.01377444
20.4 0.01822267
20.42 0.02315234
20.44 0.03243334
20.46 0.03368898
20.48 0.0233625
20.5 0.01206194
20.52 0.007038453
20.54 0.004960726
20.56 0.002694299
20.58 -0.0001698477
20.6 -0.003241055
20.62 -0.002954422
20.64 0.00146831
20.66 0.006045062
20.68 0.004451835
20.7 0.0008073868
20.72 -0.003777501
20.74 -0.01081141
20.76 -0.01561764
20.78 -0.01767802
20.8 -0.01539016
20.82 -0.0151586
20.84 -0.01668146
20.86 -0.01127748
20.88 -0.00174965
20.9 0.005176161
20.92 0.005735132
20.94 0.003971563
20.96 0.004530533
20.98 0.003570724
21 0.0006219141
21.02 -0.003379536
21.04 -0.007959326
21.06 -0.01156807
21.08 -0.008215326
21.1 -0.0007162762
21.12 0.0006117734
21.14 -0.002919457
21.16 -0.0009263677
21.18 0.007007201
21.2 0.005621031
21.22 -0.004695241
21.24 -0.01280627
21.26 -0.01159552
21.28 -0.01313469
21.3 -0.0200105
21.32 -0.02563478
21.34 -0.02787265
21.36 -0.02488914
21.38 -0.02299601
21.4 -0.02477081
21.42 -0.02432098
21.44 -0.02134664
21.46 -0.02190968
21.48 -0.01905571
21.5 -0.01172599
21.52 -0.002090038
21.54 0.007004289
21.56 0.01113836
21.58 0.006025102
21.6 -0.004682851
21.62 -0.008388503
21.64 -0.004557377
21.66 -0.00177787
21.68 -0.001770724
21.7 -0.001914538
21.72 -0.0006242317
21.74 0.0006477143
21.76 -0.002322519
21.78 -0.008096733
21.8 -0.009908247
21.82 -0.005877203
21.84 0.001472923
21.86 0.01009601
21.88 0.0136752
21.9 0.01323252
21.92 0.009435064
21.94 0.00310291
21.96 -0.003505665
21.98 -0.005964881
22 -0.002736576
22.02 -0.002175571
22.04 -0.003847347
22.06 -0.004970362
22.08 0.0003489421
22.1 0.004519726
22.12 0.00333449
22.14 0.004345314
22.16 0.01316832
22.18 0.02413638
22.2 0.02732797
22.22 0.02142625
22.24 0.01754516
22.26 0.02195054
22.28 0.02029303
22.3 0.01150574
22.32 0.002396126
22.34 -0.002643691
22.36 -0.004220608
22.38 -0.005342605
22.4 -0.005663902
22.42 -0.00392888
22.44 0.001840243
22.46 0.007003485
22.48 0.009033288
22.5 0.00701675
22.52 0.001050773
22.54 0.002075874
22.56 0.005522456
22.58 0.003048958
22.6 0.00129048
22.62 0.005420461
22.64 0.01117225
22.66 0.01401703
22.68 0.01281036
22.7 0.009690187
22.72 0.006195669
22.74 0.00267667
22.76 -4.672908e-05
22.78 -0.003004728
22.8 -0.001102427
22.82 0.001574053
22.84 0.006189554
22.86 0.01197703
22.88 0.008617155
22.9 0.003657916
22.92 0.004808476
22.94 0.005324596
22.96 -0.0002313434
22.98 -0.006772603
23 -0.007074523
23.02 -0.006138163
23.04 -0.009464383
23.06 -0.01630859
23.08 -0.0196195
23.1 -0.0156823
23.12 -0.008714685
23.14 -0.008838105
23.16 -0.01599238
23.18 -0.01826801
23.2 -0.01334957
23.22 -0.005360928
23.24 -0.00420629
23.26 -0.00879527
23.28 -0.01134732
23.3 -0.009033953
23.32 -0.003315835
23.34 0.0004948838
23.36 0.002408403
23.38 0.001530181
23.4 -0.0009249608
23.42 -0.001687923
23.44 -0.0003058244
23.46 0.001161954
23.48 0.0003010718
23.5 -0.0004455702
23.52 -0.004218552
23.54 -0.004513335
23.56 -0.0007474968
23.58 -0.0002895192
23.6 -0.002067381
23.62 -0.001579824
23.64 -0.0006393865
23.66 0.0006998708
23.68 0.003532408
23.7 0.004807405
23.72 0.001702522
23.74 -0.00330976
23.76 -0.003738163
23.78 -0.002269367
23.8 -0.002945629
23.82 -0.003301613
23.84 -0.001035176
23.86 0.00531942
23.88 0.006085437
23.9 0.004086233
23.92 0.005385709
23.94 0.003370187
23.96 0.001257763
23.98 0.003674139
24 0.007293095
24.02 0.008031571
24.04 0.009309627
24.06 0.01334882
24.08 0.01801838
24.1 0.01592941
24.12 0.01093549
24.14 0.009962406
24.16 0.01271436
24.18 0.01372926
24.2 0.01103544
24.22 0.009819588
24.24 0.01049177
24.26 0.008646579
24.28 0.003555754
24.3 -0.00124743
24.32 -0.003066095
24.34 -0.001630961
24.36 -0.003903525
24.38 -0.00740825
24.4 -0.007643876
24.42 -0.006078181
24.44 -0.005921105
24.46 -0.008678171
24.48 -0.007993756
24.5 -0.006839121
24.52 -0.008981127
24.54 -0.01230123
24.56 -0.01331818
24.58 -0.01067638
24.6 -0.006210829
24.62 -0.005257136
24.64 -0.005012341
24.66 -0.001548427
24.68 0.003210887
24.7 0.001968521
24.72 -0.002599045
24.74 -0.003513991
24.76 -0.003826117
24.78 -0.004073984
24.8 -0.006192529
24.82 -0.006467936
24.84 -0.007252322
24.86 -0.01041025
24.88 -0.0115547
24.9 -0.01086212
24.92 -0.008549788
24.94 -0.006314975
24.96 -0.008630382
24.98 -0.01123444
25 -0.01094273
25.02 -0.007488001
25.04 -0.006114069
25.06 -0.005964135
25.08 -0.002814382
25.1 -0.00137925
25.12 -0.003025536
25.14 -0.006328304
25.16 -0.00690665
25.18 -0.009287338
25.2 -0.01236367
25.22 -0.009673932
25.24 -0.002594119
25.26 0.004407153
25.28 0.0101783
25.3 0.01243046
25.32 0.01166137
25.34 0.01110649
25.36 0.01209077
25.38 0.01108709
25.4 0.007028501
25.42 0.007663952
25.44 0.01466727
25.46 0.02253145
25.48 0.02697151
25.5 0.02562408
25.52 0.02124012
25.54 0.01887574
25.56 0.0140083
25.58 0.00900009
25.6 0.005910501
25.62 0.004364174
25.64 0.007425185
25.66 0.01052802
25.68 0.01482628
25.7 0.01695502
25.72 0.01461717
25.74 0.009533484
25.76 0.005428996
25.78 0.003179887
25.8 0.0005972392
25.82 -0.003002349
25.84 -0.004940357
25.86 -0.002627006
25.88 0.001860985
25.9 0.002112916
25.92 -0.001258192
25.94 -0.002548501
25.96 -0.001492809
25.98 -0.002084418
26 -0.004123406
26.02 -0.002058935
26.04 0.001685476
26.06 0.001592647
26.08 -0.0001107618
26.1 0.004399669
26.12 0.00739438
26.14 0.002993071
26.16 -0.001873358
26.18 0.0006093135
26.2 0.007965544
26.22 0.01076442
26.24 0.004931026
26.26 0.0003542772
26.28 -3.843188e-05
26.3 5.437897e-05
26.32 -0.0005688502
26.34 -0.003786959
26.36 -0.007564029
26.38 -0.009079757
26.4 -0.009939627
26.42 -0.01007734
26.44 -0.008497366
26.46 -0.008138335
26.48 -0.009291965
26.5 -0.009475574
26.52 -0.008584103
26.54 -0.01136464
26.56 -0.0149887
26.58 -0.01649321
26.6 -0.01276716
26.62 -0.00626671
26.64 -0.00359126
26.66 -0.00313125
26.68 -0.006000519
26.7 -0.008014009
26.72 -0.008200678
26.74 -0.009399188
26.76 -0.008612778
26.78 -0.007151127
26.8 -0.003576037
26.82 0.001402573
26.84 0.002790783
26.86 0.004437053
26.88 0.004146344
26.9 0.0003203143
26.92 -0.004305396
26.94 -0.006532065
26.96 -0.004374775
26.98 -0.003387425
27 -0.004362555
27.02 -0.001008805
27.04 0.005224406
27.06 0.005211135
27.08 -0.001650414
27.1 -0.007964224
27.12 -0.006446473
27.14 -0.002993783
27.16 -0.005954854
27.18 -0.0113374
27.2 -0.01154958
27.22 -0.008562004
27.24 -0.006244573
27.26 -0.004814543
27.28 -0.002967333
27.3 -0.0004357035
27.32 0.001541046
27.34 0.0008423364
27.36 -0.0005907736
27.38 0.003430056
27.4 0.008890106
27.42 0.009753015
27.44 0.003961446
27.46 -0.003269343
27.48 -0.006940334
27.5 -0.008079684
27.52 -0.007523794
27.54 -0.006354884
27.56 -0.004705554
27.58 0.001653115
27.6 0.008224965
27.62 0.009819216
27.64 0.01047099
27.66 0.01100954
27.68 0.008899145
27.7 0.004907875
27.72 0.005556585
27.74 0.006514355
27.76 0.003476784
27.78 0.0006217946
27.8 0.0008094644
27.82 0.002037534
27.84 0.0005656643
27.86 0.0006798941
27.88 0.003608304
27.9 0.003882674
27.92 0.001654984
27.94 0.004725174
27.96 0.009881264
27.98 0.008826573
28 0.004544603
28.02 0.004972993
28.04 0.009326342
28.06 0.009040733
28.08 0.004877083
28.1 0.003603092
28.12 0.006701843
28.14 0.005499252
28.16 -0.0003167975
28.18 -0.002869867
28.2 -0.003475758
28.22 -0.001198108
28.24 0.0002788421
28.26 0.000258432
28.28 0.0005430019
28.3 -0.001091048
28.32 -0.001055358
28.34 -0.003432988
28.36 -0.006846939
28.38 -0.007171308
28.4 -0.005641318
28.42 -0.002348768
28.44 -0.001002378
28.46 -0.003298408
28.48 -0.003297399
28.5 -0.003644208
28.52 -0.006419638
28.54 -0.007733408
28.56 -0.005284398
28.58 0.002128952
28.6 0.008176522
28.62 0.006015132
28.64 -0.001644058
28.66 -0.003324008
28.68 0.001474063
28.7 0.003859832
28.72 -0.0009331575
28.74 -0.003656567
28.76 0.002370603
28.78 0.008474272
28.8 0.006932023
28.82 0.003095793
28.84 0.004638024
28.86 0.005209214
28.88 1.944389e-05
28.9 -0.004156446
28.92 -0.002991616
28.94 0.002868274
28.96 0.004374805
28.98 0.002520435
29 0.003047766
29.02 0.003725036
29.04 0.002956966
29.06 0.001799256
29.08 0.0002039669
29.1 -0.002962123
29.12 -0.004534972
29.14 -0.004914422
29.16 -0.006268991
29.18 -0.007100301
29.2 -0.00655461
29.22 -0.00242974
29.24 0.00125449
29.26 0.001081081
29.28 -0.0003785484
29.3 -0.0005805178
29.32 0.001866453
29.34 0.0001518233
29.36 -0.003440626
29.38 -0.006985135
29.4 -0.007830725
29.42 -0.006455774
29.44 -0.004463723
29.46 -0.003232592
29.48 -0.003220362
29.5 -0.0005316511
29.52 0.002788439
29.54 0.003573831
29.56 0.0004801612
29.58 -0.002484988
29.6 -0.0004368371
29.62 0.0005790738
29.64 -0.0006653353
29.66 -7.068433e-05
29.68 0.002483386
29.7 0.005452597
29.72 0.002016209
29.74 -0.0033388
29.76 -0.003022609
29.78 -8.909826e-05
29.8 0.002749553
29.82 0.004726303
29.84 0.006575555
29.86 0.008468666
29.88 0.007529237
29.9 0.004367228
29.92 0.0002678399
29.94 -0.001951688
29.96 -0.001448838
29.98 -5.042623e-05
30 0.001121545
30.02 0.002287397
30.04 4.236787e-05
30.06 -0.002533141
30.08 0.0006818908
30.1 0.006974262
30.12 0.008396134
30.14 0.008375725
30.16 0.01065949
30.18 0.01107565
30.2 0.00767496
30.22 0.005469711
30.24 0.005319763
30.26 0.002505574
30.28 0.001863986
30.3 0.004748538
30.32 0.00679975
30.34 0.004643462
30.36 0.004431294
30.38 0.005347245
30.4 0.003469417
30.42 0.00268095
30.44 0.0002982215
30.46 -7.612649e-05
30.48 0.002792105
30.5 0.004890237
30.52 0.00488207
30.54 0.001722102
30.56 -0.0006789861
30.58 -0.0008248539
30.6 -0.001265502
30.62 -0.00180305
30.64 -0.003503398
30.66 -0.005270045
30.68 -0.005520973
30.7 -0.00308318
30.72 0.0005735121
30.74 0.002362584
30.76 0.002038217
30.78 -0.0002159906
30.8 -0.003510598
30.82 -0.006658325
30.84 -0.007909872
30.86 -0.00846986
30.88 -0.009721407
30.9 -0.01073428
30.92 -0.011179
30.94 -0.01114637
30.96 -0.01037322
30.98 -0.009743884
31 -0.007500911
31.02 -0.004898898
31.04 -0.006015806
31.06 -0.009282872
31.08 -0.012349
31.1 -0.01354649
31.12 -0.01042632
31.14 -0.00875964
31.16 -0.008220066
31.18 -0.008123174
31.2 -0.008056881
31.22 -0.006570748
31.24 -0.006446314
31.26 -0.00760606
31.28 -0.009172787
31.3 -0.008257854
31.32 -0.00664218
31.34 -0.005300888
31.36 -0.004828634
31.38 -0.00239186
31.4 -0.003722966
31.42 -0.006571833
31.44 -0.007653039
31.46 -0.008145706
31.48 -0.004724632
31.5 -0.002335798
31.52 -0.003186485
31.54 -0.00229399
31.56 -0.000684437
31.58 -0.0003458032
31.6 -0.0001336492
31.62 0.001102585
31.64 0.003786199
31.66 0.005837413
31.68 0.005436546
31.7 0.00170334
31.72 0.001400395
31.74 0.0006782292
31.76 -0.0009343965
31.78 -0.002144122
31.8 -0.003969927
31.82 -0.004087234
31.84 -0.003950559
31.86 -0.003778185
31.88 -0.00210131
31.9 0.002696764
31.92 0.008049718
31.94 0.009447113
31.96 0.008992187
31.98 0.0113953
32 0.01198282
32.02 0.009059492
32.04 0.007719207
32.06 0.009934641
32.08 0.01161254
32.1 0.01175431
32.12 0.01144422
32.14 0.0113565
32.16 0.01144014
32.18 0.009817311
32.2 0.01122491
32.22 0.01072816
32.24 0.01059453
32.26 0.01168083
32.28 0.01037727
32.3 0.009536782
32.32 0.0109352
32.34 0.01195723
32.36 0.009843788
32.38 0.008737084
32.4 0.01036194
32.42 0.01138193
32.44 0.00983663
32.46 0.009762166
32.48 0.01161652
32.5 0.01062915
32.52 0.006466533
32.54 0.003624809
32.56 0.001821445
32.58 -0.0002256995
32.6 -0.0004970236
32.62 -0.001261007
32.64 -0.001375251
32.66 -0.0006398356
32.68 0.0005107204
32.7 -0.001118223
32.72 -0.004662727
32.74 -0.004790231
32.76 -0.003240855
32.78 0.0002873213
32.8 0.001424618
32.82 0.002365054
32.84 0.003699211
32.86 0.002508867
32.88 0.0003944032
32.9 -0.0007143402
32.92 -0.001652744
32.94 -0.001093787
32.96 -0.0005246304
32.98 6.084624e-05
33 0.000379083
33.02 0.00174792
33.04 0.004034756
33.06 0.003840953
33.08 0.00222629
33.1 0.0003229672
33.12 -0.001951635
33.14 -0.004608739
33.16 -0.006827242
33.18 -0.005360484
33.2 -0.002571808
33.22 -0.00158037
33.24 -0.002288253
33.26 -0.004622015
33.28 -0.005653238
33.3 -0.005703221
33.32 -0.004828064
33.34 -0.003154246
33.36 0.0009328911
33.38 0.004132629
33.4 0.003817446
33.42 0.001864144
33.44 0.002128321
33.46 0.001564259
33.48 -0.0003951632
33.5 -0.002027165
33.52 -0.001925167
33.54 -0.00233623
33.56 -0.005453352
33.58 -0.006796693
33.6 -0.007418896
33.62 -0.007182257
33.64 -0.00692012
33.66 -0.008370562
33.68 -0.0112847
33.7 -0.01271577
33.72 -0.01137446
33.74 -0.009086609
33.76 -0.005989891
33.78 -0.003594932
33.8 -0.005134114
33.82 -0.007030295
33.84 -0.007437277
33.86 -0.008816318
33.88 -0.00891526
33.9 -0.006935441
33.92 -0.004189602
33.94 -0.002023124
33.96 0.0005044345
33.98 0.0008828533
34 0.0006829321
34.02 9.949093e-05
34.04 0.0004544498
34.06 0.0006329487
34.08 0.0001372277
34.1 -0.0008491132
34.12 -0.001753854
34.14 -0.001053115
34.16 -0.001477436
34.18 -0.001986417
34.2 -0.0006502176
34.22 0.0009522015
34.24 0.001279621
34.26 0.00111846
34.28 0.001850819
34.3 0.002243519
34.32 0.0002320785
34.34 -0.002035382
34.36 -0.002212862
34.38 -0.001580463
34.4 -0.001593723
34.42 -0.001798744
34.44 -0.002009884
34.46 -0.002020084
34.48 -0.003788764
34.5 -0.005513585
34.52 -0.006071525
34.54 -0.006296945
34.56 -0.007356725
34.58 -0.008287985
34.6 -0.008101325
34.62 -0.007808585
34.64 -0.005581925
34.66 -0.002994184
34.68 -0.002286305
34.7 -0.002106784
34.72 -0.002889124
34.74 -0.004727164
34.76 -0.005130063
34.78 -0.005383023
34.8 -0.003469502
34.82 -8.718233e-05
34.84 0.001198018
34.86 -9.942134e-05
34.88 -0.001749781
34.9 -0.00167838
34.92 -0.0004921195
34.94 -0.001347898
34.96 -0.004097818
34.98 -0.003937677
35 -0.003496016
35.02 -0.005597215
35.04 -0.005067834
35.06 -0.001876254
35.08 -0.0003095331
35.1 0.002282288
35.12 0.005090348
35.14 0.00605017
35.16 0.00590227
35.18 0.003912252
35.2 0.002313913
35.22 0.003100334
35.24 0.003124816
35.26 0.002508737
35.28 0.002854518
35.3 0.004304959
35.32 0.005323941
35.34 0.005039362
35.36 0.005650344
35.38 0.005832925
35.4 0.005527946
35.42 0.005006728
35.44 0.00612261
35.46 0.007772971
35.48 0.008090193
35.5 0.009138755
35.52 0.0102526
35.54 0.007820918
35.56 0.00490678
35.58 0.004428402
35.6 0.004703803
35.62 0.005107726
35.64 0.006284807
35.66 0.00703655
35.68 0.007618971
35.7 0.008034114
35.72 0.006863156
35.74 0.004428418
35.76 0.00385824
35.78 0.004851722
35.8 0.006394984
35.82 0.007597566
35.84 0.007120208
35.86 0.006229752
35.88 0.006428654
35.9 0.006834615
35.92 0.005629998
35.94 0.0069662
35.96 0.006972323
35.98 0.004674266
36 0.004299929
36.02 0.005563711
36.04 0.007608813
36.06 0.006543936
36.08 0.007485398
36.1 0.009032741
36.12 0.008367705
36.14 0.007683287
36.16 0.007347709
36.18 0.006031913
36.2 0.002864815
36.22 0.001783619
36.24 0.002130421
36.26 0.002170204
36.28 0.001912148
36.3 0.001156331
36.32 -0.0003828465
36.34 0.001192037
36.36 0.00159698
36.38 0.0009237827
36.4 0.001535786
36.42 0.001764269
36.44 0.001590872
36.46 -0.001166184
36.48 -0.002404461
36.5 -0.001855698
36.52 -0.001649655
36.54 -0.001068251
36.56 -0.001230428
36.58 -0.002323864
36.6 -0.003827341
36.62 -0.004031338
36.64 -0.003850794
36.66 -0.005788791
36.68 -0.006685367
36.7 -0.005247163
36.72 -0.004211859
36.74 -0.005854056
36.76 -0.006888333
36.78 -0.007472788
36.8 -0.009149665
36.82 -0.01092854
36.84 -0.01338266
36.86 -0.01527781
36.88 -0.01423435
36.9 -0.01139977
36.92 -0.009028262
36.94 -0.008417278
36.96 -0.009241435
36.98 -0.01053479
37 -0.01248299
37.02 -0.01331632
37.04 -0.0137131
37.06 -0.01440873
37.08 -0.01403235
37.1 -0.01189545
37.12 -0.009237322
37.14 -0.008059218
37.16 -0.006942314
37.18 -0.005408229
37.2 -0.003566106
37.22 -0.001274162
37.24 -0.001291497
37.26 -0.001009973
37.28 -0.001636248
37.3 -0.001604625
37.32 -0.00250732
37.34 -0.003165216
37.36 -0.001741291
37.38 -0.001041567
37.4 0.0002211973
37.42 0.0009352018
37.44 0.002324446
37.46 0.003011931
37.48 0.002880355
37.5 0.00166758
37.52 0.001526824
37.54 0.002570289
37.56 0.003294493
37.58 0.004041138
37.6 0.007594823
37.62 0.009762327
37.64 0.008647471
37.66 0.007752936
37.68 0.008688281
37.7 0.01004081
37.72 0.008813751
37.74 0.005901655
37.76 0.00613014
37.78 0.007563245
37.8 0.007182789
37.82 0.006520814
37.84 0.004992859
37.86 0.004310484
37.88 0.002650949
37.9 0.001764573
37.92 0.002117499
37.94 0.002557123
37.96 0.002350068
37.98 0.001470833
38 0.001934938
38.02 0.001370883
38.04 0.001640168
38.06 0.002901913
38.08 0.004553298
38.1 0.004717523
38.12 0.002129788
38.14 -0.0002468069
38.16 -0.0006894819
38.18 -0.001012817
38.2 -0.0006517317
38.22 0.0008109533
38.24 0.0004916984
38.26 -0.0007098565
38.28 -0.001511572
38.3 -0.002927326
38.32 -0.002136821
38.34 -0.001227996
38.36 -0.001799191
38.38 -0.001149445
38.4 -0.00148094
38.42 -0.002642715
38.44 -0.00299971
38.46 -0.003692285
38.48 -0.003620879
38.5 -0.002901774
38.52 -0.003545389
38.54 -0.003311804
38.56 -0.003450518
38.58 -0.003290374
38.6 -0.001761388
38.62 -0.0009066229
38.64 -0.002837478
38.66 -0.003895212
38.68 -0.004316467
38.7 -0.003842161
38.72 -0.003838076
38.74 -0.004148151
38.76 -0.003611626
38.78 -0.002237681
38.8 -0.001084055
38.82 0.0002225703
38.84 0.002631815
38.86 0.002780741
38.88 0.002062666
38.9 0.002099391
38.92 0.002215677
38.94 0.001273202
38.96 0.001223228
38.98 0.001228334
39 0.001239559
39.02 0.0007203841
39.04 0.002394209
39.06 0.001921955
39.08 0.00128344
39.1 0.002852206
39.12 0.003597831
39.14 0.003132717
39.16 0.0007540819
39.18 -0.001318553
39.2 -0.001926467
39.22 -0.001524582
39.24 -0.0001771564
39.26 0.001204949
39.28 -0.0003811457
39.3 -0.0002628202
39.32 0.001165185
39.34 0.002111751
39.36 0.003400016
39.38 0.004350662
39.4 0.006312126
39.42 0.006177492
39.44 0.007638137
39.46 0.007978823
39.48 0.006711988
39.5 0.007927834
39.52 0.006749739
39.54 0.006907844
39.56 0.00623159
39.58 0.003383756
39.6 0.002184241
39.62 0.003022686
39.64 0.004768931
39.66 0.002926817
39.68 0.0009684224
39.7 0.0005553278
39.72 0.0004145731
39.74 0.0001034785
39.76 0.0003523639
39.78 -0.0002382107
39.8 -0.001474445
39.82 -0.0016203
39.84 -0.002471995
39.86 -0.003094189
39.88 -0.003140084
39.9 -0.003058478
39.92 -0.001623334
39.94 -4.028812e-05
39.96 -4.582828e-06
39.98 0.001047042
40 -2.395226e-05
40.02 -0.002740207
40.04 -0.002922781
40.06 -0.003236937
40.08 -0.004211031
40.1 -0.004952566
40.12 -0.00501274
40.14 -0.003543936
40.16 -0.00289725
40.18 -0.005138185
40.2 -0.00605414
40.22 -0.005308515
40.24 -0.004603689
40.26 -0.005327884
40.28 -0.004364999
40.3 -0.002605494
40.32 -0.003255229
40.34 -0.004881104
40.36 -0.004888239
40.38 -0.004424133
40.4 -0.005901089
40.42 -0.006350903
40.44 -0.006709938
40.46 -0.004794373
40.48 -0.004580168
40.5 -0.003810064
40.52 -0.003496918
40.54 -0.002631953
40.56 -0.002023009
40.58 -0.002661523
40.6 -0.002311659
40.62 -0.003303093
40.64 -0.001290629
40.66 -0.001329384
40.68 -0.002608459
40.7 -0.003164354
40.72 -0.003151089
40.74 -0.002393224
40.76 -0.00248706
40.78 -0.001921975
40.8 0.0002689899
40.82 0.002252894
40.84 0.0009044593
40.86 0.001644984
40.88 0.003962428
40.9 0.006473674
40.92 0.007793558
40.94 0.004750902
40.96 0.001458347
40.98 -0.002048408
41 -0.001838283
41.02 -0.0002134188
41.04 -0.0004796343
41.06 0.0006556303
41.08 0.002433494
41.1 0.002997559
41.12 0.004047144
41.14 0.002857829
41.16 0.002113233
41.18 0.001786837
41.2 0.001848042
41.22 0.003463725
41.24 0.00420119
41.26 0.004522494
41.28 0.005197738
41.3 0.005888283
41.32 0.004926427
41.34 0.005949491
41.36 0.007483575
41.38 0.0076172
41.4 0.006879744
41.42 0.007372408
41.44 0.007827332
41.46 0.007164336
41.48 0.00538546
41.5 0.005042744
41.52 0.002453988
41.54 -2.460752e-05
41.56 -0.002446083
41.58 -0.00149034
41.6 -0.0007416557
41.62 0.0004619482
41.64 0.001861392
41.66 0.001706355
41.68 0.0007322596
41.7 -0.001022136
41.72 -0.001343433
41.74 -0.002373629
41.76 -0.001208785
41.78 -0.0008038417
41.8 0.001188222
41.82 0.002171506
41.84 0.001979749
41.86 0.001129073
41.88 -0.0003213638
41.9 0.0007282197
41.92 -0.0001571368
41.94 -0.001093493
41.96 -0.00067325
41.98 -0.0001142866
42 -0.0007028233
42.02 -0.00219712
42.04 -0.0005345167
42.06 -9.213423e-06
42.08 -0.0009057902
42.1 -0.000882327
42.12 7.443616e-05
42.14 0.0009995792
42.16 0.001516722
42.18 0.001011825
42.2 0.0009955085
42.22 0.001383112
42.24 0.001246434
42.26 0.003141597
42.28 0.00227868
42.3 0.002635683
42.32 0.003520026
42.34 0.001590189
42.36 -0.0004906083
42.38 -0.003300706
42.4 -0.003523062
42.42 -0.00377806
42.44 -0.004126897
42.46 -0.003559775
42.48 -0.003332313
42.5 -0.003382289
42.52 -0.005401887
42.54 -0.006203605
42.56 -0.006131183
42.58 -0.00624746
42.6 -0.006366798
42.62 -0.006137296
42.64 -0.004054453
42.66 -0.003202751
42.68 -0.003548529
42.7 -0.003746406
42.72 -0.003778025
42.74 -0.003602582
42.76 -0.00322824
42.78 -0.003945298
42.8 -0.003521996
42.82 -0.003341454
42.84 -0.003560752
42.86 -0.003842271
42.88 -0.003577068
42.9 -0.003780046
42.92 -0.004206405
42.94 -0.003862663
42.96 -0.003525041
42.98 -0.003283299
43 -0.003694359
43.02 -0.003871837
43.04 -0.003736175
43.06 -0.004360414
43.08 -0.006329012
43.1 -0.006625831
43.12 -0.006585029
43.14 -0.004752088
43.16 -0.004332867
43.18 -0.003668845
43.2 -0.001713504
43.22 0.0004305368
43.24 0.001464818
43.26 0.001010919
43.28 0.001568861
43.3 0.001163921
43.32 0.002131902
43.34 0.003669043
43.36 0.005650904
43.38 0.006915705
43.4 0.006373065
43.42 0.004046446
43.44 0.003932207
43.46 0.003830208
43.48 0.002114568
43.5 0.001550509
43.52 0.00162599
43.54 0.00180245
43.56 0.001206771
43.58 0.00278471
43.6 0.004095411
43.62 0.003627232
43.64 0.004782892
43.66 0.006561771
43.68 0.004995052
43.7 0.003068272
43.72 0.002434852
43.74 0.003639472
43.76 0.003420172
43.78 0.003473212
43.8 0.003530332
43.82 0.005294933
43.84 0.005612153
43.86 0.003842452
43.88 0.005030752
43.9 0.004552372
43.92 0.004133151
43.94 0.004784931
43.96 0.005436711
43.98 0.00623843
44 0.006185389
44.02 0.005366329
44.04 0.005275549
44.06 0.003970967
44.08 0.003396707
44.1 0.003556847
44.12 0.003637425
44.14 0.003723105
44.16 0.002157404
44.18 0.0007946831
44.2 0.001418922
44.22 0.0008681212
44.24 -0.0004996999
44.26 -0.000794481
44.28 -0.0002916221
44.3 -0.0009933833
44.32 -0.002104165
44.34 -0.002099066
44.36 -0.0002518472
44.38 -1.520854e-05
44.4 0.00030711
44.42 0.0008446485
44.44 0.001534167
44.46 0.0007548855
44.48 0.001045584
44.5 0.001215922
44.52 0.0004907005
44.54 0.0007936388
44.56 -0.000485443
44.58 -9.070483e-05
44.6 -0.0008546867
44.62 -0.001401409
44.64 -0.001477911
44.66 -0.002569313
44.68 -0.003258835
44.7 -0.002623377
44.72 -0.003018119
44.74 -0.004318621
44.76 -0.002857983
44.78 -0.001764546
44.8 -0.001798208
44.82 -0.001988951
44.84 -0.002040973
44.86 -0.001730895
44.88 -0.002401038
44.9 -0.002223561
44.92 -0.001816583
44.94 -0.001731926
44.96 -0.001826789
44.98 -0.002153192
45 -0.002153194
45.02 -0.003484297
45.04 -0.00469096
45.06 -0.004573663
45.08 -0.004744006
45.1 -0.003739309
45.12 -0.002427593
45.14 -0.001802335
45.16 -0.001845179
45.18 -0.002403122
45.2 -0.002248085
45.22 -0.002223609
45.24 -0.002457192
45.26 -0.002048176
45.28 -0.001707499
45.3 -0.001155682
45.32 1.833389e-05
45.34 0.0002213102
45.36 0.0007190665
45.38 0.001027102
45.4 0.001201519
45.42 0.0004701752
45.44 0.001471812
45.46 0.002829428
45.48 0.003293523
45.5 0.003729059
45.52 0.003018115
45.54 0.0008822313
45.56 -0.0001744929
45.58 -0.000361157
45.6 -0.001802422
45.62 -0.001650446
45.64 1.950113e-06
45.66 -0.0001459543
45.68 -0.0008568987
45.7 -0.001421983
45.72 -0.002168627
45.74 -0.002691892
45.76 -0.002939757
45.78 -0.003128462
45.8 -0.003364086
45.82 -0.003183551
45.84 -0.001402635
45.86 0.0005557593
45.88 0.0007434344
45.9 0.0007852495
45.92 0.001257505
45.94 0.00361472
45.96 0.002530455
45.98 0.0009810694
46 6.612425e-05
46.02 -0.0002072409
46.04 0.0002548138
46.06 -0.0002888515
46.08 -0.0005775168
46.1 0.001114658
46.12 0.001971452
46.14 0.001815387
46.16 0.002339662
46.18 0.002027536
46.2 0.00108097
46.22 0.001242125
46.24 0.003410639
46.26 0.003253553
46.28 0.001671528
46.3 0.003010782
46.32 0.003706416
46.34 0.003882869
46.36 0.003615624
46.38 0.004469358
46.4 0.003694152
46.42 0.002189646
46.44 0.00386448
46.46 0.003367734
46.48 0.001074768
46.5 -0.001474218
46.52 -0.000856105
46.54 -0.001930171
46.56 -0.002546257
46.58 -0.002561564
46.6 -0.002870631
46.62 -0.001621137
46.64 0.0001108166
46.66 0.00253637
46.68 0.002061043
46.7 0.0001995367
46.72 0.00131133
46.74 0.001256244
46.76 0.0004810366
46.78 -0.0005287701
46.8 0.0001760431
46.82 0.001023656
46.84 -0.0002370707
46.86 0.0001005424
46.88 -0.001340725
46.9 -0.002925811
46.92 -0.003142059
46.94 -0.002253646
46.96 -0.001417253
46.98 0.0001311
47 0.001364273
47.02 0.001397926
47.04 0.0004360583
47.06 0.000508471
47.08 0.0007022637
47.1 -8.110367e-05
47.12 -0.000409551
47.14 -0.001494839
47.16 -0.001541766
47.18 -0.002797393
47.2 -0.002384301
47.22 -0.001215388
47.24 -0.001512216
47.26 1.675621e-05
47.28 0.0001442485
47.3 -8.525914e-05
47.32 -0.001162387
47.34 -0.001218495
47.36 -0.001439842
47.38 -0.0009482102
47.4 0.0001248219
47.42 -0.000124066
47.44 -0.0001026539
47.46 -0.002737321
47.48 -0.00421531
47.5 -0.004572318
47.52 -0.004820185
47.54 -0.006533794
47.56 -0.006907121
47.58 -0.00551279
47.6 -0.005124178
47.62 -0.005484246
47.64 -0.005667854
47.66 -0.004443863
47.68 -0.003536071
47.7 -0.003238239
47.72 -0.003188267
47.74 -0.002548736
47.76 -0.003395344
47.78 -0.003070992
47.8 -0.002461041
47.82 -0.002506949
47.84 -0.002873138
47.86 -0.002752786
47.88 -0.002229534
47.9 -0.002446803
47.92 -0.001504332
47.94 0.00018784
47.96 0.0008141114
47.98 0.0009915829
48 0.001904474
48.02 0.003084606
48.04 0.002889777
48.06 0.002248188
48.08 0.001076199
48.1 0.001411771
48.12 0.001888102
48.14 0.002869334
48.16 0.003331385
48.18 0.003625136
48.2 0.003673067
48.22 0.003626139
48.24 0.00538053
48.26 0.005061261
48.28 0.003910693
48.3 0.003631203
48.32 0.003600595
48.34 0.002561205
48.36 0.002573437
48.38 0.002902888
48.4 0.003797419
48.42 0.00343837
48.44 0.003553621
48.46 0.003451613
48.48 0.003262903
48.5 0.002697815
48.52 0.001157606
48.54 0.001685957
48.56 0.001780808
48.58 0.001896059
48.6 0.00100967
48.62 0.001171841
48.64 0.001514552
48.66 0.0007689232
48.68 0.001021874
48.7 0.002192825
48.72 0.002823176
48.74 0.001713408
48.76 0.002441678
48.78 0.001829669
48.8 0.0001711404
48.82 -0.0002888885
48.84 -0.001305837
48.86 -0.002202427
48.88 -0.002857275
48.9 -0.001683264
48.92 -0.001233453
48.94 -0.001078423
48.96 -3.293113e-05
48.98 0.00172452
49 0.003609471
49.02 0.005048682
49.04 0.005489313
49.06 0.003911364
49.08 0.003111675
49.1 0.002345646
49.12 0.0003984576
49.14 -0.0002013112
49.16 -0.0004593801
49.18 0.001310311
49.2 0.002719942
49.22 0.002466973
49.24 0.002946364
49.26 0.002485315
49.28 0.001802927
49.3 0.001372478
49.32 0.00139083
49.34 0.001717221
49.36 0.0009287522
49.38 -4.841645e-05
49.4 -0.0001840851
49.42 -0.001451954
49.44 -0.002134343
49.46 -0.003212491
49.48 -0.004284519
49.5 -0.004592568
49.52 -0.004568097
49.54 -0.001578485
49.56 -0.003267613
49.58 -0.004330462
49.6 -0.002217031
49.62 -0.001299039
49.64 -0.001452047
49.66 -0.004231555
49.68 -0.005244423
49.7 -0.004889472
49.72 -0.0047069
49.74 -0.004377448
49.76 -0.002448637
49.78 -0.001244025
49.8 0.000567487
49.82 0.001409999
49.84 0.0009132509
49.86 0.001414063
49.88 0.001121314
49.9 0.001139667
49.92 0.0008040791
49.94 0.0008101913
49.96 0.002359564
49.98 0.001520096
50 0.0006673681
50.02 -0.00121454
50.04 -0.001986687
50.06 -0.002071354
50.08 -0.003031182
50.1 -0.003063829
50.12 -0.003499377
50.14 -0.002838425
50.16 -0.002731331
50.18 -0.002895559
50.2 -0.002977166
50.22 -0.001762353
50.24 -0.002632421
50.26 -0.003074088
50.28 0.0006060651
50.3 0.001899418
50.32 0.0003632912
50.34 0.001233344
50.36 0.003711938
50.38 0.003540571
50.4 0.001609704
50.42 0.002088078
50.44 0.003449771
50.46 0.0009415845
50.48 -0.0004843818
50.5 0.0008436518
50.52 0.001158825
50.54 0.0005886393
50.56 0.0005641531
50.58 0.0004876471
50.6 0.0004937611
50.62 -0.0004987049
50.64 -0.002142951
50.66 -0.002103176
50.68 -0.0008771422
50.7 -0.0003436878
50.72 -0.001960394
50.74 -0.002044039
50.76 -0.0003131042
50.78 -0.0009516296
50.8 -0.001565675
50.82 -0.00041308
50.84 0.0003131549
50.86 0.0002896899
50.88 0.000948605
50.9 0.00299472
50.92 0.003144655
50.94 0.003410871
50.96 0.003313967
50.98 0.003145661
51 0.001818637
51.02 -0.001212807
51.04 -0.000271351
51.06 0.0001876449
51.08 0.001329021
51.1 0.000265157
51.12 -0.0002224068
51.14 0.0008485894
51.16 0.0002406659
51.18 -0.0002509776
51.2 -1.026101e-05
51.22 0.002049115
51.24 0.002397952
51.26 0.00233063
51.28 0.001615606
51.3 0.0001692436
51.32 -0.001413799
51.34 -0.002824462
51.36 -0.003024385
51.38 -0.002833646
51.4 -0.003117209
51.42 -0.002471552
51.44 -0.001107813
51.46 -0.0005559952
51.48 -0.000787537
51.5 0.0005731412
51.52 0.0019277
51.54 0.001835898
51.56 0.001889957
51.58 0.001937896
51.6 0.001755314
51.62 0.003171074
51.64 0.002639653
51.66 0.001743072
51.68 0.001703292
51.7 0.002954831
51.72 0.002535611
51.74 0.00143299
51.76 0.001562531
51.78 0.002466251
51.8 0.002766132
51.82 0.0006628915
51.84 0.0007618321
51.86 -0.0002540872
51.88 -0.001714727
51.9 -0.003320205
51.92 -0.003211064
51.94 -0.003058062
51.96 -0.004321841
51.98 -0.005372439
52 -0.004512578
52.02 -0.003907716
52.04 -0.003070294
52.06 -0.002084972
52.08 -0.00151377
52.1 -0.000975207
52.12 -0.001249584
52.14 -0.0008844213
52.16 0.0008679416
52.18 0.001698225
52.2 0.001174968
52.22 0.0005670518
52.24 0.0005823555
52.26 0.0009087594
52.28 -0.0009435565
52.3 -0.001829932
52.32 -0.0006793678
52.34 -0.0007742232
52.36 -0.001281158
52.38 -0.0002601334
52.4 0.001231112
52.42 0.001172977
52.44 0.0006517625
52.46 0.001019988
52.48 0.0009802141
52.5 0.0003590402
52.52 4.488654e-05
52.54 0.000974113
52.56 0.00108734
52.58 0.0005018666
52.6 0.0009822936
52.62 0.001043501
52.64 0.0007793284
52.66 0.0007507761
52.68 0.000803824
52.7 0.001339332
52.72 0.001019061
52.74 0.000553949
52.76 0.001085378
52.78 0.002898946
52.8 0.001747376
52.82 0.001117025
52.84 0.001305735
52.86 0.001230264
52.88 0.0004520146
52.9 0.0003979649
52.92 0.002311495
52.94 0.001197666
52.96 0.0005448771
52.98 0.0002735683
53 -0.0004526603
53.02 -0.002614028
53.04 -0.002445717
53.06 0.0002858554
53.08 0.0009774277
53.1 0.00255538
53.12 0.001414013
53.14 0.0002471463
53.16 -0.0005147803
53.18 -0.002674106
53.2 -0.003223872
53.22 -0.001940698
53.24 -0.001335824
53.26 -0.00159693
53.28 -0.001432695
53.3 -0.0006258598
53.32 5.857561e-05
53.34 -0.0002494487
53.36 -0.0003850928
53.38 -0.0009124165
53.4 -0.0009481001
53.42 -0.0006757433
53.44 -0.001111267
53.46 -0.001953769
53.48 -0.0009062115
53.5 -0.001721173
53.52 -0.002077136
53.54 -0.003092017
53.56 -0.002124019
53.58 -0.0002461795
53.6 -0.00293488
53.62 -0.003168441
53.64 -0.00136608
53.66 4.663931e-05
53.68 -0.0004368203
53.7 0.0002384404
53.72 0.0006525815
53.74 -0.0002694771
53.76 -0.0001572555
53.78 -0.0002306735
53.8 -0.0005050312
53.82 -0.0001255687
53.84 0.001232075
53.86 0.001832878
53.88 0.0006956009
53.9 0.0006680848
53.92 0.0006130289
53.94 -0.0007608865
53.96 -0.001798202
53.98 -0.001615596
54 -0.000883202
54.02 -0.0008109509
54.04 0.0003940348
54.06 -0.0004421103
54.08 -0.000305295
54.1 2.065839e-05
54.12 -0.000519236
54.14 0.001150609
54.16 0.001178582
54.18 -0.0007701953
54.2 -0.0005624171
54.22 0.001939881
54.24 0.002237997
54.26 0.001653406
54.28 0.001547074
54.3 0.002349036
54.32 0.001257986
54.34 -8.753206e-06
54.36 0.0007552143
54.38 0.001489445
54.4 0.001293517
54.42 0.001850546
54.44 0.002941508
54.46 0.002651457
54.48 0.002987661
54.5 0.002823192
54.52 0.0003382962
54.54 -0.00138797
54.56 -0.001286494
54.58 0.0009139711
54.6 0.0004065342
54.62 -0.00106549
54.64 0.001286359
54.66 0.002512389
54.68 0.001232892
54.7 0.001493934
54.72 0.003731346
54.74 0.002107524
54.76 -0.0004722223
54.78 -0.0006844001
54.8 0.001095054
54.82 0.000378853
54.84 -0.0006278353
54.86 0.0005953864
54.88 -1.035507e-05
54.9 -0.001784703
54.92 -0.003389573
54.94 -0.003734094
54.96 -0.002937795
54.98 -0.001454382
55 -0.0008392341
55.02 -1.697684e-06
55.04 0.001044569
55.06 0.0001107752
55.08 -5.683202e-06
55.1 0.0001956324
55.12 -0.001265148
55.14 -0.0007947066
55.16 0.0002384191
55.18 -0.0003804523
55.2 -0.000537928
55.22 0.0002197712
55.24 0.0006389207
55.26 -0.0002881792
55.28 0.000326442
55.3 0.0009901351
55.32 0.0007953982
55.34 0.0008297683
55.36 0.0004785344
55.38 0.0004927032
55.4 -0.0001117054
55.42 0.001975615
55.44 0.001180032
55.46 -0.001037651
55.48 -0.001709338
55.5 -0.002038595
55.52 -0.003006819
55.54 -0.00347708
55.56 -0.002366846
55.58 -0.0003780178
55.6 -0.0007780406
55.62 -0.001811826
55.64 4.469535e-06
55.66 -0.0005581792
55.68 -0.0013743
55.7 -0.001259493
55.72 -0.001091477
55.74 -0.002044037
55.76 -0.003076084
55.78 -0.0009270618
55.8 0.001753627
55.82 0.0009653953
55.84 -0.0008091347
55.86 0.0001063113
55.88 0.001272917
55.9 0.0008704736
55.92 -0.0001806578
55.94 0.0002069831
55.96 0.00119016
55.98 0.001140708
56 0.000693369
56.02 0.0002471985
56.04 0.0002363957
56.06 0.0003872408
56.08 7.365469e-05
56.1 -0.0006993979
56.12 0.0004946846
56.14 0.001451126
56.16 0.0008952096
56.18 0.0006641536
56.2 0.0007113923
56.22 0.0005826161
56.24 0.0002789955
56.26 0.0009440237
56.28 0.0008289427
56.3 -3.671843e-05
56.32 0.0003455959
56.34 0.001260456
56.36 0.001878139
56.38 0.001328967
56.4 0.001293903
56.42 0.001712945
56.44 0.001815076
56.46 0.001770988
56.48 0.001004464
56.5 0.0008996175
56.52 0.0005650631
56.54 -4.648371e-05
56.56 -0.0005704265
56.58 -0.0004708518
56.6 -0.0001890348
56.62 -0.0008406348
56.64 -0.0009944273
56.66 -0.00018911
56.68 1.127135e-05
56.7 -0.0006595055
56.72 -0.0007701263
56.74 -0.0002341981
56.76 -0.0001535995
56.78 0.0001792229
56.8 0.0005898835
56.82 0.0006431609
56.84 0.000404679
56.86 -0.0002516461
56.88 -0.0001660602
56.9 4.50473e-05
56.92 -7.989571e-05
56.94 -0.0003053466
56.96 -0.0001561002
56.98 -0.0002240626
57 -0.0007828319
57.02 -0.0009852684
57.04 -0.0006710909
57.06 -0.000271775
57.08 -0.0002078529
57.1 -0.000268758
57.12 -0.0004636219
57.14 -0.0004572575
57.16 -0.0003439516
57.18 2.779669e-05
57.2 0.0001582519
57.22 3.815614e-05
57.24 -9.210892e-05
57.26 -0.0001454844
57.28 -0.0001793182
57.3 -0.000226809
57.32 -0.0001419686
57.34 -8.066117e-05
57.36 -1.228887e-05
57.38 -0.0003555833
57.4 -0.0003482582
57.42 -9.600117e-05
57.44 -8.835283e-05
57.46 -0.0001607365
57.48 -0.0001502779
57.5 -7.841579e-05
57.52 -0.0002657488
57.54 -0.0003071572
57.56 -0.0001245252
57.58 -0.0002016611
57.6 -0.0003006064
57.62 -0.0003184374
57.64 -0.0002346897
57.66 -0.0002072265
57.68 -0.0001287262
57.7 1.029564e-05
57.72 -4.869388e-05
57.74 0.0001058379
57.76 -6.859118e-05
57.78 -9.208677e-05
57.8 -4.129229e-05
57.82 -0.0001802306
57.84 -0.0001444481
57.86 -4.266023e-05
57.88 4.852867e-05
57.9 1.507818e-05
57.92 1.263324e-05
57.94 0.0001067497
57.96 0.0001671125
57.98 0.0001766915
58 0.0001778215
58.02 0.0001578852
58.04 0.0001546842
58.06 8.966883e-05
58.08 7.419623e-05
58.1 1.165402e-05
58.12 9.132403e-06
58.14 -1.922944e-05
58.16 -2.129161e-05
58.18 -2.302426e-05
58.2 1.911797e-05
58.22 3.763845e-05
58.24 -4.095431e-05
58.26 -2.212261e-05
58.28 -5.260639e-06
58.3 -4.624692e-05
58.32 -3.756939e-05
58.34 2.946831e-05
58.36 1.587487e-05
58.38 -1.91294e-05
58.4 2.191341e-05
58.42 4.631427e-05
58.44 4.183729e-05
58.46 3.209881e-05
58.48 3.847594e-05
58.5 3.414552e-05
58.52 -8.374911e-06
58.54 2.019055e-05
58.56 2.149099e-05
58.58 1.515678e-05
58.6 2.999299e-05
58.62 2.956481e-05
58.64 3.315737e-05
58.66 1.900793e-06
58.68 4.047124e-06
58.7 2.321967e-05
58.72 1.473174e-05
58.74 1.938e-05
58.76 1.890758e-05
58.78 2.888427e-05
58.8 2.284362e-05
58.82 1.302768e-05
58.84 9.324441e-06
58.86 7.040226e-06
58.88 -1.287939e-06
58.9 -5.427978e-06
58.92 -1.010958e-06
58.94 -3.666954e-06
58.96 5.204352e-07
58.98 5.450047e-06
59 1.047507e-05
59.02 7.738526e-06
59.04 7.068267e-06
59.06 5.466813e-06
59.08 3.973222e-06
59.1 6.065255e-06
59.12 7.053093e-06
59.14 9.88167e-06
59.16 1.298709e-05
59.18 1.369147e-05
59.2 1.066841e-05
59.22 1.106577e-05
59.24 1.132634e-05
59.26 9.840244e-06
59.28 1.028696e-05
59.3 1.081182e-05
59.32 1.103153e-05
59.34 1.150248e-05
59.36 1.213661e-05
59.38 1.153677e-05
59.4 1.083365e-05
59.42 1.045119e-05
59.44 1.014891e-05
59.46 9.43983e-06
59.48 9.01589e-06
59.5 9.433867e-06
59.52 9.554062e-06
59.54 9.144953e-06
59.56 8.887637e-06
59.58 8.935429e-06
59.6 8.848599e-06
59.62 8.676753e-06
59.64 8.50116e-06
59.66 8.404084e-06
59.68 8.295044e-06
59.7 8.170886e-06
59.72 8.053095e-06
59.74 7.973284e-06
59.76 7.94237e-06
59.78 7.911466e-06
59.8 7.893158e-06
59.82 7.876676e-06
59.84 7.865232e-06
59.86 7.855145e-06
59.88 7.847196e-06
59.9 7.840958e-06
59.92 7.837211e-06
59.94 7.835926e-06
59.96 7.837437e-06
59.98 7.842831e-06
