0 -0.000479525
0.01 -1.330467e-05
0.02 8.775535e-05
0.03 3.377509e-05
0.04 7.057452e-05
0.05 5.433365e-05
0.06 -0.0003637875
0.07 -5.260894e-05
0.08 0.0001208693
0.09 -1.452724e-06
0.1 0.0001210249
0.11 -3.597768e-05
0.12 0.0003037594
0.13 0.0004048162
0.14 -4.728654e-08
0.15 -0.0003447311
0.16 -4.987514e-05
0.17 9.912048e-05
0.18 0.0004592558
0.19 0.0001737309
0.2 8.565713e-06
0.21 -0.0003289798
0.22 -7.186557e-05
0.23 0.0001373084
0.24 7.02009e-07
0.25 0.0001088953
0.26 2.022846e-05
0.27 9.374129e-05
0.28 3.363379e-05
0.29 8.368604e-05
0.3 4.499801e-05
0.31 7.36297e-05
0.32 5.534112e-05
0.33 6.459226e-05
0.34 6.670312e-05
0.35 5.453371e-05
0.36 8.214402e-05
0.37 3.223407e-05
0.38 0.0001292038
0.39 -0.0001532667
0.4 -0.0003123175
0.41 0.0001651115
0.42 3.000193e-06
0.43 0.0001142486
0.44 3.271675e-05
0.45 -0.0003109554
0.46 -0.0001089277
0.47 0.0003491196
0.48 0.0004012066
0.49 7.553478e-06
0.5 0.00010146
0.51 4.54263e-05
0.52 9.853233e-05
0.53 -0.0003655019
0.54 -0.0004409164
0.55 7.948826e-06
0.56 0.0001049138
0.57 4.581851e-05
0.58 0.000101983
0.59 4.492716e-05
0.6 0.0001061911
0.61 4.709478e-05
0.62 -0.0003027017
0.63 -0.0001057786
0.64 0.0003655243
0.65 0.000407407
0.66 -0.0003942506
0.67 -1.678849e-05
0.68 0.0001536134
0.69 -0.0004073249
0.7 3.541646e-05
0.71 8.545761e-05
0.72 8.14385e-05
0.73 9.679911e-05
0.74 -0.0003631605
0.75 0.0004243397
0.76 0.0002265196
0.77 7.279264e-06
0.78 0.0001440187
0.79 4.207784e-05
0.8 0.0001196568
0.81 7.279543e-05
0.82 -0.0003218861
0.83 -2.500794e-05
0.84 0.00015559
0.85 4.038771e-05
0.86 0.0001383651
0.87 4.86624e-05
0.88 0.0001394994
0.89 4.265613e-05
0.9 0.0001620527
0.91 -1.129109e-05
0.92 0.0007772249
0.93 0.0005457407
0.94 -2.642371e-05
0.95 0.0001776316
0.96 3.896671e-05
0.97 0.0001532616
0.98 5.539619e-05
0.99 0.0001452106
1 6.468473e-05
1.01 0.0001381787
1.02 7.703236e-05
1.03 0.0001199258
1.04 0.0005147191
1.05 0.0002301921
1.06 2.624484e-05
1.07 0.0005934174
1.08 0.0001752697
1.09 -0.0003305982
1.1 6.053676e-06
1.11 -0.0001071147
1.12 0.0004365967
1.13 -0.0004211721
1.14 0.0001388589
1.15 -0.0004996103
1.16 -0.0009187799
1.17 -0.0004678895
1.18 -0.0001383794
1.19 -1.490957e-05
1.2 -0.0007359998
1.21 0.0001718495
1.22 -0.0003544213
1.23 7.606769e-05
1.24 -0.0002880236
1.25 1.802501e-05
1.26 0.0001884133
1.27 8.034146e-05
1.28 0.0001732094
1.29 8.757705e-05
1.3 0.0001804445
1.31 -0.0003346082
1.32 6.527885e-05
1.33 0.0001612057
1.34 0.0001153523
1.35 0.0001561987
1.36 0.0001154449
1.37 0.0001634309
1.38 0.0001124767
1.39 0.0001727023
1.4 0.0001074677
1.41 0.0001778928
1.42 0.0001065378
1.43 0.0001830825
1.44 0.0001107071
1.45 -0.0002125886
1.46 -0.0001605244
1.47 -0.0006062207
1.48 0.0001139431
1.49 0.0001721267
1.5 0.0001344299
1.51 0.0001711931
1.52 0.000137576
1.53 0.0001743388
1.54 0.0001376613
1.55 0.0001876835
1.56 -0.0002835143
1.57 5.720759e-05
1.58 0.0003438693
1.59 0.0007457908
1.6 0.0004530921
1.61 0.0001226533
1.62 0.0001838942
1.63 0.000159455
1.64 0.0001717355
1.65 0.0001717759
1.66 0.000165696
1.67 0.000184096
1.68 0.0001586357
1.69 0.0001974353
1.7 0.0001434147
1.71 0.0002362739
1.72 -0.0004134271
1.73 -0.0009315484
1.74 -0.0001491696
1.75 -0.0001827912
1.76 4.6747e-05
1.77 0.0002701651
1.78 0.0001161829
1.79 -0.0001367393
1.8 -0.0005600017
1.81 -0.0007751846
1.82 -0.0008445075
1.83 -0.0006027305
1.84 0.0001674063
1.85 0.0002113029
1.86 0.0001776792
1.87 0.0002195355
1.88 0.0001736715
1.89 0.0002298074
1.9 0.000166603
1.91 0.0002441586
1.92 0.0001472939
1.93 0.000294209
1.94 -4.133607e-05
1.95 -0.0001310613
1.96 -0.0001504066
1.97 7.504773e-05
1.98 0.0002882619
1.99 0.000151616
2 0.00027201
2.01 0.0001496437
2.02 0.0003098172
2.03 -0.0004184294
2.04 -0.0008161962
2.05 -0.0007406831
2.06 -0.0007630903
2.07 -0.0007620376
2.08 -0.0007385452
2.09 -0.0007925728
2.1 -0.0005885406
2.11 0.0002213714
2.12 0.0002224232
2.13 0.0006396348
2.14 0.0007855264
2.15 0.0002429177
2.16 0.0002806889
2.17 0.0001430199
2.18 0.0005020907
2.19 0.0005429213
2.2 0.0003511918
2.21 0.0008224622
2.22 0.0009795723
2.23 0.0006634023
2.24 0.0004420922
2.25 -0.0005085181
2.26 -8.722863e-05
2.27 -0.0003003793
2.28 -0.00078587
2.29 -0.000883761
2.3 -0.001140772
2.31 -0.0006103434
2.32 -0.0007837149
2.33 -0.0007867465
2.34 -0.001915858
2.35 -0.00261453
2.36 -0.002761382
2.37 -0.002056534
2.38 -0.001630147
2.39 -0.001722939
2.4 -0.001688232
2.41 -0.001680045
2.42 -0.001744278
2.43 -0.001088391
2.44 -0.0006232445
2.45 -0.000761938
2.46 -0.0005660716
2.47 0.0004345746
2.48 0.001239381
2.49 0.001279186
2.5 0.001232292
2.51 0.001305758
2.52 0.001188483
2.53 0.001881089
2.54 0.002331954
2.55 0.001780159
2.56 0.001772024
2.57 0.001735328
2.58 0.002121933
2.59 0.0006358175
2.6 0.0003104619
2.61 -0.000349454
2.62 -0.00015563
2.63 0.0003788739
2.64 0.0004298976
2.65 0.0007359212
2.66 0.0001678045
2.67 0.0003759079
2.68 0.000288211
2.69 -0.000630786
2.7 -0.001489603
2.71 -0.00162422
2.72 -0.001681318
2.73 -0.001644576
2.74 -0.001142713
2.75 7.008903e-05
2.76 0.0002700311
2.77 0.0009483529
2.78 0.0008198546
2.79 0.0001232162
2.8 0.0005087977
2.81 -0.0004214209
2.82 -0.0004805597
2.83 -0.0001449587
2.84 -0.0001337178
2.85 5.500303e-05
2.86 -0.0004396763
2.87 -0.0001377358
2.88 0.0003549446
2.89 0.001530005
2.9 0.002225665
2.91 0.002379705
2.92 0.001586164
2.93 -0.0004487155
2.94 -0.002250016
2.95 -0.002706956
2.96 -0.001987837
2.97 -0.001529838
2.98 -0.001686899
2.99 -0.00154816
3 -0.001709301
3.01 -0.001392063
3.02 -0.0007208837
3.03 -0.0008116453
3.04 -0.000425047
3.05 4.009121e-05
3.06 0.001625189
3.07 0.002191307
3.08 0.002548325
3.09 0.003197063
3.1 0.00396106
3.11 0.003689758
3.12 0.001441695
3.13 0.0002360722
3.14 -0.0006829306
3.15 -1.787375e-05
3.16 0.0009756231
3.17 0.001602939
3.18 0.001738617
3.19 0.0007063929
3.2 -0.0002452508
3.21 -0.0007338146
3.22 -8.303849e-05
3.23 -0.0006124024
3.24 -0.0005379266
3.25 -0.0007327309
3.26 0.0001036848
3.27 -0.0001778197
3.28 -0.001205965
3.29 -0.001887309
3.3 -0.002174933
3.31 -0.0006775587
3.32 -1.250384e-05
3.33 0.000929991
3.34 -0.0005122743
3.35 -0.00147004
3.36 -0.0008345653
3.37 0.0006352691
3.38 0.001179963
3.39 0.0004119176
3.4 -3.89084e-05
3.41 0.0002987255
3.42 0.0004241993
3.43 0.000801613
3.44 0.0005180667
3.45 0.0002304401
3.46 -0.0007263065
3.47 -0.001540253
3.48 -0.00162184
3.49 -0.000840507
3.5 0.000962866
3.51 0.0002957988
3.52 -0.0007211285
3.53 -0.001563636
3.54 -0.001534044
3.55 -0.001578911
3.56 -0.001519738
3.57 -0.001604387
3.58 -0.001368754
3.59 -0.0005986424
3.6 -0.0001263705
3.61 -0.0004772387
3.62 -0.000609827
3.63 -0.0001314355
3.64 -0.000337464
3.65 0.0003969473
3.66 0.0004193986
3.67 0.0004234898
3.68 0.0004173809
3.69 0.0004275918
3.7 0.0004143426
3.71 0.0004418934
3.72 0.000310324
3.73 -0.001140106
3.74 -0.001635815
3.75 -0.001455265
3.76 -0.001625594
3.77 -0.000917704
3.78 5.538601e-05
3.79 0.0006684159
3.8 0.001853666
3.81 0.003297996
3.82 0.004354725
3.83 0.003805975
3.84 0.0007612844
3.85 -0.001692826
3.86 -0.003180997
3.87 -0.004662028
3.88 -0.003544099
3.89 -0.0007737695
3.9 0.001111199
3.91 0.0009622883
3.92 -0.0004116429
3.93 -0.001590754
3.94 -0.0008951058
3.95 -0.0004819973
3.96 -0.0004136488
3.97 4.63794e-05
3.98 0.0008175075
3.99 0.002290395
4 0.001650863
4.01 -0.0001412683
4.02 -0.001193901
4.03 -0.001483573
4.04 0.0006390548
4.05 0.002208843
4.06 0.00190285
4.07 0.0006329574
4.08 -0.001137755
4.09 -0.001610008
4.1 -0.001375401
4.11 -0.002204653
4.12 -0.001833367
4.13 0.00026886
4.14 0.002226247
4.15 0.002985133
4.16 0.00152246
4.17 0.0003627267
4.18 -0.0006246268
4.19 0.0003443796
4.2 0.003356446
4.21 0.005528032
4.22 0.004465198
4.23 0.001684684
4.24 -0.0001900697
4.25 -0.0004705638
4.26 0.001218562
4.27 0.002655747
4.28 0.003404433
4.29 0.002869959
4.3 0.002294685
4.31 0.00215903
4.32 0.001637815
4.33 0.00202644
4.34 0.003097445
4.35 0.003080111
4.36 0.003245355
4.37 0.003582981
4.38 0.002657846
4.39 0.0006566102
4.4 -0.002988865
4.41 -0.00618758
4.42 -0.005685735
4.43 -0.003580451
4.44 -3.288679e-05
4.45 0.001036078
4.46 -0.0002297382
4.47 -0.001064094
4.48 -0.001699549
4.49 -0.002556346
4.5 -0.003453942
4.51 -0.003423338
4.52 -0.003420274
4.53 -0.003404971
4.54 -0.001502667
4.55 0.0005067368
4.56 0.001052441
4.57 0.001494104
4.58 0.0001426073
4.59 -0.001589349
4.6 -0.001929006
4.61 -0.0007560029
4.62 -3.791984e-05
4.63 -0.0003898168
4.64 -4.199382e-05
4.65 0.001421709
4.66 0.001927632
4.67 0.0006852747
4.68 -0.0006988626
4.69 -0.00141286
4.7 -0.001410817
4.71 0.0002874851
4.72 0.001590028
4.73 0.0008556299
4.74 0.0004292722
4.75 0.0005547345
4.76 0.0003823567
4.77 -0.001163961
4.78 -0.00271232
4.79 -0.003315137
4.8 -0.003519135
4.81 -0.003169273
4.82 -0.003054012
4.83 -0.00350587
4.84 -0.003351848
4.85 -0.003401827
4.86 -0.001525025
4.87 0.001221836
4.88 0.003305698
4.89 0.004363439
4.9 0.00286608
4.91 0.001838942
4.92 0.0009229827
4.93 -0.0007875562
4.94 -0.003459955
4.95 -0.005622354
4.96 -0.007541993
4.97 -0.007636852
4.98 -0.004915491
4.99 -0.0008120308
5 0.001663509
5.01 0.0007975306
5.02 0.0006292311
5.03 0.001610472
5.04 0.003075192
5.05 0.003534192
5.06 0.003444433
5.07 0.003034393
5.08 0.003399553
5.09 0.002863034
5.1 0.0005109136
5.11 -0.002128846
5.12 -0.004118866
5.13 -0.003869986
5.14 -0.003000947
5.15 -0.001394446
5.16 0.0002722332
5.17 0.001746133
5.18 0.002429532
5.19 0.002515212
5.2 0.002870172
5.21 0.002661072
5.22 0.002205131
5.23 0.00215923
5.24 0.002548869
5.25 0.002368329
5.26 0.0009097282
5.27 0.0004527673
5.28 0.0005639464
5.29 0.0005058056
5.3 0.0005384446
5.31 0.0009382837
5.32 0.0005761826
5.33 -0.001211878
5.34 -0.0003020396
5.35 0.001364639
5.36 0.003260818
5.37 0.004531737
5.38 0.004322636
5.39 0.002792634
5.4 0.0007312124
5.41 -0.001094589
5.42 -0.00196057
5.43 -0.003301872
5.44 -0.004207634
5.45 -0.003860836
5.46 -0.002854097
5.47 0.0001028811
5.48 0.003486219
5.49 0.005929117
5.5 0.004877494
5.51 0.002046994
5.52 -0.0001735485
5.53 4.67695e-05
5.54 0.0008454274
5.55 0.001389085
5.56 0.001724663
5.57 0.00265082
5.58 0.004897877
5.59 0.005641456
5.6 0.004155313
5.61 0.001745051
5.62 -0.001939191
5.63 -0.005773373
5.64 -0.007959236
5.65 -0.006080398
5.66 -0.00291942
5.67 -0.0005917836
5.68 0.0001160936
5.69 -0.001875969
5.7 -0.004177092
5.71 -0.005523494
5.72 -0.003990437
5.73 -0.001605681
5.74 0.0007576566
5.75 0.001705233
5.76 0.001388011
5.77 0.001753167
5.78 0.002347825
5.79 0.001358421
5.8 0.0001813382
5.81 -0.000131805
5.82 0.001930632
5.83 0.005399648
5.84 0.006337025
5.85 0.004603022
5.86 0.001711318
5.87 0.000382255
5.88 0.001505272
5.89 0.003015888
5.9 0.002063205
5.91 0.0004985209
5.92 -0.0007091627
5.93 -0.003118406
5.94 -0.00456579
5.95 -0.005465434
5.96 -0.006318157
5.97 -0.006765941
5.98 -0.006301845
5.99 -0.005065609
6 -0.002588033
6.01 0.0004077032
6.02 0.001559279
6.03 0.001385875
6.04 7.111723e-07
6.05 -0.001124353
6.06 -0.001467076
6.07 -0.001320201
6.08 0.0003474948
6.09 0.003910351
6.1 0.005632106
6.11 0.004672282
6.12 0.002751618
6.13 0.0008401335
6.14 0.000521889
6.15 0.0004464047
6.16 -0.00113154
6.17 -0.003184804
6.18 -0.005019788
6.19 -0.004803553
6.2 -0.001811897
6.21 0.001370497
6.22 0.002572053
6.23 0.002318068
6.24 0.001542863
6.25 0.001496959
6.26 0.002072234
6.27 0.002612829
6.28 -3.101507e-05
6.29 -0.00301758
6.3 -0.001561025
6.31 0.003282951
6.32 0.006556126
6.33 0.00570544
6.34 0.003636875
6.35 0.00248223
6.36 0.002382266
6.37 0.001475481
6.38 0.001679476
6.39 0.002618891
6.4 0.003555245
6.41 0.00228024
6.42 -0.001118405
6.43 -0.00361843
6.44 -0.004221255
6.45 -0.002801421
6.46 -0.002298566
6.47 -0.002579071
6.48 -0.003490956
6.49 -0.004514022
6.5 -0.005448347
6.51 -0.006907972
6.52 -0.007437358
6.53 -0.006614223
6.54 -0.003922448
6.55 8.002593e-05
6.56 0.002008841
6.57 0.001611034
6.58 0.001418249
6.59 0.002247504
6.6 0.004231398
6.61 0.006138793
6.62 0.005811366
6.63 0.003503101
6.64 0.0006899356
6.65 -0.00227725
6.66 -0.003406396
6.67 -0.002817862
6.68 0.0002003127
6.69 0.002595267
6.7 0.002352501
6.71 0.0009112353
6.72 0.0005980895
6.73 0.001569123
6.74 0.001397758
6.75 -0.0002699482
6.76 -0.003245294
6.77 -0.00491912
6.78 -0.006047246
6.79 -0.006279812
6.8 -0.004623338
6.81 -0.002671064
6.82 -9.45501e-05
6.83 0.001893423
6.84 0.001773058
6.85 0.001543551
6.86 0.0008305656
6.87 -0.001249221
6.88 -0.003113787
6.89 -0.005118093
6.9 -0.004605039
6.91 -0.0009004052
6.92 0.002895008
6.93 0.005216522
6.94 0.004862576
6.95 0.004346449
6.96 0.004523924
6.97 0.004382137
6.98 0.004540231
6.99 0.003833364
7 0.002969418
7.01 0.003430452
7.02 0.002879645
7.03 6.647897e-05
7.04 -0.002103067
7.05 -0.002419274
7.06 -0.0005231003
7.07 0.002137053
7.08 0.002579727
7.09 0.0022931
7.1 0.001536253
7.11 0.001492388
7.12 0.001440361
7.13 -0.0002212259
7.14 -0.001656372
7.15 -0.002375479
7.16 -0.002480546
7.17 -0.001240232
7.18 0.001725921
7.19 0.002693894
7.2 0.000716108
7.21 -0.003009958
7.22 -0.006011825
7.23 -0.006892092
7.24 -0.005635458
7.25 -0.001759465
7.26 0.002534727
7.27 0.004927641
7.28 0.006236294
7.29 0.005144887
7.3 0.00253572
7.31 0.001901274
7.32 0.001767647
7.33 0.00238168
7.34 0.003175233
7.35 0.005267247
7.36 0.00638006
7.37 0.004479793
7.38 -0.0005488135
7.39 -0.00445032
7.4 -0.005117407
7.41 -0.004422794
7.42 -0.002051301
7.43 0.0004160721
7.44 0.003876925
7.45 0.005558898
7.46 0.004758191
7.47 0.001934825
7.48 -0.001369982
7.49 -0.004784949
7.5 -0.006502636
7.51 -0.006284363
7.52 -0.00589371
7.53 -0.004122997
7.54 -0.002570564
7.55 -0.001389412
7.56 -0.001519978
7.57 -0.001277225
7.58 -0.0004663323
7.59 -0.0009875593
7.6 -0.002768486
7.61 -0.005848893
7.62 -0.00801028
7.63 -0.008413188
7.64 -0.007631874
7.65 -0.005460301
7.66 -0.002057589
7.67 0.002607884
7.68 0.004523437
7.69 0.00253239
7.7 -0.0007785371
7.71 -0.003352004
7.72 -0.004903432
7.73 -0.006136618
7.74 -0.005828585
7.75 -0.004616833
7.76 -0.00307154
7.77 -0.0008958869
7.78 0.002045786
7.79 0.005260818
7.8 0.006536831
7.81 0.007493585
7.82 0.008385058
7.83 0.00769961
7.84 0.004907862
7.85 0.001013496
7.86 -0.001070371
7.87 0.0001362815
7.88 0.002841315
7.89 0.005212807
7.9 0.00462018
7.91 0.0009818328
7.92 -0.002998214
7.93 -0.006268341
7.94 -0.007363829
7.95 -0.007271015
7.96 -0.005653303
7.97 -0.003679611
7.98 -0.001636557
7.99 -0.0004513249
8 -0.0004911122
8.01 -0.001016419
8.02 -0.002180246
8.03 -0.002394454
8.04 -0.0007522611
8.05 0.001149012
8.06 0.001529464
8.07 0.001397878
8.08 0.00214757
8.09 0.004271202
8.1 0.005404416
8.11 0.005884828
8.12 0.007202661
8.13 0.008517434
8.14 0.008810166
8.15 0.006887459
8.16 0.002296432
8.17 -0.002004915
8.18 -0.004098982
8.19 -0.00400923
8.2 -0.002035537
8.21 0.0004277558
8.22 0.003202149
8.23 0.005042221
8.24 0.004952454
8.25 0.003507107
8.26 0.00193528
8.27 0.0006725123
8.28 0.001186585
8.29 0.002664558
8.3 0.003484631
8.31 0.004507683
8.32 0.003632516
8.33 0.002143309
8.34 -0.0002455383
8.35 -0.001602146
8.36 -0.001305332
8.37 -0.00039448
8.38 0.0004878128
8.39 0.0004714855
8.4 -0.0001568417
8.41 -0.002313128
8.42 -0.001639936
8.43 0.001788277
8.44 0.004231169
8.45 0.003673222
8.46 0.001587315
8.47 -0.001493092
8.48 -0.004083899
8.49 -0.006772626
8.5 -0.007683494
8.51 -0.007100061
8.52 -0.007370368
8.53 -0.007691675
8.54 -0.009330822
8.55 -0.00939203
8.56 -0.008663757
8.57 -0.006524824
8.58 -0.002956871
8.59 -0.0001661586
8.6 0.0001734942
8.61 -0.0004068929
8.62 -0.00116272
8.63 -0.001492187
8.64 0.0007120256
8.65 0.004038238
8.66 0.006518871
8.67 0.005534564
8.68 0.003798517
8.69 0.002725469
8.7 0.002287882
8.71 0.0006415956
8.72 -0.002874351
8.73 -0.005724238
8.74 -0.006925805
8.75 -0.004602252
8.76 -0.0016157
8.77 0.001259673
8.78 0.002947765
8.79 0.004130958
8.8 0.004293131
8.81 0.005068324
8.82 0.004683777
8.83 0.00265193
8.84 0.0004028234
8.85 -0.003398724
8.86 -0.005734531
8.87 -0.005542778
8.88 -0.002583765
8.89 0.0001508482
8.9 0.0004119611
8.91 0.0006414541
8.92 0.001348307
8.93 0.0011698
8.94 -0.0006621269
8.95 -0.005053234
8.96 -0.006405761
8.97 -0.004120968
8.98 0.0007893051
8.99 0.005810758
9 0.008504571
9.01 0.0100162
9.02 0.0102661
9.03 0.00964287
9.04 0.007148963
9.05 0.003669737
9.06 0.00119011
9.07 7.830275e-05
9.08 0.0001435758
9.09 0.0003638889
9.1 -0.001220178
9.11 -0.003772225
9.12 -0.004640251
9.13 -0.003672278
9.14 1.29746e-05
9.15 0.003167828
9.16 0.005064001
9.17 0.004658034
9.18 0.002715947
9.19 0.0022396
9.2 0.003643114
9.21 0.004261227
9.22 0.00160208
9.23 -0.0002063867
9.24 -0.0001870135
9.25 -0.0005185203
9.26 -0.002312707
9.27 -0.003660134
9.28 -0.00215972
9.29 -0.0002166272
9.3 0.000196466
9.31 -0.0006440206
9.32 -0.001690547
9.33 -0.002655474
9.34 -0.003502081
9.35 -0.003530647
9.36 -0.002778914
9.37 0.001131759
9.38 0.005202573
9.39 0.006243985
9.4 0.004470199
9.41 0.002149693
9.42 0.003404286
9.43 0.004905719
9.44 0.004721093
9.45 0.003526667
9.46 0.0022282
9.47 0.0008379333
9.48 -0.0006869733
9.49 -0.00311968
9.5 -0.004286566
9.51 -0.002247592
9.52 3.924063e-05
9.53 0.0002687342
9.54 -0.002899392
9.55 -0.007669939
9.56 -0.0111665
9.57 -0.01115836
9.58 -0.007929038
9.59 -0.002305784
9.6 0.001813989
9.61 0.004303803
9.62 0.006625316
9.63 0.008747931
9.64 0.009977024
9.65 0.009604717
9.66 0.00677727
9.67 0.002874744
9.68 0.000760278
9.69 -0.0002536083
9.7 -0.0006044947
9.71 -0.001014541
9.72 -0.0005453473
9.73 0.0006735465
9.74 0.0031093
9.75 0.003905913
9.76 0.002386108
9.77 -0.0009441984
9.78 -0.005575005
9.79 -0.008255571
9.8 -0.007725177
9.81 -0.005800443
9.82 -0.00529147
9.83 -0.005003835
9.84 -0.006359422
9.85 -0.007427368
9.86 -0.008081194
9.87 -0.0103711
9.88 -0.01306799
9.89 -0.01488869
9.9 -0.0141492
9.91 -0.0133179
9.92 -0.01095151
9.93 -0.006781756
9.94 -0.001769483
9.95 0.004437211
9.96 0.008890525
9.97 0.01205252
9.98 0.01508599
9.99 0.01715148
10 0.01640382
10.01 0.01366511
10.02 0.00915059
10.03 0.004028143
10.04 0.001033418
10.05 0.0006580519
10.06 0.0008202261
10.07 -0.0004211198
10.08 -0.001728766
10.09 -0.002614131
10.1 -0.001706338
10.11 0.001285317
10.12 0.004665591
10.13 0.007039125
10.14 0.00717988
10.15 0.005153133
10.16 0.003533368
10.17 0.003367102
10.18 0.003212056
10.19 0.001711631
10.2 -0.001018915
10.21 -0.00567114
10.22 -0.009391087
10.23 -0.01025401
10.24 -0.009170778
10.25 -0.006749303
10.26 -0.005196868
10.27 -0.005255014
10.28 -0.00714814
10.29 -0.007394985
10.3 -0.005766051
10.31 -0.003700557
10.32 -0.002479622
10.33 -0.002528588
10.34 -0.000694633
10.35 0.002667282
10.36 0.005200956
10.37 0.00388515
10.38 0.0003314651
10.39 -0.00210328
10.4 -0.003141645
10.41 -0.001895211
10.42 0.0003120635
10.43 0.003657658
10.44 0.006312712
10.45 0.008406767
10.46 0.01011119
10.47 0.01116687
10.48 0.009210513
10.49 0.004475666
10.5 0.0005221409
10.51 0.0001437157
10.52 0.00380551
10.53 0.005983205
10.54 0.00606684
10.55 0.001613515
10.56 -0.004696211
10.57 -0.01032049
10.58 -0.0133397
10.59 -0.01337642
10.6 -0.01263489
10.61 -0.01061733
10.62 -0.008123441
10.63 -0.005127706
10.64 -0.004364751
10.65 -0.005241956
10.66 -0.00666792
10.67 -0.004940047
10.68 0.0006964686
10.69 0.006380924
10.7 0.008935
10.71 0.007523313
10.72 0.005548588
10.73 0.003633024
10.74 0.003347419
10.75 0.003202574
10.76 0.00223765
10.77 0.001334944
10.78 0.001576679
10.79 0.002243754
10.8 0.0006994696
10.81 -0.001355835
10.82 -0.00375692
10.83 -0.007136185
10.84 -0.00994731
10.85 -0.009230255
10.86 -0.006086619
10.87 -0.001864844
10.88 0.001014611
10.89 0.001964227
10.9 0.0007086024
10.91 -0.001288562
10.92 -0.003928327
10.93 -0.005230871
10.94 -0.004737196
10.95 -0.00386306
10.96 -0.001541545
10.97 0.00104721
10.98 0.003859345
10.99 0.007278381
11 0.01068211
11.01 0.01038529
11.02 0.006453187
11.03 0.002750583
11.04 0.002297698
11.05 0.004872174
11.06 0.008086191
11.07 0.009897705
11.08 0.009661061
11.09 0.006739776
11.1 0.002854592
11.11 -0.001025492
11.12 -0.003186876
11.13 -0.003693821
11.14 -0.004651605
11.15 -0.007797289
11.16 -0.009513953
11.17 -0.006919077
11.18 -0.003003302
11.19 0.0009838737
11.2 0.004210129
11.21 0.005772765
11.22 0.005429021
11.23 0.005151577
11.24 0.004177473
11.25 0.0009603889
11.26 -0.002464775
11.27 -0.0038836
11.28 -0.003593924
11.29 -0.001529448
11.3 0.001027689
11.31 0.003868385
11.32 0.005380021
11.33 0.005789036
11.34 0.004771072
11.35 0.001905888
11.36 -0.002251636
11.37 -0.006308179
11.38 -0.007386323
11.39 -0.005443227
11.4 -0.001665151
11.41 -0.0006359749
11.42 -0.001816119
11.43 -0.004050943
11.44 -0.005001586
11.45 -0.00443243
11.46 -0.002263914
11.47 0.0009674423
11.48 0.002529059
11.49 0.001571275
11.5 -0.001504029
11.51 -0.004180513
11.52 -0.005695217
11.53 -0.0039194
11.54 -0.0006248036
11.55 0.002785052
11.56 0.004555769
11.57 0.003633686
11.58 0.001066342
11.59 -0.001209282
11.6 0.0001687349
11.61 0.002210771
11.62 0.003476588
11.63 0.003700984
11.64 0.0041406
11.65 0.004359897
11.66 0.004384373
11.67 0.004858671
11.68 0.005725667
11.69 0.005509424
11.7 0.00379684
11.71 0.003144037
11.72 0.001976133
11.73 0.0006185101
11.74 0.0006837867
11.75 0.001217243
11.76 2.792023e-05
11.77 -0.001499023
11.78 -0.001744846
11.79 -0.0003127696
11.8 0.0004461072
11.81 0.000486904
11.82 0.002834941
11.83 0.006943498
11.84 0.01003511
11.85 0.009629152
11.86 0.006402888
11.87 0.0003777451
11.88 -0.004797737
11.89 -0.006115581
11.9 -0.005906484
11.91 -0.005137407
11.92 -0.00450093
11.93 -0.004900773
11.94 -0.006312456
11.95 -0.006961179
11.96 -0.007271262
11.97 -0.007367145
11.98 -0.005508708
11.99 -0.002613951
12 0.0008683262
12.01 0.002655363
12.02 0.00111312
12.03 -0.001514403
12.04 -0.004116426
12.05 -0.006269648
12.06 -0.00727945
12.07 -0.005745373
12.08 -0.002939356
12.09 0.0004796807
12.1 0.003557018
12.11 0.005238996
12.12 0.004672893
12.13 0.00274611
12.14 0.002405427
12.15 0.002530885
12.16 0.004178182
12.17 0.005461339
12.18 0.005454197
12.19 0.006482354
12.2 0.005720411
12.21 0.005316489
12.22 0.006375246
12.23 0.006754684
12.24 0.007197361
12.25 0.007514579
12.26 0.007060676
12.27 0.006571074
12.28 0.005438871
12.29 0.002671609
12.3 -0.001554253
12.31 -0.006478815
12.32 -0.008583079
12.33 -0.00504266
12.34 -0.0004516427
12.35 0.001716875
12.36 0.001698513
12.37 0.0004071903
12.38 0.0001695281
12.39 0.0002643858
12.4 0.001760723
12.41 0.002718501
12.42 0.003452899
12.43 0.002783777
12.44 0.0006693147
12.45 -0.001078968
12.46 -0.00147677
12.47 0.0007529483
12.48 0.002102406
12.49 0.000782524
12.5 -0.003062878
12.51 -0.00548436
12.52 -0.005212022
12.53 -0.003722824
12.54 -0.002138766
12.55 -0.001544108
12.56 -0.00137581
12.57 -0.001103472
12.58 -0.001137134
12.59 -0.0004690361
12.6 0.001226202
12.61 0.00136492
12.62 0.000440798
12.63 -0.001160604
12.64 -0.003199586
12.65 -0.004989687
12.66 -0.005996429
12.67 -0.006410551
12.68 -0.006721653
12.69 -0.005981135
12.7 -0.004404217
12.71 -0.003047618
12.72 -0.00268246
12.73 -0.001784862
12.74 0.0005917365
12.75 0.002487915
12.76 0.002498113
12.77 0.002501171
12.78 0.002465469
12.79 0.003078488
12.8 0.003588486
12.81 0.003414064
12.82 0.003143763
12.83 0.002673541
12.84 0.0008661003
12.85 0.0005315387
12.86 0.0003785373
12.87 -0.0003813643
12.88 -0.001044366
12.89 -0.001471747
12.9 -0.001446249
12.91 -0.0007251102
12.92 0.001313869
12.93 0.003292667
12.94 0.004570726
12.95 0.003787364
12.96 0.001659643
12.97 0.0001459615
12.98 0.0003448602
12.99 0.001826919
13 0.002532757
13.01 0.0008232362
13.02 -0.001742065
13.03 -0.004265547
13.04 -0.005353887
13.05 -0.004716388
13.06 -0.001828769
13.07 0.001405648
13.08 0.002989707
13.09 0.002584767
13.1 0.002515406
13.11 0.002504185
13.12 0.002593943
13.13 0.001809562
13.14 -8.865907e-05
13.15 -0.00100156
13.16 -0.001578881
13.17 -0.0004599423
13.18 0.001282217
13.19 0.0001438957
13.2 -0.002748825
13.21 -0.005217226
13.22 -0.006727846
13.23 -0.006311688
13.24 -0.004923469
13.25 -0.00342305
13.26 -0.003266991
13.27 -0.004118691
13.28 -0.007930432
13.29 -0.01212876
13.3 -0.01238784
13.31 -0.008599555
13.32 -0.003248636
13.33 0.001267923
13.34 0.004247342
13.35 0.006214922
13.36 0.005826301
13.37 0.00317532
13.38 0.0006253192
13.39 -0.0002100615
13.4 0.0005100578
13.41 0.001312797
13.42 0.002694896
13.43 0.002305255
13.44 0.001173055
13.45 -0.0008883655
13.46 -0.002964066
13.47 -0.003944286
13.48 -0.002171527
13.49 -0.001204568
13.5 -0.001357568
13.51 0.000342771
13.52 0.002838711
13.53 0.00601907
13.54 0.007487869
13.55 0.005188788
13.56 0.002079828
13.57 0.000839508
13.58 0.001096547
13.59 0.002438867
13.6 0.002655106
13.61 0.002285866
13.62 -0.000607874
13.63 -0.003805574
13.64 -0.006511635
13.65 -0.007440855
13.66 -0.007017555
13.67 -0.005693596
13.68 -0.002901856
13.69 8.203561e-06
13.7 0.001932943
13.71 0.002399083
13.72 0.003234462
13.73 0.003604722
13.74 0.003398682
13.75 0.002460282
13.76 0.0009976019
13.77 0.0005161616
13.78 0.0007579015
13.79 0.001677941
13.8 0.0007885013
13.81 3.268113e-05
13.82 -0.0008128991
13.83 -0.001562599
13.84 -0.0005997191
13.85 0.00198394
13.86 0.0061894
13.87 0.00860374
13.88 0.00759904
13.89 0.004203461
13.9 0.001250561
13.91 0.0001061206
13.92 2.758062e-05
13.93 -0.00113114
13.94 -0.00307628
13.95 -0.005047939
13.96 -0.006489199
13.97 -0.007163419
13.98 -0.007212379
13.99 -0.005354959
14 -0.002551999
14.01 -0.001173979
14.02 -0.002270479
14.03 -0.004906159
14.04 -0.005396778
14.05 -0.004039157
14.06 -0.0006139976
14.07 0.003589423
14.08 0.005529463
14.09 0.005543743
14.1 0.004968463
14.11 0.003855643
14.12 7.552381e-05
14.13 -0.005350875
14.14 -0.008545515
14.15 -0.008340495
14.16 -0.005786415
14.17 -0.003509775
14.18 0.0004896458
14.19 0.005465206
14.2 0.008362006
14.21 0.01078349
14.22 0.01249913
14.23 0.01331717
14.24 0.01154135
14.25 0.008560909
14.26 0.005221429
14.27 0.002146129
14.28 -0.0006303099
14.29 -0.001928769
14.3 -0.001337169
14.31 -0.001353488
14.32 -0.001842068
14.33 -0.002554028
14.34 -0.001547287
14.35 -0.001474866
14.36 -0.0007884056
14.37 0.001169995
14.38 0.003379316
14.39 0.006234296
14.4 0.006417897
14.41 0.005347917
14.42 0.004482958
14.43 0.003329339
14.44 0.00272754
14.45 0.00170142
14.46 -0.001212719
14.47 -0.004650118
14.48 -0.007010397
14.49 -0.006199497
14.5 -0.003632156
14.51 -0.0004640354
14.52 0.002524565
14.53 0.005170446
14.54 0.006007865
14.55 0.005618228
14.56 0.005343849
14.57 0.004497249
14.58 0.00221857
14.59 -0.002096028
14.6 -0.006707448
14.61 -0.01065484
14.62 -0.01268159
14.63 -0.01202777
14.64 -0.01111997
14.65 -0.01119953
14.66 -0.01100368
14.67 -0.009559363
14.68 -0.007177661
14.69 -0.005765979
14.7 -0.007084838
14.71 -0.008802518
14.72 -0.009338017
14.73 -0.008374117
14.74 -0.004741894
14.75 -0.001573773
14.76 -0.001459533
14.77 -0.002996672
14.78 -0.005023411
14.79 -0.005080529
14.8 -0.001951168
14.81 0.002232873
14.82 0.005295934
14.83 0.007252296
14.84 0.009007715
14.85 0.008401837
14.86 0.009138279
14.87 0.00879046
14.88 0.00670558
14.89 0.004607442
14.9 0.002290003
14.91 -0.0007373559
14.92 -0.004297155
14.93 -0.005325313
14.94 -0.005910792
14.95 -0.004099271
14.96 -0.00302929
14.97 -0.003290408
14.98 -0.003480127
14.99 -0.001860366
15 0.002049295
15.01 0.006234356
15.02 0.007289038
15.03 0.004502398
15.04 0.003184561
15.05 0.003454862
15.06 0.005460184
15.07 0.008182565
15.08 0.01011139
15.09 0.009858428
15.1 0.006370029
15.11 0.00139651
15.12 -0.002937469
15.13 -0.003727966
15.14 -0.0008933854
15.15 0.003680296
15.16 0.007555277
15.17 0.009555499
15.18 0.01029908
15.19 0.009143423
15.2 0.006697463
15.21 0.002995885
15.22 -0.0002089535
15.23 -0.000129392
15.24 -0.0007189504
15.25 -0.002833409
15.26 -0.004343008
15.27 -0.005089645
15.28 -0.006203484
15.29 -0.008113943
15.3 -0.009215541
15.31 -0.009779599
15.32 -0.01045994
15.33 -0.01116578
15.34 -0.01052011
15.35 -0.005931133
15.36 0.001480188
15.37 0.00715853
15.38 0.007649152
15.39 0.003974093
15.4 0.0006631753
15.41 -0.000392523
15.42 -0.0005332813
15.43 -0.001554299
15.44 -0.002029618
15.45 -0.003873776
15.46 -0.004349094
15.47 -0.003109793
15.48 -0.002387631
15.49 -0.0004945092
15.5 0.002289073
15.51 0.004168934
15.52 0.004451476
15.53 0.002669538
15.54 -0.0006964603
15.55 -0.001564478
15.56 -0.0007086966
15.57 0.002064685
15.58 0.007775666
15.59 0.01230957
15.6 0.01262985
15.61 0.01000947
15.62 0.007089213
15.63 0.006206916
15.64 0.005371538
15.65 0.00381502
15.66 0.001554701
15.67 -0.001061596
15.68 -0.001319654
15.69 0.001635287
15.7 0.00514103
15.71 0.007298331
15.72 0.008247953
15.73 0.007435015
15.74 0.006840357
15.75 0.00621
15.76 0.004917661
15.77 0.004229163
15.78 0.002879705
15.79 0.0006448872
15.8 -0.00106565
15.81 -0.003345349
15.82 -0.004167466
15.83 -0.003498345
15.84 -0.002625223
15.85 -0.0013543
15.86 -0.001485879
15.87 -0.001402236
15.88 -0.001129894
15.89 -0.003058713
15.9 -0.00706731
15.91 -0.01163181
15.92 -0.01388295
15.93 -0.01236009
15.94 -0.009496941
15.95 -0.00769766
15.96 -0.006634818
15.97 -0.004433655
15.98 -0.001611314
15.99 0.001398709
16 0.002398311
16.01 0.002738993
16.02 0.002668615
16.03 0.001335477
16.04 -0.0001873804
16.05 -0.001622519
16.06 -0.0006943161
16.07 0.001231446
16.08 0.003657008
16.09 0.00471067
16.1 0.002911392
16.11 -0.0004525651
16.12 -0.003676783
16.13 -0.00697852
16.14 -0.010216
16.15 -0.01355854
16.16 -0.01603203
16.17 -0.01537923
16.18 -0.01171539
16.19 -0.005974827
16.2 0.0008173552
16.21 0.005951017
16.22 0.006868
16.23 0.006076481
16.24 0.005445104
16.25 0.005952046
16.26 0.008800909
16.27 0.01101941
16.28 0.01307879
16.29 0.01414877
16.3 0.01250964
16.31 0.01041762
16.32 0.006855783
16.33 0.002918585
16.34 -0.001601032
16.35 -0.006066589
16.36 -0.009174528
16.37 -0.01036588
16.38 -0.01070452
16.39 -0.0108973
16.4 -0.01021798
16.41 -0.009324455
16.42 -0.008887893
16.43 -0.00753231
16.44 -0.008165729
16.45 -0.009873207
16.46 -0.01125123
16.47 -0.01196828
16.48 -0.01090646
16.49 -0.011444
16.5 -0.01124
16.51 -0.01090237
16.52 -0.008817488
16.53 -0.004852746
16.54 0.0008113159
16.55 0.007791178
16.56 0.0139275
16.57 0.01847364
16.58 0.02081863
16.59 0.02089921
16.6 0.01955077
16.61 0.01825028
16.62 0.01645712
16.63 0.01367864
16.64 0.009691462
16.65 0.006424403
16.66 0.005253446
16.67 0.003629609
16.68 0.001667131
16.69 -0.0004626266
16.7 -0.003775584
16.71 -0.007023262
16.72 -0.0103148
16.73 -0.01308614
16.74 -0.01433564
16.75 -0.01174687
16.76 -0.006709089
16.77 -0.002189466
16.78 -0.001649884
16.79 -0.004414081
16.8 -0.007099738
16.81 -0.007371056
16.82 -0.005770673
16.83 -0.003142131
16.84 -0.000760428
16.85 -0.001141906
16.86 -0.001759003
16.87 -0.00263212
16.88 -0.003647018
16.89 -0.005055635
16.9 -0.005534012
16.91 -0.00347259
16.92 0.0009123928
16.93 0.006632554
16.94 0.01175703
16.95 0.01546882
16.96 0.0154678
16.97 0.01143574
16.98 0.006820248
16.99 0.002324091
17 -0.0004635661
17.01 0.0001647566
17.02 0.002056859
17.03 0.004761902
17.04 0.005921644
17.05 0.004250887
17.06 0.00227515
17.07 0.003113592
17.08 0.004488555
17.09 0.005865557
17.1 0.00633068
17.11 0.006882503
17.12 0.009200966
17.13 0.01191315
17.14 0.01368285
17.15 0.01247926
17.16 0.007933116
17.17 0.002735199
17.18 -0.001008198
17.19 -0.002841135
17.2 -0.003563293
17.21 -0.00525751
17.22 -0.007232227
17.23 -0.009608824
17.24 -0.01131427
17.25 -0.01238832
17.26 -0.01233222
17.27 -0.0130299
17.28 -0.01520045
17.29 -0.01631939
17.3 -0.01618985
17.31 -0.01473736
17.32 -0.01372756
17.33 -0.01308394
17.34 -0.01310638
17.35 -0.01500867
17.36 -0.01590423
17.37 -0.01597461
17.38 -0.01380404
17.39 -0.01122548
17.4 -0.007641197
17.41 -0.005580795
17.42 -0.002798232
17.43 8.810757e-06
17.44 0.0007901335
17.45 0.001435796
17.46 0.000107759
17.47 0.001388882
17.48 0.003458464
17.49 0.007148827
17.5 0.01023127
17.51 0.01337492
17.52 0.01598306
17.53 0.01750592
17.54 0.01644411
17.55 0.01423989
17.56 0.01239369
17.57 0.01049037
17.58 0.01004361
17.59 0.01101873
17.6 0.01399917
17.61 0.0168613
17.62 0.01810774
17.63 0.01982746
17.64 0.02280995
17.65 0.02579957
17.66 0.02805377
17.67 0.02764067
17.68 0.02353314
17.69 0.0178293
17.7 0.0110973
17.71 0.002844488
17.72 -0.004791229
17.73 -0.01159769
17.74 -0.01544818
17.75 -0.01728826
17.76 -0.01726684
17.77 -0.01789108
17.78 -0.01789005
17.79 -0.01590717
17.8 -0.01288287
17.81 -0.009019104
17.82 -0.00625286
17.83 -0.005259378
17.84 -0.004076175
17.85 -0.002880732
17.86 -0.001992309
17.87 -0.001515966
17.88 -0.001642443
17.89 -0.002123881
17.9 -0.003269338
17.91 -0.004178155
17.92 -0.004263832
17.93 -0.003724249
17.94 -0.001871926
17.95 0.0002047965
17.96 0.003813559
17.97 0.007078582
17.98 0.008312785
17.99 0.007251987
18 0.002206051
18.01 -0.004600406
18.02 -0.009480083
18.03 -0.0096902
18.04 -0.005774418
18.05 -0.001927995
18.06 -0.001019172
18.07 -0.0004143095
18.08 0.0004588132
18.09 0.001360496
18.1 0.001295218
18.11 0.001455361
18.12 0.002978224
18.13 0.005112067
18.14 0.00628405
18.15 0.006186133
18.16 0.006379936
18.17 0.007912999
18.18 0.01237959
18.19 0.01772031
18.2 0.0200204
18.21 0.0174449
18.22 0.01147281
18.23 0.005829155
18.24 0.002671238
18.25 0.001664501
18.26 0.000734264
18.27 -0.002748013
18.28 -0.00646489
18.29 -0.007829647
18.3 -0.005798824
18.31 -0.002073782
18.32 0.001812421
18.33 0.003364863
18.34 0.0004231865
18.35 -0.00563153
18.36 -0.01365281
18.37 -0.02083361
18.38 -0.0251023
18.39 -0.02426794
18.4 -0.02081524
18.41 -0.01612018
18.42 -0.01240024
18.43 -0.01155057
18.44 -0.01309179
18.45 -0.01702593
18.46 -0.02117426
18.47 -0.02332952
18.48 -0.02185154
18.49 -0.01884662
18.5 -0.01639963
18.51 -0.01484923
18.52 -0.01295203
18.53 -0.01000626
18.54 -0.005276517
18.55 -0.001215894
18.56 0.001363688
18.57 0.001462631
18.58 -0.001439266
18.59 -0.004569643
18.6 -0.0063577
18.61 -0.005324438
18.62 -0.002615315
18.63 -0.0005345125
18.64 -0.001327049
18.65 -0.005284647
18.66 -0.009188184
18.67 -0.01115067
18.68 -0.01058966
18.69 -0.007542916
18.7 -0.004123873
18.71 0.0008435296
18.72 0.003915773
18.73 0.005992495
18.74 0.008154897
18.75 0.01160862
18.76 0.01859868
18.77 0.02721768
18.78 0.03549498
18.79 0.04013701
18.8 0.03997585
18.81 0.03720859
18.82 0.03303374
18.83 0.02825402
18.84 0.02276948
18.85 0.01897202
18.86 0.01689531
18.87 0.01621803
18.88 0.01764909
18.89 0.01818663
18.9 0.0173482
18.91 0.0147064
18.92 0.01033774
18.93 0.004757329
18.94 0.001617773
18.95 0.002013535
18.96 0.004720618
18.97 0.007548061
18.98 0.008901603
18.99 0.007390986
19 0.001616769
19.01 -0.007962049
19.02 -0.01723996
19.03 -0.02108536
19.04 -0.01915552
19.05 -0.01221543
19.06 -0.004560335
19.07 0.001672888
19.08 0.00577839
19.09 0.007549113
19.1 0.008634396
19.11 0.008303918
19.12 0.007008521
19.13 0.006460783
19.14 0.005542786
19.15 0.003634368
19.16 0.001576011
19.17 -5.190616e-05
19.18 0.0003887365
19.19 -0.0001671609
19.2 -0.002946658
19.21 -0.005277356
19.22 -0.006568673
19.23 -0.005578251
19.24 -0.002071488
19.25 0.002029934
19.26 0.005154197
19.27 0.00648122
19.28 0.004924703
19.29 0.0008100253
19.3 -0.002738552
19.31 -0.00411453
19.32 -0.002890527
19.33 -0.002394804
19.34 -0.003541281
19.35 -0.006609439
19.36 -0.01084856
19.37 -0.01294465
19.38 -0.01370251
19.39 -0.01145851
19.4 -0.006115746
19.41 0.001446536
19.42 0.006881099
19.43 0.008892542
19.44 0.007040224
19.45 0.002185026
19.46 -0.002048991
19.47 -0.005352768
19.48 -0.006237106
19.49 -0.005442523
19.5 -0.004958021
19.51 -0.005935179
19.52 -0.008938056
19.53 -0.01223266
19.54 -0.01496625
19.55 -0.01697361
19.56 -0.01835877
19.57 -0.01961337
19.58 -0.0210434
19.59 -0.02387186
19.6 -0.02462054
19.61 -0.02493368
19.62 -0.02490715
19.63 -0.02403403
19.64 -0.02349445
19.65 -0.02281819
19.66 -0.02147281
19.67 -0.01915128
19.68 -0.01584138
19.69 -0.01095456
19.7 -0.005648511
19.71 -0.0008851091
19.72 0.004167973
19.73 0.008878335
19.74 0.01363052
19.75 0.0148433
19.76 0.01228719
19.77 0.006444625
19.78 -0.003307592
19.79 -0.01291701
19.8 -0.02097398
19.81 -0.02314862
19.82 -0.02061902
19.83 -0.01595558
19.84 -0.009825379
19.85 -0.002448735
19.86 0.008016468
19.87 0.02131829
19.88 0.03340223
19.89 0.04090944
19.9 0.04113486
19.91 0.03840228
19.92 0.03538614
19.93 0.03313704
19.94 0.02991589
19.95 0.02234137
19.96 0.01179253
19.97 -3.946743e-05
19.98 -0.009383685
19.99 -0.01411648
20 -0.01273438
20.01 -0.008846139
20.02 -0.006040116
20.03 -0.005263894
20.04 -0.007278391
20.05 -0.009471389
20.06 -0.01011195
20.07 -0.008534005
20.08 -0.004241842
20.09 0.0001166199
20.1 0.001566042
20.11 -0.0008187157
20.12 -0.003081073
20.13 -0.003504371
20.14 -0.002049849
20.15 -0.0001638667
20.16 -0.001342984
20.17 -0.004759982
20.18 -0.0083871
20.19 -0.01011905
20.2 -0.008379955
20.21 -0.003073913
20.22 0.005044268
20.23 0.01417837
20.24 0.023339
20.25 0.02947328
20.26 0.02920706
20.27 0.02368988
20.28 0.01704458
20.29 0.01300538
20.3 0.01401009
20.31 0.01542177
20.32 0.01403559
20.33 0.007760552
20.34 -0.002890285
20.35 -0.01483856
20.36 -0.0249947
20.37 -0.03097088
20.38 -0.03527324
20.39 -0.03676652
20.4 -0.0365564
20.41 -0.03455617
20.42 -0.03043945
20.43 -0.02221315
20.44 -0.01002619
20.45 0.002709537
20.46 0.01319003
20.47 0.02116644
20.48 0.02687232
20.49 0.03166632
20.5 0.03819126
20.51 0.04377882
20.52 0.04668889
20.53 0.04735597
20.54 0.0430883
20.55 0.03655418
20.56 0.02847986
20.57 0.01952834
20.58 0.01005867
20.59 -0.0002831147
20.6 -0.008187092
20.61 -0.01616349
20.62 -0.02195505
20.63 -0.02488347
20.64 -0.0233045
20.65 -0.01795256
20.66 -0.01278626
20.67 -0.006983479
20.68 -0.001033818
20.69 0.005289164
20.7 0.01219558
20.71 0.01877663
20.72 0.02211815
20.73 0.02305655
20.74 0.02148371
20.75 0.01699061
20.76 0.009306959
20.77 -0.0001066204
20.78 -0.01049021
20.79 -0.01916735
20.8 -0.02424593
20.81 -0.02540159
20.82 -0.02492117
20.83 -0.02533223
20.84 -0.0273457
20.85 -0.0311503
20.86 -0.03108502
20.87 -0.02702338
20.88 -0.02062288
20.89 -0.01372462
20.9 -0.0111532
20.91 -0.01483233
20.92 -0.02115225
20.93 -0.02711415
20.94 -0.03060765
20.95 -0.03186531
20.96 -0.03051687
20.97 -0.02896137
20.98 -0.02400926
20.99 -0.01629092
21 -0.008331859
21.01 0.0002667421
21.02 0.007553624
21.03 0.01544536
21.04 0.02328304
21.05 0.03279658
21.06 0.04023953
21.07 0.04586993
21.08 0.04832915
21.09 0.04717553
21.1 0.04361063
21.11 0.03998352
21.12 0.03806184
21.13 0.03567198
21.14 0.03458977
21.15 0.03287005
21.16 0.02872375
21.17 0.02403685
21.18 0.01901947
21.19 0.01312897
21.2 0.009669134
21.21 0.01006081
21.22 0.01046984
21.23 0.008689938
21.24 0.006860059
21.25 0.004126461
21.26 0.002546482
21.27 0.004599743
21.28 0.008983706
21.29 0.01232624
21.3 0.013436
21.31 0.01276791
21.32 0.01004859
21.33 0.007687293
21.34 0.005833954
21.35 0.003676655
21.36 0.0007716971
21.37 -0.002696302
21.38 -0.00735464
21.39 -0.01171718
21.4 -0.01547791
21.41 -0.02007709
21.42 -0.02459569
21.43 -0.02929381
21.44 -0.03258841
21.45 -0.03361555
21.46 -0.03178159
21.47 -0.02663569
21.48 -0.02053099
21.49 -0.01546159
21.5 -0.01217514
21.51 -0.01159272
21.52 -0.01054824
21.53 -0.007691219
21.54 -0.003536758
21.55 0.0005983234
21.56 0.003886805
21.57 0.006555126
21.58 0.009390728
21.59 0.01447848
21.6 0.01938162
21.61 0.02207342
21.62 0.021542
21.63 0.01898792
21.64 0.01574024
21.65 0.0126017
21.66 0.0108065
21.67 0.01048316
21.68 0.01217534
21.69 0.01408478
21.7 0.01382774
21.71 0.01071266
21.72 0.003676704
21.73 -0.004894354
21.74 -0.01390197
21.75 -0.02318601
21.76 -0.03167955
21.77 -0.04022307
21.78 -0.04848711
21.79 -0.05380437
21.8 -0.05542514
21.81 -0.05396756
21.82 -0.05080862
21.83 -0.0466664
21.84 -0.04021796
21.85 -0.03209264
21.86 -0.02126738
21.87 -0.01024015
21.88 -0.001252937
21.89 0.004105124
21.9 0.005811584
21.91 0.005857486
21.92 0.003130007
21.93 -0.001522212
21.94 -0.007525931
21.95 -0.01085011
21.96 -0.01104187
21.97 -0.006975127
21.98 0.0008401131
21.99 0.009141894
22 0.01713563
22.01 0.02609327
22.02 0.03488057
22.03 0.0417258
22.04 0.0461832
22.05 0.04614036
22.06 0.04144428
22.07 0.03654828
22.08 0.03342096
22.09 0.03019674
22.1 0.0288381
22.11 0.02574343
22.12 0.01859629
22.13 0.008608446
22.14 0.0008238079
22.15 -0.006996531
22.16 -0.01436195
22.17 -0.01907129
22.18 -0.02409479
22.19 -0.02833289
22.2 -0.02686001
22.21 -0.01985261
22.22 -0.01155899
22.23 -0.003535664
22.24 0.001828516
22.25 0.002710816
22.26 0.0001434777
22.27 -0.004451622
22.28 -0.01060528
22.29 -0.0155584
22.3 -0.01950274
22.31 -0.02106946
22.32 -0.02020858
22.33 -0.01633155
22.34 -0.01179357
22.35 -0.008809055
22.36 -0.008757035
22.37 -0.01168239
22.38 -0.01568793
22.39 -0.02121531
22.4 -0.02665395
22.41 -0.03112257
22.42 -0.03354303
22.43 -0.03289227
22.44 -0.02693649
22.45 -0.01889787
22.46 -0.01076439
22.47 -0.006063208
22.48 -0.005627667
22.49 -0.005989767
22.5 -0.005222724
22.51 -0.001680265
22.52 0.002465015
22.53 0.003042335
22.54 0.001622496
22.55 -0.001160063
22.56 -0.002845102
22.57 -0.002345302
22.58 6.393852e-05
22.59 0.006787779
22.6 0.01346673
22.61 0.02120139
22.62 0.02651968
22.63 0.02714392
22.64 0.02647684
22.65 0.02604232
22.66 0.0284434
22.67 0.03363317
22.68 0.03907895
22.69 0.04143617
22.7 0.04239497
22.71 0.04295495
22.72 0.04387703
22.73 0.04714205
22.74 0.05048867
22.75 0.05205335
22.76 0.05099663
22.77 0.04860473
22.78 0.04291109
22.79 0.03222251
22.8 0.01839641
22.81 0.001490928
22.82 -0.01498921
22.83 -0.02761885
22.84 -0.03607566
22.85 -0.03880926
22.86 -0.036042
22.87 -0.03128574
22.88 -0.02753622
22.89 -0.02697217
22.9 -0.03083899
22.91 -0.03598897
22.92 -0.04011589
22.93 -0.04228747
22.94 -0.04317895
22.95 -0.04430911
22.96 -0.04687849
22.97 -0.04926835
22.98 -0.04885117
22.99 -0.04599619
23 -0.04257511
23.01 -0.03754549
23.02 -0.03206707
23.03 -0.02916721
23.04 -0.02709355
23.05 -0.02532895
23.06 -0.02479039
23.07 -0.02323183
23.08 -0.01955269
23.09 -0.01511161
23.1 -0.009824945
23.11 -0.002327944
23.12 0.007172335
23.13 0.01770893
23.14 0.02905235
23.15 0.03702569
23.16 0.04132295
23.17 0.04458899
23.18 0.04450025
23.19 0.04085171
23.2 0.03416766
23.21 0.02736018
23.22 0.02395338
23.23 0.0249387
23.24 0.0302682
23.25 0.03789066
23.26 0.04691664
23.27 0.05529594
23.28 0.06173112
23.29 0.06487578
23.3 0.06546738
23.31 0.06374052
23.32 0.06001854
23.33 0.05627105
23.34 0.05191565
23.35 0.04754699
23.36 0.04238069
23.37 0.03587921
23.38 0.02770901
23.39 0.01910531
23.4 0.01126967
23.41 0.002839375
23.42 -0.006169265
23.43 -0.01655695
23.44 -0.02740975
23.45 -0.03822072
23.46 -0.04842072
23.47 -0.05807196
23.48 -0.0657801
23.49 -0.07229585
23.5 -0.07820778
23.51 -0.08232349
23.52 -0.08453281
23.53 -0.08237346
23.54 -0.07666758
23.55 -0.0679221
23.56 -0.05721007
23.57 -0.04636543
23.58 -0.03565849
23.59 -0.02679367
23.6 -0.01968733
23.61 -0.01134985
23.62 -0.00395179
23.63 -0.0004348302
23.64 0.001634749
23.65 0.0008085493
23.66 -0.003856931
23.67 -0.006217212
23.68 -0.008079731
23.69 -0.009614832
23.7 -0.01010749
23.71 -0.008721314
23.72 -0.006582373
23.73 -0.006372253
23.74 -0.001334474
23.75 0.01166542
23.76 0.02633404
23.77 0.03691654
23.78 0.03920848
23.79 0.03621274
23.8 0.03172576
23.81 0.02548234
23.82 0.02130136
23.83 0.02176954
23.84 0.02616778
23.85 0.03266722
23.86 0.03675844
23.87 0.03574966
23.88 0.03383001
23.89 0.03324045
23.9 0.03317313
23.91 0.03542733
23.92 0.03799977
23.93 0.03862605
23.94 0.03832719
23.95 0.03563847
23.96 0.03110254
23.97 0.02644114
23.98 0.02212144
23.99 0.01785784
24 0.01367992
24.01 0.009197013
24.02 0.004092932
24.03 -0.001833268
24.04 -0.007980809
24.05 -0.01490151
24.06 -0.02092155
24.07 -0.02356743
24.08 -0.02304315
24.09 -0.02140809
24.1 -0.01927425
24.11 -0.01530441
24.12 -0.009279274
24.13 -0.001445675
24.14 0.006193104
24.15 0.01118702
24.16 0.01012112
24.17 0.004785501
24.18 -0.001602758
24.19 -0.006198879
24.2 -0.01122952
24.21 -0.0148597
24.22 -0.01623466
24.23 -0.0137479
24.24 -0.008175643
24.25 -0.003511184
24.26 0.0004749752
24.27 0.001603095
24.28 0.001113494
24.29 -0.0007337272
24.3 -0.0008061481
24.31 0.0007330311
24.32 0.0008085103
24.33 -0.0002737105
24.34 -0.002438152
24.35 -0.005123812
24.36 -0.005460413
24.37 -0.005494074
24.38 -0.004747435
24.39 -0.002722735
24.4 -0.0001727366
24.41 0.004576383
24.42 0.008830803
24.43 0.01266498
24.44 0.01441938
24.45 0.01512012
24.46 0.01512828
24.47 0.01570967
24.48 0.01677047
24.49 0.01776191
24.5 0.01798529
24.51 0.01461215
24.52 0.008893012
24.53 0.002009031
24.54 -0.002543229
24.55 -0.00454039
24.56 -0.003736631
24.57 -0.001843512
24.58 -0.001435513
24.59 -0.002214794
24.6 -0.004220115
24.61 -0.004226236
24.62 -0.002216838
24.63 -0.0003165791
24.64 0.002071239
24.65 0.001734638
24.66 -0.002791102
24.67 -0.01113471
24.68 -0.02265969
24.69 -0.03202431
24.7 -0.03734667
24.71 -0.03942747
24.72 -0.03988341
24.73 -0.03954477
24.74 -0.03888687
24.75 -0.03806883
24.76 -0.0360778
24.77 -0.03406636
24.78 -0.03286786
24.79 -0.032314
24.8 -0.02994352
24.81 -0.02677846
24.82 -0.0214408
24.83 -0.01449562
24.84 -0.007994143
24.85 -0.001800704
24.86 0.0006462747
24.87 0.001372513
24.88 0.002065092
24.89 0.004363151
24.9 0.00700291
24.91 0.009136748
24.92 0.01027201
24.93 0.01024039
24.94 0.0104097
24.95 0.0137757
24.96 0.01851054
24.97 0.01852074
24.98 0.0155352
24.99 0.009914999
25 0.002864757
25.01 -0.002982904
25.02 -0.005070845
25.03 -0.006100027
25.04 -0.006447848
25.05 -0.00652843
25.06 -0.00752497
25.07 -0.009016213
25.08 -0.01166923
25.09 -0.01477921
25.1 -0.01870622
25.11 -0.02262302
25.12 -0.02645312
25.13 -0.02873588
25.14 -0.02820038
25.15 -0.02195696
25.16 -0.01081244
25.17 0.001101153
25.18 0.01203658
25.19 0.01953051
25.2 0.02402973
25.21 0.02596977
25.22 0.02293629
25.23 0.01607985
25.24 0.008218704
25.25 0.001159282
25.26 -0.00330424
25.27 -0.005348321
25.28 -0.004571082
25.29 -0.001013324
25.3 0.005443274
25.31 0.01492927
25.32 0.02241403
25.33 0.02568925
25.34 0.02592079
25.35 0.02408172
25.36 0.01939074
25.37 0.01484358
25.38 0.01175502
25.39 0.01017198
25.4 0.01030662
25.41 0.01096248
25.42 0.01501392
25.43 0.02133179
25.44 0.02865029
25.45 0.03533333
25.46 0.03955001
25.47 0.04115957
25.48 0.04078727
25.49 0.03954695
25.5 0.0362605
25.51 0.03306994
25.52 0.02953156
25.53 0.02454478
25.54 0.02120428
25.55 0.01828606
25.56 0.01654186
25.57 0.01408467
25.58 0.01006688
25.59 0.006725367
25.6 0.003524606
25.61 0.000899124
25.62 -0.003859178
25.63 -0.00969154
25.64 -0.01469056
25.65 -0.0163705
25.66 -0.01487825
25.67 -0.01179683
25.68 -0.009575269
25.69 -0.009795589
25.7 -0.01112669
25.71 -0.01242515
25.72 -0.01284437
25.73 -0.0124323
25.74 -0.01054734
25.75 -0.008105461
25.76 -0.006579542
25.77 -0.006876364
25.78 -0.008124846
25.79 -0.01004754
25.8 -0.01151226
25.81 -0.01205186
25.82 -0.0111818
25.83 -0.009095896
25.84 -0.005259677
25.85 -0.002550559
25.86 -0.001239861
25.87 -0.0005574827
25.88 0.0002809553
25.89 0.001623273
25.9 0.001294832
25.91 0.0003615296
25.92 -0.002341472
25.93 -0.005107714
25.94 -0.007022254
25.95 -0.007420058
25.96 -0.009044919
25.97 -0.01085338
25.98 -0.01192132
25.99 -0.01216205
26 -0.01006697
26.01 -0.00610223
26.02 -0.001970211
26.03 0.0003166264
26.04 0.0002717445
26.05 -0.002067117
26.06 -0.00472014
26.07 -0.008210581
26.08 -0.01204068
26.09 -0.016545
26.1 -0.02068314
26.11 -0.02378191
26.12 -0.02506813
26.13 -0.02473663
26.14 -0.02352691
26.15 -0.02209586
26.16 -0.02094428
26.17 -0.01932248
26.18 -0.01734675
26.19 -0.01524045
26.2 -0.01234875
26.21 -0.01128081
26.22 -0.01294851
26.23 -0.01722435
26.24 -0.02100141
26.25 -0.02239474
26.26 -0.02194288
26.27 -0.01855852
26.28 -0.0146101
26.29 -0.01116863
26.3 -0.008707369
26.31 -0.007463991
26.32 -0.006089032
26.33 -0.005259775
26.34 -0.004097997
26.35 -0.003496199
26.36 -0.002463962
26.37 0.0004919962
26.38 0.006311094
26.39 0.01501272
26.4 0.02331754
26.41 0.02978026
26.42 0.0344182
26.43 0.03775462
26.44 0.0393397
26.45 0.04064938
26.46 0.04194682
26.47 0.04277404
26.48 0.04222833
26.49 0.04089213
26.5 0.03784538
26.51 0.0329912
26.52 0.02712212
26.53 0.0207971
26.54 0.01570628
26.55 0.01202918
26.56 0.008870235
26.57 0.005123772
26.58 0.002053569
26.59 -0.001342012
26.6 -0.002117214
26.61 -0.001500117
26.62 -0.0004454393
26.63 0.001775099
26.64 0.002696156
26.65 0.003034794
26.66 0.001784272
26.67 -0.0007269709
26.68 -0.005595433
26.69 -0.01123603
26.7 -0.01394617
26.71 -0.01293128
26.72 -0.008988983
26.73 -0.004680505
26.74 -0.001486887
26.75 0.0002736305
26.76 0.002428888
26.77 0.002164706
26.78 0.0008438034
26.79 -0.001329819
26.8 -0.004105241
26.81 -0.004329643
26.82 -0.003086266
26.83 0.0002521915
26.84 0.004110849
26.85 0.009367927
26.86 0.01430881
26.87 0.01704546
26.88 0.0184653
26.89 0.01736981
26.9 0.01449647
26.91 0.01154561
26.92 0.01044911
26.93 0.01038791
26.94 0.01062353
26.95 0.01140586
26.96 0.01093156
26.97 0.009992137
26.98 0.008504976
26.99 0.006700592
27 0.00491559
27.01 0.002054488
27.02 -0.001765415
27.03 -0.005908657
27.04 -0.008835041
27.05 -0.01217962
27.06 -0.01677677
27.07 -0.02162585
27.08 -0.02858837
27.09 -0.03566105
27.1 -0.04173515
27.11 -0.04597122
27.12 -0.04751448
27.13 -0.0468474
27.14 -0.04515114
27.15 -0.04191163
27.16 -0.03822025
27.17 -0.03571615
27.18 -0.03466453
27.19 -0.03464413
27.2 -0.03411374
27.21 -0.03094869
27.22 -0.02696253
27.23 -0.02274789
27.24 -0.01652283
27.25 -0.009243093
27.26 -0.001002515
27.27 0.006992242
27.28 0.01371506
27.29 0.01886503
27.3 0.02025937
27.31 0.01804801
27.32 0.01477483
27.33 0.01110895
27.34 0.007968363
27.35 0.004566661
27.36 0.001975859
27.37 -0.0002467244
27.38 -0.0006302471
27.39 0.00154031
27.4 0.005056247
27.41 0.008927144
27.42 0.0117505
27.43 0.01258384
27.44 0.01183822
27.45 0.01077334
27.46 0.0105571
27.47 0.01158728
27.48 0.01309484
27.49 0.0152042
27.5 0.01706264
27.51 0.01911386
27.52 0.02098046
27.53 0.02307961
27.54 0.02423425
27.55 0.02421793
27.56 0.02358043
27.57 0.0212589
27.58 0.01864056
27.59 0.01601099
27.6 0.01291427
27.61 0.008932192
27.62 0.005197968
27.63 0.002820346
27.64 0.002431723
27.65 0.00285604
27.66 0.003089617
27.67 0.002090015
27.68 -0.001336168
27.69 -0.006606511
27.7 -0.0115372
27.71 -0.01379446
27.72 -0.01392094
27.73 -0.01254292
27.74 -0.01172896
27.75 -0.01233178
27.76 -0.01373633
27.77 -0.01469003
27.78 -0.01456458
27.79 -0.01322736
27.8 -0.0112608
27.81 -0.008185505
27.82 -0.005510047
27.83 -0.00332623
27.84 -0.000518173
27.85 0.000868004
27.86 0.001621781
27.87 0.001751319
27.88 0.002827416
27.89 0.003539373
27.9 0.00371379
27.91 0.002872287
27.92 0.0004293841
27.93 -0.002996798
27.94 -0.005231621
27.95 -0.005794664
27.96 -0.005806907
27.97 -0.00389339
27.98 -0.003109013
27.99 -0.004071896
28 -0.007696979
28.01 -0.01141386
28.02 -0.01219417
28.03 -0.009027068
28.04 -0.00261535
28.05 0.004872466
28.06 0.01061812
28.07 0.0149725
28.08 0.01637806
28.09 0.01630768
28.1 0.01447167
28.11 0.01132905
28.12 0.008961626
28.13 0.006916523
28.14 0.0063443
28.15 0.007416317
28.16 0.008424075
28.17 0.009271693
28.18 0.01060789
28.19 0.0121338
28.2 0.01406364
28.21 0.01456242
28.22 0.0153927
28.23 0.01478273
28.24 0.01418603
28.25 0.01276823
28.26 0.01054259
28.27 0.006965442
28.28 0.001917459
28.29 -0.003451824
28.3 -0.009008787
28.31 -0.01349781
28.32 -0.01710148
28.33 -0.0194893
28.34 -0.02013088
28.35 -0.0196933
28.36 -0.01897931
28.37 -0.01712393
28.38 -0.01366409
28.39 -0.009505555
28.4 -0.006462897
28.41 -0.004456561
28.42 -0.002794983
28.43 -0.002823547
28.44 -0.003149949
28.45 -0.003940453
28.46 -0.004228095
28.47 -0.002972479
28.48 -0.001223182
28.49 0.0001874751
28.5 0.001319672
28.51 0.001645049
28.52 0.001609346
28.53 0.001491022
28.54 0.0005607797
28.55 0.0007504965
28.56 -9.304649e-05
28.57 0.0002404904
28.58 0.0002149873
28.59 0.0007270241
28.6 0.0004975211
28.61 -0.0001665019
28.62 0.002316175
28.63 0.005343532
28.64 0.008871708
28.65 0.01123403
28.66 0.01257634
28.67 0.01344844
28.68 0.0144919
28.69 0.01593213
28.7 0.01826589
28.71 0.02090157
28.72 0.02299971
28.73 0.02472452
28.74 0.02528654
28.75 0.02435018
28.76 0.02237239
28.77 0.01858309
28.78 0.0138054
28.79 0.009996721
28.8 0.007122358
28.81 0.004052155
28.82 0.001394032
28.83 -0.0003777113
28.84 -0.001065194
28.85 0.0003026222
28.86 0.001068639
28.87 0.0009707159
28.88 -0.0002594073
28.89 -0.00341121
28.9 -0.007645233
28.91 -0.01184968
28.92 -0.01484848
28.93 -0.01684463
28.94 -0.01639277
28.95 -0.01427015
28.96 -0.01069913
28.97 -0.006794576
28.98 -0.002329019
28.99 0.0008900972
29 0.002292594
29.01 0.00188969
29.02 -0.0002543525
29.03 -0.001777216
29.04 -0.005123839
29.05 -0.006397822
29.06 -0.008463327
29.07 -0.009837269
29.08 -0.009704673
29.09 -0.009243636
29.1 -0.007655499
29.11 -0.006673242
29.12 -0.006200985
29.13 -0.006907849
29.14 -0.007969672
29.15 -0.008211415
29.16 -0.007226098
29.17 -0.007402561
29.18 -0.007157765
29.19 -0.008123708
29.2 -0.009293651
29.21 -0.009290596
29.22 -0.009112098
29.23 -0.008225722
29.24 -0.006564145
29.25 -0.005170828
29.26 -0.003845851
29.27 -0.002728955
29.28 -0.002325038
29.29 -0.002993142
29.3 -0.004639425
29.31 -0.007971768
29.32 -0.0115122
29.33 -0.01483128
29.34 -0.01831458
29.35 -0.01949779
29.36 -0.01926727
29.37 -0.01735476
29.38 -0.01355527
29.39 -0.008254335
29.4 -0.003584779
29.41 0.0008307978
29.42 0.003379774
29.43 0.004339591
29.44 0.002712687
29.45 0.0008777043
29.46 -0.0006084392
29.47 -0.0004146426
29.48 0.002368933
29.49 0.005325911
29.5 0.007539307
29.51 0.008974445
29.52 0.01061868
29.53 0.01105014
29.54 0.009739434
29.55 0.00631325
29.56 0.0005859465
29.57 -0.005838017
29.58 -0.01085744
29.59 -0.01413063
29.6 -0.01483545
29.61 -0.01444683
29.62 -0.01248334
29.63 -0.01068202
29.64 -0.01010368
29.65 -0.009371325
29.66 -0.009254029
29.67 -0.007175271
29.68 -0.003282955
29.69 0.001084681
29.7 0.004218118
29.71 0.005447214
29.72 0.004752591
29.73 0.003865187
29.74 0.004396604
29.75 0.00621526
29.76 0.008996797
29.77 0.009258933
29.78 0.00935583
29.79 0.008529626
29.8 0.007087342
29.81 0.006257059
29.82 0.005157495
29.83 0.004307832
29.84 0.002640129
29.85 0.001178464
29.86 0.0005144413
29.87 -0.0002352623
29.88 -0.002881145
29.89 -0.00544951
29.9 -0.008061733
29.91 -0.008727796
29.92 -0.007936279
29.93 -0.006899964
29.94 -0.003980728
29.95 -0.002234491
29.96 0.0001706653
29.97 0.001962802
29.98 0.003207198
29.99 0.004345514
30 0.00487489
30.01 0.005558287
30.02 0.006366123
30.03 0.00742284
30.04 0.008867156
30.05 0.01157831
30.06 0.01451489
30.07 0.01698533
30.08 0.01804102
30.09 0.01810324
30.1 0.01734843
30.11 0.01580721
30.12 0.01481985
30.13 0.01423436
30.14 0.01256768
30.15 0.01200769
30.16 0.01231574
30.17 0.01143751
30.18 0.01123453
30.19 0.01043688
30.2 0.008399939
30.21 0.004718754
30.22 0.00157919
30.23 -0.0009340936
30.24 -0.003371897
30.25 -0.003356601
30.26 -0.003060805
30.27 -0.002024489
30.28 0.0004204477
30.29 0.002840904
30.3 0.00413936
30.31 0.005339896
30.32 0.004710552
30.33 0.003016329
30.34 -0.0002527749
30.35 -0.003882959
30.36 -0.006519663
30.37 -0.006728766
30.38 -0.00536707
30.39 -0.003885014
30.4 -0.001892958
30.41 -0.001572681
30.42 -0.001734865
30.43 -0.002766089
30.44 -0.003532112
30.45 -0.004127797
30.46 -0.005309981
30.47 -0.007414244
30.48 -0.01031411
30.49 -0.01377089
30.5 -0.01615361
30.51 -0.0180039
30.52 -0.01774992
30.53 -0.01713895
30.54 -0.01564363
30.55 -0.01415342
30.56 -0.01331191
30.57 -0.01180742
30.58 -0.008891247
30.59 -0.00628005
30.6 -0.005489555
30.61 -0.004505258
30.62 -0.005073403
30.63 -0.004539946
30.64 -0.002799831
30.65 0.0007467055
30.66 0.002557201
30.67 0.003120238
30.68 0.001510673
30.69 -0.00213991
30.7 -0.006105674
30.71 -0.009882739
30.72 -0.01233686
30.73 -0.01331403
30.74 -0.01227975
30.75 -0.01126384
30.76 -0.008629176
30.77 -0.005716062
30.78 -0.002144026
30.79 0.00128827
30.8 0.004065725
30.81 0.007135922
30.82 0.009848098
30.83 0.01187993
30.84 0.01319675
30.85 0.01226242
30.86 0.01094662
30.87 0.009437018
30.88 0.007436793
30.89 0.007732589
30.9 0.0107732
30.91 0.01565492
30.92 0.02048053
30.93 0.02419844
30.94 0.02661073
30.95 0.0265587
30.96 0.0259212
30.97 0.02503889
30.98 0.02314374
30.99 0.02043971
31 0.01598026
31.01 0.0124735
31.02 0.008577097
31.03 0.005360011
31.04 0.003097647
31.05 0.001353443
31.06 -0.0006641207
31.07 -0.001489305
31.08 -0.001647409
31.09 -0.001692294
31.1 -0.001664758
31.11 -0.001629061
31.12 -0.002363465
31.13 -0.00391183
31.14 -0.004526894
31.15 -0.004589118
31.16 -0.002869403
31.17 -0.0009701672
31.18 0.001124908
31.19 0.002284644
31.2 0.0022163
31.21 0.002388675
31.22 0.003279132
31.23 0.003039427
31.24 0.002289723
31.25 0.002189758
31.26 0.002913954
31.27 0.00556187
31.28 0.008017007
31.29 0.009669401
31.3 0.01029669
31.31 0.008771793
31.32 0.005762788
31.33 0.002872104
31.34 -0.0006622006
31.35 -0.003791564
31.36 -0.005644909
31.37 -0.007213674
31.38 -0.007706339
31.39 -0.008720223
31.4 -0.009463807
31.41 -0.009687191
31.42 -0.0105185
31.43 -0.00994424
31.44 -0.009285325
31.45 -0.007980749
31.46 -0.005525613
31.47 -0.003545798
31.48 -0.002457463
31.49 -0.001735307
31.5 -0.001599652
31.51 -0.001870976
31.52 -0.002692081
31.53 -0.004405685
31.54 -0.00575311
31.55 -0.007232114
31.56 -0.0093476
31.57 -0.01119074
31.58 -0.01329195
31.59 -0.01448025
31.6 -0.01379584
31.61 -0.01046044
31.62 -0.005230907
31.63 0.0004280489
31.64 0.004807925
31.65 0.005622899
31.66 0.002592475
31.67 -0.00236065
31.68 -0.006975134
31.69 -0.009185479
31.7 -0.007791144
31.71 -0.005918428
31.72 -0.003139953
31.73 -0.001636478
31.74 -0.0006450424
31.75 -0.0006338272
31.76 -0.001836411
31.77 -0.003809097
31.78 -0.007087382
31.79 -0.009318127
31.8 -0.01015861
31.81 -0.009829156
31.82 -0.0081686
31.83 -0.003830545
31.84 0.00092979
31.85 0.007282344
31.86 0.01342274
31.87 0.0182606
31.88 0.02351971
31.89 0.02647362
31.9 0.02677248
31.91 0.0244428
31.92 0.02024855
31.93 0.0172222
31.94 0.01531582
31.95 0.0146365
31.96 0.01419381
31.97 0.01289943
31.98 0.01195898
31.99 0.01097569
32 0.01008319
32.01 0.01020355
32.02 0.009916923
32.03 0.008738816
32.04 0.006206151
32.05 0.002677966
32.06 -0.001166419
32.07 -0.005085264
32.08 -0.009060209
32.09 -0.01278321
32.1 -0.01540666
32.11 -0.0173773
32.12 -0.01715495
32.13 -0.01626348
32.14 -0.01466616
32.15 -0.01262106
32.16 -0.01072081
32.17 -0.008195294
32.18 -0.0050435
32.19 -0.003389065
32.2 -0.002074291
32.21 -0.0009920754
32.22 9.727935e-05
32.23 0.002064854
32.24 0.004146669
32.25 0.007539183
32.26 0.01009223
32.27 0.01101126
32.28 0.009441468
32.29 0.005099322
32.3 0.0007714571
32.31 -0.003150449
32.32 -0.006445053
32.33 -0.00938266
32.34 -0.01214074
32.35 -0.01406855
32.36 -0.01476521
32.37 -0.0144786
32.38 -0.01189495
32.39 -0.01039351
32.4 -0.01035578
32.41 -0.01117994
32.42 -0.01299452
32.43 -0.01353105
32.44 -0.01297312
32.45 -0.01092394
32.46 -0.007644649
32.47 -0.004258255
32.48 -0.00173886
32.49 0.0007356537
32.5 0.002432928
32.51 0.003673243
32.52 0.001705657
32.53 -0.0003924886
32.54 -0.002885374
32.55 -0.00491008
32.56 -0.005308905
32.57 -0.005792391
32.58 -0.006421736
32.59 -0.008832003
32.6 -0.01167475
32.61 -0.01548445
32.62 -0.01931864
32.63 -0.02129132
32.64 -0.02274279
32.65 -0.02325993
32.66 -0.0230437
32.67 -0.02327627
32.68 -0.02236643
32.69 -0.02049576
32.7 -0.01825279
32.71 -0.01561303
32.72 -0.01332824
32.73 -0.01113729
32.74 -0.00853731
32.75 -0.005649696
32.76 -0.001985862
32.77 0.001671852
32.78 0.005452986
32.79 0.00741444
32.8 0.007768373
32.81 0.008521128
32.82 0.009341203
32.83 0.009821615
32.84 0.01012659
32.85 0.01015209
32.86 0.009105557
32.87 0.007616352
32.88 0.005523306
32.89 0.003110999
32.9 0.0003070132
32.91 -0.001488193
32.92 -0.001672819
32.93 -0.002552065
32.94 -0.002322571
32.95 -0.001564718
32.96 -0.001386224
32.97 -0.0004060106
32.98 0.000553803
32.99 0.002068497
33 0.00434207
33.01 0.007030784
33.02 0.009105458
33.03 0.01033557
33.04 0.009665426
33.05 0.009127879
33.06 0.01005403
33.07 0.01143919
33.08 0.0127203
33.09 0.0139443
33.1 0.01406669
33.11 0.01318846
33.12 0.01286104
33.13 0.01246832
33.14 0.01237753
33.15 0.01278859
33.16 0.01311804
33.17 0.01326288
33.18 0.01321085
33.19 0.01319146
33.2 0.01420126
33.21 0.01505601
33.22 0.01693893
33.23 0.01817924
33.24 0.01865965
33.25 0.01926553
33.26 0.0190197
33.27 0.01919105
33.28 0.01947665
33.29 0.01931242
33.3 0.01885647
33.31 0.01825874
33.32 0.01751413
33.33 0.01709185
33.34 0.01723872
33.35 0.0165798
33.36 0.01597595
33.37 0.01512628
33.38 0.01406344
33.39 0.01318317
33.4 0.01156647
33.41 0.009865095
33.42 0.006555187
33.43 0.00367164
33.44 0.001212412
33.45 -0.001526295
33.46 -0.004022242
33.47 -0.006764009
33.48 -0.009141637
33.49 -0.0103483
33.5 -0.01016574
33.51 -0.01051866
33.52 -0.01061659
33.53 -0.01018309
33.54 -0.01032386
33.55 -0.009778167
33.56 -0.01031265
33.57 -0.01141019
33.58 -0.01232003
33.59 -0.01324824
33.6 -0.01311769
33.61 -0.01330333
33.62 -0.01293818
33.63 -0.0123578
33.64 -0.0114031
33.65 -0.01012607
33.66 -0.008540992
33.67 -0.006689699
33.68 -0.005650327
33.69 -0.005308635
33.7 -0.005298443
33.71 -0.00591555
33.72 -0.006922298
33.73 -0.007963726
33.74 -0.008313593
33.75 -0.007773001
33.76 -0.006400089
33.77 -0.005358677
33.78 -0.004745665
33.79 -0.003708333
33.8 -0.003606341
33.81 -0.004809949
33.82 -0.006975417
33.83 -0.007750625
33.84 -0.007776133
33.85 -0.006869361
33.86 -0.00487833
33.87 -0.002439518
33.88 0.0004888935
33.89 0.003306125
33.9 0.004699437
33.91 0.005577649
33.92 0.0065242
33.93 0.006294692
33.94 0.004979904
33.95 0.003796695
33.96 0.003117367
33.97 0.002852158
33.98 0.00247883
33.99 0.003032681
34 0.002501253
34.01 0.001393524
34.02 0.0005101954
34.03 -0.0009606531
34.04 -0.002093882
34.05 -0.00413593
34.06 -0.005846479
34.07 -0.006969508
34.08 -0.007224516
34.09 -0.007839584
34.1 -0.008299615
34.11 -0.008206803
34.12 -0.007710072
34.13 -0.006441201
34.14 -0.00454503
34.15 -0.002560119
34.16 -0.0005843879
34.17 0.001237323
34.18 0.001793214
34.19 0.002677545
34.2 0.003223236
34.21 0.002786667
34.22 0.002659157
34.23 0.001901288
34.24 0.001739099
34.25 0.00252551
34.26 0.003211961
34.27 0.003108931
34.28 0.001768642
34.29 -9.490769e-05
34.3 -0.002486817
34.31 -0.004727766
34.32 -0.007039095
34.33 -0.008837366
34.34 -0.009235175
34.35 -0.009070965
34.36 -0.007474675
34.37 -0.005998744
34.38 -0.005201114
34.39 -0.003630323
34.4 -0.003245793
34.41 -0.003266203
34.42 -0.003853732
34.43 -0.004390262
34.44 -0.004083252
34.45 -0.002667503
34.46 -0.0003643522
34.47 0.002469198
34.48 0.005349668
34.49 0.007750738
34.5 0.01059958
34.51 0.0124264
34.52 0.01428483
34.53 0.01710919
34.54 0.01850149
34.55 0.01978769
34.56 0.02047925
34.57 0.0194572
34.58 0.01762526
34.59 0.01591574
34.6 0.01439082
34.61 0.01271801
34.62 0.01244057
34.63 0.01234875
34.64 0.01304949
34.65 0.01389199
34.66 0.01349724
34.67 0.01334219
34.68 0.01358392
34.69 0.01441215
34.7 0.01382258
34.71 0.01280461
34.72 0.01124196
34.73 0.009670126
34.74 0.007185395
34.75 0.005272884
34.76 0.004011133
34.77 0.002286303
34.78 0.001278531
34.79 -0.0002361796
34.8 -0.00243225
34.81 -0.005429022
34.82 -0.007531253
34.83 -0.009654904
34.84 -0.01220798
34.85 -0.01414701
34.86 -0.01657258
34.87 -0.01951121
34.88 -0.02322913
34.89 -0.02570977
34.9 -0.02732445
34.91 -0.02798031
34.92 -0.02693075
34.93 -0.0252957
34.94 -0.02346991
34.95 -0.02092502
34.96 -0.01770184
34.97 -0.014497
34.98 -0.01284972
34.99 -0.01204495
35 -0.01266716
35.01 -0.01363617
35.02 -0.01476737
35.03 -0.01482551
35.04 -0.01466233
35.05 -0.01495203
35.06 -0.01389735
35.07 -0.01239083
35.08 -0.009820439
35.09 -0.00642385
35.1 -0.002355083
35.11 0.001516824
35.12 0.005319372
35.13 0.00829266
35.14 0.009734926
35.15 0.01052644
35.16 0.01211354
35.17 0.01248378
35.18 0.01244808
35.19 0.01243174
35.2 0.01247763
35.21 0.01239704
35.22 0.01261632
35.23 0.01351901
35.24 0.01459918
35.25 0.01533969
35.26 0.01544983
35.27 0.01521828
35.28 0.01392491
35.29 0.01257747
35.3 0.01093423
35.31 0.009269587
35.32 0.007676333
35.33 0.00639316
35.34 0.005061026
35.35 0.004330693
35.36 0.00319848
35.37 0.001731706
35.38 0.0005974526
35.39 -0.0009254211
35.4 -0.001845475
35.41 -0.002988908
35.42 -0.003215362
35.43 -0.003438757
35.44 -0.00416909
35.45 -0.004792324
35.46 -0.005885778
35.47 -0.006217292
35.48 -0.006725266
35.49 -0.0073332
35.5 -0.007033334
35.51 -0.007406668
35.52 -0.008591924
35.53 -0.0100128
35.54 -0.01164176
35.55 -0.01233332
35.56 -0.01352266
35.57 -0.01436622
35.58 -0.01490479
35.59 -0.01509656
35.6 -0.01499356
35.61 -0.01409292
35.62 -0.01364515
35.63 -0.01311476
35.64 -0.01129816
35.65 -0.008980734
35.66 -0.007306929
35.67 -0.005355684
35.68 -0.002902599
35.69 -0.0006382141
35.7 0.0008754506
35.71 0.002721635
35.72 0.00395684
35.73 0.005123704
35.74 0.007430929
35.75 0.009499474
35.76 0.009694278
35.77 0.009800342
35.78 0.009660586
35.79 0.009398432
35.8 0.009117915
35.81 0.00935352
35.82 0.009535065
35.83 0.009900208
35.84 0.009457512
35.85 0.008425257
35.86 0.008570079
35.87 0.008438483
35.88 0.008575147
35.89 0.007902951
35.9 0.007309295
35.91 0.006049577
35.92 0.004737841
35.93 0.002894685
35.94 0.0008189685
35.95 -0.0009099481
35.96 -0.001965664
35.97 -0.002875522
35.98 -0.003954698
35.99 -0.004692175
36 -0.004913477
36.01 -0.005311898
36.02 -0.005147426
36.03 -0.005417391
36.04 -0.006140518
36.05 -0.006239196
36.06 -0.005553572
36.07 -0.005081735
36.08 -0.005205819
36.09 -0.004667119
36.1 -0.005028713
36.11 -0.005133726
36.12 -0.004913033
36.13 -0.003540427
36.14 -0.001883754
36.15 -9.998743e-05
36.16 0.002021229
36.17 0.002868966
36.18 0.004422232
36.19 0.004771248
36.2 0.004902783
36.21 0.005203457
36.22 0.003999565
36.23 0.004271812
36.24 0.005500868
36.25 0.006809062
36.26 0.008019686
36.27 0.009195343
36.28 0.00934549
36.29 0.009513719
36.3 0.01018592
36.31 0.01030851
36.32 0.01117993
36.33 0.01195038
36.34 0.01168844
36.35 0.01069464
36.36 0.0096555
36.37 0.008263728
36.38 0.007018386
36.39 0.005090676
36.4 0.003731217
36.41 0.002350097
36.42 0.0002213512
36.43 -0.001296849
36.44 -0.002934768
36.45 -0.004223836
36.46 -0.005014192
36.47 -0.006098248
36.48 -0.007726655
36.49 -0.00855773
36.5 -0.009073848
36.51 -0.009492631
36.52 -0.008686104
36.53 -0.008625483
36.54 -0.008492472
36.55 -0.008573218
36.56 -0.009362733
36.57 -0.009679076
36.58 -0.009625211
36.59 -0.009507609
36.6 -0.009735557
36.61 -0.009529825
36.62 -0.009473359
36.63 -0.009182298
36.64 -0.007891221
36.65 -0.00619933
36.66 -0.003851258
36.67 -0.001142951
36.68 0.0004086013
36.69 0.001758351
36.7 0.002774226
36.71 0.002953288
36.72 0.003354849
36.73 0.002876062
36.74 0.001621886
36.75 0.0006213223
36.76 -0.0005488584
36.77 -0.0007184867
36.78 -0.001065897
36.79 -0.0009454174
36.8 -0.0002210053
36.81 -0.0001212822
36.82 0.0007540592
36.83 0.001465555
36.84 0.002343411
36.85 0.0028799
36.86 0.003381065
36.87 0.003743223
36.88 0.003117128
36.89 0.002681311
36.9 0.001598183
36.91 0.001197991
36.92 0.001307712
36.93 0.001326222
36.94 0.002071093
36.95 0.001793979
36.96 0.001323446
36.97 0.0006846438
36.98 -0.0006730987
36.99 -0.0009345393
37 -0.0007283276
37.01 0.0002588474
37.02 0.001462089
37.03 0.002598354
37.04 0.003701347
37.05 0.004530557
37.06 0.005327877
37.07 0.006281325
37.08 0.007493834
37.09 0.007578572
37.1 0.007358022
37.11 0.007551708
37.12 0.007102253
37.13 0.006927279
37.14 0.006723522
37.15 0.006661326
37.16 0.006020742
37.17 0.005344116
37.18 0.003995211
37.19 0.002561665
37.2 0.001752718
37.21 0.0009701057
37.22 0.0008590914
37.23 0.0003691229
37.24 0.0009804479
37.25 0.001393663
37.26 0.001351032
37.27 0.001356947
37.28 0.001917641
37.29 0.002019646
37.3 0.002254355
37.31 0.002432572
37.32 0.001300039
37.33 0.0004910462
37.34 -0.001018671
37.35 -0.001994952
37.36 -0.002616872
37.37 -0.003242946
37.38 -0.003080456
37.39 -0.003198754
37.4 -0.003204256
37.41 -0.003039353
37.42 -0.002477013
37.43 -0.001958584
37.44 -0.001141397
37.45 9.17811e-05
37.46 0.0008605316
37.47 0.001409605
37.48 0.002002893
37.49 0.002239431
37.5 0.002262815
37.51 0.002324648
37.52 0.002543671
37.53 0.002887997
37.54 0.002971305
37.55 0.002489355
37.56 0.002204429
37.57 0.002105017
37.58 0.0019932
37.59 0.001866723
37.6 0.001559558
37.61 0.0008792845
37.62 0.0001552488
37.63 -0.0006691313
37.64 -0.001814413
37.65 -0.002423196
37.66 -0.003111168
37.67 -0.003792651
37.68 -0.004078698
37.69 -0.004802301
37.7 -0.005248539
37.71 -0.005661822
37.72 -0.006202571
37.73 -0.005827316
37.74 -0.005787164
37.75 -0.005469138
37.76 -0.005400022
37.77 -0.005246331
37.78 -0.005077292
37.79 -0.004624506
37.8 -0.004036019
37.81 -0.003745356
37.82 -0.003355362
37.83 -0.00299034
37.84 -0.002547376
37.85 -0.002511477
37.86 -0.002126656
37.87 -0.001623485
37.88 -0.001292623
37.89 -0.0009149082
37.9 -0.0006562593
37.91 -0.0005484815
37.92 -0.0004094896
37.93 -0.0002898176
37.94 -0.0002106562
37.95 -0.0002291264
37.96 -0.0001206909
37.97 -2.996028e-05
37.98 0.0001007118
37.99 0.0001180595
38 0.0001795423
38.01 0.0003752133
38.02 0.0004163657
38.03 0.0006393092
38.04 0.000852423
38.05 0.001045601
38.06 0.001211312
38.07 0.00111797
38.08 0.0008978494
38.09 0.0005174509
38.1 0.0002176753
38.11 4.023239e-05
38.12 -0.0001256689
38.13 -8.902737e-05
38.14 -9.124339e-05
38.15 5.707952e-05
38.16 0.0001588611
38.17 0.0001136029
38.18 -1.245248e-05
38.19 2.256893e-06
38.2 2.03592e-05
38.21 3.652998e-05
38.22 0.0001238108
38.23 8.859278e-05
38.24 5.119314e-05
38.25 -5.107969e-05
38.26 -2.560719e-05
38.27 -9.472335e-05
38.28 -0.000139535
38.29 -0.0001630458
38.3 -0.0002498299
38.31 -0.0003485984
38.32 -0.0005240163
38.33 -0.0005708988
38.34 -0.0006284615
38.35 -0.0005404133
38.36 -0.0003557865
38.37 -0.0002858954
38.38 -7.158702e-05
38.39 0.0001885556
38.4 0.0003814706
38.41 0.0005167907
38.42 0.0005472278
38.43 0.0004830848
38.44 0.0005144167
38.45 0.0005368873
38.46 0.0004841701
38.47 0.0005765816
38.48 0.0007629836
38.49 0.000926928
38.5 0.001129291
38.51 0.001322269
38.52 0.00148477
38.53 0.00159244
38.54 0.001606375
38.55 0.001603266
38.56 0.001516611
38.57 0.001426363
38.58 0.001279177
38.59 0.001084593
38.6 0.0009410452
38.61 0.000834579
38.62 0.0007364116
38.63 0.0007108325
38.64 0.0006568179
38.65 0.0005900643
38.66 0.0005957361
38.67 0.0005369097
38.68 0.0004931176
38.69 0.0004052569
38.7 0.0003371409
38.71 0.0002805353
38.72 0.0002534627
38.73 0.0002510458
38.74 0.0001851874
38.75 0.0001800252
38.76 0.0001650596
38.77 0.0001232601
38.78 9.461778e-05
38.79 3.634543e-05
38.8 -3.925916e-05
38.81 -0.0001324625
38.82 -0.0002004127
38.83 -0.0002932209
38.84 -0.0003230532
38.85 -0.0003570355
38.86 -0.00041917
38.87 -0.0004413749
38.88 -0.0004646854
38.89 -0.0004725947
38.9 -0.0004583832
38.91 -0.0004500849
38.92 -0.0004496527
38.93 -0.0004365743
38.94 -0.0004387015
38.95 -0.0004297706
38.96 -0.0004294866
38.97 -0.0004269019
38.98 -0.0004118814
38.99 -0.0003564452
39 -0.0003128565
39.01 -0.0002683268
39.02 -0.0002063587
39.03 -0.0001572742
39.04 -0.0001056592
39.05 -6.380976e-05
39.06 -4.000812e-05
39.07 -2.087085e-05
39.08 -2.794457e-06
39.09 -5.804649e-06
39.1 -1.065899e-05
39.11 -1.630984e-05
39.12 -2.555122e-05
39.13 -3.485285e-05
39.14 -4.005303e-05
39.15 -4.79388e-05
39.16 -4.904916e-05
39.17 -4.659968e-05
39.18 -5.339035e-05
39.19 -5.441944e-05
39.2 -5.779407e-05
39.21 -5.856651e-05
39.22 -5.934419e-05
39.23 -6.032761e-05
39.24 -5.394546e-05
39.25 -4.312549e-05
39.26 -3.267427e-05
39.27 -2.57703e-05
39.28 -1.748963e-05
39.29 -1.232369e-05
39.3 -9.469716e-06
39.31 -1.480711e-05
39.32 -1.758413e-05
39.33 -1.667097e-05
39.34 -1.990859e-05
39.35 -2.231557e-05
39.36 -2.473129e-05
39.37 -2.658047e-05
39.38 -2.821327e-05
39.39 -2.9619e-05
39.4 -2.912849e-05
39.41 -2.753736e-05
39.42 -2.679397e-05
39.43 -2.59794e-05
39.44 -2.675037e-05
39.45 -2.929846e-05
39.46 -3.180744e-05
39.47 -3.332301e-05
39.48 -3.370029e-05
39.49 -3.367872e-05
39.5 -3.322858e-05
39.51 -3.288262e-05
39.52 -3.194743e-05
39.53 -3.09124e-05
39.54 -3.012183e-05
39.55 -2.799243e-05
39.56 -2.523358e-05
39.57 -2.251965e-05
39.58 -1.990815e-05
39.59 -1.767984e-05
39.6 -1.593157e-05
39.61 -1.420398e-05
39.62 -1.208964e-05
39.63 -9.715469e-06
39.64 -7.691962e-06
39.65 -6.043718e-06
39.66 -4.46752e-06
39.67 -3.051389e-06
39.68 -1.749724e-06
39.69 -5.568079e-07
39.7 4.20949e-07
39.71 1.345679e-06
39.72 2.130407e-06
39.73 2.905004e-06
39.74 3.644987e-06
39.75 4.308082e-06
39.76 4.902108e-06
39.77 5.449812e-06
39.78 5.923953e-06
39.79 6.296759e-06
39.8 6.610297e-06
39.81 6.824091e-06
39.82 6.978878e-06
39.83 7.052869e-06
39.84 7.089211e-06
39.85 7.102234e-06
39.86 7.098427e-06
39.87 7.079267e-06
39.88 7.05166e-06
39.89 7.021051e-06
39.9 6.990116e-06
39.91 6.961265e-06
39.92 6.934547e-06
39.93 6.915212e-06
39.94 6.90571e-06
39.95 6.908422e-06
39.96 6.924491e-06
39.97 6.954433e-06
39.98 6.998348e-06
39.99 7.056504e-06
