0 -5.39122e-05
0.01 -4.412645e-05
0.02 -3.324157e-05
0.03 -2.145105e-05
0.04 -1.220352e-05
0.05 -3.323451e-06
0.06 8.111247e-06
0.07 1.981207e-05
0.08 3.083993e-05
0.09 4.230331e-05
0.1 5.428652e-05
0.11 6.634047e-05
0.12 7.856354e-05
0.13 9.104834e-05
0.14 9.820698e-05
0.15 8.506715e-05
0.16 7.892915e-05
0.17 9.005188e-05
0.18 0.0001044117
0.19 0.0001509619
0.2 0.00022317
0.21 0.000222497
0.22 0.0002025945
0.23 0.000215493
0.24 0.0001985799
0.25 0.0002128488
0.26 0.0002694442
0.27 0.0002917608
0.28 0.0002975134
0.29 0.000303237
0.3 0.0002590503
0.31 0.00026526
0.32 0.0002452821
0.33 0.0002070324
0.34 0.0002132604
0.35 0.0002448765
0.36 0.0003602641
0.37 0.0004220763
0.38 0.000354632
0.39 0.0004265301
0.4 0.0005076901
0.41 0.0004850455
0.42 0.0003798255
0.43 0.0005349273
0.44 0.0008544269
0.45 0.0009485186
0.46 0.0009291615
0.47 0.0009563388
0.48 0.0009224655
0.49 0.0006179668
0.5 0.0003065395
0.51 0.0002760567
0.52 0.000331649
0.53 0.0003335124
0.54 0.0003319335
0.55 0.0004849203
0.56 0.0007454077
0.57 0.0006027164
0.58 0.0003291527
0.59 0.0003211852
0.6 0.0003732568
0.61 0.0003556271
0.62 0.0003436597
0.63 0.0004092928
0.64 0.0006536585
0.65 0.0005467126
0.66 0.0003358891
0.67 0.0003467184
0.68 0.000394283
0.69 0.0004829365
0.7 0.000760586
0.71 0.0005807131
0.72 0.0003470347
0.73 0.0003773851
0.74 0.0004272358
0.75 0.0004175391
0.76 0.0004139699
0.77 0.0004240315
0.78 0.0004302883
0.79 0.0004338445
0.8 0.0004388575
0.81 0.0004441238
0.82 0.0004378577
0.83 0.0004167298
0.84 0.0004652081
0.85 0.001087578
0.86 0.001991158
0.87 0.00158653
0.88 0.0004907261
0.89 -0.0001712319
0.9 -0.0009226198
0.91 -0.0004573467
0.92 0.0005290456
0.93 0.0005970616
0.94 0.0004158689
0.95 0.0004430698
0.96 0.0004894874
0.97 0.0004819347
0.98 0.0004790933
0.99 0.0004887754
1 0.0004953289
1.01 0.000403254
1.02 -0.0003067285
1.03 -0.001147698
1.04 -0.001894433
1.05 -0.001705079
1.06 -0.0002938597
1.07 0.000629538
1.08 0.0005540922
1.09 0.0004251496
1.1 0.0004795134
1.11 0.0005088416
1.12 0.0004982712
1.13 0.0003456917
1.14 -0.0002408404
1.15 8.817116e-05
1.16 0.0006135464
1.17 0.0005921481
1.18 0.0005006535
1.19 0.0005278917
1.2 0.0002073092
1.21 -0.0007826785
1.22 -0.001759115
1.23 -0.00182402
1.24 -0.001046938
1.25 -0.0008780055
1.26 -0.001079301
1.27 -0.001678707
1.28 -0.001912006
1.29 -0.0003700119
1.3 0.0005022595
1.31 -0.0006536156
1.32 -0.001923335
1.33 -0.002792688
1.34 -0.002151874
1.35 -0.0008930018
1.36 0.0002122731
1.37 0.0007029487
1.38 0.0006316616
1.39 0.0005776315
1.4 0.000618018
1.41 0.0006357472
1.42 0.0006352025
1.43 0.0006780558
1.44 0.001363412
1.45 0.001595058
1.46 0.0009809428
1.47 0.001916952
1.48 0.002889048
1.49 0.003441708
1.5 0.003678091
1.51 0.002886762
1.52 0.002333221
1.53 0.001337292
1.54 0.0001106108
1.55 -0.001126127
1.56 -0.001291984
1.57 -1.459217e-05
1.58 0.0009693195
1.59 0.0008770905
1.6 -5.209299e-06
1.61 -0.002088748
1.62 -0.003214495
1.63 -0.000812119
1.64 0.001264379
1.65 0.001081825
1.66 0.0006886822
1.67 -0.0001340686
1.68 -0.001233648
1.69 -0.001367512
1.7 -0.000635502
1.71 0.0007236498
1.72 0.001165765
1.73 0.0009819755
1.74 0.0006365767
1.75 -0.0006605585
1.76 -0.001453151
1.77 -0.0013089
1.78 -0.001060843
1.79 3.526508e-05
1.8 0.00110001
1.81 0.001117446
1.82 0.0009584516
1.83 0.001007639
1.84 0.0008766692
1.85 -0.0003486002
1.86 -0.001287644
1.87 -0.0006194105
1.88 4.851099e-05
1.89 -0.001917805
1.9 -0.004949968
1.91 -0.007222702
1.92 -0.007337436
1.93 -0.005754998
1.94 -0.005155907
1.95 -0.00521845
1.96 -0.003752648
1.97 -0.001000516
1.98 0.001133784
1.99 0.00153757
2 0.002256434
2.01 0.00346962
2.02 0.003978897
2.03 0.005078766
2.04 0.006446263
2.05 0.007637163
2.06 0.006698655
2.07 0.003878637
2.08 0.001084949
2.09 -0.000798815
2.1 -0.001052171
2.11 0.0001491342
2.12 0.001362848
2.13 0.001092662
2.14 -0.0004377005
2.15 -0.001189683
2.16 -0.001848323
2.17 -0.00298567
2.18 -0.003238648
2.19 -0.003051001
2.2 -0.003662732
2.21 -0.005888679
2.22 -0.007439727
2.23 -0.00471795
2.24 0.0008847236
2.25 0.0053364
2.26 0.006185464
2.27 0.004719186
2.28 0.00217395
2.29 -0.0002069753
2.3 -0.001046021
2.31 -0.0009755369
2.32 -0.003119693
2.33 -0.006916027
2.34 -0.004911618
2.35 0.001239867
2.36 0.001588516
2.37 -0.002605673
2.38 -0.002947483
2.39 -0.0008651353
2.4 -0.0005469623
2.41 -0.001013804
2.42 -0.0005208071
2.43 0.000897399
2.44 0.00123064
2.45 -0.0002995316
2.46 -0.002607898
2.47 -0.002457771
2.48 0.0005114049
2.49 0.002489311
2.5 0.003136474
2.51 0.00179404
2.52 -0.0009844174
2.53 -0.003137544
2.54 -0.003454741
2.55 -0.00219063
2.56 0.0002696143
2.57 0.002647413
2.58 0.003417531
2.59 0.001850621
2.6 -0.001713544
2.61 -0.002513067
2.62 0.0003169557
2.63 0.003314646
2.64 0.004598915
2.65 0.003594652
2.66 0.002829278
2.67 0.001837156
2.68 -8.035745e-05
2.69 -0.001853081
2.7 -0.003351725
2.71 -0.004847057
2.72 -0.005751415
2.73 -0.006014417
2.74 -0.007049854
2.75 -0.007165462
2.76 -0.005978519
2.77 -0.004827511
2.78 -0.003978327
2.79 -0.003276261
2.8 -0.001553419
2.81 0.001125913
2.82 0.002886973
2.83 0.002830953
2.84 0.00146925
2.85 0.0001289913
2.86 -0.001185991
2.87 -0.001021494
2.88 0.0003186858
2.89 -0.0003869975
2.9 -0.001772012
2.91 -0.001851497
2.92 -0.001587137
2.93 -0.0008435114
2.94 0.0004030551
2.95 0.0004077296
2.96 -0.001185914
2.97 -0.002644247
2.98 -0.003849112
2.99 -0.004212992
3 -0.004095465
3.01 -0.004103162
3.02 -0.004091355
3.03 -0.004666329
3.04 -0.006026464
3.05 -0.005531733
3.06 -0.003694319
3.07 -0.0007019059
3.08 0.002753217
3.09 0.006111368
3.1 0.008768457
3.11 0.007861331
3.12 0.004756598
3.13 0.002437828
3.14 0.00257789
3.15 0.004178637
3.16 0.005712561
3.17 0.007829724
3.18 0.008959659
3.19 0.007752291
3.2 0.004093768
3.21 0.0006858852
3.22 -0.001631876
3.23 -0.00260288
3.24 -0.002535714
3.25 -0.00244283
3.26 -0.002542822
3.27 -0.002750174
3.28 -0.00385688
3.29 -0.004876627
3.3 -0.003905044
3.31 -0.001085224
3.32 -0.0001759073
3.33 -0.001815619
3.34 -0.004598697
3.35 -0.006387764
3.36 -0.004317114
3.37 -0.000745922
3.38 0.0008761252
3.39 0.001501768
3.4 0.001576671
3.41 0.001480927
3.42 0.0007255384
3.43 -0.00143988
3.44 -0.002073893
3.45 -0.0009592903
3.46 -0.0002518626
3.47 0.0008736811
3.48 0.001429775
3.49 0.001273285
3.5 0.001171176
3.51 0.00153519
3.52 0.002884701
3.53 0.004205963
3.54 0.00532704
3.55 0.005396533
3.56 0.003841857
3.57 0.001090526
3.58 -0.001089312
3.59 -0.001347362
3.6 0.0008317066
3.61 0.003210754
3.62 0.003340185
3.63 0.00190638
3.64 -0.000903584
3.65 -0.00266597
3.66 -0.002698118
3.67 -0.002587995
3.68 -0.002165041
3.69 -0.00153477
3.7 -0.001564092
3.71 -0.002699092
3.72 -0.005100133
3.73 -0.006363542
3.74 -0.006156145
3.75 -0.004709571
3.76 -0.00197693
3.77 0.0007840432
3.78 0.002736752
3.79 0.002396471
3.8 0.000698818
3.81 0.0007936518
3.82 0.002390402
3.83 0.002713827
3.84 0.001680711
3.85 -0.001539967
3.86 -0.004902231
3.87 -0.00481081
3.88 -0.001880895
3.89 0.001018171
3.9 0.002470484
3.91 0.001764338
3.92 0.0001076366
3.93 -0.0003455689
3.94 -0.0002888067
3.95 -0.001447027
3.96 -0.002025979
3.97 1.32315e-05
3.98 0.002089202
3.99 0.002191571
4 0.001603817
4.01 0.0006994882
4.02 0.0006569937
4.03 -0.0007338519
4.04 -0.002680012
4.05 -0.003989296
4.06 -0.004829036
4.07 -0.004917983
4.08 -0.00545752
4.09 -0.006990409
4.1 -0.008467133
4.11 -0.00937425
4.12 -0.009041967
4.13 -0.007651576
4.14 -0.007062441
4.15 -0.007479249
4.16 -0.009722502
4.17 -0.01129229
4.18 -0.008691451
4.19 -0.006751202
4.2 -0.006437054
4.21 -0.006483337
4.22 -0.007318626
4.23 -0.007597043
4.24 -0.006375486
4.25 -0.003558122
4.26 -0.0006846209
4.27 0.004065605
4.28 0.01108605
4.29 0.01808821
4.3 0.02181991
4.31 0.0245539
4.32 0.0274891
4.33 0.03019113
4.34 0.03189844
4.35 0.03202301
4.36 0.03243599
4.37 0.03325747
4.38 0.0326852
4.39 0.0312144
4.4 0.02970813
4.41 0.02844764
4.42 0.02629581
4.43 0.02244646
4.44 0.01673545
4.45 0.007873364
4.46 -0.004097486
4.47 -0.01389524
4.48 -0.01753385
4.49 -0.01718428
4.5 -0.01717618
4.51 -0.01917031
4.52 -0.02140302
4.53 -0.02265799
4.54 -0.02480902
4.55 -0.02764512
4.56 -0.03060074
4.57 -0.03448239
4.58 -0.03706978
4.59 -0.03607318
4.6 -0.02939623
4.61 -0.01607548
4.62 -0.001420529
4.63 0.005949893
4.64 0.006940126
4.65 0.006845997
4.66 0.01001409
4.67 0.0195477
4.68 0.03447396
4.69 0.04488279
4.7 0.04659461
4.71 0.04279288
4.72 0.03283324
4.73 0.01833206
4.74 0.01104758
4.75 0.01236315
4.76 0.01727186
4.77 0.0197269
4.78 0.01817839
4.79 0.0169263
4.8 0.01843936
4.81 0.02104635
4.82 0.01695121
4.83 -0.0001620702
4.84 -0.01902105
4.85 -0.02519954
4.86 -0.02131847
4.87 -0.01471238
4.88 -0.008897733
4.89 -0.008075928
4.9 -0.01005565
4.91 -0.01227335
4.92 -0.01369196
4.93 -0.01186805
4.94 -0.009883444
4.95 -0.0123325
4.96 -0.01328119
4.97 -0.008006558
4.98 -0.0009498544
4.99 0.001699013
5 -0.0007586645
5.01 -0.005717244
5.02 -0.01026113
5.03 -0.01116478
5.04 -0.006263304
5.05 0.001649077
5.06 0.006029652
5.07 -0.001062345
5.08 -0.01850771
5.09 -0.03143419
5.1 -0.03082715
5.11 -0.01924807
5.12 -0.005862252
5.13 0.0008101799
5.14 0.002963698
5.15 0.002985711
5.16 0.0009423599
5.17 -0.005544054
5.18 -0.01677582
5.19 -0.02870921
5.2 -0.03404321
5.21 -0.03253389
5.22 -0.02226082
5.23 -0.003609116
5.24 0.01027025
5.25 0.01267288
5.26 0.01126707
5.27 0.0116754
5.28 0.01457601
5.29 0.01382006
5.3 0.001965939
5.31 -0.01461277
5.32 -0.0225885
5.33 -0.01679833
5.34 0.0003443493
5.35 0.02283691
5.36 0.03443754
5.37 0.03274403
5.38 0.0287261
5.39 0.02718587
5.4 0.0286974
5.41 0.03152749
5.42 0.03318424
5.43 0.03243601
5.44 0.02608249
5.45 0.01530412
5.46 0.005742997
5.47 0.001858484
5.48 0.00344007
5.49 0.01025761
5.5 0.0191663
5.51 0.02510387
5.52 0.02735022
5.53 0.0242182
5.54 0.01531348
5.55 -0.001158246
5.56 -0.01941378
5.57 -0.03036175
5.58 -0.0316557
5.59 -0.02435161
5.6 -0.01257221
5.61 -0.003648226
5.62 -0.002383774
5.63 -0.004613767
5.64 -0.003674965
5.65 0.005780248
5.66 0.02302156
5.67 0.03264534
5.68 0.02337736
5.69 -0.004452821
5.7 -0.03562458
5.71 -0.05849805
5.72 -0.0691291
5.73 -0.0726776
5.74 -0.07192127
5.75 -0.06714754
5.76 -0.06166752
5.77 -0.05791135
5.78 -0.05509569
5.79 -0.05000111
5.8 -0.04156583
5.81 -0.0323356
5.82 -0.02580352
5.83 -0.0210736
5.84 -0.01550021
5.85 -0.007456944
5.86 0.002683391
5.87 0.01205895
5.88 0.01939762
5.89 0.02305798
5.9 0.02320292
5.91 0.02103332
5.92 0.01598178
5.93 0.008339251
5.94 0.003022077
5.95 0.003592436
5.96 0.00826737
5.97 0.01237606
5.98 0.006949121
5.99 -0.01283633
6 -0.02865693
6.01 -0.02868492
6.02 -0.01692789
6.03 -0.004356354
6.04 0.000275777
6.05 -0.002879837
6.06 -0.008755919
6.07 -0.0118881
6.08 -0.009792328
6.09 -0.003351982
6.1 0.004067115
6.11 0.00940436
6.12 0.01358478
6.13 0.01678413
6.14 0.02034152
6.15 0.02536794
6.16 0.03073603
6.17 0.03582551
6.18 0.03944542
6.19 0.0389041
6.2 0.03212749
6.21 0.01919193
6.22 0.007941948
6.23 0.006078686
6.24 0.008837665
6.25 0.01119838
6.26 0.01331385
6.27 0.01451477
6.28 0.01274932
6.29 0.007723632
6.3 0.0004717324
6.31 -0.006847768
6.32 -0.008750304
6.33 -0.003460307
6.34 0.00244353
6.35 0.002173742
6.36 -0.004790401
6.37 -0.009607631
6.38 -0.008293689
6.39 -0.001611686
6.4 0.007759538
6.41 0.01523952
6.42 0.01991375
6.43 0.02140615
6.44 0.01788548
6.45 0.01099852
6.46 0.003009089
6.47 -0.0006569862
6.48 0.003163626
6.49 0.01007917
6.5 0.01412873
6.51 0.01352922
6.52 0.01274467
6.53 0.01663948
6.54 0.02641655
6.55 0.03948172
6.56 0.04895906
6.57 0.05387277
6.58 0.05503354
6.59 0.04636878
6.6 0.02234483
6.61 -8.522247e-05
6.62 -0.006376416
6.63 -0.003253862
6.64 -0.0005140337
6.65 -0.003868479
6.66 -0.01307872
6.67 -0.02274235
6.68 -0.02721164
6.69 -0.02688019
6.7 -0.02390636
6.71 -0.01974906
6.72 -0.02044013
6.73 -0.02579781
6.74 -0.02754546
6.75 -0.02440697
6.76 -0.01790543
6.77 -0.01094936
6.78 -0.002853322
6.79 0.007659703
6.8 0.01544925
6.81 0.01981523
6.82 0.0215658
6.83 0.02108334
6.84 0.01958067
6.85 0.01986275
6.86 0.02147457
6.87 0.02225039
6.88 0.01794966
6.89 0.007656466
6.9 -0.002831973
6.91 -0.009736602
6.92 -0.0157939
6.93 -0.02285123
6.94 -0.02737853
6.95 -0.02898361
6.96 -0.03086154
6.97 -0.03647025
6.98 -0.04280772
6.99 -0.04310135
7 -0.03021584
7.01 -0.008096637
7.02 0.0042696
7.03 0.002139587
7.04 -0.004377455
7.05 -0.007329478
7.06 -0.002118498
7.07 0.005875992
7.08 0.0114032
7.09 0.01603849
7.1 0.0205689
7.11 0.02266878
7.12 0.0228272
7.13 0.01985073
7.14 0.01212488
7.15 0.000839564
7.16 -0.01288188
7.17 -0.03243226
7.18 -0.05249245
7.19 -0.06515904
7.2 -0.07174681
7.21 -0.07542999
7.22 -0.07390977
7.23 -0.06237537
7.24 -0.03783897
7.25 -0.01149852
7.26 0.009670376
7.27 0.02976095
7.28 0.04488412
7.29 0.05084986
7.3 0.05153499
7.31 0.04944964
7.32 0.04918073
7.33 0.05438957
7.34 0.05933685
7.35 0.05639198
7.36 0.0378746
7.37 0.005260653
7.38 -0.02337454
7.39 -0.02308525
7.4 0.005551263
7.41 0.02836962
7.42 0.02319319
7.43 -0.003625724
7.44 -0.03129704
7.45 -0.04093156
7.46 -0.03736997
7.47 -0.03149867
7.48 -0.02654248
7.49 -0.02148663
7.5 -0.01624184
7.51 -0.01100856
7.52 -0.005668681
7.53 0.001938194
7.54 0.01755721
7.55 0.04132327
7.56 0.05766178
7.57 0.05945092
7.58 0.04720697
7.59 0.03182149
7.6 0.0277307
7.61 0.02894721
7.62 0.02544597
7.63 0.01546585
7.64 0.002497027
7.65 -0.009070537
7.66 -0.01852775
7.67 -0.0234059
7.68 -0.02060545
7.69 -0.01608918
7.7 -0.01729935
7.71 -0.02869931
7.72 -0.04671011
7.73 -0.05300049
7.74 -0.03496138
7.75 -0.00132852
7.76 0.01765956
7.77 0.01491002
7.78 0.003123259
7.79 -0.006196233
7.8 -0.00792815
7.81 -0.006479331
7.82 -0.002596813
7.83 0.006330957
7.84 0.020132
7.85 0.03045753
7.86 0.0285957
7.87 0.01252175
7.88 -0.01053021
7.89 -0.02323826
7.9 -0.0230173
7.91 -0.02035578
7.92 -0.01836862
7.93 -0.01819998
7.94 -0.02267922
7.95 -0.0296978
7.96 -0.03278401
7.97 -0.02611526
7.98 -0.01153216
7.99 0.0004440105
8 0.006792392
8.01 0.01251817
8.02 0.01807809
8.03 0.02008704
8.04 0.0165065
8.05 0.0119194
8.06 0.01171191
8.07 0.01355581
8.08 0.01221282
8.09 0.005313421
8.1 -0.00199685
8.11 -0.004561813
8.12 -0.003123773
8.13 -0.006522512
8.14 -0.01579779
8.15 -0.02242342
8.16 -0.01914122
8.17 -0.007021464
8.18 0.002168194
8.19 -0.002926296
8.2 -0.0186587
8.21 -0.02703642
8.22 -0.01315917
8.23 0.02538523
8.24 0.05629407
8.25 0.05930565
8.26 0.05011134
8.27 0.04255337
8.28 0.03819463
8.29 0.03322637
8.3 0.02270619
8.31 0.005896612
8.32 -0.006973368
8.33 -0.008706521
8.34 -0.003321751
8.35 0.002032392
8.36 0.001168917
8.37 -0.007939828
8.38 -0.02196119
8.39 -0.03389546
8.4 -0.02891708
8.41 -0.009205591
8.42 0.006589256
8.43 0.0110904
8.44 0.004925355
8.45 -0.005444116
8.46 -0.01628443
8.47 -0.02147793
8.48 -0.01910996
8.49 -0.009673679
8.5 0.003142907
8.51 0.01146306
8.52 0.006855456
8.53 -0.01439584
8.54 -0.03518075
8.55 -0.03641998
8.56 -0.01962042
8.57 0.005781892
8.58 0.02451985
8.59 0.02838494
8.6 0.0237793
8.61 0.01746916
8.62 0.01394394
8.63 0.01511469
8.64 0.01789008
8.65 0.01846575
8.66 0.01628582
8.67 0.01252563
8.68 0.007555536
8.69 0.003132538
8.7 0.005402905
8.71 0.01634088
8.72 0.02388584
8.73 0.01945511
8.74 0.01084252
8.75 -0.0008692968
8.76 -0.01355521
8.77 -0.02034715
8.78 -0.01936155
8.79 -0.01591283
8.8 -0.01573651
8.81 -0.01946538
8.82 -0.02400848
8.83 -0.02428306
8.84 -0.01846834
8.85 -0.007435785
8.86 0.001406695
8.87 0.00381896
8.88 0.0006737058
8.89 -0.006410654
8.9 -0.01128735
8.91 -0.008369518
8.92 0.001070244
8.93 0.007179619
8.94 0.005566865
8.95 -0.00143999
8.96 -0.008159947
8.97 -0.01048681
8.98 -0.009823253
8.99 -0.0107607
9 -0.01361523
9.01 -0.01515381
9.02 -0.01172039
9.03 0.001428152
9.04 0.01867496
9.05 0.02734142
9.06 0.02649517
9.07 0.02679173
9.08 0.03395359
9.09 0.04560811
9.1 0.05514407
9.11 0.05710466
9.12 0.05025969
9.13 0.02916492
9.14 -0.0004432497
9.15 -0.01917001
9.16 -0.02739953
9.17 -0.03282159
9.18 -0.0359748
9.19 -0.03687312
9.2 -0.03708931
9.21 -0.03881932
9.22 -0.03930594
9.23 -0.03387498
9.24 -0.0259297
9.25 -0.0225586
9.26 -0.02359928
9.27 -0.02476706
9.28 -0.02361984
9.29 -0.02099433
9.3 -0.0179194
9.31 -0.01176188
9.32 -0.003309421
9.33 0.001988631
9.34 0.002067233
9.35 -0.003003017
9.36 -0.008952852
9.37 -0.009804958
9.38 -0.00647193
9.39 -0.006993379
9.4 -0.01448696
9.41 -0.02491976
9.42 -0.0308532
9.43 -0.02807757
9.44 -0.02256989
9.45 -0.02052913
9.46 -0.02075837
9.47 -0.01844121
9.48 -0.008510114
9.49 0.01052421
9.5 0.0295175
9.51 0.04060332
9.52 0.04456221
9.53 0.04500958
9.54 0.04379978
9.55 0.04035927
9.56 0.03603096
9.57 0.03231514
9.58 0.03007454
9.59 0.03079778
9.6 0.03888583
9.61 0.05376731
9.62 0.06645818
9.63 0.06922414
9.64 0.06114452
9.65 0.04619223
9.66 0.03447432
9.67 0.03581428
9.68 0.04822347
9.69 0.06221568
9.7 0.06723098
9.71 0.06268143
9.72 0.0535138
9.73 0.04428876
9.74 0.036991
9.75 0.03257937
9.76 0.0303312
9.77 0.0249802
9.78 0.01205544
9.79 -0.006992415
9.8 -0.02296477
9.81 -0.0275884
9.82 -0.02310798
9.83 -0.01806366
9.84 -0.02027144
9.85 -0.0352957
9.86 -0.05621899
9.87 -0.06626184
9.88 -0.06575578
9.89 -0.0684868
9.9 -0.08143494
9.91 -0.09958495
9.92 -0.1117789
9.93 -0.1154469
9.94 -0.1139079
9.95 -0.108075
9.96 -0.1006205
9.97 -0.1003126
9.98 -0.111103
9.99 -0.1224231
10 -0.120808
10.01 -0.08688491
10.02 -0.02336685
10.03 0.02364135
10.04 0.0405939
10.05 0.05791961
10.06 0.09353455
10.07 0.1260715
10.08 0.1372307
10.09 0.1322034
10.1 0.105417
10.11 0.04111858
10.12 -0.01248393
10.13 -0.02671239
10.14 -0.02622291
10.15 -0.02447586
10.16 -0.02543216
10.17 -0.0350057
10.18 -0.05860276
10.19 -0.08328531
10.2 -0.09005352
10.21 -0.08161613
10.22 -0.06003781
10.23 -0.03123522
10.24 -0.005835067
10.25 0.01099555
10.26 0.02278397
10.27 0.03606231
10.28 0.04963529
10.29 0.0607789
10.3 0.06659999
10.31 0.06297069
10.32 0.04985184
10.33 0.03632962
10.34 0.03047543
10.35 0.02823464
10.36 0.02246494
10.37 0.01364947
10.38 0.006663931
10.39 0.006652865
10.4 0.009513873
10.41 0.007671361
10.42 0.00143246
10.43 -0.005503651
10.44 -0.01028768
10.45 -0.0142999
10.46 -0.02345336
10.47 -0.03736932
10.48 -0.047849
10.49 -0.04468354
10.5 -0.02064532
10.51 0.01391766
10.52 0.03617321
10.53 0.04437225
10.54 0.05009726
10.55 0.05765008
10.56 0.06626484
10.57 0.07088216
10.58 0.06767263
10.59 0.05686065
10.6 0.0388645
10.61 0.02395821
10.62 0.02076585
10.63 0.03016252
10.64 0.04653083
10.65 0.05853394
10.66 0.05538788
10.67 0.03206283
10.68 0.005957425
10.69 0.001078636
10.7 0.01361992
10.71 0.02956313
10.72 0.03607851
10.73 0.0213931
10.74 -0.0195094
10.75 -0.06281629
10.76 -0.08280269
10.77 -0.08755338
10.78 -0.08759063
10.79 -0.0826505
10.8 -0.07478627
10.81 -0.06906622
10.82 -0.06615629
10.83 -0.0569787
10.84 -0.02978334
10.85 0.0005398766
10.86 0.0158211
10.87 0.02234662
10.88 0.02403998
10.89 0.02147518
10.9 0.01654263
10.91 0.007192239
10.92 -0.00655769
10.93 -0.01228513
10.94 -0.006093003
10.95 0.006351203
10.96 0.02052469
10.97 0.03314892
10.98 0.04764922
10.99 0.05815818
11 0.05576436
11.01 0.03349704
11.02 0.00102172
11.03 -0.01247117
11.04 -0.006453617
11.05 -0.0002243998
11.06 0.0001598275
11.07 -0.002752377
11.08 -0.003762737
11.09 0.0003779424
11.1 0.00432771
11.11 0.002160132
11.12 -0.007127524
11.13 -0.01637612
11.14 -0.01851621
11.15 -0.01678045
11.16 -0.01525875
11.17 -0.01503624
11.18 -0.01414707
11.19 -0.01360141
11.2 -0.01959318
11.21 -0.04051984
11.22 -0.06575126
11.23 -0.07717222
11.24 -0.07533217
11.25 -0.068704
11.26 -0.06100687
11.27 -0.05795503
11.28 -0.06277388
11.29 -0.06957087
11.3 -0.07230488
11.31 -0.06994539
11.32 -0.06549891
11.33 -0.06236562
11.34 -0.05832823
11.35 -0.04532155
11.36 -0.01559095
11.37 0.01696699
11.38 0.03749932
11.39 0.04486097
11.4 0.04817362
11.41 0.05743956
11.42 0.07722577
11.43 0.1015776
11.44 0.1167289
11.45 0.1173004
11.46 0.1071711
11.47 0.08700707
11.48 0.06231515
11.49 0.04710605
11.5 0.04656355
11.51 0.0563064
11.52 0.07070587
11.53 0.08101643
11.54 0.08272297
11.55 0.07671742
11.56 0.06573481
11.57 0.05036918
11.58 0.03076727
11.59 0.00643329
11.6 -0.0145488
11.61 -0.02618858
11.62 -0.03226598
11.63 -0.03515187
11.64 -0.0333419
11.65 -0.02614768
11.66 -0.02351329
11.67 -0.02974213
11.68 -0.05043837
11.69 -0.07491343
11.7 -0.08267988
11.71 -0.07586275
11.72 -0.06319704
11.73 -0.05109149
11.74 -0.04572041
11.75 -0.04584991
11.76 -0.0455952
11.77 -0.04184248
11.78 -0.03301461
11.79 -0.01482796
11.8 0.007494758
11.81 0.02078621
11.82 0.02261397
11.83 0.02061964
11.84 0.01980969
11.85 0.02204765
11.86 0.02856297
11.87 0.039639
11.88 0.04978395
11.89 0.05579374
11.9 0.05722186
11.91 0.05469935
11.92 0.04716495
11.93 0.03147196
11.94 0.01416316
11.95 0.007737123
11.96 0.01299682
11.97 0.0281548
11.98 0.04157974
11.99 0.04278689
12 0.03319756
12.01 0.02041307
12.02 0.00752189
12.03 -0.003935057
12.04 -0.01306301
12.05 -0.01930242
12.06 -0.01915922
12.07 -0.01507815
12.08 -0.01311242
12.09 -0.01792771
12.1 -0.03266909
12.11 -0.04984016
12.12 -0.05821991
12.13 -0.05649356
12.14 -0.05086247
12.15 -0.04555735
12.16 -0.04066278
12.17 -0.03680308
12.18 -0.03425675
12.19 -0.03180585
12.2 -0.02821997
12.21 -0.01827822
12.22 0.005255507
12.23 0.03401197
12.24 0.05040922
12.25 0.05476073
12.26 0.05570995
12.27 0.05501128
12.28 0.05261011
12.29 0.05170818
12.3 0.05440093
12.31 0.05811645
12.32 0.0577715
12.33 0.0500645
12.34 0.03006124
12.35 0.002774196
12.36 -0.02216453
12.37 -0.03765169
12.38 -0.04186212
12.39 -0.03920803
12.4 -0.03378763
12.41 -0.0299375
12.42 -0.03320765
12.43 -0.0433527
12.44 -0.05395147
12.45 -0.05825894
12.46 -0.04735896
12.47 -0.02247474
12.48 -0.003087462
12.49 0.003212616
12.5 0.002774767
12.51 0.000211914
12.52 -0.002429232
12.53 -0.003509949
12.54 -0.0003833603
12.55 0.007552503
12.56 0.01867145
12.57 0.0319027
12.58 0.04313296
12.59 0.05097783
12.6 0.05703689
12.61 0.05815967
12.62 0.05007084
12.63 0.03063054
12.64 0.008043371
12.65 -0.00823618
12.66 -0.01428547
12.67 -0.01183504
12.68 -0.006710366
12.69 -0.005215595
12.7 -0.008185802
12.71 -0.01542254
12.72 -0.02435921
12.73 -0.02947893
12.74 -0.02726534
12.75 -0.01828597
12.76 -0.007972669
12.77 -0.00224185
12.78 0.0007322241
12.79 0.003730206
12.8 0.009430675
12.81 0.01913912
12.82 0.02992086
12.83 0.03906099
12.84 0.04635333
12.85 0.05217653
12.86 0.05674653
12.87 0.05954625
12.88 0.0593979
12.89 0.05545027
12.9 0.04834158
12.91 0.03436022
12.92 0.01466499
12.93 -0.001140235
12.94 -0.009775615
12.95 -0.01576267
12.96 -0.02384549
12.97 -0.03266365
12.98 -0.04107675
12.99 -0.04925042
13 -0.06003742
13.01 -0.07356006
13.02 -0.08248853
13.03 -0.08492263
13.04 -0.08160587
13.05 -0.07615832
13.06 -0.07175669
13.07 -0.0641298
13.08 -0.04537797
13.09 -0.01700035
13.1 0.003730699
13.11 0.008456805
13.12 0.008300199
13.13 0.002746796
13.14 -0.004658956
13.15 -0.006791359
13.16 -0.004955768
13.17 -0.00396229
13.18 -0.006301908
13.19 -0.011907
13.2 -0.01857826
13.21 -0.02272196
13.22 -0.02211369
13.23 -0.01821513
13.24 -0.01581178
13.25 -0.01269107
13.26 -0.00419862
13.27 0.006496018
13.28 0.01334157
13.29 0.01277152
13.3 0.002299367
13.31 -0.01122136
13.32 -0.01694785
13.33 -0.01825062
13.34 -0.02052343
13.35 -0.02340365
13.36 -0.02445261
13.37 -0.02037704
13.38 -0.01028787
13.39 0.00117414
13.4 0.01157114
13.41 0.01844524
13.42 0.01836378
13.43 0.01292113
13.44 0.005523715
13.45 0.00228892
13.46 0.008187609
13.47 0.02170316
13.48 0.03677479
13.49 0.04258629
13.5 0.03527713
13.51 0.01874312
13.52 0.006327894
13.53 0.00221274
13.54 0.0004793857
13.55 -0.001682828
13.56 -0.008439566
13.57 -0.02105372
13.58 -0.0330817
13.59 -0.03825767
13.6 -0.0339644
13.61 -0.0210704
13.62 -0.001939983
13.63 0.01980974
13.64 0.03619375
13.65 0.04422367
13.66 0.04716785
13.67 0.04787844
13.68 0.04727328
13.69 0.04585309
13.7 0.04544677
13.71 0.04689223
13.72 0.04910198
13.73 0.04879067
13.74 0.04540564
13.75 0.03635424
13.76 0.02270021
13.77 0.005078669
13.78 -0.01106899
13.79 -0.02416754
13.8 -0.03721801
13.81 -0.04842375
13.82 -0.05601594
13.83 -0.06099267
13.84 -0.06667843
13.85 -0.0745714
13.86 -0.08088631
13.87 -0.08120676
13.88 -0.07061206
13.89 -0.05064398
13.9 -0.03460655
13.91 -0.02932091
13.92 -0.02682523
13.93 -0.02014053
13.94 -0.007896136
13.95 0.005632195
13.96 0.01368726
13.97 0.0171496
13.98 0.02171731
13.99 0.02996339
14 0.04258015
14.01 0.05762764
14.02 0.0690927
14.03 0.07284508
14.04 0.06973978
14.05 0.06298144
14.06 0.05629608
14.07 0.04949271
14.08 0.04318875
14.09 0.0390437
14.1 0.03591477
14.11 0.03410959
14.12 0.03168608
14.13 0.03021439
14.14 0.02861689
14.15 0.0240721
14.16 0.02008485
14.17 0.02054254
14.18 0.02673625
14.19 0.03504675
14.2 0.04067138
14.21 0.04228172
14.22 0.04493518
14.23 0.04988
14.24 0.05212544
14.25 0.04896308
14.26 0.04235205
14.27 0.03723981
14.28 0.03528261
14.29 0.03373651
14.3 0.02636427
14.31 0.01137032
14.32 -0.005086856
14.33 -0.02046207
14.34 -0.03569277
14.35 -0.04867856
14.36 -0.05333483
14.37 -0.04932537
14.38 -0.04027252
14.39 -0.03349856
14.4 -0.03308211
14.41 -0.03755849
14.42 -0.04481564
14.43 -0.05029159
14.44 -0.05244615
14.45 -0.05288059
14.46 -0.05149807
14.47 -0.04614982
14.48 -0.03707057
14.49 -0.02736254
14.5 -0.02331255
14.51 -0.02511162
14.52 -0.03067053
14.53 -0.04167972
14.54 -0.05694441
14.55 -0.06991244
14.56 -0.07803089
14.57 -0.08118115
14.58 -0.08304291
14.59 -0.08236014
14.6 -0.07510849
14.61 -0.05971359
14.62 -0.03709149
14.63 -0.01473862
14.64 0.002282001
14.65 0.01259651
14.66 0.01902413
14.67 0.02316961
14.68 0.02479689
14.69 0.02484422
14.7 0.02291623
14.71 0.02137005
14.72 0.02105391
14.73 0.01890316
14.74 0.0132746
14.75 0.004682635
14.76 -0.003057716
14.77 -0.004753508
14.78 0.0006820959
14.79 0.008030011
14.8 0.01430156
14.81 0.01746615
14.82 0.01740854
14.83 0.01700108
14.84 0.01761284
14.85 0.02174998
14.86 0.03045006
14.87 0.03890437
14.88 0.04444547
14.89 0.04553585
14.9 0.04315758
14.91 0.04191438
14.92 0.04418617
14.93 0.04706603
14.94 0.04730642
14.95 0.04226161
14.96 0.03242291
14.97 0.02170183
14.98 0.01382092
14.99 0.00828737
15 0.000427803
15.01 -0.007237949
15.02 -0.01074333
15.03 -0.012545
15.04 -0.01382498
15.05 -0.0136001
15.06 -0.0115771
15.07 -0.009525386
15.08 -0.00937101
15.09 -0.01217193
15.1 -0.01824326
15.11 -0.02305826
15.12 -0.02480408
15.13 -0.02416997
15.14 -0.02293693
15.15 -0.02496722
15.16 -0.02903336
15.17 -0.03246522
15.18 -0.03538756
15.19 -0.03611303
15.2 -0.03426473
15.21 -0.02877696
15.22 -0.02033031
15.23 -0.01160765
15.24 -0.005473973
15.25 -0.0005757373
15.26 0.006621144
15.27 0.01383292
15.28 0.01690609
15.29 0.01688975
15.3 0.01751915
15.31 0.02023628
15.32 0.02423828
15.33 0.02731636
15.34 0.02845191
15.35 0.03104191
15.36 0.03608255
15.37 0.04032293
15.38 0.04218621
15.39 0.04061371
15.4 0.03471972
15.41 0.02503167
15.42 0.01460162
15.43 0.007023638
15.44 0.003449792
15.45 0.003152332
15.46 0.00429282
15.47 0.006743735
15.48 0.01056532
15.49 0.01396231
15.5 0.01385992
15.51 0.008734704
15.52 0.000164518
15.53 -0.008013416
15.54 -0.01294968
15.55 -0.01445539
15.56 -0.01415079
15.57 -0.01324359
15.58 -0.01115368
15.59 -0.009667149
15.6 -0.009395611
15.61 -0.007784055
15.62 -0.003634394
15.63 0.00365263
15.64 0.01347027
15.65 0.02070491
15.66 0.02087068
15.67 0.01497459
15.68 0.00517502
15.69 -0.00367446
15.7 -0.01088038
15.71 -0.01631294
15.72 -0.01892524
15.73 -0.02117218
15.74 -0.02638622
15.75 -0.0359685
15.76 -0.04380123
15.77 -0.04554479
15.78 -0.04420402
15.79 -0.04138668
15.8 -0.03836725
15.81 -0.03803411
15.82 -0.03999917
15.83 -0.04179894
15.84 -0.04031596
15.85 -0.03477995
15.86 -0.02682388
15.87 -0.01792088
15.88 -0.00538955
15.89 0.007044949
15.9 0.01856176
15.91 0.03246481
15.92 0.04361552
15.93 0.04863911
15.94 0.04745453
15.95 0.04235264
15.96 0.03851507
15.97 0.03801303
15.98 0.0358686
15.99 0.03056004
16 0.02493309
16.01 0.01850424
16.02 0.008617316
16.03 -0.005879482
16.04 -0.02458946
16.05 -0.04012368
16.06 -0.04702461
16.07 -0.04530637
16.08 -0.03783648
16.09 -0.03019788
16.1 -0.02658085
16.11 -0.02457347
16.12 -0.02128372
16.13 -0.01618564
16.14 -0.00961233
16.15 -0.002122886
16.16 0.003786954
16.17 0.006928033
16.18 0.008271778
16.19 0.008442776
16.2 0.00833018
16.21 0.00869455
16.22 0.01061097
16.23 0.01277023
16.24 0.01333384
16.25 0.01522307
16.26 0.018972
16.27 0.02149901
16.28 0.02186703
16.29 0.02079929
16.3 0.01847781
16.31 0.01571532
16.32 0.0138317
16.33 0.01553296
16.34 0.02073357
16.35 0.02794395
16.36 0.03420361
16.37 0.03567665
16.38 0.03501975
16.39 0.03495689
16.4 0.03515958
16.41 0.03516851
16.42 0.03514968
16.43 0.03553529
16.44 0.03698767
16.45 0.03834642
16.46 0.03755641
16.47 0.03008738
16.48 0.01546063
16.49 0.001279826
16.5 -0.006285053
16.51 -0.01242967
16.52 -0.01825337
16.53 -0.02102418
16.54 -0.02154836
16.55 -0.02141947
16.56 -0.02201315
16.57 -0.02332698
16.58 -0.02363981
16.59 -0.02339152
16.6 -0.02254976
16.61 -0.01875239
16.62 -0.01306171
16.63 -0.006972599
16.64 -0.003138738
16.65 -0.003387689
16.66 -0.005656752
16.67 -0.007764487
16.68 -0.008868272
16.69 -0.009495293
16.7 -0.006867835
16.71 -0.001741804
16.72 0.001182881
16.73 -0.0003447981
16.74 -0.007319493
16.75 -0.01752198
16.76 -0.02421595
16.77 -0.02317199
16.78 -0.01751857
16.79 -0.008868756
16.8 0.001885433
16.81 0.00996438
16.82 0.01290424
16.83 0.01186801
16.84 0.008770139
16.85 0.005933107
16.86 0.00687819
16.87 0.0100305
16.88 0.01273492
16.89 0.01453422
16.9 0.01479118
16.91 0.01248862
16.92 0.007170143
16.93 -0.0006015748
16.94 -0.01064514
16.95 -0.01700942
16.96 -0.01696592
16.97 -0.01168605
16.98 -0.006025368
16.99 -0.00649161
17 -0.01448836
17.01 -0.02882406
17.02 -0.04278806
17.03 -0.05222697
17.04 -0.05555824
17.05 -0.0534499
17.06 -0.04679199
17.07 -0.03613061
17.08 -0.02190633
17.09 -0.007292688
17.1 0.0008290743
17.11 0.00184279
17.12 -0.001366315
17.13 -0.005351739
17.14 -0.006482327
17.15 -0.004537191
17.16 -0.001595384
17.17 0.0003202355
17.18 -0.0002699112
17.19 -0.002098606
17.2 -0.004712841
17.21 -0.006344493
17.22 -0.006812769
17.23 -0.008718145
17.24 -0.01056401
17.25 -0.0108395
17.26 -0.012048
17.27 -0.01480078
17.28 -0.01756661
17.29 -0.01984325
17.3 -0.0201246
17.31 -0.01871445
17.32 -0.01627248
17.33 -0.010979
17.34 -0.004988963
17.35 -0.002712512
17.36 -0.001620155
17.37 0.002794524
17.38 0.009850149
17.39 0.01645199
17.4 0.02188602
17.41 0.02589149
17.42 0.02930917
17.43 0.03231019
17.44 0.03621376
17.45 0.04083044
17.46 0.04555922
17.47 0.05019067
17.48 0.05187757
17.49 0.04873479
17.5 0.04090998
17.51 0.03045378
17.52 0.02027148
17.53 0.01293086
17.54 0.008420213
17.55 0.005495052
17.56 0.003858702
17.57 0.003689644
17.58 0.003469395
17.59 0.0002570641
17.6 -0.005267842
17.61 -0.01055593
17.62 -0.01444762
17.63 -0.01472173
17.64 -0.01172484
17.65 -0.007127529
17.66 -0.003017667
17.67 -0.002819466
17.68 -0.005668982
17.69 -0.008347068
17.7 -0.008852181
17.71 -0.006247801
17.72 -0.0005754174
17.73 0.007052057
17.74 0.01380699
17.75 0.01872411
17.76 0.02201329
17.77 0.02443365
17.78 0.02624534
17.79 0.02764966
17.8 0.0311924
17.81 0.03603088
17.82 0.03783727
17.83 0.03592912
17.84 0.03045633
17.85 0.02491262
17.86 0.0223424
17.87 0.02228068
17.88 0.02326858
17.89 0.02246715
17.9 0.01998093
17.91 0.01730872
17.92 0.01439415
17.93 0.0110439
17.94 0.006484939
17.95 -0.001760627
17.96 -0.01170887
17.97 -0.02034196
17.98 -0.02510318
17.99 -0.0241847
18 -0.02082212
18.01 -0.01833688
18.02 -0.0188162
18.03 -0.02422591
18.04 -0.03036283
18.05 -0.03340847
18.06 -0.0337328
18.07 -0.03168318
18.08 -0.02992293
18.09 -0.02825711
18.1 -0.02626305
18.11 -0.02646462
18.12 -0.02898159
18.13 -0.03073312
18.14 -0.03120465
18.15 -0.02890184
18.16 -0.02531239
18.17 -0.02273284
18.18 -0.02160814
18.19 -0.02287292
18.2 -0.02493849
18.21 -0.02330395
18.22 -0.01722367
18.23 -0.008517692
18.24 -0.0008386312
18.25 0.002823657
18.26 0.004369386
18.27 0.004860405
18.28 0.004843194
18.29 0.006222107
18.3 0.01267144
18.31 0.02150921
18.32 0.0266505
18.33 0.02712853
18.34 0.02653531
18.35 0.02653898
18.36 0.02633778
18.37 0.02457281
18.38 0.02244198
18.39 0.02201447
18.4 0.02253828
18.41 0.02500552
18.42 0.02899125
18.43 0.03302153
18.44 0.03403517
18.45 0.03122057
18.46 0.02770656
18.47 0.02355385
18.48 0.02214504
18.49 0.0244644
18.5 0.02643447
18.51 0.02420852
18.52 0.01746048
18.53 0.009663142
18.54 0.003734272
18.55 0.0002696991
18.56 -0.0002848855
18.57 7.044089e-05
18.58 0.0002569289
18.59 0.001920814
18.6 0.005398282
18.61 0.008583331
18.62 0.008846529
18.63 0.005652022
18.64 0.0005934942
18.65 -0.002935196
18.66 -0.004459087
18.67 -0.00366899
18.68 -6.597797e-05
18.69 0.003623245
18.7 0.004470231
18.71 0.002124337
18.72 -0.00469281
18.73 -0.01383504
18.74 -0.01994378
18.75 -0.02076347
18.76 -0.02019856
18.77 -0.02093945
18.78 -0.02242121
18.79 -0.0227525
18.8 -0.02303647
18.81 -0.02646259
18.82 -0.03201563
18.83 -0.03580596
18.84 -0.03616325
18.85 -0.0352954
18.86 -0.03293874
18.87 -0.03131095
18.88 -0.03152723
18.89 -0.03262376
18.9 -0.03396005
18.91 -0.03538841
18.92 -0.03669845
18.93 -0.03857397
18.94 -0.04037564
18.95 -0.03883723
18.96 -0.03485908
18.97 -0.03225837
18.98 -0.0318029
18.99 -0.03136538
19 -0.02919891
19.01 -0.02722181
19.02 -0.02443947
19.03 -0.0189771
19.04 -0.01168694
19.05 -0.006111483
19.06 -0.004418743
19.07 -0.002462436
19.08 0.001612573
19.09 0.005830394
19.1 0.01027708
19.11 0.01629203
19.12 0.02265447
19.13 0.02649349
19.14 0.02791191
19.15 0.02649336
19.16 0.02423203
19.17 0.02198243
19.18 0.01970336
19.19 0.01934815
19.2 0.02010731
19.21 0.02154734
19.22 0.02272911
19.23 0.02166755
19.24 0.01915962
19.25 0.01718547
19.26 0.01533313
19.27 0.0131769
19.28 0.008686164
19.29 0.003073785
19.3 -0.001937503
19.31 -0.005260592
19.32 -0.007084439
19.33 -0.01005415
19.34 -0.0180986
19.35 -0.02759817
19.36 -0.03326539
19.37 -0.03409187
19.38 -0.03357192
19.39 -0.03357478
19.4 -0.03237135
19.41 -0.02821205
19.42 -0.02317621
19.43 -0.0194049
19.44 -0.01586271
19.45 -0.01305541
19.46 -0.0115806
19.47 -0.008583417
19.48 -0.003638911
19.49 0.0005774476
19.5 0.004862841
19.51 0.007740484
19.52 0.008908704
19.53 0.009898652
19.54 0.01193527
19.55 0.01445936
19.56 0.0149766
19.57 0.01329783
19.58 0.01043239
19.59 0.007765039
19.6 0.005235806
19.61 0.004376895
19.62 0.003763107
19.63 0.004211262
19.64 0.006755509
19.65 0.00899283
19.66 0.009253273
19.67 0.008802078
19.68 0.007899523
19.69 0.008105616
19.7 0.008907158
19.71 0.007611447
19.72 0.004678526
19.73 0.003941544
19.74 0.004081075
19.75 0.002791013
19.76 0.002524806
19.77 0.004995777
19.78 0.0087667
19.79 0.01128042
19.8 0.0124972
19.81 0.01309507
19.82 0.01309796
19.83 0.01387069
19.84 0.0162987
19.85 0.01923108
19.86 0.02132609
19.87 0.02176863
19.88 0.02152424
19.89 0.02147351
19.9 0.02150614
19.91 0.02081807
19.92 0.01812364
19.93 0.01532693
19.94 0.01196499
19.95 0.00879668
19.96 0.004888561
19.97 -0.0004224463
19.98 -0.005345762
19.99 -0.008164932
20 -0.009583432
20.01 -0.0119356
20.02 -0.0132818
20.03 -0.009057608
20.04 -0.001118867
20.05 0.006738165
20.06 0.01165807
20.07 0.0108485
20.08 0.003944584
20.09 -0.005099596
20.1 -0.01132815
20.11 -0.01390286
20.12 -0.01395039
20.13 -0.0137017
20.14 -0.01377873
20.15 -0.013796
20.16 -0.01285604
20.17 -0.01059852
20.18 -0.009027948
20.19 -0.007036863
20.2 -0.002557367
20.21 0.002194964
20.22 0.003996493
20.23 0.00371726
20.24 0.003539275
20.25 0.004185794
20.26 0.0063017
20.27 0.008195804
20.28 0.008348408
20.29 0.008068515
20.3 0.008100589
20.31 0.008137853
20.32 0.007340991
20.33 0.005055529
20.34 0.003492668
20.35 0.003603641
20.36 0.003835888
20.37 0.003091674
20.38 0.0008647661
20.39 -0.0004585168
20.4 0.002142806
20.41 0.00688552
20.42 0.01283231
20.43 0.01859164
20.44 0.02163181
20.45 0.02166762
20.46 0.02130954
20.47 0.02141015
20.48 0.02149215
20.49 0.02146959
20.5 0.02163908
20.51 0.02312598
20.52 0.02543447
20.53 0.02563686
20.54 0.0225001
20.55 0.01818455
20.56 0.01445944
20.57 0.01224659
20.58 0.01065689
20.59 0.008829719
20.6 0.009133404
20.61 0.01093604
20.62 0.01239634
20.63 0.01307913
20.64 0.01305247
20.65 0.01298928
20.66 0.01303869
20.67 0.01307163
20.68 0.01247278
20.69 0.009838199
20.7 0.007128362
20.71 0.004776472
20.72 0.004187316
20.73 0.004260797
20.74 0.002612218
20.75 -0.0002487058
20.76 -0.002838625
20.77 -0.004374852
20.78 -0.005315592
20.79 -0.005000272
20.8 -0.003636223
20.81 -0.002115649
20.82 -0.002459093
20.83 -0.004223536
20.84 -0.006524852
20.85 -0.00706038
20.86 -0.005571642
20.87 -0.004043109
20.88 -0.003725055
20.89 -0.004205448
20.9 -0.00662468
20.91 -0.008475403
20.92 -0.008284438
20.93 -0.006995937
20.94 -0.003666058
20.95 0.0001091887
20.96 0.001272862
20.97 -0.0001283987
20.98 -0.003082195
20.99 -0.005717301
21 -0.008147397
21.01 -0.01115249
21.02 -0.01450544
21.03 -0.01771764
21.04 -0.02062968
21.05 -0.0212286
21.06 -0.02080374
21.07 -0.02072978
21.08 -0.01977429
21.09 -0.01552285
21.1 -0.008993016
21.11 -0.003453084
21.12 0.0002556193
21.13 0.001753665
21.14 0.002179139
21.15 0.004193307
21.16 0.007155639
21.17 0.009607324
21.18 0.0105104
21.19 0.01042252
21.2 0.01035129
21.21 0.009506429
21.22 0.007234382
21.23 0.005378335
21.24 0.002906345
21.25 0.0002853364
21.26 -0.001407156
21.27 -0.0005059055
21.28 0.002630936
21.29 0.006578233
21.3 0.01009126
21.31 0.01049272
21.32 0.007813938
21.33 0.004894692
21.34 0.002734603
21.35 0.001939619
21.36 0.002102923
21.37 0.002078469
21.38 3.19648e-05
21.39 -0.004093658
21.4 -0.009447803
21.41 -0.01356213
21.42 -0.01515753
21.43 -0.0151097
21.44 -0.01381242
21.45 -0.01105079
21.46 -0.006970754
21.47 -0.003546911
21.48 -0.001814434
21.49 -0.00185753
21.5 -0.004568591
21.51 -0.009893584
21.52 -0.01549086
21.53 -0.01922804
21.54 -0.02141532
21.55 -0.02351406
21.56 -0.0239284
21.57 -0.02354952
21.58 -0.0246155
21.59 -0.02896531
21.6 -0.0344654
21.61 -0.03839011
21.62 -0.04045869
21.63 -0.04107296
21.64 -0.03960297
21.65 -0.03581008
21.66 -0.03162326
21.67 -0.02831712
21.68 -0.02738262
21.69 -0.02765402
21.7 -0.02694213
21.71 -0.02439499
21.72 -0.02031106
21.73 -0.01510351
21.74 -0.009869072
21.75 -0.005947035
21.76 -0.00519726
21.77 -0.005668485
21.78 -0.005687346
21.79 -0.005167799
21.8 -0.003226964
21.81 0.0002645845
21.82 0.00333808
21.83 0.004556073
21.84 0.004022602
21.85 0.002275363
21.86 -0.0005112266
21.87 -0.001429823
21.88 2.637387e-05
21.89 0.001557923
21.9 0.002395617
21.91 0.002232923
21.92 0.002890958
21.93 0.004587071
21.94 0.008107313
21.95 0.01163294
21.96 0.01166361
21.97 0.008482547
21.98 0.007226209
21.99 0.007770922
22 0.007972504
22.01 0.008216021
22.02 0.009545471
22.03 0.01020017
22.04 0.009107939
22.05 0.007394264
22.06 0.004900577
22.07 0.003254762
22.08 0.003967385
22.09 0.006371962
22.1 0.009137217
22.11 0.01148457
22.12 0.01238921
22.13 0.01221348
22.14 0.01201361
22.15 0.01027874
22.16 0.007828224
22.17 0.007811238
22.18 0.009940039
22.19 0.01201287
22.2 0.01241293
22.21 0.01302034
22.22 0.01311899
22.23 0.01222547
22.24 0.01252228
22.25 0.01475232
22.26 0.0168154
22.27 0.01814219
22.28 0.02013011
22.29 0.02113102
22.3 0.01975026
22.31 0.01665002
22.32 0.01175345
22.33 0.004700713
22.34 -0.0003429307
22.35 -0.001439291
22.36 -0.0009187739
22.37 1.281655e-05
22.38 0.002158557
22.39 0.003271977
22.4 0.001842325
22.41 0.0008684776
22.42 0.001850805
22.43 0.003297959
22.44 0.003686199
22.45 0.004386873
22.46 0.003917769
22.47 0.003029994
22.48 0.001290635
22.49 -0.002269384
22.5 -0.005135718
22.51 -0.006653585
22.52 -0.009064721
22.53 -0.01033159
22.54 -0.01031567
22.55 -0.01238935
22.56 -0.01495908
22.57 -0.01688826
22.58 -0.01865783
22.59 -0.01911506
22.6 -0.01874244
22.61 -0.01729169
22.62 -0.01423913
22.63 -0.01077003
22.64 -0.009724284
22.65 -0.009105049
22.66 -0.006812734
22.67 -0.005529423
22.68 -0.005791483
22.69 -0.006670476
22.7 -0.008749688
22.71 -0.01036015
22.72 -0.01016531
22.73 -0.008253562
22.74 -0.006073862
22.75 -0.00413534
22.76 -0.001668446
22.77 4.287032e-05
22.78 0.001064388
22.79 0.002286127
22.8 0.003604884
22.81 0.005738623
22.82 0.007286793
22.83 0.007530223
22.84 0.008540664
22.85 0.009994141
22.86 0.0128635
22.87 0.01766502
22.88 0.02064414
22.89 0.02048902
22.9 0.02004983
22.91 0.02007623
22.92 0.01840514
22.93 0.01573484
22.94 0.01526308
22.95 0.01492564
22.96 0.01227044
22.97 0.01080304
22.98 0.01012277
22.99 0.008377502
23 0.009419734
23.01 0.01142176
23.02 0.01146206
23.03 0.01107376
23.04 0.01111531
23.05 0.01117598
23.06 0.01111966
23.07 0.01001786
23.08 0.007317925
23.09 0.006264419
23.1 0.005580522
23.11 0.004551016
23.12 0.003970023
23.13 0.002808637
23.14 0.002221991
23.15 0.002353137
23.16 0.002419043
23.17 0.002355335
23.18 0.002330609
23.19 0.002285525
23.2 0.001248149
23.21 -0.001147672
23.22 -0.002769723
23.23 -0.003860839
23.24 -0.003826578
23.25 -0.001588096
23.26 0.001343586
23.27 0.003913895
23.28 0.006127574
23.29 0.006866044
23.3 0.007401253
23.31 0.009511718
23.32 0.01090324
23.33 0.009353602
23.34 0.006852968
23.35 0.004989447
23.36 0.002448248
23.37 -0.0003182006
23.38 -0.002394256
23.39 -0.002539054
23.4 -0.002270597
23.41 -0.002977168
23.42 -0.003441633
23.43 -0.002344249
23.44 -0.0007653862
23.45 0.000446562
23.46 0.001774196
23.47 0.00214399
23.48 -9.330192e-06
23.49 -0.002957887
23.5 -0.006268984
23.51 -0.01034984
23.52 -0.01296963
23.53 -0.01513871
23.54 -0.01554074
23.55 -0.01409327
23.56 -0.01313503
23.57 -0.01331156
23.58 -0.01421506
23.59 -0.01541089
23.6 -0.01543005
23.61 -0.01404861
23.62 -0.01266103
23.63 -0.01136735
23.64 -0.01102528
23.65 -0.0124098
23.66 -0.01480316
23.67 -0.0157954
23.68 -0.01555856
23.69 -0.01530257
23.7 -0.0133278
23.71 -0.009807694
23.72 -0.008162548
23.73 -0.006752378
23.74 -0.004120496
23.75 -0.002225805
23.76 -0.002007159
23.77 -0.0008932255
23.78 0.002323121
23.79 0.005931696
23.8 0.006786645
23.81 0.006296622
23.82 0.006237685
23.83 0.006361681
23.84 0.006350496
23.85 0.00631966
23.86 0.006324561
23.87 0.006496908
23.88 0.007722497
23.89 0.008393337
23.9 0.006461221
23.91 0.00328251
23.92 -0.0002684325
23.93 -0.002582385
23.94 -0.00260956
23.95 -0.002283332
23.96 -0.002313368
23.97 -0.001456512
23.98 0.0008278012
23.99 0.002163533
24 0.001641364
24.01 0.0001872768
24.02 0.0003274959
24.03 0.001785525
24.04 0.002142095
24.05 0.001879432
24.06 0.001844005
24.07 0.001282476
24.08 0.0007156406
24.09 0.001557687
24.1 0.002241968
24.11 0.003424928
24.12 0.004211093
24.13 0.004862975
24.14 0.006126995
24.15 0.006497605
24.16 0.006606956
24.17 0.008333159
24.18 0.01117428
24.19 0.01383865
24.2 0.01630055
24.21 0.01890265
24.22 0.02150807
24.23 0.02345039
24.24 0.02306535
24.25 0.0205817
24.26 0.01866744
24.27 0.01632298
24.28 0.01467331
24.29 0.01344921
24.3 0.01075058
24.31 0.007874878
24.32 0.005948434
24.33 0.005895069
24.34 0.006169226
24.35 0.006117436
24.36 0.006060459
24.37 0.006080871
24.38 0.006088976
24.39 0.00606967
24.4 0.005406888
24.41 0.003231894
24.42 0.001529059
24.43 0.001244618
24.44 0.0001241488
24.45 -0.0007851573
24.46 0.0001075618
24.47 0.002622162
24.48 0.005164416
24.49 0.006170991
24.5 0.006003353
24.51 0.005858742
24.52 0.005094656
24.53 0.003734555
24.54 0.00321225
24.55 0.002183307
24.56 0.001362073
24.57 0.0006143047
24.58 -0.001561151
24.59 -0.00354573
24.6 -0.006549414
24.61 -0.01082174
24.62 -0.01350084
24.63 -0.0158949
24.64 -0.018569
24.65 -0.02112329
24.66 -0.02372014
24.67 -0.02517275
24.68 -0.02499638
24.69 -0.0238807
24.7 -0.0225327
24.71 -0.02154435
24.72 -0.02252959
24.73 -0.02477904
24.74 -0.02537903
24.75 -0.02515437
24.76 -0.02626804
24.77 -0.02748961
24.78 -0.02697191
24.79 -0.02400963
24.8 -0.01989231
24.81 -0.01709298
24.82 -0.01616262
24.83 -0.01593196
24.84 -0.0141092
24.85 -0.01206728
24.86 -0.0117979
24.87 -0.01211465
24.88 -0.01212715
24.89 -0.01211404
24.9 -0.0114382
24.91 -0.009217521
24.92 -0.007622555
24.93 -0.007668258
24.94 -0.007969087
24.95 -0.00792953
24.96 -0.006991499
24.97 -0.004673855
24.98 -0.003021294
24.99 -0.001943797
25 -0.001298027
25.01 -0.00132453
25.02 -0.001352287
25.03 -0.0001493449
25.04 0.002433546
25.05 0.004756884
25.06 0.005406861
25.07 0.00591931
25.08 0.007000428
25.09 0.006208423
25.1 0.00496682
25.11 0.004943246
25.12 0.005070827
25.13 0.003288862
25.14 0.0006232612
25.15 0.000986497
25.16 0.005311836
25.17 0.007256214
25.18 0.007472579
25.19 0.008685965
25.2 0.01102994
25.21 0.01222663
25.22 0.01204189
25.23 0.01183044
25.24 0.01096621
25.25 0.008673386
25.26 0.007012659
25.27 0.005421969
25.28 0.003328362
25.29 0.001928587
25.3 8.679122e-06
25.31 -0.001663085
25.32 -0.002872882
25.33 -0.004025481
25.34 -0.005464651
25.35 -0.006003394
25.36 -0.005838015
25.37 -0.00578985
25.38 -0.005850549
25.39 -0.005297261
25.4 -0.003218659
25.41 -0.001490236
25.42 -0.001421795
25.43 -0.001704909
25.44 -0.001747376
25.45 -0.002349091
25.46 -0.004462499
25.47 -0.006202027
25.48 -0.006270455
25.49 -0.00641539
25.5 -0.007802887
25.51 -0.007833509
25.52 -0.006287345
25.53 -0.004833043
25.54 -0.003679628
25.55 -0.002308422
25.56 -0.001652792
25.57 -0.001782306
25.58 -0.0009841459
25.59 0.0004303298
25.6 0.001841245
25.61 0.003102745
25.62 0.005163417
25.63 0.007840917
25.64 0.0104672
25.65 0.01305133
25.66 0.01559901
25.67 0.01812556
25.68 0.01983648
25.69 0.02001432
25.7 0.01978141
25.71 0.01977951
25.72 0.01930427
25.73 0.01851505
25.74 0.0193027
25.75 0.02003554
25.76 0.0213619
25.77 0.02353154
25.78 0.02425172
25.79 0.02393403
25.8 0.02373239
25.81 0.02250045
25.82 0.02021796
25.83 0.01927356
25.84 0.01942252
25.85 0.01857414
25.86 0.0162332
25.87 0.01488947
25.88 0.01502271
25.89 0.01513546
25.9 0.01502248
25.91 0.01499331
25.92 0.01456559
25.93 0.01132641
25.94 0.005825892
25.95 0.001820103
25.96 0.000427943
25.97 -0.001348946
25.98 -0.002773132
25.99 -0.00366786
26 -0.006866631
26.01 -0.01033469
26.02 -0.0128591
26.03 -0.01508247
26.04 -0.01575688
26.05 -0.01382188
26.06 -0.01160143
26.07 -0.01040501
26.08 -0.009236376
26.09 -0.007638066
26.1 -0.00551806
26.11 -0.004731284
26.12 -0.004984309
26.13 -0.00523358
26.14 -0.006305911
26.15 -0.007673538
26.16 -0.009546249
26.17 -0.01153024
26.18 -0.01188151
26.19 -0.01057823
26.2 -0.009390722
26.21 -0.009391417
26.22 -0.009552587
26.23 -0.008777804
26.24 -0.007415781
26.25 -0.006915503
26.26 -0.005939026
26.27 -0.005078841
26.28 -0.005711305
26.29 -0.007192397
26.3 -0.007524114
26.31 -0.007287052
26.32 -0.006919248
26.33 -0.005602314
26.34 -0.004936993
26.35 -0.006152787
26.36 -0.00881682
26.37 -0.01125564
26.38 -0.01201506
26.39 -0.01178278
26.4 -0.01170476
26.41 -0.01161454
26.42 -0.01048871
26.43 -0.009487439
26.44 -0.009457322
26.45 -0.009535223
26.46 -0.008621122
26.47 -0.007206777
26.48 -0.005533485
26.49 -0.003030056
26.5 -0.0002840426
26.51 0.001477957
26.52 0.001759297
26.53 0.002718193
26.54 0.00413721
26.55 0.005423175
26.56 0.005157329
26.57 0.003609805
26.58 0.002190165
26.59 0.001341196
26.6 0.001338385
26.61 0.00146823
26.62 0.001421825
26.63 0.001198584
26.64 -0.0001574112
26.65 -0.002404669
26.66 -0.003772951
26.67 -0.004826918
26.68 -0.003148149
26.69 0.001849778
26.7 0.005923637
26.71 0.008213959
26.72 0.009980872
26.73 0.009746007
26.74 0.009036211
26.75 0.008598715
26.76 0.006268375
26.77 0.003331554
26.78 0.001539777
26.79 0.0005099212
26.8 -0.0007064943
26.81 -0.00214793
26.82 -0.002533071
26.83 -0.001017161
26.84 0.000546171
26.85 0.00181054
26.86 0.003092979
26.87 0.00398197
26.88 0.003467214
26.89 0.002008645
26.9 0.001544533
26.91 0.00177774
26.92 0.001848982
26.93 0.001812918
26.94 0.001835507
26.95 0.00187379
26.96 0.001895951
26.97 0.0016996
26.98 0.0004683509
26.99 -0.0008887041
27 -0.002109558
27.01 -0.002417134
27.02 -0.001243525
27.03 -0.0001056193
27.04 -8.01942e-05
27.05 -0.0002319376
27.06 -0.000160556
27.07 -1.482406e-05
27.08 0.000262226
27.09 0.001440036
27.1 0.002329509
27.11 0.002977285
27.12 0.004302695
27.13 0.004751651
27.14 0.00457381
27.15 0.004547628
27.16 0.004000343
27.17 0.002609903
27.18 0.002177829
27.19 0.002427642
27.2 0.002505871
27.21 0.002475885
27.22 0.002507719
27.23 0.002591692
27.24 0.002517504
27.25 0.001378096
27.26 0.0003956694
27.27 0.0004679251
27.28 0.001495595
27.29 0.003765339
27.3 0.005403829
27.31 0.006587835
27.32 0.007327595
27.33 0.007297182
27.34 0.00629838
27.35 0.004054299
27.36 0.002727587
27.37 0.002890474
27.38 0.0031155
27.39 0.003152672
27.4 0.004169994
27.41 0.005685944
27.42 0.007036244
27.43 0.007696868
27.44 0.007600736
27.45 0.007524043
27.46 0.007601844
27.47 0.007652449
27.48 0.007296878
27.49 0.00549151
27.5 0.00347078
27.51 0.00212233
27.52 -0.0001709448
27.53 -0.002925313
27.54 -0.005038919
27.55 -0.005437338
27.56 -0.005039345
27.57 -0.00478634
27.58 -0.003464334
27.59 -0.0007646032
27.6 0.001972874
27.61 0.003702026
27.62 0.003931032
27.63 0.00358961
27.64 0.002125226
27.65 -0.0005922783
27.66 -0.003285401
27.67 -0.004815042
27.68 -0.004854314
27.69 -0.004623471
27.7 -0.004621332
27.71 -0.004625341
27.72 -0.004574251
27.73 -0.004531377
27.74 -0.004500297
27.75 -0.004465477
27.76 -0.004428466
27.77 -0.004434014
27.78 -0.00535968
27.79 -0.007639304
27.8 -0.008941451
27.81 -0.009166105
27.82 -0.01090591
27.83 -0.01301922
27.84 -0.01341327
27.85 -0.01407522
27.86 -0.01510868
27.87 -0.01518787
27.88 -0.01496408
27.89 -0.01494102
27.9 -0.01494827
27.91 -0.01490215
27.92 -0.01447102
27.93 -0.01308861
27.94 -0.01238981
27.95 -0.01242641
27.96 -0.01127761
27.97 -0.00858929
27.98 -0.005819259
27.99 -0.003917878
28 -0.002753079
28.01 -0.001562469
28.02 -0.001264301
28.03 -0.001016033
28.04 0.0003758248
28.05 0.001941273
28.06 0.005058368
28.07 0.008883751
28.08 0.01018335
28.09 0.01024133
28.1 0.01147399
28.11 0.01219553
28.12 0.01204828
28.13 0.01219474
28.14 0.01353852
28.15 0.01448719
28.16 0.01441203
28.17 0.01430247
28.18 0.01438643
28.19 0.01444112
28.2 0.01445502
28.21 0.01448253
28.22 0.01444892
28.23 0.0134291
28.24 0.01112003
28.25 0.009577124
28.26 0.00798234
28.27 0.006195248
28.28 0.006668152
28.29 0.008161452
28.3 0.008071564
28.31 0.006555273
28.32 0.005796102
28.33 0.005992407
28.34 0.006123692
28.35 0.006089899
28.36 0.006103251
28.37 0.006147275
28.38 0.006174596
28.39 0.006116395
28.4 0.004942048
28.41 0.002631203
28.42 0.0007800471
28.43 -0.002349631
28.44 -0.004654669
28.45 -0.003795348
28.46 -0.002285753
28.47 -0.00221333
28.48 -0.002448227
28.49 -0.002381562
28.5 -0.002303671
28.51 -0.002453277
28.52 -0.00381909
28.53 -0.006117871
28.54 -0.006939373
28.55 -0.006629567
28.56 -0.006624638
28.57 -0.007997614
28.58 -0.01025852
28.59 -0.01111781
28.6 -0.01153628
28.61 -0.01284687
28.62 -0.01328305
28.63 -0.01304016
28.64 -0.01256344
28.65 -0.0111916
28.66 -0.01047774
28.67 -0.01062273
28.68 -0.01048335
28.69 -0.009150408
28.7 -0.007714043
28.71 -0.006396296
28.72 -0.005177541
28.73 -0.003919108
28.74 -0.002505862
28.75 -0.001595612
28.76 -0.001593777
28.77 -0.0009746606
28.78 0.0004031585
28.79 0.000751656
28.8 0.0008634784
28.81 0.002142913
28.82 0.002903381
28.83 0.002838819
28.84 0.003771647
28.85 0.005264338
28.86 0.006732199
28.87 0.007418833
28.88 0.007274473
28.89 0.006242246
28.9 0.004813622
28.91 0.003504673
28.92 0.002294872
28.93 0.0003001251
28.94 -0.001553649
28.95 -0.002069426
28.96 -0.003837375
28.97 -0.00449848
28.98 -0.003631171
28.99 -0.003419404
29 -0.003606056
29.01 -0.003786946
29.02 -0.0049547
29.03 -0.00590913
29.04 -0.005838908
29.05 -0.005674838
29.06 -0.005710901
29.07 -0.005964
29.08 -0.007189571
29.09 -0.007982721
29.1 -0.007855798
29.11 -0.007726193
29.12 -0.007770236
29.13 -0.007796599
29.14 -0.00782348
29.15 -0.007243034
29.16 -0.005923539
29.17 -0.006499027
29.18 -0.008152984
29.19 -0.009575994
29.2 -0.009607462
29.21 -0.008072028
29.22 -0.006461336
29.23 -0.004366233
29.24 -0.002895513
29.25 -0.0016861
29.26 -0.001067417
29.27 -0.001072682
29.28 -7.241495e-05
29.29 0.002256123
29.3 0.003822697
29.31 0.005565523
29.32 0.00748947
29.33 0.007875508
29.34 0.007595187
29.35 0.007276579
29.36 0.00603159
29.37 0.005223309
29.38 0.0045972
29.39 0.003464929
29.4 0.00316924
29.41 0.002997375
29.42 0.001065201
29.43 -0.001112792
29.44 -0.001417722
29.45 -0.0009100918
29.46 0.0003075598
29.47 0.00162201
29.48 0.002953876
29.49 0.003414893
29.5 0.003258839
29.51 0.003434378
29.52 0.004794144
29.53 0.006220485
29.54 0.007419354
29.55 0.007886755
29.56 0.008823813
29.57 0.009901446
29.58 0.009978073
29.59 0.009795505
29.6 0.009813399
29.61 0.009850537
29.62 0.009837088
29.63 0.009822018
29.64 0.009344702
29.65 0.008037812
29.66 0.007523881
29.67 0.007709675
29.68 0.007769955
29.69 0.008113139
29.7 0.008851568
29.71 0.00813581
29.72 0.00753438
29.73 0.007652584
29.74 0.007410846
29.75 0.006000273
29.76 0.004565273
29.77 0.003308262
29.78 0.003039263
29.79 0.003023202
29.8 0.001380203
29.81 -0.0009791061
29.82 -0.003032127
29.83 -0.005261804
29.84 -0.005739844
29.85 -0.005409364
29.86 -0.005387642
29.87 -0.005475717
29.88 -0.005472149
29.89 -0.005619771
29.9 -0.007040473
29.91 -0.009303834
29.92 -0.01007447
29.93 -0.009794527
29.94 -0.009719823
29.95 -0.009808603
29.96 -0.009818483
29.97 -0.009803453
29.98 -0.009770254
29.99 -0.008819757
30 -0.006509043
30.01 -0.005177453
30.02 -0.005336022
30.03 -0.005528201
30.04 -0.005501272
30.05 -0.006467109
30.06 -0.008838763
30.07 -0.01006658
30.08 -0.00984159
30.09 -0.008978421
30.1 -0.0067769
30.11 -0.003982342
30.12 -0.001626121
30.13 -0.0003886141
30.14 0.0008355953
30.15 0.001434866
30.16 0.001311699
30.17 0.00121992
30.18 0.001584853
30.19 0.003401841
30.2 0.005499965
30.21 0.005895318
30.22 0.005748086
30.23 0.00690704
30.24 0.008355825
30.25 0.0101632
30.26 0.01205398
30.27 0.01243027
30.28 0.0121511
30.29 0.01183547
30.3 0.01062643
30.31 0.009206288
30.32 0.007951166
30.33 0.007696569
30.34 0.007858072
30.35 0.00747322
30.36 0.006047997
30.37 0.004678475
30.38 0.003586532
30.39 0.003184058
30.4 0.001733754
30.41 -0.0005849318
30.42 -0.001328772
30.43 -0.001005416
30.44 -0.000536067
30.45 0.0002840483
30.46 0.001119723
30.47 0.001883983
30.48 0.003154567
30.49 0.003606988
30.5 0.003417293
30.51 0.003355626
30.52 0.003419154
30.53 0.003477097
30.54 0.003482669
30.55 0.003583286
30.56 0.00471797
30.57 0.006148526
30.58 0.006868286
30.59 0.005269752
30.6 0.003354967
30.61 0.003185164
30.62 0.00347976
30.63 0.003439354
30.64 0.003337512
30.65 0.002593635
30.66 0.001228323
30.67 -0.0001740616
30.68 -0.001052584
30.69 -0.001037743
30.7 -0.0009208998
30.71 -0.0009625415
30.72 -0.001176463
30.73 -0.002690656
30.74 -0.004911346
30.75 -0.005592274
30.76 -0.005315063
30.77 -0.005261609
30.78 -0.005351077
30.79 -0.005361061
30.8 -0.005351018
30.81 -0.005363328
30.82 -0.005376773
30.83 -0.005196079
30.84 -0.003923085
30.85 -0.002931048
30.86 -0.003015205
30.87 -0.003183351
30.88 -0.003032391
30.89 -0.001922453
30.9 -0.0009244694
30.91 -0.0009508961
30.92 -0.001119948
30.93 -0.001015514
30.94 -0.0008773978
30.95 -0.0008818914
30.96 -0.0009157592
30.97 -0.0008946147
30.98 -0.000145206
30.99 0.001095536
31 0.001121236
31.01 -0.0002878401
31.02 -0.001168308
31.03 -0.001042587
31.04 -0.0008446859
31.05 0.0001169249
31.06 0.001495987
31.07 0.002881634
31.08 0.003524765
31.09 0.003480767
31.1 0.004278079
31.11 0.004367844
31.12 0.003366753
31.13 0.003140343
31.14 0.002697641
31.15 0.001344697
31.16 9.348102e-05
31.17 0.0003232317
31.18 0.00132011
31.19 0.001413846
31.2 0.001212744
31.21 0.001099921
31.22 -9.975341e-06
31.23 -0.001103459
31.24 -0.001108478
31.25 -0.0009388561
31.26 -0.0009861267
31.27 -0.001031675
31.28 -0.001026401
31.29 -0.001012594
31.3 -0.0009655436
31.31 -0.0009881449
31.32 -0.001878048
31.33 -0.00309126
31.34 -0.003237977
31.35 -0.002567785
31.36 -0.001282746
31.37 -0.0008275737
31.38 -0.001015268
31.39 -0.001311623
31.4 -0.00290713
31.41 -0.005070401
31.42 -0.005635037
31.43 -0.00544891
31.44 -0.006440534
31.45 -0.007254694
31.46 -0.005949424
31.47 -0.005045819
31.48 -0.005249742
31.49 -0.005401095
31.5 -0.005338102
31.51 -0.005319279
31.52 -0.004751027
31.53 -0.002587142
31.54 -0.0007657931
31.55 -0.0006854044
31.56 -0.0009638
31.57 -0.0009295916
31.58 -0.0008517661
31.59 -0.0008181961
31.6 -0.0008205043
31.61 -0.0008325647
31.62 -0.0008474058
31.63 -0.001403052
31.64 -0.002831294
31.65 -0.004191708
31.66 -0.005190492
31.67 -0.005290568
31.68 -0.005156886
31.69 -0.00517694
31.7 -0.005215518
31.71 -0.005214591
31.72 -0.005215984
31.73 -0.00520867
31.74 -0.005155415
31.75 -0.005131466
31.76 -0.005254733
31.77 -0.00655125
31.78 -0.008544977
31.79 -0.008206664
31.8 -0.007190349
31.81 -0.006434135
31.82 -0.005319286
31.83 -0.005027851
31.84 -0.005193368
31.85 -0.005163226
31.86 -0.005092808
31.87 -0.005108355
31.88 -0.005128644
31.89 -0.005127776
31.9 -0.004698354
31.91 -0.003290101
31.92 -0.002711146
31.93 -0.003908512
31.94 -0.005459149
31.95 -0.007055587
31.96 -0.009027266
31.97 -0.008931572
31.98 -0.00729947
31.99 -0.006738
32 -0.005865789
32.01 -0.004527666
32.02 -0.00304637
32.03 -0.001786808
32.04 -0.0006548731
32.05 -0.0004507119
32.06 -0.0002641852
32.07 0.001147566
32.08 0.002573257
32.09 0.003700752
32.1 0.003925415
32.11 0.003180606
32.12 0.0006044744
32.13 -0.0002973931
32.14 0.0006175762
32.15 0.0009641106
32.16 0.001417454
32.17 0.0003665752
32.18 -0.000687533
32.19 -0.000595582
32.2 -0.0003555201
32.21 -0.0002068515
32.22 0.001296085
32.23 0.004070284
32.24 0.006777056
32.25 0.009296568
32.26 0.01176556
32.27 0.01320029
32.28 0.01435291
32.29 0.01511467
32.3 0.01578069
32.31 0.01709863
32.32 0.01750767
32.33 0.01705707
32.34 0.01569955
32.35 0.01430955
32.36 0.01308308
32.37 0.01277779
32.38 0.01298894
32.39 0.01306711
32.4 0.01303007
32.41 0.01305821
32.42 0.01297168
32.43 0.01057301
32.44 0.005880805
32.45 0.003373908
32.46 0.002412029
32.47 0.001235461
32.48 4.632939e-05
32.49 -7.579753e-05
32.5 -0.0002326869
32.51 -0.002149284
32.52 -0.004307061
32.53 -0.004646492
32.54 -0.004232474
32.55 -0.004117885
32.56 -0.003801614
32.57 -0.001958747
32.58 0.0001136127
32.59 0.0004955051
32.6 0.0002186644
32.61 0.0002209775
32.62 0.000299403
32.63 0.0002977492
32.64 0.0002922026
32.65 0.0003066592
32.66 0.0005634606
32.67 0.001880967
32.68 0.002758106
32.69 0.003344555
32.7 0.004574702
32.71 0.005048798
32.72 0.00521284
32.73 0.006468393
32.74 0.007882743
32.75 0.009110217
32.76 0.009371151
32.77 0.00921882
32.78 0.009231382
32.79 0.0103806
32.8 0.01314353
32.81 0.01410439
32.82 0.01370221
32.83 0.01331893
32.84 0.01176011
32.85 0.00965
32.86 0.009095361
32.87 0.008267314
32.88 0.005968337
32.89 0.00478677
32.9 0.005030321
32.91 0.004459866
32.92 0.002150275
32.93 0.0006103942
32.94 0.0004204737
32.95 -0.0006673648
32.96 -0.002105797
32.97 -0.003349002
32.98 -0.003624689
32.99 -0.003450982
33 -0.003416686
33.01 -0.003441377
33.02 -0.00338977
33.03 -0.003304832
33.04 -0.003278086
33.05 -0.003578799
33.06 -0.00487986
33.07 -0.005664461
33.08 -0.006297901
33.09 -0.007480554
33.1 -0.007775133
33.11 -0.007567262
33.12 -0.008049378
33.13 -0.009398828
33.14 -0.00983635
33.15 -0.00943712
33.16 -0.008201395
33.17 -0.006886222
33.18 -0.004918538
33.19 -0.003014613
33.2 -0.002825232
33.21 -0.004482074
33.22 -0.006780145
33.23 -0.007523002
33.24 -0.00714357
33.25 -0.006151693
33.26 -0.004842516
33.27 -0.003462477
33.28 -0.002665401
33.29 -0.002711736
33.3 -0.002806455
33.31 -0.00262978
33.32 -0.001398282
33.33 5.030257e-05
33.34 0.001360152
33.35 0.00194672
33.36 0.00166041
33.37 -0.0005894081
33.38 -0.002804044
33.39 -0.002807814
33.4 -0.002971272
33.41 -0.004318886
33.42 -0.004680552
33.43 -0.003344831
33.44 -0.00224923
33.45 -0.002309607
33.46 -0.002423667
33.47 -0.001509451
33.48 -0.0001867421
33.49 0.0003449626
33.5 0.001524248
33.51 0.002353465
33.52 0.002271104
33.53 0.002158064
33.54 0.002220786
33.55 0.002257976
33.56 0.002269765
33.57 0.002946987
33.58 0.004410531
33.59 0.005613697
33.6 0.00515062
33.61 0.00293421
33.62 0.001986724
33.63 0.001446148
33.64 -0.0006649211
33.65 -0.002360605
33.66 -0.003501333
33.67 -0.004168693
33.68 -0.004134836
33.69 -0.004212457
33.7 -0.005210221
33.71 -0.006329863
33.72 -0.00637451
33.73 -0.006147793
33.74 -0.005406308
33.75 -0.004180099
33.76 -0.00390873
33.77 -0.004091511
33.78 -0.004077001
33.79 -0.003348554
33.8 -0.001974452
33.81 -0.00160458
33.82 -0.001753342
33.83 -0.001719814
33.84 -0.001626297
33.85 -0.0008920823
33.86 0.0003107411
33.87 -0.0005033742
33.88 -0.00176547
33.89 -0.001768654
33.9 -0.002155361
33.91 -0.003473953
33.92 -0.003839558
33.93 -0.00359215
33.94 -0.003542109
33.95 -0.004120063
33.96 -0.005451116
33.97 -0.005879591
33.98 -0.005468027
33.99 -0.003837381
34 -0.001533859
34.01 -0.0002264743
34.02 0.0007635407
34.03 0.001206047
34.04 0.002240833
34.05 0.003196838
34.06 0.003216795
34.07 0.003804219
34.08 0.005175142
34.09 0.005321876
34.1 0.003837741
34.11 0.002835385
34.12 0.002959542
34.13 0.003100819
34.14 0.003031625
34.15 0.002772612
34.16 0.001212602
34.17 -0.0008736104
34.18 -0.002128669
34.19 -0.003927797
34.2 -0.005297202
34.21 -0.005269562
34.22 -0.004631448
34.23 -0.003363191
34.24 -0.002095119
34.25 -0.0009996585
34.26 -0.0008089522
34.27 -0.0009509528
34.28 -0.0009416642
34.29 -0.000850397
34.3 4.598482e-05
34.31 0.001264322
34.32 0.001410538
34.33 0.001203694
34.34 0.001208826
34.35 0.001315542
34.36 0.002191997
34.37 0.003266087
34.38 0.003366827
34.39 0.003220087
34.4 0.003237776
34.41 0.003146788
34.42 0.002093551
34.43 0.001019254
34.44 0.0009769742
34.45 0.001165543
34.46 0.001797096
34.47 0.002061271
34.48 0.001380985
34.49 0.001928373
34.5 0.001721064
34.51 0.001016089
34.52 0.0008845118
34.53 0.0001099413
34.54 -0.0008419405
34.55 -0.0009092148
34.56 -0.001293999
34.57 -0.002532112
34.58 -0.002931788
34.59 -0.002710238
34.6 -0.002930711
34.61 -0.004107304
34.62 -0.004679185
34.63 -0.00444655
34.64 -0.004116478
34.65 -0.003088165
34.66 -0.001902426
34.67 -0.0002654789
34.68 0.001294384
34.69 0.002278211
34.7 0.003023527
34.71 0.003117265
34.72 0.002982343
34.73 0.003482942
34.74 0.004572245
34.75 0.004799078
34.76 0.004307297
34.77 0.003176657
34.78 0.002582379
34.79 0.002685173
34.8 0.002740894
34.81 0.002654735
34.82 0.0023321
34.83 0.001251159
34.84 0.0006653911
34.85 0.000768872
34.86 0.0008267405
34.87 0.0005735248
34.88 -0.000455668
34.89 -0.001109942
34.9 -0.001577542
34.91 -0.002414977
34.92 -0.002614657
34.93 -0.002444357
34.94 -0.002027585
34.95 -0.001033198
34.96 -0.0006919015
34.97 -0.001578112
34.98 -0.00228001
34.99 -0.001311778
35 -0.0001733976
35.01 0.0006417448
35.02 0.0008330884
35.03 0.0007583448
35.04 0.0007562854
35.05 0.0007594921
35.06 0.0007599979
35.07 0.0013199
35.08 0.002169173
35.09 0.002270558
35.1 0.001827469
35.11 0.0008947863
35.12 -1.921893e-05
35.13 -0.0008117152
35.14 -0.0009610782
35.15 -0.0006238343
35.16 0.0002698501
35.17 0.0006996
35.18 0.0005742325
35.19 0.0004931819
35.2 0.000509185
35.21 0.0004930657
35.22 0.0001168224
35.23 -0.0007622122
35.24 -0.001054623
35.25 -0.001026784
35.26 -0.001535197
35.27 -0.001604427
35.28 -0.001871875
35.29 -0.001660866
35.3 -0.0008816179
35.31 -0.0006945426
35.32 -0.0005791706
35.33 0.0002612217
35.34 0.001117061
35.35 0.001688139
35.36 0.001143482
35.37 0.0003895731
35.38 0.0003491949
35.39 0.0004579089
35.4 0.0003766912
35.41 -0.000234367
35.42 -0.0008617287
35.43 -0.000849356
35.44 -0.0007134385
35.45 -0.0007195122
35.46 -0.000732073
35.47 -0.0007109908
35.48 -0.0005411731
35.49 0.0001258837
35.5 0.0008284579
35.51 0.001464952
35.52 0.001598368
35.53 0.001471687
35.54 0.00141645
35.55 0.001398085
35.56 0.001356949
35.57 0.001311598
35.58 0.001272702
35.59 0.001234162
35.6 0.001199384
35.61 0.001444333
35.62 0.001996225
35.63 0.001683389
35.64 0.00098771
35.65 0.0008776809
35.66 0.0007234748
35.67 8.611855e-05
35.68 -0.0005493718
35.69 -0.0009921816
35.7 -0.001009244
35.71 -0.0009238007
35.72 -0.0009086267
35.73 -0.0009295196
35.74 -0.001294629
35.75 -0.001714581
35.76 -0.001689442
35.77 -0.001560027
35.78 -0.001518829
35.79 -0.001523336
35.8 -0.001867417
35.81 -0.002097668
35.82 -0.001710244
35.83 -0.001581473
35.84 -0.001284251
35.85 -0.0007412652
35.86 -0.0002562257
35.87 0.000214922
35.88 0.0004822841
35.89 0.0006714485
35.9 0.001060035
35.91 0.001156116
35.92 0.001158124
35.93 0.001530485
35.94 0.00174634
35.95 0.001862935
35.96 0.002118495
35.97 0.00212315
35.98 0.00208112
35.99 0.002357952
36 0.002464219
36.01 0.002312213
36.02 0.002226558
36.03 0.002462027
36.04 0.002481683
36.05 0.001834687
36.06 0.001226331
36.07 0.001124834
36.08 0.001140099
36.09 0.0009846958
36.1 0.0006025833
36.11 0.0002599728
36.12 -2.42384e-05
36.13 -0.0001317357
36.14 -0.0003412928
36.15 -0.0005317409
36.16 -0.0005344832
36.17 -0.0006549185
36.18 -0.0008988853
36.19 -0.0009271857
36.2 -0.0008560482
36.21 -0.0008185047
36.22 -0.0007925259
36.23 -0.0006339636
36.24 -0.0004185086
36.25 -0.0003822867
36.26 -0.0004114216
36.27 -0.0004076755
36.28 -0.0003966595
36.29 -0.0003940616
36.3 -0.0003915387
36.31 -0.00038619
36.32 -0.0003165815
36.33 -0.0001440415
36.34 -8.947901e-05
36.35 -0.0001275645
36.36 -0.000147557
36.37 -0.000152641
36.38 -0.0001636566
36.39 -0.0001763043
36.4 -0.0001866832
36.41 -0.0002176961
36.42 -0.0003433229
36.43 -0.0004636271
36.44 -0.0005584566
36.45 -0.0005701476
36.46 -0.0005351696
36.47 -0.0005136408
36.48 -0.0005298636
36.49 -0.0006101104
36.5 -0.0006295999
36.51 -0.0005881585
36.52 -0.0005541758
36.53 -0.0005307647
36.54 -0.0005048417
36.55 -0.000478014
36.56 -0.000452867
36.57 -0.00042862
36.58 -0.0004042856
36.59 -0.0003781309
36.6 -0.0003297116
36.61 -0.000251728
36.62 -0.0002193103
36.63 -0.000216596
36.64 -0.0002072583
36.65 -0.000194032
36.66 -0.0001833317
36.67 -0.0001734786
36.68 -0.0001633669
36.69 -0.0001535303
36.7 -0.000144293
36.71 -0.0001490095
36.72 -0.0001716864
36.73 -0.0001689855
36.74 -0.000154325
36.75 -0.0001657576
36.76 -0.000170063
36.77 -0.0001401949
36.78 -0.0001116962
36.79 -0.000111666
36.8 -8.678881e-05
36.81 -5.686032e-05
36.82 -3.957706e-05
36.83 -1.667558e-05
36.84 -5.074555e-06
36.85 -2.773311e-06
36.86 7.217436e-07
36.87 5.554596e-06
36.88 1.002874e-05
36.89 1.426784e-05
36.9 2.493238e-05
36.91 3.544525e-05
36.92 3.675839e-05
36.93 3.597832e-05
36.94 3.670395e-05
36.95 3.75453e-05
36.96 3.806151e-05
36.97 3.860415e-05
36.98 3.916407e-05
36.99 3.763744e-05
37 3.646199e-05
37.01 3.752978e-05
37.02 3.683245e-05
37.03 3.77742e-05
37.04 3.976621e-05
37.05 4.136865e-05
37.06 4.279432e-05
37.07 4.420967e-05
37.08 4.544915e-05
37.09 4.656853e-05
37.1 4.763164e-05
37.11 4.863227e-05
37.12 4.9566e-05
37.13 5.044141e-05
37.14 5.12634e-05
37.15 5.203582e-05
37.16 5.276243e-05
37.17 5.344768e-05
37.18 5.409532e-05
37.19 5.470923e-05
37.2 5.529286e-05
37.21 5.584998e-05
37.22 5.638378e-05
37.23 5.689764e-05
37.24 5.739446e-05
37.25 5.787728e-05
37.26 5.834871e-05
37.27 5.881369e-05
37.28 5.9305e-05
37.29 5.978167e-05
37.3 6.022035e-05
37.31 6.06314e-05
37.32 6.104188e-05
37.33 6.147341e-05
37.34 6.192451e-05
37.35 6.239165e-05
37.36 6.287354e-05
37.37 6.336893e-05
37.38 6.387652e-05
37.39 6.439518e-05
37.4 6.492379e-05
37.41 6.546174e-05
37.42 6.600828e-05
