0 0.006485492
0.02 0.01096097
0.04 0.004111627
0.06 -0.01014174
0.08 -0.01699379
0.1 -0.006147621
0.12 0.01073412
0.14 0.01113193
0.16 0.00477136
0.18 0.001310812
0.2 0.00148577
0.22 0.002630926
0.24 0.01366622
0.26 0.01663764
0.28 0.009560245
0.3 -0.003295361
0.32 -0.0114904
0.34 -0.0109683
0.36 -0.007884861
0.38 0.008690395
0.4 0.009827167
0.42 0.0002295927
0.44 -0.007917389
0.46 -0.004121054
0.48 0.003196569
0.5 0.00470649
0.52 0.01044247
0.54 0.01122859
0.56 0.009232353
0.58 -0.0001638945
0.6 -0.0009297189
0.62 -0.005440851
0.64 -0.009231683
0.66 -0.009100404
0.68 -0.007257443
0.7 -0.003142733
0.72 -0.005719075
0.74 -0.0006197462
0.76 0.00228575
0.78 0.0005453106
0.8 -0.003934693
0.82 -0.007330309
0.84 -0.006429503
0.86 -0.01002474
0.88 0.005675501
0.9 0.00850981
0.92 -0.002707365
0.94 -0.004398656
0.96 -0.005112635
0.98 0.003956432
1 0.001957618
1.02 0.002910846
1.04 -0.01031887
1.06 -0.01650344
1.08 -0.004286035
1.1 0.004701316
1.12 0.01261066
1.14 0.009984609
1.16 0.001939409
1.18 -0.004163647
1.2 -0.003149001
1.22 -0.003073578
1.24 -0.008498923
1.26 -0.005855983
1.28 -0.003360725
1.3 -0.01055736
1.32 -0.01273555
1.34 0.004104335
1.36 0.02369943
1.38 0.01748972
1.4 0.01113317
1.42 0.0145229
1.44 0.01558407
1.46 0.02151077
1.48 0.007982182
1.5 0.01084092
1.52 0.00257893
1.54 -0.02078224
1.56 -0.03073947
1.58 -0.02666765
1.6 -0.01256178
1.62 -0.0009496111
1.64 0.01304138
1.66 -0.01283221
1.68 -0.02590184
1.7 -0.01500338
1.72 0.01789156
1.74 0.02402621
1.76 0.01844099
1.78 0.01081991
1.8 0.004640187
1.82 0.003788043
1.84 -0.004265165
1.86 -0.01111784
1.88 -0.008325277
1.9 -0.004354451
1.92 -0.006354569
1.94 -0.01355558
1.96 -0.009107126
1.98 -0.006859625
2 -0.01926951
2.02 -0.01961373
2.04 -0.01146848
2.06 0.004275043
2.08 0.004013822
2.1 0.0002785755
2.12 -0.003561788
2.14 0.01766457
2.16 0.02324531
2.18 0.03613959
2.2 0.01494576
2.22 -0.01035603
2.24 -0.007021104
2.26 -0.01170225
2.28 0.00440834
2.3 0.01236636
2.32 0.01093737
2.34 0.00465529
2.36 -0.01332102
2.38 -0.01996736
2.4 -0.004512134
2.42 0.01025484
2.44 0.02026882
2.46 -0.002413248
2.48 -0.01243428
2.5 -0.006407501
2.52 0.00565577
2.54 0.008845333
2.56 0.006601274
2.58 0.008946246
2.6 0.001104576
2.62 0.004777756
2.64 -0.0005831123
2.66 0.004185711
2.68 -0.0094523
2.7 -0.002516951
2.72 0.003070205
2.74 -0.005489068
2.76 -0.002140691
2.78 -0.01345176
2.8 -0.01215047
2.82 -0.01442113
2.84 -0.01395712
2.86 -0.01847173
2.88 0.0128096
2.9 0.02011522
2.92 -0.01287847
2.94 -0.01830066
2.96 -0.001890674
2.98 0.01166461
3 0.007935002
3.02 0.002484697
3.04 -0.009026438
3.06 -0.01188082
3.08 -0.008243883
3.1 -0.001035818
3.12 0.005850021
3.14 0.009867767
3.16 -0.005797342
3.18 -0.01802122
3.2 -0.0204703
3.22 -0.01371169
3.24 0.01126822
3.26 0.009715128
3.28 -0.006749457
3.3 -0.01499392
3.32 0.01262378
3.34 0.03278985
3.36 0.03051083
3.38 -0.005343681
3.4 -0.01698866
3.42 0.0002947746
3.44 0.009623365
3.46 0.01400507
3.48 0.005142098
3.5 0.0001204733
3.52 -0.03098054
3.54 -0.02353186
3.56 0.0161888
3.58 0.0312147
3.6 0.008477038
3.62 -0.008851777
3.64 -0.01227805
3.66 0.01368405
3.68 0.04502802
3.7 0.03736837
3.72 -0.01018971
3.74 -0.02364975
3.76 0.001937134
3.78 0.0195163
3.8 0.02568489
3.82 0.01384948
3.84 -0.01039745
3.86 -0.002904192
3.88 0.01477817
3.9 0.00964516
3.92 0.01312209
3.94 -0.005898153
3.96 -0.01877491
3.98 -0.02851532
4 -0.009645656
4.02 -0.004494707
4.04 -0.00935313
4.06 -0.007416247
4.08 -0.01636885
4.1 -0.0200859
4.12 -0.006315971
4.14 -0.006543358
4.16 -0.004934864
4.18 0.004090256
4.2 0.001918741
4.22 0.01086537
4.24 0.004163119
4.26 0.01644821
4.28 0.002971358
4.3 -0.004862133
4.32 -0.003602091
4.34 -0.01963525
4.36 -0.009021947
4.38 -0.004713082
4.4 -0.00300318
4.42 -0.003558623
4.44 -0.0116631
4.46 -0.01659959
4.48 -0.0148571
4.5 0.008933908
4.52 0.02159376
4.54 0.01062432
4.56 0.005070974
4.58 0.003014219
4.6 0.002776131
4.62 0.003361247
4.64 -0.007010442
4.66 -0.01501997
4.68 -0.0006751071
4.7 0.002722297
4.72 0.001120596
4.74 0.004446577
4.76 -0.002315185
4.78 -0.0105255
4.8 -0.006070449
4.82 -0.005389262
4.84 -0.002781384
4.86 0.004181012
4.88 0.005347797
4.9 -0.003437529
4.92 -0.01620709
4.94 -0.01601151
4.96 -0.01826187
4.98 0.001720722
5 0.0264497
5.02 0.0135714
5.04 0.00455553
5.06 0.001937196
5.08 -0.004202309
5.1 0.004536009
5.12 0.004956329
5.14 -0.0003803544
5.16 -0.002989449
5.18 -0.0127682
5.2 -0.008732075
5.22 -0.001891916
5.24 0.01268088
5.26 0.01202828
5.28 -0.01178861
5.3 -0.01747206
5.32 -0.008076861
5.34 0.02225197
5.36 0.02930664
5.38 -0.000566888
5.4 -0.03741223
5.42 -0.04292763
5.44 -0.0100969
5.46 0.006640623
5.48 0.01120531
5.5 0.003668823
5.52 -0.01608944
5.54 -0.02855679
5.56 -0.02496035
5.58 0.0101574
5.6 0.02958772
5.62 0.02216248
5.64 -0.008319919
5.66 -0.02187676
5.68 -0.007863924
5.7 -0.003961189
5.72 0.01045868
5.74 0.01572737
5.76 0.01808071
5.78 0.03070135
5.8 0.04542024
5.82 0.03312763
5.84 -0.001166572
5.86 0.0009948972
5.88 -0.001611975
5.9 -0.003440696
5.92 0.006756428
5.94 0.01283081
5.96 0.002208858
5.98 -0.01449959
6 -0.01693332
6.02 0.005199845
6.04 0.01517359
6.06 0.03292804
6.08 0.05741254
6.1 0.05039421
6.12 0.0336575
6.14 0.002725151
6.16 -0.008477408
6.18 0.002194925
6.2 0.01494525
6.22 0.01052088
6.24 -0.02350491
6.26 -0.051964
6.28 -0.05053297
6.3 -0.04055747
6.32 -0.01251352
6.34 0.001310901
6.36 0.0008796999
6.38 -0.002135209
6.4 0.002384545
6.42 0.007182854
6.44 0.005332728
6.46 0.01126016
6.48 0.004867024
6.5 -0.001592486
6.52 -0.01270419
6.54 -0.01733294
6.56 -0.01525716
6.58 -0.02085989
6.6 -0.01638015
6.62 0.01413629
6.64 0.03908162
6.66 0.04260708
6.68 0.02510928
6.7 0.007322593
6.72 0.004163712
6.74 -0.0004160595
6.76 -0.0005404212
6.78 -0.004202135
6.8 -0.01804954
6.82 -0.03866276
6.84 -0.04456373
6.86 -0.02084489
6.88 0.01285487
6.9 0.02710247
6.92 0.0228094
6.94 0.0158377
6.96 0.03256361
6.98 0.02985264
7 0.02620098
7.02 0.03280972
7.04 0.02633488
7.06 0.007912531
7.08 -0.01565977
7.1 -0.0128306
7.12 -0.004458599
7.14 0.01341983
7.16 0.02477241
7.18 0.02864033
7.2 0.006916425
7.22 -0.006243961
7.24 -0.005954455
7.26 -0.0001458741
7.28 0.01707157
7.3 0.03417789
7.32 0.03613757
7.34 0.004228853
7.36 -0.02496277
7.38 -0.03717767
7.4 -0.04204232
7.42 -0.04338924
7.44 -0.02094651
7.46 -0.02127703
7.48 -0.04204961
7.5 -0.04705633
7.52 -0.05012095
7.54 -0.02725811
7.56 0.004155559
7.58 0.01346918
7.6 -0.002504033
7.62 -0.03697846
7.64 -0.03804716
7.66 -0.02372186
7.68 -0.005970261
7.7 0.01609115
7.72 0.01482492
7.74 0.01223175
7.76 0.01146319
7.78 0.01499092
7.8 0.03214268
7.82 0.04510255
7.84 0.05687299
7.86 0.04553839
7.88 0.007614398
7.9 -0.00703356
7.92 0.005396537
7.94 0.01640388
7.96 0.009713248
7.98 0.0003347668
8 -0.01190895
8.02 -0.00206469
8.04 0.02776963
8.06 0.04749298
8.08 0.03340954
8.1 0.003231134
8.12 -0.01604753
8.14 -0.02729703
8.16 -0.02332701
8.18 -0.009571106
8.2 0.02454516
8.22 0.02922663
8.24 -0.006207616
8.26 -0.03639655
8.28 -0.0365638
8.3 -0.02957373
8.32 -0.02802211
8.34 -0.03205792
8.36 -0.04636839
8.38 -0.05061264
8.4 -0.03514347
8.42 0.003415709
8.44 0.03834073
8.46 0.04372585
8.48 0.02886887
8.5 -0.003349814
8.52 -0.01459542
8.54 -0.004313929
8.56 0.01856465
8.58 0.0368046
8.6 0.01074706
8.62 -0.02426466
8.64 -0.03083288
8.66 0.003601162
8.68 0.04027419
8.7 0.05750336
8.72 0.04785751
8.74 0.01928736
8.76 -0.01090071
8.78 -0.007560647
8.8 0.009458033
8.82 -0.002522963
8.84 -0.001232822
8.86 -0.006476703
8.88 -0.02369751
8.9 -0.03609194
8.92 -0.02621888
8.94 -0.004636918
8.96 0.004584816
8.98 8.948457e-06
9 -0.008752029
9.02 -0.01802823
9.04 -0.01944843
9.06 -0.01969865
9.08 -0.01371582
9.1 0.00754581
9.12 0.01040365
9.14 0.007066922
9.16 -0.0003069277
9.18 -0.01145291
9.2 -0.01253868
9.22 -0.01055728
9.24 -0.001513437
9.26 0.004788812
9.28 -0.002150644
9.3 -0.006966579
9.32 -0.007004902
9.34 0.006706359
9.36 0.02999969
9.38 0.02703421
9.4 0.02824756
9.42 0.02111643
9.44 0.0006934448
9.46 -0.0009229348
9.48 -0.001087738
9.5 0.006767783
9.52 -0.0161397
9.54 -0.03864078
9.56 -0.04221153
9.58 -0.04727893
9.6 -0.04132404
9.62 -0.02574721
9.64 0.002243858
9.66 0.006540653
9.68 0.00939478
9.7 0.03007267
9.72 0.02860635
9.74 0.02624246
9.76 0.009182367
9.78 -0.005600347
9.8 -0.0183164
9.82 -0.03767705
9.84 -0.03225895
9.86 -0.01937935
9.88 0.005026136
9.9 0.03087237
9.92 0.04659104
9.94 0.02883321
9.96 0.007820302
9.98 0.01314781
10 0.01438638
10.02 -0.0004135774
10.04 -0.02992109
10.06 -0.03370155
10.08 -0.02789365
10.1 -0.03122286
10.12 -0.03836294
10.14 -0.04139873
10.16 -0.02549824
10.18 -0.005184872
10.2 0.006250364
10.22 0.01241445
10.24 0.0211161
10.26 0.03310407
10.28 0.0157876
10.3 -0.01401693
10.32 -0.03192524
10.34 -0.007175183
10.36 0.02853292
10.38 0.01848596
10.4 0.007969644
10.42 -0.004057399
10.44 0.01369649
10.46 0.0209915
10.48 0.002213182
10.5 -0.0004166504
10.52 -0.002223226
10.54 -0.009011604
10.56 -0.0109825
10.58 -0.007620813
10.6 -0.009718186
10.62 -0.01267037
10.64 -0.004326096
10.66 0.004913837
10.68 0.008889517
10.7 0.008669981
10.72 0.01189696
10.74 0.0113265
10.76 0.00169535
10.78 0.002170326
10.8 -0.007027327
10.82 -0.01181867
10.84 -0.02250663
10.86 -0.02036831
10.88 0.001956988
10.9 0.014162
10.92 0.02689223
10.94 0.026793
10.96 0.01890392
10.98 0.01304868
11 0.01457412
11.02 0.02295303
11.04 0.01837902
11.06 0.008562025
11.08 -0.0008182682
11.1 -0.01354331
11.12 -0.03004126
11.14 -0.043254
11.16 -0.04050987
11.18 -0.03164476
11.2 -0.01642699
11.22 -0.002022965
11.24 0.004987969
11.26 0.005428154
11.28 -0.003428064
11.3 -0.002457658
11.32 0.003743333
11.34 0.008197127
11.36 0.01201446
11.38 0.002085247
11.4 -0.01929254
11.42 -0.02584698
11.44 0.002191941
11.46 0.03030163
11.48 0.03766363
11.5 0.01795071
11.52 -0.005883342
11.54 -0.008356641
11.56 -0.001023561
11.58 -0.001649499
11.6 -0.00911257
11.62 0.002359625
11.64 0.009440837
11.66 0.001589212
11.68 -0.001519515
11.7 0.00766482
11.72 0.01439715
11.74 0.006322139
11.76 0.007293407
11.78 0.01170318
11.8 -5.605327e-05
11.82 -0.007742635
11.84 -0.002006963
11.86 -0.003350027
11.88 -0.008315148
11.9 -0.01416365
11.92 -0.01650033
11.94 -0.01056478
11.96 -0.002348498
11.98 0.0004057476
12 -0.0002743813
12.02 -0.003464769
12.04 0.0005664276
12.06 0.0003340833
12.08 0.001841771
12.1 0.009270671
12.12 -0.0004598457
12.14 -0.009844794
12.16 -0.01999167
12.18 -0.01757927
12.2 -0.008917348
12.22 -0.002360612
12.24 -0.00626911
12.26 -0.007011578
12.28 -0.001500431
12.3 -0.002316291
12.32 -0.003656541
12.34 0.006703672
12.36 0.0194997
12.38 0.01801075
12.4 0.01296186
12.42 0.01323118
12.44 0.02550393
12.46 0.02381718
12.48 0.009217074
12.5 -0.003002543
12.52 -0.01033937
12.54 -0.009385722
12.56 -0.003763468
12.58 0.00166914
12.6 -0.00196299
12.62 -0.001170467
12.64 0.01187031
12.66 0.01260997
12.68 0.007865094
12.7 -0.003688348
12.72 -0.01746649
12.74 -0.02377529
12.76 -0.02519524
12.78 -0.01913355
12.8 -0.0009755514
12.82 0.01206841
12.84 0.01445011
12.86 0.01902799
12.88 0.01715937
12.9 0.02316517
12.92 0.02760734
12.94 0.02485146
12.96 0.01268501
12.98 -0.004979398
13 -0.01693791
13.02 -0.01710226
13.04 -0.007569391
13.06 8.673274e-05
13.08 0.009553386
13.1 0.006416991
13.12 0.007884777
13.14 0.004691204
13.16 -0.006017761
13.18 -0.01085261
13.2 -0.01534679
13.22 -0.01240414
13.24 -0.01109552
13.26 -0.009650241
13.28 -0.001634169
13.3 0.009355334
13.32 0.02105978
13.34 0.03310512
13.36 0.03229333
13.38 0.02810019
13.4 0.01745457
13.42 0.005534817
13.44 0.00252475
13.46 3.383765e-05
13.48 0.00568255
13.5 0.01132929
13.52 0.01092134
13.54 0.007309525
13.56 0.00526342
13.58 0.002919446
13.6 0.0007896794
13.62 0.002977566
13.64 -0.002055012
13.66 -0.0131741
13.68 -0.01480108
13.7 -0.01263875
13.72 -0.003219139
13.74 0.007461369
13.76 0.009774881
13.78 -0.005299645
13.8 -0.01516617
13.82 -0.01019889
13.84 -0.0005905071
13.86 0.005225629
13.88 0.001588419
13.9 -0.004471335
13.92 -0.02038639
13.94 -0.02057116
13.96 -0.0112953
13.98 -0.008593297
14 -0.006404313
14.02 -0.01193878
14.04 -0.01183991
14.06 -0.00709794
14.08 -0.004549948
14.1 -0.005151626
14.12 -0.01504054
14.14 -0.006530736
14.16 0.01066546
14.18 0.01828402
14.2 0.01186023
14.22 0.002083587
14.24 0.002201934
14.26 -0.0004377584
14.28 -0.003373273
14.3 -0.004045424
14.32 0.0001743695
14.34 -0.0040014
14.36 -0.005414114
14.38 -0.000837298
14.4 0.001752552
14.42 0.002163724
14.44 0.002819626
14.46 0.006809987
14.48 0.007741331
14.5 0.01040671
14.52 0.01308736
14.54 0.0147563
14.56 0.007262529
14.58 0.001661756
14.6 0.002556364
14.62 0.006824187
14.64 0.001949775
14.66 -0.0003380394
14.68 0.00671127
14.7 0.01150553
14.72 0.005538751
14.74 0.002973528
14.76 0.0005624481
14.78 -0.007760705
14.8 0.001654983
14.82 0.007813948
14.84 0.01025705
14.86 0.008798663
14.88 0.009281279
14.9 0.01035961
14.92 0.008414655
14.94 0.0147062
14.96 0.01739628
14.98 0.01044319
15 0.003969509
15.02 -0.002628703
15.04 -0.007044103
15.06 -0.01000296
15.08 -0.006871403
15.1 -0.0005206315
15.12 -0.003068301
15.14 -0.006899216
15.16 -0.0073172
15.18 -0.006481597
15.2 -0.003677388
15.22 -7.749644e-05
15.24 -0.002225297
15.26 -0.007960494
15.28 -0.01067964
15.3 -0.003770963
15.32 0.004844248
15.34 0.007945498
15.36 0.006335277
15.38 -0.001947871
15.4 -0.006852769
15.42 0.001143291
15.44 0.007498246
15.46 0.006183823
15.48 0.00498973
15.5 0.01117537
15.52 0.01201834
15.54 -0.0001039971
15.56 -0.009821193
15.58 -0.006442687
15.6 0.004163644
15.62 0.003670386
15.64 0.002382514
15.66 0.004703433
15.68 0.006869328
15.7 0.004957242
15.72 -7.195661e-05
15.74 0.003086352
15.76 0.005297184
15.78 -0.001191609
15.8 -0.004664256
15.82 -0.007293399
15.84 -0.01096397
15.86 -0.01033727
15.88 -0.003030607
15.9 0.005428783
15.92 0.00430325
15.94 0.003137876
15.96 0.002722243
15.98 0.0008673682
16 -0.0001154074
16.02 0.002868589
16.04 0.006213724
16.06 0.002911523
16.08 -0.00354249
16.1 -0.004217236
16.12 0.003374114
16.14 0.01182545
16.16 0.01075412
16.18 0.0002068991
16.2 -0.01244867
16.22 -0.01586723
16.24 -0.0160972
16.26 -0.01070289
16.28 -0.002892123
16.3 -0.003489186
16.32 -0.007392077
16.34 -0.01272097
16.36 -0.01292234
16.38 -0.007693235
16.4 0.002104538
16.42 0.002858041
16.44 0.0002281722
16.46 -0.004105138
16.48 -0.005848707
16.5 -0.001630342
16.52 0.006534446
16.54 0.01078153
16.56 0.007917214
16.58 -0.004388298
16.6 -0.02044346
16.62 -0.01815105
16.64 -0.009191668
16.66 -0.004251976
16.68 -0.005981112
16.7 -0.00831614
16.72 -0.00926602
16.74 -0.01209474
16.76 -0.005580302
16.78 0.001982832
16.8 0.002473265
16.82 0.001452048
16.84 0.005361494
16.86 0.01011254
16.88 0.008964902
16.9 0.005565081
16.92 0.003503501
16.94 0.002933182
16.96 0.001258208
16.98 0.00202816
17 -0.000284261
17.02 -0.006632884
17.04 -0.01033667
17.06 -0.005960016
17.08 -0.0002603521
17.1 0.002685377
17.12 0.0005800733
17.14 -0.004686268
17.16 -0.01004033
17.18 -0.01231814
17.2 -0.005818826
17.22 -0.0009432445
17.24 0.002031061
17.26 0.002168796
17.28 -0.00162762
17.3 -0.009728479
17.32 -0.0139534
17.34 -0.006719637
17.36 0.001949355
17.38 0.005516387
17.4 0.002674737
17.42 -0.0006688025
17.44 -0.001049256
17.46 0.001129508
17.48 0.003472529
17.5 0.002364899
17.52 0.003549202
17.54 0.001470547
17.56 -0.0004306755
17.58 0.0004313213
17.6 -0.0006528233
17.62 -0.001209618
17.64 -0.004476565
17.66 -0.003692093
17.68 -0.002406779
17.7 0.0001433492
17.72 0.0009809482
17.74 -0.0008650979
17.76 0.003103843
17.78 0.008729337
17.8 0.01371126
17.82 0.01042004
17.84 0.001560535
17.86 -0.0004211896
17.88 0.001879117
17.9 0.002791261
17.92 -0.001681179
17.94 -0.004584923
17.96 -0.008206712
17.98 -0.007171228
18 -0.001789462
18.02 0.0006996136
18.04 0.003030615
18.06 0.0001065767
18.08 -0.001200798
18.1 -0.0003049522
18.12 -0.001949887
18.14 -0.004568944
18.16 -0.004110672
18.18 -0.0006984288
18.2 -0.004969839
18.22 -0.004865519
18.24 -0.001460401
18.26 -0.0009816366
18.28 -0.002792774
18.3 -0.004451968
18.32 -0.006115218
18.34 -0.007521446
18.36 -0.005574904
18.38 -0.005017602
18.4 -0.0002262407
18.42 -0.003112349
18.44 -0.009854141
18.46 -0.01168878
18.48 -0.008455009
18.5 -0.006301319
18.52 -0.007867596
18.54 -0.006501398
18.56 -0.007665766
18.58 -0.01081811
18.6 -0.006755039
18.62 -0.0009680607
18.64 -0.0007410871
18.66 -0.006177146
18.68 -0.01113901
18.7 -0.01065204
18.72 -0.008421891
18.74 -0.003379509
18.76 0.001759781
18.78 0.002380538
18.8 0.00143655
18.82 0.0005527366
18.84 0.004113026
18.86 0.006769756
18.88 0.00413568
18.9 0.003340649
18.92 0.003057612
18.94 0.008621258
18.96 0.01088526
18.98 0.009371168
19 0.009421778
19.02 0.006381824
19.04 0.002948078
19.06 0.001799097
19.08 0.003543904
19.1 0.002593895
19.12 0.004467206
19.14 0.008053178
19.16 0.007588761
19.18 0.004839515
19.2 0.006881154
19.22 0.008679042
19.24 0.008430839
19.26 0.007980682
19.28 0.007692705
19.3 0.007531214
19.32 0.005633703
19.34 0.003470985
19.36 -0.0005410095
19.38 -0.001607291
19.4 0.00124836
19.42 0.004457991
19.44 0.008197023
19.46 0.008901604
19.48 0.003242405
19.5 -0.0004992957
19.52 -0.0006097849
19.54 0.003592305
19.56 0.006817302
19.58 0.00484336
19.6 0.004146413
19.62 0.006325873
19.64 0.008469684
19.66 0.007486191
19.68 0.006820928
19.7 0.004960229
19.72 -0.001905573
19.74 -0.008605255
19.76 -0.01051503
19.78 -0.006044686
19.8 0.001485755
19.82 0.002459715
19.84 4.371485e-06
19.86 0.001089413
19.88 0.006319759
19.9 0.007602769
19.92 0.00417338
19.94 0.0004552714
19.96 -0.002664107
19.98 -0.00346711
20 -0.0006949851
20.02 0.003040095
20.04 0.0028941
20.06 0.001011016
20.08 0.0007589143
20.1 -0.001322025
20.12 -0.006554828
20.14 -0.004978172
20.16 -0.001529725
20.18 -0.001145318
20.2 -0.004345213
20.22 -0.003503921
20.24 -0.00100306
20.26 0.001450901
20.28 0.002683978
20.3 0.001102858
20.32 0.002266537
20.34 0.002347
20.36 0.001408486
20.38 -0.0005633074
20.4 -0.003373528
20.42 -0.005272953
20.44 -0.003686008
20.46 -0.002322421
20.48 -0.004242191
20.5 -0.005960997
20.52 -0.005081909
20.54 0.002548594
20.56 0.007777004
20.58 0.003975367
20.6 -0.001489909
20.62 -0.002850727
20.64 -0.002576474
20.66 -0.003266115
20.68 0.0001752209
20.7 0.006062569
20.72 0.00531483
20.74 0.0002004336
20.76 0.0007439573
20.78 0.004117003
20.8 0.004049599
20.82 0.001449499
20.84 -0.0002611343
20.86 -0.00311318
20.88 -0.004056799
20.9 -0.002838019
20.92 -0.0009215475
20.94 0.0003962001
20.96 -0.004708982
20.98 -0.007895604
21 -0.005878162
21.02 -0.005042905
21.04 -0.00344366
21.06 -0.003684481
21.08 -0.003787617
21.1 -0.003912179
21.12 -0.004575302
21.14 -0.001815275
21.16 -0.0009647082
21.18 -0.003510738
21.2 -0.003848509
21.22 0.00278953
21.24 0.008444312
21.26 0.007076433
21.28 0.002563841
21.3 -0.000304542
21.32 0.002296302
21.34 0.007800122
21.36 0.009824746
21.38 0.006745274
21.4 0.0002885676
21.42 -0.002423792
21.44 0.002209914
21.46 0.005076011
21.48 0.001056089
21.5 -0.002377386
21.52 -0.002763114
21.54 0.0004731956
21.56 0.002038757
21.58 0.004146972
21.6 0.00449978
21.62 0.002887001
21.64 0.003124548
21.66 -0.001810361
21.68 -0.003229353
21.7 -0.004500445
21.72 -0.003902913
21.74 -0.002781087
21.76 -0.002682326
21.78 0.001096619
21.8 0.002515268
21.82 0.003621816
21.84 0.0008258357
21.86 -0.003229879
21.88 -0.003621764
21.9 -0.001340225
21.92 0.002152064
21.94 0.002507871
21.96 -0.002294483
21.98 -0.001362445
22 0.004483987
22.02 0.00506215
22.04 0.002312036
22.06 0.0002401841
22.08 0.003510072
22.1 0.003752622
22.12 0.001911308
22.14 -0.0006236298
22.16 -0.002423158
22.18 -0.002846719
22.2 -0.0008345305
22.22 0.001694831
22.24 0.001032604
22.26 0.001567835
22.28 0.0005904262
22.3 -0.000995955
22.32 -0.0008014248
22.34 0.001196479
22.36 -0.001681192
22.38 -0.004278452
22.4 -0.004179824
22.42 -0.002935721
22.44 -0.0007114083
22.46 -0.001270675
22.48 -0.003266108
22.5 -0.003902928
22.52 -0.002595632
22.54 -0.002233871
22.56 -0.003173639
22.58 -0.003570766
22.6 -0.004426911
22.62 -0.002877911
22.64 -0.0009769859
22.66 -0.002409428
22.68 -0.00394084
22.7 -0.003726033
22.72 -0.004386366
22.74 -0.005922887
22.76 -0.00405366
22.78 -0.002121159
22.8 -0.004260516
22.82 -0.005461513
22.84 -0.002815082
22.86 -0.0009774751
22.88 0.002062691
22.9 0.004749966
22.92 0.003629584
22.94 -0.0003478628
22.96 -0.001226582
22.98 -0.001494309
23 -0.001114351
23.02 -0.0009363531
23.04 -0.003061527
23.06 -0.003658746
23.08 -0.002342474
23.1 -0.001454584
23.12 0.0002849656
23.14 0.004935622
23.16 0.008782513
23.18 0.008121037
23.2 0.008548864
23.22 0.007222286
23.24 0.003976075
23.26 0.0006135593
23.28 -0.001542325
23.3 -0.001028865
23.32 -0.00283798
23.34 0.0006365138
23.36 0.003177723
23.38 0.004878428
23.4 0.005160317
23.42 0.006285737
23.44 0.007168409
23.46 0.004035304
23.48 0.002820825
23.5 0.0005455208
23.52 -0.0007597716
23.54 -0.003594066
23.56 -0.004026288
23.58 -0.001838134
23.6 0.0001776486
23.62 0.001085722
23.64 0.0002220389
23.66 0.0002141211
23.68 -0.0008658287
23.7 -0.0003148089
23.72 0.0005972874
23.74 0.0002792528
23.76 -0.001285227
23.78 -0.001218754
23.8 -0.001310376
23.82 -0.002524034
23.84 -0.00337559
23.86 -0.006299799
23.88 -0.006222175
23.9 -0.004394234
23.92 -0.002301108
23.94 0.002008501
23.96 0.001811759
23.98 -0.0004698953
24 -0.00349924
24.02 -0.003210544
24.04 0.001301953
24.06 0.004676168
24.08 0.005194378
24.1 0.002201722
24.12 0.0007196619
24.14 -0.00038909
24.16 -0.0005186817
24.18 0.001900711
24.2 0.004230353
24.22 0.003723393
24.24 0.003012379
24.26 0.005827506
24.28 0.006702629
24.3 0.003749671
24.32 -0.0006476565
24.34 -0.003403854
24.36 -0.00391706
24.38 -0.004044729
24.4 -0.003091205
24.42 -0.001419605
24.44 0.00136175
24.46 0.001672684
24.48 0.002001927
24.5 0.004840372
24.52 0.006493584
24.54 0.00700746
24.56 0.004381776
24.58 -0.000323762
24.6 -0.001377704
24.62 -0.001745207
24.64 -0.002260602
24.66 -0.004209111
24.68 -0.005320243
24.7 -0.002721637
24.72 -0.0007452283
24.74 0.0003886623
24.76 0.0008768665
24.78 0.002415674
24.8 0.003118072
24.82 0.002298604
24.84 0.003435502
24.86 0.001873478
24.88 -0.0005515156
24.9 0.0004190613
24.92 -0.0003208859
24.94 -0.001140434
24.96 -0.002488344
24.98 -0.002310351
25 -0.001330656
25.02 -0.0001847078
25.04 -0.0010502
25.06 -0.0002582258
25.08 0.001227359
25.1 0.0004679031
25.12 -0.0006812078
25.14 -0.001346863
25.16 0.0005201456
25.18 0.0005674821
25.2 -0.0009264179
25.22 -0.0027947
25.24 -0.003910236
25.26 -0.004770808
25.28 -0.002703979
25.3 -0.002207909
25.32 -0.003849805
25.34 -0.003599626
25.36 -0.003119966
25.38 -0.002063999
25.4 -0.001811797
25.42 -0.0021512
25.44 -0.002360074
25.46 -0.003004493
25.48 -0.002825831
25.5 0.0001558135
25.52 0.002072596
25.54 0.002786795
25.56 0.002265758
25.58 0.0007236708
25.6 0.001062425
25.62 0.001424638
25.64 0.002729327
25.66 0.001974637
25.68 -0.0003110969
25.7 -0.001413653
25.72 -0.001198384
25.74 -0.001206506
25.76 -0.002157128
25.78 -0.001328867
25.8 -0.0004118955
25.82 0.003562026
25.84 0.006374159
25.86 0.006302748
25.88 0.004318828
25.9 0.002861216
25.92 0.001714677
25.94 0.0006435843
25.96 0.0003211772
25.98 -0.001411915
26 -0.001479365
26.02 -0.001094954
26.04 0.001533426
26.06 0.00542665
26.08 0.006268007
26.1 0.006732953
26.12 0.006109577
26.14 0.00460592
26.16 0.00277993
26.18 0.001988181
26.2 0.0005926211
26.22 -0.00278895
26.24 -0.002989151
26.26 -0.0002904912
26.28 0.0005446122
26.3 0.0001689579
26.32 0.0009826195
26.34 0.00137706
26.36 0.002758836
26.38 0.004824025
26.4 0.005972235
26.42 0.001328851
26.44 -0.001106255
26.46 -0.00250607
26.48 -0.004122149
26.5 -0.001272675
26.52 -0.0009874675
26.54 -0.00123371
26.56 -0.001944057
26.58 -0.001072404
26.6 -0.0009820557
26.62 -0.003491723
26.64 -0.002601758
26.66 -0.0006754518
26.68 0.0006500558
26.7 0.002426416
26.72 0.003164413
26.74 0.0007454954
26.76 -0.0001913943
26.78 0.0009739361
26.8 0.0001757779
26.82 -0.001822966
26.84 -0.0024386
26.86 -0.002001606
26.88 -0.002072563
26.9 -0.001116387
26.92 -0.001536192
26.94 -0.003462561
26.96 -0.004525009
26.98 -0.005904682
27 -0.004403916
27.02 0.0004394287
27.04 0.002758284
27.06 0.001201129
27.08 -3.781191e-05
27.1 0.0001002391
27.12 0.0001515681
27.14 0.0003915937
27.16 0.0002735879
27.18 0.0017417
27.2 0.0008821718
27.22 0.0001001317
27.24 -0.002724961
27.26 -0.003429535
27.28 -0.0005120532
27.3 -0.001027879
27.32 -0.001721209
27.34 -0.001279292
27.36 -0.0001315497
27.38 0.002019881
27.4 0.002004849
27.42 0.0005944322
27.44 0.0005008322
27.46 -0.0005821904
27.48 7.898359e-05
27.5 0.0002301658
27.52 0.0002099735
27.54 0.00014592
27.56 0.0006336827
27.58 0.001331566
27.6 0.002383384
27.62 0.003669803
27.64 0.003549655
27.66 0.0002695129
27.68 -0.000192398
27.7 0.0003096215
27.72 0.0002516539
27.74 0.0006710489
27.76 0.000277506
27.78 -0.001122802
27.8 -0.001521495
27.82 -0.0003901726
27.84 0.000288284
27.86 0.001356392
27.88 0.0002335411
27.9 -0.0004803181
27.92 0.000538788
27.94 0.003167477
27.96 0.002367978
27.98 0.0008840385
28 -0.0006580467
28.02 -0.001241366
28.04 -0.0004221785
28.06 -0.000221113
28.08 0.0004746728
28.1 0.0005594841
28.12 5.790105e-06
28.14 -0.001369037
28.16 -0.001279138
28.18 -0.001809397
28.2 -0.0008198747
28.22 0.001268222
28.24 0.0008869064
28.26 -0.0009469042
28.28 -0.0007539776
28.3 -0.001241388
28.32 -0.001686989
28.34 -0.001338005
28.36 -0.0004453455
28.38 -6.557448e-06
28.4 -0.001166114
28.42 -0.001759592
28.44 -0.0009842281
28.46 -0.0004791325
28.48 -0.001146021
28.5 -0.001079525
28.52 -0.001450621
28.54 -1.528642e-05
28.56 0.0003857721
28.58 0.001377434
28.6 -0.0001645623
28.62 -0.001468925
28.64 -0.001024991
28.66 -0.001106347
28.68 -0.001211157
28.7 -0.001637284
28.72 -0.001745151
28.74 -0.001623511
28.76 0.0002484726
28.78 -0.0002234787
28.8 -0.001464824
28.82 -0.002406332
28.84 -0.001225796
28.86 0.001078392
28.88 0.001325025
28.9 -0.0005832723
28.92 -0.002720105
28.94 -0.002489189
28.96 -0.002231712
28.98 0.000292223
29 0.0009607876
29.02 -0.001173853
29.04 -0.002856144
29.06 -0.004034202
29.08 -0.004537248
29.1 -0.003688002
29.12 -0.001085239
29.14 -0.000802375
29.16 -0.0007532236
29.18 -0.0004959692
29.2 -0.0008277421
29.22 0.001195794
29.24 0.002550072
29.26 0.002364148
29.28 0.002091348
29.3 6.97751e-05
29.32 -0.0003776655
29.34 0.0001009013
29.36 0.0002873044
29.38 0.001373047
29.4 0.0009300491
29.42 0.0003126129
29.44 0.001184073
29.46 0.0002366973
29.48 -0.0006508137
29.5 0.0001577158
29.52 0.0008093448
29.54 0.0006374157
29.56 -6.380289e-06
29.58 -9.474199e-05
29.6 0.0003122562
29.62 0.001215035
29.64 0.002334307
29.66 0.002671964
29.68 0.001685856
29.7 0.000587447
29.72 -0.001000241
29.74 -0.001255789
29.76 -0.0001803491
29.78 0.0005249797
29.8 0.0006593633
29.82 -0.0004645034
29.84 -0.001033257
29.86 1.471361e-05
29.88 0.001572099
29.9 0.002207417
29.92 0.001928899
29.94 0.002314204
29.96 0.001755786
29.98 0.00120499
30 0.0008908627
30.02 5.744887e-05
30.04 -1.804136e-05
30.06 -0.0004528818
30.08 -0.0004346989
30.1 2.104675e-06
30.12 0.0004711815
30.14 0.0007393139
30.16 0.0005712187
30.18 0.0003762548
30.2 0.0004820051
30.22 0.0006946265
30.24 0.0009189357
30.26 0.0007045633
30.28 -3.987448e-07
30.3 -0.0003704382
30.32 -0.0007352748
30.34 -0.0006570185
30.36 -0.000418531
30.38 -0.0007491091
30.4 -0.0009764594
30.42 -0.001210715
30.44 -0.0009132748
30.46 -0.0004858071
30.48 -0.000267424
30.5 -0.000115056
30.52 -0.0003296501
30.54 -0.0005964364
30.56 -0.0005286521
30.58 -0.0005299528
30.6 -0.0002473061
30.62 2.097154e-05
30.64 -6.697554e-05
30.66 -8.920178e-05
30.68 8.436193e-06
30.7 -0.0001341491
30.72 -0.0001977166
30.74 3.184979e-05
30.76 6.144087e-05
30.78 -1.106008e-05
30.8 -7.60549e-05
30.82 -2.822477e-05
30.84 7.464696e-05
30.86 -5.029725e-05
30.88 -0.0001732262
30.9 -9.737831e-05
30.92 1.482032e-05
30.94 0.0001399209
30.96 0.0001025577
30.98 -4.335926e-05
31 -6.176877e-05
31.02 2.967798e-05
31.04 9.764437e-05
31.06 8.406625e-05
31.08 8.248344e-05
31.1 0.0001072214
31.12 0.0001086644
31.14 0.0001767091
31.16 0.000194421
31.18 0.0001856908
31.2 0.0001956063
31.22 0.0001969229
31.24 0.0001996428
31.26 0.0002074791
31.28 0.000222582
31.3 0.000218976
31.32 0.0001944064
31.34 0.0001918172
31.36 0.0002022341
31.38 0.0002064834
31.4 0.0002108933
31.42 0.0002068169
31.44 0.0002095138
31.46 0.0002073049
31.48 0.0002006672
31.5 0.0001975105
31.52 0.0001890001
31.54 0.0001803943
31.56 0.0001775106
31.58 0.000172763
31.6 0.0001650046
31.62 0.0001557898
31.64 0.0001464442
31.66 0.000138056
31.68 0.000130213
31.7 0.0001222113
31.72 0.0001122842
31.74 0.0001019762
31.76 9.125841e-05
31.78 8.010423e-05
31.8 6.883053e-05
31.82 5.740948e-05
31.84 4.591009e-05
31.86 3.41881e-05
31.88 2.229161e-05
31.9 1.023957e-05
31.92 -1.960452e-06
31.94 -1.430748e-05
31.96 -2.680168e-05
31.98 -3.943859e-05
