0 0.002332714
0.02 0.004158589
0.04 0.004727815
0.06 0.003917996
0.08 0.003659982
0.1 0.002132052
0.12 0.0001655218
0.14 -0.0004607562
0.16 -0.0001506692
0.18 -0.0009177178
0.2 -0.002136625
0.22 -0.004057325
0.24 -0.005504746
0.26 -0.005166168
0.28 -0.002607059
0.3 -0.0005803789
0.32 -0.000309131
0.34 1.820629e-05
0.36 0.001894902
0.38 0.004414219
0.4 0.004199914
0.42 0.003972333
0.44 0.003432632
0.46 0.002181979
0.48 0.001972735
0.5 0.002094978
0.52 -0.000440893
0.54 -0.001309099
0.56 -0.002590392
0.58 -0.004237901
0.6 -0.003878042
0.62 -0.004086359
0.64 -0.003261402
0.66 -0.002243648
0.68 -0.0003201709
0.7 0.0005955576
0.72 0.0006259089
0.74 0.000389012
0.76 0.0007090265
0.78 -0.0001296804
0.8 0.0003280127
0.82 0.001707788
0.84 0.001778891
0.86 0.0017276
0.88 8.713211e-05
0.9 -0.0002752953
0.92 -0.0009937101
0.94 -8.319429e-05
0.96 0.002009511
0.98 0.001808228
1 0.001059202
1.02 -0.0004650462
1.04 5.375841e-05
1.06 -5.269883e-05
1.08 -0.0007548406
1.1 -0.0008602981
1.12 -0.0009218873
1.14 -0.002210545
1.16 -0.004392745
1.18 -0.004820568
1.2 -0.004101914
1.22 -0.002694756
1.24 -0.001719063
1.26 -0.001041214
1.28 0.0001680461
1.3 0.001213092
1.32 0.002327483
1.34 0.002075078
1.36 0.002223514
1.38 0.003432748
1.4 0.004838838
1.42 0.004080504
1.44 0.0007670479
1.46 -0.0007165609
1.48 -0.002708112
1.5 -0.002839211
1.52 -0.00282749
1.54 -0.005282155
1.56 -0.005614228
1.58 -0.003372839
1.6 -0.001237522
1.62 0.001772974
1.64 0.001850962
1.66 0.0002438969
1.68 -0.0001748825
1.7 -0.0007527887
1.72 -0.0006136471
1.74 -0.000824363
1.76 -0.0005291809
1.78 0.001288866
1.8 0.003472076
1.82 0.003994739
1.84 0.004657129
1.86 0.003407015
1.88 0.00209977
1.9 0.001338217
1.92 -0.000381127
1.94 -0.0005215252
1.96 -0.001010761
1.98 -0.0006054726
2 -0.0007856552
2.02 -0.002473411
2.04 -0.002654635
2.06 -0.001329323
2.08 6.332052e-05
2.1 -0.0002963944
2.12 -0.001389501
2.14 -0.001917548
2.16 -0.002496595
2.18 -0.00224844
2.2 -0.001767714
2.22 -0.002535481
2.24 -0.001218377
2.26 -0.0001011686
2.28 -0.0005456007
2.3 -0.000811539
2.32 0.0005055429
2.34 0.002065404
2.36 0.00365789
2.38 0.005228985
2.4 0.005354735
2.42 0.004679756
2.44 0.003578435
2.46 0.00187732
2.48 0.001555252
2.5 0.0002947748
2.52 -0.001687859
2.54 -0.003197265
2.56 -0.002416754
2.58 -0.0005478719
2.6 -0.0009576921
2.62 -0.002511952
2.64 -0.002481149
2.66 -0.002522757
2.68 -0.001465848
2.7 0.0007661264
2.72 -0.0001598285
2.74 0.0003064955
2.76 0.002970927
2.78 0.002947667
2.8 0.003742434
2.82 0.003741611
2.84 0.0005298161
2.86 0.0001077026
2.88 -0.0005500232
2.9 -0.001990098
2.92 -0.0006517004
2.94 0.001613884
2.96 0.002583045
2.98 0.004934307
3 0.003038321
3.02 -0.002346127
3.04 -0.003597537
3.06 -0.004226743
3.08 -0.0050671
3.1 -0.004230577
3.12 -0.004237594
3.14 -0.004340502
3.16 -0.001780215
3.18 0.002477411
3.2 0.005921072
3.22 0.006157837
3.24 0.004837074
3.26 0.002227015
3.28 -0.0009195659
3.3 -0.003168576
3.32 -0.003434707
3.34 -0.001666957
3.36 0.0001732247
3.38 -3.88266e-05
3.4 -0.001034262
3.42 1.233888e-05
3.44 0.001718882
3.46 0.002880752
3.48 0.001835361
3.5 -0.0003810209
3.52 -0.002977869
3.54 -0.002593268
3.56 -0.001580347
3.58 0.0005545753
3.6 0.002726224
3.62 0.004702045
3.64 0.003532194
3.66 0.002235839
3.68 0.001886058
3.7 -0.0001722571
3.72 -0.001462489
3.74 -0.003293358
3.76 -0.002678256
3.78 -0.002267148
3.8 -0.003696109
3.82 -0.005493353
3.84 -0.004317286
3.86 -0.002352707
3.88 0.0003839684
3.9 0.003416487
3.92 0.004706832
3.94 0.003995939
3.96 0.00139295
3.98 -0.002185192
4 -0.004009965
4.02 -0.003947721
4.04 -0.006390613
4.06 -0.006144808
4.08 -0.001350816
4.1 0.002472194
4.12 0.002057089
4.14 0.0002588417
4.16 0.0008749188
4.18 -0.000129768
4.2 -0.0001777306
4.22 0.003094435
4.24 0.005724005
4.26 0.006917423
4.28 0.007017414
4.3 0.004678571
4.32 0.004539844
4.34 0.004478651
4.36 0.00304965
4.38 -3.207277e-06
4.4 -0.003634426
4.42 -0.004024112
4.44 -0.0034305
4.46 -0.001934177
4.48 -0.002851157
4.5 -0.003357096
4.52 -0.003289814
4.54 -0.0009724154
4.56 0.001789734
4.58 0.001246057
4.6 0.002287451
4.62 0.002963716
4.64 0.002126294
4.66 0.0007288656
4.68 0.0023027
4.7 0.001914087
4.72 -0.002837087
4.74 -0.006824341
4.76 -0.006701009
4.78 -0.003700229
4.8 -0.002166181
4.82 -0.0022937
4.84 -0.001775595
4.86 0.0001052511
4.88 0.001694365
4.9 0.00396283
4.92 0.002806137
4.94 0.00149438
4.96 0.001478014
4.98 0.002500009
5 0.002348007
5.02 0.001572761
5.04 0.0008709574
5.06 0.0002333832
5.08 0.002397758
5.1 0.003936938
5.12 0.003721692
5.14 0.001086961
5.16 -0.0007052075
5.18 -0.003645926
5.2 -0.00665191
5.22 -0.009388642
5.24 -0.009852823
5.26 -0.007945506
5.28 -0.006190158
5.3 -0.005897469
5.32 -0.003498517
5.34 5.001481e-05
5.36 0.002073632
5.38 0.003303705
5.4 0.006666578
5.42 0.008499518
5.44 0.005199785
5.46 0.003191315
5.48 0.002099865
5.5 0.001721375
5.52 0.001868196
5.54 0.002956475
5.56 -0.000213731
5.58 -0.001192008
5.6 0.0009336116
5.62 0.00133747
5.64 -0.001003465
5.66 -0.003974809
5.68 -0.005515069
5.7 -0.008702655
5.72 -0.01102732
5.74 -0.01266968
5.76 -0.008014539
5.78 0.0002586633
5.8 0.007916716
5.82 0.01365116
5.84 0.0160032
5.86 0.01958743
5.88 0.02197116
5.9 0.01822576
5.92 0.008911103
5.94 0.0002858558
5.96 -0.002781358
5.98 -0.002070522
6 -0.003430208
6.02 -0.009552327
6.04 -0.01721158
6.06 -0.02101845
6.08 -0.01933357
6.1 -0.01410407
6.12 -0.008114767
6.14 -0.002568054
6.16 0.0003235477
6.18 0.003717036
6.2 0.008178429
6.22 0.009642144
6.24 0.006890125
6.26 0.004737843
6.28 0.003344429
6.3 0.004413295
6.32 0.01002829
6.34 0.01261498
6.36 0.01503841
6.38 0.01861665
6.4 0.02001201
6.42 0.01751388
6.44 0.01003935
6.46 -0.0006513792
6.48 -0.01188263
6.5 -0.01849037
6.52 -0.01992766
6.54 -0.01845801
6.56 -0.01603866
6.58 -0.01665683
6.6 -0.01822057
6.62 -0.0215571
6.64 -0.0227731
6.66 -0.0179884
6.68 -0.009842827
6.7 -0.004126806
6.72 0.00127092
6.74 0.007219532
6.76 0.01039164
6.78 0.01274885
6.8 0.01419612
6.82 0.01926136
6.84 0.02922258
6.86 0.03723377
6.88 0.03850987
6.9 0.03069663
6.92 0.01381467
6.94 -0.0009214275
6.96 -0.006447918
6.98 -0.004065362
7 -0.002189641
7.02 -0.001235014
7.04 -0.002189756
7.06 -0.005513997
7.08 -0.01431048
7.1 -0.02652002
7.12 -0.040078
7.14 -0.04581877
7.16 -0.04225008
7.18 -0.02498994
7.2 0.009533864
7.22 0.02575508
7.24 0.02989633
7.26 0.02772792
7.28 0.01756775
7.3 0.005809119
7.32 -0.004619439
7.34 -0.009573789
7.36 -0.007226932
7.38 0.001371592
7.4 0.007813869
7.42 0.00818822
7.44 0.002851564
7.46 -0.002747303
7.48 -0.006486728
7.5 -0.005483193
7.52 -0.0005668896
7.54 0.004435149
7.56 0.008078587
7.58 0.003881323
7.6 -0.006466608
7.62 -0.01661066
7.64 -0.01815622
7.66 -0.007568814
7.68 0.00920705
7.7 0.02561887
7.72 0.03079335
7.74 0.02691027
7.76 0.008847179
7.78 -0.01199768
7.8 -0.02307699
7.82 -0.02791712
7.84 -0.02655963
7.86 -0.02503377
7.88 -0.01957385
7.9 -0.01359367
7.92 -0.008806892
7.94 -0.008488691
7.96 -0.007243373
7.98 -0.006005162
8 -0.004784336
8.02 -0.00141838
8.04 0.005493004
8.06 0.01567361
8.08 0.02600615
8.1 0.03296361
8.12 0.02829107
8.14 0.01627243
8.16 0.00531245
8.18 0.000871198
8.2 0.006777864
8.22 0.01672588
8.24 0.02499501
8.26 0.02880882
8.28 0.02562041
8.3 0.0144015
8.32 -0.002315289
8.34 -0.01492267
8.36 -0.02385998
8.38 -0.02783818
8.4 -0.02749354
8.42 -0.0252415
8.44 -0.02190214
8.46 -0.01699199
8.48 -0.01057322
8.5 -0.002945686
8.52 0.004030039
8.54 0.008868935
8.56 0.009882828
8.58 0.007012547
8.6 0.0008976746
8.62 -0.008629223
8.64 -0.01782054
8.66 -0.02170992
8.68 -0.01869295
8.7 -0.01116242
8.72 0.001550706
8.74 0.01542985
8.76 0.02740769
8.78 0.03388898
8.8 0.03113717
8.82 0.01980396
8.84 0.00333714
8.86 -0.009052963
8.88 -0.01461207
8.9 -0.01542007
8.92 -0.01416248
8.94 -0.01496028
8.96 -0.01723194
8.98 -0.01424642
9 -0.003695703
9.02 0.01045169
9.04 0.02250606
9.06 0.02471036
9.08 0.01676565
9.1 0.00691243
9.12 -0.001210887
9.14 -0.007880757
9.16 -0.0130247
9.18 -0.01403159
9.2 -0.007214064
9.22 0.006361072
9.24 0.01630508
9.26 0.01459058
9.28 0.008910198
9.3 0.008359297
9.32 0.01200477
9.34 0.01166615
9.36 0.008166578
9.38 0.003943767
9.4 -0.006943627
9.42 -0.02189902
9.44 -0.03393008
9.46 -0.03335907
9.48 -0.02243506
9.5 -0.009384217
9.52 -0.002299273
9.54 -0.002578698
9.56 -0.007640959
9.58 -0.01187919
9.6 -0.01006881
9.62 -0.002080188
9.64 0.008368621
9.66 0.01558724
9.68 0.01781499
9.7 0.01059346
9.72 -0.001517979
9.74 -0.01466896
9.76 -0.01986807
9.78 -0.01731512
9.8 -0.01136464
9.82 0.001542347
9.84 0.019226
9.86 0.03301349
9.88 0.03703141
9.9 0.03323014
9.92 0.0239105
9.94 0.0121182
9.96 0.001502056
9.98 -0.006017499
10 -0.01142665
10.02 -0.01173483
10.04 -0.00627385
10.06 -0.001524761
10.08 0.001617843
10.1 0.004296352
10.12 0.005820236
10.14 0.007843932
10.16 0.005815217
10.18 0.001446529
10.2 -0.002787495
10.22 -0.005118319
10.24 -0.007994747
10.26 -0.01335178
10.28 -0.01731247
10.3 -0.01927092
10.32 -0.01838868
10.34 -0.0179205
10.36 -0.01562764
10.38 -0.008931372
10.4 -0.0003359129
10.42 0.01248245
10.44 0.02253554
10.46 0.02635654
10.48 0.02583027
10.5 0.02030798
10.52 0.01467661
10.54 0.006075966
10.56 -0.001252765
10.58 -0.002524771
10.6 0.002932187
10.62 0.006898967
10.64 0.008202537
10.66 0.008321867
10.68 0.007329432
10.7 0.006956112
10.72 0.005513882
10.74 0.0007902555
10.76 -0.008339691
10.78 -0.01919868
10.8 -0.03198744
10.82 -0.04226302
10.84 -0.0490237
10.86 -0.0481234
10.88 -0.03384973
10.9 -0.0009718861
10.92 0.02219838
10.94 0.02749849
10.96 0.02697523
10.98 0.02139589
11 0.02078281
11.02 0.02524743
11.04 0.03128991
11.06 0.03576976
11.08 0.03433469
11.1 0.02790264
11.12 0.02310562
11.14 0.02064943
11.16 0.01993751
11.18 0.01820563
11.2 0.01352495
11.22 0.003309611
11.24 -0.0127257
11.26 -0.02746176
11.28 -0.03921931
11.3 -0.046337
11.32 -0.05007537
11.34 -0.05409031
11.36 -0.05722189
11.38 -0.05548387
11.4 -0.03558203
11.42 0.0013695
11.44 0.04043547
11.46 0.05797577
11.48 0.06163879
11.5 0.05634958
11.52 0.0473778
11.54 0.0284525
11.56 -0.001287533
11.58 -0.01475989
11.6 -0.01367877
11.62 -0.0007217945
11.64 0.01467003
11.66 0.02361861
11.68 0.02709088
11.7 0.004543891
11.72 -0.03896712
11.74 -0.0613534
11.76 -0.06333443
11.78 -0.04772246
11.8 -0.03009279
11.82 -0.02649323
11.84 -0.0356273
11.86 -0.04664936
11.88 -0.05121298
11.9 -0.04618346
11.92 -0.03706384
11.94 -0.02180565
11.96 -0.007594179
11.98 0.017197
12 0.04349165
12.02 0.04735358
12.04 0.04276979
12.06 0.03522497
12.08 0.03565948
12.1 0.03737722
12.12 0.03881341
12.14 0.03835259
12.16 0.04159826
12.18 0.05001924
12.2 0.05818854
12.22 0.05966157
12.24 0.05185067
12.26 0.03166288
12.28 0.003930347
12.3 -0.0231947
12.32 -0.04711575
12.34 -0.06093998
12.36 -0.06595242
12.38 -0.06156773
12.4 -0.04780097
12.42 -0.02930736
12.44 -0.01754676
12.46 -0.01223151
12.48 -0.01020987
12.5 -0.007239565
12.52 -0.001017595
12.54 0.006879328
12.56 0.01072891
12.58 0.006139016
12.6 -0.003140862
12.62 -0.01275338
12.64 -0.01941303
12.66 -0.02246082
12.68 -0.02020778
12.7 -0.01329223
12.72 -0.005609669
12.74 0.002325972
12.76 0.01476585
12.78 0.02328214
12.8 0.02235508
12.82 0.01630232
12.84 0.009599937
12.86 0.00780572
12.88 0.009265342
12.9 0.01606465
12.92 0.02106475
12.94 0.02202261
12.96 0.02161469
12.98 0.01961342
13 0.01869042
13.02 0.01712883
13.04 0.01160066
13.06 -0.006012679
13.08 -0.0357618
13.1 -0.067779
13.12 -0.08494989
13.14 -0.09066901
13.16 -0.07908012
13.18 -0.05194112
13.2 -0.02132197
13.22 0.007493208
13.24 0.02027067
13.26 0.03431523
13.28 0.0623315
13.3 0.08831314
13.32 0.09496484
13.34 0.09302111
13.36 0.06793972
13.38 0.03239571
13.4 0.02027297
13.42 0.01633781
13.44 0.01374095
13.46 0.00527996
13.48 -0.005829787
13.5 -0.0180954
13.52 -0.02705711
13.54 -0.03418293
13.56 -0.03861798
13.58 -0.03325708
13.6 -0.01895783
13.62 0.001005669
13.64 0.01631285
13.66 0.02592957
13.68 0.02858479
13.7 0.02334213
13.72 0.00769247
13.74 -0.01059317
13.76 -0.01758536
13.78 -0.01451928
13.8 -0.00733134
13.82 -0.003265558
13.84 -0.006734444
13.86 -0.01955782
13.88 -0.03594614
13.9 -0.04770903
13.92 -0.05291835
13.94 -0.046829
13.96 -0.03437603
13.98 -0.02219925
14 -0.0133682
14.02 -0.002568368
14.04 0.01323745
14.06 0.02923549
14.08 0.03895016
14.1 0.0357586
14.12 0.01768131
14.14 0.00115625
14.16 -0.005601266
14.18 -0.009496704
14.2 -0.009515129
14.22 -0.005445379
14.24 0.0006052246
14.26 0.005364576
14.28 0.008998821
14.3 0.01259743
14.32 0.01845934
14.34 0.02750781
14.36 0.03501709
14.38 0.04271219
14.4 0.04733807
14.42 0.04372114
14.44 0.03099583
14.46 0.01702589
14.48 0.008695628
14.5 0.002914179
14.52 0.0001755208
14.54 0.0006273365
14.56 -0.001361525
14.58 -0.008438304
14.6 -0.01742642
14.62 -0.02901068
14.64 -0.03916679
14.66 -0.04852341
14.68 -0.05304623
14.7 -0.05215822
14.72 -0.03891473
14.74 -0.0149884
14.76 0.001154118
14.78 0.007725148
14.8 0.008257651
14.82 0.005785273
14.84 -0.001267974
14.86 -0.009381072
14.88 -0.01440469
14.9 -0.006036695
14.92 0.01075345
14.94 0.02319354
14.96 0.02570697
14.98 0.02112116
15 0.0152481
15.02 0.008533477
15.04 0.002751095
15.06 0.0002346801
15.08 0.002378696
15.1 0.005911973
15.12 0.0105265
15.14 0.01239724
15.16 0.009701507
15.18 0.001467073
15.2 -0.005181311
15.22 -0.004599998
15.24 0.0008702579
15.26 0.004216923
15.28 0.003070565
15.3 -0.002509837
15.32 -0.01138476
15.34 -0.02079046
15.36 -0.02910354
15.38 -0.03493678
15.4 -0.03594773
15.42 -0.0288608
15.44 -0.01304483
15.46 0.009105573
15.48 0.02438924
15.5 0.03498011
15.52 0.03888684
15.54 0.03116857
15.56 0.01364304
15.58 -0.002652514
15.6 -0.009936378
15.62 -0.01066777
15.64 -0.008489099
15.66 -0.004025593
15.68 -0.00329117
15.7 -0.005277089
15.72 -0.006652066
15.74 -0.005153717
15.76 0.001680239
15.78 0.01009119
15.8 0.01741688
15.82 0.01810959
15.84 0.01396338
15.86 0.007378273
15.88 -0.0003787557
15.9 -0.008513287
15.92 -0.01554415
15.94 -0.02125826
15.96 -0.02249256
15.98 -0.01695205
16 -0.007834305
16.02 0.001457989
16.04 0.006320352
16.06 0.006685583
16.08 0.005686005
16.1 0.004499771
16.12 0.001818225
16.14 -0.001770129
16.16 -0.004612872
16.18 -0.006911954
16.2 -0.008145169
16.22 -0.005937928
16.24 0.0009654077
16.26 0.00331146
16.28 0.003675608
16.3 0.004675258
16.32 0.003802152
16.34 0.002827032
16.36 0.003755218
16.38 0.005632044
16.4 0.006781615
16.42 0.003376898
16.44 -0.002816557
16.46 -0.003823374
16.48 0.000896098
16.5 0.009328446
16.52 0.01610229
16.54 0.02224482
16.56 0.02356689
16.58 0.01982561
16.6 0.008517062
16.62 -0.008765936
16.64 -0.0216007
16.66 -0.0253462
16.68 -0.01927837
16.7 -0.005695072
16.72 0.01151842
16.74 0.02365958
16.76 0.03014078
16.78 0.02375376
16.8 0.004186218
16.82 -0.01616592
16.84 -0.0287487
16.86 -0.03302981
16.88 -0.02827881
16.9 -0.0155676
16.92 -0.005300295
16.94 -0.001267141
16.96 -0.0008468718
16.98 -0.004617779
17 -0.004609669
17.02 -0.0009233796
17.04 0.002594578
17.06 0.007295793
17.08 0.01065469
17.1 0.0097776
17.12 0.00255911
17.14 -0.004645181
17.16 -0.008703807
17.18 -0.008739568
17.2 -0.007158612
17.22 -0.004202673
17.24 -0.0002624435
17.26 0.003035267
17.28 0.003850255
17.3 0.005017126
17.32 0.008987969
17.34 0.01161756
17.36 0.01383097
17.38 0.01582205
17.4 0.01766727
17.42 0.01651477
17.44 0.01411679
17.46 0.0142259
17.48 0.01522658
17.5 0.01368848
17.52 0.007621616
17.54 0.0006702809
17.56 -0.005128401
17.58 -0.008566914
17.6 -0.009782751
17.62 -0.01151879
17.64 -0.01403613
17.66 -0.01732669
17.68 -0.02083753
17.7 -0.0259447
17.72 -0.03032671
17.74 -0.03119184
17.76 -0.02771482
17.78 -0.01801465
17.8 -0.006539733
17.82 0.003272746
17.84 0.01105739
17.86 0.01627382
17.88 0.01746118
17.9 0.01547237
17.92 0.01378123
17.94 0.01307636
17.96 0.01083851
17.98 0.005703843
18 -0.001362698
18.02 -0.005954779
18.04 -0.008449721
18.06 -0.008204974
18.08 -0.006595445
18.1 -0.002557261
18.12 -0.001024194
18.14 -0.001005834
18.16 0.0008321933
18.18 0.002085774
18.2 0.00448379
18.22 0.005232502
18.24 0.008613809
18.26 0.01021013
18.28 0.01223484
18.3 0.01465943
18.32 0.01423619
18.34 0.01366501
18.36 0.009890081
18.38 0.001416959
18.4 -0.007018418
18.42 -0.01394529
18.44 -0.01941151
18.46 -0.02159749
18.48 -0.018711
18.5 -0.01291744
18.52 -0.00741154
18.54 -0.001482268
18.56 0.005202823
18.58 0.0096562
18.6 0.01138106
18.62 0.01008777
18.64 0.007043125
18.66 0.003384408
18.68 -0.001554398
18.7 -0.005979187
18.72 -0.009353371
18.74 -0.01112207
18.76 -0.01104971
18.78 -0.007707216
18.8 -0.004982821
18.82 -0.003412015
18.84 -0.001789236
18.86 0.001459476
18.88 0.00336891
18.9 0.007569268
18.92 0.01287633
18.94 0.0172114
18.96 0.0209518
18.98 0.02106917
19 0.0208612
19.02 0.0161632
19.04 0.008523514
19.06 -0.003624688
19.08 -0.01595749
19.1 -0.02530491
19.12 -0.03175143
19.14 -0.03212186
19.16 -0.02639576
19.18 -0.01683544
19.2 -0.005133042
19.22 0.007199893
19.24 0.01720301
19.26 0.02612
19.28 0.03103343
19.3 0.03214634
19.32 0.02676395
19.34 0.01644878
19.36 0.007914459
19.38 0.00244516
19.4 -0.00138797
19.42 -0.006748105
19.44 -0.01078427
19.46 -0.0124296
19.48 -0.01000412
19.5 -0.004574694
19.52 -0.0005548578
19.54 0.0008568586
19.56 0.0004407223
19.58 -0.0003171237
19.6 -0.001500317
19.62 -0.002667212
19.64 -0.001630917
19.66 0.0004386716
19.68 0.002063546
19.7 0.002885698
19.72 0.002200284
19.74 0.002075872
19.76 -0.000431258
19.78 -0.002614072
19.8 -0.003576964
19.82 -0.003746317
19.84 -0.002426439
19.86 0.0002826973
19.88 0.002823549
19.9 0.0005714254
19.92 -0.002261119
19.94 -0.00288333
19.96 -0.00311895
19.98 -0.002985319
20 -0.005082415
20.02 -0.006171784
20.04 -0.004738697
20.06 -0.002406972
20.08 -0.001511371
20.1 -0.003172921
20.12 -0.006744944
20.14 -0.009301114
20.16 -0.0113758
20.18 -0.0147836
20.2 -0.01704703
20.22 -0.01859645
20.24 -0.01889438
20.26 -0.01651679
20.28 -0.01122617
20.3 -0.004143283
20.32 0.003571972
20.34 0.00860679
20.36 0.01278267
20.38 0.01490135
20.4 0.01560824
20.42 0.01661507
20.44 0.01563794
20.46 0.01577789
20.48 0.01719163
20.5 0.01716599
20.52 0.01495264
20.54 0.01145606
20.56 0.006697809
20.58 0.00116937
20.6 0.0005267835
20.62 0.00217509
20.64 0.002772837
20.66 0.002904404
20.68 0.002310801
20.7 0.0004666412
20.72 -0.002949315
20.74 -0.003787774
20.76 -0.002882013
20.78 -0.0006818744
20.8 0.002316942
20.82 0.004821053
20.84 0.005478996
20.86 0.004570199
20.88 0.0001414205
20.9 -0.006079567
20.92 -0.01190374
20.94 -0.01546056
20.96 -0.01552788
20.98 -0.01355214
21 -0.008664326
21.02 -0.003734653
21.04 -0.0006766582
21.06 -0.0008867429
21.08 -0.002521767
21.1 -0.005317594
21.12 -0.008832507
21.14 -0.01133147
21.16 -0.01192308
21.18 -0.0118578
21.2 -0.01322358
21.22 -0.01479641
21.24 -0.01476074
21.26 -0.01329503
21.28 -0.009044735
21.3 -0.003165399
21.32 0.001958024
21.34 0.007010149
21.36 0.01088307
21.38 0.01483665
21.4 0.01758556
21.42 0.02145862
21.44 0.02516943
21.46 0.02600277
21.48 0.02377518
21.5 0.01961159
21.52 0.01182501
21.54 0.002937728
21.56 -0.004702031
21.58 -0.01055691
21.6 -0.0123144
21.62 -0.01091395
21.64 -0.006517787
21.66 -0.00325377
21.68 -0.0003345321
21.7 0.001857485
21.72 0.003611889
21.74 0.005735591
21.76 0.007245224
21.78 0.009323971
21.8 0.0110682
21.82 0.01141299
21.84 0.01150688
21.86 0.01105808
21.88 0.01095308
21.9 0.008400063
21.92 0.004893355
21.94 0.000547124
21.96 -0.002612788
21.98 -0.004371282
22 -0.005132145
22.02 -0.008757218
22.04 -0.01393878
22.06 -0.01835342
22.08 -0.02147362
22.1 -0.02041787
22.12 -0.02026389
22.14 -0.01549132
22.16 -0.01198354
22.18 -0.008630755
22.2 -0.007814735
22.22 -0.00873782
22.24 -0.01021988
22.26 -0.01246692
22.28 -0.01183763
22.3 -0.009879233
22.32 -0.002596505
22.34 0.004845475
22.36 0.01330533
22.38 0.01960915
22.4 0.02172877
22.42 0.02167573
22.44 0.01914517
22.46 0.01675842
22.48 0.01431966
22.5 0.0090626
22.52 0.003642377
22.54 -0.001187333
22.56 -0.004361568
22.58 -0.004752236
22.6 -0.004435017
22.62 -0.00278874
22.64 -0.0008578721
22.66 0.001001609
22.68 0.001739095
22.7 0.002014529
22.72 0.001301582
22.74 0.0003234139
22.76 -0.0006057817
22.78 -0.0006782064
22.8 0.000752862
22.82 0.002139045
22.84 0.006569929
22.86 0.01018592
22.88 0.01205972
22.9 0.01155385
22.92 0.007718741
22.94 0.002817658
22.96 -0.0007594492
22.98 -0.003681769
23 -0.005637106
23.02 -0.004889491
23.04 -0.005715661
23.06 -0.006149125
23.08 -0.007398598
23.1 -0.008997957
23.12 -0.01097777
23.14 -0.01085128
23.16 -0.009632373
23.18 -0.008422661
23.2 -0.005770659
23.22 -0.004243678
23.24 -0.000693062
23.26 0.001146045
23.28 0.002018156
23.3 0.003498209
23.32 0.004230593
23.34 0.004417307
23.36 0.004089925
23.38 0.003614624
23.4 0.001845987
23.42 -0.0001052598
23.44 -0.001186437
23.46 -0.002580771
23.48 -0.00255324
23.5 -0.000752933
23.52 0.001037187
23.54 0.001936846
23.56 0.003714727
23.58 0.00437675
23.6 0.002853929
23.62 0.001294366
23.64 -0.001072001
23.66 -0.002884558
23.68 -0.003611811
23.7 -0.003034479
23.72 -0.001338212
23.74 -0.0003406269
23.76 -0.0007190377
23.78 0.0008140412
23.8 0.0009731862
23.82 0.0006304921
23.84 0.001026272
23.86 0.001027305
23.88 0.001935123
23.9 0.002229924
23.92 0.002609384
23.94 0.001764842
23.96 0.0007326129
23.98 0.0008356382
24 0.003204096
24.02 0.004062972
24.04 0.003263331
24.06 0.001667062
24.08 -0.001962072
24.1 -0.003755236
24.12 -0.006496996
24.14 -0.005831996
24.16 -0.005240379
24.18 -0.005436207
24.2 -0.006035958
24.22 -0.006108395
24.24 -0.004184686
24.26 -0.002681201
24.28 0.0008347445
24.3 0.001794618
24.32 0.001633477
24.34 0.001343802
24.36 0.0005176266
24.38 -0.002662723
24.4 -0.004366137
24.42 -0.004174392
24.44 -0.001693774
24.46 0.0001453022
24.48 0.001707943
24.5 0.002776926
24.52 0.00262904
24.54 0.001421389
24.56 -0.0007461003
24.58 -0.001845665
24.6 -0.002318961
24.62 -0.001759002
24.64 -0.0007237245
24.66 0.001350956
24.68 0.002867677
24.7 0.006302028
24.72 0.009099901
24.74 0.01115625
24.76 0.01048513
24.78 0.007385392
24.8 0.003671575
24.82 0.002196617
24.84 0.002301671
24.86 0.003394078
24.88 0.00452019
24.9 0.002744384
24.92 -0.001081605
24.94 -0.00479548
24.96 -0.007330203
24.98 -0.009884301
25 -0.009732381
25.02 -0.006896827
25.04 -0.004305051
25.06 -0.001154283
25.08 0.001168245
25.1 0.002302498
25.12 0.00369072
25.14 0.003100149
25.16 0.002287205
25.18 0.001629294
25.2 0.0008989595
25.22 -0.0003138512
25.24 -0.001130903
25.26 -0.00108504
25.28 -0.0007678492
25.3 -0.0006628066
25.32 -0.0003843781
25.34 0.0002439241
25.36 0.0002020769
25.38 0.0003662685
25.4 0.000827275
25.42 0.0009098703
25.44 0.002123629
25.46 0.00338637
25.48 0.003997315
25.5 0.005176429
25.52 0.004558297
25.54 0.004262467
25.56 0.002882393
25.58 0.001688954
25.6 0.001366591
25.62 0.0007637183
25.64 0.0007769418
25.66 -6.052016e-05
25.68 -0.0001411447
25.7 0.001187863
25.72 0.001449964
25.74 0.001296912
25.76 0.00223322
25.78 0.00293798
25.8 0.003690698
25.82 0.004550512
25.84 0.00412311
25.86 0.001979015
25.88 0.0007437542
25.9 -0.000466032
25.92 -0.002958953
25.94 -0.005573283
25.96 -0.007540917
25.98 -0.00889252
26 -0.006920935
26.02 -0.006381422
26.04 -0.005514501
26.06 -0.004695516
26.08 -0.004543612
26.1 -0.003657291
26.12 -0.003800165
26.14 -0.003748223
26.16 -0.003917624
26.18 -0.002920136
26.2 -0.004444076
26.22 -0.005977247
26.24 -0.007075875
26.26 -0.00861716
26.28 -0.008512222
26.3 -0.006599818
26.32 -0.005391236
26.34 -0.002278279
26.36 -0.0006331231
26.38 0.0007815426
26.4 0.0003102162
26.42 -0.0007945384
26.44 -0.0006620437
26.46 -0.001110947
26.48 0.0002598077
26.5 0.001656086
26.52 0.00280041
26.54 0.003919267
26.56 0.005027898
26.58 0.005416405
26.6 0.00591916
26.62 0.00508674
26.64 0.005329376
26.66 0.005492459
26.68 0.005550482
26.7 0.004450821
26.72 0.003241985
26.74 0.00380591
26.76 0.003552813
26.78 0.004628778
26.8 0.005694548
26.82 0.006687897
26.84 0.005893204
26.86 0.0042774
26.88 0.004844383
26.9 0.002580832
26.92 0.001158813
26.94 -8.269559e-05
26.96 -0.0004990006
26.98 -0.00158037
27 -0.00254851
27.02 -0.003084196
27.04 -0.004625582
27.06 -0.005299983
27.08 -0.005593915
27.1 -0.005449263
27.12 -0.004103039
27.14 -0.003227026
27.16 -0.003515869
27.18 -0.003632354
27.2 -0.003023614
27.22 -0.00221187
27.24 -0.002446669
27.26 -0.001755308
27.28 -0.001244502
27.3 0.001020711
27.32 0.003928528
27.34 0.004167032
27.36 0.004083185
27.38 0.003735152
27.4 0.003619682
27.42 0.004007081
27.44 0.002877743
27.46 0.002164543
27.48 0.0001151541
27.5 -0.001292702
27.52 -0.001215417
27.54 -0.002183637
27.56 -0.002685734
27.58 -0.001832253
27.6 -0.0008747284
27.62 -0.0005210354
27.64 -0.0002438424
27.66 -0.0005704866
27.68 -0.001220486
27.7 -0.001566539
27.72 -0.0003295686
27.74 0.001211381
27.76 0.002273945
27.78 0.00300501
27.8 0.003687117
27.82 0.003333938
27.84 0.00259518
27.86 0.002769302
27.88 0.002225352
27.9 0.002939046
27.92 0.003011183
27.94 0.003061868
27.96 0.00292797
27.98 0.001133481
28 0.00049975
28.02 -0.0002890403
28.04 -0.0003536201
28.06 -0.001043477
28.08 -0.001519134
28.1 -0.001776522
28.12 -0.002083878
28.14 -0.002653406
28.16 -0.00312806
28.18 -0.003655742
28.2 -0.004576155
28.22 -0.005151814
28.24 -0.004472885
28.26 -0.003105428
28.28 -0.002054194
28.3 0.0004393389
28.32 0.002202551
28.34 0.002028789
28.36 -0.0004552835
28.38 -0.003219883
28.4 -0.006249696
28.42 -0.007295633
28.44 -0.006918679
28.46 -0.004916862
28.48 -0.003547434
28.5 -0.001022324
28.52 0.001359966
28.54 0.002301015
28.56 0.003249164
28.58 0.003837261
28.6 0.004845576
28.62 0.006386367
28.64 0.007308008
28.66 0.006860794
28.68 0.005360944
28.7 0.004229287
28.72 0.004286953
28.74 0.003560219
28.76 0.00357503
28.78 0.00355211
28.8 0.004117343
28.82 0.002672741
28.84 0.0005032149
28.86 -0.00296633
28.88 -0.005777849
28.9 -0.006080952
28.92 -0.006192049
28.94 -0.003892518
28.96 0.0004349493
28.98 0.002595646
29 0.004292971
29.02 0.003122135
29.04 0.0007477229
29.06 -0.0006725902
29.08 -0.002035204
29.1 -0.002120632
29.12 -0.001576507
29.14 -0.0008995682
29.16 -0.0009816131
29.18 -0.001578117
29.2 -0.003414564
29.22 -0.003298806
29.24 -0.002434902
29.26 -0.001999637
29.28 -0.0009105064
29.3 -0.001635915
29.32 -0.002337809
29.34 -0.004464944
29.36 -0.00530588
29.38 -0.00552501
29.4 -0.004808259
29.42 -0.004099154
29.44 -0.003188029
29.46 -0.001326259
29.48 -0.0004438889
29.5 0.001831926
29.52 0.00222164
29.54 0.002891564
29.56 0.00341666
29.58 0.003236419
29.6 0.002737032
29.62 0.002382384
29.64 0.002666368
29.66 0.002806857
29.68 0.002921262
29.7 0.002605529
29.72 0.002153842
29.74 0.001114719
29.76 0.0004037234
29.78 0.0004119379
29.8 -0.0002434236
29.82 -0.0001795304
29.84 6.399853e-05
29.86 0.0001932905
29.88 0.0003423007
29.9 0.001228689
29.92 0.002666808
29.94 0.002817377
29.96 0.002830115
29.98 0.002647877
30 0.002087162
30.02 0.001176952
30.04 0.0008936975
30.06 0.0006222926
30.08 0.0002990468
30.1 -0.0005115851
30.12 -0.0003986922
30.14 -0.0006794294
30.16 -0.001417236
30.18 -0.0008531166
30.2 -0.001322294
30.22 -0.001076722
30.24 -0.001003119
30.26 -0.0008095521
30.28 -0.0007463957
30.3 -0.0006722028
30.32 -0.0006612097
30.34 -0.0009238902
30.36 -0.001165693
30.38 -0.00141829
30.4 -0.001466679
30.42 -0.001271334
30.44 -0.0009297291
30.46 -0.0009353613
30.48 -0.00109178
30.5 -0.0009486877
30.52 -0.0009010387
30.54 -0.0007358738
30.56 -0.0005532345
30.58 -0.0003741301
30.6 -0.0001635568
30.62 -2.548395e-05
30.64 0.0002858192
30.66 0.0003468788
30.68 0.0004912465
30.7 0.0004952066
30.72 0.0005547493
30.74 0.0005482682
30.76 0.0006213029
30.78 0.0006454319
30.8 0.000624476
30.82 0.0007064378
30.84 0.0006833151
30.86 0.0007300315
30.88 0.0007452807
30.9 0.0007232168
30.92 0.0007258141
30.94 0.0007370073
30.96 0.0006499412
30.98 0.0005056062
31 0.0003287443
31.02 0.0001109217
31.04 -8.628287e-06
31.06 -8.698716e-05
31.08 -9.691428e-05
31.1 -9.536025e-05
31.12 -9.887545e-05
31.14 -9.083176e-05
31.16 -6.581995e-05
31.18 -5.626663e-05
31.2 -3.438332e-05
31.22 -1.998231e-05
31.24 -4.180153e-05
31.26 -6.633088e-05
31.28 -0.0001056251
31.3 -0.0001050711
31.32 -0.0001016625
31.34 -9.986934e-05
31.36 -8.616619e-05
31.38 -8.156321e-05
31.4 -7.721492e-05
31.42 -7.49737e-05
31.44 -7.026024e-05
31.46 -6.15405e-05
31.48 -4.992939e-05
31.5 -4.228855e-05
31.52 -3.581142e-05
31.54 -3.186703e-05
31.56 -3.456335e-05
31.58 -3.55989e-05
31.6 -3.65002e-05
31.62 -3.821678e-05
31.64 -3.890693e-05
31.66 -3.94286e-05
31.68 -4.04292e-05
31.7 -4.116381e-05
31.72 -4.178512e-05
31.74 -4.254788e-05
31.76 -4.336241e-05
31.78 -4.447307e-05
31.8 -4.608749e-05
31.82 -4.799581e-05
31.84 -5.021319e-05
31.86 -5.272567e-05
31.88 -5.547741e-05
31.9 -5.842766e-05
31.92 -6.152922e-05
31.94 -6.475891e-05
31.96 -6.811224e-05
31.98 -7.16036e-05
