0 -0.002261251
0.02 -0.001310019
0.04 -0.001111563
0.06 -0.001304792
0.08 0.0006919053
0.1 0.003281236
0.12 0.002958458
0.14 0.001048554
0.16 -0.0007705816
0.18 0.0004600701
0.2 0.001741728
0.22 0.0007018556
0.24 0.0004565563
0.26 0.0003367186
0.28 0.0004535087
0.3 0.0009262811
0.32 -0.001019371
0.34 -0.002080701
0.36 -0.0009826914
0.38 -0.0009760849
0.4 -0.0009980461
0.42 -1.123058e-05
0.44 0.0008909234
0.46 0.000638437
0.48 -0.0005667472
0.5 0.0003904574
0.52 0.003573304
0.54 0.005118061
0.56 0.002919409
0.58 -0.001383531
0.6 -0.00536316
0.62 -0.003053491
0.64 0.00158182
0.66 0.0005795962
0.68 -0.002438166
0.7 -0.004221748
0.72 -0.004545717
0.74 -0.002021846
0.76 0.00249204
0.78 0.004405984
0.8 0.004122832
0.82 0.001983254
0.84 -0.0005520838
0.86 -0.0004854265
0.88 0.001577384
0.9 0.002129578
0.92 0.001200739
0.94 -0.001202027
0.96 -0.004211696
0.98 -0.004938615
1 -0.004690431
1.02 -0.00236348
1.04 -0.000643425
1.06 0.000137209
1.08 0.001817467
1.1 0.00325499
1.12 0.004805718
1.14 0.003203623
1.16 0.002282867
1.18 0.003659154
1.2 0.004619306
1.22 0.003052899
1.24 -1.688967e-06
1.26 -0.001005101
1.28 -0.000431567
1.3 -0.001222792
1.32 -0.004465075
1.34 -0.006833251
1.36 -0.007825447
1.38 -0.006270703
1.4 -0.004356931
1.42 -0.001832172
1.44 0.001047544
1.46 0.002585977
1.48 0.002266984
1.5 0.0007504962
1.52 0.001439235
1.54 0.002540065
1.56 0.003071728
1.58 0.002799643
1.6 0.003059985
1.62 0.002378856
1.64 0.001046982
1.66 -0.001504841
1.68 -0.002893862
1.7 -0.002353053
1.72 -0.0010452
1.74 -0.0006410582
1.76 -0.001632288
1.78 -0.001884026
1.8 -0.002356098
1.82 -0.001287968
1.84 0.0005359778
1.86 0.003177984
1.88 0.003289387
1.9 0.0007242917
1.92 -0.00138489
1.94 -0.00242716
1.96 -0.001443716
1.98 0.0002721105
2 -0.001147548
2.02 -0.001354447
2.04 0.0001440966
2.06 0.001299932
2.08 0.001198111
2.1 0.000172152
2.12 0.0004905495
2.14 0.0003846324
2.16 -0.0008647203
2.18 -0.0003025676
2.2 0.002478099
2.22 0.003045406
2.24 -3.219534e-06
2.26 -0.0007395377
2.28 0.0001581941
2.3 0.001117129
2.32 0.002439195
2.34 0.00106642
2.36 0.0006860949
2.38 -0.0001379417
2.4 -0.0009415812
2.42 -0.002321531
2.44 -0.001352435
2.46 -8.852746e-05
2.48 -0.001238968
2.5 -0.002397582
2.52 -0.002043558
2.54 0.0003239723
2.56 0.00249771
2.58 0.004138997
2.6 0.00351794
2.62 0.002288947
2.64 -0.0002782742
2.66 -0.003743126
2.68 -0.004683488
2.7 -0.001199092
2.72 0.002399576
2.74 0.001432721
2.76 -0.001892385
2.78 -0.003302989
2.8 -0.002765391
2.82 5.701283e-05
2.84 0.003465949
2.86 0.002195135
2.88 -0.001465559
2.9 -0.004600977
2.92 -0.006527699
2.94 -0.004417279
2.96 0.0005348847
2.98 0.002676981
3 0.001257229
3.02 -0.001582393
3.04 -0.002716593
3.06 -0.0005980041
3.08 0.0007545766
3.1 4.778166e-05
3.12 -0.0002540897
3.14 4.789088e-05
3.16 -0.0003600621
3.18 -0.0001264429
3.2 -0.000279389
3.22 -0.00223163
3.24 -0.001380921
3.26 -0.0006760627
3.28 0.0002307447
3.3 0.002745084
3.32 0.005180903
3.34 0.003052238
3.36 0.0004798271
3.38 0.001744651
3.4 0.003033972
3.42 0.00368682
3.44 0.001297014
3.46 -0.002396387
3.48 -0.005597129
3.5 -0.00615102
3.52 -0.002969647
3.54 0.001330717
3.56 0.004031695
3.58 0.005480153
3.6 0.003743129
3.62 0.002733335
3.64 0.004521409
3.66 0.005103865
3.68 0.005155908
3.7 0.004623471
3.72 0.004825463
3.74 0.00256415
3.76 -0.001067032
3.78 -0.003890412
3.8 -0.005003254
3.82 -0.003859874
3.84 -0.003467174
3.86 -0.000743749
3.88 0.001857261
3.9 0.002700827
3.92 0.003244505
3.94 0.001657395
3.96 6.41558e-05
3.98 0.0002406099
4 -0.001273067
4.02 -0.003378374
4.04 -0.002090133
4.06 -0.001597482
4.08 -9.60678e-05
4.1 0.001104467
4.12 0.002614049
4.14 0.00421955
4.16 0.004043109
4.18 0.001219747
4.2 -0.003202974
4.22 -0.004984965
4.24 -0.003248954
4.26 -0.002655311
4.28 -0.004782044
4.3 -0.002862439
4.32 -0.001230465
4.34 0.002049843
4.36 0.002150833
4.38 -0.0004726241
4.4 -0.001435532
4.42 -0.001663021
4.44 -0.001926217
4.46 -2.191754e-05
4.48 0.004627229
4.5 0.004963828
4.52 0.002657621
4.54 -0.003431805
4.56 -0.005763596
4.58 -0.002607772
4.6 0.001048892
4.62 0.002964458
4.64 0.001976062
4.66 0.001643502
4.68 0.003435615
4.7 0.004462747
4.72 0.002549229
4.74 0.0006050699
4.76 0.0002653974
4.78 -0.001483924
4.8 -0.006096388
4.82 -0.009438991
4.84 -0.009714468
4.86 -0.007524612
4.88 -0.002593993
4.9 0.0003844052
4.92 0.0009158033
4.94 0.0007627772
4.96 0.0003353598
4.98 -0.001161024
5 -0.001530355
5.02 0.0035808
5.04 0.008869508
5.06 0.009214309
5.08 0.003079054
5.1 -0.002836034
5.12 -0.001552957
5.14 0.0001228841
5.16 -0.0006870342
5.18 -0.002742368
5.2 -0.005867706
5.22 -0.005383264
5.24 -0.002066295
5.26 0.002195236
5.28 0.004120965
5.3 0.002159468
5.32 0.001874841
5.34 0.002073703
5.36 0.0005314217
5.38 0.0008720474
5.4 0.001480953
5.42 -0.0003612039
5.44 -0.003954707
5.46 -0.004719767
5.48 -0.002167782
5.5 -0.002238196
5.52 -0.005358439
5.54 -0.006016404
5.56 -0.001494852
5.58 0.007424009
5.6 0.01126431
5.62 0.01093787
5.64 0.008626556
5.66 0.006369241
5.68 0.007782953
5.7 0.002747189
5.72 -0.0037625
5.74 -0.005188569
5.76 -0.007573366
5.78 -0.01291108
5.8 -0.0153153
5.82 -0.012847
5.84 -0.007728714
5.86 -0.005037969
5.88 -0.00949236
5.9 -0.01113262
5.92 -0.009435461
5.94 -0.001920154
5.96 0.008670414
5.98 0.01305134
6 0.01618165
6.02 0.02199971
6.04 0.02822376
6.06 0.02838607
6.08 0.02519962
6.1 0.02060444
6.12 0.008412431
6.14 -0.00451416
6.16 -0.008521831
6.18 -0.007330596
6.2 -0.003033395
6.22 0.0002162744
6.24 0.0002417802
6.26 -0.001563672
6.28 -0.003434334
6.3 -0.01176778
6.32 -0.02331425
6.34 -0.02779733
6.36 -0.02591864
6.38 -0.01959076
6.4 -0.01305976
6.42 -0.01080548
6.44 -0.01211116
6.46 -0.01322301
6.48 -0.009393045
6.5 -0.001199415
6.52 0.009802195
6.54 0.01735027
6.56 0.0180836
6.58 0.02039385
6.6 0.02520923
6.62 0.02911486
6.64 0.02815814
6.66 0.02383943
6.68 0.01832129
6.7 0.009482977
6.72 -0.001948154
6.74 -0.01304382
6.76 -0.0244189
6.78 -0.03211194
6.8 -0.03095135
6.82 -0.02059745
6.84 -0.01082081
6.86 -0.00713456
6.88 -0.004899809
6.9 -0.002929187
6.92 -0.0005302221
6.94 -1.921032e-05
6.96 -0.0009220005
6.98 0.00141172
7 0.004089119
7.02 0.01144741
7.04 0.02225739
7.06 0.02463092
7.08 0.01456767
7.1 0.0001957982
7.12 -0.004102591
7.14 -0.0003746141
7.16 0.01112173
7.18 0.02001315
7.2 0.01646369
7.22 0.001430896
7.24 -0.01469534
7.26 -0.01992613
7.28 -0.01665411
7.3 -0.009335711
7.32 -0.001448108
7.34 0.005035032
7.36 0.007812531
7.38 0.004897371
7.4 -0.00165813
7.42 -0.009820247
7.44 -0.01718165
7.46 -0.02097413
7.48 -0.02076824
7.5 -0.01638445
7.52 -0.004451619
7.54 0.01053325
7.56 0.01293544
7.58 0.008521945
7.6 0.002083728
7.62 -0.003657933
7.64 -0.007276921
7.66 -0.01160087
7.68 -0.01256079
7.7 -0.01176213
7.72 -0.003180994
7.74 0.007142436
7.76 0.01386012
7.78 0.01477101
7.8 0.01289827
7.82 0.0120272
7.84 0.01277177
7.86 0.01607856
7.88 0.01996988
7.9 0.01892545
7.92 0.005126981
7.94 -0.01273334
7.96 -0.02338734
7.98 -0.02265829
8 -0.01858961
8.02 -0.01225238
8.04 -0.003004151
8.06 0.006026934
8.08 0.01511305
8.1 0.02028551
8.12 0.02339244
8.14 0.02267751
8.16 0.01926258
8.18 0.01718274
8.2 0.01390351
8.22 0.005613967
8.24 -0.005768208
8.26 -0.01083571
8.28 -0.01083066
8.3 -0.01122247
8.32 -0.01140511
8.34 -0.0115367
8.36 -0.01200188
8.38 -0.01220186
8.4 -0.009173571
8.42 -0.002668048
8.44 0.00388952
8.46 0.004104787
8.48 -0.0007330673
8.5 -0.004462243
8.52 -0.001134074
8.54 0.00943209
8.56 0.01367134
8.58 0.003316379
8.6 -0.01636957
8.62 -0.02905154
8.64 -0.0264487
8.66 -0.01366814
8.68 -0.003299908
8.7 0.003855413
8.72 0.01201233
8.74 0.01800592
8.76 0.01725736
8.78 0.008060072
8.8 -0.001446374
8.82 -0.003634406
8.84 0.002292746
8.86 0.008923781
8.88 0.01030502
8.9 -0.003012001
8.92 -0.02854666
8.94 -0.04273436
8.96 -0.04075991
8.98 -0.02627273
9 -0.0116726
9.02 -0.002057995
9.04 0.004956464
9.06 0.01054204
9.08 0.0202799
9.1 0.02785867
9.12 0.02980589
9.14 0.02627876
9.16 0.01875322
9.18 0.01560955
9.2 0.01912444
9.22 0.02263531
9.24 0.02036284
9.26 0.01362172
9.28 0.007844475
9.3 0.002347661
9.32 -0.008831446
9.34 -0.02571458
9.36 -0.04003445
9.38 -0.04581804
9.4 -0.0451308
9.42 -0.03489538
9.44 -0.0120425
9.46 0.01490703
9.48 0.02765817
9.5 0.02853763
9.52 0.02653751
9.54 0.02293392
9.56 0.0168926
9.58 0.004321132
9.6 -0.008419745
9.62 -0.01424302
9.64 -0.0184669
9.66 -0.02222367
9.68 -0.01980845
9.7 -0.01469014
9.72 -0.00775527
9.74 -0.0003143728
9.76 0.008262741
9.78 0.0201672
9.8 0.02981647
9.82 0.03183933
9.84 0.02672216
9.86 0.012227
9.88 2.572145e-05
9.9 -0.002229631
9.92 0.004674696
9.94 0.008757837
9.96 0.002713409
9.98 -0.007637544
10 -0.01906774
10.02 -0.02048569
10.04 -0.01396698
10.06 -0.007553234
10.08 -0.005483625
10.1 -0.01000421
10.12 -0.01328767
10.14 -0.01641299
10.16 -0.01770858
10.18 -0.01026983
10.2 0.01000351
10.22 0.02666976
10.24 0.02794597
10.26 0.02006322
10.28 0.006408592
10.3 -0.007238069
10.32 -0.01191785
10.34 -0.006705704
10.36 0.002596682
10.38 0.007740571
10.4 0.008239388
10.42 0.006154487
10.44 0.002527403
10.46 0.0002456196
10.48 0.002852747
10.5 0.005919879
10.52 0.004694937
10.54 -0.003832282
10.56 -0.01351209
10.58 -0.01684241
10.6 -0.01834695
10.62 -0.01541553
10.64 -0.007207661
10.66 0.00357683
10.68 0.01054038
10.7 0.01194501
10.72 0.009296107
10.74 0.006819523
10.76 0.004774445
10.78 0.005845432
10.8 0.008034401
10.82 0.003765727
10.84 -0.004491128
10.86 -0.01030115
10.88 -0.01110292
10.9 -0.007718541
10.92 -0.003425391
10.94 0.0007760058
10.96 0.005537368
10.98 0.009658205
11 0.00941756
11.02 0.003013037
11.04 -0.01009901
11.06 -0.02026539
11.08 -0.02134662
11.1 -0.02353557
11.12 -0.03372536
11.14 -0.04490871
11.16 -0.04921025
11.18 -0.0403773
11.2 -0.02193389
11.22 0.003684527
11.24 0.03771153
11.26 0.07194608
11.28 0.09503804
11.3 0.09970585
11.32 0.08729078
11.34 0.06019577
11.36 0.03170423
11.38 0.01732816
11.4 0.008001406
11.42 -0.0106208
11.44 -0.03175625
11.46 -0.03820295
11.48 -0.0198666
11.5 -0.003615914
11.52 -0.006658415
11.54 -0.02291716
11.56 -0.04286119
11.58 -0.04954032
11.6 -0.0404553
11.62 -0.02310713
11.64 -0.01040912
11.66 -0.01045698
11.68 -0.02813658
11.7 -0.04798377
11.72 -0.04808907
11.74 -0.02773918
11.76 0.0008614932
11.78 0.01994996
11.8 0.02670751
11.82 0.02836321
11.84 0.0289518
11.86 0.02772474
11.88 0.02330822
11.9 0.01566748
11.92 0.0010795
11.94 -0.007593643
11.96 -0.007473342
11.98 -0.00116772
12 -0.001187065
12.02 -0.00832299
12.04 -0.009092205
12.06 0.002663235
12.08 0.0192484
12.1 0.02778799
12.12 0.03124276
12.14 0.03743849
12.16 0.04490502
12.18 0.04782727
12.2 0.03991235
12.22 0.01750913
12.24 -0.006335263
12.26 -0.02835922
12.28 -0.04573594
12.3 -0.05642484
12.32 -0.05888627
12.34 -0.05282446
12.36 -0.03942289
12.38 -0.02157904
12.4 -0.006067956
12.42 0.006562827
12.44 0.01391194
12.46 0.02102458
12.48 0.02905614
12.5 0.03523946
12.52 0.02966132
12.54 0.006557417
12.56 -0.01777573
12.58 -0.02821565
12.6 -0.02101983
12.62 0.001936208
12.64 0.02425183
12.66 0.03340957
12.68 0.03074857
12.7 0.02409418
12.72 0.01758055
12.74 0.01579349
12.76 0.01678197
12.78 0.01286937
12.8 0.00237065
12.82 -0.02067529
12.84 -0.04700546
12.86 -0.07196508
12.88 -0.08641658
12.9 -0.08495815
12.92 -0.06838749
12.94 -0.04448904
12.96 -0.01516835
12.98 0.02508505
13 0.06994458
13.02 0.09850608
13.04 0.1008422
13.06 0.08457141
13.08 0.05861172
13.1 0.02932864
13.12 -0.0001268279
13.14 -0.02392258
13.16 -0.04484275
13.18 -0.05927602
13.2 -0.06644675
13.22 -0.06456809
13.24 -0.04636343
13.26 -0.01897547
13.28 0.003049398
13.3 0.01066182
13.32 0.01268651
13.34 0.01510804
13.36 0.03006925
13.38 0.05786236
13.4 0.07308105
13.42 0.06628739
13.44 0.04109975
13.46 0.02086671
13.48 0.01594328
13.5 0.01382467
13.52 0.003363802
13.54 -0.02055014
13.56 -0.04811354
13.58 -0.06354554
13.6 -0.05819688
13.62 -0.04021633
13.64 -0.02422478
13.66 -0.01790378
13.68 -0.02092087
13.7 -0.026486
13.72 -0.03010705
13.74 -0.02978897
13.76 -0.02595998
13.78 -0.02132197
13.8 -0.01326715
13.82 -0.004054476
13.84 0.004145185
13.86 0.01721344
13.88 0.03911376
13.9 0.06113285
13.92 0.0719645
13.94 0.06764599
13.96 0.04858041
13.98 0.03440542
14 0.03330188
14.02 0.03734007
14.04 0.02806873
14.06 -0.006160453
14.08 -0.05004293
14.1 -0.08256479
14.12 -0.08819346
14.14 -0.06937576
14.16 -0.0459639
14.18 -0.02761709
14.2 -0.01774565
14.22 -0.003370791
14.24 0.02163442
14.26 0.04347176
14.28 0.0567135
14.3 0.0609162
14.32 0.05788911
14.34 0.04034731
14.36 0.01627446
14.38 -0.004554079
14.4 -0.01428803
14.42 -0.01490319
14.44 -0.01091097
14.46 -0.003852586
14.48 -0.00246737
14.5 -0.003606701
14.52 -0.003230296
14.54 -0.002389795
14.56 -0.004188999
14.58 -0.009954003
14.6 -0.01779163
14.62 -0.02860166
14.64 -0.03816223
14.66 -0.04309307
14.68 -0.03648174
14.7 -0.01501701
14.72 0.008648008
14.74 0.02436332
14.76 0.03403094
14.78 0.03974313
14.8 0.04435672
14.82 0.04394987
14.84 0.03735987
14.86 0.02433667
14.88 0.006741779
14.9 -0.006828411
14.92 -0.01448351
14.94 -0.01954485
14.96 -0.02623094
14.98 -0.03269682
15 -0.03578652
15.02 -0.03129467
15.04 -0.02611619
15.06 -0.02223095
15.08 -0.01730035
15.1 -0.01120179
15.12 -0.00101208
15.14 0.01048237
15.16 0.018213
15.18 0.0215343
15.2 0.02237178
15.22 0.02373452
15.24 0.02331952
15.26 0.01914168
15.28 0.01613686
15.3 0.008845952
15.32 -0.003425556
15.34 -0.01599833
15.36 -0.02527636
15.38 -0.02662271
15.4 -0.02121481
15.42 -0.006064751
15.44 0.01162608
15.46 0.02128864
15.48 0.02325729
15.5 0.02101544
15.52 0.01674269
15.54 0.01216695
15.56 0.01235771
15.58 0.0133859
15.6 0.01116033
15.62 0.005512612
15.64 -0.005310543
15.66 -0.0135186
15.68 -0.01746399
15.7 -0.01612474
15.72 -0.01428365
15.74 -0.01276694
15.76 -0.01322083
15.78 -0.01439077
15.8 -0.01523941
15.82 -0.01918992
15.84 -0.02078323
15.86 -0.01907577
15.88 -0.01059663
15.9 -0.0005618382
15.92 0.007960228
15.94 0.01457298
15.96 0.0174841
15.98 0.01753423
16 0.01698753
16.02 0.01680082
16.04 0.01846346
16.06 0.01838497
16.08 0.01454884
16.1 0.006138952
16.12 -0.004965748
16.14 -0.01083696
16.16 -0.01390922
16.18 -0.01432848
16.2 -0.01327688
16.22 -0.01255577
16.24 -0.0127639
16.26 -0.01262317
16.28 -0.01024664
16.3 -0.003221949
16.32 0.009702458
16.34 0.01747494
16.36 0.0205646
16.38 0.01877767
16.4 0.01030364
16.42 -0.002401474
16.44 -0.01407948
16.46 -0.01870125
16.48 -0.01840352
16.5 -0.01368403
16.52 -0.005190569
16.54 0.002941943
16.56 0.004273106
16.58 0.0002757766
16.6 -0.004086807
16.62 -0.002121324
16.64 0.00422509
16.66 0.008642734
16.68 0.01221578
16.7 0.01460875
16.72 0.01744334
16.74 0.02004131
16.76 0.02058297
16.78 0.02068401
16.8 0.0183126
16.82 0.01237313
16.84 0.004126513
16.86 -0.004746522
16.88 -0.01317478
16.9 -0.01698969
16.92 -0.01743545
16.94 -0.01900637
16.96 -0.02190014
16.98 -0.02399931
17 -0.02241128
17.02 -0.01634336
17.04 -0.006837039
17.06 0.0009976196
17.08 0.008789359
17.1 0.01599474
17.12 0.02177716
17.14 0.02397941
17.16 0.0203973
17.18 0.011097
17.2 0.002049598
17.22 -0.00200497
17.24 -0.004592741
17.26 -0.003935933
17.28 -0.00228048
17.3 -0.003054662
17.32 -0.005211969
17.34 -0.007536595
17.36 -0.007264295
17.38 -0.004434843
17.4 -0.001022952
17.42 -0.0001528824
17.44 5.824807e-05
17.46 0.002389956
17.48 0.004402461
17.5 0.001223162
17.52 -0.004029821
17.54 -0.008240419
17.56 -0.01230004
17.58 -0.01551725
17.6 -0.01526542
17.62 -0.01083659
17.64 -0.004037362
17.66 0.003236266
17.68 0.01040381
17.7 0.01504896
17.72 0.01585583
17.74 0.01443299
17.76 0.01388734
17.78 0.01282041
17.8 0.008499758
17.82 0.004052548
17.84 -0.001492136
17.86 -0.007578547
17.88 -0.01176874
17.9 -0.01379157
17.92 -0.01539711
17.94 -0.01761046
17.96 -0.01549812
17.98 -0.009904453
18 -0.004996235
18.02 -0.004247501
18.04 -0.009780999
18.06 -0.01532068
18.08 -0.01596237
18.1 -0.01133567
18.12 -0.003142124
18.14 0.003852043
18.16 0.0084736
18.18 0.01234352
18.2 0.01704156
18.22 0.02545772
18.24 0.03162264
18.26 0.03594846
18.28 0.03396058
18.3 0.02934617
18.32 0.0239627
18.34 0.01752547
18.36 0.01000918
18.38 0.0002569179
18.4 -0.01070908
18.42 -0.02156402
18.44 -0.02599601
18.46 -0.0282769
18.48 -0.02707037
18.5 -0.02314244
18.52 -0.0136107
18.54 -0.0009116845
18.56 0.0079093
18.58 0.01442205
18.6 0.01605412
18.62 0.01433242
18.64 0.008970377
18.66 -0.0003952733
18.68 -0.008030993
18.7 -0.01323514
18.72 -0.01537311
18.74 -0.01583317
18.76 -0.01467858
18.78 -0.01384733
18.8 -0.01368927
18.82 -0.01218072
18.84 -0.01322624
18.86 -0.01454823
18.88 -0.01477474
18.9 -0.01399748
18.92 -0.01088861
18.94 -0.008262128
18.96 -0.006471097
18.98 -0.002743015
19 0.0024038
19.02 0.009906951
19.04 0.01603204
19.06 0.02081381
19.08 0.02593322
19.1 0.02835687
19.12 0.02603648
19.14 0.01886695
19.16 0.01001745
19.18 0.004464518
19.2 0.003091555
19.22 0.00305784
19.24 0.004180859
19.26 0.002174522
19.28 -0.003174342
19.3 -0.01004615
19.32 -0.01292365
19.34 -0.01155084
19.36 -0.007480109
19.38 -0.004197761
19.4 -0.002790237
19.42 0.001772182
19.44 0.009446594
19.46 0.01816763
19.48 0.02245579
19.5 0.01880739
19.52 0.01284757
19.54 0.006822356
19.56 0.002475101
19.58 -0.0008573076
19.6 -0.002046688
19.62 0.0002666123
19.64 0.003425523
19.66 0.006663009
19.68 0.009402745
19.7 0.0113336
19.72 0.01112556
19.74 0.008195114
19.76 0.005802204
19.78 0.004301757
19.8 0.002090433
19.82 -0.001287833
19.84 -0.009157117
19.86 -0.01742633
19.88 -0.02281303
19.9 -0.02185949
19.92 -0.01695541
19.94 -0.01152903
19.96 -0.007608171
19.98 -0.006340312
20 -0.006419863
20.02 -0.008968826
20.04 -0.01226344
20.06 -0.01623844
20.08 -0.01913331
20.1 -0.01752282
20.12 -0.01323078
20.14 -0.007636117
20.16 -0.005331966
20.18 -0.003401106
20.2 0.001019497
20.22 0.005776788
20.24 0.01150611
20.26 0.01388686
20.28 0.01529242
20.3 0.01535474
20.32 0.01331578
20.34 0.01075454
20.36 0.007442598
20.38 0.005025163
20.4 0.004768068
20.42 0.006156256
20.44 0.01000469
20.46 0.01144303
20.48 0.01008747
20.5 0.006109339
20.52 0.002988149
20.54 0.0001892084
20.56 -0.002363849
20.58 -0.003693981
20.6 -0.005719704
20.62 -0.005658561
20.64 -0.006940702
20.66 -0.00963965
20.68 -0.01354728
20.7 -0.01622995
20.72 -0.01668798
20.74 -0.0146266
20.76 -0.0102325
20.78 -0.005980164
20.8 -0.001909377
20.82 0.002409307
20.84 0.006545373
20.86 0.00957581
20.88 0.01039282
20.9 0.01004396
20.92 0.01133119
20.94 0.01314782
20.96 0.01266232
20.98 0.01155864
21 0.009514593
21.02 0.006805445
21.04 0.004815458
21.06 -0.0003284324
21.08 -0.007659144
21.1 -0.0156663
21.12 -0.0188294
21.14 -0.01450765
21.16 -0.008263269
21.18 -0.003142869
21.2 -0.001718967
21.22 -0.00180465
21.24 -0.001631271
21.26 -0.002295301
21.28 -0.002745141
21.3 -0.005662342
21.32 -0.007398417
21.34 -0.007937017
21.36 -0.006579449
21.38 -0.005624723
21.4 -0.007660684
21.42 -0.006719277
21.44 -0.004022448
21.46 3.205923e-05
21.48 0.00358571
21.5 0.004294636
21.52 0.002542249
21.54 0.002409631
21.56 0.003012395
21.58 0.006281491
21.6 0.009924902
21.62 0.01327967
21.64 0.01650286
21.66 0.01702515
21.68 0.01663041
21.7 0.0152218
21.72 0.01308289
21.74 0.01140706
21.76 0.00845419
21.78 0.004025263
21.8 -0.000657523
21.82 -0.006814301
21.84 -0.01272113
21.86 -0.01620857
21.88 -0.01525697
21.9 -0.01123824
21.92 -0.006121961
21.94 -0.001642116
21.96 0.001127175
21.98 0.002343026
22 0.0008997431
22.02 -0.003311852
22.04 -0.006683986
22.06 -0.009748139
22.08 -0.01156378
22.1 -0.01142711
22.12 -0.008850656
22.14 -0.004984868
22.16 -0.002015695
22.18 0.001781765
22.2 0.005258912
22.22 0.009028867
22.24 0.01232244
22.26 0.01453483
22.28 0.01520805
22.3 0.01339351
22.32 0.009206443
22.34 0.005109071
22.36 0.001912404
22.38 -0.001681099
22.4 -0.005236848
22.42 -0.005816245
22.44 -0.004705493
22.46 -0.004862599
22.48 -0.00489934
22.5 -0.005370599
22.52 -0.003243946
22.54 -0.001424271
22.56 -0.0004338814
22.58 0.002054914
22.6 0.003574697
22.62 0.006153265
22.64 0.007181437
22.66 0.006473566
22.68 0.004613099
22.7 0.002487412
22.72 0.002470048
22.74 0.004854782
22.76 0.006832572
22.78 0.00559329
22.8 0.003055535
22.82 0.002413932
22.84 0.0027383
22.86 0.001201154
22.88 -0.0008296652
22.9 -0.002861544
22.92 -0.002867691
22.94 -0.001234697
22.96 -0.001411144
22.98 -0.002233273
23 -0.004899541
23.02 -0.006831508
23.04 -0.007219124
23.06 -0.008217683
23.08 -0.007378242
23.1 -0.00692537
23.12 -0.006972312
23.14 -0.005761569
23.16 -0.003791986
23.18 -5.266243e-05
23.2 0.003377584
23.22 0.006441678
23.24 0.00806449
23.26 0.009277291
23.28 0.009393578
23.3 0.009688361
23.32 0.00810536
23.34 0.004413999
23.36 0.000353395
23.38 -0.003870453
23.4 -0.007070185
23.42 -0.009293825
23.44 -0.009222436
23.46 -0.01072083
23.48 -0.01249869
23.5 -0.01505486
23.52 -0.01433482
23.54 -0.01028132
23.56 -0.007120401
23.58 -0.003215833
23.6 -0.0004057611
23.62 0.003260136
23.64 0.008239761
23.66 0.01098264
23.68 0.01333376
23.7 0.01342963
23.72 0.01066036
23.74 0.00647736
23.76 0.001259046
23.78 -0.001403188
23.8 -0.002045808
23.82 0.0001073896
23.84 0.001976034
23.86 0.003908929
23.88 0.006539514
23.9 0.009747432
23.92 0.01170894
23.94 0.01122853
23.96 0.008410365
23.98 0.002118007
24 -0.004927117
24.02 -0.009364156
24.04 -0.01052289
24.06 -0.01045868
24.08 -0.0109646
24.1 -0.01160822
24.12 -0.01105441
24.14 -0.009681521
24.16 -0.009121559
24.18 -0.007847579
24.2 -0.006576679
24.22 -0.005594428
24.24 -0.003216842
24.26 -0.0009473267
24.28 0.001550642
24.3 0.003836516
24.32 0.006637469
24.34 0.007518771
24.36 0.006652837
24.38 0.003811154
24.4 -0.0005595215
24.42 -0.003728671
24.44 -0.005819673
24.46 -0.004405984
24.48 -0.003768463
24.5 -0.006440849
24.52 -0.008225861
24.54 -0.0093438
24.56 -0.009678391
24.58 -0.008423796
24.6 -0.008601304
24.62 -0.008067886
24.64 -0.004918172
24.66 3.191589e-05
24.68 0.007079063
24.7 0.01254941
24.72 0.01453335
24.74 0.01308093
24.76 0.01163561
24.78 0.01270667
24.8 0.01286377
24.82 0.0126455
24.84 0.01048621
24.86 0.005906435
24.88 0.003182009
24.9 0.002760731
24.92 0.003204437
24.94 0.0036196
24.96 0.003363597
24.98 0.002705687
25 0.0005810344
25.02 0.001143034
25.04 0.002747516
25.06 0.002357874
25.08 0.004637582
25.1 0.005857537
25.12 0.00606055
25.14 0.005812703
25.16 0.003974702
25.18 0.003202561
25.2 0.003139352
25.22 0.001554288
25.24 -0.0005988979
25.26 -0.002234987
25.28 -0.004033224
25.3 -0.005563232
25.32 -0.005323534
25.34 -0.005341909
25.36 -0.004311716
25.38 -0.001522002
25.4 -0.0002847147
25.42 0.000407888
25.44 -0.0001673501
25.46 -0.002624517
25.48 -0.00514594
25.5 -0.007257369
25.52 -0.007736787
25.54 -0.007212523
25.56 -0.005584615
25.58 -0.003662949
25.6 -0.00305296
25.62 -0.002591871
25.64 -0.003411929
25.66 -0.003570016
25.68 -0.002516349
25.7 -0.001292329
25.72 -0.0005130375
25.74 -0.0006466345
25.76 -0.0009944487
25.78 -0.0006874117
25.8 0.0001551236
25.82 0.0003764916
25.84 -0.001342182
25.86 -0.003784055
25.88 -0.004810171
25.9 -0.005210023
25.92 -0.006772655
25.94 -0.007850774
25.96 -0.005667991
25.98 -0.002968039
26 -0.0003139942
26.02 0.0008223273
26.04 0.0002970457
26.06 -0.001826576
26.08 -0.002457982
26.1 -0.0002394736
26.12 0.004344376
26.14 0.008764094
26.16 0.01165071
26.18 0.01426706
26.2 0.01383056
26.22 0.01131432
26.24 0.007364902
26.26 0.005657378
26.28 0.005088253
26.3 0.003031942
26.32 -0.0003676898
26.34 -0.002482169
26.36 -0.002518879
26.38 -0.00272187
26.4 -0.0009644044
26.42 0.001041959
26.44 0.001493857
26.46 -0.0005746798
26.48 -0.003181779
26.5 -0.005440059
26.52 -0.007520862
26.54 -0.007399529
26.56 -0.005847098
26.58 -0.003165494
26.6 -0.001225453
26.62 0.0004993867
26.64 0.002191587
26.66 0.001729559
26.68 0.001365432
26.7 0.0009645983
26.72 0.0008554749
26.74 0.0003230517
26.76 -0.001230392
26.78 -0.00241155
26.8 -0.005159426
26.82 -0.005576632
26.84 -0.004763702
26.86 -0.003477493
26.88 -0.001950554
26.9 -0.0006051423
26.92 0.001414449
26.94 0.004028742
26.96 0.005393516
26.98 0.005984121
27 0.006119794
27.02 0.005737326
27.04 0.005047819
27.06 0.003014958
27.08 0.001763411
27.1 0.002350923
27.12 0.004990675
27.14 0.007602916
27.16 0.007539709
27.18 0.006693143
27.2 0.006433071
27.22 0.004601145
27.24 0.003239477
27.26 0.001734974
27.28 0.0006895043
27.3 -0.001213819
27.32 -0.002172602
27.34 -0.003443545
27.36 -0.003176298
27.38 -0.004499233
27.4 -0.006486194
27.42 -0.007910143
27.44 -0.009366707
27.46 -0.01067438
27.48 -0.01075599
27.5 -0.01074177
27.52 -0.01052352
27.54 -0.009651394
27.56 -0.009787093
27.58 -0.008778321
27.6 -0.00723103
27.62 -0.003154079
27.64 0.0001965913
27.66 0.002894523
27.68 0.004444915
27.7 0.005646486
27.72 0.006746044
27.74 0.007014336
27.76 0.006603269
27.78 0.00660021
27.8 0.007826241
27.82 0.008544373
27.84 0.007073552
27.86 0.005386438
27.88 0.004493934
27.9 0.00311283
27.92 0.004610165
27.94 0.005761736
27.96 0.006490009
27.98 0.006325806
28 0.005876996
28.02 0.006904102
28.04 0.006458375
28.06 0.005203756
28.08 0.004856959
28.1 0.003165783
28.12 0.002720031
28.14 0.002255928
28.16 -0.0009019872
28.18 -0.003035871
28.2 -0.006120349
28.22 -0.009041693
28.24 -0.01013924
28.26 -0.0108696
28.28 -0.01000265
28.3 -0.008588985
28.32 -0.006529637
28.34 -0.005410703
28.36 -0.004348931
28.38 -0.002744501
28.4 -0.003145406
28.42 -0.002366155
28.44 -0.002301934
28.46 -0.001201384
28.48 -0.001132045
28.5 -0.002508048
28.52 -0.004467511
28.54 -0.005131593
28.56 -0.00315286
28.58 -0.0005906524
28.6 0.002329562
28.62 0.003359763
28.64 0.002153075
28.66 0.0005546912
28.68 0.0007168205
28.7 3.644396e-05
28.72 -0.0002553416
28.74 0.0008421353
28.76 0.002912669
28.78 0.005570786
28.8 0.007460015
28.82 0.007258391
28.84 0.003623599
28.86 0.0002782728
28.88 -0.00364085
28.9 -0.00566623
28.92 -0.00511555
28.94 -0.005426433
28.96 -0.004332672
28.98 -0.003064027
29 -0.001060072
29.02 0.001203408
29.04 0.002162668
29.06 0.002213167
29.08 0.0016324
29.1 0.002232432
29.12 0.003285777
29.14 0.004158966
29.16 0.003795758
29.18 0.002989354
29.2 0.001917418
29.22 0.001565084
29.24 0.001408021
29.26 0.002068784
29.28 0.002598589
29.3 0.002918324
29.32 0.00333211
29.34 0.00331924
29.36 0.002875226
29.38 0.001075474
29.4 0.0007003633
29.42 -0.0009123776
29.44 -0.001319591
29.46 -0.002288528
29.48 -0.003636139
29.5 -0.004214017
29.52 -0.004590852
29.54 -0.003778393
29.56 -0.003614142
29.58 -0.002839028
29.6 -0.002503559
29.62 -0.002201521
29.64 -0.002352765
29.66 -0.00262401
29.68 -0.001832134
29.7 -0.001636188
29.72 -0.001056401
29.74 9.224201e-05
29.76 0.001026841
29.78 0.001849426
29.8 0.001376995
29.82 0.0008214129
29.84 0.000260478
29.86 -6.260847e-06
29.88 -0.0004352629
29.9 -0.0005805209
29.92 5.26509e-05
29.94 0.0006192097
29.96 0.001312899
29.98 0.002529716
30 0.003511674
30.02 0.003939677
30.04 0.003801522
30.06 0.003235602
30.08 0.002198141
30.1 0.0008643624
30.12 -0.0001772668
30.14 -0.0003927737
30.16 -0.001161363
30.18 -0.001664139
30.2 -0.001271584
30.22 -0.0009717469
30.24 -0.0007740507
30.26 -0.0005482543
30.28 -0.0002979253
30.3 -7.025217e-05
30.32 0.0002261814
30.34 -0.0003848633
30.36 -0.0004507446
30.38 -0.0003868458
30.4 -0.0004011938
30.42 -0.0001669447
30.44 -0.0003872795
30.46 -0.0002577307
30.48 -0.0004744502
30.5 -0.0008254273
30.52 -0.0008599139
30.54 -0.0007439842
30.56 -0.0006057085
30.58 -0.0006492129
30.6 -0.0004682922
30.62 -0.0002938945
30.64 0.0001857775
30.66 0.0003825061
30.68 0.0005830127
30.7 0.0008631406
30.72 0.0006900895
30.74 0.0005813481
30.76 0.0003976772
30.78 0.0001729211
30.8 0.0001524917
30.82 0.0002547754
30.84 0.0004769723
30.86 0.0005755267
30.88 0.0005608313
30.9 0.0005041155
30.92 0.0004528284
30.94 0.0003958757
30.96 0.0003648758
30.98 0.000327988
31 0.0001991049
31.02 3.274728e-05
31.04 -9.076186e-05
31.06 -0.0002046636
31.08 -0.0002566036
31.1 -0.0002583314
31.12 -0.0002380759
31.14 -0.0001598262
31.16 -0.0001132414
31.18 -7.9169e-05
31.2 -5.780604e-05
31.22 -5.435535e-05
31.24 -6.880562e-05
31.26 -4.405146e-05
31.28 -2.251853e-05
31.3 -2.8158e-05
31.32 -4.866446e-05
31.34 -6.728497e-05
31.36 -9.493776e-05
31.38 -0.0001034756
31.4 -0.0001008522
31.42 -9.414852e-05
31.44 -8.431083e-05
31.46 -7.644851e-05
31.48 -6.647654e-05
31.5 -6.305169e-05
31.52 -5.323451e-05
31.54 -4.459363e-05
31.56 -4.001195e-05
31.58 -3.729298e-05
31.6 -3.453132e-05
31.62 -3.020782e-05
31.64 -2.654608e-05
31.66 -2.246045e-05
31.68 -1.889249e-05
31.7 -1.570381e-05
31.72 -1.354606e-05
31.74 -1.219061e-05
31.76 -1.123316e-05
31.78 -1.074542e-05
31.8 -1.013992e-05
31.82 -9.55793e-06
31.84 -9.084555e-06
31.86 -8.729734e-06
31.88 -8.535108e-06
31.9 -8.435272e-06
31.92 -8.377921e-06
31.94 -8.330964e-06
31.96 -8.26961e-06
31.98 -8.188975e-06
