0 4.447695e-06
0.02 -1.292982e-05
0.04 -2.822734e-05
0.06 -2.114116e-05
0.08 0.0001043555
0.1 0.0001957783
0.12 0.0001048141
0.14 -0.0001863841
0.16 -0.0003828487
0.18 -0.000461757
0.2 -0.0001106116
0.22 0.001002439
0.24 0.001170443
0.26 0.000712858
0.28 -0.0004807438
0.3 -0.001864675
0.32 -0.001616683
0.34 6.541495e-05
0.36 0.001665269
0.38 0.00181053
0.4 0.0001035258
0.42 -0.0009660692
0.44 -0.002056407
0.46 -0.001209984
0.48 0.00121604
0.5 0.002654429
0.52 0.002066979
0.54 0.0005424321
0.56 -0.0009561618
0.58 -0.001065446
0.6 0.0007409114
0.62 0.001379332
0.64 0.00124045
0.66 0.0007038872
0.68 -0.001399298
0.7 -0.001070082
0.72 -0.0008624283
0.74 -0.001309654
0.76 0.003341037
0.78 -0.001622637
0.8 -0.001180233
0.82 0.002086967
0.84 -0.0003477948
0.86 0.003443837
0.88 7.543089e-05
0.9 -0.003318744
0.92 -0.002019557
0.94 0.0002373201
0.96 0.001914581
0.98 0.00223629
1 -0.005727363
1.02 -0.009180121
1.04 -0.003207225
1.06 0.00252794
1.08 0.004021734
1.1 0.01445746
1.12 0.01213213
1.14 -0.003347658
1.16 -0.004572076
1.18 -0.005250725
1.2 -0.01275831
1.22 -0.0007568966
1.24 0.009275475
1.26 0.003294011
1.28 -0.0007366285
1.3 -0.002767361
1.32 -0.002762218
1.34 -0.003137731
1.36 -0.001117459
1.38 -0.003211309
1.4 0.004674742
1.42 0.007462339
1.44 0.01124338
1.46 0.002089208
1.48 -0.01040225
1.5 -0.008458557
1.52 -0.0006896183
1.54 -0.0009528115
1.56 0.01162159
1.58 0.01252326
1.6 -0.01211492
1.62 -0.003313475
1.64 -0.003522148
1.66 -0.003625339
1.68 0.004187204
1.7 -0.001972561
1.72 0.002129556
1.74 0.007414839
1.76 -0.001194651
1.78 -0.01019389
1.8 -0.002073404
1.82 0.0003437412
1.84 0.02290283
1.86 0.01839502
1.88 -0.01387399
1.9 -0.02348432
1.92 -0.03424997
1.94 -0.0009893802
1.96 0.03012992
1.98 0.02888044
2 0.01506573
2.02 -0.005784686
2.04 -0.03363436
2.06 -0.03146343
2.08 0.002385555
2.1 0.01406292
2.12 0.01816897
2.14 0.02631117
2.16 -0.002577552
2.18 -0.02183542
2.2 -0.01702215
2.22 -0.01818192
2.24 0.001242831
2.26 0.02782613
2.28 0.01297501
2.3 0.003522292
2.32 -0.00863167
2.34 -0.01795524
2.36 0.0004581639
2.38 0.006115782
2.4 0.008369465
2.42 -0.001831281
2.44 -0.001498441
2.46 -0.004104736
2.48 -0.007480626
2.5 -0.004958934
2.52 0.0006411158
2.54 -0.006831574
2.56 0.01822469
2.58 0.01269229
2.6 -0.01767129
2.62 0.001609105
2.64 -0.003010879
2.66 -0.001678291
2.68 0.005778368
2.7 0.003283857
2.72 -0.008145394
2.74 -0.007308051
2.76 0.0004244818
2.78 -0.005683296
2.8 0.002362803
2.82 0.01889069
2.84 0.008375305
2.86 0.001527016
2.88 -0.01797705
2.9 -0.02725848
2.92 -0.00103188
2.94 0.002905557
2.96 0.0273451
2.98 0.02650529
3 0.009650772
3.02 -0.01172632
3.04 -0.02197973
3.06 -0.008153389
3.08 -0.01428036
3.1 0.01794253
3.12 0.03888446
3.14 -0.01013493
3.16 -0.02617666
3.18 -0.005194493
3.2 -0.007998503
3.22 0.003678793
3.24 0.02019205
3.26 0.001470715
3.28 -0.02446403
3.3 -0.01334733
3.32 -0.001688437
3.34 -0.006069334
3.36 0.01309685
3.38 0.009693101
3.4 -0.006463562
3.42 -0.01191813
3.44 -0.01030964
3.46 0.00785879
3.48 -0.002945775
3.5 0.004304118
3.52 0.01352585
3.54 0.005465977
3.56 -0.009460544
3.58 -0.006685966
3.6 0.01281174
3.62 -0.0007557751
3.64 0.007161159
3.66 0.01138634
3.68 -0.02433285
3.7 0.0002005904
3.72 0.02104478
3.74 -0.004128948
3.76 0.01195833
3.78 0.01030851
3.8 -0.01930196
3.82 -0.007726741
3.84 0.007436115
3.86 -0.00449975
3.88 0.0122532
3.9 0.03422808
3.92 0.01170231
3.94 -0.02474857
3.96 -0.01829216
3.98 -0.0185464
4 -0.005728833
4.02 0.008738764
4.04 0.004481531
4.06 0.009678994
4.08 0.01597555
4.1 0.00582579
4.12 -0.01252901
4.14 -0.007693965
4.16 -0.0031518
4.18 0.006392375
4.2 0.01178481
4.22 -0.01565421
4.24 -0.02411245
4.26 0.002528775
4.28 0.001698817
4.3 -0.007773116
4.32 0.02198276
4.34 0.02465357
4.36 0.0004233835
4.38 0.004584996
4.4 -0.006516394
4.42 -0.04034328
4.44 -0.01615849
4.46 0.02927265
4.48 0.01506346
4.5 0.00594269
4.52 0.01086344
4.54 -0.002070004
4.56 -0.0168572
4.58 0.006187698
4.6 0.01022223
4.62 0.001944581
4.64 0.0002069598
4.66 -0.01577362
4.68 -0.01177225
4.7 -0.003855632
4.72 0.02461526
4.74 0.03440228
4.76 0.001537319
4.78 -0.01887129
4.8 -0.01780745
4.82 -0.01790498
4.84 0.002765052
4.86 0.0186782
4.88 0.01131791
4.9 0.005963843
4.92 -0.006836269
4.94 -0.03824529
4.96 -0.007018303
4.98 0.04333609
5 0.03056712
5.02 0.006992875
5.04 -0.02253271
5.06 -0.05785376
5.08 -0.07183074
5.1 -0.0202056
5.12 0.04628894
5.14 0.05677723
5.16 0.01924243
5.18 -0.001666727
5.2 -0.01884888
5.22 -0.03212916
5.24 0.006798618
5.26 0.009246157
5.28 0.01152465
5.3 0.02230343
5.32 0.0132951
5.34 0.01358445
5.36 -0.01735065
5.38 -0.02194905
5.4 -0.01577094
5.42 0.005573786
5.44 0.0180122
5.46 0.004036813
5.48 -0.00729375
5.5 -0.006399845
5.52 -0.004124871
5.54 -0.04653448
5.56 -0.04219184
5.58 0.01009018
5.6 0.008894644
5.62 0.0128533
5.64 0.03337466
5.66 0.03225022
5.68 0.01901449
5.7 0.02610194
5.72 0.0291966
5.74 0.02391675
5.76 0.04249284
5.78 -0.007781138
5.8 -0.04831255
5.82 -0.08976258
5.84 -0.104701
5.86 -0.004591871
5.88 0.06899225
5.9 0.08561386
5.92 0.05378389
5.94 -0.008747412
5.96 -0.05888063
5.98 -0.05420787
6 -0.02472226
6.02 -0.0007997954
6.04 0.0239426
6.06 0.04210964
6.08 0.04647985
6.1 0.01173587
6.12 -0.03832828
6.14 -0.05561131
6.16 -0.05714364
6.18 -0.0409045
6.2 -0.03355784
6.22 -0.01679131
6.24 0.0212454
6.26 0.03922159
6.28 0.06130858
6.3 0.05201652
6.32 0.0283888
6.34 0.002252433
6.36 -0.02106245
6.38 -0.06223265
6.4 -0.02704014
6.42 0.01191661
6.44 0.02014634
6.46 0.0648413
6.48 0.02510543
6.5 -0.01514025
6.52 -0.001129034
6.54 0.0122167
6.56 0.01169245
6.58 -0.005361763
6.6 -0.02355294
6.62 -0.02059222
6.64 -0.02242082
6.66 -0.02108475
6.68 0.02492883
6.7 0.02477185
6.72 0.01250357
6.74 0.01939176
6.76 -0.02017795
6.78 -0.03813859
6.8 -0.004180477
6.82 0.01512858
6.84 0.01949418
6.86 0.01618113
6.88 -0.02065667
6.9 -0.05756667
6.92 -0.03979501
6.94 -0.01485264
6.96 0.00522201
6.98 0.07867441
7 0.09980099
7.02 0.06983125
7.04 -0.001195717
7.06 -0.0467681
7.08 -0.03900596
7.1 -0.01383945
7.12 0.02924245
7.14 0.0238636
7.16 0.01270438
7.18 -0.00265097
7.2 -0.02622157
7.22 -0.02675375
7.24 -0.03803797
7.26 -0.02554122
7.28 -0.0167017
7.3 0.001197539
7.32 0.003720226
7.34 -0.00161109
7.36 -0.00848594
7.38 -0.0277448
7.4 -0.009205089
7.42 0.02491499
7.44 0.02952256
7.46 0.02754693
7.48 0.02634108
7.5 -0.02664707
7.52 -0.04434972
7.54 -0.01684993
7.56 -0.001582382
7.58 0.02164724
7.6 0.03747861
7.62 0.03179298
7.64 0.003079066
7.66 -0.004486613
7.68 0.002716858
7.7 -0.01593879
7.72 -0.03496957
7.74 -0.02342634
7.76 0.006840134
7.78 0.01690859
7.8 0.01548446
7.82 0.01567847
7.84 -0.01571994
7.86 -0.06150972
7.88 -0.05316994
7.9 -0.02345474
7.92 0.003618363
7.94 0.05096544
7.96 0.07044792
7.98 0.05723057
8 0.04270412
8.02 -0.01581342
8.04 -0.07541135
8.06 -0.07876822
8.08 -0.0353759
8.1 0.001311955
8.12 0.008350635
8.14 0.00760723
8.16 -0.008845721
8.18 -0.009169237
8.2 0.001429484
8.22 0.02330895
8.24 0.01655628
8.26 -0.0007917207
8.28 -0.003667372
8.3 -0.01758238
8.32 0.008648389
8.34 0.03491492
8.36 0.04500331
8.38 0.04684764
8.4 0.02093765
8.42 -0.007710089
8.44 -0.03725191
8.46 -0.05078945
8.48 -0.05294414
8.5 -0.05114824
8.52 -0.01786548
8.54 0.04042708
8.56 0.098182
8.58 0.1184755
8.6 0.1170961
8.62 0.07148653
8.64 -0.02369264
8.66 -0.08409454
8.68 -0.1098332
8.7 -0.06544147
8.72 0.003890438
8.74 0.01630082
8.76 0.006669971
8.78 0.006070657
8.8 0.0211934
8.82 0.02325021
8.84 0.006893854
8.86 -0.01212523
8.88 -0.04337624
8.9 -0.05601853
8.92 -0.05233345
8.94 -0.03146119
8.96 -0.001977922
8.98 0.02757209
9 0.03746547
9.02 0.01153697
9.04 0.00802818
9.06 0.01136542
9.08 3.42258e-05
9.1 -0.01395317
9.12 -0.01239819
9.14 -0.01281511
9.16 -0.01621376
9.18 0.005831721
9.2 0.03956439
9.22 0.01643678
9.24 -0.0208275
9.26 -0.006876151
9.28 -0.01216442
9.3 -0.01811684
9.32 0.00130473
9.34 0.01151767
9.36 0.02355713
9.38 0.0314669
9.4 0.02281971
9.42 0.009303821
9.44 0.01907905
9.46 0.02830769
9.48 0.04244296
9.5 0.02801847
9.52 -0.01558807
9.54 -0.03685339
9.56 -0.07450674
9.58 -0.07272703
9.6 -0.0236299
9.62 0.01836854
9.64 0.03810334
9.66 0.03516625
9.68 0.03400703
9.7 0.01201104
9.72 -0.02463482
9.74 -0.02438289
9.76 -0.02110997
9.78 -0.02066604
9.8 -0.01229084
9.82 -0.0008326089
9.84 0.006476
9.86 -0.009139731
9.88 -0.01949441
9.9 -0.01335336
9.92 -0.01652138
9.94 -0.007295664
9.96 0.01529384
9.98 0.02366217
10 0.02731487
10.02 -0.006798645
10.04 -0.02538925
10.06 0.002058122
10.08 0.01806872
10.1 0.03829696
10.12 0.03837145
10.14 0.006626872
10.16 -0.04001875
10.18 -0.07388963
10.2 -0.06688722
10.22 -0.02876361
10.24 0.02851838
10.26 0.0745957
10.28 0.06198627
10.3 0.03501768
10.32 0.0006583504
10.34 -0.06133032
10.36 -0.05174005
10.38 -0.006072357
10.4 -0.02046952
10.42 -0.01725431
10.44 0.01043473
10.46 -0.00163989
10.48 0.02213503
10.5 0.06932344
10.52 0.0738819
10.54 0.02944647
10.56 -0.02204423
10.58 -0.03676133
10.6 -0.03717054
10.62 -0.02058585
10.64 0.03028998
10.66 0.06062387
10.68 0.04132945
10.7 0.0008044463
10.72 -0.06329546
10.74 -0.06315431
10.76 -0.01320937
10.78 0.02329825
10.8 0.06017679
10.82 0.02858019
10.84 -0.02237697
10.86 -0.05008228
10.88 -0.05239875
10.9 0.005218154
10.92 0.03180023
10.94 0.05903097
10.96 0.04831799
10.98 -0.0006170498
11 -0.02548956
11.02 -0.03024269
11.04 -0.02292523
11.06 -0.05206955
11.08 -0.0537547
11.1 -0.04209537
11.12 -0.01298345
11.14 0.02468089
11.16 0.03577727
11.18 0.03485763
11.2 0.008968682
11.22 -0.006347617
11.24 -0.05538938
11.26 -0.02840107
11.28 0.02267544
11.3 -0.03464752
11.32 -0.02573965
11.34 0.03573925
11.36 0.03724209
11.38 0.05694481
11.4 0.1048207
11.42 0.1013609
11.44 0.0657304
11.46 0.0399691
11.48 0.008383006
11.5 -0.06213187
11.52 -0.1305558
11.54 -0.1344487
11.56 -0.08829459
11.58 -0.03179756
11.6 0.01512529
11.62 0.04623479
11.64 0.0961727
11.66 0.08350918
11.68 0.02194018
11.7 0.01534175
11.72 -0.07507378
11.74 -0.09596737
11.76 -0.04386958
11.78 -0.01825364
11.8 0.03845275
11.82 0.02360981
11.84 0.01085688
11.86 0.007392277
11.88 -0.03251944
11.9 -0.04174807
11.92 -0.01348891
11.94 0.02896065
11.96 0.03580541
11.98 0.02663949
12 0.04797442
12.02 0.04756765
12.04 0.05056799
12.06 0.02917076
12.08 0.007470509
12.1 0.0005143286
12.12 -0.04266243
12.14 -0.02266869
12.16 0.01533788
12.18 0.005368746
12.2 0.008012103
12.22 0.007479975
12.24 0.001904311
12.26 -0.03349432
12.28 -0.03875749
12.3 -0.005939182
12.32 -0.002808838
12.34 0.007739301
12.36 -0.002721818
12.38 -0.03460363
12.4 -0.03166103
12.42 -0.01628214
12.44 0.007094929
12.46 0.02046221
12.48 0.02419919
12.5 0.02599434
12.52 0.00134528
12.54 -0.02219031
12.56 -0.03447204
12.58 -0.04759526
12.6 -0.03729444
12.62 -0.01579125
12.64 0.008122201
12.66 0.02176484
12.68 0.03067709
12.7 0.05071355
12.72 0.01572663
12.74 -0.01868282
12.76 -0.02588386
12.78 -0.04295815
12.8 -0.04250377
12.82 -0.02298608
12.84 -0.02669269
12.86 -0.01997201
12.88 0.02085297
12.9 0.0310685
12.92 0.02979719
12.94 0.03164897
12.96 0.02769266
12.98 0.01842672
13 0.01626385
13.02 0.01686661
13.04 0.02545033
13.06 0.02991208
13.08 0.018845
13.1 0.005851362
13.12 -0.004184566
13.14 0.002901043
13.16 0.01635995
13.18 0.02198266
13.2 -0.0009057023
13.22 -0.03017508
13.24 -0.04384394
13.26 -0.04382825
13.28 -0.02929183
13.3 -0.02251115
13.32 -0.004992836
13.34 -0.003678651
13.36 -0.01913865
13.38 -0.02142548
13.4 -0.02249559
13.42 -0.01650392
13.44 0.009882704
13.46 0.02837763
13.48 0.01196255
13.5 0.00757838
13.52 -0.00907685
13.54 -0.01792422
13.56 0.01183224
13.58 0.03494657
13.6 0.05139605
13.62 0.05611563
13.64 0.04491736
13.66 0.006768617
13.68 -0.02143591
13.7 -0.030112
13.72 -0.03775171
13.74 -0.0214082
13.76 0.001808196
13.78 -0.004105532
13.8 -0.00948421
13.82 0.006676557
13.84 0.01634418
13.86 0.02838912
13.88 0.03620379
13.9 0.0003163023
13.92 -0.03391402
13.94 -0.04822253
13.96 -0.04399491
13.98 -0.01864338
14 -0.006180793
14.02 0.01512244
14.04 0.01599883
14.06 0.00239136
14.08 -0.004305988
14.1 -0.01201997
14.12 -0.001502591
14.14 0.006295033
14.16 0.006137129
14.18 0.008871573
14.2 0.01050682
14.22 0.006516994
14.24 0.01024278
14.26 0.01859248
14.28 0.01653714
14.3 0.01015027
14.32 0.003148938
14.34 -0.01012873
14.36 -0.01242331
14.38 -0.009516988
14.4 0.005084125
14.42 0.0261966
14.44 0.02350964
14.46 0.02565951
14.48 0.007299724
14.5 -0.001458603
14.52 0.00699005
14.54 0.001656616
14.56 0.002089931
14.58 0.004727871
14.6 0.0003688444
14.62 -0.01117182
14.64 -0.01089652
14.66 -0.004021517
14.68 -0.0004770473
14.7 -0.003243838
14.72 0.0001272103
14.74 0.007317875
14.76 0.005854209
14.78 -0.00342712
14.8 -0.007637402
14.82 -0.009454247
14.84 -0.01492617
14.86 -0.01402181
14.88 -0.01930864
14.9 -0.01976547
14.92 -0.01851242
14.94 -0.01628059
14.96 -0.009565113
14.98 -0.004737103
15 0.00841226
15.02 0.0218444
15.04 0.02494555
15.06 0.02105041
15.08 0.01214513
15.1 -0.008459367
15.12 -0.01659683
15.14 -0.01586507
15.16 -0.01792328
15.18 -0.0158363
15.2 0.002495407
15.22 0.006920002
15.24 0.0008296791
15.26 -0.001690997
15.28 -0.007707136
15.3 -0.01126097
15.32 -0.02043537
15.34 -0.01260021
15.36 0.008579836
15.38 0.03199941
15.4 0.03923985
15.42 0.01853947
15.44 -0.01097461
15.46 -0.02662572
15.48 -0.02844946
15.5 -0.02287401
15.52 -0.01050419
15.54 -0.004351871
15.56 0.01159707
15.58 0.02404725
15.6 0.02054942
15.62 0.0143291
15.64 0.005271474
15.66 -0.003382096
15.68 -0.005456728
15.7 0.00184476
15.72 0.005658716
15.74 0.00804116
15.76 0.008320266
15.78 0.006043505
15.8 -0.0009087892
15.82 -0.009300615
15.84 -0.01262504
15.86 -0.009957603
15.88 -0.009104957
15.9 -0.001619959
15.92 -0.001780179
15.94 -0.006407135
15.96 0.006529629
15.98 0.01542084
16 0.01439055
16.02 0.002867214
16.04 -0.005315294
16.06 -0.00409319
16.08 -0.0008451281
16.1 0.004540248
16.12 0.01007599
16.14 0.001651989
16.16 -0.009990522
16.18 -0.001270002
16.2 0.007049177
16.22 0.01590595
16.24 0.03529425
16.26 0.03695014
16.28 0.0220902
16.3 0.003737388
16.32 -0.01281942
16.34 -0.02323456
16.36 -0.02097949
16.38 -0.01601179
16.4 -0.01100927
16.42 -0.003390845
16.44 -0.002129226
16.46 0.002484459
16.48 0.002752831
16.5 -0.006258738
16.52 -0.007181388
16.54 -0.002885476
16.56 -0.0008952796
16.58 0.006994629
16.6 0.01108535
16.62 0.006331213
16.64 -0.001344765
16.66 -0.005897817
16.68 -0.01043697
16.7 -0.006670649
16.72 -0.00105442
16.74 -0.004657058
16.76 -0.009436139
16.78 -0.01401942
16.8 -0.01427924
16.82 -0.01313818
16.84 -0.009658607
16.86 -0.004270699
16.88 0.0007710481
16.9 0.005806975
16.92 0.009980607
16.94 0.0137725
16.96 0.008578636
16.98 -0.005063499
17 -0.01096823
17.02 -0.008562677
17.04 -0.002366415
17.06 0.001209557
17.08 0.003330043
17.1 0.008199613
17.12 0.01081358
17.14 0.005917263
17.16 0.004140542
17.18 0.01077667
17.2 0.007943673
17.22 -0.001049828
17.24 -0.006665742
17.26 -0.01528134
17.28 -0.01887134
17.3 -0.01007892
17.32 -0.001819024
17.34 0.003927115
17.36 0.007752856
17.38 0.004723121
17.4 -0.004180322
17.42 -0.005264813
17.44 0.0008081823
17.46 0.004862725
17.48 0.01065645
17.5 0.01307764
17.52 0.009598773
17.54 0.004764906
17.56 0.002455143
17.58 0.001671103
17.6 0.006931707
17.62 0.01734873
17.64 0.01653107
17.66 0.01259663
17.68 0.002311377
17.7 -0.009093786
17.72 -0.01182185
17.74 -0.008481641
17.76 -0.003136724
17.78 0.002504871
17.8 0.0105042
17.82 0.01747896
17.84 0.01783454
17.86 0.01385638
17.88 0.007592902
17.9 -0.006945618
17.92 -0.01432092
17.94 -0.008837466
17.96 -0.0007973038
17.98 0.001249209
18 0.006744381
18.02 0.008294407
18.04 0.0004318321
18.06 -0.005328075
18.08 -0.0172982
18.1 -0.02216268
18.12 -0.01504793
18.14 -0.002813975
18.16 0.01088075
18.18 0.01140534
18.2 0.005723814
18.22 -0.0098559
18.24 -0.02103095
18.26 -0.01460639
18.28 -0.01174516
18.3 -0.009782729
18.32 -0.007283532
18.34 -0.008406112
18.36 -0.009319796
18.38 -0.003144792
18.4 0.002918395
18.42 0.004204156
18.44 0.003904824
18.46 -0.001441748
18.48 -0.004358327
18.5 -0.00163085
18.52 0.003297277
18.54 0.006564332
18.56 1.717081e-05
18.58 -0.007325437
18.6 -0.01123897
18.62 -0.008527164
18.64 -0.0004882654
18.66 0.004496501
18.68 0.006924182
18.7 0.003929589
18.72 -0.004163985
18.74 -0.009665257
18.76 -0.006662708
18.78 0.002255827
18.8 0.0108326
18.82 0.01053863
18.84 0.003041387
18.86 -0.0003009406
18.88 0.0007220933
18.9 0.001771788
18.92 0.005122955
18.94 0.009599616
18.96 0.006574713
18.98 0.0050671
19 0.01008965
19.02 0.01035097
19.04 0.007827626
19.06 0.00582998
19.08 0.007126982
19.1 0.003986168
19.12 -0.0002288238
19.14 -0.001132015
19.16 -0.004584626
19.18 -0.007706816
19.2 -0.007326175
19.22 -0.002988071
19.24 -0.002915394
19.26 -0.002438596
19.28 -0.006912891
19.3 -0.01274481
19.32 -0.009908335
19.34 -0.004804977
19.36 -0.002168353
19.38 0.001909282
19.4 0.00879513
19.42 0.009808948
19.44 0.004796862
19.46 2.420806e-05
19.48 -0.00566443
19.5 -0.01142498
19.52 -0.004338798
19.54 0.005998218
19.56 0.01097986
19.58 0.008999731
19.6 0.00526559
19.62 0.006213653
19.64 0.005872086
19.66 0.003800405
19.68 0.001799525
19.7 0.0003939103
19.72 -0.001863563
19.74 -0.001580816
19.76 0.001673119
19.78 0.0009762336
19.8 -0.002807971
19.82 -0.01034158
19.84 -0.01597353
19.86 -0.01094843
19.88 -0.008493515
19.9 -0.0008381827
19.92 0.002180958
19.94 -0.003410584
19.96 -0.00289194
19.98 -0.00531811
20 0.003977361
20.02 0.0152216
20.04 0.01449648
20.06 0.008902352
20.08 0.001208703
20.1 -0.004939527
20.12 -0.00319173
20.14 0.003764237
20.16 0.01242264
20.18 0.01306106
20.2 0.006736567
20.22 -0.0006518318
20.24 -0.002255731
20.26 2.832764e-05
20.28 0.002579042
20.3 0.006661086
20.32 0.005464947
20.34 0.004354627
20.36 -0.001623176
20.38 -0.004126089
20.4 -0.007495514
20.42 -0.01157675
20.44 -0.00649754
20.46 -0.001180232
20.48 0.003843555
20.5 0.005299243
20.52 -0.0004369374
20.54 -0.009300645
20.56 -0.01079968
20.58 -0.006203856
20.6 0.0004818607
20.62 0.01081551
20.64 0.01320818
20.66 0.006302454
20.68 -0.002110595
20.7 -0.007315441
20.72 -0.004363306
20.74 0.001067041
20.76 0.001549835
20.78 0.002837945
20.8 0.0008247248
20.82 -0.0007797473
20.84 -0.001727981
20.86 0.001893746
20.88 0.004199929
20.9 0.002313592
20.92 0.0008699087
20.94 -0.005934006
20.96 -0.007895597
20.98 -0.007257012
21 -0.006142405
21.02 -0.006242917
21.04 -0.006718255
21.06 -0.00891367
21.08 -0.008440602
21.1 -0.004379309
21.12 -0.0007452181
21.14 0.004925637
21.16 0.002867317
21.18 -0.006969572
21.2 -0.01351251
21.22 -0.01231961
21.24 -0.007147257
21.26 -0.001786804
21.28 0.004200366
21.3 0.01050315
21.32 0.01575765
21.34 0.01799125
21.36 0.01026312
21.38 -0.002781399
21.4 -0.01147588
21.42 -0.01603365
21.44 -0.01149116
21.46 -0.003328135
21.48 0.01159667
21.5 0.02112014
21.52 0.01765763
21.54 0.003698415
21.56 -0.01587715
21.58 -0.02013726
21.6 -0.01298689
21.62 0.001013665
21.64 0.008465648
21.66 0.01051707
21.68 0.007504122
21.7 7.840557e-05
21.72 -0.003211893
21.74 -0.003959119
21.76 0.003278385
21.78 0.01149205
21.8 0.01165888
21.82 0.008792439
21.84 0.005836579
21.86 0.001240087
21.88 -0.00482191
21.9 -0.008555387
21.92 -0.008150234
21.94 -0.003679171
21.96 0.004502428
21.98 0.007788564
22 0.004466219
22.02 0.0003605963
22.04 -0.003753226
22.06 -0.008491518
22.08 -0.009972464
22.1 -0.006697161
22.12 -0.003769663
22.14 0.002638915
22.16 0.00782453
22.18 0.01165773
22.2 0.009810273
22.22 0.002750015
22.24 -0.004329714
22.26 -0.009202499
22.28 -0.004113218
22.3 0.00246209
22.32 0.007446876
22.34 0.008688025
22.36 0.005646224
22.38 0.004308349
22.4 0.001577059
22.42 -0.001969318
22.44 -0.001408541
22.46 -0.000181155
22.48 -0.002148978
22.5 -0.0042207
22.52 -0.00154492
22.54 0.001191585
22.56 0.001941201
22.58 0.003411876
22.6 0.001394645
22.62 -0.00212849
22.64 -0.0009406198
22.66 0.0003064777
22.68 -0.0007344613
22.7 0.003283383
22.72 0.006753618
22.74 0.004635281
22.76 0.002158461
22.78 -0.003623564
22.8 -0.008741425
22.82 -0.00710218
22.84 -0.001102461
22.86 0.006234529
22.88 0.01135055
22.9 0.007479283
22.92 0.0002186617
22.94 -0.007738367
22.96 -0.01082498
22.98 -0.005694161
23 -9.596769e-05
23.02 0.003993663
23.04 0.001910757
23.06 -0.0005240155
23.08 5.500449e-05
23.1 -0.005209935
23.12 -0.009412069
23.14 -0.005594565
23.16 -0.0007535384
23.18 0.002750845
23.2 0.0007251625
23.22 -0.006279734
23.24 -0.01067272
23.26 -0.00824446
23.28 -0.006144276
23.3 -0.001968415
23.32 0.007244154
23.34 0.01169443
23.36 0.007616762
23.38 -0.0006553344
23.4 -0.007429198
23.42 -0.01016315
23.44 -0.006699551
23.46 0.0009587461
23.48 0.002908141
23.5 0.001949873
23.52 0.0002177266
23.54 0.0006135803
23.56 0.002737126
23.58 0.003061631
23.6 0.001648128
23.62 -0.004971962
23.64 -0.009769008
23.66 -0.009264417
23.68 -0.002879745
23.7 0.005326551
23.72 0.009703262
23.74 0.01098956
23.76 0.00512764
23.78 -7.563844e-05
23.8 -0.0005197123
23.82 -0.0009884782
23.84 -0.001070176
23.86 0.001013494
23.88 0.002883137
23.9 5.862411e-05
23.92 0.0008339769
23.94 -0.001058278
23.96 -0.001615294
23.98 -0.001833978
24 -0.004730902
24.02 -0.003847228
24.04 -0.002094001
24.06 0.001542191
24.08 0.004409751
24.1 0.004642328
24.12 0.004067012
24.14 0.003901289
24.16 0.001968354
24.18 -0.001294069
24.2 -0.006440302
24.22 -0.009177865
24.24 -0.007952108
24.26 -0.004129527
24.28 0.000124012
24.3 0.00339221
24.32 0.002135308
24.34 0.00197518
24.36 0.002615153
24.38 0.003509726
24.4 0.006463397
24.42 0.008261133
24.44 0.008960294
24.46 0.008045634
24.48 0.006039169
24.5 0.001926314
24.52 0.0007857309
24.54 0.0007770197
24.56 0.003982792
24.58 0.006443707
24.6 0.004645267
24.62 0.003662084
24.64 -0.0002082398
24.66 0.0006934776
24.68 0.004033072
24.7 0.005118983
24.72 0.00818822
24.74 0.009589189
24.76 0.006844377
24.78 -0.00033765
24.8 -0.003226928
24.82 -0.00159245
24.84 -0.0007140905
24.86 -0.0003440197
24.88 -0.004676461
24.9 -0.007218374
24.92 -0.00727803
24.94 -0.008539754
24.96 -0.004040558
24.98 0.002174457
25 0.004950357
25.02 0.005223817
25.04 0.0008780679
25.06 -0.003149975
25.08 -0.004887047
25.1 -0.005987554
25.12 -0.006493543
25.14 -0.006160084
25.16 -0.005857532
25.18 -0.004867926
25.2 -0.00281377
25.22 -0.001643602
25.24 -0.001360646
25.26 -0.001925374
25.28 -0.0005348885
25.3 7.439341e-05
25.32 -0.0006331068
25.34 -0.002536917
25.36 -0.005447227
25.38 -0.008209658
25.4 -0.008084487
25.42 -0.005498323
25.44 -0.0007931103
25.46 0.001609334
25.48 0.0006824064
25.5 -0.003220449
25.52 -0.007110264
25.54 -0.006412971
25.56 -0.00451294
25.58 -0.0003830279
25.6 0.0006062508
25.62 0.0002116386
25.64 0.001855403
25.66 0.004626672
25.68 0.007397502
25.7 0.004046904
25.72 0.001125523
25.74 -0.001855562
25.76 -0.004121372
25.78 -0.002277101
25.8 0.002482307
25.82 0.007361426
25.84 0.007541139
25.86 0.006312147
25.88 0.004415964
25.9 0.00147503
25.92 0.0004083169
25.94 0.0009412117
25.96 0.0002344596
25.98 -0.0005952876
26 -0.00264384
26.02 -0.005374844
26.04 -0.005143489
26.06 -0.003583774
26.08 -0.001380342
26.1 -0.0006329818
26.12 -0.00278835
26.14 -0.002817168
26.16 -0.002114014
26.18 0.0009426949
26.2 0.004071021
26.22 0.00455181
26.24 0.001901238
26.26 -0.001843784
26.28 -0.003708355
26.3 -0.004526031
26.32 -0.0007518685
26.34 0.00137666
26.36 0.001136838
26.38 0.001566023
26.4 0.000805721
26.42 3.481472e-05
26.44 -0.001624594
26.46 -0.0007691473
26.48 0.001601293
26.5 0.001309492
26.52 0.000257883
26.54 0.002321208
26.56 0.002830537
26.58 2.551714e-05
26.6 -0.001434464
26.62 -0.003356061
26.64 -0.00466249
26.66 0.0003322728
26.68 0.00502715
26.7 0.006274645
26.72 0.008482305
26.74 0.00736793
26.76 0.005089908
26.78 -0.0007023325
26.8 -0.001928394
26.82 -0.0006590098
26.84 0.0005340908
26.86 0.003541947
26.88 0.002709577
26.9 0.003598828
26.92 0.002851725
26.94 0.00126425
26.96 -0.0007108553
26.98 -0.004201568
27 -0.001559776
27.02 0.002576855
27.04 0.00492864
27.06 0.005947197
27.08 0.0007528145
27.1 -0.003187697
27.12 -0.004253659
27.14 -0.002851402
27.16 -0.0007369324
27.18 0.001709061
27.2 0.001873708
27.22 -0.000866417
27.24 -0.003700859
27.26 -0.003654871
27.28 0.0001308407
27.3 0.001550054
27.32 0.0002238981
27.34 0.0007115844
27.36 0.001903721
27.38 0.004620183
27.4 0.00639941
27.42 0.001703774
27.44 -0.003700431
27.46 -0.003042424
27.48 9.933414e-05
27.5 0.00340841
27.52 0.006474007
27.54 0.003777845
27.56 -0.0003190863
27.58 -0.002393675
27.6 -0.003859114
27.62 -0.002469039
27.64 0.0001412468
27.66 0.002449272
27.68 0.004111441
27.7 0.002657268
27.72 -0.0004753367
27.74 -0.002259442
27.76 -0.00203544
27.78 -0.002076826
27.8 -0.003096742
27.82 -0.0006225595
27.84 0.0006535531
27.86 0.001159213
27.88 0.001915664
27.9 0.000311383
27.92 0.001121335
27.94 0.001886433
27.96 -0.0009625028
27.98 -0.005548097
28 -0.007175178
28.02 -0.005035972
28.04 0.0002067689
28.06 0.003893144
28.08 0.006103536
28.1 0.004683431
28.12 0.001758036
28.14 -0.0008306884
28.16 -0.003659789
28.18 -0.00483695
28.2 -0.005999765
28.22 -0.004978657
28.24 -0.001159437
28.26 0.001764255
28.28 0.001330526
28.3 -0.0002434771
28.32 -0.001919098
28.34 -0.0007822408
28.36 6.854411e-05
28.38 0.0002680666
28.4 -0.00112591
28.42 -0.005221842
28.44 -0.009205516
28.46 -0.008611288
28.48 -0.004506802
28.5 -0.00054448
28.52 0.003174252
28.54 0.003893979
28.56 0.003403461
28.58 0.001822776
28.6 -0.002200592
28.62 -0.006094384
28.64 -0.00825445
28.66 -0.005196393
28.68 -8.044192e-05
28.7 0.003598347
28.72 0.004056198
28.74 0.001586509
28.76 -0.0009393769
28.78 -0.002086641
28.8 -0.0009674522
28.82 -8.745551e-05
28.84 -0.0002761383
28.86 -0.0004663638
28.88 0.0001085032
28.9 0.0007239281
28.92 0.0004475813
28.94 -0.001425609
28.96 -0.002107336
28.98 -0.001857604
29 0.0005299097
29.02 0.004100107
29.04 0.004365129
29.06 0.003499346
29.08 0.003160952
29.1 -0.0007712837
29.12 -0.003591623
29.14 -0.001378492
29.16 -0.001507983
29.18 0.0005032748
29.2 0.001939597
29.22 0.001466472
29.24 0.001365375
29.26 -0.001190141
29.28 -0.001877728
29.3 -0.001584986
29.32 4.914187e-05
29.34 0.003586198
29.36 0.006026557
29.38 0.00464561
29.4 0.003568596
29.42 0.003029306
29.44 0.001725406
29.46 0.003604532
29.48 0.003654986
29.5 0.002219923
29.52 0.002319128
29.54 0.001685656
29.56 0.002462303
29.58 0.004489025
29.6 0.002713449
29.62 -0.001028004
29.64 -0.003882006
29.66 -0.00376528
29.68 -0.0003369414
29.7 -0.0002429046
29.72 -0.0001389028
29.74 0.0003963076
29.76 0.002679479
29.78 0.00611652
29.8 0.007843062
29.82 0.006968974
29.84 0.003084967
29.86 0.000842206
29.88 -0.001608699
29.9 -0.003530046
29.92 -0.002728592
29.94 -0.001761516
29.96 -0.001008501
29.98 -0.0007328525
30 0.000252302
30.02 0.001468659
30.04 0.002454387
30.06 0.002061476
30.08 0.0001067456
30.1 -0.005071502
30.12 -0.006794395
30.14 -0.001565951
30.16 0.001161628
30.18 0.001670251
30.2 0.000248074
30.22 -0.002339849
30.24 -0.004789707
30.26 -0.00314984
30.28 -0.0009246183
30.3 -0.003180648
30.32 -0.005421824
30.34 -0.00662384
30.36 -0.007374439
30.38 -0.006079125
30.4 -0.003155485
30.42 0.0005474961
30.44 -0.0002939942
30.46 -0.0008030471
30.48 -0.001153058
30.5 -0.001680344
30.52 -0.001389911
30.54 -0.003799856
30.56 -0.005038766
30.58 -0.006519808
30.6 -0.004964703
30.62 -0.002954226
30.64 -0.0002512588
30.66 0.001658552
30.68 0.001628362
30.7 0.00033574
30.72 -0.001597524
30.74 -0.001538375
30.76 0.0003479054
30.78 0.00155744
30.8 0.001743564
30.82 0.002636893
30.84 0.00292633
30.86 0.004633217
30.88 0.004981139
30.9 0.002797171
30.92 0.000698894
30.94 0.0001941301
30.96 -0.001021324
30.98 -0.001346827
31 -0.001226504
31.02 -4.671954e-05
31.04 0.001627481
31.06 0.00361262
31.08 0.004227518
31.1 0.001988229
31.12 0.001129037
31.14 -0.0008820547
31.16 -0.0003571174
31.18 0.003161691
31.2 0.004558942
31.22 0.004443244
31.24 0.00427151
31.26 0.00373063
31.28 0.0009236461
31.3 -5.510237e-05
31.32 0.001704148
31.34 0.004265167
31.36 0.005790915
31.38 0.005437717
31.4 0.004694296
31.42 0.002323873
31.44 -0.000605108
31.46 -0.0007965474
31.48 0.0004100565
31.5 0.00215757
31.52 0.003435852
31.54 0.002492715
31.56 0.0004850406
31.58 -0.0004203164
31.6 0.0002379705
31.62 0.001896847
31.64 0.003316395
31.66 0.003104156
31.68 0.001788403
31.7 -0.00192039
31.72 -0.003188449
31.74 -0.0007913568
31.76 0.001532013
31.78 0.003283563
31.8 0.001111592
31.82 -0.001979823
31.84 -0.00430377
31.86 -0.004082355
31.88 4.162948e-05
31.9 0.001550397
31.92 0.001917783
31.94 0.0008502066
31.96 -0.001278723
31.98 -0.0006931723
32 0.0005522267
32.02 0.001355817
32.04 -0.000322096
32.06 -0.001566138
32.08 -0.002504766
32.1 -0.003547218
32.12 -0.004385342
32.14 -0.00409113
32.16 -0.004411172
32.18 -0.002545953
32.2 -0.0004712658
32.22 -0.0006554389
32.24 -0.0002409562
32.26 -0.00189937
32.28 -0.004163327
32.3 -0.007017831
32.32 -0.008465118
32.34 -0.007221597
32.36 -0.004533981
32.38 -0.002168321
32.4 0.0003050773
32.42 0.0007386882
32.44 0.000233216
32.46 -0.000589177
32.48 -0.002749861
32.5 -0.004091063
32.52 -0.00500852
32.54 -0.004315855
32.56 -0.001950508
32.58 -0.001283432
32.6 -0.002208623
32.62 -0.004061175
32.64 -0.005340537
32.66 -0.003027583
32.68 0.0005113628
32.7 0.001460974
32.72 0.002074922
32.74 0.002139344
32.76 0.001351917
32.78 0.0008927367
32.8 0.001079946
32.82 0.001744542
32.84 0.001350286
32.86 0.003469832
32.88 0.005208326
32.9 0.004363057
32.92 0.002573306
32.94 8.586993e-06
32.96 -0.001976894
32.98 -0.001790187
33 0.0003081392
33.02 0.001505369
33.04 0.001935385
33.06 0.002114881
33.08 0.00239477
33.1 0.001448025
33.12 -7.44859e-05
33.14 0.0006417286
33.16 0.002074815
33.18 0.005224689
33.2 0.006239117
33.22 0.004882105
33.24 0.004023637
33.26 0.001883904
33.28 0.0004165524
33.3 0.000967831
33.32 0.0009881085
33.34 0.00234026
33.36 0.003078736
33.38 0.002438649
33.4 0.0005411565
33.42 -0.001783329
33.44 -0.002378441
33.46 -0.001113756
33.48 0.002282839
33.5 0.003165763
33.52 0.003355076
33.54 0.002071241
33.56 -0.001091429
33.58 -0.001162756
33.6 -0.001906223
33.62 -0.00198594
33.64 -0.0003634444
33.66 0.0007819393
33.68 0.002062657
33.7 0.001054513
33.72 -0.001234428
33.74 -0.002811119
33.76 -0.002991012
33.78 -0.001959965
33.8 0.0003817962
33.82 0.002066511
33.84 0.002239651
33.86 0.0006158953
33.88 -0.001199014
33.9 -0.002507412
33.92 -0.002846593
33.94 -0.001536223
33.96 -0.001042714
33.98 -0.000953955
34 -0.0002404767
34.02 -0.0004903826
34.04 -9.362473e-05
34.06 -0.0006013098
34.08 -0.001541888
34.1 -0.002292217
34.12 -0.001972414
34.14 -0.00198196
34.16 -0.001319943
34.18 -0.0002221646
34.2 -0.000195038
34.22 0.0005317309
34.24 0.0005152703
34.26 0.0009463849
34.28 0.0001793108
34.3 -0.002457334
34.32 -0.003317776
34.34 -0.002044021
34.36 -0.0004634945
34.38 0.001050414
34.4 0.001490784
34.42 0.00113658
34.44 -0.000251637
34.46 0.000413667
34.48 0.003221568
34.5 0.004858345
34.52 0.006398182
34.54 0.006041877
34.56 0.002967845
34.58 3.132661e-05
34.6 -0.001785801
34.62 -0.001730479
34.64 -0.001649977
34.66 -0.001566803
34.68 -0.001224047
34.7 -0.003429754
34.72 -0.00387488
34.74 -0.002309537
34.76 -0.00115444
34.78 -0.0005183815
34.8 -0.001304815
34.82 -0.001532506
34.84 -0.003519143
34.86 -0.003322032
34.88 -0.0004617049
34.9 0.001024984
34.92 0.001268747
34.94 0.001072955
34.96 0.0005345133
34.98 -0.0005500627
35 0.0002617279
35.02 -0.0008922575
35.04 -0.002707417
35.06 -0.002810179
35.08 -0.002217698
35.1 -0.0006849616
35.12 0.0001920237
35.14 0.001159687
35.16 0.002566661
35.18 0.002688543
35.2 0.002924539
35.22 0.003114642
35.24 0.002857003
35.26 0.001798664
35.28 0.001048261
35.3 0.0006589924
35.32 0.0009115727
35.34 0.0004147873
35.36 -0.0001244385
35.38 -0.001288681
35.4 -0.0009957131
35.42 -0.0008837714
35.44 -0.0009877858
35.46 0.001204313
35.48 0.001302087
35.5 0.001420608
35.52 0.001725438
35.54 0.001372881
35.56 0.002054107
35.58 0.001383799
35.6 0.0002264615
35.62 -0.001712888
35.64 -0.003269121
35.66 -3.436497e-05
35.68 0.0007788022
35.7 0.0004121443
35.72 -9.037958e-05
35.74 -0.00118193
35.76 -0.0008676465
35.78 0.001097967
35.8 0.002547902
35.82 0.00166904
35.84 0.0006616564
35.86 0.001222188
35.88 0.002206705
35.9 0.001959674
35.92 0.001716596
35.94 0.001195897
35.96 9.775589e-05
35.98 -0.0003878371
36 -0.0007059804
36.02 -0.0005463089
36.04 -0.0005451205
36.06 -0.00130664
36.08 -0.001633147
36.1 -0.003344839
36.12 -0.003306931
36.14 -0.0006295349
36.16 0.001660402
36.18 0.002492589
36.2 0.0003173437
36.22 -0.001785061
36.24 -0.003509041
36.26 -0.00265683
36.28 -0.0004084563
36.3 0.0004693657
36.32 0.00117711
36.34 0.001898343
36.36 0.002711433
36.38 0.001405246
36.4 0.001213826
36.42 1.507409e-05
36.44 -0.001966032
36.46 -0.002605501
36.48 -0.001419571
36.5 4.168944e-05
36.52 8.271426e-05
36.54 0.0003830588
36.56 -0.0002356515
36.58 -0.0007759666
36.6 -0.001992823
36.62 -0.002837744
36.64 -0.001887274
36.66 -0.0001971845
36.68 0.0007243423
36.7 0.0002261481
36.72 -0.0002530817
36.74 -0.001258413
36.76 -0.002025663
36.78 -0.001777292
36.8 -0.001349521
36.82 -0.001471922
36.84 -0.002733116
36.86 -0.001307678
36.88 0.0005764039
36.9 0.001962912
36.92 0.00276812
36.94 0.00112934
36.96 -0.0003113988
36.98 -0.001424889
37 -0.0004454957
37.02 5.179472e-05
37.04 0.0007183217
37.06 0.002019063
37.08 0.001100058
37.1 0.001038147
37.12 0.0004461645
37.14 0.001110302
37.16 0.0003106339
37.18 -0.0006126534
37.2 -0.001539625
37.22 -0.001897874
37.24 -0.0009678277
37.26 0.0002357242
37.28 0.001059732
37.3 0.0005523696
37.32 1.133114e-06
37.34 -0.0003041592
37.36 0.000184178
37.38 0.0004124976
37.4 0.001146918
37.42 0.001357499
37.44 0.0009657951
37.46 0.001567878
37.48 0.002037828
37.5 0.001248437
37.52 0.000991248
37.54 0.0006901298
37.56 -0.0003648366
37.58 -0.0002086355
37.6 0.0005587994
37.62 0.0008082415
37.64 0.0006899137
37.66 0.0006278241
37.68 0.0005661595
37.7 4.161397e-05
37.72 -0.000487718
37.74 -0.0003875068
37.76 -0.0001423906
37.78 -0.0005809518
37.8 -0.0006643448
37.82 -0.0009035344
37.84 -0.0007908007
37.86 -0.0002995244
37.88 0.0003240909
37.9 0.0004202132
37.92 0.0002866721
37.94 0.0001678148
37.96 -1.611255e-05
37.98 -9.2905e-05
38 -4.508548e-05
38.02 4.705216e-05
38.04 4.491002e-05
38.06 -4.077245e-05
38.08 -0.0001754011
38.1 -0.0001958904
38.12 -0.000185925
38.14 -7.456306e-05
38.16 -0.0001657053
38.18 -0.0003185013
38.2 -0.0004668641
38.22 -0.0005133369
38.24 -0.0004686531
38.26 -0.0003051842
38.28 -0.0001779387
38.3 -1.564888e-05
38.32 9.569765e-05
38.34 0.0001052962
38.36 -3.094402e-05
38.38 7.820111e-06
38.4 -5.541833e-05
38.42 -7.480611e-05
38.44 -5.952579e-05
38.46 1.977879e-05
38.48 4.217853e-05
38.5 -5.718389e-05
38.52 -6.312565e-05
38.54 -0.0001131161
38.56 -3.679361e-05
38.58 3.361887e-05
38.6 8.924411e-05
38.62 6.786154e-05
38.64 3.736477e-05
38.66 5.332957e-05
38.68 5.404645e-05
38.7 -2.14824e-05
38.72 -1.977243e-05
38.74 3.334935e-05
38.76 6.022176e-05
38.78 6.879347e-05
38.8 6.765814e-05
38.82 4.725847e-05
38.84 9.159795e-06
38.86 4.854779e-05
38.88 6.506266e-05
38.9 6.34415e-05
38.92 3.561226e-05
38.94 7.893004e-06
38.96 4.723707e-06
38.98 -2.648545e-06
39 4.595785e-07
39.02 -7.758846e-06
39.04 -1.085833e-05
39.06 6.316942e-06
39.08 2.26349e-05
39.1 2.046389e-05
39.12 1.232028e-05
39.14 4.408271e-06
39.16 -1.216164e-06
39.18 -4.58582e-06
39.2 -4.730887e-06
39.22 -3.636068e-06
39.24 -2.164671e-06
39.26 -8.862895e-07
39.28 -1.628704e-06
39.3 -3.302111e-06
39.32 -2.740505e-06
39.34 -9.158367e-07
39.36 -1.722357e-06
39.38 -1.877465e-06
39.4 -1.310908e-06
39.42 -7.562413e-07
39.44 -3.76954e-07
39.46 -4.585665e-08
39.48 3.178821e-07
39.5 3.33198e-07
39.52 4.44985e-07
39.54 5.628468e-07
39.56 8.181875e-07
39.58 1.05462e-06
39.6 1.253514e-06
39.62 1.365718e-06
39.64 1.399368e-06
39.66 1.426164e-06
39.68 1.403291e-06
39.7 1.37767e-06
39.72 1.358841e-06
39.74 1.340457e-06
39.76 1.310282e-06
39.78 1.273066e-06
39.8 1.229384e-06
39.82 1.181417e-06
39.84 1.131545e-06
39.86 1.0808e-06
39.88 1.030176e-06
39.9 9.806166e-07
39.92 9.329868e-07
39.94 8.880946e-07
39.96 8.467875e-07
39.98 8.098992e-07
