0 0.0002466208
0.01 0.0002562926
0.02 0.0002630289
0.03 0.0002686668
0.04 0.0002768144
0.05 0.0002841166
0.06 0.000289843
0.07 0.000295769
0.08 0.0003021828
0.09 0.0003062796
0.1 0.0003053665
0.11 0.0003076989
0.12 0.0003140633
0.13 0.000313007
0.14 0.0002945794
0.15 0.0002770056
0.16 0.0002920668
0.17 0.0003049838
0.18 0.0003070472
0.19 0.0003045399
0.2 0.0003017432
0.21 0.0003250346
0.22 0.0003395708
0.23 0.0003344277
0.24 0.0002931428
0.25 0.0002785039
0.26 0.0003648186
0.27 0.0004354865
0.28 0.0003717001
0.29 0.0002739139
0.3 0.0002944896
0.31 0.0003527443
0.32 0.0004421637
0.33 0.0004873815
0.34 0.0004510862
0.35 0.0004832398
0.36 0.0005189304
0.37 0.0004732908
0.38 0.000387944
0.39 0.0002146626
0.4 9.519964e-05
0.41 6.701309e-05
0.42 0.0001543325
0.43 0.0002592728
0.44 0.0001981189
0.45 0.000163051
0.46 0.0002110313
0.47 0.0002496747
0.48 0.0001772081
0.49 0.0002342537
0.5 0.0003131918
0.51 0.0003095085
0.52 0.0003340888
0.53 0.0004119536
0.54 0.0003996356
0.55 0.0003807121
0.56 0.0003811751
0.57 0.0002431801
0.58 0.0001766916
0.59 0.0003207106
0.6 0.0004004742
0.61 0.0002767691
0.62 0.0001432718
0.63 3.357032e-06
0.64 -0.0001711531
0.65 -4.394732e-05
0.66 0.0003241393
0.67 0.0003631776
0.68 0.0002170781
0.69 0.0001455506
0.7 0.0001967789
0.71 0.0001537575
0.72 -0.0002074926
0.73 -0.000233982
0.74 5.891504e-05
0.75 0.0001483453
0.76 0.0005378399
0.77 0.001389742
0.78 0.001229937
0.79 -4.619153e-05
0.8 -0.0002427063
0.81 4.716077e-05
0.82 0.0002285203
0.83 0.0006228113
0.84 0.0009077511
0.85 0.0005719916
0.86 1.475038e-05
0.87 -0.0003102129
0.88 -0.0006702849
0.89 -0.0005079156
0.9 -0.0003568183
0.91 -0.0002566174
0.92 -1.730456e-05
0.93 -0.0003973768
0.94 -0.0006660336
0.95 -0.0003236842
0.96 -0.0002234482
0.97 -0.0003822245
0.98 -0.0002072028
0.99 -7.936834e-05
1 -0.0002540028
1.01 -0.0004017376
1.02 -0.0001985351
1.03 -0.0003077026
1.04 -0.0005871092
1.05 -0.0006061307
1.06 -0.0005393523
1.07 -0.000250459
1.08 -0.0002552472
1.09 -0.0006054279
1.1 -0.0006630784
1.11 -0.0003157834
1.12 -0.0005614845
1.13 -0.001043997
1.14 -0.001420545
1.15 -0.001251125
1.16 -0.0006907779
1.17 0.0002517571
1.18 0.0006629592
1.19 -0.0002019606
1.2 -0.0007488406
1.21 -0.0006353928
1.22 -0.000376978
1.23 -0.0003981819
1.24 -0.0001253384
1.25 0.0007588522
1.26 0.0009445763
1.27 0.0009016531
1.28 0.001703254
1.29 0.001352211
1.3 0.0005118445
1.31 -0.0003122226
1.32 -0.001075014
1.33 -0.000806321
1.34 -0.0004997154
1.35 -0.0007212555
1.36 -0.0004627734
1.37 -0.0002834439
1.38 -0.001405599
1.39 -0.002288613
1.4 -0.001867183
1.41 -0.002007694
1.42 -0.001894669
1.43 -0.00111744
1.44 -0.0003467315
1.45 0.001268581
1.46 0.002104884
1.47 0.001729158
1.48 0.0003913284
1.49 -0.0004179201
1.5 -0.0008690387
1.51 -0.001274678
1.52 -0.001558305
1.53 -0.0007114441
1.54 0.0007973717
1.55 0.00132949
1.56 0.000662388
1.57 -0.0009406592
1.58 -0.001269333
1.59 -0.0005245184
1.6 -0.0004057342
1.61 -0.0005806008
1.62 -0.0001467951
1.63 0.0003533382
1.64 8.513581e-05
1.65 -0.0004504855
1.66 0.0001613383
1.67 -0.0001886915
1.68 -0.00110032
1.69 -0.001346786
1.7 -0.0008765647
1.71 0.0005113295
1.72 0.001569783
1.73 0.0009827521
1.74 -0.0002807286
1.75 -0.0006183025
1.76 0.0006384377
1.77 0.002044595
1.78 0.002052698
1.79 -0.0004240872
1.8 -0.001718755
1.81 -0.0007820289
1.82 -1.503429e-05
1.83 0.0007425853
1.84 0.001393498
1.85 0.002077359
1.86 0.002464924
1.87 0.002687557
1.88 0.00197458
1.89 0.0001372164
1.9 -0.001122189
1.91 -0.0009556414
1.92 -0.0009752498
1.93 -0.001171208
1.94 -0.001216433
1.95 -0.001382502
1.96 -0.001107937
1.97 -0.0004069129
1.98 0.0004382624
1.99 0.001189047
2 0.001438628
2.01 0.001638842
2.02 0.001411731
2.03 0.0005682329
2.04 0.0005037065
2.05 0.001770414
2.06 0.001725667
2.07 0.0003409003
2.08 -0.001255763
2.09 -0.001593764
2.1 -0.001000201
2.11 0.0009144887
2.12 0.002673998
2.13 0.003005792
2.14 0.002223452
2.15 0.0016718
2.16 0.002435478
2.17 0.003066882
2.18 0.001751504
2.19 -0.0001007725
2.2 -0.001281613
2.21 -0.001538698
2.22 -0.001299259
2.23 -0.001594664
2.24 -0.001899942
2.25 -0.002531956
2.26 -0.002392416
2.27 -0.001212573
2.28 -0.0001134025
2.29 -3.799253e-05
2.3 0.0002322357
2.31 0.001233972
2.32 0.001655887
2.33 0.001044489
2.34 -0.000473695
2.35 -0.001122525
2.36 -0.001154815
2.37 -0.001090326
2.38 -8.459296e-05
2.39 0.002415726
2.4 0.003719928
2.41 0.003369772
2.42 0.002789621
2.43 0.001306185
2.44 -0.000873326
2.45 -0.001728
2.46 -0.002407752
2.47 -0.003268136
2.48 -0.004237736
2.49 -0.00388485
2.5 -0.002607477
2.51 -0.001176157
2.52 0.0001682389
2.53 0.0004531379
2.54 -0.001295289
2.55 -0.004151429
2.56 -0.006086498
2.57 -0.006402842
2.58 -0.005782149
2.59 -0.003649543
2.6 -0.001608463
2.61 -0.0004592643
2.62 0.0009686708
2.63 0.002315196
2.64 0.002189121
2.65 0.002684193
2.66 0.003041939
2.67 0.002501606
2.68 0.0008438133
2.69 -0.001319287
2.7 -0.002753161
2.71 -0.002939237
2.72 -0.002764662
2.73 -0.002544663
2.74 -0.002039875
2.75 -0.002167728
2.76 -0.002160779
2.77 -0.001200386
2.78 -0.000498728
2.79 -0.001223061
2.8 -0.002281391
2.81 -0.002302292
2.82 -0.001402231
2.83 -0.0008132671
2.84 -0.0008917861
2.85 -0.0005040416
2.86 -4.998647e-05
2.87 0.0006028533
2.88 0.0002340747
2.89 -0.0005317155
2.9 -0.0009175777
2.91 -0.001499415
2.92 -0.001335846
2.93 0.0004697284
2.94 0.00190559
2.95 0.0009564657
2.96 -8.09189e-05
2.97 0.0002432213
2.98 0.0003157112
2.99 -0.0007904946
3 -0.001889319
3.01 -0.002039918
3.02 -0.001156623
3.03 -8.156782e-05
3.04 0.001931104
3.05 0.002872107
3.06 0.00253799
3.07 0.001868421
3.08 0.001923701
3.09 0.002290455
3.1 0.003022106
3.11 0.00314504
3.12 0.001494967
3.13 -0.00144443
3.14 -0.002753843
3.15 -0.003472131
3.16 -0.002906651
3.17 -0.001841539
3.18 -0.001265817
3.19 -0.001272515
3.2 -0.0002522813
3.21 0.0007408548
3.22 0.001541832
3.23 0.001363638
3.24 0.000935171
3.25 0.0008104107
3.26 0.001484727
3.27 0.002765381
3.28 0.004670677
3.29 0.005034757
3.3 0.003099329
3.31 0.0006507722
3.32 -0.00202515
3.33 -0.003279135
3.34 -0.003058598
3.35 -0.002155769
3.36 -0.0008928708
3.37 -0.0004195624
3.38 0.0002555839
3.39 0.00154553
3.4 0.002619404
3.41 0.002745082
3.42 0.001979847
3.43 0.00135096
3.44 0.001078302
3.45 0.0005575373
3.46 -0.0006252587
3.47 -0.002067514
3.48 -0.002303412
3.49 -0.001713767
3.5 0.0003612538
3.51 0.001912617
3.52 0.001978853
3.53 0.001756343
3.54 0.00173578
3.55 0.0019449
3.56 0.002241566
3.57 0.002405727
3.58 0.002299093
3.59 0.00188833
3.6 0.001872254
3.61 0.001877444
3.62 0.002076571
3.63 0.001929555
3.64 0.0004775439
3.65 -0.0002864471
3.66 0.0009236173
3.67 0.001449805
3.68 -0.0002412697
3.69 -0.00398407
3.7 -0.005645876
3.71 -0.004441298
3.72 -0.001775616
3.73 -0.001022786
3.74 -0.001060578
3.75 -0.0008811939
3.76 -0.0004576784
3.77 0.0004741185
3.78 0.001438614
3.79 0.001867208
3.8 0.002165623
3.81 0.002562882
3.82 0.002915448
3.83 0.003089054
3.84 0.002471702
3.85 0.001053092
3.86 -4.577119e-05
3.87 -0.001618054
3.88 -0.002758294
3.89 -0.002139532
3.9 -0.001154112
3.91 -0.0009794211
3.92 -0.001442743
3.93 -0.001473092
3.94 -0.001050508
3.95 -0.0007635668
3.96 -0.00169583
3.97 -0.002798148
3.98 -0.002811068
3.99 -0.001132913
4 0.0005740423
4.01 0.002804807
4.02 0.005153171
4.03 0.004587854
4.04 0.003272205
4.05 0.002320872
4.06 0.003001477
4.07 0.003202506
4.08 0.002064885
4.09 0.0007337542
4.1 0.0003193441
4.11 -0.0007051073
4.12 -0.002357212
4.13 -0.002614012
4.14 -0.003015779
4.15 -0.003027932
4.16 -0.001522688
4.17 0.000551934
4.18 0.001739603
4.19 0.001307453
4.2 0.0007008947
4.21 0.0003199583
4.22 0.0002765536
4.23 0.0003079856
4.24 0.0003488719
4.25 0.0006732318
4.26 0.001802965
4.27 0.003745249
4.28 0.004997683
4.29 0.004458196
4.3 0.002073682
4.31 -0.000112707
4.32 -0.00228687
4.33 -0.005929504
4.34 -0.006618489
4.35 -0.002887868
4.36 0.0002983976
4.37 0.001514355
4.38 0.00277228
4.39 0.002947022
4.4 0.002476266
4.41 0.001952756
4.42 -0.0004376136
4.43 -0.002767337
4.44 -0.003972942
4.45 -0.005513188
4.46 -0.007765927
4.47 -0.008811963
4.48 -0.007164426
4.49 -0.002805356
4.5 0.002926169
4.51 0.007121072
4.52 0.006633041
4.53 0.003215316
4.54 0.001720883
4.55 0.001631182
4.56 0.001512575
4.57 0.001563455
4.58 0.001182066
4.59 0.0006928645
4.6 0.0005367405
4.61 0.001074462
4.62 0.001302732
4.63 0.001604767
4.64 0.001644968
4.65 0.0007306508
4.66 0.0002424995
4.67 0.0004265492
4.68 -0.0002495834
4.69 -0.001972858
4.7 -0.003192462
4.71 -0.003647405
4.72 -0.002384554
4.73 -0.0001304952
4.74 0.001778405
4.75 0.002471506
4.76 0.002888072
4.77 0.00311626
4.78 0.001062081
4.79 -0.001867619
4.8 -0.00385965
4.81 -0.004426874
4.82 -0.004183521
4.83 -0.003700565
4.84 -0.002860196
4.85 -0.001453232
4.86 0.0008860138
4.87 0.002267597
4.88 0.001061986
4.89 -0.001018551
4.9 -0.00204616
4.91 -0.002210947
4.92 -0.001453029
4.93 0.0006732349
4.94 0.00251596
4.95 0.00289116
4.96 0.002726991
4.97 0.00309275
4.98 0.003517635
4.99 0.004042001
5 0.004995396
5.01 0.005483739
5.02 0.005446661
5.03 0.004605831
5.04 0.003080557
5.05 0.0009431051
5.06 -0.0008022458
5.07 -0.001838119
5.08 -0.002825819
5.09 -0.00411763
5.1 -0.005534843
5.11 -0.006941331
5.12 -0.007364482
5.13 -0.006241754
5.14 -0.004400578
5.15 -0.002324948
5.16 0.00023788
5.17 0.003769312
5.18 0.006828681
5.19 0.008957912
5.2 0.01122707
5.21 0.01152548
5.22 0.008366838
5.23 0.002838485
5.24 -0.001889501
5.25 -0.004057077
5.26 -0.002936338
5.27 -0.001393033
5.28 -0.001364157
5.29 -0.0008048314
5.3 0.000456716
5.31 0.001261266
5.32 0.001504689
5.33 0.0003631468
5.34 -0.001955077
5.35 -0.003718386
5.36 -0.004807753
5.37 -0.006104074
5.38 -0.007085003
5.39 -0.007698948
5.4 -0.008828176
5.41 -0.009168033
5.42 -0.00700175
5.43 -0.004447921
5.44 -0.002373183
5.45 -0.0009567753
5.46 0.001553955
5.47 0.00425457
5.48 0.005776457
5.49 0.006109922
5.5 0.005869407
5.51 0.006575198
5.52 0.007113393
5.53 0.005664609
5.54 0.003353279
5.55 0.0004485374
5.56 -0.00277352
5.57 -0.003228903
5.58 -0.002569373
5.59 -0.002200152
5.6 -0.0021959
5.61 -0.002609635
5.62 -0.003830802
5.63 -0.004672085
5.64 -0.005249295
5.65 -0.004384835
5.66 -0.002958904
5.67 -0.002122098
5.68 -0.001819814
5.69 -0.0002097675
5.7 0.003191442
5.71 0.00690468
5.72 0.009537914
5.73 0.01070091
5.74 0.01017268
5.75 0.009133207
5.76 0.007741082
5.77 0.005743893
5.78 0.00205078
5.79 -0.001772099
5.8 -0.004760685
5.81 -0.006455112
5.82 -0.006205578
5.83 -0.003767822
5.84 -0.002508356
5.85 -0.00284936
5.86 -0.002952467
5.87 -0.003076157
5.88 -0.004782362
5.89 -0.006263795
5.9 -0.00737315
5.91 -0.008058808
5.92 -0.007647425
5.93 -0.006573894
5.94 -0.004456056
5.95 -0.003080095
5.96 -0.002617302
5.97 -0.0004664634
5.98 0.002785803
5.99 0.005548472
6 0.007403938
6.01 0.007726639
6.02 0.006814295
6.03 0.004933144
6.04 0.003040992
6.05 0.001753508
6.06 -0.0008606723
6.07 -0.003943762
6.08 -0.00562771
6.09 -0.00602957
6.1 -0.005044414
6.11 -0.004149248
6.12 -0.004191494
6.13 -0.004970556
6.14 -0.006118356
6.15 -0.006744978
6.16 -0.005411395
6.17 -0.00297746
6.18 -0.0008229302
6.19 0.001736196
6.2 0.005245814
6.21 0.007346499
6.22 0.008781342
6.23 0.008702989
6.24 0.00683228
6.25 0.004373777
6.26 0.0009560003
6.27 -0.0006197752
6.28 -0.001011614
6.29 -0.002944364
6.3 -0.003791978
6.31 -0.002898045
6.32 -0.0008400609
6.33 0.001305249
6.34 0.001025228
6.35 -0.001523984
6.36 -0.003220842
6.37 -0.001179571
6.38 0.001955062
6.39 0.004427371
6.4 0.004496056
6.41 0.002710737
6.42 0.0004815293
6.43 -0.001604934
6.44 -0.00445817
6.45 -0.008200094
6.46 -0.01194927
6.47 -0.01326765
6.48 -0.01217426
6.49 -0.009393407
6.5 -0.004827914
6.51 -0.0004395294
6.52 0.002134462
6.53 0.004281345
6.54 0.005728899
6.55 0.005954224
6.56 0.006115226
6.57 0.006312138
6.58 0.005182891
6.59 0.003187227
6.6 0.001974447
6.61 0.002805034
6.62 0.003957445
6.63 0.00386492
6.64 0.002718918
6.65 0.00296298
6.66 0.004282146
6.67 0.004762308
6.68 0.004386318
6.69 0.002046348
6.7 -0.0009162603
6.71 -0.002727004
6.72 -0.004529168
6.73 -0.005685689
6.74 -0.007554575
6.75 -0.008671529
6.76 -0.00802998
6.77 -0.004720162
6.78 -0.0008918171
6.79 0.002014293
6.8 0.004328813
6.81 0.006180391
6.82 0.007397301
6.83 0.007924406
6.84 0.00869552
6.85 0.009547174
6.86 0.009092656
6.87 0.007633199
6.88 0.005136011
6.89 0.002469055
6.9 0.0004421413
6.91 -0.00066019
6.92 -0.001430626
6.93 -0.002456118
6.94 -0.003410018
6.95 -0.003971141
6.96 -0.003614575
6.97 -0.003321106
6.98 -0.003209347
6.99 -0.003239753
7 -0.003945847
7.01 -0.00505577
7.02 -0.005187692
7.03 -0.003865862
7.04 -0.001462299
7.05 0.001271885
7.06 0.002826452
7.07 0.003385554
7.08 0.003389956
7.09 0.00233641
7.1 0.0001241472
7.11 -0.002153358
7.12 -0.003567219
7.13 -0.00384863
7.14 -0.003032312
7.15 -0.00136962
7.16 0.0015804
7.17 0.004734452
7.18 0.006353814
7.19 0.006344371
7.2 0.005937896
7.21 0.004552711
7.22 0.001290255
7.23 -0.001666779
7.24 -0.00312589
7.25 -0.003572641
7.26 -0.003124583
7.27 -0.001644873
7.28 0.0002066707
7.29 0.0006662541
7.3 0.0003808525
7.31 0.0003153075
7.32 0.0003618152
7.33 0.0007185353
7.34 0.002161929
7.35 0.004861038
7.36 0.006958856
7.37 0.00729704
7.38 0.006551024
7.39 0.004312093
7.4 0.0008822371
7.41 -0.00188296
7.42 -0.002947837
7.43 -0.003180183
7.44 -0.003444472
7.45 -0.003528903
7.46 -0.003183081
7.47 -0.002317364
7.48 -0.001210411
7.49 -0.0003257015
7.5 -0.0009914014
7.51 -0.002306084
7.52 -0.002726871
7.53 -0.002884916
7.54 -0.002770846
7.55 -0.002275262
7.56 -0.0009245688
7.57 -0.0003268812
7.58 -0.0005476317
7.59 -0.0009389147
7.6 -0.001527747
7.61 -0.001040237
7.62 -0.000238688
7.63 0.0007147238
7.64 0.002383728
7.65 0.003641938
7.66 0.004645787
7.67 0.004663601
7.68 0.002948857
7.69 8.361099e-05
7.7 -0.002770933
7.71 -0.004691635
7.72 -0.005920578
7.73 -0.007374126
7.74 -0.007984725
7.75 -0.006656131
7.76 -0.004299275
7.77 -0.001604138
7.78 0.0009277613
7.79 0.003211007
7.8 0.005265583
7.81 0.007883762
7.82 0.009151586
7.83 0.008417003
7.84 0.006922818
7.85 0.005729572
7.86 0.005056211
7.87 0.004415066
7.88 0.003633248
7.89 0.002747265
7.9 0.001246228
7.91 0.0005269325
7.92 3.545411e-05
7.93 -0.0007350034
7.94 -0.002856506
7.95 -0.005436128
7.96 -0.007960916
7.97 -0.009590643
7.98 -0.0091317
7.99 -0.006563694
8 -0.003559163
8.01 -0.000996676
8.02 0.0002479622
8.03 0.0007368814
8.04 0.0007941192
8.05 0.0006358212
8.06 0.0003917821
8.07 -0.0002350375
8.08 -0.0008781036
8.09 -0.001565532
8.1 -0.002690647
8.11 -0.003225399
8.12 -0.002121377
8.13 -0.0004978911
8.14 0.0006932332
8.15 0.003429579
8.16 0.007597346
8.17 0.01084337
8.18 0.01186322
8.19 0.0110605
8.2 0.008713337
8.21 0.005997459
8.22 0.002662287
8.23 -0.0004822129
8.24 -0.00230386
8.25 -0.002886077
8.26 -0.002000099
8.27 -0.0001895348
8.28 0.0008752711
8.29 0.002221944
8.3 0.003954202
8.31 0.004953799
8.32 0.005833416
8.33 0.006675213
8.34 0.006934332
8.35 0.005366967
8.36 0.002828142
8.37 -0.0002128133
8.38 -0.003303162
8.39 -0.006090694
8.4 -0.008324793
8.41 -0.009302528
8.42 -0.008252775
8.43 -0.00603914
8.44 -0.004298529
8.45 -0.003805569
8.46 -0.003880159
8.47 -0.002526867
8.48 0.0008187505
8.49 0.004582747
8.5 0.007865962
8.51 0.009472988
8.52 0.008222725
8.53 0.004204962
8.54 -0.001044263
8.55 -0.005659073
8.56 -0.008865194
8.57 -0.01101349
8.58 -0.0123281
8.59 -0.01320902
8.6 -0.01422303
8.61 -0.01492904
8.62 -0.01492852
8.63 -0.01497684
8.64 -0.01567619
8.65 -0.01498202
8.66 -0.01163185
8.67 -0.006457209
8.68 -0.0004198601
8.69 0.00563906
8.7 0.01108314
8.71 0.01483516
8.72 0.01712258
8.73 0.01819703
8.74 0.0178775
8.75 0.01685809
8.76 0.01618395
8.77 0.01653247
8.78 0.0158855
8.79 0.01302972
8.8 0.009451825
8.81 0.006099064
8.82 0.003201709
8.83 0.0005146905
8.84 -0.002365945
8.85 -0.005806098
8.86 -0.009540392
8.87 -0.01310661
8.88 -0.01530544
8.89 -0.01595853
8.9 -0.01521242
8.91 -0.01437506
8.92 -0.01371341
8.93 -0.01343921
8.94 -0.01365044
8.95 -0.01430279
8.96 -0.01397193
8.97 -0.01284187
8.98 -0.01073085
8.99 -0.006220699
9 0.000699463
9.01 0.008557472
9.02 0.01459464
9.03 0.01802102
9.04 0.01880123
9.05 0.01872191
9.06 0.01997285
9.07 0.02177012
9.08 0.0229084
9.09 0.02229545
9.1 0.01949518
9.11 0.01573252
9.12 0.01202238
9.13 0.008727868
9.14 0.007386681
9.15 0.007712423
9.16 0.009148577
9.17 0.01166138
9.18 0.01337754
9.19 0.01284014
9.2 0.009552647
9.21 0.003060893
9.22 -0.006799123
9.23 -0.01676868
9.24 -0.02306269
9.25 -0.02269521
9.26 -0.0171057
9.27 -0.008492628
9.28 -0.0001135993
9.29 0.003665034
9.3 0.003018305
9.31 3.892854e-05
9.32 -0.004462981
9.33 -0.008594004
9.34 -0.009912475
9.35 -0.00907789
9.36 -0.008284283
9.37 -0.007866706
9.38 -0.009033801
9.39 -0.01158503
9.4 -0.01587504
9.41 -0.02071397
9.42 -0.02417551
9.43 -0.02594713
9.44 -0.02638243
9.45 -0.02601059
9.46 -0.02532256
9.47 -0.02404922
9.48 -0.02111655
9.49 -0.01559114
9.5 -0.007232846
9.51 0.001714615
9.52 0.009751827
9.53 0.0157553
9.54 0.01881347
9.55 0.01962893
9.56 0.01952785
9.57 0.0196759
9.58 0.02121236
9.59 0.02431212
9.6 0.0280471
9.61 0.03201382
9.62 0.03530193
9.63 0.03642141
9.64 0.034359
9.65 0.02978002
9.66 0.02411555
9.67 0.01642049
9.68 0.006361524
9.69 -0.004272145
9.7 -0.01215031
9.71 -0.01656314
9.72 -0.01958591
9.73 -0.02090083
9.74 -0.02087985
9.75 -0.0192554
9.76 -0.01680415
9.77 -0.01335132
9.78 -0.009984537
9.79 -0.0088281
9.8 -0.008191296
9.81 -0.005979572
9.82 -0.003409778
9.83 -0.003468231
9.84 -0.003319782
9.85 8.301323e-05
9.86 0.002800081
9.87 0.006056931
9.88 0.01064871
9.89 0.01479715
9.9 0.01805258
9.91 0.0187967
9.92 0.01791826
9.93 0.01548439
9.94 0.008193727
9.95 -0.002163561
9.96 -0.01502585
9.97 -0.02736891
9.98 -0.03656631
9.99 -0.04240564
10 -0.04474728
10.01 -0.04357314
10.02 -0.03955963
10.03 -0.03226296
10.04 -0.02155234
10.05 -0.007999162
10.06 0.005015921
10.07 0.01437338
10.08 0.01907547
10.09 0.02067117
10.1 0.02036818
10.11 0.01904415
10.12 0.01751724
10.13 0.01626198
10.14 0.01614827
10.15 0.01723806
10.16 0.01924205
10.17 0.02056773
10.18 0.01869574
10.19 0.01414832
10.2 0.008356783
10.21 0.002261818
10.22 -0.001080439
10.23 -0.001881781
10.24 -0.0007476323
10.25 0.001663734
10.26 0.002991721
10.27 0.003007686
10.28 0.001725879
10.29 0.002161095
10.3 0.007801335
10.31 0.01775492
10.32 0.02850926
10.33 0.03697044
10.34 0.04250511
10.35 0.04642434
10.36 0.05014444
10.37 0.0534143
10.38 0.0543647
10.39 0.05180942
10.4 0.0442502
10.41 0.03090348
10.42 0.0143407
10.43 -0.001892606
10.44 -0.01584564
10.45 -0.02621218
10.46 -0.0327868
10.47 -0.03741533
10.48 -0.03853859
10.49 -0.03364472
10.5 -0.02294583
10.51 -0.009687632
10.52 -9.497168e-05
10.53 0.003695372
10.54 0.002123097
10.55 -0.003755642
10.56 -0.0132237
10.57 -0.02422286
10.58 -0.03587272
10.59 -0.04654006
10.6 -0.05823067
10.61 -0.06838287
10.62 -0.07450133
10.63 -0.07789945
10.64 -0.07887288
10.65 -0.07679157
10.66 -0.07006652
10.67 -0.05618421
10.68 -0.03361528
10.69 -0.007515845
10.7 0.01583435
10.71 0.03061856
10.72 0.03902963
10.73 0.04460965
10.74 0.04560673
10.75 0.0400649
10.76 0.02723638
10.77 0.01043344
10.78 -0.005764802
10.79 -0.02072296
10.8 -0.03228326
10.81 -0.03850977
10.82 -0.04028483
10.83 -0.03965566
10.84 -0.03616921
10.85 -0.02862986
10.86 -0.01831084
10.87 -0.007276347
10.88 0.001748828
10.89 0.009281002
10.9 0.01640196
10.91 0.02407155
10.92 0.03247292
10.93 0.04004722
10.94 0.04503979
10.95 0.04799084
10.96 0.04850819
10.97 0.04607425
10.98 0.0412175
10.99 0.03301322
11 0.02329315
11.01 0.01580992
11.02 0.01175754
11.03 0.009927752
11.04 0.007393347
11.05 0.004030308
11.06 0.000540898
11.07 -0.003345163
11.08 -0.006577682
11.09 -0.008329825
11.1 -0.009158388
11.11 -0.01048436
11.12 -0.01254781
11.13 -0.01574966
11.14 -0.01985807
11.15 -0.02426547
11.16 -0.02686576
11.17 -0.0264439
11.18 -0.02362192
11.19 -0.01848682
11.2 -0.01267518
11.21 -0.007758464
11.22 -0.005465017
11.23 -0.007096984
11.24 -0.01056445
11.25 -0.01360751
11.26 -0.01558758
11.27 -0.01617445
11.28 -0.013276
11.29 -0.006669228
11.3 0.0004114555
11.31 0.007130718
11.32 0.01257303
11.33 0.01614967
11.34 0.02056938
11.35 0.02334207
11.36 0.02374375
11.37 0.0224674
11.38 0.02044087
11.39 0.01829677
11.4 0.0178114
11.41 0.01901072
11.42 0.01910705
11.43 0.01896729
11.44 0.01854169
11.45 0.01812311
11.46 0.01747052
11.47 0.01700608
11.48 0.01689635
11.49 0.01730783
11.5 0.01886803
11.51 0.02117387
11.52 0.02367289
11.53 0.02506105
11.54 0.02735782
11.55 0.03117371
11.56 0.03424996
11.57 0.03497478
11.58 0.03389354
11.59 0.0291111
11.6 0.01901989
11.61 0.005928022
11.62 -0.006198868
11.63 -0.01490593
11.64 -0.02274313
11.65 -0.03003465
11.66 -0.03293333
11.67 -0.03119339
11.68 -0.02656168
11.69 -0.01906237
11.7 -0.009716108
11.71 -0.001684534
11.72 0.005706553
11.73 0.01243549
11.74 0.01906719
11.75 0.02436267
11.76 0.02715015
11.77 0.02679312
11.78 0.02106296
11.79 0.009719181
11.8 -0.004604467
11.81 -0.01944929
11.82 -0.03077523
11.83 -0.03816808
11.84 -0.04192945
11.85 -0.04237357
11.86 -0.04074477
11.87 -0.03893481
11.88 -0.03720014
11.89 -0.03650911
11.9 -0.03655329
11.91 -0.03544714
11.92 -0.0323688
11.93 -0.02552304
11.94 -0.01396726
11.95 0.002727659
11.96 0.02012362
11.97 0.03341841
11.98 0.04082593
11.99 0.04434227
12 0.04384667
12.01 0.03970875
12.02 0.03448897
12.03 0.03026096
12.04 0.02697213
12.05 0.02100372
12.06 0.008871419
12.07 -0.008378347
12.08 -0.02602971
12.09 -0.04260066
12.1 -0.05562169
12.11 -0.06259865
12.12 -0.06670339
12.13 -0.06856926
12.14 -0.06660825
12.15 -0.05980839
12.16 -0.04498629
12.17 -0.02272553
12.18 -0.004672753
12.19 0.005969528
12.2 0.0114651
12.21 0.01467741
12.22 0.01715428
12.23 0.01920987
12.24 0.02271424
12.25 0.02876651
12.26 0.03602946
12.27 0.04251715
12.28 0.04648367
12.29 0.04744861
12.3 0.04683454
12.31 0.04404377
12.32 0.0376508
12.33 0.02764712
12.34 0.01433349
12.35 0.0004465934
12.36 -0.01118144
12.37 -0.01859451
12.38 -0.02180922
12.39 -0.0223746
12.4 -0.0217348
12.41 -0.01998703
12.42 -0.0175594
12.43 -0.01371264
12.44 -0.008924167
12.45 -0.004865638
12.46 -0.001705822
12.47 0.0006882378
12.48 0.002059686
12.49 0.002879899
12.5 0.003723014
12.51 0.004853781
12.52 0.008293169
12.53 0.01386373
12.54 0.01930127
12.55 0.0219102
12.56 0.02171849
12.57 0.01876598
12.58 0.01338937
12.59 0.006239541
12.6 -0.002463802
12.61 -0.0104199
12.62 -0.01707291
12.63 -0.02320386
12.64 -0.02845252
12.65 -0.03210607
12.66 -0.03236905
12.67 -0.03042773
12.68 -0.02574158
12.69 -0.01801083
12.7 -0.006147731
12.71 0.008703996
12.72 0.0227528
12.73 0.03286494
12.74 0.03901292
12.75 0.04113634
12.76 0.03892591
12.77 0.03220444
12.78 0.02018531
12.79 0.005125127
12.8 -0.006042233
12.81 -0.01226689
12.82 -0.017235
12.83 -0.02141609
12.84 -0.02321709
12.85 -0.02420247
12.86 -0.0243693
12.87 -0.02360827
12.88 -0.02306361
12.89 -0.02130277
12.9 -0.01861733
12.91 -0.01563767
12.92 -0.01076776
12.93 -0.003991379
12.94 0.003600426
12.95 0.01155517
12.96 0.01888451
12.97 0.02597358
12.98 0.03175494
12.99 0.03520465
13 0.03694423
13.01 0.03695903
13.02 0.03594747
13.03 0.03382858
13.04 0.03100432
13.05 0.0280147
13.06 0.02606687
13.07 0.02591663
13.08 0.02736748
13.09 0.03086063
13.1 0.0350638
13.11 0.03869393
13.12 0.04031668
13.13 0.03912056
13.14 0.03580988
13.15 0.03115552
13.16 0.02460841
13.17 0.01365757
13.18 -0.001082457
13.19 -0.01296064
13.2 -0.01969103
13.21 -0.02236482
13.22 -0.02312443
13.23 -0.02363604
13.24 -0.0236071
13.25 -0.02291187
13.26 -0.0217766
13.27 -0.01883177
13.28 -0.01562767
13.29 -0.01381
13.3 -0.01143881
13.31 -0.009284622
13.32 -0.008819213
13.33 -0.01153263
13.34 -0.01603978
13.35 -0.0204311
13.36 -0.02464088
13.37 -0.02842097
13.38 -0.03097593
13.39 -0.0342136
13.4 -0.03879377
13.41 -0.04272353
13.42 -0.04529211
13.43 -0.04634683
13.44 -0.04600135
13.45 -0.04468595
13.46 -0.04167639
13.47 -0.03863041
13.48 -0.03593382
13.49 -0.03377545
13.5 -0.03397869
13.51 -0.03557372
13.52 -0.03798998
13.53 -0.04071792
13.54 -0.04170172
13.55 -0.04049154
13.56 -0.03653927
13.57 -0.0299318
13.58 -0.02198408
13.59 -0.01421643
13.6 -0.007259249
13.61 -0.0004010649
13.62 0.005739306
13.63 0.01025633
13.64 0.01290626
13.65 0.01460951
13.66 0.01673772
13.67 0.02003125
13.68 0.0245713
13.69 0.02937108
13.7 0.03378787
13.71 0.03770159
13.72 0.04099496
13.73 0.04323832
13.74 0.04528093
13.75 0.04746226
13.76 0.04934315
13.77 0.05038121
13.78 0.04890748
13.79 0.04364239
13.8 0.03422626
13.81 0.02159268
13.82 0.01045224
13.83 0.005020205
13.84 0.004483502
13.85 0.006226921
13.86 0.008443209
13.87 0.01104725
13.88 0.01172389
13.89 0.009383757
13.9 0.004573398
13.91 -0.003373097
13.92 -0.01431353
13.93 -0.02712195
13.94 -0.04049614
13.95 -0.05082864
13.96 -0.05754906
13.97 -0.06116679
13.98 -0.06169833
13.99 -0.05917893
14 -0.05375012
14.01 -0.0448762
14.02 -0.03306593
14.03 -0.01993601
14.04 -0.007928651
14.05 0.001090203
14.06 0.006607141
14.07 0.009520413
14.08 0.01032603
14.09 0.008631006
14.1 0.005392053
14.11 0.002817686
14.12 0.003063268
14.13 0.007013603
14.14 0.01390271
14.15 0.02362784
14.16 0.03778129
14.17 0.04986283
14.18 0.05684028
14.19 0.06069469
14.2 0.06163502
14.21 0.06015997
14.22 0.05415414
14.23 0.04251267
14.24 0.02619333
14.25 0.009097002
14.26 -0.005923976
14.27 -0.01591408
14.28 -0.02232866
14.29 -0.02666502
14.3 -0.02732322
14.31 -0.02422064
14.32 -0.01925957
14.33 -0.01397125
14.34 -0.01069465
14.35 -0.008732351
14.36 -0.006729933
14.37 -0.004478245
14.38 -0.0005339157
14.39 0.00516208
14.4 0.01067708
14.41 0.01500323
14.42 0.01688584
14.43 0.01665991
14.44 0.01455995
14.45 0.01004927
14.46 0.003969785
14.47 -0.002277615
14.48 -0.007396568
14.49 -0.01022732
14.5 -0.0118993
14.51 -0.01351974
14.52 -0.0153516
14.53 -0.01755344
14.54 -0.01988678
14.55 -0.02104062
14.56 -0.01905917
14.57 -0.01086502
14.58 0.003317585
14.59 0.01692574
14.6 0.02596753
14.61 0.03199818
14.62 0.03624259
14.63 0.03794726
14.64 0.03688942
14.65 0.0343083
14.66 0.03127799
14.67 0.02890027
14.68 0.0278569
14.69 0.0281332
14.7 0.02902363
14.71 0.03094244
14.72 0.032541
14.73 0.03235388
14.74 0.03088978
14.75 0.0285153
14.76 0.02456942
14.77 0.01919162
14.78 0.01181422
14.79 0.001736011
14.8 -0.007530674
14.81 -0.01402457
14.82 -0.01762261
14.83 -0.01913926
14.84 -0.02000279
14.85 -0.02082912
14.86 -0.02275169
14.87 -0.02472614
14.88 -0.02556119
14.89 -0.02525771
14.9 -0.02322453
14.91 -0.01761858
14.92 -0.008917314
14.93 -0.0007125495
14.94 0.004749956
14.95 0.005949961
14.96 0.001537694
14.97 -0.007259334
14.98 -0.0199242
14.99 -0.03305676
15 -0.044395
15.01 -0.0519312
15.02 -0.05609586
15.03 -0.05690395
15.04 -0.05419433
15.05 -0.04749059
15.06 -0.03774759
15.07 -0.02581612
15.08 -0.01537223
15.09 -0.005346245
15.1 0.005416737
15.11 0.0183927
15.12 0.03068537
15.13 0.03950569
15.14 0.04446845
15.15 0.0454544
15.16 0.04411752
15.17 0.04286859
15.18 0.04244315
15.19 0.04366455
15.2 0.04691347
15.21 0.05080326
15.22 0.05358829
15.23 0.05487562
15.24 0.05427149
15.25 0.05190188
15.26 0.0485772
15.27 0.04442223
15.28 0.04047954
15.29 0.03602261
15.3 0.02934881
15.31 0.02190611
15.32 0.01157279
15.33 -0.005666167
15.34 -0.02463067
15.35 -0.0423203
15.36 -0.05868616
15.37 -0.06966612
15.38 -0.07526652
15.39 -0.07808691
15.4 -0.07844257
15.41 -0.07696689
15.42 -0.07546047
15.43 -0.07376395
15.44 -0.07154421
15.45 -0.06703353
15.46 -0.05874103
15.47 -0.04737948
15.48 -0.03594136
15.49 -0.02704739
15.5 -0.02043625
15.51 -0.01560397
15.52 -0.01226643
15.53 -0.01011826
15.54 -0.009399313
15.55 -0.008947792
15.56 -0.008109978
15.57 -0.006116272
15.58 -0.003196594
15.59 -0.0002014508
15.6 0.001788073
15.61 0.001542834
15.62 -0.0009189809
15.63 -0.004302521
15.64 -0.008733703
15.65 -0.01260918
15.66 -0.01335776
15.67 -0.01175278
15.68 -0.009558432
15.69 -0.006632061
15.7 -0.001451401
15.71 0.005532102
15.72 0.01392231
15.73 0.02223387
15.74 0.03040762
15.75 0.03934956
15.76 0.05084924
15.77 0.06544091
15.78 0.079981
15.79 0.09047957
15.8 0.09725923
15.81 0.1025814
15.82 0.1054086
15.83 0.1059282
15.84 0.1040896
15.85 0.09914354
15.86 0.09182784
15.87 0.08231964
15.88 0.06848078
15.89 0.05038877
15.9 0.03150991
15.91 0.01323463
15.92 -0.004612424
15.93 -0.01866192
15.94 -0.02541058
15.95 -0.02854846
15.96 -0.03196746
15.97 -0.0352438
15.98 -0.03902575
15.99 -0.04352962
16 -0.04799085
16.01 -0.05398753
16.02 -0.06110726
16.03 -0.067991
16.04 -0.07377028
16.05 -0.07827869
16.06 -0.08143508
16.07 -0.08320247
16.08 -0.08395315
16.09 -0.08245607
16.1 -0.0771405
16.11 -0.06735747
16.12 -0.05507057
16.13 -0.04589817
16.14 -0.03933071
16.15 -0.03178734
16.16 -0.02282789
16.17 -0.01679389
16.18 -0.01249451
16.19 -0.009234392
16.2 -0.006735709
16.21 -0.004597289
16.22 -0.002196147
16.23 -0.0001042777
16.24 -0.001768928
16.25 -0.007927681
16.26 -0.01610063
16.27 -0.02311206
16.28 -0.02752677
16.29 -0.0296509
16.3 -0.02863332
16.31 -0.02392721
16.32 -0.01448478
16.33 -0.0004517912
16.34 0.01641951
16.35 0.03231318
16.36 0.0445513
16.37 0.05238236
16.38 0.05566966
16.39 0.05549675
16.4 0.0512339
16.41 0.04153604
16.42 0.02555432
16.43 0.00715448
16.44 -0.009839151
16.45 -0.02340657
16.46 -0.03189207
16.47 -0.03777037
16.48 -0.04152096
16.49 -0.04370269
16.5 -0.04492345
16.51 -0.04383276
16.52 -0.0394687
16.53 -0.03131048
16.54 -0.01981537
16.55 -0.007434238
16.56 0.005130288
16.57 0.01916594
16.58 0.03483895
16.59 0.049771
16.6 0.06309342
16.61 0.07289542
16.62 0.07944183
16.63 0.08468698
16.64 0.08891527
16.65 0.09200662
16.66 0.0948711
16.67 0.09758958
16.68 0.09864363
16.69 0.09714953
16.7 0.09319454
16.71 0.08751233
16.72 0.07916588
16.73 0.06713808
16.74 0.05100172
16.75 0.03389034
16.76 0.0168075
16.77 0.0009704848
16.78 -0.0113628
16.79 -0.0229653
16.8 -0.03519944
16.81 -0.04542805
16.82 -0.05458143
16.83 -0.0638025
16.84 -0.07144025
16.85 -0.07779702
16.86 -0.08306932
16.87 -0.0866834
16.88 -0.08885054
16.89 -0.08941161
16.9 -0.08669808
16.91 -0.07849065
16.92 -0.06353298
16.93 -0.04433382
16.94 -0.02581743
16.95 -0.01035233
16.96 0.001543779
16.97 0.01204362
16.98 0.02090449
16.99 0.02814416
17 0.03521566
17.01 0.04136208
17.02 0.04479912
17.03 0.04524133
17.04 0.04362367
17.05 0.04062038
17.06 0.03642355
17.07 0.03039587
17.08 0.02121751
17.09 0.01099397
17.1 0.002766515
17.11 -0.003250752
17.12 -0.007436243
17.13 -0.0102808
17.14 -0.0132943
17.15 -0.01903836
17.16 -0.02668596
17.17 -0.03465912
17.18 -0.04305308
17.19 -0.04986925
17.2 -0.05386409
17.21 -0.05475218
17.22 -0.05246669
17.23 -0.04643289
17.24 -0.03706811
17.25 -0.02348239
17.26 -0.006428115
17.27 0.01092928
17.28 0.02429145
17.29 0.03481246
17.3 0.04310598
17.31 0.04981824
17.32 0.05417778
17.33 0.05682177
17.34 0.05782958
17.35 0.05684056
17.36 0.05399632
17.37 0.04893275
17.38 0.04003061
17.39 0.02626872
17.4 0.01043481
17.41 -0.004803713
17.42 -0.01837665
17.43 -0.02805414
17.44 -0.03160357
17.45 -0.02991611
17.46 -0.02522953
17.47 -0.01801695
17.48 -0.009524569
17.49 -0.001684005
17.5 0.003584571
17.51 0.006936701
17.52 0.008831372
17.53 0.008912897
17.54 0.006692386
17.55 0.003384995
17.56 -0.001613938
17.57 -0.008522166
17.58 -0.01563231
17.59 -0.02098404
17.6 -0.02336049
17.61 -0.02225336
17.62 -0.01736702
17.63 -0.01002061
17.64 -0.002328668
17.65 0.00533212
17.66 0.01350178
17.67 0.0206763
17.68 0.02389005
17.69 0.02331503
17.7 0.01997452
17.71 0.01354264
17.72 0.005200301
17.73 -0.003450527
17.74 -0.01075555
17.75 -0.01706845
17.76 -0.02116731
17.77 -0.0235875
17.78 -0.02644876
17.79 -0.02889683
17.8 -0.02897528
17.81 -0.02524406
17.82 -0.01711079
17.83 -0.005719214
17.84 0.006741371
17.85 0.01825219
17.86 0.02768973
17.87 0.03346278
17.88 0.03541184
17.89 0.03287578
17.9 0.02637164
17.91 0.01577182
17.92 0.004018492
17.93 -0.007091769
17.94 -0.01501736
17.95 -0.01933588
17.96 -0.02239707
17.97 -0.02426968
17.98 -0.02405489
17.99 -0.02218746
18 -0.01946938
18.01 -0.01680693
18.02 -0.01365441
18.03 -0.01079286
18.04 -0.009015206
18.05 -0.008283077
18.06 -0.008036374
18.07 -0.009280519
18.08 -0.01349702
18.09 -0.01931103
18.1 -0.02473896
18.11 -0.02768854
18.12 -0.02655007
18.13 -0.02162577
18.14 -0.01421124
18.15 -0.005542349
18.16 0.003993152
18.17 0.01257768
18.18 0.01835372
18.19 0.02106088
18.2 0.02200075
18.21 0.02251157
18.22 0.02259837
18.23 0.02241913
18.24 0.02121818
18.25 0.0189291
18.26 0.01664386
18.27 0.01588126
18.28 0.0163963
18.29 0.01755236
18.3 0.01989912
18.31 0.02371746
18.32 0.02823915
18.33 0.03317016
18.34 0.03832557
18.35 0.04270084
18.36 0.0451109
18.37 0.045836
18.38 0.04463836
18.39 0.04197837
18.4 0.03791059
18.41 0.03149251
18.42 0.02253388
18.43 0.01146265
18.44 -0.0007774258
18.45 -0.01330654
18.46 -0.02481402
18.47 -0.0341036
18.48 -0.04222701
18.49 -0.0492109
18.5 -0.05438673
18.51 -0.05667405
18.52 -0.05600041
18.53 -0.05255343
18.54 -0.044723
18.55 -0.03267998
18.56 -0.01760329
18.57 -0.002991884
18.58 0.009918371
18.59 0.02039788
18.6 0.02731676
18.61 0.03206225
18.62 0.03546665
18.63 0.03739055
18.64 0.03826204
18.65 0.03810298
18.66 0.03686046
18.67 0.0338857
18.68 0.02862202
18.69 0.02170022
18.7 0.01503707
18.71 0.009448831
18.72 0.004775713
18.73 0.001541067
18.74 -0.0006953514
18.75 -0.003074245
18.76 -0.006283731
18.77 -0.00993466
18.78 -0.01501571
18.79 -0.02232761
18.8 -0.02904351
18.81 -0.03387835
18.82 -0.03732127
18.83 -0.04109339
18.84 -0.04542882
18.85 -0.05042816
18.86 -0.05573566
18.87 -0.06088623
18.88 -0.06589307
18.89 -0.06996698
18.9 -0.07213276
18.91 -0.07345904
18.92 -0.07349944
18.93 -0.07081261
18.94 -0.06555516
18.95 -0.05845904
18.96 -0.0514211
18.97 -0.04450398
18.98 -0.03698313
18.99 -0.0295209
19 -0.02360098
19.01 -0.01868031
19.02 -0.01400011
19.03 -0.008180533
19.04 -2.185631e-05
19.05 0.01207912
19.06 0.02710527
19.07 0.04332257
19.08 0.0568258
19.09 0.06841267
19.1 0.07935443
19.11 0.08789984
19.12 0.09310585
19.13 0.09484027
19.14 0.09310625
19.15 0.08845439
19.16 0.0803954
19.17 0.06408917
19.18 0.04280223
19.19 0.0216684
19.2 0.001538843
19.21 -0.01653051
19.22 -0.02712148
19.23 -0.03187848
19.24 -0.03354434
19.25 -0.03270094
19.26 -0.0282903
19.27 -0.01975282
19.28 -0.01091947
19.29 -0.004271539
19.3 0.0008438316
19.31 0.005480552
19.32 0.008607738
19.33 0.01023473
19.34 0.01164368
19.35 0.01257038
19.36 0.01194307
19.37 0.009502534
19.38 0.006086226
19.39 0.001630338
19.4 -0.00308397
19.41 -0.006841211
19.42 -0.008112036
19.43 -0.005733082
19.44 -0.001470495
19.45 0.002950578
19.46 0.005782853
19.47 0.00738712
19.48 0.007887662
19.49 0.008582501
19.5 0.0102585
19.51 0.01260073
19.52 0.01380314
19.53 0.01350834
19.54 0.01101929
19.55 0.005680316
19.56 -0.003401278
19.57 -0.01431604
19.58 -0.02471259
19.59 -0.03352669
19.6 -0.04067095
19.61 -0.04564073
19.62 -0.04875446
19.63 -0.05006237
19.64 -0.05017718
19.65 -0.04929009
19.66 -0.04447028
19.67 -0.035246
19.68 -0.02506354
19.69 -0.01601333
19.7 -0.007313803
19.71 0.003305141
19.72 0.01328326
19.73 0.02138075
19.74 0.02745556
19.75 0.03250078
19.76 0.03613665
19.77 0.0387463
19.78 0.03894654
19.79 0.03719415
19.8 0.03539881
19.81 0.03462371
19.82 0.03401351
19.83 0.03206994
19.84 0.02755508
19.85 0.02060377
19.86 0.01248085
19.87 0.004351051
19.88 -0.0009770839
19.89 -0.001937605
19.9 -0.0005582037
19.91 0.002132759
19.92 0.005674759
19.93 0.009792769
19.94 0.01413043
19.95 0.01822801
19.96 0.02123066
19.97 0.02281989
19.98 0.02276735
19.99 0.02061069
20 0.01554539
20.01 0.008822754
20.02 0.002342141
20.03 -0.002740109
20.04 -0.00662221
20.05 -0.008715465
20.06 -0.008971591
20.07 -0.007355746
20.08 -0.005382258
20.09 -0.004572472
20.1 -0.005038061
20.11 -0.007054699
20.12 -0.01054973
20.13 -0.01507889
20.14 -0.01986728
20.15 -0.02382488
20.16 -0.02556133
20.17 -0.02427387
20.18 -0.02187012
20.19 -0.01813041
20.2 -0.01421383
20.21 -0.0121414
20.22 -0.01028635
20.23 -0.008775515
20.24 -0.006338709
20.25 -0.003611559
20.26 -0.0005216878
20.27 0.003027341
20.28 0.006267497
20.29 0.008186669
20.3 0.008947743
20.31 0.009718246
20.32 0.0109659
20.33 0.01020977
20.34 0.008781452
20.35 0.006971626
20.36 0.004716791
20.37 0.002766786
20.38 0.001394954
20.39 0.0006081266
20.4 0.000481032
20.41 0.001167028
20.42 0.002632783
20.43 0.003112658
20.44 0.00259044
20.45 0.001498121
20.46 0.0001785716
20.47 -0.001871305
20.48 -0.005067248
20.49 -0.008726281
20.5 -0.01243716
20.51 -0.01632026
20.52 -0.01932235
20.53 -0.02141556
20.54 -0.02228656
20.55 -0.02050239
20.56 -0.01651847
20.57 -0.01105402
20.58 -0.004947003
20.59 0.002720226
20.6 0.008924972
20.61 0.0129113
20.62 0.01583438
20.63 0.0182137
20.64 0.01895949
20.65 0.01916214
20.66 0.01930122
20.67 0.01793529
20.68 0.01321184
20.69 0.004428957
20.7 -0.005973161
20.71 -0.01382081
20.72 -0.01854171
20.73 -0.02037535
20.74 -0.01928054
20.75 -0.01584251
20.76 -0.009993555
20.77 -0.001462247
20.78 0.00645362
20.79 0.01164485
20.8 0.01478071
20.81 0.01698906
20.82 0.01820205
20.83 0.01887986
20.84 0.01971853
20.85 0.0219694
20.86 0.02481116
20.87 0.02728819
20.88 0.02959787
20.89 0.03200082
20.9 0.03472041
20.91 0.0366654
20.92 0.03896581
20.93 0.04058166
20.94 0.04111835
20.95 0.04111561
20.96 0.04022381
20.97 0.03799668
20.98 0.0344849
20.99 0.02977453
21 0.02450716
21.01 0.02027672
21.02 0.01697167
21.03 0.01365389
21.04 0.01037383
21.05 0.007545952
21.06 0.005245247
21.07 0.003464293
21.08 0.002087078
21.09 0.0001656751
21.1 -0.001820902
21.11 -0.003984295
21.12 -0.006340942
21.13 -0.008817681
21.14 -0.01141452
21.15 -0.01424974
21.16 -0.0160651
21.17 -0.01696132
21.18 -0.01909245
21.19 -0.02248526
21.2 -0.02634051
21.21 -0.02991878
21.22 -0.03348478
21.23 -0.03619182
21.24 -0.03730317
21.25 -0.03530394
21.26 -0.02923518
21.27 -0.01863001
21.28 -0.007083323
21.29 0.001973658
21.3 0.008562932
21.31 0.01483149
21.32 0.01933295
21.33 0.02166015
21.34 0.02151569
21.35 0.01874707
21.36 0.01300939
21.37 0.005547902
21.38 -0.002730249
21.39 -0.009773474
21.4 -0.01542652
21.41 -0.01955298
21.42 -0.02205543
21.43 -0.02300942
21.44 -0.02253889
21.45 -0.02163361
21.46 -0.02046644
21.47 -0.01762622
21.48 -0.01439708
21.49 -0.01233867
21.5 -0.01196543
21.51 -0.01191226
21.52 -0.01230457
21.53 -0.01225624
21.54 -0.01210439
21.55 -0.01261747
21.56 -0.01384374
21.57 -0.01579283
21.58 -0.01891436
21.59 -0.023363
21.6 -0.02799613
21.61 -0.03256863
21.62 -0.03685375
21.63 -0.04041289
21.64 -0.04393898
21.65 -0.0467262
21.66 -0.04716525
21.67 -0.04554926
21.68 -0.04406158
21.69 -0.04296423
21.7 -0.04034674
21.71 -0.03738334
21.72 -0.03496759
21.73 -0.03271867
21.74 -0.03002876
21.75 -0.02685265
21.76 -0.02330219
21.77 -0.01898204
21.78 -0.01497657
21.79 -0.01162346
21.8 -0.008482418
21.81 -0.005739815
21.82 -0.00301598
21.83 -0.000240867
21.84 0.002497573
21.85 0.006376711
21.86 0.011173
21.87 0.0160194
21.88 0.01963475
21.89 0.0226053
21.9 0.0253534
21.91 0.02770067
21.92 0.03002244
21.93 0.03241717
21.94 0.03500861
21.95 0.03610987
21.96 0.03651433
21.97 0.03673361
21.98 0.03563919
21.99 0.03246136
22 0.02730053
22.01 0.0216567
22.02 0.01629294
22.03 0.01145623
22.04 0.007607894
22.05 0.004767096
22.06 0.001792321
22.07 -0.001958058
22.08 -0.005307304
22.09 -0.008918533
22.1 -0.01270963
22.11 -0.01543705
22.12 -0.01771267
22.13 -0.02000898
22.14 -0.0227928
22.15 -0.02514504
22.16 -0.02519743
22.17 -0.02316354
22.18 -0.02105903
22.19 -0.01882668
22.2 -0.01555827
22.21 -0.01259212
22.22 -0.01056676
22.23 -0.009375379
22.24 -0.009355748
22.25 -0.01006082
22.26 -0.01116258
22.27 -0.01184902
22.28 -0.01181342
22.29 -0.01168393
22.3 -0.01096631
22.31 -0.009444924
22.32 -0.008841089
22.33 -0.008445237
22.34 -0.007130142
22.35 -0.004987554
22.36 -0.001962643
22.37 0.001220691
22.38 0.004757321
22.39 0.008440679
22.4 0.01155688
22.41 0.01432808
22.42 0.0163721
22.43 0.01717213
22.44 0.01716393
22.45 0.01734238
22.46 0.01669179
22.47 0.0152665
22.48 0.0139457
22.49 0.01310764
22.5 0.01264064
22.51 0.01302409
22.52 0.01500869
22.53 0.01761202
22.54 0.02080812
22.55 0.02425116
22.56 0.02776233
22.57 0.03233086
22.58 0.03563349
22.59 0.03789568
22.6 0.03940618
22.61 0.03983282
22.62 0.03979646
22.63 0.03909307
22.64 0.03672584
22.65 0.03363129
22.66 0.03150025
22.67 0.03035493
22.68 0.02825634
22.69 0.02510724
22.7 0.02214086
22.71 0.01953382
22.72 0.01646746
22.73 0.01365983
22.74 0.01181551
22.75 0.009920596
22.76 0.008238938
22.77 0.007464344
22.78 0.006706112
22.79 0.004746717
22.8 0.002596512
22.81 0.001165136
22.82 -0.0001201939
22.83 -0.0004069422
22.84 0.0002722613
22.85 0.001893031
22.86 0.003151812
22.87 0.003924865
22.88 0.00496728
22.89 0.005838502
22.9 0.004925553
22.91 0.003307963
22.92 0.001647615
22.93 -0.0007465639
22.94 -0.003492251
22.95 -0.006047029
22.96 -0.007721786
22.97 -0.008207732
22.98 -0.007483461
22.99 -0.006443198
23 -0.005434589
23.01 -0.003679492
23.02 -0.001410212
23.03 -0.0002729992
23.04 0.0004155057
23.05 0.001829001
23.06 0.003283292
23.07 0.006078988
23.08 0.009643846
23.09 0.01432815
23.1 0.01921779
23.11 0.02327896
23.12 0.0265856
23.13 0.02895833
23.14 0.02898804
23.15 0.02824198
23.16 0.02806844
23.17 0.02757214
23.18 0.02544323
23.19 0.02260169
23.2 0.01960682
23.21 0.01581078
23.22 0.01084002
23.23 0.004639906
23.24 -0.001432111
23.25 -0.005276034
23.26 -0.007948839
23.27 -0.009746333
23.28 -0.01072492
23.29 -0.01167981
23.3 -0.01141605
23.31 -0.01027844
23.32 -0.009027305
23.33 -0.007254698
23.34 -0.006172025
23.35 -0.006152623
23.36 -0.005715081
23.37 -0.005272693
23.38 -0.005774306
23.39 -0.007734721
23.4 -0.01122069
23.41 -0.01513279
23.42 -0.01898377
23.43 -0.0222212
23.44 -0.02484219
23.45 -0.0268102
23.46 -0.02954516
23.47 -0.03254524
23.48 -0.03522083
23.49 -0.03760774
23.5 -0.03948502
23.51 -0.04106607
23.52 -0.04168418
23.53 -0.04096676
23.54 -0.04057152
23.55 -0.03967349
23.56 -0.03840249
23.57 -0.03693707
23.58 -0.03412964
23.59 -0.02906509
23.6 -0.02329552
23.61 -0.02163442
23.62 -0.01845119
23.63 -0.01011835
23.64 -0.001769267
23.65 0.004951853
23.66 0.01159077
23.67 0.01755433
23.68 0.02121159
23.69 0.0232082
23.7 0.02409448
23.71 0.02435598
23.72 0.02399535
23.73 0.02189281
23.74 0.01762926
23.75 0.01187374
23.76 0.005213941
23.77 -0.001034351
23.78 -0.007622202
23.79 -0.01531835
23.8 -0.02204618
23.81 -0.02786342
23.82 -0.03290617
23.83 -0.03709516
23.84 -0.04046943
23.85 -0.04281133
23.86 -0.04383121
23.87 -0.04308399
23.88 -0.0415179
23.89 -0.03929268
23.9 -0.03624505
23.91 -0.0332757
23.92 -0.03041113
23.93 -0.02880665
23.94 -0.02835603
23.95 -0.02835596
23.96 -0.02815001
23.97 -0.0265128
23.98 -0.02435959
23.99 -0.02122304
24 -0.01695799
24.01 -0.01315797
24.02 -0.009490489
24.03 -0.005854769
24.04 -0.002308392
24.05 0.001188762
24.06 0.004662167
24.07 0.008503615
24.08 0.01214697
24.09 0.01497338
24.1 0.01721868
24.11 0.01963135
24.12 0.02073918
24.13 0.02063516
24.14 0.02031912
24.15 0.01941674
24.16 0.01865346
24.17 0.01818274
24.18 0.01688675
24.19 0.01456923
24.2 0.01150433
24.21 0.007896748
24.22 0.00433453
24.23 0.001760503
24.24 -0.0005339344
24.25 -0.0015804
24.26 -0.0006700075
24.27 0.001915031
24.28 0.005223474
24.29 0.007692398
24.3 0.01048349
24.31 0.01374824
24.32 0.0169834
24.33 0.01975745
24.34 0.02228042
24.35 0.02551828
24.36 0.02838168
24.37 0.02939112
24.38 0.02901054
24.39 0.02763538
24.4 0.02446062
24.41 0.01975696
24.42 0.01337452
24.43 0.005472109
24.44 -0.002284851
24.45 -0.008152931
24.46 -0.01254151
24.47 -0.01563284
24.48 -0.01764548
24.49 -0.01814151
24.5 -0.01619545
24.51 -0.01293586
24.52 -0.008124407
24.53 -0.001786452
24.54 0.005221467
24.55 0.01156019
24.56 0.01652473
24.57 0.02041851
24.58 0.02274904
24.59 0.02475301
24.6 0.02608203
24.61 0.0269649
24.62 0.0281988
24.63 0.02922233
24.64 0.02926768
24.65 0.02909088
24.66 0.02914825
24.67 0.02844659
24.68 0.02665451
24.69 0.02408564
24.7 0.02024114
24.71 0.01639861
24.72 0.01300009
24.73 0.009674723
24.74 0.006859908
24.75 0.005312391
24.76 0.004949387
24.77 0.006570369
24.78 0.007746808
24.79 0.008694786
24.8 0.01122697
24.81 0.01501737
24.82 0.01746278
24.83 0.01985639
24.84 0.02195936
24.85 0.02372496
24.86 0.02481453
24.87 0.02487198
24.88 0.02398075
24.89 0.02231008
24.9 0.01954611
24.91 0.01586527
24.92 0.01212679
24.93 0.008002569
24.94 0.003615975
24.95 -0.0008234499
24.96 -0.005113585
24.97 -0.008697667
24.98 -0.0118272
24.99 -0.01466046
25 -0.01663299
25.01 -0.0182032
25.02 -0.01935294
25.03 -0.01955623
25.04 -0.01904322
25.05 -0.01835616
25.06 -0.01675342
25.07 -0.01327941
25.08 -0.008115577
25.09 -0.002845696
25.1 0.002282317
25.11 0.006911639
25.12 0.01002722
25.13 0.01184187
25.14 0.01165691
25.15 0.01014753
25.16 0.009649251
25.17 0.0096167
25.18 0.009460632
25.19 0.01018864
25.2 0.01160924
25.21 0.01248237
25.22 0.01324019
25.23 0.01346992
25.24 0.01283933
25.25 0.01197436
25.26 0.01110562
25.27 0.009879832
25.28 0.007313148
25.29 0.003276362
25.3 -0.0007423238
25.31 -0.004421876
25.32 -0.007551279
25.33 -0.01072009
25.34 -0.01289211
25.35 -0.0137194
25.36 -0.01357918
25.37 -0.01257423
25.38 -0.01024097
25.39 -0.008146578
25.4 -0.006352579
25.41 -0.00489653
25.42 -0.004645688
25.43 -0.004996309
25.44 -0.005790711
25.45 -0.007298751
25.46 -0.009278463
25.47 -0.01184881
25.48 -0.01449088
25.49 -0.0167467
25.5 -0.0179034
25.51 -0.01803753
25.52 -0.01733844
25.53 -0.01522045
25.54 -0.01283474
25.55 -0.01055112
25.56 -0.006712123
25.57 -0.00217271
25.58 0.001889947
25.59 0.005605196
25.6 0.00902706
25.61 0.011199
25.62 0.01238843
25.63 0.01131833
25.64 0.00749795
25.65 0.003098419
25.66 -0.0001237061
25.67 -0.003649332
25.68 -0.007990677
25.69 -0.01207137
25.7 -0.01523317
25.71 -0.0175704
25.72 -0.01923901
25.73 -0.01994913
25.74 -0.02086096
25.75 -0.02063779
25.76 -0.0189371
25.77 -0.01750409
25.78 -0.0170412
25.79 -0.0174408
25.8 -0.01817738
25.81 -0.01907485
25.82 -0.0203821
25.83 -0.021751
25.84 -0.02318414
25.85 -0.0241887
25.86 -0.02490654
25.87 -0.02503343
25.88 -0.02406053
25.89 -0.02267502
25.9 -0.0212727
25.91 -0.01962502
25.92 -0.01757617
25.93 -0.01504499
25.94 -0.01244641
25.95 -0.009820569
25.96 -0.007040926
25.97 -0.00487261
25.98 -0.003292033
25.99 -0.002262288
26 -0.001688817
26.01 -0.001197406
26.02 -0.001198706
26.03 -0.00189147
26.04 -0.002576005
26.05 -0.002479714
26.06 -0.001916484
26.07 -0.0008567051
26.08 0.0003449377
26.09 0.001748104
26.1 0.002744943
26.11 0.002744344
26.12 0.002378639
26.13 0.001137303
26.14 -0.0007302513
26.15 -0.002676385
26.16 -0.003725511
26.17 -0.005047605
26.18 -0.007907482
26.19 -0.01163729
26.2 -0.01520051
26.21 -0.01805749
26.22 -0.01984311
26.23 -0.02075104
26.24 -0.02078525
26.25 -0.01991753
26.26 -0.01772155
26.27 -0.01428375
26.28 -0.01083068
26.29 -0.006858394
26.3 -0.001436464
26.31 0.004305107
26.32 0.009227603
26.33 0.01352608
26.34 0.0158809
26.35 0.01673811
26.36 0.01778255
26.37 0.01843073
26.38 0.01838094
26.39 0.01784728
26.4 0.01609817
26.41 0.0131451
26.42 0.0095828
26.43 0.006209648
26.44 0.003674881
26.45 0.001229954
26.46 -0.0005555696
26.47 -0.001807239
26.48 -0.002125725
26.49 -0.001833443
26.5 -0.001066675
26.51 -0.0001812632
26.52 -9.640004e-05
26.53 -0.0003578292
26.54 -0.0003002495
26.55 -5.973193e-06
26.56 0.0005865343
26.57 0.002211866
26.58 0.004747765
26.59 0.007136804
26.6 0.009805351
26.61 0.01275387
26.62 0.01471686
26.63 0.01499093
26.64 0.01476947
26.65 0.01535715
26.66 0.015786
26.67 0.01481525
26.68 0.01252095
26.69 0.008957987
26.7 0.005140773
26.71 0.001858725
26.72 -0.0006723328
26.73 -0.002365071
26.74 -0.003196271
26.75 -0.003298222
26.76 -0.003117372
26.77 -0.001916592
26.78 -0.001014378
26.79 -0.001149605
26.8 -0.0007939242
26.81 0.0005043546
26.82 0.001270959
26.83 0.002428335
26.84 0.004714541
26.85 0.007107014
26.86 0.00873859
26.87 0.009506326
26.88 0.009880335
26.89 0.00976082
26.9 0.009825285
26.91 0.01003402
26.92 0.01019273
26.93 0.010459
26.94 0.01108191
26.95 0.01121058
26.96 0.01103489
26.97 0.0105038
26.98 0.009539341
26.99 0.008222721
27 0.006507569
27.01 0.005064507
27.02 0.004274002
27.03 0.003637445
27.04 0.003010605
27.05 0.002454199
27.06 0.001783783
27.07 0.00107242
27.08 0.0001645548
27.09 -0.0009628109
27.1 -0.002389092
27.11 -0.002967801
27.12 -0.002528752
27.13 -0.001630656
27.14 -0.001109314
27.15 -0.001280582
27.16 -0.0004331724
27.17 0.0009650773
27.18 0.001447965
27.19 0.001249123
27.2 0.001153599
27.21 0.001552007
27.22 0.002236753
27.23 0.00294003
27.24 0.003538859
27.25 0.004379672
27.26 0.005397078
27.27 0.006289036
27.28 0.006547762
27.29 0.005431337
27.3 0.004256458
27.31 0.00335944
27.32 0.001787511
27.33 -0.0001846491
27.34 -0.001745931
27.35 -0.003179445
27.36 -0.003935525
27.37 -0.004393017
27.38 -0.00412532
27.39 -0.003397394
27.4 -0.001990304
27.41 -0.0001662538
27.42 0.001572518
27.43 0.00363144
27.44 0.005980681
27.45 0.007523772
27.46 0.008982543
27.47 0.01013954
27.48 0.01065508
27.49 0.01107864
27.5 0.0108859
27.51 0.009986184
27.52 0.00883415
27.53 0.007679607
27.54 0.006788378
27.55 0.005692862
27.56 0.004352548
27.57 0.003603044
27.58 0.002892246
27.59 0.002055996
27.6 0.0007453161
27.61 -0.0002726212
27.62 -0.0009010637
27.63 -0.001493841
27.64 -0.001744535
27.65 -0.001239036
27.66 0.0005715619
27.67 0.003113843
27.68 0.005770693
27.69 0.008083266
27.7 0.01007074
27.71 0.01257637
27.72 0.01449972
27.73 0.01662
27.74 0.01846724
27.75 0.01908162
27.76 0.01923503
27.77 0.01929402
27.78 0.01915775
27.79 0.0178877
27.8 0.01599269
27.81 0.01496065
27.82 0.01451946
27.83 0.01332654
27.84 0.0122539
27.85 0.01157898
27.86 0.0109408
27.87 0.009963509
27.88 0.008121624
27.89 0.006449208
27.9 0.003910435
27.91 0.0003403719
27.92 -0.003550995
27.93 -0.007316224
27.94 -0.01039329
27.95 -0.01346084
27.96 -0.01629879
27.97 -0.01840163
27.98 -0.01938973
27.99 -0.0194536
28 -0.01885395
28.01 -0.01776422
28.02 -0.0164364
28.03 -0.01480255
28.04 -0.01330134
28.05 -0.01221848
28.06 -0.01185826
28.07 -0.01136268
28.08 -0.01047706
28.09 -0.009909484
28.1 -0.009936984
28.11 -0.009329841
28.12 -0.007575277
28.13 -0.005869153
28.14 -0.005135971
28.15 -0.003875124
28.16 -0.001294014
28.17 0.0009568265
28.18 0.001512939
28.19 0.001591327
28.2 0.0009673816
28.21 -0.000982238
28.22 -0.003943468
28.23 -0.006653172
28.24 -0.009484745
28.25 -0.01191448
28.26 -0.01360115
28.27 -0.01433786
28.28 -0.0151465
28.29 -0.0164875
28.3 -0.01689056
28.31 -0.0167375
28.32 -0.01727002
28.33 -0.01830782
28.34 -0.01922354
28.35 -0.02009787
28.36 -0.02109209
28.37 -0.02269305
28.38 -0.02367172
28.39 -0.0235906
28.4 -0.02346189
28.41 -0.02340963
28.42 -0.02255119
28.43 -0.02137178
28.44 -0.02036876
28.45 -0.01893674
28.46 -0.01740808
28.47 -0.01620487
28.48 -0.0147156
28.49 -0.01275105
28.5 -0.01073875
28.51 -0.009267435
28.52 -0.007367267
28.53 -0.004660584
28.54 -0.002881729
28.55 -0.001303405
28.56 0.0001962164
28.57 0.001685405
28.58 0.003249751
28.59 0.004644125
28.6 0.006129884
28.61 0.007853357
28.62 0.009167754
28.63 0.01019769
28.64 0.01069543
28.65 0.01040204
28.66 0.01099142
28.67 0.01178487
28.68 0.01146943
28.69 0.01108998
28.7 0.01049043
28.71 0.009571188
28.72 0.009238728
28.73 0.009855188
28.74 0.0108601
28.75 0.01194727
28.76 0.01361689
28.77 0.01641729
28.78 0.01870948
28.79 0.02036171
28.8 0.02139593
28.81 0.02235471
28.82 0.02277852
28.83 0.02267874
28.84 0.02204902
28.85 0.01994292
28.86 0.01760604
28.87 0.01497617
28.88 0.01193934
28.89 0.009175446
28.9 0.006675567
28.91 0.003645382
28.92 0.001134052
28.93 -0.0007447619
28.94 -0.002896945
28.95 -0.004543367
28.96 -0.005881241
28.97 -0.006889296
28.98 -0.007678815
28.99 -0.0077697
29 -0.007186229
29.01 -0.006257712
29.02 -0.005421105
29.03 -0.004708153
29.04 -0.003474679
29.05 -0.002057253
29.06 -0.0005154578
29.07 0.001270461
29.08 0.003305601
29.09 0.004768473
29.1 0.005307606
29.11 0.005950323
29.12 0.006456654
29.13 0.005631167
29.14 0.003477595
29.15 7.456068e-05
29.16 -0.002753769
29.17 -0.005236438
29.18 -0.008404127
29.19 -0.01204896
29.2 -0.01514741
29.21 -0.01770774
29.22 -0.0197678
29.23 -0.02129029
29.24 -0.02264316
29.25 -0.02372595
29.26 -0.02341129
29.27 -0.02096669
29.28 -0.0176296
29.29 -0.01481588
29.3 -0.01164995
29.31 -0.007963492
29.32 -0.004222822
29.33 -0.001093977
29.34 0.001361182
29.35 0.003521102
29.36 0.004588377
29.37 0.004892032
29.38 0.004847023
29.39 0.004629014
29.4 0.004547507
29.41 0.004351909
29.42 0.004373945
29.43 0.004900148
29.44 0.005310046
29.45 0.006498742
29.46 0.008069964
29.47 0.008966317
29.48 0.00952022
29.49 0.01095545
29.5 0.01254413
29.51 0.01284404
29.52 0.01281151
29.53 0.01219626
29.54 0.01128237
29.55 0.01015914
29.56 0.009079902
29.57 0.007542341
29.58 0.005689194
29.59 0.004471783
29.6 0.00275091
29.61 0.0007598919
29.62 -0.00100018
29.63 -0.002133227
29.64 -0.003536152
29.65 -0.005125571
29.66 -0.005187539
29.67 -0.004246431
29.68 -0.003946909
29.69 -0.003800388
29.7 -0.003712437
29.71 -0.004191245
29.72 -0.004757515
29.73 -0.005190333
29.74 -0.00575426
29.75 -0.006204982
29.76 -0.006372899
29.77 -0.005923447
29.78 -0.006526837
29.79 -0.007940137
29.8 -0.008530395
29.81 -0.008705758
29.82 -0.009545076
29.83 -0.01030298
29.84 -0.01029996
29.85 -0.01016915
29.86 -0.0101778
29.87 -0.009740024
29.88 -0.008478824
29.89 -0.007067927
29.9 -0.005576612
29.91 -0.004591459
29.92 -0.003880159
29.93 -0.003276613
29.94 -0.001998369
29.95 -0.001054201
29.96 -0.0009905086
29.97 -0.0007272266
29.98 -0.0002353233
29.99 -4.882653e-06
30 0.0001269041
30.01 0.0004301834
30.02 0.0004431645
30.03 0.001036952
30.04 0.001414381
30.05 0.001562146
30.06 0.00280545
30.07 0.004509675
30.08 0.00568699
30.09 0.007159871
30.1 0.008934591
30.11 0.01005293
30.12 0.01022262
30.13 0.01025346
30.14 0.01046583
30.15 0.01090544
30.16 0.01252739
30.17 0.01470751
30.18 0.01714982
30.19 0.01875616
30.2 0.02028617
30.21 0.02159522
30.22 0.02247108
30.23 0.02337019
30.24 0.02365002
30.25 0.02355325
30.26 0.02384023
30.27 0.0250275
30.28 0.02548824
30.29 0.02397984
30.3 0.02178944
30.31 0.01963264
30.32 0.01678204
30.33 0.01419169
30.34 0.01124086
30.35 0.008132186
30.36 0.005514088
30.37 0.003296057
30.38 0.001818609
30.39 0.0003855871
30.4 -0.0004311043
30.41 -0.0008408381
30.42 -0.001228168
30.43 -0.001591998
30.44 -0.002028709
30.45 -0.002619236
30.46 -0.002561568
30.47 -0.00210203
30.48 -0.001129367
30.49 -6.518134e-05
30.5 0.000915678
30.51 0.002261862
30.52 0.003951357
30.53 0.005444529
30.54 0.006364641
30.55 0.007925434
30.56 0.009223345
30.57 0.009020174
30.58 0.008053293
30.59 0.007330332
30.6 0.005583549
30.61 0.003278027
30.62 0.0001982269
30.63 -0.003685184
30.64 -0.008563363
30.65 -0.01351524
30.66 -0.01683528
30.67 -0.01898503
30.68 -0.02127232
30.69 -0.02320608
30.7 -0.02439136
30.71 -0.0254204
30.72 -0.02551246
30.73 -0.02426255
30.74 -0.0231916
30.75 -0.0217611
30.76 -0.01920883
30.77 -0.01564996
30.78 -0.01218057
30.79 -0.009441316
30.8 -0.006125923
30.81 -0.002559041
30.82 0.0003185374
30.83 0.002597107
30.84 0.004127926
30.85 0.004550461
30.86 0.004303074
30.87 0.003715493
30.88 0.002974867
30.89 0.001929192
30.9 0.001066768
30.91 0.0003103516
30.92 -0.0005329682
30.93 -0.0008417923
30.94 -0.0007107366
30.95 -0.0006385178
30.96 -0.0009409391
30.97 -0.001951998
30.98 -0.002745422
30.99 -0.002819537
31 -0.00348722
31.01 -0.004361305
31.02 -0.005164405
31.03 -0.006622916
31.04 -0.007436845
31.05 -0.007843627
31.06 -0.007526071
31.07 -0.006791972
31.08 -0.005690228
31.09 -0.004450388
31.1 -0.002889686
31.11 -4.887196e-05
31.12 0.002363846
31.13 0.003911635
31.14 0.004564173
31.15 0.00434072
31.16 0.004111354
31.17 0.004483688
31.18 0.00460671
31.19 0.003665413
31.2 0.00248545
31.21 0.001945758
31.22 0.0009477904
31.23 0.0001274323
31.24 -0.0009394507
31.25 -0.001707194
31.26 -0.001639215
31.27 -0.00130244
31.28 -0.001093602
31.29 -0.0005766873
31.3 0.0004730917
31.31 0.001306673
31.32 0.00258153
31.33 0.003082736
31.34 0.002367714
31.35 0.001379965
31.36 0.0002969107
31.37 -0.001174277
31.38 -0.002257213
31.39 -0.002753361
31.4 -0.004095956
31.41 -0.005820402
31.42 -0.006756626
31.43 -0.00798756
31.44 -0.009746598
31.45 -0.01073031
31.46 -0.01144291
31.47 -0.01214431
31.48 -0.01285872
31.49 -0.01386038
31.5 -0.01431496
31.51 -0.01393668
31.52 -0.01301818
31.53 -0.01191777
31.54 -0.01148225
31.55 -0.01040776
31.56 -0.008982421
31.57 -0.00738318
31.58 -0.005696509
31.59 -0.003863542
31.6 -0.002756121
31.61 -0.002312353
31.62 -0.001900022
31.63 -0.001431322
31.64 -0.001272533
31.65 -0.001164116
31.66 -5.071444e-05
31.67 0.001896053
31.68 0.003274271
31.69 0.004232074
31.7 0.005380924
31.71 0.006810265
31.72 0.007594545
31.73 0.007673745
31.74 0.007466909
31.75 0.006854476
31.76 0.005809475
31.77 0.004251843
31.78 0.002079736
31.79 -0.0009089274
31.8 -0.003677227
31.81 -0.005283021
31.82 -0.005559979
31.83 -0.005607134
31.84 -0.005589076
31.85 -0.005187524
31.86 -0.004284599
31.87 -0.003437716
31.88 -0.00317174
31.89 -0.003067058
31.9 -0.00283378
31.91 -0.002660272
31.92 -0.00241852
31.93 -0.002878511
31.94 -0.00355432
31.95 -0.003835734
31.96 -0.00370331
31.97 -0.003573263
31.98 -0.003121597
31.99 -0.002421136
32 -0.001536269
32.01 -0.0003580018
32.02 0.001097847
32.03 0.002477854
32.04 0.003555765
32.05 0.004734023
32.06 0.005925391
32.07 0.006720744
32.08 0.007508867
32.09 0.008832397
32.1 0.0100919
32.11 0.01153022
32.12 0.01252361
32.13 0.01365225
32.14 0.01516907
32.15 0.01619
32.16 0.01684074
32.17 0.01840851
32.18 0.01972682
32.19 0.01985816
32.2 0.01961134
32.21 0.01997936
32.22 0.02027157
32.23 0.02057046
32.24 0.02080838
32.25 0.02062611
32.26 0.02036273
32.27 0.02015647
32.28 0.01936648
32.29 0.01744919
32.3 0.0153677
32.31 0.01384736
32.32 0.01208613
32.33 0.01030964
32.34 0.008439797
32.35 0.007052208
32.36 0.006274388
32.37 0.005562231
32.38 0.004454385
32.39 0.002992501
32.4 0.001804872
32.41 0.0003749737
32.42 -0.0009656381
32.43 -0.002426023
32.44 -0.004146511
32.45 -0.005368917
32.46 -0.005858936
32.47 -0.006373402
32.48 -0.006628975
32.49 -0.006160547
32.5 -0.005561211
32.51 -0.005218661
32.52 -0.004776704
32.53 -0.004425021
32.54 -0.003898624
32.55 -0.003706023
32.56 -0.003757013
32.57 -0.003535275
32.58 -0.003491747
32.59 -0.003771919
32.6 -0.004282768
32.61 -0.005043466
32.62 -0.006245457
32.63 -0.007554088
32.64 -0.0090594
32.65 -0.01033998
32.66 -0.01015907
32.67 -0.009684127
32.68 -0.009808051
32.69 -0.01031375
32.7 -0.01031465
32.71 -0.01001907
32.72 -0.01033143
32.73 -0.0113715
32.74 -0.01238035
32.75 -0.01296385
32.76 -0.01330768
32.77 -0.0137153
32.78 -0.01425381
32.79 -0.01470627
32.8 -0.01496638
32.81 -0.01483364
32.82 -0.01449432
32.83 -0.01415589
32.84 -0.01340708
32.85 -0.01220395
32.86 -0.01083376
32.87 -0.009755728
32.88 -0.008322208
32.89 -0.006599709
32.9 -0.005020137
32.91 -0.003456679
32.92 -0.00171766
32.93 -3.065244e-05
32.94 0.001463389
32.95 0.002889363
32.96 0.004127627
32.97 0.004894631
32.98 0.005333695
32.99 0.00568924
33 0.005449165
33.01 0.00506156
33.02 0.004610003
33.03 0.003767207
33.04 0.00284252
33.05 0.002078761
33.06 0.0010522
33.07 8.082451e-05
33.08 -8.854347e-05
33.09 -0.0002878822
33.1 -0.0006227564
33.11 -0.0006095198
33.12 -0.0003268422
33.13 -2.337325e-05
33.14 0.0002546728
33.15 0.0007702328
33.16 0.001864248
33.17 0.002991589
33.18 0.003592758
33.19 0.004101123
33.2 0.004525319
33.21 0.004748408
33.22 0.004982031
33.23 0.005075715
33.24 0.005244816
33.25 0.005175473
33.26 0.005148227
33.27 0.005399812
33.28 0.005487565
33.29 0.005061591
33.3 0.004267274
33.31 0.004135381
33.32 0.004535198
33.33 0.004719999
33.34 0.004734316
33.35 0.004717157
33.36 0.004738232
33.37 0.004562598
33.38 0.004562947
33.39 0.00447428
33.4 0.004057887
33.41 0.003717942
33.42 0.003384214
33.43 0.002688338
33.44 0.002211315
33.45 0.001893039
33.46 0.001609111
33.47 0.001369378
33.48 0.001269993
33.49 0.001218829
33.5 0.00108916
33.51 0.0009671716
33.52 0.001044153
33.53 0.001245061
33.54 0.001178339
33.55 0.001114501
33.56 0.001069083
33.57 0.0007782402
33.58 0.0002634545
33.59 -0.0003534249
33.6 -0.0007744936
33.61 -0.001377706
33.62 -0.001831548
33.63 -0.00193937
33.64 -0.0021549
33.65 -0.002658285
33.66 -0.002685327
33.67 -0.002374294
33.68 -0.002100617
33.69 -0.001966879
33.7 -0.001752124
33.71 -0.001594674
33.72 -0.001489031
33.73 -0.001324976
33.74 -0.001259062
33.75 -0.001250057
33.76 -0.001223092
33.77 -0.001189455
33.78 -0.001265102
33.79 -0.001637489
33.8 -0.002070721
33.81 -0.002314418
33.82 -0.002468029
33.83 -0.002576521
33.84 -0.002567149
33.85 -0.002621217
33.86 -0.002645366
33.87 -0.002598507
33.88 -0.002502568
33.89 -0.002351809
33.9 -0.002202782
33.91 -0.002128591
33.92 -0.002053585
33.93 -0.001907138
33.94 -0.001727556
33.95 -0.001503631
33.96 -0.00125039
33.97 -0.0009436993
33.98 -0.0006316412
33.99 -0.0002900751
34 -3.132456e-05
34.01 8.210969e-05
34.02 0.0001624469
34.03 0.0003019581
34.04 0.0003637475
34.05 0.000414168
34.06 0.0004641032
34.07 0.0005270599
34.08 0.0005465086
34.09 0.0005444176
34.1 0.0005637438
34.11 0.0005816545
34.12 0.0006056291
34.13 0.0005861168
34.14 0.000536987
34.15 0.0005261623
34.16 0.0005379621
34.17 0.0005699217
34.18 0.0005826804
34.19 0.0005713742
34.2 0.0005715808
34.21 0.0006009898
34.22 0.0006060786
34.23 0.0006065421
34.24 0.0006172092
34.25 0.0006272742
34.26 0.0006450928
34.27 0.0006862967
34.28 0.0007059179
34.29 0.0006695161
34.3 0.0006375167
34.31 0.0006262562
34.32 0.0006022871
34.33 0.0005643899
34.34 0.0005327269
34.35 0.0005047858
34.36 0.0004675528
34.37 0.0004349029
34.38 0.0004072809
34.39 0.0003799915
34.4 0.0003500314
34.41 0.000318551
34.42 0.0002958748
34.43 0.0002686257
34.44 0.0002416646
34.45 0.0002149213
34.46 0.0001782823
34.47 0.0001491616
34.48 0.0001255849
34.49 0.0001024011
34.5 8.310258e-05
34.51 6.782646e-05
34.52 5.930537e-05
34.53 5.584802e-05
34.54 5.545188e-05
34.55 5.190233e-05
34.56 5.207372e-05
34.57 5.671861e-05
34.58 6.079253e-05
34.59 6.191057e-05
34.6 6.198109e-05
34.61 6.1611e-05
34.62 6.062577e-05
34.63 5.901647e-05
34.64 5.591808e-05
34.65 5.258055e-05
34.66 5.165976e-05
34.67 5.080373e-05
34.68 4.767116e-05
34.69 4.393851e-05
34.7 4.12809e-05
34.71 3.83592e-05
34.72 3.496625e-05
34.73 3.116707e-05
34.74 2.694546e-05
34.75 2.227671e-05
34.76 1.776703e-05
34.77 1.351462e-05
34.78 9.133667e-06
34.79 4.67157e-06
34.8 6.772569e-07
34.81 -2.770884e-06
34.82 -5.888173e-06
34.83 -8.594313e-06
34.84 -1.092738e-05
34.85 -1.29233e-05
34.86 -1.458826e-05
34.87 -1.593106e-05
34.88 -1.699238e-05
34.89 -1.778843e-05
34.9 -1.834721e-05
34.91 -1.868979e-05
34.92 -1.884078e-05
34.93 -1.88201e-05
34.94 -1.864371e-05
34.95 -1.832212e-05
34.96 -1.786349e-05
34.97 -1.727359e-05
34.98 -1.6557e-05
