0 0.001268999
0.01 0.001274952
0.02 0.001281062
0.03 0.001286833
0.04 0.001294616
0.05 0.001301098
0.06 0.001302311
0.07 0.001300952
0.08 0.001302992
0.09 0.00130919
0.1 0.001313608
0.11 0.001305277
0.12 0.001278774
0.13 0.001281288
0.14 0.001332139
0.15 0.001381736
0.16 0.001371315
0.17 0.001342848
0.18 0.00131734
0.19 0.001313641
0.2 0.001319748
0.21 0.001321539
0.22 0.001294663
0.23 0.001241675
0.24 0.001224177
0.25 0.001256171
0.26 0.001307894
0.27 0.001313513
0.28 0.001300601
0.29 0.001297352
0.3 0.001289649
0.31 0.001225623
0.32 0.001140173
0.33 0.001177629
0.34 0.00134879
0.35 0.001551819
0.36 0.001637007
0.37 0.001618446
0.38 0.001612364
0.39 0.001481834
0.4 0.00108246
0.41 0.0007776347
0.42 0.0007615298
0.43 0.0008839792
0.44 0.0009668803
0.45 0.0009315899
0.46 0.0009389124
0.47 0.0009521269
0.48 0.0009942371
0.49 0.001135258
0.5 0.001198488
0.51 0.001206962
0.52 0.000918482
0.53 0.0006806023
0.54 0.0005323142
0.55 0.0003508929
0.56 0.0002930368
0.57 0.0002884012
0.58 0.0002755697
0.59 0.0005426124
0.6 0.0009732567
0.61 0.001238565
0.62 0.001653392
0.63 0.001598503
0.64 0.001423791
0.65 0.001437232
0.66 0.001376965
0.67 0.001624741
0.68 0.001832954
0.69 0.001516462
0.7 0.001257672
0.71 0.0009296347
0.72 0.0007525003
0.73 0.0007534032
0.74 0.0007307698
0.75 0.0004979364
0.76 0.000102127
0.77 -0.0005295945
0.78 -0.001355207
0.79 -0.001750861
0.8 -0.001270669
0.81 -0.0001125809
0.82 0.001379547
0.83 0.002161713
0.84 0.001958234
0.85 0.001417027
0.86 0.001178391
0.87 0.0007035822
0.88 -4.93814e-05
0.89 -0.000438032
0.9 -0.0003990662
0.91 -0.000285201
0.92 0.0003162247
0.93 0.001567428
0.94 0.001984832
0.95 0.001136068
0.96 0.0002241306
0.97 -0.0003663744
0.98 -0.000596537
0.99 -0.0001493814
1 0.0002010747
1.01 -0.0001440747
1.02 -0.0006747531
1.03 -0.0008461914
1.04 -0.0008017171
1.05 -0.0008212966
1.06 -0.001075865
1.07 -0.0009739894
1.08 2.441775e-05
1.09 0.002259942
1.1 0.004113377
1.11 0.004013602
1.12 0.002022134
1.13 -0.001177839
1.14 -0.003391275
1.15 -0.003499948
1.16 -0.003816439
1.17 -0.004493394
1.18 -0.004328323
1.19 -0.002994702
1.2 -0.001244232
1.21 -0.000192245
1.22 0.000305027
1.23 0.001085912
1.24 0.002267565
1.25 0.003404801
1.26 0.002478163
1.27 0.0005077807
1.28 3.835844e-06
1.29 0.001310027
1.3 0.001124056
1.31 -0.001427119
1.32 -0.004185004
1.33 -0.005586275
1.34 -0.005189259
1.35 -0.003435878
1.36 -0.00252232
1.37 -0.0027133
1.38 -0.002896532
1.39 -0.002887407
1.4 -0.002876302
1.41 -0.002892194
1.42 -0.002899024
1.43 -0.00285236
1.44 -0.00220776
1.45 -0.001253447
1.46 -0.0006581539
1.47 -0.0006476544
1.48 -0.0007246095
1.49 -0.0007467215
1.5 -0.001315934
1.51 -0.001867296
1.52 -0.001870341
1.53 -0.001813094
1.54 -0.0008414413
1.55 0.0005603633
1.56 0.0002801808
1.57 -0.0007668773
1.58 -0.0005751943
1.59 0.0005671352
1.6 0.000953055
1.61 -0.0001769823
1.62 -0.001033339
1.63 -0.001506381
1.64 -0.001420632
1.65 0.0004663462
1.66 0.002432799
1.67 0.002604277
1.68 0.001625513
1.69 0.001096747
1.7 -0.0001559221
1.71 -0.001008367
1.72 -0.0009368242
1.73 -0.001086925
1.74 -0.0008254793
1.75 0.001220018
1.76 0.003828034
1.77 0.004209519
1.78 0.002860194
1.79 0.0003659248
1.8 -0.001112834
1.81 -0.0007523353
1.82 -0.0002650253
1.83 -0.00115114
1.84 -0.003384482
1.85 -0.005806186
1.86 -0.00665142
1.87 -0.006643188
1.88 -0.006045589
1.89 -0.00601317
1.9 -0.004875484
1.91 -0.00134403
1.92 0.003439553
1.93 0.006396528
1.94 0.005352059
1.95 0.00168381
1.96 -0.001249599
1.97 -0.002771787
1.98 -0.002876965
1.99 -0.002368222
2 -0.001680586
2.01 -0.001232638
2.02 -0.0003883336
2.03 0.0003312702
2.04 -0.000495568
2.05 -0.002219582
2.06 -0.003080185
2.07 -0.001708368
2.08 0.0003506094
2.09 0.0008301495
2.1 0.000388682
2.11 -0.0006148996
2.12 -0.002366079
2.13 -0.003396349
2.14 -0.002867508
2.15 -0.001247322
2.16 0.0002650104
2.17 0.0005999056
2.18 0.0007290802
2.19 0.0003687292
2.2 3.586902e-05
2.21 0.0002680682
2.22 0.0004071312
2.23 0.0004806234
2.24 0.0005217394
2.25 -0.0001177231
2.26 -0.001072753
2.27 -0.001749592
2.28 -0.001514956
2.29 -0.001280206
2.3 -0.001004831
2.31 0.0003627778
2.32 0.0008813691
2.33 0.0001632633
2.34 -0.0002435937
2.35 0.001158589
2.36 0.00318266
2.37 0.004725688
2.38 0.006418048
2.39 0.005738302
2.4 0.001868665
2.41 -0.002479684
2.42 -0.00683244
2.43 -0.01034761
2.44 -0.0118
2.45 -0.01176117
2.46 -0.01032224
2.47 -0.007481514
2.48 -0.003384944
2.49 0.0003182679
2.5 0.002161883
2.51 0.002343922
2.52 0.0002700488
2.53 -0.002847996
2.54 -0.004740235
2.55 -0.005713733
2.56 -0.005499932
2.57 -0.004718287
2.58 -0.003981038
2.59 -0.003018503
2.6 -0.0002933757
2.61 0.003631036
2.62 0.007884766
2.63 0.01149152
2.64 0.0135343
2.65 0.01389502
2.66 0.0123748
2.67 0.008358362
2.68 0.002381777
2.69 -0.001585162
2.7 -0.001941579
2.71 -0.0004864601
2.72 9.604898e-05
2.73 -0.0005079412
2.74 -0.0006496334
2.75 -0.0008712654
2.76 -0.001942951
2.77 -0.004517907
2.78 -0.007373612
2.79 -0.008240378
2.8 -0.006166372
2.81 -0.003262438
2.82 -0.001852392
2.83 -0.001059463
2.84 0.0001123295
2.85 0.002020746
2.86 0.003809637
2.87 0.004591905
2.88 0.003983393
2.89 0.003216055
2.9 0.002194675
2.91 0.0001783683
2.92 -0.0007330267
2.93 -0.0008897169
2.94 -0.002223325
2.95 -0.001650755
2.96 0.0003687144
2.97 0.001351049
2.98 0.001657088
2.99 0.00189953
3 0.002457618
3.01 0.003582177
3.02 0.00315286
3.03 0.001838432
3.04 0.001154736
3.05 0.001131636
3.06 0.001141562
3.07 0.001833079
3.08 0.003797182
3.09 0.004288768
3.1 0.002265705
3.11 -0.001764891
3.12 -0.006449269
3.13 -0.009954956
3.14 -0.01214286
3.15 -0.0125356
3.16 -0.01090679
3.17 -0.004479241
3.18 0.002970157
3.19 0.005929673
3.2 0.004384593
3.21 0.001663539
3.22 -0.0004505025
3.23 -0.0009930204
3.24 -0.000183114
3.25 0.001208711
3.26 0.002563646
3.27 0.003383207
3.28 0.002829407
3.29 0.0003350553
3.3 -0.004361354
3.31 -0.007223052
3.32 -0.006063155
3.33 -0.001791739
3.34 0.003188905
3.35 0.005283923
3.36 0.003367506
3.37 -0.001729116
3.38 -0.009057854
3.39 -0.01529874
3.4 -0.01693789
3.41 -0.01359103
3.42 -0.007771249
3.43 -0.001691912
3.44 0.001875151
3.45 0.0032498
3.46 0.004615994
3.47 0.00728448
3.48 0.01058958
3.49 0.01332602
3.5 0.01402936
3.51 0.01414973
3.52 0.0129285
3.53 0.009998978
3.54 0.007065358
3.55 0.005163052
3.56 0.0038233
3.57 0.002492046
3.58 0.002464664
3.59 0.003493354
3.6 0.003580634
3.61 0.002032689
3.62 -0.0009325192
3.63 -0.004737004
3.64 -0.007416533
3.65 -0.00794942
3.66 -0.00708249
3.67 -0.006103271
3.68 -0.00522749
3.69 -0.004252742
3.7 -0.003422742
3.71 -0.002681922
3.72 -0.002053723
3.73 -0.0004349952
3.74 0.00205957
3.75 0.003568814
3.76 0.00276411
3.77 6.030855e-05
3.78 -0.00167191
3.79 -0.002186768
3.8 -0.002206027
3.81 -0.00310845
3.82 -0.003149535
3.83 -0.001156969
3.84 0.0007558368
3.85 0.002156842
3.86 0.003188725
3.87 0.003875397
3.88 0.004067532
3.89 0.003309021
3.9 0.001447715
3.91 -0.0009547073
3.92 -0.003931518
3.93 -0.007234422
3.94 -0.01025993
3.95 -0.01051162
3.96 -0.009010282
3.97 -0.007063687
3.98 -0.005808742
3.99 -0.00592237
4 -0.005756958
4.01 -0.004386616
4.02 -0.002076222
4.03 0.0005928032
4.04 0.002422224
4.05 0.00378518
4.06 0.004006702
4.07 0.003356366
4.08 0.002318954
4.09 0.001308927
4.1 -0.0003120128
4.11 -0.002258931
4.12 -0.002789541
4.13 -0.001430319
4.14 0.0001764602
4.15 0.0008510248
4.16 0.001557765
4.17 0.002519071
4.18 0.004044023
4.19 0.005551276
4.2 0.005935625
4.21 0.005646646
4.22 0.005453661
4.23 0.004617657
4.24 0.00042597
4.25 -0.008341629
4.26 -0.01931615
4.27 -0.02757293
4.28 -0.02950683
4.29 -0.02608773
4.3 -0.01958489
4.31 -0.009710749
4.32 -0.000798327
4.33 0.005308378
4.34 0.01028148
4.35 0.01400142
4.36 0.01490701
4.37 0.01466566
4.38 0.01295449
4.39 0.009171758
4.4 0.003447775
4.41 -0.002642446
4.42 -0.006317744
4.43 -0.007289083
4.44 -0.004841328
4.45 0.002036671
4.46 0.01077855
4.47 0.01607768
4.48 0.01645765
4.49 0.0117281
4.5 0.002891581
4.51 -0.005552879
4.52 -0.008459944
4.53 -0.00552002
4.54 0.002698951
4.55 0.01235872
4.56 0.01677266
4.57 0.01521835
4.58 0.01060994
4.59 0.00664485
4.6 0.003708418
4.61 0.002007988
4.62 0.001789889
4.63 0.001852684
4.64 0.0001409444
4.65 -0.005119396
4.66 -0.01313834
4.67 -0.01910236
4.68 -0.01851196
4.69 -0.01221042
4.7 -0.002302295
4.71 0.005855607
4.72 0.008535853
4.73 0.005352875
4.74 -0.00202797
4.75 -0.009353282
4.76 -0.0118397
4.77 -0.01001412
4.78 -0.008488861
4.79 -0.007604755
4.8 -0.008085432
4.81 -0.01083455
4.82 -0.01606281
4.83 -0.024017
4.84 -0.0307265
4.85 -0.03078858
4.86 -0.02506539
4.87 -0.01786462
4.88 -0.01211601
4.89 -0.01065576
4.9 -0.01432615
4.91 -0.02168635
4.92 -0.03205211
4.93 -0.0429393
4.94 -0.04649815
4.95 -0.04404341
4.96 -0.04273749
4.97 -0.04520435
4.98 -0.05371012
4.99 -0.06842717
5 -0.07818105
5.01 -0.07741907
5.02 -0.06664269
5.03 -0.0478279
5.04 -0.0216836
5.05 0.01371695
5.06 0.05179765
5.07 0.07856208
5.08 0.08945667
5.09 0.08753459
5.1 0.07142748
5.11 0.04765371
5.12 0.02986499
5.13 0.02484213
5.14 0.03116913
5.15 0.04862355
5.16 0.07465362
5.17 0.09826722
5.18 0.1120363
5.19 0.1135397
5.2 0.1038258
5.21 0.07944311
5.22 0.04609507
5.23 0.01773703
5.24 -0.009422285
5.25 -0.03576029
5.26 -0.04944378
5.27 -0.04790261
5.28 -0.03268742
5.29 -0.002918667
5.3 0.03396941
5.31 0.05851648
5.32 0.06246454
5.33 0.05064148
5.34 0.01309719
5.35 -0.05041122
5.36 -0.1055996
5.37 -0.1182357
5.38 -0.09233487
5.39 -0.04320464
5.4 0.005276852
5.41 0.0320841
5.42 0.03716636
5.43 0.03632586
5.44 0.0312897
5.45 0.01339103
5.46 -0.01629542
5.47 -0.04676147
5.48 -0.0645223
5.49 -0.06812111
5.5 -0.06376216
5.51 -0.05683902
5.52 -0.04950162
5.53 -0.04005014
5.54 -0.02962033
5.55 -0.02201294
5.56 -0.01656642
5.57 -0.005792059
5.58 0.01337131
5.59 0.03312598
5.6 0.04003779
5.61 0.03288534
5.62 0.01811676
5.63 0.006594641
5.64 0.003760885
5.65 0.003230068
5.66 -0.0003818745
5.67 -0.004299538
5.68 -0.005156071
5.69 -0.003067706
5.7 0.001078168
5.71 0.006619074
5.72 0.0104024
5.73 0.009603935
5.74 0.005642874
5.75 0.002370596
5.76 0.002803156
5.77 0.005854597
5.78 0.007448753
5.79 0.00375472
5.8 -0.003658293
5.81 -0.006602674
5.82 0.002655749
5.83 0.02443726
5.84 0.04489212
5.85 0.05437002
5.86 0.05645441
5.87 0.05454922
5.88 0.04535687
5.89 0.02703735
5.9 0.0108293
5.91 0.0114721
5.92 0.03274414
5.93 0.06254006
5.94 0.0808827
5.95 0.08028991
5.96 0.06817867
5.97 0.05098775
5.98 0.03471875
5.99 0.02099552
6 0.006411002
6.01 -0.007553162
6.02 -0.01848733
6.03 -0.02588943
6.04 -0.03554769
6.05 -0.05307219
6.06 -0.06825648
6.07 -0.07007096
6.08 -0.05953663
6.09 -0.04101188
6.1 -0.02177215
6.11 -0.009468233
6.12 -0.006951071
6.13 -0.01521039
6.14 -0.02988932
6.15 -0.03995917
6.16 -0.03588656
6.17 -0.00845636
6.18 0.03234696
6.19 0.0549305
6.2 0.05699154
6.21 0.0522798
6.22 0.03476724
6.23 -0.003775016
6.24 -0.0410674
6.25 -0.06070157
6.26 -0.06275069
6.27 -0.05132529
6.28 -0.02830308
6.29 0.0007593309
6.3 0.02959427
6.31 0.0651374
6.32 0.1034025
6.33 0.1317023
6.34 0.1405948
6.35 0.1293293
6.36 0.09603432
6.37 0.04911947
6.38 0.01137656
6.39 -0.002379511
6.4 0.002473495
6.41 0.01871019
6.42 0.04038885
6.43 0.05717221
6.44 0.06341945
6.45 0.06402619
6.46 0.06294239
6.47 0.05697983
6.48 0.03925434
6.49 0.005206944
6.5 -0.03643483
6.51 -0.07286769
6.52 -0.08765552
6.53 -0.07995009
6.54 -0.05478564
6.55 -0.01702101
6.56 0.008200134
6.57 0.0114947
6.58 0.006821629
6.59 0.002413762
6.6 -0.004352361
6.61 -0.02020682
6.62 -0.04519119
6.63 -0.06973375
6.64 -0.07999034
6.65 -0.07733848
6.66 -0.07095842
6.67 -0.06522084
6.68 -0.0590843
6.69 -0.05165515
6.7 -0.03680419
6.71 -0.003239299
6.72 0.03896845
6.73 0.07709508
6.74 0.0959083
6.75 0.0769952
6.76 0.02955038
6.77 -0.01948712
6.78 -0.04983736
6.79 -0.05584691
6.8 -0.05201053
6.81 -0.04972389
6.82 -0.04885793
6.83 -0.04656914
6.84 -0.0428281
6.85 -0.03470438
6.86 -0.0179839
6.87 0.007553092
6.88 0.02892255
6.89 0.03558817
6.9 0.03232615
6.91 0.02413036
6.92 0.009632162
6.93 -0.01004917
6.94 -0.02941063
6.95 -0.04168062
6.96 -0.04225937
6.97 -0.02864175
6.98 -0.00674037
6.99 0.01591484
7 0.03361249
7.01 0.04247516
7.02 0.04404338
7.03 0.03617057
7.04 0.009253533
7.05 -0.03137167
7.06 -0.05810373
7.07 -0.061647
7.08 -0.05354046
7.09 -0.04436497
7.1 -0.03834423
7.11 -0.03332763
7.12 -0.02518636
7.13 -0.01239461
7.14 0.002202575
7.15 0.01209978
7.16 0.01274261
7.17 0.004951829
7.18 -0.00380666
7.19 -0.004460275
7.2 0.003685749
7.21 0.01623381
7.22 0.02502886
7.23 0.02469272
7.24 0.01719891
7.25 0.009811219
7.26 0.01175492
7.27 0.02395795
7.28 0.04076777
7.29 0.05643741
7.3 0.06420975
7.31 0.06399071
7.32 0.06064277
7.33 0.05441162
7.34 0.0444276
7.35 0.03197327
7.36 0.01706294
7.37 0.001824776
7.38 -0.01407683
7.39 -0.03275355
7.4 -0.04686518
7.41 -0.04981163
7.42 -0.04466464
7.43 -0.03648314
7.44 -0.02900727
7.45 -0.02072587
7.46 -0.01119568
7.47 -0.006328758
7.48 -0.01050702
7.49 -0.02145863
7.5 -0.03499991
7.51 -0.04455595
7.52 -0.04711403
7.53 -0.04382632
7.54 -0.03366686
7.55 -0.01762359
7.56 0.002517935
7.57 0.0227932
7.58 0.03906808
7.59 0.0510288
7.6 0.0600819
7.61 0.06497161
7.62 0.06493444
7.63 0.05771785
7.64 0.03802571
7.65 0.01231758
7.66 -0.007649558
7.67 -0.01794576
7.68 -0.01954921
7.69 -0.01958013
7.7 -0.019183
7.71 -0.01862359
7.72 -0.02124761
7.73 -0.02869293
7.74 -0.03888674
7.75 -0.04602269
7.76 -0.04355844
7.77 -0.02704952
7.78 0.004011591
7.79 0.02646122
7.8 0.02140062
7.81 -0.00630273
7.82 -0.03775777
7.83 -0.05612851
7.84 -0.06616369
7.85 -0.07970645
7.86 -0.09568887
7.87 -0.1084037
7.88 -0.1148712
7.89 -0.1144862
7.9 -0.1095029
7.91 -0.09937129
7.92 -0.08114537
7.93 -0.05164934
7.94 -0.01897154
7.95 0.01149194
7.96 0.03991501
7.97 0.06888196
7.98 0.08596992
7.99 0.08769975
8 0.08395226
8.01 0.0843205
8.02 0.0924485
8.03 0.1075091
8.04 0.1203955
8.05 0.1204252
8.06 0.09435117
8.07 0.04047128
8.08 -0.01853305
8.09 -0.05567199
8.1 -0.06010967
8.11 -0.03845096
8.12 0.004266779
8.13 0.05519836
8.14 0.09657613
8.15 0.1174284
8.16 0.1212447
8.17 0.10952
8.18 0.08645069
8.19 0.07082472
8.2 0.07403412
8.21 0.08683699
8.22 0.09404958
8.23 0.08542476
8.24 0.05627271
8.25 0.009984431
8.26 -0.03761528
8.27 -0.08190411
8.28 -0.1231352
8.29 -0.1449558
8.3 -0.1430253
8.31 -0.1218765
8.32 -0.09603843
8.33 -0.08088713
8.34 -0.08209378
8.35 -0.09079035
8.36 -0.1034257
8.37 -0.1223829
8.38 -0.1357256
8.39 -0.1365162
8.4 -0.1225259
8.41 -0.08232551
8.42 -0.02701629
8.43 0.02651696
8.44 0.07398212
8.45 0.09971376
8.46 0.09588579
8.47 0.07436304
8.48 0.04851394
8.49 0.0308961
8.5 0.02383088
8.51 0.02147529
8.52 0.01619161
8.53 0.008729301
8.54 0.00794786
8.55 0.02062081
8.56 0.04552448
8.57 0.06391445
8.58 0.06143219
8.59 0.03349493
8.6 -0.008649594
8.61 -0.04022416
8.62 -0.04490189
8.63 -0.03124864
8.64 -0.01281664
8.65 -0.0006122219
8.66 0.005219159
8.67 0.01276364
8.68 0.02541334
8.69 0.04013512
8.7 0.04711627
8.71 0.04299461
8.72 0.03026133
8.73 0.01593619
8.74 0.01285797
8.75 0.02439572
8.76 0.04753326
8.77 0.06312247
8.78 0.05407906
8.79 0.01301791
8.8 -0.04097824
8.81 -0.0854597
8.82 -0.1023604
8.83 -0.08513848
8.84 -0.04044108
8.85 0.01020241
8.86 0.04870146
8.87 0.05610656
8.88 0.03356344
8.89 -0.00499715
8.9 -0.04381019
8.91 -0.07929528
8.92 -0.1024251
8.93 -0.1082742
8.94 -0.09496637
8.95 -0.06324203
8.96 -0.02728754
8.97 -0.003529962
8.98 0.00221311
8.99 -0.006055921
9 -0.02346746
9.01 -0.0348157
9.02 -0.03045496
9.03 -0.006264689
9.04 0.03258632
9.05 0.06253606
9.06 0.06550251
9.07 0.05034675
9.08 0.0329264
9.09 0.02528548
9.1 0.02862441
9.11 0.03782089
9.12 0.04938042
9.13 0.06153128
9.14 0.07084484
9.15 0.07456076
9.16 0.06714016
9.17 0.03685001
9.18 -0.004952211
9.19 -0.04178918
9.2 -0.05834447
9.21 -0.05714432
9.22 -0.04985567
9.23 -0.03928437
9.24 -0.02468928
9.25 -0.009872049
9.26 -0.0043009
9.27 -0.01459909
9.28 -0.03459567
9.29 -0.04428801
9.3 -0.03227263
9.31 0.001542434
9.32 0.04078216
9.33 0.0750966
9.34 0.09237127
9.35 0.08762628
9.36 0.06410509
9.37 0.02721515
9.38 -0.009645325
9.39 -0.04431861
9.4 -0.07160421
9.41 -0.07890699
9.42 -0.0655402
9.43 -0.03618939
9.44 -0.0006549503
9.45 0.03280097
9.46 0.05454164
9.47 0.06120061
9.48 0.05851167
9.49 0.04533504
9.5 0.01231614
9.51 -0.02255885
9.52 -0.03616638
9.53 -0.03293478
9.54 -0.02381319
9.55 -0.01514711
9.56 -0.008322541
9.57 -0.001596458
9.58 0.001668049
9.59 -0.006698477
9.6 -0.0336623
9.61 -0.07046124
9.62 -0.09809411
9.63 -0.1070197
9.64 -0.1017162
9.65 -0.08877958
9.66 -0.07849799
9.67 -0.07635481
9.68 -0.07689442
9.69 -0.07390358
9.7 -0.06015561
9.71 -0.01921669
9.72 0.03768939
9.73 0.09234332
9.74 0.1440356
9.75 0.1820617
9.76 0.1867506
9.77 0.164238
9.78 0.1264508
9.79 0.08518385
9.8 0.05315184
9.81 0.03898513
9.82 0.03714832
9.83 0.04009666
9.84 0.04675723
9.85 0.05610291
9.86 0.06171328
9.87 0.06026148
9.88 0.05504445
9.89 0.05044805
9.9 0.04745582
9.91 0.04370329
9.92 0.02963427
9.93 -0.009424698
9.94 -0.06270838
9.95 -0.1111927
9.96 -0.1411491
9.97 -0.1569585
9.98 -0.1746247
9.99 -0.1930991
10 -0.2061268
10.01 -0.2174027
10.02 -0.223786
10.03 -0.2191811
10.04 -0.2046921
10.05 -0.1787251
10.06 -0.1439116
10.07 -0.0942227
10.08 -0.0277291
10.09 0.01023351
10.1 0.006855333
10.11 -0.01082735
10.12 -0.02169343
10.13 -0.01959318
10.14 -0.007473241
10.15 0.001366434
10.16 -0.00527042
10.17 -0.02820516
10.18 -0.05972019
10.19 -0.08220868
10.2 -0.09286671
10.21 -0.1043419
10.22 -0.1270187
10.23 -0.15548
10.24 -0.1660071
10.25 -0.136876
10.26 -0.07037715
10.27 0.005738568
10.28 0.07822553
10.29 0.1482981
10.3 0.2142255
10.31 0.2485
10.32 0.2495181
10.33 0.2449366
10.34 0.2462777
10.35 0.2536537
10.36 0.2675925
10.37 0.2800198
10.38 0.2812787
10.39 0.2706537
10.4 0.2445106
10.41 0.2129921
10.42 0.1921568
10.43 0.1828951
10.44 0.1652203
10.45 0.12436
10.46 0.07362971
10.47 0.03486234
10.48 0.02037958
10.49 0.02294939
10.5 0.03740316
10.51 0.05683624
10.52 0.07197721
10.53 0.09164791
10.54 0.1193317
10.55 0.1324385
10.56 0.1204375
10.57 0.07063935
10.58 -0.002215942
10.59 -0.05683627
10.6 -0.06726096
10.61 -0.05265312
10.62 -0.02649552
10.63 0.009583794
10.64 0.03746917
10.65 0.04553147
10.66 0.04337597
10.67 0.03971252
10.68 0.03650232
10.69 0.03393632
10.7 0.03186039
10.71 0.03083671
10.72 0.03015399
10.73 0.0292931
10.74 0.03144703
10.75 0.03585324
10.76 0.03098521
10.77 -0.003591027
10.78 -0.05809711
10.79 -0.1089367
10.8 -0.156536
10.81 -0.2006589
10.82 -0.2300663
10.83 -0.2546595
10.84 -0.2751468
10.85 -0.2802523
10.86 -0.2649291
10.87 -0.2156739
10.88 -0.1458207
10.89 -0.07983979
10.9 -0.0277978
10.91 -0.008962295
10.92 -0.01421071
10.93 -0.02150507
10.94 -0.02004429
10.95 0.001187466
10.96 0.03271484
10.97 0.0409754
10.98 0.01501239
10.99 -0.03808419
11 -0.07951676
11.01 -0.08363372
11.02 -0.05138602
11.03 0.01512964
11.04 0.06821762
11.05 0.07917257
11.06 0.06919422
11.07 0.04839166
11.08 0.009374486
11.09 -0.04535883
11.1 -0.1016868
11.11 -0.1407439
11.12 -0.1507002
11.13 -0.1381581
11.14 -0.0684409
11.15 0.08570518
11.16 0.2452317
11.17 0.3132854
11.18 0.3185063
11.19 0.3181098
11.2 0.3135752
11.21 0.2918144
11.22 0.2390952
11.23 0.1633003
11.24 0.08659497
11.25 0.01300343
11.26 -0.05457285
11.27 -0.09082038
11.28 -0.1011533
11.29 -0.09877984
11.3 -0.08514443
11.31 -0.05975855
11.32 -0.02897783
11.33 -0.004910335
11.34 0.0041459
11.35 -0.002627727
11.36 -0.02857879
11.37 -0.06600331
11.38 -0.09311975
11.39 -0.1014859
11.4 -0.09660354
11.41 -0.07295645
11.42 -0.03025995
11.43 -0.006021072
11.44 -0.01439746
11.45 -0.05529712
11.46 -0.1041924
11.47 -0.1218073
11.48 -0.1131922
11.49 -0.08151139
11.5 -0.029171
11.51 0.01374581
11.52 0.02640535
11.53 0.0218202
11.54 0.008786627
11.55 -0.009301496
11.56 -0.01772574
11.57 -0.00967073
11.58 0.01499493
11.59 0.05903467
11.6 0.09931616
11.61 0.116701
11.62 0.1178535
11.63 0.1157809
11.64 0.1117881
11.65 0.1005216
11.66 0.07549436
11.67 0.03828738
11.68 -0.002014135
11.69 -0.0393887
11.7 -0.07779568
11.71 -0.1144955
11.72 -0.140094
11.73 -0.1516002
11.74 -0.1503972
11.75 -0.143826
11.76 -0.130765
11.77 -0.08341984
11.78 -0.008416227
11.79 0.03663177
11.8 0.02601704
11.81 -0.009243392
11.82 -0.04189245
11.83 -0.07333425
11.84 -0.1007168
11.85 -0.109518
11.86 -0.1030666
11.87 -0.09040233
11.88 -0.07890934
11.89 -0.07226801
11.9 -0.06496733
11.91 -0.0554923
11.92 -0.05072571
11.93 -0.05257668
11.94 -0.05571464
11.95 -0.05372164
11.96 -0.04130545
11.97 -0.0220526
11.98 -0.009121396
11.99 -0.01221904
12 -0.02834484
12.01 -0.04712945
12.02 -0.05946405
12.03 -0.06346804
12.04 -0.06143784
12.05 -0.05516815
12.06 -0.04414166
12.07 -0.03116174
12.08 -0.01850828
12.09 -0.00594186
12.1 0.00633949
12.11 0.01437075
12.12 0.01500264
12.13 0.01052209
12.14 0.005304431
12.15 0.003981987
12.16 0.004948243
12.17 0.005153159
12.18 0.005263293
12.19 0.01041136
12.2 0.02808271
12.21 0.05180096
12.22 0.07420181
12.23 0.09055025
12.24 0.08914971
12.25 0.073068
12.26 0.05515282
12.27 0.03887098
12.28 0.02131201
12.29 -0.009584713
12.3 -0.04934712
12.31 -0.07006679
12.32 -0.06954914
12.33 -0.06198412
12.34 -0.03930807
12.35 0.003234312
12.36 0.03747015
12.37 0.04425522
12.38 0.03964143
12.39 0.02984729
12.4 0.01501722
12.41 0.0031687
12.42 -0.0005179817
12.43 0.003312281
12.44 0.01131395
12.45 0.02098062
12.46 0.02929772
12.47 0.03069818
12.48 0.02396855
12.49 0.01494043
12.5 0.005377689
12.51 -0.002800092
12.52 -0.005494462
12.53 -0.007333835
12.54 -0.01251124
12.55 -0.02095473
12.56 -0.02794511
12.57 -0.02738346
12.58 -0.01822368
12.59 -0.005932737
12.6 0.005508954
12.61 0.01499503
12.62 0.017977
12.63 0.01703008
12.64 0.01668813
12.65 0.01671023
12.66 0.01401664
12.67 0.003352848
12.68 -0.01234471
12.69 -0.02762973
12.7 -0.03683916
12.71 -0.03610369
12.72 -0.02492905
12.73 -0.007609996
12.74 0.009501179
12.75 0.02557376
12.76 0.03712972
12.77 0.03839718
12.78 0.03075745
12.79 0.01531402
12.8 -0.001682498
12.81 -0.01763407
12.82 -0.03344885
12.83 -0.04733695
12.84 -0.05623493
12.85 -0.05941032
12.86 -0.05484971
12.87 -0.0320679
12.88 0.005000192
12.89 0.04107996
12.9 0.07521018
12.91 0.1061764
12.92 0.1166261
12.93 0.1069478
12.94 0.09148064
12.95 0.08237105
12.96 0.0798802
12.97 0.07883542
12.98 0.0748648
12.99 0.06628111
13 0.05556883
13.01 0.04240026
13.02 0.02349754
13.03 0.001742665
13.04 -0.01914477
13.05 -0.03795995
13.06 -0.04536448
13.07 -0.03376299
13.08 -0.0008698582
13.09 0.03905337
13.1 0.07423539
13.11 0.09162277
13.12 0.08311748
13.13 0.05953143
13.14 0.0283163
13.15 -0.004704092
13.16 -0.03120044
13.17 -0.04027902
13.18 -0.03580883
13.19 -0.01660003
13.2 0.01731183
13.21 0.05257483
13.22 0.07404572
13.23 0.07671709
13.24 0.07116777
13.25 0.06526477
13.26 0.05996906
13.27 0.05335334
13.28 0.0422229
13.29 0.03127969
13.3 0.02494785
13.31 0.01984651
13.32 0.01190091
13.33 -0.001060044
13.34 -0.01614171
13.35 -0.02442189
13.36 -0.02330743
13.37 -0.01554777
13.38 -0.007418228
13.39 -0.0058123
13.4 -0.01145119
13.41 -0.02068983
13.42 -0.02980693
13.43 -0.03610148
13.44 -0.03690909
13.45 -0.03155547
13.46 -0.01452894
13.47 0.01621113
13.48 0.0489913
13.49 0.07593791
13.5 0.08636543
13.51 0.07836418
13.52 0.05708291
13.53 0.03262254
13.54 0.01936401
13.55 0.01500355
13.56 0.009930213
13.57 0.0008344347
13.58 -0.01565437
13.59 -0.03949886
13.6 -0.06507037
13.61 -0.08420471
13.62 -0.09129752
13.63 -0.08586797
13.64 -0.06233308
13.65 -0.02240986
13.66 0.01846033
13.67 0.05262749
13.68 0.06987448
13.69 0.07155156
13.7 0.0689762
13.71 0.06665838
13.72 0.06554922
13.73 0.06633402
13.74 0.06885939
13.75 0.07056877
13.76 0.06895173
13.77 0.06285188
13.78 0.05086726
13.79 0.03273801
13.8 0.01136238
13.81 -0.00705139
13.82 -0.01957336
13.83 -0.02499289
13.84 -0.02393691
13.85 -0.01721754
13.86 -0.005143846
13.87 0.006709902
13.88 0.01167271
13.89 0.01133849
13.9 0.009221605
13.91 0.005914034
13.92 -0.0001788925
13.93 -0.01146991
13.94 -0.03051109
13.95 -0.05234333
13.96 -0.06922016
13.97 -0.07853519
13.98 -0.08245543
13.99 -0.08651882
14 -0.09306913
14.01 -0.09866336
14.02 -0.1006677
14.03 -0.09860472
14.04 -0.09498862
14.05 -0.09174164
14.06 -0.08892268
14.07 -0.08541529
14.08 -0.08136581
14.09 -0.07881498
14.1 -0.07854763
14.11 -0.08048335
14.12 -0.0835178
14.13 -0.08533697
14.14 -0.08300129
14.15 -0.0766316
14.16 -0.06672439
14.17 -0.0538765
14.18 -0.04086869
14.19 -0.02929936
14.2 -0.01828178
14.21 -0.006558288
14.22 0.002847623
14.23 0.004689099
14.24 -0.001608625
14.25 -0.01255627
14.26 -0.02114632
14.27 -0.0237951
14.28 -0.02280804
14.29 -0.02295572
14.3 -0.02694199
14.31 -0.0355342
14.32 -0.0463911
14.33 -0.05517708
14.34 -0.05847954
14.35 -0.05584734
14.36 -0.04889258
14.37 -0.03718603
14.38 -0.01885526
14.39 0.004836344
14.4 0.03018066
14.41 0.05134083
14.42 0.06167316
14.43 0.05947414
14.44 0.04474086
14.45 0.02197042
14.46 0.007428556
14.47 0.009250669
14.48 0.02377319
14.49 0.04729876
14.5 0.0677054
14.51 0.07643491
14.52 0.07547596
14.53 0.06763713
14.54 0.05472572
14.55 0.04225756
14.56 0.03617946
14.57 0.03675431
14.58 0.0425803
14.59 0.05428173
14.6 0.06965308
14.61 0.08392648
14.62 0.0957634
14.63 0.1045899
14.64 0.1092226
14.65 0.110829
14.66 0.1113769
14.67 0.1120869
14.68 0.1129562
14.69 0.1147122
14.7 0.116584
14.71 0.1164057
14.72 0.1136352
14.73 0.1088402
14.74 0.1034423
14.75 0.09907256
14.76 0.09429698
14.77 0.0860925
14.78 0.06974351
14.79 0.04508088
14.8 0.01777705
14.81 -0.004443429
14.82 -0.02257791
14.83 -0.03733387
14.84 -0.04443303
14.85 -0.04305088
14.86 -0.03370084
14.87 -0.01676311
14.88 0.002199605
14.89 0.01496821
14.9 0.01953655
14.91 0.01661337
14.92 0.005410379
14.93 -0.0170881
14.94 -0.04162777
14.95 -0.0587541
14.96 -0.06713206
14.97 -0.06950515
14.98 -0.06836009
14.99 -0.06557769
15 -0.06266354
15.01 -0.06054743
15.02 -0.05877056
15.03 -0.05587071
15.04 -0.04892574
15.05 -0.03677094
15.06 -0.02340934
15.07 -0.01525916
15.08 -0.01675119
15.09 -0.02919367
15.1 -0.05223191
15.11 -0.08079738
15.12 -0.1016301
15.13 -0.1084213
15.14 -0.1044715
15.15 -0.08998411
15.16 -0.06573501
15.17 -0.03588845
15.18 -0.005733358
15.19 0.01920692
15.2 0.03730314
15.21 0.04664275
15.22 0.04800087
15.23 0.04428908
15.24 0.0350952
15.25 0.01890009
15.26 -0.002395626
15.27 -0.02602961
15.28 -0.0474879
15.29 -0.06075181
15.3 -0.06726672
15.31 -0.06903474
15.32 -0.0634071
15.33 -0.04598399
15.34 -0.02138281
15.35 -0.00444964
15.36 0.0008659221
15.37 -0.00239655
15.38 -0.009992899
15.39 -0.01667006
15.4 -0.01898138
15.41 -0.01739429
15.42 -0.01548872
15.43 -0.01727224
15.44 -0.02338592
15.45 -0.03342409
15.46 -0.04330804
15.47 -0.0474075
15.48 -0.04617576
15.49 -0.04142419
15.5 -0.02993136
15.51 -0.007086006
15.52 0.02526846
15.53 0.05786476
15.54 0.07613651
15.55 0.07647706
15.56 0.06372935
15.57 0.03683057
15.58 0.003443551
15.59 -0.02195266
15.6 -0.02916389
15.61 -0.0219443
15.62 -0.002257934
15.63 0.02851349
15.64 0.05879785
15.65 0.07504147
15.66 0.07809605
15.67 0.07430781
15.68 0.06585021
15.69 0.054669
15.7 0.04375483
15.71 0.03025015
15.72 0.01100344
15.73 -0.01393584
15.74 -0.03621133
15.75 -0.05120408
15.76 -0.05705675
15.77 -0.05519506
15.78 -0.04877065
15.79 -0.04123939
15.8 -0.03569667
15.81 -0.03193277
15.82 -0.0269794
15.83 -0.01909275
15.84 -0.009423679
15.85 -0.002361489
15.86 0.002141541
15.87 0.008273081
15.88 0.01750302
15.89 0.02411651
15.9 0.02297887
15.91 0.01290345
15.92 -0.005183951
15.93 -0.0281899
15.94 -0.04635105
15.95 -0.05239272
15.96 -0.04891924
15.97 -0.03813388
15.98 -0.02608926
15.99 -0.01924831
16 -0.01708667
16.01 -0.01409623
16.02 -0.006451486
16.03 0.006134493
16.04 0.01831639
16.05 0.02401015
16.06 0.02393833
16.07 0.02161111
16.08 0.01751516
16.09 0.01192629
16.1 0.004545394
16.11 -0.005410582
16.12 -0.01439984
16.13 -0.01814503
16.14 -0.01491915
16.15 -0.006591075
16.16 0.00310982
16.17 0.0101838
16.18 0.01473228
16.19 0.01807261
16.2 0.02196379
16.21 0.02702131
16.22 0.03072951
16.23 0.03036155
16.24 0.0263357
16.25 0.0192052
16.26 0.01109041
16.27 0.004906786
16.28 0.002893623
16.29 0.004699793
16.3 0.007537529
16.31 0.008427253
16.32 0.008093673
16.33 0.008597705
16.34 0.01129807
16.35 0.01658684
16.36 0.02325343
16.37 0.02881704
16.38 0.03293182
16.39 0.03776176
16.4 0.04361301
16.41 0.04898058
16.42 0.05140601
16.43 0.05087657
16.44 0.0482546
16.45 0.04226289
16.46 0.03330735
16.47 0.02536289
16.48 0.02000833
16.49 0.01703828
16.5 0.01562168
16.51 0.01472339
16.52 0.01349776
16.53 0.0115682
16.54 0.009373864
16.55 0.007767533
16.56 0.008455455
16.57 0.01105483
16.58 0.01629047
16.59 0.02633807
16.6 0.03959245
16.61 0.04736396
16.62 0.04450983
16.63 0.02433819
16.64 -0.01156166
16.65 -0.04857251
16.66 -0.0796305
16.67 -0.09699649
16.68 -0.09809883
16.69 -0.0914301
16.7 -0.07833921
16.71 -0.06165352
16.72 -0.04535914
16.73 -0.03143136
16.74 -0.02115094
16.75 -0.017998
16.76 -0.01982625
16.77 -0.02490726
16.78 -0.03233934
16.79 -0.0398977
16.8 -0.04738116
16.81 -0.05538001
16.82 -0.06080773
16.83 -0.06147968
16.84 -0.0585915
16.85 -0.05414257
16.86 -0.04740339
16.87 -0.03939371
16.88 -0.03185851
16.89 -0.02628703
16.9 -0.02321719
16.91 -0.02163575
16.92 -0.02077677
16.93 -0.0210452
16.94 -0.02324813
16.95 -0.02982812
16.96 -0.04058153
16.97 -0.05195616
16.98 -0.06001699
16.99 -0.06239701
17 -0.05833717
17.01 -0.04970807
17.02 -0.03842232
17.03 -0.02798189
17.04 -0.02005942
17.05 -0.01262207
17.06 -0.005500077
17.07 -0.0005526994
17.08 0.0008787469
17.09 -0.0001190582
17.1 -0.002086507
17.11 -0.004229447
17.12 -0.005145059
17.13 -0.003862376
17.14 -0.002083815
17.15 -0.002109527
17.16 -0.003953744
17.17 -0.00793376
17.18 -0.01408068
17.19 -0.01929902
17.2 -0.02173072
17.21 -0.02043514
17.22 -0.01487622
17.23 -0.00600711
17.24 0.003396861
17.25 0.01048257
17.26 0.01567253
17.27 0.02016138
17.28 0.02480597
17.29 0.02809039
17.3 0.02742161
17.31 0.02360392
17.32 0.01678016
17.33 0.009077825
17.34 0.003400366
17.35 0.001224307
17.36 0.0002918128
17.37 0.0002136705
17.38 0.001158056
17.39 0.001688583
17.4 0.002261517
17.41 0.001867667
17.42 0.001451997
17.43 0.002845179
17.44 0.0038907
17.45 0.003760701
17.46 0.004915494
17.47 0.008127455
17.48 0.01311923
17.49 0.01869476
17.5 0.02113621
17.51 0.01642822
17.52 0.005166299
17.53 -0.008371227
17.54 -0.02148126
17.55 -0.03015253
17.56 -0.03229319
17.57 -0.02643917
17.58 -0.009548367
17.59 0.01501543
17.6 0.03814008
17.61 0.05175223
17.62 0.05495098
17.63 0.05199914
17.64 0.04512232
17.65 0.0355774
17.66 0.02629054
17.67 0.02276974
17.68 0.02461035
17.69 0.02867994
17.7 0.0320377
17.71 0.0345547
17.72 0.03620733
17.73 0.03671245
17.74 0.03733789
17.75 0.03783708
17.76 0.03781538
17.77 0.0353949
17.78 0.029858
17.79 0.02109483
17.8 0.01067871
17.81 0.001450835
17.82 -0.00458318
17.83 -0.007105716
17.84 -0.006511504
17.85 -0.003747574
17.86 0.001563056
17.87 0.00900876
17.88 0.0175613
17.89 0.02684643
17.9 0.03465938
17.91 0.039791
17.92 0.04302415
17.93 0.04517186
17.94 0.04616376
17.95 0.04650606
17.96 0.04660111
17.97 0.04736013
17.98 0.04787374
17.99 0.04779629
18 0.0481749
18.01 0.04884637
18.02 0.04886198
18.03 0.04865435
18.04 0.04790057
18.05 0.04575755
18.06 0.04312799
18.07 0.04077973
18.08 0.0400739
18.09 0.04081721
18.1 0.0420933
18.11 0.0431073
18.12 0.04426821
18.13 0.04499515
18.14 0.04492869
18.15 0.04373441
18.16 0.0396027
18.17 0.03523411
18.18 0.03278569
18.19 0.03036474
18.2 0.02626084
18.21 0.01954364
18.22 0.01092234
18.23 0.003078829
18.24 0.0008448377
18.25 0.005269544
18.26 0.01359138
18.27 0.02209464
18.28 0.02861859
18.29 0.0325956
18.3 0.03437631
18.31 0.03388019
18.32 0.0301277
18.33 0.02175559
18.34 0.01002521
18.35 -0.002629287
18.36 -0.01256432
18.37 -0.01829773
18.38 -0.02164262
18.39 -0.02415638
18.4 -0.02591106
18.41 -0.02798622
18.42 -0.03100435
18.43 -0.03542659
18.44 -0.03994424
18.45 -0.04373383
18.46 -0.04585345
18.47 -0.04594585
18.48 -0.04440602
18.49 -0.04049544
18.5 -0.03199101
18.51 -0.01823507
18.52 -0.004712461
18.53 0.001598497
18.54 0.001023225
18.55 -0.004116834
18.56 -0.0144374
18.57 -0.02840705
18.58 -0.0406763
18.59 -0.04761533
18.6 -0.04870238
18.61 -0.04570101
18.62 -0.04022644
18.63 -0.03315732
18.64 -0.02691196
18.65 -0.02430092
18.66 -0.02397998
18.67 -0.02286416
18.68 -0.02063236
18.69 -0.0167449
18.7 -0.01328721
18.71 -0.01195589
18.72 -0.01308806
18.73 -0.01617403
18.74 -0.01959413
18.75 -0.02246538
18.76 -0.02703067
18.77 -0.03519368
18.78 -0.04591536
18.79 -0.05621041
18.8 -0.0624017
18.81 -0.06379679
18.82 -0.06159981
18.83 -0.0572687
18.84 -0.05312222
18.85 -0.05041468
18.86 -0.04929754
18.87 -0.04933255
18.88 -0.05085535
18.89 -0.05376785
18.9 -0.05663873
18.91 -0.05771967
18.92 -0.05590027
18.93 -0.05225893
18.94 -0.04621335
18.95 -0.03959416
18.96 -0.03246528
18.97 -0.02375505
18.98 -0.01119085
18.99 0.003791908
19 0.01792511
19.01 0.03092986
19.02 0.04180858
19.03 0.04981183
19.04 0.05407299
19.05 0.05340653
19.06 0.04816546
19.07 0.04022688
19.08 0.03010281
19.09 0.02339288
19.1 0.02283186
19.11 0.02613252
19.12 0.0319489
19.13 0.0371501
19.14 0.03888406
19.15 0.03624006
19.16 0.02941151
19.17 0.02417852
19.18 0.02211909
19.19 0.02296125
19.2 0.02537089
19.21 0.02727146
19.22 0.02843211
19.23 0.02980941
19.24 0.0302984
19.25 0.03003205
19.26 0.02969618
19.27 0.02810495
19.28 0.02456659
19.29 0.02019347
19.3 0.01627108
19.31 0.01299259
19.32 0.01004763
19.33 0.006974642
19.34 0.005522436
19.35 0.005721293
19.36 0.006062895
19.37 0.006675798
19.38 0.006682936
19.39 0.005880371
19.4 0.005534414
19.41 0.005635132
19.42 0.006648563
19.43 0.008703057
19.44 0.010155
19.45 0.01008734
19.46 0.008470444
19.47 0.00770335
19.48 0.007902003
19.49 0.007518387
19.5 0.004063746
19.51 -0.003291918
19.52 -0.01409707
19.53 -0.0241312
19.54 -0.02836267
19.55 -0.02786294
19.56 -0.02453501
19.57 -0.01798701
19.58 -0.0102364
19.59 -0.004861634
19.6 -0.002913832
19.61 -0.003114644
19.62 -0.004855049
19.63 -0.007346083
19.64 -0.008612072
19.65 -0.008129572
19.66 -0.00605758
19.67 -0.0006273587
19.68 0.007956688
19.69 0.01562096
19.7 0.01935841
19.71 0.01827297
19.72 0.01320464
19.73 0.006904616
19.74 0.002815704
19.75 0.000658487
19.76 -0.0005049749
19.77 -0.001940459
19.78 -0.003419249
19.79 -0.003827652
19.8 -0.003809522
19.81 -0.003068576
19.82 -0.000880094
19.83 0.002803469
19.84 0.007411899
19.85 0.01063493
19.86 0.01170732
19.87 0.01051458
19.88 0.0073321
19.89 0.001742937
19.9 -0.00585235
19.91 -0.01228881
19.92 -0.01533322
19.93 -0.0157355
19.94 -0.01383352
19.95 -0.009525009
19.96 -0.003296188
19.97 0.003826789
19.98 0.009402712
19.99 0.01161781
20 0.0114939
20.01 0.009652954
20.02 0.005642057
20.03 -6.266795e-05
20.04 -0.005770581
20.05 -0.01121077
20.06 -0.01597052
20.07 -0.01914695
20.08 -0.019961
20.09 -0.01949507
20.1 -0.01853927
20.11 -0.0177972
20.12 -0.0174898
20.13 -0.01794181
20.14 -0.01873908
20.15 -0.02034706
20.16 -0.02331878
20.17 -0.02625052
20.18 -0.0283717
20.19 -0.02902274
20.2 -0.02750129
20.21 -0.02203636
20.22 -0.01161751
20.23 0.0004889541
20.24 0.007430816
20.25 0.007454693
20.26 0.00256431
20.27 -0.005788586
20.28 -0.01478659
20.29 -0.01964643
20.3 -0.01918755
20.31 -0.01521132
20.32 -0.008845514
20.33 -0.0002108925
20.34 0.01010727
20.35 0.01896216
20.36 0.02369062
20.37 0.0233685
20.38 0.01759307
20.39 0.006937309
20.4 -0.004033603
20.41 -0.01017784
20.42 -0.01093841
20.43 -0.009138902
20.44 -0.006995533
20.45 -0.005083852
20.46 -0.004577682
20.47 -0.005695269
20.48 -0.01000715
20.49 -0.01694844
20.5 -0.02406311
20.51 -0.02826556
20.52 -0.0282447
20.53 -0.02508102
20.54 -0.01849756
20.55 -0.01093905
20.56 -0.006755151
20.57 -0.008910905
20.58 -0.01769223
20.59 -0.03081801
20.6 -0.04443308
20.61 -0.05304989
20.62 -0.05505249
20.63 -0.05246539
20.64 -0.04694116
20.65 -0.03750507
20.66 -0.02756523
20.67 -0.0189932
20.68 -0.01266937
20.69 -0.009932904
20.7 -0.009967774
20.71 -0.01102896
20.72 -0.01315708
20.73 -0.01498652
20.74 -0.01546124
20.75 -0.01499222
20.76 -0.01487883
20.77 -0.01568317
20.78 -0.01574657
20.79 -0.01341428
20.8 -0.008838378
20.81 -0.002076151
20.82 0.008169108
20.83 0.01866797
20.84 0.02466039
20.85 0.02622996
20.86 0.02515167
20.87 0.02314235
20.88 0.02011592
20.89 0.01624919
20.9 0.0116959
20.91 0.006433228
20.92 0.002001736
20.93 -0.0003918908
20.94 0.0009094639
20.95 0.006975806
20.96 0.01617066
20.97 0.02712082
20.98 0.03555847
20.99 0.04007144
21 0.04124556
21.01 0.03917628
21.02 0.03427173
21.03 0.0258873
21.04 0.01732768
21.05 0.01050368
21.06 0.006723869
21.07 0.005953076
21.08 0.007301697
21.09 0.009418461
21.1 0.01204036
21.11 0.01444614
21.12 0.01656909
21.13 0.01880573
21.14 0.0212941
21.15 0.02358849
21.16 0.02419344
21.17 0.02236422
21.18 0.01972186
21.19 0.01725403
21.2 0.01477443
21.21 0.01216005
21.22 0.009172356
21.23 0.005509449
21.24 0.00333856
21.25 0.004950314
21.26 0.008396323
21.27 0.01315412
21.28 0.01900247
21.29 0.0248157
21.3 0.02772505
21.31 0.02819783
21.32 0.02757501
21.33 0.02540605
21.34 0.01910604
21.35 0.01224658
21.36 0.007462223
21.37 0.004860506
21.38 0.004304198
21.39 0.005183888
21.4 0.006562763
21.41 0.008977741
21.42 0.01191245
21.43 0.01443584
21.44 0.01591366
21.45 0.01585075
21.46 0.01522458
21.47 0.01586584
21.48 0.01635613
21.49 0.01619548
21.5 0.0150808
21.51 0.01306532
21.52 0.01068382
21.53 0.008548852
21.54 0.006853606
21.55 0.00559443
21.56 0.004168336
21.57 0.002428441
21.58 5.468741e-05
21.59 -0.003372779
21.6 -0.006181564
21.61 -0.007555942
21.62 -0.006373286
21.63 -0.003212766
21.64 0.002327819
21.65 0.009257744
21.66 0.01346663
21.67 0.01383461
21.68 0.01286387
21.69 0.01124238
21.7 0.009001155
21.71 0.006036201
21.72 0.00215413
21.73 -0.001896547
21.74 -0.005100951
21.75 -0.006033384
21.76 -0.004830168
21.77 -0.002636886
21.78 0.0006300665
21.79 0.005691858
21.8 0.01169147
21.81 0.01728412
21.82 0.02107449
21.83 0.0231082
21.84 0.02368694
21.85 0.02291017
21.86 0.02101818
21.87 0.01743446
21.88 0.01335572
21.89 0.009961946
21.9 0.008372722
21.91 0.009338549
21.92 0.01154074
21.93 0.01404651
21.94 0.01764961
21.95 0.02170453
21.96 0.02464278
21.97 0.02510479
21.98 0.02265664
21.99 0.01908632
22 0.01623714
22.01 0.01404136
22.02 0.01176554
22.03 0.009498847
22.04 0.007266517
22.05 0.005037501
22.06 0.003456411
22.07 0.002456211
22.08 0.00127731
22.09 0.001439116
22.1 0.003187865
22.11 0.005288576
22.12 0.00693691
22.13 0.007304057
22.14 0.006640317
22.15 0.004783228
22.16 0.0006573834
22.17 -0.003842279
22.18 -0.007968157
22.19 -0.01112016
22.2 -0.01316859
22.21 -0.0135885
22.22 -0.01335587
22.23 -0.01334803
22.24 -0.01292145
22.25 -0.01089277
22.26 -0.007894005
22.27 -0.004483923
22.28 -0.001447431
22.29 0.000319441
22.3 0.0005735294
22.31 -0.0004440056
22.32 -0.001562204
22.33 -0.001806614
22.34 -0.000458297
22.35 0.002389291
22.36 0.006366778
22.37 0.01160473
22.38 0.01521947
22.39 0.01571504
22.4 0.01337495
22.41 0.008761115
22.42 0.0009328197
22.43 -0.007293441
22.44 -0.01209459
22.45 -0.01381655
22.46 -0.01413512
22.47 -0.01469846
22.48 -0.01605564
22.49 -0.0166937
22.5 -0.01660991
22.51 -0.01736845
22.52 -0.01933143
22.53 -0.02116731
22.54 -0.02147652
22.55 -0.02045899
22.56 -0.01902051
22.57 -0.01782633
22.58 -0.01833314
22.59 -0.02057941
22.6 -0.02389578
22.61 -0.02769097
22.62 -0.02782112
22.63 -0.02318731
22.64 -0.02148217
22.65 -0.02283826
22.66 -0.02472957
22.67 -0.0273947
22.68 -0.02938587
22.69 -0.0291966
22.7 -0.02750725
22.71 -0.02453236
22.72 -0.02050011
22.73 -0.01662153
22.74 -0.01338849
22.75 -0.01106503
22.76 -0.00992634
22.77 -0.009572695
22.78 -0.009984607
22.79 -0.009908201
22.8 -0.009287906
22.81 -0.008884983
22.82 -0.008940113
22.83 -0.009000862
22.84 -0.008462463
22.85 -0.006473937
22.86 -0.004444482
22.87 -0.00431887
22.88 -0.006555695
22.89 -0.010033
22.9 -0.01309685
22.91 -0.01427515
22.92 -0.01489501
22.93 -0.01623329
22.94 -0.01623568
22.95 -0.01529569
22.96 -0.0145956
22.97 -0.0133966
22.98 -0.01377023
22.99 -0.01529792
23 -0.01735698
23.01 -0.01904576
23.02 -0.01881334
23.03 -0.01833725
23.04 -0.01827077
23.05 -0.01841119
23.06 -0.01830249
23.07 -0.01816463
23.08 -0.01856189
23.09 -0.01834739
23.1 -0.01750956
23.11 -0.01580253
23.12 -0.01743824
23.13 -0.01893415
23.14 -0.01810239
23.15 -0.01862898
23.16 -0.01995548
23.17 -0.01906898
23.18 -0.01646259
23.19 -0.01332545
23.2 -0.01052563
23.21 -0.008460385
23.22 -0.007034426
23.23 -0.005503602
23.24 -0.00407995
23.25 -0.003369967
23.26 -0.002707967
23.27 -0.001878364
23.28 -0.000924927
23.29 0.001104986
23.3 0.003835954
23.31 0.005288547
23.32 0.005480307
23.33 0.0041128
23.34 0.0009731176
23.35 -0.001182968
23.36 -0.001773741
23.37 -0.002903828
23.38 -0.002519893
23.39 5.312616e-05
23.4 0.002988848
23.41 0.00606618
23.42 0.009298079
23.43 0.0112338
23.44 0.01165069
23.45 0.01084212
23.46 0.01017324
23.47 0.007817959
23.48 0.00562461
23.49 0.005849285
23.5 0.008019265
23.51 0.01112743
23.52 0.01457759
23.53 0.01703788
23.54 0.01804754
23.55 0.01889407
23.56 0.02018119
23.57 0.02160946
23.58 0.02281223
23.59 0.0243664
23.6 0.0267393
23.61 0.0291857
23.62 0.02980069
23.63 0.02932441
23.64 0.02754998
23.65 0.02407519
23.66 0.02031963
23.67 0.01754825
23.68 0.01623454
23.69 0.01727132
23.7 0.01900973
23.71 0.02065894
23.72 0.02220302
23.73 0.02223987
23.74 0.02063327
23.75 0.01753628
23.76 0.01335604
23.77 0.008566393
23.78 0.004039539
23.79 0.001184736
23.8 0.0004093984
23.81 -0.0001686264
23.82 -0.002103667
23.83 -0.004075003
23.84 -0.004326814
23.85 -0.004511692
23.86 -0.004935895
23.87 -0.004117241
23.88 -0.002505094
23.89 -0.002933245
23.9 -0.005734551
23.91 -0.00997711
23.92 -0.01442857
23.93 -0.01850341
23.94 -0.01936869
23.95 -0.01893389
23.96 -0.01977862
23.97 -0.01961054
23.98 -0.01610259
23.99 -0.01354538
24 -0.01429766
24.01 -0.01494654
24.02 -0.01424569
24.03 -0.01494873
24.04 -0.0173925
24.05 -0.02060906
24.06 -0.02449069
24.07 -0.02884043
24.08 -0.03245819
24.09 -0.03226954
24.1 -0.03064183
24.11 -0.03037423
24.12 -0.02911065
24.13 -0.02537656
24.14 -0.02041054
24.15 -0.01442053
24.16 -0.008728709
24.17 -0.001874459
24.18 0.006580381
24.19 0.01615534
24.2 0.02563725
24.21 0.03086253
24.22 0.03202127
24.23 0.0305842
24.24 0.02855357
24.25 0.02744313
24.26 0.02706078
24.27 0.02760661
24.28 0.03035546
24.29 0.03610438
24.3 0.04135204
24.31 0.04473137
24.32 0.04561004
24.33 0.04398038
24.34 0.04098317
24.35 0.03751161
24.36 0.03354061
24.37 0.03007579
24.38 0.02737222
24.39 0.02465221
24.4 0.02194997
24.41 0.02034955
24.42 0.02046479
24.43 0.02167301
24.44 0.02364835
24.45 0.02801088
24.46 0.03380934
24.47 0.03679447
24.48 0.03709583
24.49 0.03578486
24.5 0.03272453
24.51 0.02761125
24.52 0.02060995
24.53 0.01411325
24.54 0.009849438
24.55 0.006994536
24.56 0.003979287
24.57 0.0003792438
24.58 -0.002670059
24.59 -0.003949715
24.6 -0.002788859
24.61 -0.001712324
24.62 -0.0008787241
24.63 0.0007687921
24.64 0.001626991
24.65 0.0004274014
24.66 -0.002950521
24.67 -0.006155972
24.68 -0.006846382
24.69 -0.005467876
24.7 -0.003718336
24.71 -0.003287792
24.72 -0.003711518
24.73 -0.004854853
24.74 -0.006289761
24.75 -0.006554837
24.76 -0.00572249
24.77 -0.003823343
24.78 -0.001444309
24.79 0.0004395609
24.8 0.00199139
24.81 0.002567971
24.82 0.001177835
24.83 -0.001827337
24.84 -0.005524023
24.85 -0.008863673
24.86 -0.01034915
24.87 -0.01015681
24.88 -0.01075907
24.89 -0.01117829
24.9 -0.0109543
24.91 -0.01124371
24.92 -0.01103622
24.93 -0.01061429
24.94 -0.01060253
24.95 -0.01069242
24.96 -0.01111008
24.97 -0.01183182
24.98 -0.01219679
24.99 -0.01168003
25 -0.01059889
25.01 -0.009669128
25.02 -0.008791924
25.03 -0.007930161
25.04 -0.006763156
25.05 -0.006623972
25.06 -0.00829358
25.07 -0.01075093
25.08 -0.01340241
25.09 -0.01606131
25.1 -0.01868568
25.11 -0.01976807
25.12 -0.01921742
25.13 -0.01815771
25.14 -0.01582036
25.15 -0.01244231
25.16 -0.009618084
25.17 -0.007871771
25.18 -0.006825534
25.19 -0.007413425
25.2 -0.008905108
25.21 -0.01113493
25.22 -0.01522724
25.23 -0.02110717
25.24 -0.02604263
25.25 -0.0294184
25.26 -0.03094344
25.27 -0.03020667
25.28 -0.02884976
25.29 -0.0267252
25.3 -0.02379802
25.31 -0.02227832
25.32 -0.02225087
25.33 -0.0225021
25.34 -0.0217239
25.35 -0.01967501
25.36 -0.01629442
25.37 -0.01147254
25.38 -0.006156668
25.39 -0.002050425
25.4 0.001500511
25.41 0.00428324
25.42 0.006719831
25.43 0.008534632
25.44 0.008367753
25.45 0.006617366
25.46 0.005242314
25.47 0.003460722
25.48 0.002377545
25.49 0.002727407
25.5 0.003277847
25.51 0.002818233
25.52 0.002056184
25.53 0.0006259682
25.54 0.0006469233
25.55 0.003264196
25.56 0.006733346
25.57 0.009802464
25.58 0.01235512
25.59 0.01294972
25.6 0.01088458
25.61 0.007838028
25.62 0.004704405
25.63 0.001123212
25.64 -0.00164188
25.65 -0.00162503
25.66 -0.0009445737
25.67 -0.001101614
25.68 -0.0005168812
25.69 2.811686e-05
25.7 -0.0007887218
25.71 -0.002250672
25.72 -0.003930021
25.73 -0.005359624
25.74 -0.007235703
25.75 -0.008340336
25.76 -0.007845272
25.77 -0.008664297
25.78 -0.01090801
25.79 -0.01413287
25.8 -0.01670136
25.81 -0.01801074
25.82 -0.0180609
25.83 -0.01854161
25.84 -0.01918119
25.85 -0.01892764
25.86 -0.01767336
25.87 -0.01606991
25.88 -0.01506218
25.89 -0.01440904
25.9 -0.01376259
25.91 -0.01303363
25.92 -0.01190273
25.93 -0.01048372
25.94 -0.008427774
25.95 -0.005597291
25.96 -0.003579404
25.97 -0.002591544
25.98 -0.0008530542
25.99 0.001716402
26 0.003988559
26.01 0.006171646
26.02 0.007987744
26.03 0.009018374
26.04 0.0100454
26.05 0.01083363
26.06 0.01153411
26.07 0.0117149
26.08 0.01038713
26.09 0.01011513
26.1 0.01106876
26.11 0.01292608
26.12 0.01570155
26.13 0.02116353
26.14 0.0286103
26.15 0.03463653
26.16 0.03704834
26.17 0.03610545
26.18 0.03425308
26.19 0.02927242
26.2 0.02251037
26.21 0.01764607
26.22 0.01474427
26.23 0.01372305
26.24 0.01483343
26.25 0.01701017
26.26 0.01849272
26.27 0.0190269
26.28 0.01859496
26.29 0.01793134
26.3 0.01717598
26.31 0.01527964
26.32 0.01285032
26.33 0.01084542
26.34 0.01033109
26.35 0.01052286
26.36 0.01113953
26.37 0.01275282
26.38 0.01338545
26.39 0.01401512
26.4 0.01425174
26.41 0.01331383
26.42 0.01239601
26.43 0.01045218
26.44 0.008268464
26.45 0.007241907
26.46 0.006505777
26.47 0.005778911
26.48 0.005647744
26.49 0.005323076
26.5 0.004578978
26.51 0.004084859
26.52 0.003443703
26.53 0.003826391
26.54 0.005720527
26.55 0.007939944
26.56 0.0094658
26.57 0.01125557
26.58 0.01293571
26.59 0.01277066
26.6 0.01052197
26.61 0.006939374
26.62 0.002681131
26.63 -0.001415409
26.64 -0.004122701
26.65 -0.005155132
26.66 -0.004555877
26.67 -0.00319903
26.68 -0.002538707
26.69 -0.001234175
26.7 0.001842779
26.71 0.004380786
26.72 0.0056785
26.73 0.005612244
26.74 0.005925786
26.75 0.00712841
26.76 0.006242165
26.77 0.003521138
26.78 -0.0001693741
26.79 -0.003586418
26.8 -0.006096301
26.81 -0.007862729
26.82 -0.008833053
26.83 -0.008817873
26.84 -0.008295326
26.85 -0.00767244
26.86 -0.006645272
26.87 -0.00601087
26.88 -0.004445749
26.89 -0.001442486
26.9 6.81039e-05
26.91 0.0001679571
26.92 -0.0002851314
26.93 -0.0008458643
26.94 -0.00155515
26.95 -0.001187755
26.96 -0.001171891
26.97 -0.001648825
26.98 -0.002064172
26.99 -0.002591465
27 -0.003102573
27.01 -0.002690522
27.02 -0.002812099
27.03 -0.003794899
27.04 -0.006293434
27.05 -0.008949466
27.06 -0.01155537
27.07 -0.01292786
27.08 -0.01280406
27.09 -0.01200892
27.1 -0.01133586
27.11 -0.01134671
27.12 -0.01139175
27.13 -0.01015554
27.14 -0.00837672
27.15 -0.00701178
27.16 -0.006793752
27.17 -0.00692848
27.18 -0.006910619
27.19 -0.006904045
27.2 -0.007633689
27.21 -0.00943348
27.22 -0.01096707
27.23 -0.01175231
27.24 -0.01310961
27.25 -0.01498752
27.26 -0.01514259
27.27 -0.01515261
27.28 -0.01748704
27.29 -0.02053926
27.3 -0.02197279
27.31 -0.02172373
27.32 -0.02070325
27.33 -0.01992238
27.34 -0.01820225
27.35 -0.01591932
27.36 -0.01377839
27.37 -0.01249955
27.38 -0.01184622
27.39 -0.01210227
27.4 -0.01301243
27.41 -0.01452878
27.42 -0.0157146
27.43 -0.01571517
27.44 -0.01493019
27.45 -0.01454164
27.46 -0.01398286
27.47 -0.01372564
27.48 -0.01450917
27.49 -0.014838
27.5 -0.01465233
27.51 -0.0157653
27.52 -0.01740426
27.53 -0.01713676
27.54 -0.01537873
27.55 -0.01381877
27.56 -0.01326643
27.57 -0.01380457
27.58 -0.01354306
27.59 -0.0126368
27.6 -0.01227323
27.61 -0.011073
27.62 -0.008791303
27.63 -0.006529135
27.64 -0.004893851
27.65 -0.004087799
27.66 -0.004035721
27.67 -0.005041451
27.68 -0.007058368
27.69 -0.008134602
27.7 -0.008301599
27.71 -0.007819154
27.72 -0.006540402
27.73 -0.003438713
27.74 0.0007437427
27.75 0.003766574
27.76 0.005353603
27.77 0.00610782
27.78 0.006684895
27.79 0.006657835
27.8 0.006078573
27.81 0.005645864
27.82 0.004145862
27.83 0.001347287
27.84 -0.000798256
27.85 -0.002035742
27.86 -0.002622474
27.87 -0.00242275
27.88 -0.0008967121
27.89 0.001624973
27.9 0.00507027
27.91 0.007638609
27.92 0.008520469
27.93 0.00933334
27.94 0.009567128
27.95 0.01049762
27.96 0.0126753
27.97 0.01587904
27.98 0.01871687
27.99 0.01993585
28 0.02024291
28.01 0.02013896
28.02 0.01935247
28.03 0.01849356
28.04 0.01798626
28.05 0.01732137
28.06 0.01694949
28.07 0.01678593
28.08 0.01633544
28.09 0.01570378
28.1 0.01585255
28.11 0.01556378
28.12 0.01491973
28.13 0.0145444
28.14 0.01413711
28.15 0.01421048
28.16 0.01416249
28.17 0.01389269
28.18 0.01345522
28.19 0.01311078
28.2 0.01236773
28.21 0.01145517
28.22 0.01079019
28.23 0.009381853
28.24 0.006751185
28.25 0.00429581
28.26 0.002810962
28.27 0.001742847
28.28 0.001313989
28.29 0.001155183
28.3 0.0006742841
28.31 -0.0002103323
28.32 -0.001346578
28.33 -0.002242644
28.34 -0.002444942
28.35 -0.001572881
28.36 -0.000257454
28.37 0.001599121
28.38 0.003302296
28.39 0.004228483
28.4 0.004163701
28.41 0.003361747
28.42 0.002220596
28.43 0.001280155
28.44 -0.0003905607
28.45 -0.001940223
28.46 -0.003059652
28.47 -0.00359239
28.48 -0.003489486
28.49 -0.003105403
28.5 -0.002230308
28.51 -0.001094198
28.52 0.0003519688
28.53 0.002989901
28.54 0.005639862
28.55 0.007945684
28.56 0.009204237
28.57 0.009567415
28.58 0.008962958
28.59 0.008142213
28.6 0.007000501
28.61 0.005684666
28.62 0.004392317
28.63 0.003521399
28.64 0.003294072
28.65 0.002889111
28.66 0.002621346
28.67 0.002302649
28.68 0.002406238
28.69 0.002521652
28.7 0.002576347
28.71 0.002645215
28.72 0.002433579
28.73 0.002390181
28.74 0.001932068
28.75 0.001461748
28.76 0.001475098
28.77 0.001611039
28.78 0.001749321
28.79 0.001911491
28.8 0.001692153
28.81 0.001201794
28.82 0.0005690106
28.83 0.0001150327
28.84 -0.0001590809
28.85 -0.0004761498
28.86 -0.0004490493
28.87 -4.046124e-05
28.88 0.0001794919
28.89 0.0002256473
28.9 0.0005777132
28.91 0.0009724605
28.92 0.001004758
28.93 0.0009669538
28.94 0.0007517386
28.95 0.0005105122
28.96 0.00040869
28.97 0.000322277
28.98 0.0001811177
28.99 -7.156879e-05
29 -0.0003265297
29.01 -0.0004693257
29.02 -0.0006936277
29.03 -0.001102216
29.04 -0.001445266
29.05 -0.00167388
29.06 -0.001715756
29.07 -0.001662069
29.08 -0.001467116
29.09 -0.00112091
29.1 -0.0009097924
29.11 -0.0007364692
29.12 -0.000772134
29.13 -0.0008572172
29.14 -0.0009466925
29.15 -0.0009825935
29.16 -0.0009464141
29.17 -0.0008817371
29.18 -0.0009305739
29.19 -0.001019852
29.2 -0.001154248
29.21 -0.001366599
29.22 -0.001681989
29.23 -0.002071834
29.24 -0.002393337
29.25 -0.002485302
29.26 -0.002418959
29.27 -0.002234505
29.28 -0.001892488
29.29 -0.001515455
29.3 -0.001280277
29.31 -0.001213021
29.32 -0.001264096
29.33 -0.001377238
29.34 -0.001447043
29.35 -0.001516888
29.36 -0.001594111
29.37 -0.00164767
29.38 -0.00167974
29.39 -0.001688892
29.4 -0.00165547
29.41 -0.001599332
29.42 -0.001561549
29.43 -0.001521994
29.44 -0.001438684
29.45 -0.001356761
29.46 -0.001311814
29.47 -0.001269381
29.48 -0.001236822
29.49 -0.001220183
29.5 -0.001210428
29.51 -0.001203629
29.52 -0.001202438
29.53 -0.001198877
29.54 -0.001191636
29.55 -0.001183257
29.56 -0.001174647
29.57 -0.001168938
29.58 -0.001164766
29.59 -0.00115965
29.6 -0.001153256
29.61 -0.001143326
29.62 -0.001126223
29.63 -0.001095241
29.64 -0.001061804
29.65 -0.001031023
29.66 -0.001003164
29.67 -0.0009809185
29.68 -0.0009645989
29.69 -0.0009482426
29.7 -0.0009308743
29.71 -0.0009103097
29.72 -0.000884945
29.73 -0.0008563147
29.74 -0.0008262921
29.75 -0.0007954186
29.76 -0.0007649418
29.77 -0.0007362857
29.78 -0.0007095385
29.79 -0.000683634
29.8 -0.0006584683
29.81 -0.0006336026
29.82 -0.0006090902
29.83 -0.000584794
29.84 -0.0005607197
29.85 -0.0005369819
29.86 -0.0005136584
29.87 -0.0004906925
29.88 -0.0004680475
29.89 -0.0004456806
29.9 -0.000423614
29.91 -0.0004018008
29.92 -0.0003802063
29.93 -0.0003588396
29.94 -0.0003377039
29.95 -0.0003168001
29.96 -0.0002961286
29.97 -0.0002756882
29.98 -0.0002554798
