0 0.0002435584
0.01 0.0002437982
0.02 0.0002418731
0.03 0.0002379843
0.04 0.0002353056
0.05 0.0002298788
0.06 0.0002214345
0.07 0.0002095266
0.08 0.0001946333
0.09 0.0001920362
0.1 0.0001970934
0.11 0.0002112601
0.12 0.0002293235
0.13 0.0002307124
0.14 0.0002238795
0.15 0.0002129645
0.16 0.0001924736
0.17 0.0002072125
0.18 0.0002223631
0.19 0.0002169701
0.2 0.0002228339
0.21 0.0002927258
0.22 0.0003909437
0.23 0.0003849679
0.24 0.0002649505
0.25 0.000185116
0.26 0.0001937887
0.27 0.0002047373
0.28 0.0001955585
0.29 0.0001948807
0.3 0.0002013277
0.31 0.0001718947
0.32 9.233054e-05
0.33 0.0001473712
0.34 0.0002150866
0.35 0.0002034418
0.36 0.0001919131
0.37 0.0001995359
0.38 0.000199499
0.39 0.0001941528
0.4 0.000196081
0.41 0.000201994
0.42 0.0002009081
0.43 0.0001998359
0.44 0.0002072391
0.45 0.0002099962
0.46 0.0002083265
0.47 0.0003013075
0.48 0.0006600407
0.49 0.0004999222
0.5 0.0001816503
0.51 0.0002092737
0.52 0.0002819085
0.53 0.0002663935
0.54 0.0002650392
0.55 0.0002816203
0.56 0.0002840293
0.57 0.0002914263
0.58 0.0003074483
0.59 0.0003112822
0.6 0.000193119
0.61 -0.0001959725
0.62 -0.0003789123
0.63 -0.0002734398
0.64 0.0001407433
0.65 0.0004572459
0.66 7.702464e-05
0.67 -0.0009262796
0.68 -0.001275234
0.69 -0.001119653
0.7 -0.001084646
0.71 -0.001162016
0.72 -0.001181029
0.73 -0.0008376773
0.74 5.714013e-05
0.75 0.0006474944
0.76 0.0003076344
0.77 -0.0009236457
0.78 -0.001498702
0.79 -0.001299414
0.8 -0.0006280521
0.81 0.0003887268
0.82 0.0008686543
0.83 0.001125985
0.84 0.001767222
0.85 0.002015458
0.86 0.001811577
0.87 0.001136966
0.88 0.0004389977
0.89 -0.0006233821
0.9 -0.001450229
0.91 -0.0008648804
0.92 9.309538e-05
0.93 0.0005431358
0.94 0.0004290405
0.95 0.0008468913
0.96 0.0006189579
0.97 0.0006586811
0.98 0.0008835098
0.99 0.000159003
1 -0.0002138548
1.01 0.0005787229
1.02 0.001432093
1.03 0.001485116
1.04 0.0009686441
1.05 -0.0003905368
1.06 -0.0009684254
1.07 -0.001007253
1.08 -0.001484827
1.09 -0.001648535
1.1 -0.001489867
1.11 -0.0001179554
1.12 0.001729935
1.13 0.002044512
1.14 0.001410683
1.15 0.0003353039
1.16 -0.0006357964
1.17 -0.001318971
1.18 -0.0004560902
1.19 0.0004617113
1.2 0.0004252576
1.21 0.0002742527
1.22 0.0003506677
1.23 0.0006308912
1.24 0.001728825
1.25 0.001981353
1.26 0.0001181604
1.27 -0.001539623
1.28 -0.001561363
1.29 -0.00128164
1.3 -0.001338218
1.31 -0.001357361
1.32 -0.001243002
1.33 -0.001255134
1.34 -0.001317001
1.35 -0.001222971
1.36 -0.0006411881
1.37 0.0006953054
1.38 0.002047849
1.39 0.003203965
1.4 0.004163189
1.41 0.003680635
1.42 0.002967802
1.43 0.003034454
1.44 0.003272256
1.45 0.003333295
1.46 0.003260148
1.47 0.002664235
1.48 0.000649963
1.49 -0.001009463
1.5 -0.000991272
1.51 -0.0007287082
1.52 -0.001318439
1.53 -0.002704935
1.54 -0.003114329
1.55 -0.002858139
1.56 -0.002816486
1.57 -0.002904248
1.58 -0.003523391
1.59 -0.003908818
1.6 -0.001904424
1.61 -0.0002721742
1.62 -0.0003702621
1.63 -0.000567851
1.64 -0.0004594518
1.65 -0.0005371848
1.66 -0.001706333
1.67 -0.002775165
1.68 -0.002222611
1.69 -0.001183132
1.7 -0.001125231
1.71 -0.0004014052
1.72 0.0006261774
1.73 0.003259386
1.74 0.004823472
1.75 0.004455827
1.76 0.0022965
1.77 -3.509417e-05
1.78 -0.000233379
1.79 0.0006770704
1.8 0.002797278
1.81 0.00477022
1.82 0.005025861
1.83 0.004784461
1.84 0.004015744
1.85 0.001282675
1.86 -0.0008285814
1.87 -0.001917866
1.88 -0.003106709
1.89 -0.004124733
1.9 -0.004169047
1.91 -0.00397796
1.92 -0.003939475
1.93 -0.003956498
1.94 -0.00419792
1.95 -0.005096539
1.96 -0.004502415
1.97 -0.002862041
1.98 -0.0004207878
1.99 0.002431895
2 0.004855692
2.01 0.005141892
2.02 0.002835112
2.03 0.0007423117
2.04 -0.0003716303
2.05 -0.001239548
2.06 -0.0009532394
2.07 0.0005923992
2.08 0.001319619
2.09 0.001170797
2.1 0.001094786
2.11 0.0008465559
2.12 -0.0004508041
2.13 -0.0006078171
2.14 0.0009610622
2.15 0.001615258
2.16 0.001212329
2.17 -0.0005434672
2.18 -0.002818045
2.19 -0.003376904
2.2 -0.002867024
2.21 -0.001519336
2.22 0.0008785286
2.23 0.001952516
2.24 0.001701926
2.25 0.001600824
2.26 0.001747163
2.27 0.001775651
2.28 0.001757398
2.29 0.001817985
2.3 0.001899863
2.31 0.002775117
2.32 0.004270322
2.33 0.005727813
2.34 0.006119278
2.35 0.004083192
2.36 0.002009676
2.37 0.001812157
2.38 0.002117973
2.39 0.002103629
2.4 0.002097227
2.41 0.002148693
2.42 0.002157819
2.43 0.002024726
2.44 0.000858188
2.45 -0.0001342955
2.46 -0.0006373296
2.47 -0.001836494
2.48 -0.001404381
2.49 0.0001023113
2.5 0.0003664122
2.51 0.0001011913
2.52 0.0001233336
2.53 -0.0006234077
2.54 -0.003120285
2.55 -0.005809942
2.56 -0.005948871
2.57 -0.002292871
2.58 0.001487611
2.59 0.003917138
2.6 0.004948685
2.61 0.003738608
2.62 0.002194896
2.63 0.00091119
2.64 0.0004950584
2.65 0.0006363596
2.66 0.0005044964
2.67 -0.0008017284
2.68 -0.002251753
2.69 -0.003523541
2.7 -0.003826798
2.71 -0.002416324
2.72 0.0004400563
2.73 0.002859736
2.74 0.004026247
2.75 0.005209676
2.76 0.005689497
2.77 0.005375558
2.78 0.004087052
2.79 0.002709495
2.8 0.000673745
2.81 -0.002785573
2.82 -0.005617716
2.83 -0.004682581
2.84 -0.002772743
2.85 -0.001419935
2.86 -0.0009179768
2.87 -0.001030997
2.88 -0.002158597
2.89 -0.004743519
2.9 -0.00757888
2.91 -0.009664365
2.92 -0.01009912
2.93 -0.009763122
2.94 -0.008495155
2.95 -0.005610942
2.96 -0.001769494
2.97 -0.000148406
2.98 -0.0005438214
2.99 -0.001766568
3 -0.004055317
3.01 -0.005293692
3.02 -0.005087558
3.03 -0.004911378
3.04 -0.003459263
3.05 -0.0006499737
3.06 4.435107e-05
3.07 -0.0003563782
3.08 -0.0003615657
3.09 -0.0002480947
3.1 -0.0002285383
3.11 -0.0001935773
3.12 -0.0001748651
3.13 -0.0001654522
3.14 -0.0001076823
3.15 -7.378787e-05
3.16 8.705682e-05
3.17 0.002232637
3.18 0.005191699
3.19 0.008121306
3.2 0.008470311
3.21 0.005385133
3.22 0.003998597
3.23 0.003304065
3.24 0.001078731
3.25 -0.0009248523
3.26 -0.003431492
3.27 -0.004617833
3.28 -0.004358307
3.29 -0.004150873
3.3 -0.003689898
3.31 -0.0009827804
3.32 0.002003504
3.33 0.004659825
3.34 0.006243916
3.35 0.007462635
3.36 0.008357948
3.37 0.006560535
3.38 0.003723348
3.39 0.001070686
3.4 0.0003031561
3.41 -0.0003935313
3.42 -0.001770175
3.43 -0.003322016
3.44 -0.003936388
3.45 -0.004447342
3.46 -0.006571183
3.47 -0.007091806
3.48 -0.004613242
3.49 -0.003215513
3.5 -0.00349757
3.51 -0.003631948
3.52 -0.003499913
3.53 -0.003475794
3.54 -0.00345414
3.55 -0.00260057
3.56 0.001341348
3.57 0.006389374
3.58 0.009635067
3.59 0.01290964
3.6 0.01519699
3.61 0.01562245
3.62 0.01667331
3.63 0.01670321
3.64 0.0150531
3.65 0.01241738
3.66 0.01004912
3.67 0.0082837
3.68 0.006377507
3.69 0.005677614
3.7 0.003988675
3.71 0.0002189445
3.72 -0.002515007
3.73 -0.003559109
3.74 -0.004113465
3.75 -0.003360237
3.76 -0.003760935
3.77 -0.00494254
3.78 -0.003484227
3.79 -0.0003126405
3.8 0.001738096
3.81 0.001066333
3.82 -0.0006221024
3.83 -0.002482638
3.84 -0.005921241
3.85 -0.00768702
3.86 -0.00735006
3.87 -0.007067247
3.88 -0.007319544
3.89 -0.008892974
3.9 -0.01122329
3.91 -0.01319801
3.92 -0.01565014
3.93 -0.01627429
3.94 -0.01422461
3.95 -0.009525542
3.96 -0.003910532
3.97 0.001464123
3.98 0.005672727
3.99 0.007171376
4 0.007254312
4.01 0.007993162
4.02 0.006670416
4.03 0.00261504
4.04 -0.002550624
4.05 -0.007629384
4.06 -0.01051086
4.07 -0.007682919
4.08 0.001049393
4.09 0.01013873
4.1 0.01642668
4.11 0.01830145
4.12 0.01445812
4.13 0.008452746
4.14 0.003136584
4.15 -0.0008229574
4.16 -0.001950086
4.17 -1.884478e-05
4.18 0.003667497
4.19 0.008034369
4.2 0.01208888
4.21 0.01562437
4.22 0.0165433
4.23 0.01448116
4.24 0.01086817
4.25 0.006733912
4.26 0.003629957
4.27 0.00117365
4.28 -0.001025968
4.29 -0.001761191
4.3 -0.002306655
4.31 -0.004619265
4.32 -0.007566124
4.33 -0.01023318
4.34 -0.0129369
4.35 -0.01420316
4.36 -0.01211427
4.37 -0.008883584
4.38 -0.005587612
4.39 -0.0001100735
4.4 0.006542867
4.41 0.01121712
4.42 0.01274864
4.43 0.01254744
4.44 0.01201652
4.45 0.01012445
4.46 0.006487016
4.47 0.002141964
4.48 -0.00323791
4.49 -0.007561912
4.5 -0.007711349
4.51 -0.004944225
4.52 -0.001164972
4.53 0.001546668
4.54 0.001127697
4.55 -0.00286859
4.56 -0.00921104
4.57 -0.01515902
4.58 -0.01819534
4.59 -0.01901861
4.6 -0.0192325
4.61 -0.019944
4.62 -0.01843917
4.63 -0.01414483
4.64 -0.007257233
4.65 0.0006598812
4.66 0.006027565
4.67 0.0061371
4.68 0.004113617
4.69 0.003829637
4.7 0.004174165
4.71 0.004554625
4.72 0.005282643
4.73 0.003740846
4.74 0.0008091105
4.75 -0.0006120423
4.76 -0.0003677916
4.77 -0.0002039245
4.78 -0.001797994
4.79 -0.004541931
4.8 -0.005136741
4.81 -0.004642733
4.82 -0.004555952
4.83 -0.003933806
4.84 -0.00161693
4.85 0.000117518
4.86 0.0001149777
4.87 -0.0004928326
4.88 -0.002383246
4.89 -0.00527502
4.9 -0.009019977
4.91 -0.01326074
4.92 -0.01730908
4.93 -0.02056426
4.94 -0.02246998
4.95 -0.0225842
4.96 -0.02005505
4.97 -0.01586881
4.98 -0.01151496
4.99 -0.008769222
5 -0.008564037
5.01 -0.009977166
5.02 -0.01235099
5.03 -0.01352519
5.04 -0.01209045
5.05 -0.006940043
5.06 9.720188e-05
5.07 0.00628512
5.08 0.01151948
5.09 0.01584199
5.1 0.0169007
5.11 0.01450729
5.12 0.009361337
5.13 0.003956035
5.14 0.0007852592
5.15 0.0003839605
5.16 4.831406e-06
5.17 -0.001464779
5.18 -0.003267326
5.19 -0.005734709
5.2 -0.006887439
5.21 -0.0031019
5.22 0.003608173
5.23 0.01013016
5.24 0.01416261
5.25 0.01489782
5.26 0.01513521
5.27 0.0157202
5.28 0.01493231
5.29 0.01422768
5.3 0.0122227
5.31 0.008127633
5.32 0.004817104
5.33 0.003498719
5.34 0.004787848
5.35 0.007671691
5.36 0.01039391
5.37 0.01292275
5.38 0.01383979
5.39 0.01025799
5.4 0.001395012
5.41 -0.01128292
5.42 -0.02285733
5.43 -0.02679405
5.44 -0.02480411
5.45 -0.0180734
5.46 -0.00757596
5.47 -0.0004547921
5.48 0.001556393
5.49 0.001450396
5.5 0.001290804
5.51 0.0002456589
5.52 -0.00120317
5.53 -0.002634001
5.54 -0.003149653
5.55 -0.003199181
5.56 -0.005335008
5.57 -0.007667938
5.58 -0.007747098
5.59 -0.007987946
5.6 -0.01029549
5.61 -0.01228304
5.62 -0.01387753
5.63 -0.0175977
5.64 -0.02193176
5.65 -0.02520684
5.66 -0.02567974
5.67 -0.02202927
5.68 -0.01038712
5.69 0.006233331
5.7 0.02117276
5.71 0.02960504
5.72 0.03000489
5.73 0.02840207
5.74 0.02507665
5.75 0.01906084
5.76 0.01138272
5.77 0.006340173
5.78 0.006115234
5.79 0.007089646
5.8 0.009264685
5.81 0.01494579
5.82 0.02297907
5.83 0.0287456
5.84 0.02976066
5.85 0.02691069
5.86 0.02013276
5.87 0.01199918
5.88 0.005047798
5.89 -0.0003918488
5.9 -0.005114868
5.91 -0.006461413
5.92 -0.002810157
5.93 0.001018296
5.94 0.002549457
5.95 0.002533095
5.96 0.002405011
5.97 0.002465189
5.98 0.001948328
5.99 -0.0002604232
6 -0.003271191
6.01 -0.007249066
6.02 -0.01212221
6.03 -0.01497509
6.04 -0.01284035
6.05 -0.007300233
6.06 -0.001809896
6.07 -8.934943e-05
6.08 -0.007874203
6.09 -0.01995504
6.1 -0.02754538
6.11 -0.02749872
6.12 -0.02087283
6.13 -0.0127027
6.14 -0.00791728
6.15 -0.004876874
6.16 -0.0006221533
6.17 0.002965778
6.18 0.003337117
6.19 0.002871534
6.2 0.003764428
6.21 0.007882897
6.22 0.01506466
6.23 0.0241528
6.24 0.03172758
6.25 0.03660448
6.26 0.03826666
6.27 0.03445661
6.28 0.02391763
6.29 0.004258233
6.3 -0.01513161
6.31 -0.02475524
6.32 -0.02791914
6.33 -0.02806429
6.34 -0.02556847
6.35 -0.02160127
6.36 -0.01863901
6.37 -0.01580897
6.38 -0.01236513
6.39 -0.008767126
6.4 -0.003864365
6.41 0.0005063566
6.42 0.00245447
6.43 5.68054e-05
6.44 -0.00474943
6.45 -0.01023486
6.46 -0.0138726
6.47 -0.01702762
6.48 -0.01930156
6.49 -0.01783968
6.5 -0.01027795
6.51 -5.593943e-05
6.52 0.009147284
6.53 0.01487054
6.54 0.01712454
6.55 0.01717909
6.56 0.01491923
6.57 0.01095484
6.58 0.003747707
6.59 -0.004890497
6.6 -0.00993137
6.61 -0.01113749
6.62 -0.009327968
6.63 -0.006254477
6.64 -0.002389744
6.65 0.002898251
6.66 0.008479763
6.67 0.0127498
6.68 0.01224628
6.69 0.005140381
6.7 -0.006164002
6.71 -0.01527764
6.72 -0.01845253
6.73 -0.01844228
6.74 -0.0181916
6.75 -0.01726338
6.76 -0.01448758
6.77 -0.009820269
6.78 -0.003475509
6.79 0.005999405
6.8 0.01736737
6.81 0.02835463
6.82 0.03564443
6.83 0.03764755
6.84 0.03891399
6.85 0.03937306
6.86 0.03507882
6.87 0.02823031
6.88 0.01715023
6.89 0.004629109
6.9 -0.004713237
6.91 -0.01127227
6.92 -0.0163992
6.93 -0.01796364
6.94 -0.01595891
6.95 -0.01248302
6.96 -0.006952268
6.97 0.0009414183
6.98 0.00811636
6.99 0.013004
7 0.01559509
7.01 0.01867526
7.02 0.02058837
7.03 0.02020104
7.04 0.01805423
7.05 0.01177375
7.06 0.005919857
7.07 0.003683327
7.08 0.001575472
7.09 -0.001376166
7.1 -0.006838086
7.11 -0.01661263
7.12 -0.02673212
7.13 -0.03277316
7.14 -0.03348272
7.15 -0.03135221
7.16 -0.02529438
7.17 -0.01446627
7.18 0.001671758
7.19 0.01825195
7.2 0.0294252
7.21 0.03481673
7.22 0.03417949
7.23 0.02982531
7.24 0.02291168
7.25 0.01479892
7.26 0.006864613
7.27 0.0005138507
7.28 -0.002702079
7.29 -0.002575124
7.3 -9.27688e-05
7.31 0.002783548
7.32 0.004215952
7.33 0.004413053
7.34 0.006419424
7.35 0.01015998
7.36 0.01069615
7.37 0.007605113
7.38 0.001975379
7.39 -0.005650814
7.4 -0.01116291
7.41 -0.01143908
7.42 -0.009318243
7.43 -0.00785115
7.44 -0.006960242
7.45 -0.006805093
7.46 -0.006880412
7.47 -0.006960265
7.48 -0.008836569
7.49 -0.01388434
7.5 -0.01886504
7.51 -0.01925048
7.52 -0.01647496
7.53 -0.01078287
7.54 -0.0008802581
7.55 0.01238833
7.56 0.02139433
7.57 0.026025
7.58 0.02957396
7.59 0.03223769
7.6 0.03418158
7.61 0.0316545
7.62 0.02493306
7.63 0.01449623
7.64 0.001130281
7.65 -0.008883907
7.66 -0.01403149
7.67 -0.01869524
7.68 -0.02419106
7.69 -0.02953722
7.7 -0.03317986
7.71 -0.03344843
7.72 -0.03037946
7.73 -0.02555538
7.74 -0.0231675
7.75 -0.02216491
7.76 -0.02077766
7.77 -0.01819027
7.78 -0.01307469
7.79 -0.001495094
7.8 0.01323793
7.81 0.02497139
7.82 0.03318703
7.83 0.03892716
7.84 0.04333379
7.85 0.04390015
7.86 0.03849813
7.87 0.02829329
7.88 0.01682827
7.89 0.008778141
7.9 0.004556835
7.91 0.002881578
7.92 0.001820653
7.93 0.00227381
7.94 0.003732396
7.95 0.00436277
7.96 0.005106754
7.97 0.00338766
7.98 -0.002587881
7.99 -0.01070641
8 -0.01721704
8.01 -0.01913061
8.02 -0.01703222
8.03 -0.009715694
8.04 -0.001037774
8.05 0.001418836
8.06 -0.003103771
8.07 -0.009784875
8.08 -0.01776891
8.09 -0.02425947
8.1 -0.02825381
8.11 -0.03050785
8.12 -0.02876868
8.13 -0.02244003
8.14 -0.01448172
8.15 -0.008219173
8.16 -0.007396907
8.17 -0.01290513
8.18 -0.02178086
8.19 -0.03041207
8.2 -0.03484435
8.21 -0.03590011
8.22 -0.03478972
8.23 -0.03174368
8.24 -0.02790113
8.25 -0.02567964
8.26 -0.02376935
8.27 -0.02102972
8.28 -0.01838633
8.29 -0.01686589
8.3 -0.01554234
8.31 -0.01480378
8.32 -0.01481557
8.33 -0.01390908
8.34 -0.01306354
8.35 -0.01584391
8.36 -0.02082276
8.37 -0.02623569
8.38 -0.02855082
8.39 -0.02521729
8.4 -0.01481193
8.41 -0.0005383221
8.42 0.01403681
8.43 0.02575609
8.44 0.03069721
8.45 0.02950405
8.46 0.02382803
8.47 0.01453623
8.48 0.00389888
8.49 -0.003956411
8.5 -0.005539079
8.51 -0.002518015
8.52 0.005941356
8.53 0.01741126
8.54 0.02728997
8.55 0.03452719
8.56 0.03937629
8.57 0.04030311
8.58 0.03513888
8.59 0.02585223
8.6 0.01800821
8.61 0.01336923
8.62 0.01307323
8.63 0.01734947
8.64 0.02183919
8.65 0.02309239
8.66 0.01742589
8.67 0.006572212
8.68 -0.004512071
8.69 -0.008815964
8.7 -0.004949526
8.71 0.003105812
8.72 0.009937196
8.73 0.01091961
8.74 0.007415233
8.75 0.002489222
8.76 -0.00139535
8.77 -0.002872377
8.78 -0.00366232
8.79 -0.003871727
8.8 -0.003330875
8.81 0.0004202264
8.82 0.009839811
8.83 0.01938143
8.84 0.02357624
8.85 0.02430939
8.86 0.02595481
8.87 0.02837017
8.88 0.03072677
8.89 0.03528459
8.9 0.03967262
8.91 0.04196288
8.92 0.04242456
8.93 0.04008432
8.94 0.0319559
8.95 0.01893691
8.96 0.00290626
8.97 -0.01220622
8.98 -0.02100976
8.99 -0.02339368
9 -0.02424647
9.01 -0.02277191
9.02 -0.01371575
9.03 6.256149e-05
9.04 0.01150366
9.05 0.01693979
9.06 0.01232241
9.07 -0.0001092181
9.08 -0.01342272
9.09 -0.02246816
9.1 -0.02796173
9.11 -0.03224811
9.12 -0.03538317
9.13 -0.03844246
9.14 -0.03962718
9.15 -0.0382444
9.16 -0.03546636
9.17 -0.03200273
9.18 -0.02900825
9.19 -0.02538888
9.2 -0.02073158
9.21 -0.01341293
9.22 -0.002943081
9.23 0.01095602
9.24 0.02271378
9.25 0.02915166
9.26 0.03184854
9.27 0.03054445
9.28 0.0269411
9.29 0.02376113
9.3 0.02325292
9.31 0.02414306
9.32 0.02647849
9.33 0.0269585
9.34 0.02606399
9.35 0.02602357
9.36 0.02736075
9.37 0.03003505
9.38 0.03259445
9.39 0.03335847
9.4 0.03241128
9.41 0.02802537
9.42 0.01588252
9.43 -0.001756513
9.44 -0.0150519
9.45 -0.0197561
9.46 -0.01951174
9.47 -0.01314983
9.48 -0.001203741
9.49 0.01018861
9.5 0.01849305
9.51 0.02192476
9.52 0.01811331
9.53 0.008330385
9.54 -0.002126517
9.55 -0.008660306
9.56 -0.009544222
9.57 -0.006742406
9.58 -0.002958202
9.59 -0.00186235
9.6 -0.003182769
9.61 -0.00472327
9.62 -0.005971133
9.63 -0.006706352
9.64 -0.006661396
9.65 -0.007998515
9.66 -0.01366229
9.67 -0.02157041
9.68 -0.02823942
9.69 -0.03295941
9.7 -0.03563119
9.71 -0.03539703
9.72 -0.03283312
9.73 -0.02984884
9.74 -0.02713185
9.75 -0.02481807
9.76 -0.02395687
9.77 -0.02403035
9.78 -0.02320767
9.79 -0.02177445
9.8 -0.02173631
9.81 -0.02407499
9.82 -0.02826516
9.83 -0.0308477
9.84 -0.03070378
9.85 -0.02881141
9.86 -0.02453533
9.87 -0.0189325
9.88 -0.01403098
9.89 -0.01012267
9.9 -0.00517591
9.91 0.0004952672
9.92 0.005643668
9.93 0.009586888
9.94 0.01265929
9.95 0.01254828
9.96 0.009429206
9.97 0.004119946
9.98 -0.0007852009
9.99 -0.003095643
10 -0.0003709162
10.01 0.005036775
10.02 0.01114492
10.03 0.01414514
10.04 0.01303814
10.05 0.008749906
10.06 0.002416415
10.07 -0.003186155
10.08 -0.004412215
10.09 -0.0007116069
10.1 0.005059735
10.11 0.01060671
10.12 0.01581605
10.13 0.01999561
10.14 0.02136937
10.15 0.02106954
10.16 0.02148569
10.17 0.02315349
10.18 0.02477626
10.19 0.02692723
10.2 0.02859965
10.21 0.02956088
10.22 0.02761614
10.23 0.02068384
10.24 0.006965968
10.25 -0.01075764
10.26 -0.02398927
10.27 -0.02872245
10.28 -0.02798277
10.29 -0.02464423
10.3 -0.01832199
10.31 -0.01021369
10.32 -0.003387443
10.33 0.0008680868
10.34 0.001944443
10.35 0.0005632786
10.36 -0.004450728
10.37 -0.01459868
10.38 -0.02319127
10.39 -0.02569657
10.4 -0.02387857
10.41 -0.01684269
10.42 -0.005993952
10.43 0.003645249
10.44 0.01137271
10.45 0.0192129
10.46 0.0266014
10.47 0.0319215
10.48 0.03291308
10.49 0.02896994
10.5 0.01908587
10.51 0.004919276
10.52 -0.006287353
10.53 -0.01160502
10.54 -0.01221641
10.55 -0.0102438
10.56 -0.005574178
10.57 0.002282755
10.58 0.01079058
10.59 0.01880221
10.6 0.02679948
10.61 0.03364253
10.62 0.03555445
10.63 0.03393361
10.64 0.03140963
10.65 0.02879243
10.66 0.02612883
10.67 0.02138261
10.68 0.01092329
10.69 -0.001810472
10.7 -0.01221871
10.71 -0.01979781
10.72 -0.02510487
10.73 -0.02654077
10.74 -0.02593728
10.75 -0.02476124
10.76 -0.02235264
10.77 -0.01918725
10.78 -0.01502366
10.79 -0.01092708
10.8 -0.007632839
10.81 -0.004404845
10.82 0.005284447
10.83 0.02127387
10.84 0.0394114
10.85 0.05407778
10.86 0.05799631
10.87 0.05640164
10.88 0.05288058
10.89 0.04380783
10.9 0.02751784
10.91 0.006588591
10.92 -0.01435894
10.93 -0.0287983
10.94 -0.03401184
10.95 -0.03354736
10.96 -0.02883675
10.97 -0.01926063
10.98 -0.003022812
10.99 0.01122829
11 0.01706253
11.01 0.01440173
11.02 0.003108499
11.03 -0.01279113
11.04 -0.02425546
11.05 -0.02920563
11.06 -0.02985398
11.07 -0.0268458
11.08 -0.02189057
11.09 -0.01758229
11.1 -0.01509239
11.11 -0.01278731
11.12 -0.01087593
11.13 -0.008376668
11.14 -0.004896078
11.15 0.002344767
11.16 0.01599454
11.17 0.03146004
11.18 0.0446363
11.19 0.0504757
11.2 0.0448919
11.21 0.03212767
11.22 0.02176462
11.23 0.01936732
11.24 0.02338673
11.25 0.02922207
11.26 0.03458451
11.27 0.03724478
11.28 0.03607896
11.29 0.0321637
11.3 0.02352028
11.31 0.0103463
11.32 -0.005132379
11.33 -0.01671361
11.34 -0.02220922
11.35 -0.02437411
11.36 -0.02491676
11.37 -0.02306708
11.38 -0.01955095
11.39 -0.01603949
11.4 -0.01439445
11.41 -0.01470563
11.42 -0.01573612
11.43 -0.01624876
11.44 -0.01803917
11.45 -0.02003016
11.46 -0.01904793
11.47 -0.01419943
11.48 -0.005840838
11.49 0.003623407
11.5 0.01186917
11.51 0.01673339
11.52 0.01680565
11.53 0.01307711
11.54 0.006191428
11.55 -0.0001928868
11.56 -0.005259108
11.57 -0.01028068
11.58 -0.01696595
11.59 -0.02593742
11.6 -0.03300562
11.61 -0.0353527
11.62 -0.0322587
11.63 -0.02305169
11.64 -0.00816292
11.65 0.009211086
11.66 0.01915548
11.67 0.02043297
11.68 0.01593542
11.69 0.01140073
11.7 0.008853647
11.71 0.006523339
11.72 0.003830725
11.73 0.001803127
11.74 0.0005896258
11.75 -0.001921323
11.76 -0.007446445
11.77 -0.0139848
11.78 -0.01815889
11.79 -0.01950511
11.8 -0.01939058
11.81 -0.01574786
11.82 -0.00909106
11.83 -0.00224415
11.84 0.002178209
11.85 0.00286224
11.86 0.002269991
11.87 0.001132899
11.88 -0.0001839609
11.89 -0.002114172
11.9 -0.004717112
11.91 -0.00641541
11.92 -0.006315184
11.93 -0.004858933
11.94 -0.004654728
11.95 -0.008676693
11.96 -0.0145983
11.97 -0.01975605
11.98 -0.02248654
11.99 -0.02323641
12 -0.0219916
12.01 -0.01807937
12.02 -0.01168727
12.03 -0.005438395
12.04 -0.001443372
12.05 0.001074822
12.06 0.004347789
12.07 0.01075869
12.08 0.02002474
12.09 0.02843772
12.1 0.03455123
12.11 0.03775928
12.12 0.03804247
12.13 0.03568279
12.14 0.02697407
12.15 0.008475625
12.16 -0.01033261
12.17 -0.01884803
12.18 -0.01715097
12.19 -0.009207297
12.2 0.001206897
12.21 0.01256361
12.22 0.01990516
12.23 0.01961119
12.24 0.0119097
12.25 -0.002571173
12.26 -0.02208523
12.27 -0.03891381
12.28 -0.04737905
12.29 -0.04997195
12.3 -0.04931214
12.31 -0.04565965
12.32 -0.03851612
12.33 -0.02955115
12.34 -0.02411883
12.35 -0.02254205
12.36 -0.02157395
12.37 -0.01899766
12.38 -0.01414687
12.39 -0.003716834
12.4 0.01340877
12.41 0.03698078
12.42 0.0562335
12.43 0.06333576
12.44 0.06353968
12.45 0.05610049
12.46 0.03567394
12.47 0.004580892
12.48 -0.02373115
12.49 -0.03934686
12.5 -0.04295134
12.51 -0.03931366
12.52 -0.02968038
12.53 -0.01867861
12.54 -0.01309253
12.55 -0.01120156
12.56 -0.01049149
12.57 -0.01169273
12.58 -0.01266666
12.59 -0.01249895
12.6 -0.01228033
12.61 -0.01232652
12.62 -0.01233524
12.63 -0.01261241
12.64 -0.01331627
12.65 -0.009595945
12.66 -0.0004664228
12.67 0.007749876
12.68 0.01219336
12.69 0.0128004
12.7 0.01036102
12.71 0.006476474
12.72 0.001567794
12.73 -0.003636688
12.74 -0.007690791
12.75 -0.0120132
12.76 -0.01674483
12.77 -0.02079988
12.78 -0.02448024
12.79 -0.02818378
12.8 -0.03014026
12.81 -0.02798394
12.82 -0.02003666
12.83 -0.01035149
12.84 -0.002654395
12.85 -9.708957e-05
12.86 -0.004060308
12.87 -0.01077433
12.88 -0.01724148
12.89 -0.0205136
12.9 -0.0186377
12.91 -0.01049765
12.92 0.0007444813
12.93 0.009755746
12.94 0.01614261
12.95 0.02005711
12.96 0.02119188
12.97 0.02099064
12.98 0.02093353
12.99 0.02092283
13 0.01905338
13.01 0.01647416
13.02 0.01656008
13.03 0.0197639
13.04 0.02666096
13.05 0.0344088
13.06 0.04003742
13.07 0.04173878
13.08 0.03819266
13.09 0.03021538
13.1 0.01849177
13.11 0.01065069
13.12 0.008312532
13.13 0.006427303
13.14 0.004004327
13.15 0.003136878
13.16 0.002736665
13.17 0.0005845566
13.18 -0.001319555
13.19 -0.002490517
13.2 -0.002794689
13.21 -0.0001664157
13.22 0.005114332
13.23 0.01065297
13.24 0.01429573
13.25 0.01370224
13.26 0.01070453
13.27 0.007124107
13.28 0.0004599906
13.29 -0.01101668
13.3 -0.0230393
13.31 -0.03292497
13.32 -0.03920151
13.33 -0.0427254
13.34 -0.04543992
13.35 -0.04498614
13.36 -0.0421765
13.37 -0.04052136
13.38 -0.03887843
13.39 -0.03683344
13.4 -0.03715691
13.41 -0.03906368
13.42 -0.04217361
13.43 -0.04790469
13.44 -0.05577675
13.45 -0.05965567
13.46 -0.05718469
13.47 -0.04894304
13.48 -0.03638512
13.49 -0.01953801
13.5 -0.002400449
13.51 0.009561223
13.52 0.01999819
13.53 0.03124647
13.54 0.03732848
13.55 0.03671956
13.56 0.03307429
13.57 0.02902525
13.58 0.02654468
13.59 0.02759546
13.6 0.03192526
13.61 0.03641113
13.62 0.04108335
13.63 0.04425888
13.64 0.04448212
13.65 0.04334648
13.66 0.0395351
13.67 0.03387987
13.68 0.02848743
13.69 0.02450882
13.7 0.0221462
13.71 0.02140955
13.72 0.02158147
13.73 0.02171708
13.74 0.02152674
13.75 0.01907765
13.76 0.013287
13.77 0.005262607
13.78 0.000278401
13.79 -0.001631592
13.8 -0.001881159
13.81 0.001637059
13.82 0.007404066
13.83 0.01220743
13.84 0.01343236
13.85 0.01134023
13.86 0.006446683
13.87 0.0008156751
13.88 -0.004222559
13.89 -0.007212027
13.9 -0.007502791
13.91 -0.007033622
13.92 -0.004423918
13.93 0.00271129
13.94 0.01279049
13.95 0.02253185
13.96 0.02873471
13.97 0.03171546
13.98 0.03176006
13.99 0.02974621
14 0.02451012
14.01 0.01463822
14.02 0.0009198623
14.03 -0.01310355
14.04 -0.02254489
14.05 -0.02829644
14.06 -0.03174782
14.07 -0.03469119
14.08 -0.03987168
14.09 -0.04681294
14.1 -0.05239514
14.11 -0.05439992
14.12 -0.05244788
14.13 -0.04558328
14.14 -0.02856191
14.15 -0.005997157
14.16 0.01561565
14.17 0.0262049
14.18 0.02287931
14.19 0.01188862
14.2 0.0005462377
14.21 -0.007447833
14.22 -0.01067265
14.23 -0.007581796
14.24 -0.001504294
14.25 0.007755731
14.26 0.01894465
14.27 0.02953519
14.28 0.03622635
14.29 0.03633615
14.3 0.03487489
14.31 0.03499118
14.32 0.03534438
14.33 0.03528379
14.34 0.03525301
14.35 0.03537661
14.36 0.03451338
14.37 0.03004624
14.38 0.02312123
14.39 0.0158806
14.4 0.007392114
14.41 -0.003850362
14.42 -0.01544576
14.43 -0.02567604
14.44 -0.03211903
14.45 -0.03304939
14.46 -0.03230471
14.47 -0.03162113
14.48 -0.02867029
14.49 -0.02442063
14.5 -0.02255315
14.51 -0.0219765
14.52 -0.02322304
14.53 -0.02534516
14.54 -0.02699682
14.55 -0.03161292
14.56 -0.03833006
14.57 -0.04385742
14.58 -0.04754056
14.59 -0.04731027
14.6 -0.04297592
14.61 -0.03372229
14.62 -0.02029164
14.63 -0.005553575
14.64 0.009059472
14.65 0.02282545
14.66 0.03272601
14.67 0.0388236
14.68 0.04407632
14.69 0.04967245
14.7 0.05420212
14.71 0.05807809
14.72 0.06130663
14.73 0.06155934
14.74 0.05754357
14.75 0.0478325
14.76 0.03185097
14.77 0.01296673
14.78 -0.005238392
14.79 -0.02162563
14.8 -0.03178782
14.81 -0.03771322
14.82 -0.04031526
14.83 -0.03858619
14.84 -0.03362122
14.85 -0.02785389
14.86 -0.0225884
14.87 -0.02060701
14.88 -0.02314952
14.89 -0.02638755
14.9 -0.02784087
14.91 -0.02602176
14.92 -0.02193979
14.93 -0.01656887
14.94 -0.01079809
14.95 -0.005880522
14.96 -0.002669188
14.97 -8.926041e-05
14.98 0.003739354
14.99 0.009413033
15 0.01683323
15.01 0.02462499
15.02 0.03196492
15.03 0.04050813
15.04 0.04688876
15.05 0.04877337
15.06 0.04709782
15.07 0.04198556
15.08 0.03223412
15.09 0.02212452
15.1 0.01443931
15.11 0.00855658
15.12 0.003962125
15.13 0.0009838865
15.14 0.0005568617
15.15 0.002019041
15.16 0.004318544
15.17 0.008911536
15.18 0.01395109
15.19 0.01706298
15.2 0.01958974
15.21 0.02347424
15.22 0.02733614
15.23 0.02999741
15.24 0.03163604
15.25 0.03085447
15.26 0.02815703
15.27 0.02539535
15.28 0.02336044
15.29 0.0222175
15.3 0.02189944
15.31 0.02389481
15.32 0.02567862
15.33 0.02533795
15.34 0.02154863
15.35 0.01125278
15.36 -0.006189506
15.37 -0.02631844
15.38 -0.04184245
15.39 -0.05229072
15.4 -0.05842337
15.41 -0.06002207
15.42 -0.05853793
15.43 -0.05663713
15.44 -0.05326501
15.45 -0.05093042
15.46 -0.0515787
15.47 -0.05402197
15.48 -0.05584767
15.49 -0.05576029
15.5 -0.0532612
15.51 -0.04534561
15.52 -0.03378765
15.53 -0.02242908
15.54 -0.01516519
15.55 -0.01409323
15.56 -0.01665354
15.57 -0.02207417
15.58 -0.03040324
15.59 -0.03611627
15.6 -0.03836149
15.61 -0.03922951
15.62 -0.03883304
15.63 -0.03669214
15.64 -0.03296719
15.65 -0.02524595
15.66 -0.01328438
15.67 -0.002135648
15.68 0.005946581
15.69 0.009379366
15.7 0.009349878
15.71 0.01000226
15.72 0.01161856
15.73 0.01387785
15.74 0.01800526
15.75 0.02232266
15.76 0.02633229
15.77 0.02931279
15.78 0.03159062
15.79 0.03246985
15.8 0.03163675
15.81 0.02848472
15.82 0.02446291
15.83 0.02296514
15.84 0.02331867
15.85 0.02353138
15.86 0.02502743
15.87 0.02891176
15.88 0.03245482
15.89 0.03589819
15.9 0.03857739
15.91 0.04129399
15.92 0.04239664
15.93 0.04212247
15.94 0.04173986
15.95 0.0397221
15.96 0.03553202
15.97 0.03205496
15.98 0.02964852
15.99 0.02731132
16 0.02682106
16.01 0.03067221
16.02 0.03682004
16.03 0.04244821
16.04 0.04608242
16.05 0.04602682
16.06 0.0439365
16.07 0.03871568
16.08 0.02724619
16.09 0.01335126
16.1 0.003650127
16.11 -0.001392662
16.12 -0.002845036
16.13 -0.002504453
16.14 -0.001366099
16.15 0.002306072
16.16 0.009387502
16.17 0.01763635
16.18 0.02325974
16.19 0.02602986
16.2 0.02736093
16.21 0.02752902
16.22 0.0274812
16.23 0.02703016
16.24 0.02433246
16.25 0.01906341
16.26 0.01113087
16.27 -0.000570602
16.28 -0.01165854
16.29 -0.01702338
16.3 -0.01861716
16.31 -0.01590755
16.32 -0.01019756
16.33 -0.004649449
16.34 -0.00162392
16.35 -0.002562799
16.36 -0.008379339
16.37 -0.01763052
16.38 -0.02725277
16.39 -0.03611463
16.4 -0.04184013
16.41 -0.04328589
16.42 -0.04312775
16.43 -0.04182866
16.44 -0.0385372
16.45 -0.03304298
16.46 -0.02853534
16.47 -0.02695716
16.48 -0.02712914
16.49 -0.02803159
16.5 -0.02884641
16.51 -0.03246517
16.52 -0.03747903
16.53 -0.04063512
16.54 -0.04286125
16.55 -0.04521841
16.56 -0.0458451
16.57 -0.04420788
16.58 -0.04253374
16.59 -0.04037444
16.6 -0.03856799
16.61 -0.03725858
16.62 -0.03642082
16.63 -0.03499958
16.64 -0.03192218
16.65 -0.02671916
16.66 -0.01732947
16.67 -0.007090214
16.68 0.00327826
16.69 0.01580461
16.7 0.0256983
16.71 0.02961248
16.72 0.0293431
16.73 0.02521887
16.74 0.01936692
16.75 0.01214876
16.76 0.005651621
16.77 0.002783322
16.78 0.001216411
16.79 0.001228786
16.8 0.003698222
16.81 0.006681511
16.82 0.007952491
16.83 0.007809147
16.84 0.00778723
16.85 0.00788927
16.86 0.006965507
16.87 0.004422501
16.88 0.00158821
16.89 -0.0009250142
16.9 -0.003468732
16.91 -0.005970069
16.92 -0.006791939
16.93 -0.005586535
16.94 -0.005026617
16.95 -0.005178014
16.96 -0.005231184
16.97 -0.005145715
16.98 -0.005076031
16.99 -0.005206746
17 -0.006391898
17.01 -0.007796827
17.02 -0.009184145
17.03 -0.01049185
17.04 -0.01265045
17.05 -0.01401927
17.06 -0.01354852
17.07 -0.01139597
17.08 -0.008513058
17.09 -0.005700429
17.1 -0.003014398
17.11 -0.0002742461
17.12 0.002083446
17.13 0.002797974
17.14 0.003393848
17.15 0.005840921
17.16 0.008882527
17.17 0.01194052
17.18 0.01638651
17.19 0.02202755
17.2 0.02749493
17.21 0.03153238
17.22 0.03284588
17.23 0.03268854
17.24 0.03204713
17.25 0.02995402
17.26 0.02791641
17.27 0.02543963
17.28 0.02192562
17.29 0.01904378
17.3 0.01725819
17.31 0.01702139
17.32 0.01823779
17.33 0.01951794
17.34 0.02004729
17.35 0.02079231
17.36 0.02089338
17.37 0.02164649
17.38 0.02216687
17.39 0.02215687
17.4 0.02257826
17.41 0.02477555
17.42 0.02777318
17.43 0.03066286
17.44 0.03312896
17.45 0.03404651
17.46 0.03328028
17.47 0.03098623
17.48 0.02806766
17.49 0.02436682
17.5 0.02061332
17.51 0.01838247
17.52 0.01678244
17.53 0.01406973
17.54 0.01096813
17.55 0.006337786
17.56 0.002393157
17.57 -0.0006196056
17.58 -0.003840784
17.59 -0.006488343
17.6 -0.00859138
17.61 -0.008578837
17.62 -0.006419739
17.63 -0.004009377
17.64 -0.002663675
17.65 -0.000602588
17.66 0.0005104452
17.67 -0.002412584
17.68 -0.00748844
17.69 -0.0135918
17.7 -0.01928193
17.71 -0.02239312
17.72 -0.02463215
17.73 -0.02633585
17.74 -0.02692565
17.75 -0.02808176
17.76 -0.0295528
17.77 -0.03061476
17.78 -0.03059909
17.79 -0.03044917
17.8 -0.03184213
17.81 -0.03459661
17.82 -0.03503392
17.83 -0.03282501
17.84 -0.02821881
17.85 -0.02258177
17.86 -0.01700095
17.87 -0.0126392
17.88 -0.01013002
17.89 -0.009319331
17.9 -0.009930713
17.91 -0.01131911
17.92 -0.01169529
17.93 -0.01022368
17.94 -0.00730117
17.95 -0.004389562
17.96 -0.001086403
17.97 0.003074001
17.98 0.006172992
17.99 0.007254452
18 0.005917506
18.01 -0.0001588689
18.02 -0.008034469
18.03 -0.01340096
18.04 -0.0154878
18.05 -0.01385306
18.06 -0.01027597
18.07 -0.00538143
18.08 -0.0008446314
18.09 0.001034248
18.1 0.0006530376
18.11 -0.001699528
18.12 -0.005837652
18.13 -0.009165628
18.14 -0.009524454
18.15 -0.006655939
18.16 -0.002605371
18.17 8.840551e-05
18.18 0.002695868
18.19 0.003836831
18.2 0.004791175
18.21 0.007104329
18.22 0.008320632
18.23 0.008143869
18.24 0.00810116
18.25 0.008127591
18.26 0.006891413
18.27 0.0040103
18.28 -0.001365797
18.29 -0.01051338
18.3 -0.01994697
18.31 -0.0260148
18.32 -0.03032282
18.33 -0.03113908
18.34 -0.02811621
18.35 -0.02436277
18.36 -0.02044233
18.37 -0.01733938
18.38 -0.01493022
18.39 -0.01380033
18.4 -0.01384446
18.41 -0.01452254
18.42 -0.01661978
18.43 -0.01867836
18.44 -0.02100136
18.45 -0.02299964
18.46 -0.02345441
18.47 -0.02389029
18.48 -0.02231644
18.49 -0.01912936
18.5 -0.01509159
18.51 -0.01061007
18.52 -0.00623116
18.53 -0.003079362
18.54 -0.003689126
18.55 -0.005587055
18.56 -0.006605947
18.57 -0.006101531
18.58 -0.003518398
18.59 0.0008170854
18.6 0.005084436
18.61 0.008881735
18.62 0.01143897
18.63 0.01186934
18.64 0.01028827
18.65 0.008073173
18.66 0.003557144
18.67 -0.002927254
18.68 -0.009474789
18.69 -0.0144415
18.7 -0.01709177
18.71 -0.01737542
18.72 -0.01613298
18.73 -0.01357203
18.74 -0.01069217
18.75 -0.007515813
18.76 -0.002507872
18.77 0.004336322
18.78 0.009691729
18.79 0.01213989
18.8 0.01315554
18.81 0.01397763
18.82 0.0132697
18.83 0.01162653
18.84 0.00822513
18.85 0.00423476
18.86 0.001902303
18.87 0.001515792
18.88 0.001764251
18.89 0.002039592
18.9 0.004385148
18.91 0.008601639
18.92 0.01340078
18.93 0.01813738
18.94 0.0221391
18.95 0.0260104
18.96 0.02874742
18.97 0.02961152
18.98 0.02941716
18.99 0.02939433
19 0.02958331
19.01 0.02962322
19.02 0.02959964
19.03 0.02965757
19.04 0.02967348
19.05 0.0288007
19.06 0.02647042
19.07 0.0250179
19.08 0.02516469
19.09 0.02539141
19.1 0.02607987
19.11 0.02841886
19.12 0.03017661
19.13 0.03021629
19.14 0.02919824
19.15 0.02529385
19.16 0.01880651
19.17 0.01208252
19.18 0.00561912
19.19 -0.0001737861
19.2 -0.002106826
19.21 -0.002117424
19.22 -0.003251559
19.23 -0.002942704
19.24 -0.001210334
19.25 1.806016e-05
19.26 -0.001656627
19.27 -0.00667853
19.28 -0.01239247
19.29 -0.01768382
19.3 -0.02272826
19.31 -0.02637423
19.32 -0.02823114
19.33 -0.02847508
19.34 -0.02803729
19.35 -0.02560313
19.36 -0.02335449
19.37 -0.02334883
19.38 -0.02365297
19.39 -0.02342527
19.4 -0.02188873
19.41 -0.01944425
19.42 -0.01847244
19.43 -0.01721367
19.44 -0.01454797
19.45 -0.01343236
19.46 -0.01089139
19.47 -0.00697318
19.48 -0.004780422
19.49 -0.003827133
19.5 -0.003769881
19.51 -0.004662912
19.52 -0.004884123
19.53 -0.004685206
19.54 -0.004609042
19.55 -0.004288893
19.56 -0.001779487
19.57 0.0003709033
19.58 0.00139819
19.59 0.003963905
19.6 0.005205013
19.61 0.006279401
19.62 0.0086214
19.63 0.009604974
19.64 0.009333911
19.65 0.009519842
19.66 0.01206957
19.67 0.01434875
19.68 0.01422116
19.69 0.01307064
19.7 0.009903883
19.71 0.004537331
19.72 -0.0009302087
19.73 -0.004848336
19.74 -0.007998362
19.75 -0.008802562
19.76 -0.007281174
19.77 -0.004185776
19.78 0.00123684
19.79 0.007436898
19.8 0.01098417
19.81 0.01113709
19.82 0.008393669
19.83 0.003837877
19.84 -0.001088871
19.85 -0.003723139
19.86 -0.003838792
19.87 -0.003212382
19.88 -0.0007592041
19.89 0.001344113
19.9 0.002433064
19.91 0.00497776
19.92 0.006064868
19.93 0.005517374
19.94 0.00410462
19.95 0.002233773
19.96 -0.001169204
19.97 -0.004441237
19.98 -0.006957488
19.99 -0.009502331
20 -0.01187462
20.01 -0.0125346
20.02 -0.01125419
20.03 -0.008753945
20.04 -0.007101534
20.05 -0.005555388
20.06 -0.003394453
20.07 -0.00261912
20.08 -0.001838397
20.09 0.0007154013
20.1 0.003779047
20.11 0.006489722
20.12 0.009167371
20.13 0.01090625
20.14 0.009973025
20.15 0.008304897
20.16 0.006925849
20.17 0.005175837
20.18 0.002404123
20.19 0.0005511775
20.2 -0.0007550453
20.21 -0.003379973
20.22 -0.005597883
20.23 -0.008183461
20.24 -0.011336
20.25 -0.01173872
20.26 -0.009757358
20.27 -0.007315426
20.28 -0.006507859
20.29 -0.006682306
20.3 -0.005622512
20.31 -0.003100569
20.32 -0.001850484
20.33 -0.00156579
20.34 -0.0003115132
20.35 -0.0004846294
20.36 -0.002146766
20.37 -0.003896823
20.38 -0.005934769
20.39 -0.006724718
20.4 -0.006502698
20.41 -0.006647637
20.42 -0.009046369
20.43 -0.01119439
20.44 -0.01110792
20.45 -0.0107523
20.46 -0.01080436
20.47 -0.01081459
20.48 -0.01025026
20.49 -0.007441838
20.5 -0.004986914
20.51 -0.003015728
20.52 -0.001467801
20.53 -0.00130081
20.54 -0.00116847
20.55 0.0007805029
20.56 0.003088265
20.57 0.004445812
20.58 0.005443247
20.59 0.005632829
20.6 0.005489981
20.61 0.004818473
20.62 0.00187545
20.63 -0.001241608
20.64 -0.001335925
20.65 0.0008103668
20.66 0.003128746
20.67 0.003698065
20.68 0.002431679
20.69 2.131112e-05
20.7 -0.001208634
20.71 -0.001007985
20.72 0.0005098183
20.73 0.003277423
20.74 0.004156633
20.75 0.003570284
20.76 0.001848436
20.77 -0.0003533665
20.78 -0.001645331
20.79 -0.00264436
20.8 -0.001873058
20.81 -0.0001950619
20.82 0.001283416
20.83 0.001910125
20.84 0.002675384
20.85 0.003999013
20.86 0.004299083
20.87 0.004110319
20.88 0.004191027
20.89 0.004248494
20.9 0.004123184
20.91 0.003081351
20.92 0.001683276
20.93 0.0003125485
20.94 0.000285409
20.95 0.002718341
20.96 0.004821427
20.97 0.00624189
20.98 0.008729402
20.99 0.01114794
21 0.01237657
21.01 0.01350333
21.02 0.01368852
21.03 0.01210265
21.04 0.009702312
21.05 0.00833753
21.06 0.005678284
21.07 0.001627054
21.08 -0.0003124765
21.09 -0.001199101
21.1 -0.001485627
21.11 0.000599496
21.12 0.003737245
21.13 0.00655649
21.14 0.009141804
21.15 0.01184119
21.16 0.0145689
21.17 0.0172622
21.18 0.01907893
21.19 0.02036739
21.2 0.02127726
21.21 0.02089551
21.22 0.01865052
21.23 0.01401778
21.24 0.006596136
21.25 0.0007421053
21.26 -0.002963029
21.27 -0.006122694
21.28 -0.008121453
21.29 -0.009261527
21.3 -0.01143446
21.31 -0.01428863
21.32 -0.01662311
21.33 -0.01778332
21.34 -0.01823156
21.35 -0.016247
21.36 -0.01187337
21.37 -0.006658076
21.38 -0.002476425
21.39 0.0008951487
21.4 0.002695649
21.41 0.004605319
21.42 0.00464456
21.43 0.001978237
21.44 -0.0008937988
21.45 -0.003463885
21.46 -0.005119457
21.47 -0.004141786
21.48 -0.001190978
21.49 0.001707725
21.5 0.004295071
21.51 0.006905019
21.52 0.009541434
21.53 0.01110941
21.54 0.01120414
21.55 0.01101858
21.56 0.01105084
21.57 0.01038299
21.58 0.009007457
21.59 0.008529167
21.6 0.007523406
21.61 0.006566107
21.62 0.006637622
21.63 0.006828847
21.64 0.00679044
21.65 0.006805941
21.66 0.006865059
21.67 0.006355794
21.68 0.004240149
21.69 0.001346886
21.7 -0.001173187
21.71 -0.002258844
21.72 -0.002099315
21.73 -0.001389427
21.74 3.418819e-05
21.75 0.001408234
21.76 0.001695332
21.77 0.001971851
21.78 0.002311096
21.79 0.001010001
21.8 0.0002249181
21.81 -0.0006435727
21.82 -0.00314847
21.83 -0.006059246
21.84 -0.008150295
21.85 -0.008565983
21.86 -0.008396557
21.87 -0.009405786
21.88 -0.01063344
21.89 -0.0106961
21.9 -0.01044007
21.91 -0.00962573
21.92 -0.007357271
21.93 -0.005634201
21.94 -0.005582329
21.95 -0.005819549
21.96 -0.005745216
21.97 -0.005560907
21.98 -0.004545591
21.99 -0.003084755
22 -0.001654973
22.01 -0.0009023153
22.02 -0.000281993
22.03 0.001122538
22.04 0.001822065
22.05 0.003114016
22.06 0.005471403
22.07 0.006399759
22.08 0.006925929
22.09 0.008192105
22.1 0.008778322
22.11 0.01023565
22.12 0.01364063
22.13 0.0180143
22.14 0.02123473
22.15 0.02369689
22.16 0.02609071
22.17 0.02709062
22.18 0.02689558
22.19 0.02672808
22.2 0.02567164
22.21 0.02186543
22.22 0.01627786
22.23 0.0108592
22.24 0.006287888
22.25 0.003271376
22.26 0.000971077
22.27 -0.0002414985
22.28 -0.0001730634
22.29 -0.0005043846
22.3 -0.001964441
22.31 -0.003459513
22.32 -0.005595365
22.33 -0.007204112
22.34 -0.008440791
22.35 -0.009060904
22.36 -0.008221577
22.37 -0.006599746
22.38 -0.005166626
22.39 -0.004171629
22.4 -0.004064407
22.41 -0.004194108
22.42 -0.004148969
22.43 -0.004299585
22.44 -0.006633474
22.45 -0.008849791
22.46 -0.009322353
22.47 -0.01032818
22.48 -0.0109363
22.49 -0.01071682
22.5 -0.01051556
22.51 -0.01056299
22.52 -0.01114353
22.53 -0.01250559
22.54 -0.01287144
22.55 -0.0115293
22.56 -0.009881084
22.57 -0.008423378
22.58 -0.007150731
22.59 -0.004871634
22.6 -0.0009748883
22.61 0.003043109
22.62 0.005809179
22.63 0.008370924
22.64 0.01048473
22.65 0.01186777
22.66 0.01408458
22.67 0.01595791
22.68 0.01683733
22.69 0.01680326
22.7 0.01553871
22.71 0.01395197
22.72 0.01130534
22.73 0.007570007
22.74 0.005436047
22.75 0.003759463
22.76 0.001193587
22.77 -0.0006533563
22.78 -0.001807924
22.79 -0.002638256
22.8 -0.002633601
22.81 -0.002381729
22.82 -0.002351077
22.83 -0.002274085
22.84 -0.0005535517
22.85 0.003780369
22.86 0.007005104
22.87 0.007960059
22.88 0.007873018
22.89 0.005536837
22.9 0.001473006
22.91 -0.002174355
22.92 -0.004688779
22.93 -0.006344273
22.94 -0.006578238
22.95 -0.006346616
22.96 -0.006291601
22.97 -0.005849052
22.98 -0.004361993
22.99 -0.002872223
23 -0.001648813
23.01 -0.001442802
23.02 -0.001557011
23.03 -0.001053648
23.04 0.001123392
23.05 0.004188687
23.06 0.00780938
23.07 0.01028352
23.08 0.01041139
23.09 0.01009442
23.1 0.009448301
23.11 0.007179097
23.12 0.004431017
23.13 0.003004789
23.14 0.001475259
23.15 -0.0006323993
23.16 -0.001988434
23.17 -0.004916927
23.18 -0.009376191
23.19 -0.01472956
23.2 -0.01920896
23.21 -0.0216701
23.22 -0.02323776
23.23 -0.02441068
23.24 -0.02448505
23.25 -0.02309872
23.26 -0.02099893
23.27 -0.01836739
23.28 -0.0155335
23.29 -0.01192712
23.3 -0.00921851
23.31 -0.009092261
23.32 -0.009372276
23.33 -0.009239621
23.34 -0.009169028
23.35 -0.009001846
23.36 -0.00752327
23.37 -0.004300297
23.38 2.114237e-05
23.39 0.003443193
23.4 0.006753478
23.41 0.009418155
23.42 0.01000004
23.43 0.01143422
23.44 0.0130656
23.45 0.01141543
23.46 0.009307242
23.47 0.009021653
23.48 0.008170045
23.49 0.006748638
23.5 0.005474049
23.51 0.00683208
23.52 0.009650787
23.53 0.01017592
23.54 0.00971848
23.55 0.009253761
23.56 0.007322731
23.57 0.004430997
23.58 0.001709224
23.59 -0.001119125
23.6 -0.005531087
23.61 -0.01099887
23.62 -0.01553881
23.63 -0.01729442
23.64 -0.01692755
23.65 -0.01513307
23.66 -0.01233381
23.67 -0.01010986
23.68 -0.008871599
23.69 -0.006635787
23.7 -0.003868132
23.71 -0.002380109
23.72 -0.0006898388
23.73 0.001400845
23.74 0.002762163
23.75 0.003683018
23.76 0.002751138
23.77 0.001211363
23.78 -0.0006924699
23.79 -0.002646067
23.8 -0.003935125
23.81 -0.004733296
23.82 -0.003589228
23.83 -0.002405355
23.84 -0.002327495
23.85 -0.001564816
23.86 0.001098582
23.87 0.005003962
23.88 0.007895758
23.89 0.01168394
23.9 0.01725243
23.91 0.02102981
23.92 0.02337243
23.93 0.02521696
23.94 0.02498186
23.95 0.02267842
23.96 0.02056397
23.97 0.01840803
23.98 0.01578813
23.99 0.01296598
24 0.01146135
24.01 0.01030218
24.02 0.007713689
24.03 0.006927084
24.04 0.007359712
24.05 0.007466282
24.06 0.006850349
24.07 0.004674381
24.08 0.002739548
24.09 0.001424374
24.1 -0.0007079728
24.11 -0.001794249
24.12 -0.001473294
24.13 -0.00126211
24.14 -0.001352408
24.15 -0.001332333
24.16 -0.001594234
24.17 -0.002941232
24.18 -0.003636399
24.19 -0.002588051
24.2 -0.0009816151
24.21 0.0006825168
24.22 0.003340354
24.23 0.006220658
24.24 0.008098629
24.25 0.008315276
24.26 0.007963458
24.27 0.006553073
24.28 0.003834018
24.29 0.001020771
24.3 -0.001576392
24.31 -0.004189737
24.32 -0.006792581
24.33 -0.00908197
24.34 -0.009980766
24.35 -0.01035003
24.36 -0.01238835
24.37 -0.01428446
24.38 -0.01439291
24.39 -0.01408174
24.4 -0.01359217
24.41 -0.01159111
24.42 -0.00944725
24.43 -0.009127043
24.44 -0.00943382
24.45 -0.009068626
24.46 -0.00760453
24.47 -0.006124135
24.48 -0.004703874
24.49 -0.003335463
24.5 -0.002256446
24.51 -0.002174777
24.52 -0.002848828
24.53 -0.004863979
24.54 -0.008414022
24.55 -0.01247285
24.56 -0.01535365
24.57 -0.01773063
24.58 -0.01982498
24.59 -0.02101855
24.6 -0.02132232
24.61 -0.02019996
24.62 -0.01859561
24.63 -0.01728997
24.64 -0.0158842
24.65 -0.01522842
24.66 -0.01532517
24.67 -0.01535661
24.68 -0.015517
24.69 -0.01676672
24.7 -0.01768455
24.71 -0.01759209
24.72 -0.01732357
24.73 -0.01604004
24.74 -0.01363815
24.75 -0.01206611
24.76 -0.01021999
24.77 -0.007432502
24.78 -0.005555974
24.79 -0.004529442
24.8 -0.004597654
24.81 -0.004133968
24.82 -0.003370532
24.83 -0.003158662
24.84 -0.002180966
24.85 -0.0009612405
24.86 -0.0008655679
24.87 -0.00107454
24.88 -0.001818637
24.89 -0.003121642
24.9 -0.003359558
24.91 -0.002722749
24.92 -0.0007123593
24.93 0.001482694
24.94 0.00267341
24.95 0.002671927
24.96 0.001978554
24.97 0.003132801
24.98 0.004193536
24.99 0.004146622
25 0.005032948
25.01 0.006452237
25.02 0.006654198
25.03 0.006428848
25.04 0.007129174
25.05 0.008696932
25.06 0.01015151
25.07 0.01123359
25.08 0.01137753
25.09 0.01183558
25.1 0.01410711
25.11 0.01613298
25.12 0.0175965
25.13 0.01973881
25.14 0.02072392
25.15 0.02056386
25.16 0.02055797
25.17 0.02066685
25.18 0.02041708
25.19 0.01869495
25.2 0.01645243
25.21 0.01437152
25.22 0.01075722
25.23 0.006250225
25.24 0.002314096
25.25 -0.001573629
25.26 -0.004855984
25.27 -0.006564856
25.28 -0.007610914
25.29 -0.008137377
25.3 -0.006799305
25.31 -0.00516675
25.32 -0.002962162
25.33 -0.001222875
25.34 -0.0002896578
25.35 -0.001402333
25.36 -0.004242412
25.37 -0.006289394
25.38 -0.008463768
25.39 -0.01064874
25.4 -0.01083199
25.41 -0.0103591
25.42 -0.008742578
25.43 -0.005931465
25.44 -0.003851541
25.45 -0.001420414
25.46 0.0008011797
25.47 0.001260568
25.48 0.0008208447
25.49 -0.0006453285
25.5 -0.003404119
25.51 -0.006196317
25.52 -0.007288634
25.53 -0.006254243
25.54 -0.007462172
25.55 -0.009796088
25.56 -0.01097395
25.57 -0.01020665
25.58 -0.007895305
25.59 -0.005717612
25.6 -0.003212219
25.61 -0.00134459
25.62 0.0007547412
25.63 0.001825461
25.64 0.001673653
25.65 0.001521979
25.66 0.001539353
25.67 0.001508213
25.68 0.001484304
25.69 0.001488426
25.7 0.001455289
25.71 0.001560836
25.72 0.002778539
25.73 0.003845304
25.74 0.004377587
25.75 0.0056454
25.76 0.006183819
25.77 0.005948637
25.78 0.005825585
25.79 0.005878973
25.8 0.005893083
25.81 0.005960216
25.82 0.007202162
25.83 0.009642471
25.84 0.0107045
25.85 0.01042255
25.86 0.01035956
25.87 0.01134484
25.88 0.01140642
25.89 0.01031966
25.9 0.01008488
25.91 0.01029479
25.92 0.01029935
25.93 0.01019786
25.94 0.01016627
25.95 0.01022361
25.96 0.009629516
25.97 0.008119656
25.98 0.006487316
25.99 0.004258703
26 0.003107461
26.01 0.003275016
26.02 0.003428958
26.03 0.003314384
26.04 0.003232653
26.05 0.003599246
26.06 0.00501949
26.07 0.005807071
26.08 0.006602129
26.09 0.008728816
26.1 0.008690705
26.11 0.006093055
26.12 0.00500327
26.13 0.004522217
26.14 0.002275697
26.15 0.0005968379
26.16 0.0006776697
26.17 0.0009080263
26.18 0.0007737031
26.19 0.0007427345
26.2 0.0008332982
26.21 0.0008489861
26.22 0.0008284767
26.23 0.0007965601
26.24 -6.186186e-05
26.25 -0.001611718
26.26 -0.003035658
26.27 -0.003874966
26.28 -0.003899318
26.29 -0.005204266
26.3 -0.00805824
26.31 -0.008808713
26.32 -0.008355977
26.33 -0.008357014
26.34 -0.008516739
26.35 -0.008505148
26.36 -0.008478224
26.37 -0.008540002
26.38 -0.008596362
26.39 -0.008593793
26.4 -0.008585937
26.41 -0.008593388
26.42 -0.008804083
26.43 -0.01003346
26.44 -0.01063681
26.45 -0.009178082
26.46 -0.008278802
26.47 -0.007465087
26.48 -0.005150434
26.49 -0.00385934
26.5 -0.004108845
26.51 -0.004299722
26.52 -0.004122728
26.53 -0.003020047
26.54 -0.002086321
26.55 -0.003379551
26.56 -0.003934222
26.57 -0.003131841
26.58 -0.003803715
26.59 -0.004202851
26.6 -0.00280616
26.61 -0.002216313
26.62 -0.003825931
26.63 -0.004622576
26.64 -0.004394261
26.65 -0.00458757
26.66 -0.006399933
26.67 -0.009282751
26.68 -0.01211272
26.69 -0.01461331
26.7 -0.01615253
26.71 -0.01704187
26.72 -0.0165131
26.73 -0.01514694
26.74 -0.01377735
26.75 -0.01334208
26.76 -0.01210217
26.77 -0.009692968
26.78 -0.008717356
26.79 -0.009001747
26.8 -0.009161095
26.81 -0.009129572
26.82 -0.009125848
26.83 -0.009141478
26.84 -0.009169577
26.85 -0.009154348
26.86 -0.008037586
26.87 -0.005338234
26.88 -0.002375591
26.89 0.0002298664
26.9 0.002159787
26.91 0.00441905
26.92 0.007876299
26.93 0.009671072
26.94 0.01070473
26.95 0.01187553
26.96 0.01232642
26.97 0.01023078
26.98 0.008003323
26.99 0.005394926
27 0.003372856
27.01 0.00189164
27.02 0.0007782135
27.03 -4.438546e-05
27.04 -0.0007237956
27.05 -0.002010852
27.06 -0.002741977
27.07 -0.002657843
27.08 -0.002610657
27.09 -0.002669675
27.1 -0.002271822
27.11 -0.0008451305
27.12 -0.0001087324
27.13 0.0005861351
27.14 0.001738728
27.15 0.001999892
27.16 0.002313784
27.17 0.003667643
27.18 0.004286179
27.19 0.004133619
27.2 0.00401418
27.21 0.004019252
27.22 0.003999667
27.23 0.00319125
27.24 0.001743843
27.25 0.001409031
27.26 0.00163939
27.27 0.001227695
27.28 -0.0002205549
27.29 -0.0008496073
27.3 -0.0007006964
27.31 -0.0006400272
27.32 -0.0006942893
27.33 -0.0007207428
27.34 -0.0007125039
27.35 0.0009103432
27.36 0.003658444
27.37 0.004415056
27.38 0.005566798
27.39 0.007858482
27.4 0.00860083
27.41 0.008212651
27.42 0.008281726
27.43 0.009370973
27.44 0.009504102
27.45 0.009944472
27.46 0.01053951
27.47 0.01048433
27.48 0.01052216
27.49 0.011782
27.5 0.01285628
27.51 0.01280297
27.52 0.0125961
27.53 0.01258654
27.54 0.01246355
27.55 0.01090448
27.56 0.00806083
27.57 0.005177428
27.58 0.001823615
27.59 -0.00103758
27.6 -0.00139963
27.61 -0.001030793
27.62 -0.001061163
27.63 -0.001147518
27.64 -0.001129677
27.65 -0.00115779
27.66 -0.001666326
27.67 -0.004240511
27.68 -0.006591963
27.69 -0.008543876
27.7 -0.01117095
27.71 -0.01296046
27.72 -0.01410845
27.73 -0.01490849
27.74 -0.01497898
27.75 -0.01419573
27.76 -0.01269853
27.77 -0.01131421
27.78 -0.01036196
27.79 -0.009883093
27.8 -0.008117448
27.81 -0.005937064
27.82 -0.003706988
27.83 -0.001442923
27.84 -0.001084062
27.85 -0.001393676
27.86 -0.001387724
27.87 -0.001347869
27.88 -0.001423539
27.89 -0.001453525
27.9 -0.001438634
27.91 -0.001466798
27.92 -0.002654547
27.93 -0.005503222
27.94 -0.006686439
27.95 -0.00846011
27.96 -0.0106931
27.97 -0.01093846
27.98 -0.01053685
27.99 -0.009663484
28 -0.007408879
28.01 -0.005973714
28.02 -0.006122028
28.03 -0.006770718
28.04 -0.008081748
28.05 -0.008646014
28.06 -0.008397304
28.07 -0.00718434
28.08 -0.005418997
28.09 -0.001604052
28.1 0.003855059
28.11 0.009222272
28.12 0.01446451
28.13 0.01937103
28.14 0.02177756
28.15 0.02333798
28.16 0.02457707
28.17 0.02358509
28.18 0.0218133
28.19 0.02078006
28.2 0.02084782
28.21 0.02045656
28.22 0.0182525
28.23 0.01601066
28.24 0.01340615
28.25 0.008923649
28.26 0.005883984
28.27 0.00232796
28.28 -0.002457885
28.29 -0.005568476
28.3 -0.006601509
28.31 -0.00650609
28.32 -0.005950467
28.33 -0.003853741
28.34 -0.001812607
28.35 -0.001628063
28.36 -0.001938249
28.37 -0.001909034
28.38 -0.001866479
28.39 -0.002666758
28.4 -0.004961673
28.41 -0.006576485
28.42 -0.006520229
28.43 -0.006283848
28.44 -0.006320001
28.45 -0.005464023
28.46 -0.003053567
28.47 -0.001526942
28.48 -0.0009372447
28.49 0.002675537
28.5 0.00714486
28.51 0.008071968
28.52 0.008283705
28.53 0.00824604
28.54 0.007462941
28.55 0.006664019
28.56 0.004611348
28.57 0.002834808
28.58 0.002730931
28.59 0.002981872
28.6 0.00288429
28.61 0.002792789
28.62 0.002817689
28.63 0.002832876
28.64 0.00282398
28.65 0.002821507
28.66 0.002823668
28.67 0.002823558
28.68 0.00283013
28.69 0.002923488
28.7 0.003029159
28.71 0.003017547
28.72 0.002938356
28.73 0.00291013
28.74 0.002921438
28.75 0.002924201
28.76 0.002920695
28.77 0.002920386
28.78 0.002921012
28.79 0.002920755
28.8 0.003028896
28.81 0.004347544
28.82 0.006851029
28.83 0.007937451
28.84 0.007668539
28.85 0.007530051
28.86 0.007576499
28.87 0.007537879
28.88 0.007508188
28.89 0.007517302
28.9 0.00752221
28.91 0.007519177
28.92 0.007401679
28.93 0.006031885
28.94 0.003644851
28.95 0.002201204
28.96 0.0004698947
28.97 -0.001377561
28.98 -0.00171405
28.99 -0.001660204
29 -0.00289702
29.01 -0.003375728
29.02 -0.00257349
29.03 -0.003177324
29.04 -0.002894203
29.05 -0.002480806
29.06 -0.002071789
29.07 -0.00136899
29.08 -0.001278205
29.09 -0.0014054
29.1 -0.001400954
29.11 -0.00137066
29.12 -0.0009649235
29.13 0.0009668903
29.14 0.003053917
29.15 0.002551004
29.16 0.0009154323
29.17 0.000428085
29.18 -0.0006313831
29.19 -0.001461334
29.2 -0.001456056
29.21 -0.003229233
29.22 -0.005903987
29.23 -0.00623329
29.24 -0.005331174
29.25 -0.003934092
29.26 -0.002610113
29.27 -0.001167192
29.28 0.00128933
29.29 0.003951001
29.3 0.006742111
29.31 0.008135953
29.32 0.007965943
29.33 0.008843809
29.34 0.01103136
29.35 0.00981728
29.36 0.007567243
29.37 0.007478219
29.38 0.006389023
29.39 0.003505119
29.4 0.001898542
29.41 0.002477092
29.42 0.003451031
29.43 0.003443905
29.44 0.003304429
29.45 0.003401279
29.46 0.003630214
29.47 0.004527329
29.48 0.004162477
29.49 0.003323231
29.5 0.003267079
29.51 0.002578481
29.52 0.002359656
29.53 0.003337284
29.54 0.004421887
29.55 0.007052044
29.56 0.008465392
29.57 0.009181688
29.58 0.01136674
29.59 0.01279396
29.6 0.0126521
29.61 0.01244167
29.62 0.01247453
29.63 0.01148767
29.64 0.009085281
29.65 0.007761789
29.66 0.007495206
29.67 0.00565536
29.68 0.003558123
29.69 0.003278156
29.7 0.003596906
29.71 0.00358633
29.72 0.003975969
29.73 0.006103351
29.74 0.008300724
29.75 0.009573732
29.76 0.01073374
29.77 0.01212171
29.78 0.01288982
29.79 0.01286165
29.8 0.01295479
29.81 0.01420952
29.82 0.01633836
29.83 0.01605829
29.84 0.01501751
29.85 0.01508873
29.86 0.01519493
29.87 0.01395016
29.88 0.01242587
29.89 0.01052456
29.9 0.007235091
29.91 0.003859277
29.92 0.001239927
29.93 -0.000723699
29.94 -0.001264015
29.95 -0.002347767
29.96 -0.003810788
29.97 -0.005086846
29.98 -0.005279059
29.99 -0.005340395
30 -0.006676804
30.01 -0.008175029
30.02 -0.009520238
30.03 -0.01080428
30.04 -0.01179911
30.05 -0.01185524
30.06 -0.01170378
30.07 -0.0117232
30.08 -0.01175423
30.09 -0.01174362
30.1 -0.01202793
30.11 -0.01328743
30.12 -0.01402745
30.13 -0.01396575
30.14 -0.01475013
30.15 -0.01486152
30.16 -0.01466707
30.17 -0.01722236
30.18 -0.01878275
30.19 -0.01854945
30.2 -0.01924697
30.21 -0.01925456
30.22 -0.01832637
30.23 -0.01811712
30.24 -0.01734075
30.25 -0.01493201
30.26 -0.0131594
30.27 -0.01167043
30.28 -0.009579281
30.29 -0.008726795
30.3 -0.007166929
30.31 -0.004734701
30.32 -0.005190185
30.33 -0.005316798
30.34 -0.00553594
30.35 -0.008213865
30.36 -0.009599903
30.37 -0.01141389
30.38 -0.01356537
30.39 -0.01365539
30.4 -0.01321582
30.41 -0.01325588
30.42 -0.01334658
30.43 -0.01331971
30.44 -0.01330126
30.45 -0.0133093
30.46 -0.013311
30.47 -0.01322323
30.48 -0.01231486
30.49 -0.01206139
30.5 -0.0116105
30.51 -0.01082414
30.52 -0.01000194
30.53 -0.008634332
30.54 -0.006885028
30.55 -0.004703573
30.56 -0.003841607
30.57 -0.004033417
30.58 -0.004068311
30.59 -0.00393092
30.6 -0.003875925
30.61 -0.003892528
30.62 -0.003897098
30.63 -0.003842083
30.64 -0.002738497
30.65 -0.0002951443
30.66 0.000988483
30.67 0.001262208
30.68 0.003175836
30.69 0.005303264
30.7 0.005573546
30.71 0.005262954
30.72 0.005336931
30.73 0.005452532
30.74 0.005432927
30.75 0.005332282
30.76 0.00414474
30.77 0.001254169
30.78 -0.002551695
30.79 -0.004642071
30.8 -0.006406212
30.81 -0.008136948
30.82 -0.009601372
30.83 -0.01178756
30.84 -0.0128572
30.85 -0.01263337
30.86 -0.01248335
30.87 -0.01255797
30.88 -0.01233926
30.89 -0.01067802
30.9 -0.008333512
30.91 -0.006351256
30.92 -0.002863497
30.93 0.001482864
30.94 0.005584727
30.95 0.009203241
30.96 0.01070531
30.97 0.01038947
30.98 0.009241838
30.99 0.006984076
31 0.005631583
31.01 0.005812213
31.02 0.00604538
31.03 0.005971453
31.04 0.005933621
31.05 0.005960468
31.06 0.006287141
31.07 0.008109949
31.08 0.01039949
31.09 0.010941
31.1 0.01063712
31.11 0.01016069
31.12 0.007681583
31.13 0.0058171
31.14 0.005249813
31.15 0.003267122
31.16 0.001520525
31.17 0.001228823
31.18 -0.0002557887
31.19 -0.002538979
31.2 -0.0031211
31.21 -0.002754484
31.22 -0.003037707
31.23 -0.005705
31.24 -0.008048761
31.25 -0.009814517
31.26 -0.01166636
31.27 -0.01206353
31.28 -0.01199759
31.29 -0.01287033
31.3 -0.01243248
31.31 -0.01149865
31.32 -0.009743843
31.33 -0.006899162
31.34 -0.003953023
31.35 -0.002254703
31.36 -0.002350256
31.37 -0.002575892
31.38 -0.002465347
31.39 -0.002381793
31.4 -0.002389293
31.41 -0.002385758
31.42 -0.001775344
31.43 -0.001102847
31.44 -0.001004703
31.45 -0.0001844479
31.46 0.0005171086
31.47 0.001789678
31.48 0.002499483
31.49 0.002371116
31.5 0.002366779
31.51 0.002448788
31.52 0.003304408
31.53 0.006166931
31.54 0.00764392
31.55 0.007334233
31.56 0.007155151
31.57 0.007289894
31.58 0.006873936
31.59 0.004834125
31.6 0.002934477
31.61 0.002509656
31.62 0.0003740763
31.63 -0.00189032
31.64 -0.002818257
31.65 -0.005177646
31.66 -0.006338132
31.67 -0.006137319
31.68 -0.007097304
31.69 -0.008557236
31.7 -0.009889657
31.71 -0.01028783
31.72 -0.009034743
31.73 -0.006466505
31.74 -0.005097331
31.75 -0.004356738
31.76 -0.001629261
31.77 0.001351811
31.78 0.003767194
31.79 0.004584343
31.8 0.006777817
31.81 0.008595241
31.82 0.008492364
31.83 0.008202554
31.84 0.008367089
31.85 0.008522178
31.86 0.008495426
31.87 0.008459944
31.88 0.008499697
31.89 0.00944778
31.9 0.01166635
31.91 0.01300925
31.92 0.01357639
31.93 0.01604702
31.94 0.01748151
31.95 0.01711249
31.96 0.01685071
31.97 0.01645065
31.98 0.01384968
31.99 0.01158933
32 0.00979154
32.01 0.008094679
32.02 0.00662394
32.03 0.004522694
32.04 0.003494955
32.05 0.003171053
32.06 0.002661672
32.07 0.003398201
32.08 0.004058225
32.09 0.005086549
32.1 0.006307869
32.11 0.007505455
32.12 0.007956811
32.13 0.008641808
32.14 0.009715486
32.15 0.009828132
32.16 0.00920861
32.17 0.00787324
32.18 0.006562279
32.19 0.004587054
32.2 0.00300974
32.21 0.001835474
32.22 0.0007093114
32.23 -0.0005796608
32.24 -0.001003427
32.25 -0.0006593603
32.26 0.0004151405
32.27 0.001298979
32.28 0.001286859
32.29 0.001151934
32.3 0.001208217
32.31 0.001223421
32.32 0.001186528
32.33 0.001199083
32.34 0.0006982384
32.35 -0.0006618793
32.36 -0.002662567
32.37 -0.004779466
32.38 -0.006031908
32.39 -0.006798678
32.4 -0.007362094
32.41 -0.006605905
32.42 -0.006000995
32.43 -0.005884155
32.44 -0.004803795
32.45 -0.003834165
32.46 -0.002829767
32.47 -0.0005636269
32.48 0.00181007
32.49 0.003524436
32.5 0.003650681
32.51 0.003368804
32.52 0.003863866
32.53 0.004941362
32.54 0.005037955
32.55 0.003848322
32.56 0.002945716
32.57 0.00295929
32.58 0.002461491
32.59 0.001335947
32.6 0.0009567192
32.61 0.0001487155
32.62 -0.0006239861
32.63 -0.0006000496
32.64 8.232018e-05
32.65 0.0003943993
32.66 0.000503117
32.67 0.001063961
32.68 0.001168035
32.69 0.001013421
32.7 0.0003981778
32.71 -0.000634044
32.72 -0.001694037
32.73 -0.002295341
32.74 -0.002243375
32.75 -0.002170926
32.76 -0.002822304
32.77 -0.003685905
32.78 -0.003736458
32.79 -0.003540923
32.8 -0.003504359
32.81 -0.003547494
32.82 -0.004220286
32.83 -0.004792091
32.84 -0.003804093
32.85 -0.002558648
32.86 -0.001098702
32.87 0.0007050404
32.88 0.002476486
32.89 0.00417498
32.9 0.005502264
32.91 0.005750181
32.92 0.006035898
32.93 0.006780137
32.94 0.00736824
32.95 0.006861431
32.96 0.00616177
32.97 0.00604292
32.98 0.006011216
32.99 0.005668544
33 0.004634768
33.01 0.003986916
33.02 0.003959814
33.03 0.003902514
33.04 0.003757165
33.05 0.003436601
33.06 0.002799087
33.07 0.002686994
33.08 0.002619926
33.09 0.002375938
33.1 0.001624845
33.11 0.0004312317
33.12 -0.0008277871
33.13 -0.001546301
33.14 -0.002162519
33.15 -0.002954247
33.16 -0.00366602
33.17 -0.004384273
33.18 -0.005001156
33.19 -0.005547375
33.2 -0.005605008
33.21 -0.00560358
33.22 -0.005978272
33.23 -0.005599367
33.24 -0.005518785
33.25 -0.006168398
33.26 -0.006717703
33.27 -0.006374839
33.28 -0.005779638
33.29 -0.005656729
33.3 -0.005573387
33.31 -0.004925452
33.32 -0.004142081
33.33 -0.003447447
33.34 -0.003069384
33.35 -0.002745969
33.36 -0.002539188
33.37 -0.002904209
33.38 -0.00302564
33.39 -0.002877813
33.4 -0.003072784
33.41 -0.003924579
33.42 -0.004531895
33.43 -0.004436745
33.44 -0.004223179
33.45 -0.004128917
33.46 -0.004024194
33.47 -0.003569046
33.48 -0.002601815
33.49 -0.001970859
33.5 -0.00193191
33.51 -0.001959662
33.52 -0.001907354
33.53 -0.002146219
33.54 -0.002591926
33.55 -0.002973805
33.56 -0.003127059
33.57 -0.003006331
33.58 -0.002866254
33.59 -0.002771946
33.6 -0.002673754
33.61 -0.002567015
33.62 -0.002463838
33.63 -0.002363299
33.64 -0.002262832
33.65 -0.00209554
33.66 -0.001352429
33.67 -0.0006918074
33.68 -0.0005316386
33.69 -0.000231699
33.7 0.0001443056
33.71 0.0004120315
33.72 0.0004760091
33.73 0.0006515283
33.74 0.000541821
33.75 0.000344446
33.76 0.0003089958
33.77 6.583207e-05
33.78 -0.0004357733
33.79 -0.0006274296
33.8 -0.0005359587
33.81 -0.0004775569
33.82 -0.0004652411
33.83 -0.0004378513
33.84 -0.0004012178
33.85 -0.0002948733
33.86 -0.0001202034
33.87 -0.0002167022
33.88 -0.0001737072
33.89 3.763789e-05
33.9 -8.328818e-05
33.91 -0.0001975446
33.92 2.191425e-05
33.93 0.0001558496
33.94 0.0001178578
33.95 -1.874106e-05
33.96 -0.0001303419
33.97 -0.0001642081
33.98 -0.0003473206
33.99 -0.0005392284
34 -0.0006103442
34.01 -0.0006706242
34.02 -0.0007243433
34.03 -0.0006007597
34.04 -0.0003860801
34.05 -0.0001995656
34.06 -0.0001180703
34.07 -1.520107e-06
34.08 0.0001294116
34.09 0.0001653382
34.1 0.0001734629
34.11 0.0001488853
34.12 0.0001469141
34.13 0.0002424226
34.14 0.0002934779
34.15 0.0003021948
34.16 0.000319406
34.17 0.0003423017
34.18 0.0003615502
34.19 0.0003832626
34.2 0.0004048656
34.21 0.0004204162
34.22 0.0004326871
34.23 0.0004131072
34.24 0.0003722133
34.25 0.0003878994
34.26 0.000464365
34.27 0.0005139025
34.28 0.0005180264
34.29 0.0005213901
34.3 0.0005313317
34.31 0.0005391915
34.32 0.0005450056
34.33 0.000551168
34.34 0.0005576526
34.35 0.0005622427
34.36 0.0005619246
34.37 0.0005412649
34.38 0.0005208578
34.39 0.0005154478
34.4 0.0005265182
34.41 0.0005232123
34.42 0.0005272024
34.43 0.0005521704
34.44 0.0005692596
34.45 0.0005761891
34.46 0.0005880207
34.47 0.0005905956
34.48 0.0005945413
34.49 0.000597438
34.5 0.0005934282
34.51 0.0005888984
34.52 0.0005744023
34.53 0.000567572
34.54 0.0005641065
34.55 0.000547875
34.56 0.0005324432
34.57 0.0005235508
34.58 0.0005151035
34.59 0.0005088129
34.6 0.0005018279
34.61 0.0004914862
34.62 0.0004823505
34.63 0.0004731231
34.64 0.0004626537
34.65 0.0004498697
34.66 0.0004380862
34.67 0.0004257929
34.68 0.0004127289
34.69 0.0003995386
34.7 0.0003852723
34.71 0.0003718028
34.72 0.0003585232
34.73 0.0003456205
34.74 0.0003329191
34.75 0.0003208929
34.76 0.0003095225
34.77 0.0002984031
34.78 0.0002873992
34.79 0.0002768164
34.8 0.0002664407
34.81 0.0002557536
34.82 0.0002450216
34.83 0.0002343047
34.84 0.0002234173
34.85 0.0002124744
34.86 0.0002015127
34.87 0.0001905861
34.88 0.0001796801
34.89 0.0001688119
34.9 0.0001579958
34.91 0.0001472178
34.92 0.0001364765
34.93 0.000125766
34.94 0.0001150843
34.95 0.0001044281
34.96 9.379799e-05
34.97 8.319552e-05
34.98 7.262282e-05
