0 -0.004923288
0.02 -0.001589956
0.04 0.001222153
0.06 0.0001011497
0.08 -0.000358901
0.1 -0.0001314669
0.12 -0.0007373796
0.14 0.0008038125
0.16 0.001439249
0.18 0.001084262
0.2 0.0009271584
0.22 0.0007047697
0.24 0.001025032
0.26 -0.001298557
0.28 -0.001456688
0.3 -0.002008546
0.32 -0.0001460577
0.34 0.001424723
0.36 0.002768036
0.38 0.002786387
0.4 0.0004046638
0.42 0.0007595951
0.44 -9.0086e-05
0.46 -0.0007051763
0.48 -0.002681968
0.5 -0.000854162
0.52 0.0008757261
0.54 0.002253726
0.56 0.003461401
0.58 0.001467286
0.6 -0.0003993357
0.62 -0.0003912108
0.64 -0.0005166889
0.66 -0.003212571
0.68 -0.004022482
0.7 -0.003457433
0.72 -0.002743464
0.74 -0.001829562
0.76 -0.001052357
0.78 0.001082481
0.8 0.003644708
0.82 0.003003112
0.84 0.00257776
0.86 0.001513881
0.88 0.0008712645
0.9 0.0004826211
0.92 -0.0008087053
0.94 -0.003558667
0.96 -0.005382471
0.98 -0.004693991
1 -0.002831515
1.02 0.0003365864
1.04 0.00267848
1.06 0.005303956
1.08 0.004929621
1.1 0.00333739
1.12 0.003091563
1.14 0.001270839
1.16 -0.0005927057
1.18 -0.003192719
1.2 -0.005012427
1.22 -0.005940663
1.24 -0.005813212
1.26 -0.004226145
1.28 0.0001465626
1.3 0.003842034
1.32 0.003005617
1.34 0.003276929
1.36 0.004739595
1.38 0.003957247
1.4 0.002541483
1.42 0.0006718028
1.44 0.0006707666
1.46 0.0005554961
1.48 -0.002743178
1.5 -0.008892796
1.52 -0.01166012
1.54 -0.007962667
1.56 -0.002336419
1.58 0.00460572
1.6 0.008396049
1.62 0.008991719
1.64 0.006677362
1.66 0.002230147
1.68 0.0007531707
1.7 0.0002870136
1.72 -0.002338477
1.74 -0.004066404
1.76 -0.005050742
1.78 -0.001925493
1.8 -0.0003118639
1.82 -0.001206424
1.84 0.0008937231
1.86 0.003021448
1.88 0.001724009
1.9 0.0006703305
1.92 0.0005326097
1.94 0.0009324312
1.96 0.0003704033
1.98 -0.0003844144
2 -0.001046409
2.02 -0.001637017
2.04 0.0004662016
2.06 0.0001479538
2.08 -0.0001468475
2.1 0.0007150252
2.12 0.004042252
2.14 0.004303385
2.16 0.002519413
2.18 -0.001074062
2.2 -0.003593491
2.22 -0.0035456
2.24 -0.003906712
2.26 -0.00246547
2.28 -0.0001980449
2.3 0.003209776
2.32 0.002677351
2.34 -0.0004785525
2.36 0.0009055456
2.38 0.003500426
2.4 0.005022273
2.42 0.003373953
2.44 0.0005006091
2.46 -0.0007152642
2.48 -0.001242622
2.5 -0.001251828
2.52 -0.001879139
2.54 -0.002563605
2.56 -0.00348265
2.58 -0.001418169
2.6 0.0002056497
2.62 0.00190701
2.64 0.001794801
2.66 0.001641793
2.68 0.0005279385
2.7 0.0005891245
2.72 0.001217433
2.74 0.00136736
2.76 0.00091345
2.78 0.001159251
2.8 0.001275534
2.82 -0.002242474
2.84 -0.001658044
2.86 -0.001221506
2.88 -0.0004626365
2.9 -0.002123204
2.92 -0.002236445
2.94 -0.002543484
2.96 -0.0005290257
2.98 0.004601572
3 0.006275412
3.02 0.003512246
3.04 -0.0001210046
3.06 -0.002239576
3.08 -0.00361661
3.1 -0.002120305
3.12 -0.0001333633
3.14 0.002015777
3.16 0.0006591947
3.18 -0.002114211
3.2 -0.005029388
3.22 -0.00555368
3.24 -0.006091241
3.26 -0.005537416
3.28 -0.0008678932
3.3 0.003026478
3.32 0.00363746
3.34 0.002027908
3.36 -0.001133093
3.38 -1.724632e-05
3.4 0.001554557
3.42 0.002092089
3.44 0.003459904
3.46 0.00306415
3.48 0.0006110518
3.5 -0.001724784
3.52 -0.0007935637
3.54 0.002647901
3.56 0.006082241
3.58 0.005735476
3.6 0.001774838
3.62 -0.002417395
3.64 -0.003216079
3.66 -0.004868517
3.68 -0.004576852
3.7 -0.0005529491
3.72 -0.001393424
3.74 -0.004263718
3.76 -0.0067689
3.78 -0.003728353
3.8 0.007544626
3.82 0.01326291
3.84 0.01136066
3.86 0.007161255
3.88 0.001641041
3.9 -0.004211772
3.92 -0.004878881
3.94 -0.002948043
3.96 -0.003060253
3.98 -0.002938903
4 -0.001173307
4.02 0.002155962
4.04 0.005614783
4.06 0.005666826
4.08 0.00485797
4.1 0.003988929
4.12 -0.000243048
4.14 -0.001141715
4.16 -0.003000162
4.18 -0.002668693
4.2 -0.002489166
4.22 -0.005191176
4.24 -0.0055992
4.26 -0.004826064
4.28 -0.002872793
4.3 -0.001957866
4.32 -0.0005655859
4.34 0.001425458
4.36 0.0008695649
4.38 -0.0009613573
4.4 0.000752207
4.42 0.002779964
4.44 0.003866274
4.46 0.002867715
4.48 -0.001106194
4.5 -0.006652996
4.52 -0.007098795
4.54 -0.003306484
4.56 0.003231686
4.58 0.009804579
4.6 0.01440383
4.62 0.009948568
4.64 -0.001378491
4.66 -0.009382492
4.68 -0.01441218
4.7 -0.01282313
4.72 -0.006467579
4.74 0.0003450129
4.76 0.002145356
4.78 -0.001270607
4.8 -0.007641545
4.82 -0.01102495
4.84 -0.007292877
4.86 0.0008007974
4.88 0.007183949
4.9 0.01144657
4.92 0.01193929
4.94 0.009045613
4.96 0.004804485
4.98 -0.0006841704
5 -0.002950645
5.02 -0.004207353
5.04 0.000209186
5.06 0.005726393
5.08 0.00458202
5.1 -0.000259931
5.12 -0.003953387
5.14 -0.005415073
5.16 -0.002031764
5.18 0.001902369
5.2 0.003796512
5.22 0.001618812
5.24 -0.003879999
5.26 -0.008308894
5.28 -0.009198378
5.3 -0.006284241
5.32 -0.003128398
5.34 0.001874701
5.36 0.006419814
5.38 0.007678512
5.4 0.005212167
5.42 0.001749265
5.44 -0.0007915649
5.46 -0.002803029
5.48 -0.0009813322
5.5 0.001337128
5.52 0.0003966983
5.54 -0.002048256
5.56 -0.001449564
5.58 0.001294219
5.6 0.005218132
5.62 0.00790072
5.64 0.009568427
5.66 0.008497448
5.68 0.00492544
5.7 0.0007689283
5.72 -0.003202942
5.74 -0.005554111
5.76 -0.003924185
5.78 0.0009728446
5.8 0.0006372774
5.82 -0.002714451
5.84 -0.004176122
5.86 -0.007091302
5.88 -0.007456511
5.9 -0.004954491
5.92 -0.0004430701
5.94 0.00495377
5.96 0.006401157
5.98 0.006312437
6 0.006093148
6.02 0.003831817
6.04 0.0001210575
6.06 -0.001429371
6.08 -0.002090344
6.1 -0.002647273
6.12 -0.004748492
6.14 -0.004627154
6.16 -0.003623511
6.18 0.0005656015
6.2 0.003856129
6.22 0.002794324
6.24 0.002559717
6.26 0.00089099
6.28 -0.0007787616
6.3 -0.0009756505
6.32 0.001941525
6.34 0.005616605
6.36 0.005161737
6.38 0.0006859836
6.4 -0.0045752
6.42 -0.008002437
6.44 -0.007329287
6.46 -0.003657309
6.48 -0.001962085
6.5 -0.0005728447
6.52 0.0005991186
6.54 0.002378003
6.56 0.004845391
6.58 0.00321239
6.6 -0.001115477
6.62 -0.002165101
6.64 0.0007510389
6.66 0.004967718
6.68 0.007157684
6.7 0.004526118
6.72 0.0008745203
6.74 -0.002473152
6.76 -0.00463047
6.78 -0.004614192
6.8 -0.002442639
6.82 -0.001460378
6.84 -0.001350247
6.86 0.0009987976
6.88 0.003566133
6.9 0.005470486
6.92 0.00356414
6.94 -0.0002955413
6.96 -0.003573841
6.98 -0.004414365
7 -0.002451929
7.02 -0.0001375587
7.04 0.002176823
7.06 0.002617467
7.08 0.001581153
7.1 0.001064003
7.12 0.0005234083
7.14 0.0003530473
7.16 0.001720872
7.18 5.419484e-05
7.2 -0.001545181
7.22 -0.0023408
7.24 -0.002523393
7.26 -0.002930387
7.28 -0.004061593
7.3 -0.003610772
7.32 -0.0036363
7.34 -0.001445366
7.36 0.002433691
7.38 0.004261547
7.4 0.005107148
7.42 0.003044731
7.44 -0.0009557099
7.46 -0.002340912
7.48 -0.0008405117
7.5 -0.0007313761
7.52 -0.002043106
7.54 -0.001850349
7.56 -0.001649431
7.58 0.0003181384
7.6 -5.413569e-05
7.62 -0.002661281
7.64 -0.002718418
7.66 -0.003821081
7.68 -0.004055718
7.7 -0.0003887997
7.72 0.003137322
7.74 0.005168173
7.76 0.006123915
7.78 0.006782852
7.8 0.004780613
7.82 0.002314256
7.84 -0.001350593
7.86 -0.00621092
7.88 -0.007958217
7.9 -0.007003535
7.92 -0.006573132
7.94 -0.005621489
7.96 -0.004627038
7.98 -0.0009040538
8 0.001401142
8.02 0.003462564
8.04 0.007204945
8.06 0.008463668
8.08 0.006016716
8.1 0.003521786
8.12 0.002857775
8.14 0.0003118419
8.16 -0.001828134
8.18 -0.002162734
8.2 -0.0008724531
8.22 -0.001013219
8.24 -0.002497321
8.26 -0.00355714
8.28 -0.0007123902
8.3 0.000665649
8.32 0.0005320339
8.34 7.406098e-05
8.36 -0.0004910322
8.38 0.0005044881
8.4 0.001975322
8.42 0.002865783
8.44 0.002610796
8.46 0.0004137159
8.48 -0.002083252
8.5 -0.00351229
8.52 -0.005690013
8.54 -0.006428532
8.56 -0.006265383
8.58 -0.003480815
8.6 0.0007919212
8.62 0.00537074
8.64 0.006943615
8.66 0.005890992
8.68 0.003775546
8.7 -0.0004799064
8.72 -0.001432623
8.74 -0.001533628
8.76 0.0002747877
8.78 0.003151191
8.8 0.003605098
8.82 0.003874366
8.84 0.00451595
8.86 0.004666926
8.88 0.003862162
8.9 0.002210768
8.92 0.004375187
8.94 0.005745097
8.96 0.003666368
8.98 -3.626799e-05
9 -0.005086287
9.02 -0.008180008
9.04 -0.007801635
9.06 -0.002216137
9.08 0.0005756218
9.1 0.001146846
9.12 -0.003217705
9.14 -0.006017641
9.16 -0.00631855
9.18 -0.007890423
9.2 -0.005760716
9.22 -0.00274868
9.24 0.001759699
9.26 0.002768515
9.28 0.003946601
9.3 0.005851967
9.32 0.005441933
9.34 0.006106988
9.36 0.005464411
9.38 0.005012551
9.4 0.00444035
9.42 0.002280009
9.44 -0.001873412
9.46 -0.006490993
9.48 -0.00887784
9.5 -0.008574992
9.52 -0.003245565
9.54 0.003391582
9.56 0.007603188
9.58 0.008186709
9.6 0.008004153
9.62 0.008083688
9.64 0.00710453
9.66 0.005250173
9.68 0.004068035
9.7 0.001704697
9.72 -0.001560267
9.74 -0.007056049
9.76 -0.01402671
9.78 -0.01924303
9.8 -0.02577922
9.82 -0.02926369
9.84 -0.02834377
9.86 -0.02473408
9.88 -0.02066031
9.9 -0.01603778
9.92 -0.008896895
9.94 0.003527726
9.96 0.02033417
9.98 0.03766514
10 0.05080902
10.02 0.05378153
10.04 0.04645822
10.06 0.03103803
10.08 0.01729667
10.1 0.006595728
10.12 0.000228893
10.14 -0.003311611
10.16 -0.009836511
10.18 -0.01477853
10.2 -0.02070986
10.22 -0.02335915
10.24 -0.02107647
10.26 -0.01650874
10.28 -0.007140109
10.3 0.002884514
10.32 0.00850064
10.34 0.006841159
10.36 -0.002925302
10.38 -0.01245111
10.4 -0.02116092
10.42 -0.02582538
10.44 -0.02500945
10.46 -0.02384363
10.48 -0.02203934
10.5 -0.01784611
10.52 -0.01091636
10.54 0.001410367
10.56 0.01675009
10.58 0.03070781
10.6 0.04132297
10.62 0.04268074
10.64 0.04106105
10.66 0.03703411
10.68 0.03189443
10.7 0.02271043
10.72 0.00641092
10.74 -0.01251323
10.76 -0.02615886
10.78 -0.02672616
10.8 -0.01641307
10.82 0.0007218961
10.84 0.01345154
10.86 0.01455535
10.88 0.007644934
10.9 -0.004412529
10.92 -0.01707782
10.94 -0.02632524
10.96 -0.0325014
10.98 -0.03090517
11 -0.02352659
11.02 -0.01446495
11.04 -0.005266638
11.06 0.003536005
11.08 0.01148384
11.1 0.01565776
11.12 0.01472046
11.14 0.007114373
11.16 -0.00346607
11.18 -0.008417251
11.2 -0.0113498
11.22 -0.009528107
11.24 -0.005384931
11.26 0.0004984119
11.28 0.007950487
11.3 0.01468861
11.32 0.02394
11.34 0.03198793
11.36 0.03901174
11.38 0.04216561
11.4 0.03506152
11.42 0.02039705
11.44 0.004927852
11.46 -0.009148258
11.48 -0.02254694
11.5 -0.0340641
11.52 -0.04069218
11.54 -0.03999238
11.56 -0.03178661
11.58 -0.02270657
11.6 -0.00851339
11.62 0.006095127
11.64 0.01738244
11.66 0.0218849
11.68 0.01754184
11.7 0.006416736
11.72 -0.01122614
11.74 -0.02475348
11.76 -0.03155695
11.78 -0.03285449
11.8 -0.02855427
11.82 -0.02243641
11.84 -0.0198936
11.86 -0.02034031
11.88 -0.01654503
11.9 -0.004059244
11.92 0.01665887
11.94 0.03194064
11.96 0.0415062
11.98 0.04884433
12 0.05429223
12.02 0.05699016
12.04 0.05485447
12.06 0.04499937
12.08 0.03006676
12.1 0.01505945
12.12 0.0002634533
12.14 -0.015968
12.16 -0.03104058
12.18 -0.04229633
12.2 -0.04709449
12.22 -0.04590532
12.24 -0.04375322
12.26 -0.04082587
12.28 -0.0344082
12.3 -0.02020886
12.32 -0.001945857
12.34 0.01407743
12.36 0.02846255
12.38 0.03135451
12.4 0.01849246
12.42 0.004914226
12.44 -0.00732477
12.46 -0.0125412
12.48 -0.01125303
12.5 -0.007069998
12.52 -0.005453352
12.54 -0.002194464
12.56 0.001565212
12.58 0.003157426
12.6 0.01171716
12.62 0.02320656
12.64 0.02995187
12.66 0.03372183
12.68 0.03526218
12.7 0.0307682
12.72 0.02240228
12.74 0.01294994
12.76 0.004786918
12.78 -1.633366e-05
12.8 -0.009262593
12.82 -0.02407201
12.84 -0.0343332
12.86 -0.04137847
12.88 -0.04544524
12.9 -0.0487144
12.92 -0.04706723
12.94 -0.03891961
12.96 -0.02443983
12.98 -0.008427789
13 0.007553477
13.02 0.02236096
13.04 0.03001917
13.06 0.03012435
13.08 0.02294059
13.1 0.01368415
13.12 0.004161422
13.14 -0.0007387328
13.16 0.0002914071
13.18 0.004052123
13.2 0.009569256
13.22 0.01866562
13.24 0.02919204
13.26 0.03323549
13.28 0.03320397
13.3 0.02856399
13.32 0.02015522
13.34 0.0143453
13.36 0.007289064
13.38 -0.002269387
13.4 -0.01556091
13.42 -0.0293587
13.44 -0.04038702
13.46 -0.0463907
13.48 -0.04778518
13.5 -0.04057084
13.52 -0.03027
13.54 -0.0174802
13.56 0.0004625231
13.58 0.01283017
13.6 0.01937969
13.62 0.01099132
13.64 0.001380876
13.66 -0.00435562
13.68 -0.004749472
13.7 0.003624711
13.72 0.01515881
13.74 0.02398612
13.76 0.02343849
13.78 0.01849762
13.8 0.009149395
13.82 0.001251503
13.84 -0.001309726
13.86 -0.004123915
13.88 -0.007701066
13.9 -0.01195248
13.92 -0.01380083
13.94 -0.0115589
13.96 -0.006635472
13.98 0.001670402
14 0.009280553
14.02 0.01926846
14.04 0.02957862
14.06 0.04035224
14.08 0.04342672
14.1 0.03790535
14.12 0.01932428
14.14 -0.007674176
14.16 -0.02872388
14.18 -0.04511138
14.2 -0.05080415
14.22 -0.04567282
14.24 -0.03175305
14.26 -0.0134124
14.28 0.005049512
14.3 0.0211534
14.32 0.03491733
14.34 0.04067133
14.36 0.03815313
14.38 0.03202006
14.4 0.02286772
14.42 0.01360707
14.44 0.001171339
14.46 -0.01067809
14.48 -0.01951638
14.5 -0.02426154
14.52 -0.02667693
14.54 -0.02792455
14.56 -0.02343155
14.58 -0.01597333
14.6 -0.006403733
14.62 0.00168187
14.64 0.005867027
14.66 0.001903391
14.68 -0.00290996
14.7 -0.006722751
14.72 -0.009087134
14.74 -0.009671557
14.76 -0.01263057
14.78 -0.01554165
14.8 -0.01911472
14.82 -0.02444421
14.84 -0.03091515
14.86 -0.03657123
14.88 -0.03584728
14.9 -0.02796071
14.92 -0.003272975
14.94 0.02589915
14.96 0.0521172
14.98 0.0749339
15 0.08586346
15.02 0.08998694
15.04 0.08636123
15.06 0.07249026
15.08 0.04072078
15.1 0.005057476
15.12 -0.03400535
15.14 -0.06160285
15.16 -0.07671639
15.18 -0.08239842
15.2 -0.07560961
15.22 -0.06266282
15.24 -0.04576167
15.26 -0.03375329
15.28 -0.007549784
15.3 0.0200558
15.32 0.03290791
15.34 0.04080738
15.36 0.03792809
15.38 0.03166402
15.4 0.03225672
15.42 0.03629798
15.44 0.03689786
15.46 0.03663469
15.48 0.02714078
15.5 0.002398627
15.52 -0.02382348
15.54 -0.03928583
15.56 -0.03502849
15.58 -0.01665027
15.6 0.002577828
15.62 0.006580438
15.64 -0.008907013
15.66 -0.03331069
15.68 -0.05041211
15.7 -0.05849356
15.72 -0.0613926
15.74 -0.05495047
15.76 -0.03155713
15.78 0.0111962
15.8 0.05345368
15.82 0.08337387
15.84 0.09881495
15.86 0.09974941
15.88 0.08470499
15.9 0.03157139
15.92 -0.02403998
15.94 -0.0508827
15.96 -0.06150827
15.98 -0.05377722
16 -0.0294983
16.02 -0.006527674
16.04 0.001757784
16.06 0.01042179
16.08 0.008526736
16.1 -0.001449852
16.12 -0.004919907
16.14 -0.005407474
16.16 -0.008166587
16.18 -0.008692918
16.2 -0.005987914
16.22 -0.001385674
16.24 0.004033609
16.26 0.0004422591
16.28 -0.005563541
16.3 -0.00438041
16.32 0.005297255
16.34 0.01875721
16.36 0.03042196
16.38 0.03712046
16.4 0.04167081
16.42 0.04112625
16.44 0.03724945
16.46 0.02377748
16.48 -0.002239472
16.5 -0.02744686
16.52 -0.04465434
16.54 -0.05557886
16.56 -0.05273947
16.58 -0.0377742
16.6 -0.01286291
16.62 0.006408164
16.64 0.01479577
16.66 0.01695316
16.68 0.008160903
16.7 -0.0001571695
16.72 -0.01033463
16.74 -0.02302754
16.76 -0.03369167
16.78 -0.03881023
16.8 -0.03697234
16.82 -0.02215479
16.84 -0.00630916
16.86 0.003073933
16.88 0.005842267
16.9 0.002425336
16.92 0.001144176
16.94 0.003396337
16.96 0.01466733
16.98 0.01537223
17 0.01315881
17.02 0.02082315
17.04 0.02290301
17.06 0.02237063
17.08 0.02131909
17.1 0.01710863
17.12 0.01037059
17.14 0.001872959
17.16 -0.007709927
17.18 -0.01288349
17.2 -0.01257245
17.22 -0.01024588
17.24 -0.005651851
17.26 -0.001242384
17.28 0.003217054
17.3 0.008670015
17.32 0.009237175
17.34 0.005726362
17.36 0.00647394
17.38 0.01963702
17.4 0.03279101
17.42 0.04125419
17.44 0.03764468
17.46 0.02523334
17.48 0.01150433
17.5 -0.00555523
17.52 -0.01902737
17.54 -0.02913674
17.56 -0.03321175
17.58 -0.03117914
17.6 -0.02525098
17.62 -0.01903812
17.64 -0.0103498
17.66 -0.005217092
17.68 -0.005327231
17.7 -0.00591781
17.72 -0.00204492
17.74 0.004153641
17.76 0.01158438
17.78 0.01663245
17.8 0.01735372
17.82 0.01361757
17.84 0.005474017
17.86 -0.001373263
17.88 -0.01161295
17.9 -0.02185095
17.92 -0.03020382
17.94 -0.03347588
17.96 -0.03440317
17.98 -0.03057009
18 -0.01685023
18.02 -0.001052389
18.04 0.01039402
18.06 0.01870104
18.08 0.02654079
18.1 0.03026997
18.12 0.0332933
18.14 0.0349591
18.16 0.03329559
18.18 0.03075381
18.2 0.02197178
18.22 0.008195694
18.24 -0.005380492
18.26 -0.01471971
18.28 -0.01710249
18.3 -0.01455768
18.32 -0.01043794
18.34 -0.005047245
18.36 0.001990746
18.38 0.008030239
18.4 0.01131372
18.42 0.007603037
18.44 -0.002227633
18.46 -0.009200403
18.48 -0.01390668
18.5 -0.01692694
18.52 -0.02103142
18.54 -0.02462402
18.56 -0.02992197
18.58 -0.02944357
18.6 -0.01993426
18.62 -0.005802147
18.64 0.009739586
18.66 0.0159138
18.68 0.01638204
18.7 0.01485929
18.72 0.01324464
18.74 0.01494703
18.76 0.0144381
18.78 0.01577946
18.8 0.01346826
18.82 0.009727919
18.84 0.006812883
18.86 -0.005753516
18.88 -0.01551091
18.9 -0.01948489
18.92 -0.01666575
18.94 -0.007772432
18.96 0.002371425
18.98 0.01221654
19 0.01916793
19.02 0.01921506
19.04 0.01179161
19.06 0.00508918
19.08 0.00100924
19.1 -0.005203579
19.12 -0.01164181
19.14 -0.0176446
19.16 -0.01746826
19.18 -0.0119726
19.2 -0.007115374
19.22 -0.003899241
19.24 -0.000880044
19.26 8.084956e-05
19.28 0.001327298
19.3 0.001498714
19.32 0.0001043733
19.34 -0.0001404086
19.36 0.00110499
19.38 0.004640341
19.4 0.007204613
19.42 0.01156824
19.44 0.01218538
19.46 0.01384804
19.48 0.01152455
19.5 0.00870329
19.52 0.005915678
19.54 0.003074965
19.56 -0.0009927283
19.58 -0.006901617
19.6 -0.01011666
19.62 -0.01306754
19.64 -0.01297578
19.66 -0.01193034
19.68 -0.008667377
19.7 -0.009059029
19.72 -0.00595623
19.74 -0.003524506
19.76 -0.003142009
19.78 -0.001976131
19.8 0.0008696469
19.82 0.003984794
19.84 0.006177836
19.86 0.006693004
19.88 0.0004139594
19.9 -0.005844757
19.92 -0.01193215
19.94 -0.01186795
19.96 -0.009194593
19.98 -0.005737829
20 -0.002575847
20.02 0.001246125
20.04 0.005092534
20.06 0.009730534
20.08 0.01336789
20.1 0.01686247
20.12 0.01899437
20.14 0.01628437
20.16 0.01383236
20.18 0.009217894
20.2 0.003655895
20.22 -0.0008096842
20.24 -0.004113443
20.26 -0.008876872
20.28 -0.01145955
20.3 -0.01195941
20.32 -0.01305085
20.34 -0.01235827
20.36 -0.01089768
20.38 -0.009243248
20.4 -0.006850405
20.42 -0.001524962
20.44 0.005116214
20.46 0.01285212
20.48 0.01759218
20.5 0.01405473
20.52 0.00885893
20.54 0.002948014
20.56 -0.002305959
20.58 -0.004675443
20.6 -0.005650534
20.62 -0.006553257
20.64 -0.007302938
20.66 -0.008640159
20.68 -0.005619951
20.7 -0.0006780431
20.72 0.003846698
20.74 0.003389776
20.76 0.001967903
20.78 0.004458766
20.8 0.006499812
20.82 0.009812771
20.84 0.01230162
20.86 0.01158664
20.88 0.004799656
20.9 -0.004901576
20.92 -0.012065
20.94 -0.01868999
20.96 -0.02212844
20.98 -0.02101766
21 -0.01299134
21.02 -0.006254211
21.04 -0.003252352
21.06 -0.001389785
21.08 -0.002011982
21.1 -0.001258194
21.12 0.002194496
21.14 0.009875123
21.16 0.01568303
21.18 0.01564128
21.2 0.012208
21.22 0.008042344
21.24 0.004682496
21.26 0.0007677406
21.28 -0.001506863
21.3 -0.0007918347
21.32 -0.002907315
21.34 -0.001501769
21.36 0.0009951934
21.38 0.003044386
21.4 0.006431819
21.42 0.007833363
21.44 0.006739959
21.46 0.005334394
21.48 0.003581041
21.5 0.003418862
21.52 0.0031996
21.54 0.002087804
21.56 -0.0001133158
21.58 -0.004019931
21.6 -0.005624403
21.62 -0.005721316
21.64 -0.002902049
21.66 -0.0006396854
21.68 0.003131273
21.7 0.003869795
21.72 0.003263955
21.74 0.000999577
21.76 -0.001685069
21.78 -0.001180176
21.8 0.002245994
21.82 0.007060418
21.84 0.009479892
21.86 0.00938914
21.88 0.007653144
21.9 0.003993409
21.92 0.001402633
21.94 -0.00118409
21.96 -0.002641662
21.98 -0.001164703
22 -0.002218325
22.02 -0.004813202
22.04 -0.005719978
22.06 -0.005949491
22.08 -0.009562321
22.1 -0.00978264
22.12 -0.01048134
22.14 -0.009334878
22.16 -0.006803247
22.18 -0.003596358
22.2 -0.0002415617
22.22 0.0002868215
22.24 0.003710984
22.26 0.001439489
22.28 -0.001245141
22.3 -0.003301455
22.32 -0.004442861
22.34 -0.001598077
22.36 2.312414e-06
22.38 0.0001216794
22.4 -0.0005708908
22.42 0.0003471202
22.44 0.0001767897
22.46 0.001944461
22.48 0.003064439
22.5 0.004713797
22.52 0.00582462
22.54 0.003506195
22.56 0.002545389
22.58 -0.001948715
22.6 -0.005062773
22.62 -0.006748848
22.64 -0.008182977
22.66 -0.009114248
22.68 -0.008004531
22.7 -0.004666086
22.72 -0.003467578
22.74 -0.001563213
22.76 -0.001020575
22.78 0.001202009
22.8 0.004311997
22.82 0.005446271
22.84 0.006160289
22.86 0.005797205
22.88 0.006361271
22.9 0.007403707
22.92 0.00987621
22.94 0.01081466
22.96 0.01005889
22.98 0.00735286
23 0.00490389
23.02 0.0007830878
23.04 -0.001501721
23.06 -0.002565579
23.08 -0.005602104
23.1 -0.005618439
23.12 -0.005974403
23.14 -0.006204918
23.16 -0.008740634
23.18 -0.009047689
23.2 -0.008792708
23.22 -0.005195157
23.24 -0.0002899914
23.26 0.002908757
23.28 0.005288435
23.3 0.004989601
23.32 0.005565927
23.34 0.003829927
23.36 0.002161231
23.38 -0.00158522
23.4 -0.005812081
23.42 -0.009574884
23.44 -0.01144356
23.46 -0.00942501
23.48 -0.002324843
23.5 0.0042542
23.52 0.008219976
23.54 0.01089955
23.56 0.01044773
23.58 0.01056815
23.6 0.006093474
23.62 0.002622403
23.64 -0.001275978
23.66 -0.007614315
23.68 -0.01213701
23.7 -0.01411989
23.72 -0.01352728
23.74 -0.01342225
23.76 -0.01175867
23.78 -0.00807035
23.8 -0.001992219
23.82 0.003865682
23.84 0.008923871
23.86 0.01172891
23.88 0.01226853
23.9 0.01173921
23.92 0.009051548
23.94 0.007167619
23.96 0.00429125
23.98 0.001935059
24 -0.00108821
24.02 -0.004003392
24.04 -0.002802869
24.06 -0.001105582
24.08 -0.001976645
24.1 -0.003241446
24.12 -0.003622937
24.14 -0.003003814
24.16 -0.001697196
24.18 -0.001896082
24.2 -0.001791033
24.22 -0.001941991
24.24 -0.0006078609
24.26 0.0009252118
24.28 0.004910309
24.3 0.01049287
24.32 0.0119087
24.34 0.01297252
24.36 0.01190973
24.38 0.009958488
24.4 0.006358977
24.42 0.0005980088
24.44 -0.004664132
24.46 -0.009808053
24.48 -0.01239888
24.5 -0.01114329
24.52 -0.006672668
24.54 -0.001688946
24.56 0.002095268
24.58 0.003333583
24.6 0.002407456
24.62 0.0004419311
24.64 -0.002823075
24.66 -0.006038127
24.68 -0.007717066
24.7 -0.007593673
24.72 -0.006749143
24.74 -0.004262392
24.76 -0.0009586347
24.78 0.001538336
24.8 0.006048769
24.82 0.009022091
24.84 0.01215044
24.86 0.0139345
24.88 0.01362651
24.9 0.01080319
24.92 0.007956387
24.94 0.005844993
24.96 0.006612033
24.98 0.007819694
25 0.008178764
25.02 0.009042727
25.04 0.006849801
25.06 0.002560707
25.08 -0.003324642
25.1 -0.008487949
25.12 -0.01043718
25.14 -0.01098799
25.16 -0.01212224
25.18 -0.01210596
25.2 -0.01254559
25.22 -0.01159599
25.24 -0.01260069
25.26 -0.01344941
25.28 -0.01265386
25.3 -0.01071075
25.32 -0.006633864
25.34 -0.001620542
25.36 0.0009233456
25.38 0.001801594
25.4 0.003504999
25.42 0.002689035
25.44 0.003870161
25.46 0.007933871
25.48 0.009126291
25.5 0.008948858
25.52 0.008650057
25.54 0.004755715
25.56 0.003084943
25.58 0.002186334
25.6 -9.948216e-05
25.62 -0.001887562
25.64 -0.005292318
25.66 -0.005535107
25.68 -0.005708523
25.7 -0.003458417
25.72 -0.001527567
25.74 -0.0003127433
25.76 -0.000374962
25.78 3.100313e-05
25.8 0.002247463
25.82 0.003140996
25.84 0.004699557
25.86 0.004875011
25.88 0.004011072
25.9 0.003517413
25.92 0.00276058
25.94 0.002197537
25.96 0.0007828159
25.98 -0.0004717828
26 -0.001466276
26.02 -0.002203747
26.04 -0.002046677
26.06 -0.0007676191
26.08 0.001568174
26.1 0.003251166
26.12 0.004227329
26.14 0.002691222
26.16 -0.001537663
26.18 -0.004702744
26.2 -0.006442858
26.22 -0.007859693
26.24 -0.007872957
26.26 -0.009600816
26.28 -0.009213253
26.3 -0.007032502
26.32 -0.004622269
26.34 -0.001766255
26.36 0.0006164645
26.38 0.0006705564
26.4 -0.0003994297
26.42 -0.001066502
26.44 -0.001540814
26.46 -0.0009094327
26.48 -0.001397006
26.5 -0.0009176082
26.52 -0.0003943554
26.54 -0.0001566881
26.56 -0.000224012
26.58 -0.0008808982
26.6 0.0009367203
26.62 0.001831271
26.64 0.002556477
26.66 0.002931837
26.68 0.005103395
26.7 0.007058769
26.72 0.007347443
26.74 0.006807871
26.76 0.004657738
26.78 0.001745633
26.8 0.001785393
26.82 0.003034893
26.84 0.004411899
26.86 0.003999857
26.88 0.003194062
26.9 0.001897626
26.92 -0.002148706
26.94 -0.004825211
26.96 -0.008553332
26.98 -0.008170871
27 -0.006397128
27.02 -0.002610912
27.04 0.002129012
27.06 0.006251868
27.08 0.009186425
27.1 0.009893318
27.12 0.01120198
27.14 0.01263103
27.16 0.01014025
27.18 0.006368315
27.2 0.00233118
27.22 -0.002717858
27.24 -0.006601002
27.26 -0.007796489
27.28 -0.009272449
27.3 -0.009088881
27.32 -0.008622765
27.34 -0.008384132
27.36 -0.006869469
27.38 -0.0048254
27.4 -0.0003231532
27.42 0.002183012
27.44 0.004755454
27.46 0.005676556
27.48 0.004740206
27.5 0.005002371
27.52 0.003856937
27.54 0.001660853
27.56 0.001490521
27.58 -0.0006371931
27.6 -0.003791031
27.62 -0.00569641
27.64 -0.007856795
27.66 -0.007710997
27.68 -0.006671664
27.7 -0.003297514
27.72 -0.0004476423
27.74 0.0005142234
27.76 0.002161516
27.78 0.00178005
27.8 0.002324711
27.82 0.003979175
27.84 0.004862501
27.86 0.006199714
27.88 0.006814793
27.9 0.005264417
27.92 0.002977582
27.94 0.001403705
27.96 0.0002898494
27.98 -0.0001059358
28 0.001496461
28.02 0.002329803
28.04 0.002033986
28.06 0.003409963
28.08 0.00381287
28.1 0.004653362
28.12 0.002271692
28.14 0.001311857
28.16 -0.001445186
28.18 -0.003908518
28.2 -0.003347519
28.22 -0.003551541
28.24 -0.002311219
28.26 -0.002569286
28.28 -0.002520321
28.3 -0.004541975
28.32 -0.005942454
28.34 -0.006882905
28.36 -0.007047154
28.38 -0.006290344
28.4 -0.005574337
28.42 -0.004145333
28.44 -0.002471544
28.46 -0.0007793789
28.48 0.003312848
28.5 0.005405914
28.52 0.005831264
28.54 0.005569146
28.56 0.004942871
28.58 0.004322722
28.6 0.001943046
28.62 0.00362092
28.64 0.005007113
28.66 0.004553201
28.68 0.003721911
28.7 0.001725768
28.72 0.001082145
28.74 -0.0007793556
28.76 -0.003664962
28.78 -0.002668477
28.8 -0.001395528
28.82 0.001614492
28.84 0.003157773
28.86 0.003343416
28.88 0.004305285
28.9 0.004456236
28.92 0.005225335
28.94 0.003916694
28.96 0.0006904528
28.98 -0.001539295
29 -0.003688418
29.02 -0.006464899
29.04 -0.007131988
29.06 -0.009564708
29.08 -0.01164247
29.1 -0.01315522
29.12 -0.01245249
29.14 -0.01027989
29.16 -0.00707815
29.18 -0.004095657
29.2 -0.003281706
29.22 -0.002682955
29.24 -0.003209292
29.26 -0.003458197
29.28 -0.001409052
29.3 -0.0007623434
29.32 -0.001638558
29.34 -0.0004665845
29.36 0.0005962281
29.38 0.002118073
29.4 0.004869001
29.42 0.006135907
29.44 0.005952308
29.46 0.006101196
29.48 0.005401484
29.5 0.004110162
29.52 0.003115652
29.54 0.004624225
29.56 0.003866387
29.58 0.001790686
29.6 0.0006544071
29.62 -0.0006287724
29.64 -0.0003901047
29.66 -0.00136728
29.68 -0.0009929754
29.7 0.0004778462
29.72 0.002070047
29.74 0.003384845
29.76 0.002899333
29.78 0.002046594
29.8 0.00113675
29.82 0.0006889636
29.84 -0.001393885
29.86 -0.0005718056
29.88 0.001734418
29.9 0.00120708
29.92 0.001777254
29.94 0.001095897
29.96 0.0001911409
29.98 0.0002992373
30 0.002433051
30.02 0.004313945
30.04 0.004686255
30.06 0.004417007
30.08 0.002002684
30.1 -0.0002423701
30.12 -0.002104895
30.14 -0.00229567
30.16 -0.002817911
30.18 -0.003760414
30.2 -0.002768997
30.22 -0.001643947
30.24 -0.00239364
30.26 -0.003748222
30.28 -0.001609311
30.3 -8.338086e-05
30.32 0.0005857379
30.34 0.0006642875
30.36 -0.0002016956
30.38 -0.001436931
30.4 -0.002684418
30.42 -0.002586519
30.44 -0.001467609
30.46 0.000189885
30.48 0.0009405835
30.5 0.002075846
30.52 0.001846349
30.54 0.001863689
30.56 0.000575436
30.58 -7.84042e-05
30.6 -0.0003017948
30.62 -1.11246e-05
30.64 0.002266526
30.66 0.003171273
30.68 0.004629879
30.7 0.004104634
30.72 0.002845944
30.74 0.003551759
30.76 0.002496055
30.78 0.003478302
30.8 0.004257584
30.82 0.002546006
30.84 0.001701447
30.86 0.0003713505
30.88 0.001037409
30.9 0.001023125
30.92 0.0001887687
30.94 0.0002489366
30.96 -0.0003192058
30.98 0.0009506807
31 0.003148789
31.02 0.00273673
31.04 0.001685122
31.06 -0.0003436674
31.08 -0.003498522
31.1 -0.006103637
31.12 -0.008975965
31.14 -0.01008372
31.16 -0.01017554
31.18 -0.009395304
31.2 -0.007827586
31.22 -0.006199664
31.24 -0.003963835
31.26 -0.003238602
31.28 -0.002125789
31.3 -0.001563758
31.32 -0.001308775
31.34 -0.0005519456
31.36 -0.0004601586
31.38 3.861789e-05
31.4 0.002470287
31.42 0.003274068
31.44 0.003686151
31.46 0.003003788
31.48 0.003261845
31.5 0.003899367
31.52 0.002628456
31.54 0.000946468
31.56 6.008008e-05
31.58 6.2109e-05
31.6 -0.001736156
31.62 -0.001410798
31.64 -0.001654568
31.66 -0.003600752
31.68 -0.002699094
31.7 -0.002413481
31.72 -0.002149321
31.74 -0.00135474
31.76 0.0001395315
31.78 0.002031645
31.8 0.003220936
31.82 0.006255457
31.84 0.007785464
31.86 0.008576986
31.88 0.008244474
31.9 0.009131898
31.92 0.006045418
31.94 0.00409924
31.96 0.002884439
31.98 0.001478873
32 0.0003507686
32.02 -0.001362851
32.04 -0.000868147
32.06 -0.001792276
32.08 -0.0007416763
32.1 -0.0003744733
32.12 -0.0009456729
32.14 -0.001652546
32.16 -0.001547499
32.18 -0.000768224
32.2 -0.0008549234
32.22 0.0002884939
32.24 0.001579836
32.26 0.001410531
32.28 0.0004782791
32.3 -0.001421979
32.32 -0.003977076
32.34 -0.005128663
32.36 -0.005403039
32.38 -0.005923248
32.4 -0.005620311
32.42 -0.005551972
32.44 -0.005481613
32.46 -0.003834333
32.48 -0.002404294
32.5 -0.002452219
32.52 -0.003259043
32.54 -0.004461641
32.56 -0.004202593
32.58 -0.002295193
32.6 -0.000887605
32.62 0.00129623
32.64 0.004009458
32.66 0.003634133
32.68 0.001415667
32.7 7.743992e-05
32.72 -0.001305659
32.74 -0.003581276
32.76 -0.004185121
32.78 -0.004385056
32.8 -0.002140063
32.82 0.0008964953
32.84 0.002472399
32.86 0.00298751
32.88 0.004721507
32.9 0.005397796
32.92 0.004906182
32.94 0.004696105
32.96 0.003646556
32.98 0.001635119
33 -0.0001141681
33.02 -0.001553393
33.04 -0.001995074
33.06 0.0006446884
33.08 0.00139543
33.1 0.002315488
33.12 0.002579691
33.14 0.002683742
33.16 0.0008508367
33.18 -0.0001977395
33.2 -0.0007933915
33.22 -0.002499859
33.24 -0.003433138
33.26 -0.004981544
33.28 -0.005324265
33.3 -0.006439082
33.32 -0.006760379
33.34 -0.007596759
33.36 -0.007176529
33.38 -0.00555674
33.4 -0.004991665
33.42 -0.002961843
33.44 -0.0008177993
33.46 0.0002909744
33.48 0.002149408
33.5 0.003499923
33.52 0.005019708
33.54 0.007541183
33.56 0.007541192
33.58 0.009017191
33.6 0.009100872
33.62 0.008463375
33.64 0.008057464
33.66 0.005438129
33.68 0.005046471
33.7 0.003821461
33.72 0.004838398
33.74 0.00693045
33.76 0.007180382
33.78 0.006800948
33.8 0.005833004
33.82 0.005065984
33.84 0.004737577
33.86 0.00366456
33.88 0.002403863
33.9 0.002895527
33.92 0.0024121
33.94 0.001664451
33.96 0.001733868
33.98 0.0001151579
34 -0.001045564
34.02 -0.001344408
34.04 -0.002128761
34.06 -0.001832961
34.08 -0.002209317
34.1 -0.001889023
34.12 -0.002052178
34.14 -0.00352197
34.16 -0.006241257
34.18 -0.006391197
34.2 -0.006890976
34.22 -0.005973004
34.24 -0.003890134
34.26 -0.004421508
34.28 -0.004079783
34.3 -0.003955318
34.32 -0.004083811
34.34 -0.003325931
34.36 -0.001123717
34.38 -0.002178352
34.4 -0.002332352
34.42 -0.002107908
34.44 -0.002138483
34.46 -0.00132143
34.48 -0.0003615758
34.5 0.0002535378
34.52 -5.547842e-05
34.54 -0.0005919673
34.56 -0.001772085
34.58 -0.002051541
34.6 -0.003018488
34.62 -0.001502741
34.64 -0.0005489874
34.66 -0.0005703486
34.68 -0.001636186
34.7 -0.002829543
34.72 -0.003169163
34.74 -0.003289481
34.76 -0.002238858
34.78 -0.001291243
34.8 0.0002734639
34.82 0.0005060624
34.84 0.001727023
34.86 0.002439036
34.88 0.00345703
34.9 0.00485856
34.92 0.004599543
34.94 0.003551046
34.96 0.002623929
34.98 0.000890992
35 0.001920212
35.02 0.001457197
35.04 0.001715291
35.06 0.002955676
35.08 0.001549137
35.1 0.003360701
35.12 0.003835064
35.14 0.003917739
35.16 0.003361909
35.18 0.002626549
35.2 0.002120699
35.22 9.195288e-05
35.24 -0.0008239438
35.26 -0.002336571
35.28 -0.001371613
35.3 8.704554e-05
35.32 0.0007705117
35.34 0.001088824
35.36 0.001133789
35.38 -0.0004716111
35.4 -0.001991345
35.42 -0.001875013
35.44 -0.002951063
35.46 -0.002773545
35.48 -0.003021367
35.5 -0.002890784
35.52 -0.002488867
35.54 -0.001869675
35.56 -0.002057301
35.58 -0.002266358
35.6 -0.001276901
35.62 -0.0007953794
35.64 0.0004327796
35.66 0.0006073012
35.68 -0.0004585105
35.7 -0.0009929141
35.72 -0.0008194446
35.74 -0.0003216078
35.76 -0.000434738
35.78 -0.001106853
35.8 -0.0021329
35.82 -0.003572102
35.84 -0.004416614
35.86 -0.004727627
35.88 -0.002895654
35.9 -0.002113234
35.92 -0.001404281
35.94 0.0004889146
35.96 0.000273752
35.98 0.001224472
36 0.002384489
36.02 0.002407885
36.04 0.004098333
36.06 0.003567003
36.08 0.003106631
36.1 0.004084755
36.12 0.004533933
36.14 0.003971485
36.16 0.00229217
36.18 0.002357768
36.2 0.002565461
36.22 0.002912803
36.24 0.002609317
36.26 0.001514853
36.28 0.0007363433
36.3 -0.0002652996
36.32 -0.0004130893
36.34 -0.0001999637
36.36 -4.099845e-05
36.38 -0.0009697924
36.4 -0.001465823
36.42 -0.001809905
36.44 -0.001800878
36.46 0.0002467957
36.48 -0.000145342
36.5 0.0001383542
36.52 5.714356e-05
36.54 -0.001238624
36.56 -0.001324679
36.58 -0.001318249
36.6 -0.002119529
36.62 -0.002317971
36.64 -0.00181258
36.66 -0.00256837
36.68 -0.001038097
36.7 0.0003706598
36.72 0.0008914419
36.74 0.0004959976
36.76 1.610219e-05
36.78 8.605164e-05
36.8 -5.365292e-05
36.82 -0.001011149
36.84 -0.001857138
36.86 -0.001399959
36.88 -0.0006984994
36.9 0.0003745548
36.92 0.0004047516
36.94 0.0008017311
36.96 0.0004501944
36.98 0.0001886012
37 0.000359119
37.02 0.0004816068
37.04 0.000419251
37.06 -0.0005418952
37.08 -0.0003247538
37.1 -0.0008399224
37.12 -5.808802e-05
37.14 0.0004578804
37.16 -0.0001405707
37.18 0.0001998177
37.2 -2.495759e-06
37.22 0.0008603763
37.24 0.001477004
37.26 0.001106221
37.28 0.0006340217
37.3 0.0005009619
37.32 -0.0001374244
37.34 -0.0001091947
37.36 -0.0005783064
37.38 -0.0003311893
37.4 -0.0009586268
37.42 -1.516204e-05
37.44 0.0005559251
37.46 2.944385e-05
37.48 0.0003617495
37.5 8.825685e-05
37.52 0.0004670128
37.54 0.0007101302
37.56 0.0005616852
37.58 6.691655e-05
37.6 -4.392315e-05
37.62 -0.0004825113
37.64 -0.0001816283
37.66 -0.0007366852
37.68 -0.0009365606
37.7 -0.0007344095
37.72 -0.000430944
37.74 -0.0004895204
37.76 -0.0004265268
37.78 0.000203522
37.8 0.0005170595
37.82 0.0007563414
37.84 0.000977417
37.86 0.001116851
37.88 0.0009672012
37.9 0.001084028
37.92 0.0008511534
37.94 0.0009276754
37.96 0.0008537177
37.98 0.0006986588
38 0.0006390667
38.02 0.0002960446
38.04 0.0003856038
38.06 0.0001688591
38.08 4.019191e-05
38.1 0.0001594749
38.12 7.977951e-05
38.14 0.0001242976
38.16 -3.241634e-05
38.18 5.080927e-05
38.2 2.565864e-05
38.22 -4.580021e-06
38.24 -1.174907e-05
38.26 1.51574e-05
38.28 0.0001436025
38.3 6.279308e-05
38.32 -6.337212e-05
38.34 -0.0003830515
38.36 -0.0006880911
38.38 -0.000745086
38.4 -0.0008444949
38.42 -0.0008016191
38.44 -0.0005504109
38.46 -0.0004197348
38.48 -0.0003507911
38.5 -0.0003383835
38.52 -0.000197377
38.54 -0.0001716389
38.56 -0.0001892152
38.58 -0.0001739038
38.6 -0.0001335154
38.62 -7.411273e-05
38.64 2.284884e-05
38.66 2.573106e-07
38.68 -4.060168e-05
38.7 -7.737601e-05
38.72 -0.0001396308
38.74 -0.0001299678
38.76 -0.0001822305
38.78 -0.0001454406
38.8 -0.0001005141
38.82 -8.676299e-05
38.84 8.280752e-06
38.86 4.367723e-05
38.88 4.401653e-05
38.9 8.962659e-05
38.92 8.046595e-05
38.94 7.20599e-05
38.96 6.359992e-05
38.98 7.29889e-05
39 7.022123e-05
39.02 4.799075e-05
39.04 5.99978e-05
39.06 5.006269e-05
39.08 3.548982e-05
39.1 3.604261e-05
39.12 3.623188e-05
39.14 2.914912e-05
39.16 1.344234e-05
39.18 1.260563e-05
39.2 4.95139e-06
39.22 -3.399878e-06
39.24 -1.024698e-05
39.26 -9.188883e-06
39.28 -3.31387e-06
39.3 -4.377852e-06
39.32 -6.414126e-06
39.34 -1.012241e-05
39.36 -1.252924e-05
39.38 -1.142367e-05
39.4 -6.571438e-06
39.42 -2.608242e-06
39.44 1.52259e-06
39.46 3.916904e-06
39.48 4.569665e-06
39.5 4.941412e-06
39.52 4.528036e-06
39.54 5.6683e-06
39.56 5.920579e-06
39.58 6.759066e-06
39.6 7.568571e-06
39.62 8.183824e-06
39.64 9.124834e-06
39.66 9.575184e-06
39.68 1.049138e-05
39.7 1.110576e-05
39.72 1.141307e-05
39.74 1.166225e-05
39.76 1.14978e-05
39.78 1.135987e-05
39.8 1.112226e-05
39.82 1.0839e-05
39.84 1.060437e-05
39.86 1.039933e-05
39.88 1.025694e-05
39.9 1.017425e-05
39.92 1.015791e-05
39.94 1.020688e-05
39.96 1.031666e-05
39.98 1.048244e-05
