0 0.002521769
0.02 0.0005273304
0.04 -0.003925287
0.06 -0.006404233
0.08 -0.003671996
0.1 -0.0002624509
0.12 -0.001622437
0.14 -0.0004528223
0.16 0.002116239
0.18 0.003013532
0.2 0.00175556
0.22 0.001943947
0.24 0.003299228
0.26 0.001244648
0.28 0.000585432
0.3 -0.001942434
0.32 -0.004901768
0.34 -0.004379829
0.36 -0.002844019
0.38 -0.001263314
0.4 0.00165869
0.42 0.002744715
0.44 0.0006524138
0.46 0.0005664386
0.48 0.003673074
0.5 0.005130385
0.52 0.003096249
0.54 9.717429e-05
0.56 -0.002348043
0.58 -0.00405683
0.6 -0.002708685
0.62 -0.0003445927
0.64 0.001670663
0.66 0.003083106
0.68 0.001698714
0.7 -0.0003588886
0.72 -0.0008956637
0.74 -0.002428977
0.76 -0.003463523
0.78 -0.002545788
0.8 0.0004099195
0.82 -0.0002604472
0.84 -0.0022497
0.86 -0.002293813
0.88 -0.002302239
0.9 0.0006259335
0.92 0.005041271
0.94 0.006255906
0.96 0.004377869
0.98 0.00166238
1 -0.0004869934
1.02 -8.841475e-05
1.04 -0.0001753383
1.06 -0.0003112292
1.08 -0.001477306
1.1 -0.001837604
1.12 -0.003539192
1.14 -0.002554112
1.16 -0.0005867543
1.18 0.0009797451
1.2 0.002296368
1.22 0.001899379
1.24 0.002551998
1.26 -0.001189568
1.28 -0.003432779
1.3 -0.002014159
1.32 -0.002312213
1.34 -0.001141461
1.36 0.001338969
1.38 0.002475063
1.4 0.001467108
1.42 0.001334311
1.44 0.005233568
1.46 0.006993905
1.48 0.00741805
1.5 0.007095567
1.52 0.002912396
1.54 -0.001153524
1.56 -0.004090277
1.58 -0.007683968
1.6 -0.007876965
1.62 -0.004312235
1.64 -0.0008199392
1.66 -0.001807464
1.68 -0.001658743
1.7 0.001028787
1.72 0.00276873
1.74 0.004816741
1.76 0.004246415
1.78 0.002344963
1.8 0.001618562
1.82 0.0001965213
1.84 -0.002053772
1.86 -0.0008993032
1.88 -0.001638955
1.9 -0.002173618
1.92 -0.0002133507
1.94 0.0009003418
1.96 0.001560121
1.98 0.003339878
2 0.003567207
2.02 0.002219641
2.04 0.00115769
2.06 -0.001348599
2.08 -0.003152107
2.1 -0.003429691
2.12 -0.005318883
2.14 -0.005481245
2.16 -0.0008832569
2.18 0.002398987
2.2 0.004067566
2.22 0.005843291
2.24 0.006838701
2.26 0.004122308
2.28 0.0002625096
2.3 -0.001675635
2.32 -0.003954441
2.34 -0.004697159
2.36 -0.003174432
2.38 -0.003763112
2.4 -0.0033522
2.42 -0.002599568
2.44 -0.0009748503
2.46 0.0009426242
2.48 0.003191604
2.5 0.003706608
2.52 0.004153271
2.54 0.002851678
2.56 -0.0006419399
2.58 -0.0009205313
2.6 -0.000412679
2.62 -0.001568458
2.64 -0.001268693
2.66 -0.002152116
2.68 -0.003109002
2.7 -0.000325534
2.72 -0.0001950736
2.74 0.0005259578
2.76 0.0005666557
2.78 -6.176578e-05
2.8 -0.001874412
2.82 -0.00276805
2.84 -0.0001804241
2.86 0.001480049
2.88 0.002597876
2.9 0.002472321
2.92 0.002183579
2.94 0.0004729465
2.96 0.000146448
2.98 0.0008399546
3 0.002133224
3.02 0.002478934
3.04 0.0009631391
3.06 -0.0003231732
3.08 -0.004845926
3.1 -0.006498457
3.12 -0.004965515
3.14 0.0002975885
3.16 0.002122333
3.18 -0.002118912
3.2 -0.00349398
3.22 -0.003297205
3.24 0.0004746493
3.26 0.004265933
3.28 0.005175714
3.3 0.003420237
3.32 0.002468518
3.34 -0.0005130086
3.36 -0.00427078
3.38 -0.001633146
3.4 -7.873571e-05
3.42 0.001042176
3.44 0.001665348
3.46 -0.001441634
3.48 -0.003466429
3.5 -0.001863083
3.52 -0.0003402832
3.54 -0.001576583
3.56 -0.0007984016
3.58 0.0002909105
3.6 -0.002033725
3.62 -0.003985067
3.64 -0.001448427
3.66 0.002507088
3.68 0.002961966
3.7 0.002952721
3.72 0.004410254
3.74 0.004445928
3.76 -0.0004041978
3.78 -0.00304508
3.8 -0.002559616
3.82 -0.004315124
3.84 -0.004871105
3.86 -0.00120425
3.88 0.002952189
3.9 0.004465843
3.92 0.006389512
3.94 0.008237732
3.96 0.005246069
3.98 -0.0006873207
4 -0.002916088
4.02 -0.003760703
4.04 -0.003532291
4.06 -0.002663303
4.08 -0.002886742
4.1 -0.0009549099
4.12 0.001415524
4.14 0.002510994
4.16 0.002003005
4.18 0.002419122
4.2 0.002106982
4.22 -0.001270278
4.24 -0.002722819
4.26 -0.001685527
4.28 -0.0006329308
4.3 -0.0008716428
4.32 -0.001772353
4.34 -0.002378281
4.36 -0.001273704
4.38 0.00475956
4.4 0.008090908
4.42 0.00445156
4.44 0.0005010651
4.46 -3.550359e-05
4.48 -0.001213644
4.5 -0.0004946009
4.52 0.003236535
4.54 0.001434211
4.56 -0.004463449
4.58 -0.007334815
4.6 -0.006476044
4.62 -0.003610925
4.64 0.003028211
4.66 0.006650258
4.68 0.006747159
4.7 0.007459136
4.72 0.00517335
4.74 -0.0007426782
4.76 -0.003354955
4.78 -0.002333999
4.8 -0.0007642468
4.82 -0.0004419417
4.84 0.0002812385
4.86 -0.004261813
4.88 -0.01478521
4.9 -0.01408257
4.92 -0.004336591
4.94 0.005077016
4.96 0.01073602
4.98 0.01207125
5 0.006683686
5.02 -0.00197922
5.04 -0.003305306
5.06 -0.001928352
5.08 0.0013509
5.1 0.004916885
5.12 0.001584576
5.14 -0.004576277
5.16 -0.005007749
5.18 -0.004420266
5.2 -0.001313377
5.22 0.005390055
5.24 0.009379303
5.26 0.004858701
5.28 -0.004259075
5.3 -0.009423381
5.32 -0.01058724
5.34 -0.006571554
5.36 -0.002250862
5.38 0.0007571251
5.4 0.001887273
5.42 0.003761028
5.44 0.004533171
5.46 0.004262854
5.48 0.004784068
5.5 0.006314071
5.52 0.006627242
5.54 0.003872225
5.56 0.0006847439
5.58 -0.002441583
5.6 -0.005481199
5.62 -0.006384947
5.64 -0.005754614
5.66 -0.003043475
5.68 0.0005744784
5.7 -5.483367e-05
5.72 -0.0005046601
5.74 0.0005806234
5.76 -0.0003995906
5.78 -0.001265588
5.8 0.0004684001
5.82 0.001429239
5.84 0.002588976
5.86 0.004877865
5.88 0.004640239
5.9 0.001255896
5.92 -0.003180076
5.94 -0.005196633
5.96 -0.005074248
5.98 -0.003888007
6 -0.0002925253
6.02 0.004480086
6.04 0.00499422
6.06 0.002133158
6.08 0.0003961042
6.1 -0.0008034253
6.12 -0.002873008
6.14 -0.002537452
6.16 -0.002067228
6.18 -0.002510933
6.2 -0.002634348
6.22 -0.005047683
6.24 -0.005139517
6.26 -0.002972018
6.28 0.0007019982
6.3 0.004619857
6.32 0.00521966
6.34 0.002946121
6.36 0.001093805
6.38 0.001959803
6.4 0.00173849
6.42 0.0009316598
6.44 0.002218911
6.46 0.002812574
6.48 5.656513e-05
6.5 -0.003424699
6.52 -0.004412072
6.54 -0.00198142
6.56 0.0007909405
6.58 0.004766917
6.6 0.005505435
6.62 0.004320224
6.64 0.001595848
6.66 -0.002271998
6.68 -0.00291867
6.7 -0.003385838
6.72 -0.005367692
6.74 -0.005242228
6.76 -0.00425589
6.78 -0.002603492
6.8 0.002004874
6.82 0.003769524
6.84 0.003358493
6.86 0.002433382
6.88 0.001957046
6.9 0.002773054
6.92 0.003652304
6.94 0.004635614
6.96 0.003205626
6.98 0.0009014648
7 -0.001442468
7.02 -0.003075503
7.04 -0.005648957
7.06 -0.008653881
7.08 -0.007586999
7.1 -0.003350944
7.12 0.0003741059
7.14 0.002523278
7.16 0.005063106
7.18 0.005759832
7.2 0.004460392
7.22 0.004029965
7.24 0.005191781
7.26 0.004420703
7.28 0.002183877
7.3 0.0001836591
7.32 -0.0001692562
7.34 0.0007048942
7.36 -0.000639429
7.38 -0.003807542
7.4 -0.005892424
7.42 -0.005842463
7.44 -0.003136411
7.46 0.0008507888
7.48 0.003297819
7.5 0.002227888
7.52 0.001138553
7.54 0.0005806302
7.56 -0.0001211006
7.58 -0.002264111
7.6 -0.002414051
7.62 -0.002918931
7.64 -0.002454849
7.66 0.0007704264
7.68 0.002245384
7.7 0.002652389
7.72 0.003564293
7.74 0.003910112
7.76 0.002555576
7.78 0.002513774
7.8 0.002966685
7.82 0.003617473
7.84 0.003712377
7.86 0.001698912
7.88 -0.001007106
7.9 -0.0033072
7.92 -0.006737432
7.94 -0.009864766
7.96 -0.008460249
7.98 -0.005679734
8 -0.003535681
8.02 -0.001752675
8.04 -0.0006214858
8.06 0.002596656
8.08 0.002431463
8.1 0.001049393
8.12 0.001674661
8.14 0.003627994
8.16 0.004512385
8.18 0.002525459
8.2 -0.0005324423
8.22 -0.005887434
8.24 -0.00894848
8.26 -0.006368918
8.28 -0.003299739
8.3 -0.0007486885
8.32 -0.0001397151
8.34 -0.0002070156
8.36 0.001279153
8.38 0.00159232
8.4 0.00352832
8.42 0.002577723
8.44 0.001224236
8.46 -0.001984653
8.48 -0.006965301
8.5 -0.008184215
8.52 -0.005595476
8.54 -0.002303914
8.56 -0.0003495843
8.58 0.002104577
8.6 0.002168874
8.62 0.002003669
8.64 0.003230737
8.66 0.005247307
8.68 0.005945028
8.7 0.006128682
8.72 0.005249492
8.74 0.004122414
8.76 0.003518626
8.78 0.00119713
8.8 0.00109412
8.82 0.0006759599
8.84 -0.002725721
8.86 -0.00284303
8.88 -0.005364441
8.9 -0.00679042
8.92 -0.005829594
8.94 -0.003724321
8.96 -0.002563531
8.98 -0.002524733
9 -0.0004153601
9.02 0.0005975373
9.04 0.001228937
9.06 0.0003680788
9.08 0.003398493
9.1 0.006306571
9.12 0.00942372
9.14 0.01157495
9.16 0.01104461
9.18 0.01103344
9.2 0.008571236
9.22 0.00611714
9.24 0.002647161
9.26 -0.0003271676
9.28 -0.001209442
9.3 -0.00244262
9.32 -0.002898544
9.34 -0.002373245
9.36 -0.002288556
9.38 -0.002929103
9.4 -0.003205506
9.42 -0.002658791
9.44 -0.0004943393
9.46 0.0004267533
9.48 0.0005318371
9.5 -6.07664e-05
9.52 0.003014528
9.54 0.006820208
9.56 0.007783164
9.58 0.006177777
9.6 0.002354872
9.62 -0.001458906
9.64 -0.006585388
9.66 -0.009416948
9.68 -0.009700499
9.7 -0.009117051
9.72 -0.01012885
9.74 -0.01059402
9.76 -0.007869578
9.78 -0.008055165
9.8 -0.008878284
9.82 -0.01043378
9.84 -0.01194747
9.86 -0.01274718
9.88 -0.009563871
9.9 -0.001518139
9.92 0.01081567
9.94 0.02289053
9.96 0.02870671
9.98 0.02856207
10 0.02481678
10.02 0.01795536
10.04 0.006105122
10.06 -0.00370428
10.08 -0.007165188
10.1 -0.006196217
10.12 -0.007131523
10.14 -0.009040996
10.16 -0.01075766
10.18 -0.01153392
10.2 -0.01144828
10.22 -0.006060689
10.24 0.004913543
10.26 0.01188635
10.28 0.009625094
10.3 -8.525142e-05
10.32 -0.01569832
10.34 -0.02845956
10.36 -0.03371464
10.38 -0.03166149
10.4 -0.01995504
10.42 -0.004150074
10.44 0.01457504
10.46 0.02664893
10.48 0.03225898
10.5 0.03318522
10.52 0.03009778
10.54 0.02310275
10.56 0.01652073
10.58 0.01608716
10.6 0.0165146
10.62 0.0157588
10.64 0.01575684
10.66 0.01557835
10.68 0.01191363
10.7 0.003382399
10.72 -0.01613211
10.74 -0.03274391
10.76 -0.04308775
10.78 -0.04553388
10.8 -0.04124179
10.82 -0.03332253
10.84 -0.02828579
10.86 -0.02695479
10.88 -0.02403354
10.9 -0.02184347
10.92 -0.01155687
10.94 0.001193201
10.96 0.01639218
10.98 0.02749604
11 0.03080807
11.02 0.02746877
11.04 0.02060221
11.06 0.01369375
11.08 0.005743935
11.1 -0.001734712
11.12 -0.007763928
11.14 -0.01004774
11.16 -0.0103609
11.18 -0.01019061
11.2 -0.00869125
11.22 -0.004345016
11.24 0.004442219
11.26 0.01401397
11.28 0.0219557
11.3 0.02970881
11.32 0.03204979
11.34 0.03018131
11.36 0.02653694
11.38 0.02197549
11.4 0.01777826
11.42 0.01498552
11.44 0.0113126
11.46 0.004669331
11.48 -0.000919213
11.5 -0.002292193
11.52 -0.003380483
11.54 -0.008895615
11.56 -0.01679344
11.58 -0.01879882
11.6 -0.01556236
11.62 -0.01408845
11.64 -0.01326935
11.66 -0.0129695
11.68 -0.01455454
11.7 -0.01758187
11.72 -0.02229325
11.74 -0.02038591
11.76 -0.01912619
11.78 -0.02040629
11.8 -0.01992894
11.82 -0.02260141
11.84 -0.02271779
11.86 -0.01607245
11.88 -0.0008011392
11.9 0.01517216
11.92 0.03093217
11.94 0.04284796
11.96 0.04842646
11.98 0.0491897
12 0.04074634
12.02 0.02510158
12.04 0.008088104
12.06 -0.006414345
12.08 -0.01408476
12.1 -0.01668993
12.12 -0.01873708
12.14 -0.01562009
12.16 -0.01312515
12.18 -0.01338516
12.2 -0.01762933
12.22 -0.02555578
12.24 -0.03028044
12.26 -0.03239389
12.28 -0.035048
12.3 -0.03293671
12.32 -0.02979624
12.34 -0.02019699
12.36 -0.008660869
12.38 -0.004148323
12.4 0.005318176
12.42 0.01678611
12.44 0.03019191
12.46 0.04176514
12.48 0.04885524
12.5 0.05305764
12.52 0.05527727
12.54 0.05556203
12.56 0.04689736
12.58 0.03368118
12.6 0.02815694
12.62 0.0255733
12.64 0.02407094
12.66 0.02257457
12.68 0.01564998
12.7 0.007675599
12.72 -0.004999719
12.74 -0.02272335
12.76 -0.04207371
12.78 -0.05466624
12.8 -0.05787735
12.82 -0.0557004
12.84 -0.04951421
12.86 -0.04448151
12.88 -0.0411105
12.9 -0.03626952
12.92 -0.03065454
12.94 -0.02395929
12.96 -0.009277594
12.98 0.01486388
13 0.03656841
13.02 0.04908815
13.04 0.05462886
13.06 0.0581939
13.08 0.05529729
13.1 0.04440804
13.12 0.02722015
13.14 0.01147122
13.16 -0.0009961386
13.18 -0.01550776
13.2 -0.02836179
13.22 -0.03513981
13.24 -0.03646179
13.26 -0.03725143
13.28 -0.03727704
13.3 -0.03272072
13.32 -0.0201331
13.34 0.00100334
13.36 0.02590358
13.38 0.0366985
13.4 0.03812969
13.42 0.0361155
13.44 0.02718453
13.46 0.01676717
13.48 0.004157049
13.5 -0.008211522
13.52 -0.02171827
13.54 -0.0385157
13.56 -0.05092814
13.58 -0.05592437
13.6 -0.05742192
13.62 -0.05116627
13.64 -0.03393671
13.66 -0.008634594
13.68 0.0161289
13.7 0.03577024
13.72 0.04668031
13.74 0.04680412
13.76 0.04083731
13.78 0.02538224
13.8 0.008334069
13.82 -0.004059013
13.84 -0.0127739
13.86 -0.0189654
13.88 -0.01934599
13.9 -0.01372183
13.92 -0.003052707
13.94 0.007717519
13.96 0.01523084
13.98 0.02320839
14 0.02506288
14.02 0.02210703
14.04 0.01384007
14.06 0.003797135
14.08 -0.0003685605
14.1 -0.004637305
14.12 -0.003616306
14.14 0.001304172
14.16 -0.001190685
14.18 -0.004500596
14.2 -0.007184176
14.22 -0.01128768
14.24 -0.01156614
14.26 -0.01284927
14.28 -0.01827768
14.3 -0.02250258
14.32 -0.02611341
14.34 -0.03088602
14.36 -0.03363095
14.38 -0.03138511
14.4 -0.02179423
14.42 -0.004729566
14.44 0.01520419
14.46 0.029006
14.48 0.03726699
14.5 0.04462029
14.52 0.05096374
14.54 0.0544208
14.56 0.05453827
14.58 0.04759109
14.6 0.03623969
14.62 0.02419761
14.64 0.01082447
14.66 0.001984001
14.68 -0.0004721783
14.7 6.020412e-05
14.72 -0.001211685
14.74 -0.00362707
14.76 -0.01038144
14.78 -0.01837323
14.8 -0.02114153
14.82 -0.01979418
14.84 -0.01696878
14.86 -0.01538068
14.88 -0.01596308
14.9 -0.01999514
14.92 -0.01944954
14.94 -0.01104989
14.96 -0.00276748
14.98 0.003950297
15 0.007449024
15.02 0.004689043
15.04 -0.005253765
15.06 -0.02649626
15.08 -0.04953302
15.1 -0.06032699
15.12 -0.05866268
15.14 -0.04495201
15.16 -0.02488378
15.18 -0.00186445
15.2 0.02439539
15.22 0.04872256
15.24 0.06991939
15.26 0.07857465
15.28 0.063418
15.3 0.03296403
15.32 0.0001517952
15.34 -0.02183478
15.36 -0.03441259
15.38 -0.04160659
15.4 -0.0391465
15.42 -0.02871603
15.44 -0.02429135
15.46 -0.02223398
15.48 -0.01627836
15.5 -0.0008886053
15.52 0.02105969
15.54 0.03607215
15.56 0.04412613
15.58 0.0421822
15.6 0.03896005
15.62 0.03556656
15.64 0.03310636
15.66 0.03206305
15.68 0.02728649
15.7 0.020534
15.72 0.007198645
15.74 -0.008219769
15.76 -0.01354832
15.78 -0.005663825
15.8 0.009103726
15.82 0.01749541
15.84 0.01395724
15.86 -0.003543837
15.88 -0.03625615
15.9 -0.05891678
15.92 -0.06180874
15.94 -0.05144066
15.96 -0.02615003
15.98 0.002081635
16 0.02404438
16.02 0.03479632
16.04 0.04030651
16.06 0.03812491
16.08 0.02337896
16.1 0.01277199
16.12 -0.003781393
16.14 -0.02495262
16.16 -0.04428261
16.18 -0.06320471
16.2 -0.0725817
16.22 -0.07384166
16.24 -0.0732482
16.26 -0.07574119
16.28 -0.06830888
16.3 -0.03851908
16.32 0.01260613
16.34 0.05939285
16.36 0.08749906
16.38 0.1000231
16.4 0.1042115
16.42 0.1008866
16.44 0.07998209
16.46 0.05273606
16.48 0.02677719
16.5 0.009768483
16.52 -0.003638288
16.54 -0.01716467
16.56 -0.03375084
16.58 -0.04781794
16.6 -0.04769365
16.62 -0.04608042
16.64 -0.03630692
16.66 -0.02256321
16.68 -0.01445224
16.7 -0.00718772
16.72 -0.003186282
16.74 -0.0005576797
16.76 0.001957622
16.78 0.004072114
16.8 0.01662728
16.82 0.02119498
16.84 0.01425601
16.86 0.006277638
16.88 -0.003415393
16.9 -0.009231464
16.92 -0.01250978
16.94 -0.01094514
16.96 -0.01685499
16.98 -0.02330749
17 -0.03056174
17.02 -0.03736625
17.04 -0.0409925
17.06 -0.03675144
17.08 -0.02546329
17.1 -0.009412597
17.12 0.003387338
17.14 0.01766741
17.16 0.02991775
17.18 0.01638463
17.2 0.009020103
17.22 0.009491313
17.24 0.02286334
17.26 0.03936625
17.28 0.04826284
17.3 0.05017124
17.32 0.04418104
17.34 0.02225217
17.36 -0.001532131
17.38 -0.01580616
17.4 -0.02336446
17.42 -0.02435814
17.44 -0.02214387
17.46 -0.01221218
17.48 -0.001590996
17.5 0.008775287
17.52 0.02253708
17.54 0.0357034
17.56 0.03839742
17.58 0.03570794
17.6 0.02475639
17.62 0.009918378
17.64 -0.0037975
17.66 -0.01215655
17.68 -0.0168037
17.7 -0.01654575
17.72 -0.01167425
17.74 -0.008753993
17.76 -0.01356829
17.78 -0.02363674
17.8 -0.02637958
17.82 -0.03093603
17.84 -0.0328436
17.86 -0.02695831
17.88 -0.01718989
17.9 -0.00761819
17.92 -0.001887801
17.94 0.002029094
17.96 0.006984233
17.98 0.01108676
18 0.01035951
18.02 0.01092257
18.04 0.01488016
18.06 0.01992518
18.08 0.02202949
18.1 0.02154399
18.12 0.01731926
18.14 0.008286179
18.16 -0.002588008
18.18 -0.0096016
18.2 -0.01326444
18.22 -0.01521582
18.24 -0.01538315
18.26 -0.01671931
18.28 -0.01927554
18.3 -0.01181024
18.32 9.206554e-05
18.34 0.01021561
18.36 0.02057985
18.38 0.02524654
18.4 0.02449694
18.42 0.01613503
18.44 0.008357559
18.46 0.002857694
18.48 0.0003933168
18.5 0.00462322
18.52 0.008207542
18.54 0.007254936
18.56 0.00199178
18.58 -0.003176616
18.6 -0.005890825
18.62 -0.009959664
18.64 -0.009880163
18.66 -0.005906293
18.68 0.00277489
18.7 0.009467208
18.72 0.008801238
18.74 0.006645999
18.76 0.003610565
18.78 -0.003421302
18.8 -0.01131915
18.82 -0.01446695
18.84 -0.01674973
18.86 -0.01835737
18.88 -0.02046679
18.9 -0.02278524
18.92 -0.02119008
18.94 -0.01584842
18.96 -0.007471257
18.98 0.001223272
19 0.008033784
19.02 0.0138693
19.04 0.01954561
19.06 0.02460589
19.08 0.02543728
19.1 0.02629112
19.12 0.02488669
19.14 0.0191013
19.16 0.01448893
19.18 0.01006525
19.2 0.005165203
19.22 -0.0006447787
19.24 -0.007291062
19.26 -0.01188827
19.28 -0.01784608
19.3 -0.0229482
19.32 -0.02483116
19.34 -0.02579925
19.36 -0.02607167
19.38 -0.02293317
19.4 -0.01656845
19.42 -0.01260575
19.44 -0.007995443
19.46 4.320042e-05
19.48 0.008841689
19.5 0.01663262
19.52 0.01905419
19.54 0.01813725
19.56 0.01475604
19.58 0.008143417
19.6 0.002469182
19.62 -0.002629851
19.64 -0.003104182
19.66 -0.00343469
19.68 -0.00328884
19.7 -0.004968779
19.72 -0.006114281
19.74 -0.004327264
19.76 -0.003923349
19.78 -0.002824823
19.8 -0.0005349272
19.82 0.0001005704
19.84 -0.002816605
19.86 -0.00776565
19.88 -0.01029429
19.9 -0.009029541
19.92 -0.00696818
19.94 -0.003486921
19.96 0.0006277075
19.98 0.005424809
20 0.009482374
20.02 0.01203751
20.04 0.01375929
20.06 0.01582789
20.08 0.02168271
20.1 0.02596376
20.12 0.02540394
20.14 0.02016541
20.16 0.008364157
20.18 -0.008200716
20.2 -0.02312335
20.22 -0.0305798
20.24 -0.03079416
20.26 -0.02519345
20.28 -0.01718145
20.3 -0.01214471
20.32 -0.008215717
20.34 -0.004772159
20.36 -0.0009594695
20.38 0.003771346
20.4 0.006729319
20.42 0.01038303
20.44 0.01379699
20.46 0.01593722
20.48 0.01853417
20.5 0.02264563
20.52 0.02496925
20.54 0.02308122
20.56 0.01763754
20.58 0.01179391
20.6 0.007688475
20.62 0.001868325
20.64 -0.003662071
20.66 -0.01054099
20.68 -0.01669259
20.7 -0.01945687
20.72 -0.0200179
20.74 -0.0171813
20.76 -0.0126444
20.78 -0.005848163
20.8 0.001511137
20.82 0.006249064
20.84 0.009119354
20.86 0.009886428
20.88 0.009606969
20.9 0.008245276
20.92 0.006932564
20.94 0.005013951
20.96 0.002742433
20.98 0.0008809109
21 -0.0009622058
21.02 -0.001998548
21.04 -0.004633166
21.06 -0.00977399
21.08 -0.01338174
21.1 -0.01376638
21.12 -0.01617869
21.14 -0.01482205
21.16 -0.01462726
21.18 -0.01474049
21.2 -0.01158159
21.22 -0.0083288
21.24 -0.005028108
21.26 -0.002724932
21.28 -0.001515232
21.3 0.00183548
21.32 0.005885892
21.34 0.006677459
21.36 0.00537799
21.38 0.002762712
21.4 0.002890178
21.42 0.005320858
21.44 0.009325362
21.46 0.0128413
21.48 0.01542803
21.5 0.01466922
21.52 0.01132569
21.54 0.008309547
21.56 0.00537094
21.58 0.00490581
21.6 0.004060264
21.62 -0.0009459078
21.64 -0.004522033
21.66 -0.005580837
21.68 -0.006123481
21.7 -0.006764066
21.72 -0.007085369
21.74 -0.007028305
21.76 -0.006849809
21.78 -0.00767802
21.8 -0.008558292
21.82 -0.01026273
21.84 -0.00742412
21.86 -0.00288919
21.88 0.002854396
21.9 0.007049711
21.92 0.009701719
21.94 0.008671545
21.96 0.004680295
21.98 0.001932413
22 0.0006247406
22.02 0.004370169
22.04 0.007128248
22.06 0.009729303
22.08 0.01102575
22.1 0.01033521
22.12 0.005000673
22.14 -0.002127106
22.16 -0.007761594
22.18 -0.009592539
22.2 -0.01001586
22.22 -0.00852161
22.24 -0.00811872
22.26 -0.008830682
22.28 -0.009268305
22.3 -0.006793829
22.32 -0.001028842
22.34 0.004614843
22.36 0.01031869
22.38 0.0140163
22.4 0.01443759
22.42 0.01336962
22.44 0.009906775
22.46 0.005342258
22.48 0.003987711
22.5 0.003401196
22.52 0.002082363
22.54 0.0003391736
22.56 -0.001681429
22.58 -0.002710624
22.6 -0.004584339
22.62 -0.006804919
22.64 -0.007929977
22.66 -0.008620538
22.68 -0.0100424
22.7 -0.01261491
22.72 -0.01530367
22.74 -0.01570353
22.76 -0.0124406
22.78 -0.009870224
22.8 -0.006315565
22.82 -0.002279416
22.84 0.002284038
22.86 0.00535735
22.88 0.007510568
22.9 0.008664212
22.92 0.008670341
22.94 0.009046751
22.96 0.008265453
22.98 0.006582472
23 0.003026777
23.02 0.0004971551
23.04 0.001512029
23.06 0.003839659
23.08 0.005641997
23.1 0.006476366
23.12 0.005397216
23.14 0.004094661
23.16 0.005060608
23.18 0.004456778
23.2 0.00351023
23.22 0.002588134
23.24 0.0008133434
23.26 -0.0007911362
23.28 -0.002068172
23.3 -0.002506789
23.32 -0.003598172
23.34 -0.006844869
23.36 -0.008833888
23.38 -0.01086164
23.4 -0.01189188
23.42 -0.01024971
23.44 -0.006831734
23.46 -0.003332112
23.48 0.001220118
23.5 0.004937035
23.52 0.007302419
23.54 0.008241862
23.56 0.006308982
23.58 0.004328153
23.6 0.002288144
23.62 0.00313065
23.64 0.003500914
23.66 0.004391395
23.68 0.001701689
23.7 -0.001549084
23.72 -0.005707602
23.74 -0.01007938
23.76 -0.01028035
23.78 -0.009792817
23.8 -0.007251023
23.82 -0.003315884
23.84 0.00185142
23.86 0.006188488
23.88 0.009188336
23.9 0.008262228
23.92 0.005112494
23.94 0.002000464
23.96 -0.0001619473
23.98 -0.0001140315
24 -0.001625665
24.02 -0.003724843
24.04 -0.005591458
24.06 -0.005669022
24.08 -0.004229828
24.1 -0.002092944
24.12 0.0005488394
24.14 0.003732264
24.16 0.007242112
24.18 0.005365323
24.2 0.00490939
24.22 0.004251492
24.24 0.003799648
24.26 0.001965698
24.28 -0.001939864
24.3 -0.005421187
24.32 -0.00900551
24.34 -0.009099362
24.36 -0.005166291
24.38 -0.0003049776
24.4 0.005171385
24.42 0.007721411
24.44 0.009412586
24.46 0.009212717
24.48 0.008128478
24.5 0.006967716
24.52 0.003683354
24.54 0.0006468151
24.56 -0.006171844
24.58 -0.01273254
24.6 -0.01752557
24.62 -0.01935149
24.64 -0.01651089
24.66 -0.00892921
24.68 -0.001432249
24.7 0.002433599
24.72 0.002900764
24.74 0.001948105
24.76 0.001349348
24.78 0.0003109808
24.8 0.0007444252
24.82 0.002938428
24.84 0.007056114
24.86 0.01194706
24.88 0.01517843
24.9 0.01800591
24.92 0.01824974
24.94 0.01664029
24.96 0.01352933
24.98 0.01064266
25 0.006857471
25.02 0.004765419
25.04 0.002312352
25.06 -0.0005395897
25.08 -0.004104457
25.1 -0.00776428
25.12 -0.01103747
25.14 -0.01335393
25.16 -0.01322645
25.18 -0.01346927
25.2 -0.01128039
25.22 -0.01187813
25.24 -0.01031146
25.26 -0.007970613
25.28 -0.005759302
25.3 -0.001225389
25.32 0.001398042
25.34 0.003513549
25.36 0.004299987
25.38 0.004768183
25.4 0.005542375
25.42 0.004347988
25.44 0.002347762
25.46 0.001540908
25.48 0.002443588
25.5 0.0028271
25.52 0.00289238
25.54 0.002115143
25.56 0.0005178243
25.58 7.809284e-06
25.6 0.0005534924
25.62 0.002098779
25.64 0.004223437
25.66 0.005760588
25.68 0.004802829
25.7 0.003087184
25.72 -0.001076435
25.74 -0.004217048
25.76 -0.008226667
25.78 -0.01140501
25.8 -0.01252806
25.82 -0.01328189
25.84 -0.01149898
25.86 -0.009953693
25.88 -0.006716265
25.9 -0.002984093
25.92 0.001060181
25.94 0.004562877
25.96 0.005484955
25.98 0.00506983
26 0.006059219
26.02 0.00694969
26.04 0.006439697
26.06 0.005832809
26.08 0.003561272
26.1 0.001618143
26.12 0.0008031536
26.14 0.0002074592
26.16 0.0009408332
26.18 0.001456952
26.2 0.001646677
26.22 0.0004787804
26.24 -2.67635e-06
26.26 -0.0009676097
26.28 -0.002896441
26.3 -0.003707369
26.32 -0.005154772
26.34 -0.004643774
26.36 -0.004161331
26.38 -0.003997137
26.4 -0.003765626
26.42 -0.000989188
26.44 8.36666e-06
26.46 0.001304787
26.48 0.003126511
26.5 0.002803171
26.52 0.00380584
26.54 0.001915804
26.56 0.001179352
26.58 -0.0003914613
26.6 -0.001932708
26.62 -0.003253643
26.64 -0.003756541
26.66 -0.002928328
26.68 -0.002237835
26.7 0.0006018143
26.72 0.003491451
26.74 0.007416412
26.76 0.01011228
26.78 0.009910363
26.8 0.009084175
26.82 0.008110079
26.84 0.007849987
26.86 0.007246193
26.88 0.006017108
26.9 0.004318758
26.92 0.00157804
26.94 -0.001291249
26.96 -0.005684385
26.98 -0.009230977
27 -0.009344232
27.02 -0.007633748
27.04 -0.005870193
27.06 -0.004129062
27.08 -0.002830618
27.1 -0.002601138
27.12 -0.001615841
27.14 -0.0002541443
27.16 0.0009606798
27.18 0.0007393399
27.2 0.001295243
27.22 -0.0002755602
27.24 -0.0006754139
27.26 -0.001272114
27.28 -0.004200541
27.3 -0.004481073
27.32 -0.004118999
27.34 -0.003526409
27.36 -0.002755323
27.38 -0.0007469538
27.4 0.0007105993
27.42 0.002723056
27.44 0.00342177
27.46 0.001968281
27.48 0.0003046597
27.5 -0.0009846506
27.52 -0.001213163
27.54 -3.508773e-05
27.56 0.00101039
27.58 0.00115726
27.6 0.002097696
27.62 0.001152152
27.64 0.002236397
27.66 0.002367998
27.68 0.0008930716
27.7 0.0002983989
27.72 -0.0008124072
27.74 0.001295912
27.76 0.001513176
27.78 0.001032733
27.8 0.001695719
27.82 0.00069712
27.84 0.001702804
27.86 0.001550807
27.88 0.002285172
27.9 0.004684207
27.92 0.006314161
27.94 0.008457189
27.96 0.009440491
27.98 0.008934604
28 0.007681043
28.02 0.006086749
28.04 0.00532585
28.06 0.003254226
28.08 0.000640994
28.1 -0.001269496
28.12 -0.004421298
28.14 -0.004979329
28.16 -0.005670897
28.18 -0.007099919
28.2 -0.008002636
28.22 -0.008665673
28.24 -0.007429473
28.26 -0.005631221
28.28 -0.003785058
28.3 -0.0008046266
28.32 0.001306758
28.34 0.003510981
28.36 0.002466512
28.38 0.001034418
28.4 0.0005672625
28.42 -0.002089846
28.44 -0.003799386
28.46 -0.003847366
28.48 -0.004433881
28.5 -0.004090158
28.52 -0.002611177
28.54 -0.001091384
28.56 0.0003876152
28.58 0.0003753837
28.6 -0.00145652
28.62 -0.005037772
28.64 -0.007059455
28.66 -0.007237979
28.68 -0.006957523
28.7 -0.005689696
28.72 -0.003837411
28.74 -0.001403701
28.76 0.001853148
28.78 0.001404369
28.8 0.004347038
28.82 0.004597973
28.84 0.004245032
28.86 0.006330951
28.88 0.005073311
28.9 0.003531081
28.92 -0.0006957765
28.94 -0.003958803
28.96 -0.005643877
28.98 -0.005129821
29 -0.004940119
29.02 -0.00467597
29.04 -0.003851829
29.06 -0.004185384
29.08 -0.002830857
29.1 -0.002168877
29.12 -0.003824356
29.14 -0.004495533
29.16 -0.003954971
29.18 -0.003264455
29.2 -0.0007512185
29.22 0.001107224
29.24 0.00364291
29.26 0.005880818
29.28 0.006667236
29.3 0.007226176
29.32 0.009587469
29.34 0.009738466
29.36 0.009260086
29.38 0.009057123
29.4 0.007266018
29.42 0.005636087
29.44 0.002545485
29.46 0.0006196679
29.48 1.071203e-05
29.5 0.0005971817
29.52 0.0006145124
29.54 0.001749756
29.56 0.001295871
29.58 -0.0003157507
29.6 0.0001085665
29.62 -0.002003865
29.64 -0.003088153
29.66 -0.001952921
29.68 -0.001970274
29.7 -0.001293004
29.72 -0.001868296
29.74 -0.0007228643
29.76 4.927213e-05
29.78 0.0003328166
29.8 0.001806711
29.82 0.001199799
29.84 0.003664102
29.86 0.003187786
29.88 0.002279961
29.9 0.003888509
29.92 0.002808344
29.94 0.001032507
29.96 -0.0003965246
29.98 -0.001353315
30 -0.001330898
30.02 -8.651988e-05
30.04 0.000404097
30.06 0.00104159
30.08 0.001563827
30.1 0.001659699
30.12 0.0001592819
30.14 0.0004540453
30.16 0.0002878108
30.18 -0.002112252
30.2 -0.004022706
30.22 -0.006804296
30.24 -0.005965904
30.26 -0.005089729
30.28 -0.003894334
30.3 -0.001302525
30.32 0.001435128
30.34 0.005019426
30.36 0.0065107
30.38 0.006038481
30.4 0.005086843
30.42 0.002455221
30.44 0.001131272
30.46 -0.0007037163
30.48 -0.002698822
30.5 -0.004670494
30.52 -0.006404508
30.54 -0.007174661
30.56 -0.006994152
30.58 -0.006050663
30.6 -0.005603922
30.62 -0.006602524
30.64 -0.007240076
30.66 -0.004949175
30.68 -0.004436119
30.7 -0.00357322
30.72 -0.004009786
30.74 -0.002298205
30.76 -0.001823923
30.78 -0.001278223
30.8 0.0005087981
30.82 0.002535549
30.84 0.004714275
30.86 0.004700023
30.88 0.004950944
30.9 0.004985625
30.92 0.005380366
30.94 0.00497849
30.96 0.004138008
30.98 0.003712652
31 0.004290991
31.02 0.003864645
31.04 0.004173715
31.06 0.00237136
31.08 0.001999066
31.1 0.0004588701
31.12 -0.002559311
31.14 -0.003779256
31.16 -0.004017948
31.18 -0.003749724
31.2 -0.00193006
31.22 -0.001053873
31.24 0.00100142
31.26 0.002254013
31.28 0.001408441
31.3 0.002033711
31.32 0.002009242
31.34 0.001564536
31.36 0.001097387
31.38 -0.0004183319
31.4 -0.002320623
31.42 -0.004236193
31.44 -0.00616911
31.46 -0.00456671
31.48 -0.003099969
31.5 -0.001281318
31.52 0.0004261613
31.54 0.00119219
31.56 0.002047978
31.58 0.001791975
31.6 0.001548198
31.62 0.001377865
31.64 0.002346861
31.66 0.003082316
31.68 0.001884844
31.7 0.002501946
31.72 0.001315701
31.74 0.001158621
31.76 0.0004691152
31.78 -0.0008721865
31.8 -0.001387296
31.82 -0.001375071
31.84 -0.00135774
31.86 -0.000811032
31.88 0.001591056
31.9 0.002767139
31.92 0.004380776
31.94 0.005259021
31.96 0.005832281
31.98 0.005658939
32 0.006641211
32.02 0.006932918
32.04 0.006742208
32.06 0.006254667
32.08 0.004863422
32.1 0.003153906
32.12 0.0002173558
32.14 -0.001096423
32.16 -0.001567646
32.18 -0.002213318
32.2 -1.945021e-06
32.22 0.000334677
32.24 0.0001827156
32.26 -0.0002935956
32.28 -0.00262835
32.3 -0.003139384
32.32 -0.004832562
32.34 -0.005771967
32.36 -0.005997379
32.38 -0.005329291
32.4 -0.003986966
32.42 -0.00257221
32.44 -0.002362081
32.46 -0.002532421
32.48 -0.00285883
32.5 -0.001372691
32.52 0.0007642186
32.54 0.00283587
32.56 0.004037479
32.58 0.00389982
32.6 0.003325615
32.62 0.0006930308
32.64 -0.00120007
32.66 -0.003475674
32.68 -0.006941618
32.7 -0.007747431
32.72 -0.009116259
32.74 -0.00863788
32.76 -0.006870207
32.78 -0.005639061
32.8 -0.0034695
32.82 -0.003345014
32.84 -0.001623248
32.86 -0.0009132918
32.88 0.001458214
32.9 0.002762849
32.92 0.003562538
32.94 0.005811705
32.96 0.005587347
32.98 0.005813799
33 0.004361369
33.02 0.003180236
33.04 0.001293273
33.06 0.0004477137
33.08 -0.0007313633
33.1 -0.00229093
33.12 -0.004324785
33.14 -0.005089791
33.16 -0.003827021
33.18 -0.003880046
33.2 -0.003620958
33.22 -0.002994655
33.24 -0.0005874362
33.26 0.001025259
33.28 0.001328257
33.3 0.001737327
33.32 0.0007051348
33.34 0.0002176131
33.36 -7.202306e-05
33.38 -0.0005024233
33.4 -0.0005523545
33.42 -0.002034373
33.44 -0.003329745
33.46 -0.00341437
33.48 -0.002687109
33.5 0.0004647118
33.52 0.002833189
33.54 0.004503991
33.56 0.005444485
33.58 0.003944129
33.6 0.003890109
33.62 0.002396859
33.64 0.003393435
33.66 0.004251322
33.68 0.003164065
33.7 0.002327719
33.72 0.001426092
33.74 0.001515905
33.76 0.001222205
33.78 0.0006439174
33.8 3.810447e-05
33.82 -0.0007645798
33.84 -0.003016689
33.86 -0.003870409
33.88 -0.004774083
33.9 -0.005797149
33.92 -0.005527844
33.94 -0.005522687
33.96 -0.003965117
33.98 -0.002832857
34 -0.002078018
34.02 -0.0008916803
34.04 -0.001344509
34.06 0.0002722588
34.08 0.001046507
34.1 0.002770387
34.12 0.003019343
34.14 0.003399872
34.16 0.004893217
34.18 0.00511157
34.2 0.004519021
34.22 0.003253261
34.24 0.004170289
34.26 0.00308813
34.28 0.001850933
34.3 0.001659234
34.32 0.001637889
34.34 0.001305439
34.36 0.001403434
34.38 0.0008720861
34.4 0.001745265
34.42 0.002492998
34.44 0.002517552
34.46 0.002175929
34.48 0.0008214291
34.5 0.001428389
34.52 0.0009684424
34.54 0.001555021
34.56 0.001718314
34.58 0.001944816
34.6 0.002545699
34.62 0.001192242
34.64 0.0003202214
34.66 -3.568064e-05
34.68 -0.001682888
34.7 -0.002690589
34.72 -0.003159712
34.74 -0.002101901
34.76 -0.001278665
34.78 -0.002476066
34.8 -0.002277088
34.82 -0.001563002
34.84 -0.0005480013
34.86 -0.0006641796
34.88 -0.0001795832
34.9 -1.729129e-05
34.92 -0.0007709826
34.94 -0.0007749756
34.96 -0.001358326
34.98 -0.001295005
35 -0.000973617
35.02 -0.001212208
35.04 -0.001952649
35.06 -0.001878106
35.08 -0.001358839
35.1 -0.001359766
35.12 -0.001607528
35.14 -0.00132795
35.16 -0.0003700674
35.18 0.0003511825
35.2 0.0009908352
35.22 7.804074e-05
35.24 7.916359e-05
35.26 0.0004607611
35.28 -0.0005336138
35.3 -0.001647337
35.32 -0.002423449
35.34 -0.002140809
35.36 -0.001666395
35.38 -0.001433713
35.4 -0.001777329
35.42 -0.002379015
35.44 -0.001802613
35.46 -0.001249651
35.48 -0.001560648
35.5 -0.0009893512
35.52 0.0009956766
35.54 0.001200833
35.56 0.0005400001
35.58 0.0005319787
35.6 0.0003587267
35.62 0.0003680424
35.64 0.001861447
35.66 0.002860193
35.68 0.002089207
35.7 0.002192353
35.72 0.001404008
35.74 0.00193146
35.76 0.001223709
35.78 0.0003731453
35.8 -0.0006365043
35.82 -0.001708402
35.84 -0.001443066
35.86 -0.001477589
35.88 -0.001316277
35.9 0.0002811841
35.92 0.001491054
35.94 0.001718668
35.96 0.002254324
35.98 0.001671041
36 0.002357799
36.02 0.003829068
36.04 0.005595219
36.06 0.006991014
36.08 0.006992874
36.1 0.007082665
36.12 0.0050573
36.14 0.002252444
36.16 0.00123737
36.18 -0.001156638
36.2 -0.003105727
36.22 -0.003730618
36.24 -0.003453571
36.26 -0.003041093
36.28 -0.002093239
36.3 -0.0005146532
36.32 -0.001494597
36.34 -0.0008963023
36.36 -0.0009500864
36.38 -0.0009359654
36.4 7.914378e-05
36.42 -8.216849e-05
36.44 -0.001169006
36.46 -0.001744447
36.48 -0.002936683
36.5 -0.003118285
36.52 -0.001672572
36.54 -0.001248436
36.56 -0.0004327425
36.58 0.0002515468
36.6 0.001521725
36.62 0.001007101
36.64 0.001682654
36.66 0.003434399
36.68 0.003596391
36.7 0.003669192
36.72 0.002902732
36.74 0.001238623
36.76 -0.0006481337
36.78 -0.002457817
36.8 -0.004296989
36.82 -0.004206462
36.84 -0.003287557
36.86 -0.002955355
36.88 -0.002668888
36.9 -0.002571537
36.92 -0.002439916
36.94 -0.002255936
36.96 -0.001124677
36.98 -0.001378566
37 -0.001324943
37.02 -0.001333862
37.04 -0.001710693
37.06 -0.0009254706
37.08 -0.001194385
37.1 -0.001239317
37.12 -0.0009647769
37.14 -0.0009154768
37.16 -0.0009232037
37.18 -0.001077027
37.2 -0.001009409
37.22 -0.00123202
37.24 -0.0006304016
37.26 0.0002666327
37.28 0.0009390118
37.3 0.001506939
37.32 0.001299806
37.34 0.0009593642
37.36 0.000422756
37.38 0.0004416999
37.4 0.0005922313
37.42 0.0008636427
37.44 0.0006521633
37.46 0.0006216181
37.48 0.0008390209
37.5 0.0008618635
37.52 0.001088212
37.54 0.0008587786
37.56 0.001386924
37.58 0.001190091
37.6 0.001174294
37.62 0.001008381
37.64 0.0005656403
37.66 0.0005845844
37.68 0.000313357
37.7 0.0004191071
37.72 0.0002261738
37.74 0.0006408402
37.76 0.001162015
37.78 0.0006405365
37.8 0.0004195018
37.82 0.0002758259
37.84 0.0001921032
37.86 0.0003511264
37.88 0.0002452114
37.9 0.0004270728
37.92 0.0006846648
37.94 0.0004850489
37.96 0.000649207
37.98 0.0006678773
38 0.0003068693
38.02 -2.434904e-05
38.04 -0.0003396521
38.06 -0.0004517098
38.08 -0.0006241214
38.1 -0.0006147592
38.12 -0.0006331814
38.14 -0.0006224323
38.16 -0.0005868934
38.18 -0.0007230548
38.2 -0.0006643437
38.22 -0.0006669024
38.24 -0.0006127846
38.26 -0.0004677547
38.28 -0.0005414597
38.3 -0.0003668875
38.32 -0.0001795335
38.34 -0.0001035273
38.36 6.819569e-06
38.38 -3.233691e-05
38.4 -2.98473e-05
38.42 1.107865e-05
38.44 8.982477e-05
38.46 0.0002192297
38.48 0.0004280988
38.5 0.0004568069
38.52 0.000359224
38.54 0.0003160084
38.56 0.0002431254
38.58 0.0001202353
38.6 5.729643e-05
38.62 -6.760393e-05
38.64 -3.615468e-05
38.66 -3.367871e-05
38.68 -5.056772e-05
38.7 -4.130987e-05
38.72 -6.481115e-05
38.74 -1.219296e-05
38.76 -1.47046e-05
38.78 -3.886094e-06
38.8 4.993759e-05
38.82 0.0001065946
38.84 0.0001195955
38.86 0.0001256488
38.88 0.0001100877
38.9 9.713019e-05
38.92 8.738279e-05
38.94 5.053029e-05
38.96 4.53195e-05
38.98 2.38482e-05
39 -6.325273e-06
39.02 -3.306126e-05
39.04 -4.741135e-05
39.06 -6.078158e-05
39.08 -5.133697e-05
39.1 -4.776131e-05
39.12 -4.255403e-05
39.14 -2.430255e-05
39.16 -2.435085e-05
39.18 -6.152645e-06
39.2 -9.881014e-06
39.22 -9.511031e-06
39.24 -9.974225e-06
39.26 -2.27587e-05
39.28 -1.74908e-05
39.3 -1.705285e-05
39.32 -1.339209e-05
39.34 -1.167797e-05
39.36 -1.286901e-05
39.38 -1.519259e-05
39.4 -1.749442e-05
39.42 -2.088539e-05
39.44 -2.033256e-05
39.46 -1.874262e-05
39.48 -1.560044e-05
39.5 -1.108553e-05
39.52 -7.433563e-06
39.54 -3.810911e-06
39.56 -1.30255e-06
39.58 2.010738e-06
39.6 4.750023e-06
39.62 7.219633e-06
39.64 9.408511e-06
39.66 1.07881e-05
39.68 1.179889e-05
39.7 1.242958e-05
39.72 1.2879e-05
39.74 1.330359e-05
39.76 1.364115e-05
39.78 1.410732e-05
39.8 1.468247e-05
39.82 1.532637e-05
39.84 1.601839e-05
39.86 1.675433e-05
39.88 1.751367e-05
39.9 1.829581e-05
39.92 1.910791e-05
39.94 1.995483e-05
39.96 2.08428e-05
39.98 2.177782e-05
