0 8.63078e-05
0.02 1.54072e-05
0.04 0.0007531755
0.06 0.0005795106
0.08 -0.0002159534
0.1 -9.084095e-05
0.12 -0.001242803
0.14 -0.0006140078
0.16 0.0002303921
0.18 0.0009412305
0.2 0.0003741868
0.22 -0.001078237
0.24 -0.0007761068
0.26 0.0003621935
0.28 0.0003256439
0.3 -0.001717775
0.32 -0.001159682
0.34 0.0002391078
0.36 0.001653739
0.38 0.002156238
0.4 0.0005149103
0.42 -0.001657415
0.44 -0.001720605
0.46 -0.0009297154
0.48 -0.0003934125
0.5 -0.0002921144
0.52 -0.0003177926
0.54 -0.0002700611
0.56 -7.617868e-05
0.58 -0.0001967057
0.6 -0.0003055625
0.62 -0.0001832376
0.64 -0.0002010898
0.66 -0.0003093471
0.68 -0.0001618467
0.7 -0.0001299217
0.72 0.0002113955
0.74 -0.0002727489
0.76 0.001040215
0.78 0.00058759
0.8 0.0001899191
0.82 0.001630276
0.84 -0.0006407273
0.86 -0.001949751
0.88 -0.0003714097
0.9 0.002006524
0.92 0.003724396
0.94 0.002271491
0.96 -0.001194645
0.98 -0.002571157
1 -0.000708393
1.02 0.0001020903
1.04 0.0004293773
1.06 0.001894922
1.08 0.0006549648
1.1 -0.0009538923
1.12 0.0004458887
1.14 0.001825873
1.16 0.00238913
1.18 0.00206485
1.2 -0.001592119
1.22 -0.002549867
1.24 -0.0006358656
1.26 0.002163096
1.28 0.001813589
1.3 -0.0005384535
1.32 -0.0007391689
1.34 -5.867846e-05
1.36 0.001715639
1.38 0.002049083
1.4 -0.0006334819
1.42 -0.002598456
1.44 -0.0007327163
1.46 0.001578638
1.48 0.002321945
1.5 0.002041352
1.52 -3.039678e-05
1.54 -0.0008354275
1.56 -0.0008036137
1.58 -0.0009302311
1.6 -0.0007839181
1.62 -0.0007691684
1.64 0.001374267
1.66 -0.0003541587
1.68 0.0002766537
1.7 0.001354447
1.72 -0.0004257403
1.74 -0.003270582
1.76 -0.003304949
1.78 -0.001305074
1.8 0.0002582776
1.82 0.002247542
1.84 0.001762836
1.86 0.001132424
1.88 -0.002444089
1.9 -0.001589156
1.92 -0.0003204425
1.94 -0.0005403505
1.96 -0.0004790649
1.98 0.0004202852
2 -0.0004950884
2.02 0.0005049357
2.04 0.001112599
2.06 0.001602672
2.08 0.0007053456
2.1 -0.0003019626
2.12 7.373672e-06
2.14 -0.0009678848
2.16 0.0003630349
2.18 -0.0009685704
2.2 -0.002377375
2.22 -0.001653189
2.24 -0.0008421923
2.26 0.0006414016
2.28 0.001121544
2.3 -0.0004053962
2.32 0.0009144946
2.34 0.002603774
2.36 0.003236679
2.38 -0.00168363
2.4 -0.002067162
2.42 -0.000596009
2.44 -0.001300384
2.46 -0.002610144
2.48 -0.002601036
2.5 0.0008082291
2.52 0.002090008
2.54 0.001942905
2.56 -0.001139944
2.58 -0.002720203
2.6 -0.001713833
2.62 0.00182828
2.64 0.00132301
2.66 0.001079489
2.68 0.001034165
2.7 0.001514717
2.72 0.003023198
2.74 -0.0001462811
2.76 -0.004909438
2.78 -0.004552657
2.8 -0.0004406698
2.82 0.001772518
2.84 0.004591525
2.86 0.001334816
2.88 -0.000920299
2.9 -0.001420621
2.92 -0.001976065
2.94 0.0004338865
2.96 -0.0004598996
2.98 0.0008884116
3 0.0001808681
3.02 -0.002324026
3.04 0.002962858
3.06 0.0007261333
3.08 -0.001274433
3.1 -0.001393753
3.12 -0.002865455
3.14 -0.000798243
3.16 0.0009065088
3.18 0.002821008
3.2 0.001913608
3.22 0.001139026
3.24 -0.001432374
3.26 -0.002795691
3.28 0.0005177831
3.3 0.002596951
3.32 0.001583959
3.34 0.003851342
3.36 0.002319497
3.38 -0.002180628
3.4 -0.001967203
3.42 -0.004329168
3.44 -0.003061939
3.46 0.00372845
3.48 0.004023591
3.5 0.0006423548
3.52 -0.001434612
3.54 -0.004574944
3.56 -0.00403542
3.58 -0.001106379
3.6 -0.001906091
3.62 -0.004895509
3.64 -0.004789981
3.66 0.001018761
3.68 -0.0002958683
3.7 -0.002772146
3.72 -0.002444018
3.74 -0.001087562
3.76 0.005409315
3.78 0.004025549
3.8 0.0009830014
3.82 0.001647775
3.84 -0.0002380403
3.86 0.0002074107
3.88 -1.799759e-05
3.9 -0.00364542
3.92 -0.001773826
3.94 0.006056404
3.96 0.005694288
3.98 0.003895543
4 -0.000226445
4.02 -0.008212973
4.04 -0.005690729
4.06 0.00184798
4.08 0.006782507
4.1 0.006602309
4.12 0.001751556
4.14 -0.00285006
4.16 0.0004349188
4.18 0.002962171
4.2 -0.003783429
4.22 -0.005732869
4.24 -0.0053007
4.26 -0.003577365
4.28 0.006192387
4.3 0.003286636
4.32 -0.003107186
4.34 4.426041e-05
4.36 -0.0003687466
4.38 0.001370616
4.4 0.002043806
4.42 0.003211848
4.44 0.004583417
4.46 0.002394249
4.48 -0.002286837
4.5 -0.005997515
4.52 4.119512e-05
4.54 0.004878499
4.56 0.004918605
4.58 0.003701571
4.6 -0.00108928
4.62 -0.005182999
4.64 -0.000920085
4.66 0.0008818975
4.68 0.001531371
4.7 0.000882855
4.72 0.001855716
4.74 0.005430411
4.76 0.002033783
4.78 -0.004592906
4.8 -0.01002781
4.82 -0.006701632
4.84 -0.0002188928
4.86 0.001069785
4.88 0.0003166048
4.9 0.003579692
4.92 0.003613634
4.94 0.004144595
4.96 0.008733492
4.98 0.007584996
5 -0.001124698
5.02 -0.004686122
5.04 -0.004853485
5.06 -0.006711927
5.08 -0.004167442
5.1 0.002327939
5.12 0.0007001406
5.14 -0.006420578
5.16 -0.004550237
5.18 0.002857353
5.2 0.006427709
5.22 0.009183278
5.24 0.008016173
5.26 0.003810143
5.28 -0.0005942092
5.3 -0.005379777
5.32 -0.002096323
5.34 0.003901955
5.36 0.00220691
5.38 -0.004344343
5.4 -0.00421179
5.42 -0.00207111
5.44 -0.003994944
5.46 -0.001297379
5.48 0.001094283
5.5 -0.003081711
5.52 0.00736833
5.54 0.01220698
5.56 0.004183628
5.58 0.0005536864
5.6 -0.005845244
5.62 -0.01293376
5.64 -0.008344476
5.66 0.001740955
5.68 0.002099993
5.7 0.001748824
5.72 0.0009166025
5.74 0.002589065
5.76 0.005891562
5.78 0.001016902
5.8 -0.003845292
5.82 0.007250918
5.84 0.00314675
5.86 -0.005973877
5.88 -0.002141853
5.9 -0.002265767
5.92 -0.0009357748
5.94 -0.001212115
5.96 3.914083e-05
5.98 -0.00955418
6 -0.01455136
6.02 -0.00122408
6.04 0.007456365
6.06 0.009385487
6.08 0.005588539
6.1 -0.005682749
6.12 -0.007452041
6.14 -0.002982593
6.16 4.93907e-05
6.18 0.001376867
6.2 -0.0007183647
6.22 0.003808833
6.24 0.00942746
6.26 0.01295778
6.28 0.01389439
6.3 0.00894793
6.32 0.007578279
6.34 -0.001275548
6.36 -0.01060837
6.38 0.001739839
6.4 0.007635288
6.42 0.006391321
6.44 0.009306975
6.46 0.003305771
6.48 -0.005695508
6.5 -0.0003725355
6.52 -0.002809725
6.54 -0.007914874
6.56 -0.01065879
6.58 -0.00499555
6.6 0.01004547
6.62 0.007475671
6.64 0.004861896
6.66 0.004481111
6.68 -0.001024876
6.7 -0.01327096
6.72 -0.01416279
6.74 -0.008117549
6.76 -0.009393956
6.78 -0.01143683
6.8 -0.01463175
6.82 -0.01480608
6.84 -0.00834973
6.86 -0.004911677
6.88 -0.01697723
6.9 -0.01384051
6.92 0.008050695
6.94 0.0222254
6.96 0.02802941
6.98 0.02342954
7 0.01515081
7.02 -0.001531667
7.04 -0.01014976
7.06 -0.007511159
7.08 -0.01144055
7.1 -0.01839595
7.12 -0.01339388
7.14 -0.005153326
7.16 -0.01517474
7.18 -0.02005516
7.2 -0.0199637
7.22 -0.02037149
7.24 -0.004001101
7.26 0.01257594
7.28 0.02340949
7.3 0.01205048
7.32 -0.0132933
7.34 -0.02362192
7.36 -0.02026862
7.38 -0.003494097
7.4 0.01849757
7.42 0.03025087
7.44 0.02997987
7.46 0.02793721
7.48 0.003247349
7.5 -0.0169349
7.52 -0.009531866
7.54 0.01780807
7.56 0.01896865
7.58 -0.01955051
7.6 -0.0230166
7.62 0.01277379
7.64 0.04128033
7.66 0.02652883
7.68 -0.01344238
7.7 -0.02546586
7.72 0.001482459
7.74 0.03031945
7.76 0.02612407
7.78 0.004553151
7.8 0.00219458
7.82 -0.0102921
7.84 -0.0302788
7.86 -0.01938075
7.88 -0.006245075
7.9 -0.01092881
7.92 -0.01515177
7.94 -0.01496483
7.96 -0.01436811
7.98 -0.01475311
8 -0.004906482
8.02 0.01274998
8.04 0.01426442
8.06 0.02190962
8.08 0.044919
8.1 0.04869391
8.12 0.04062439
8.14 0.02126037
8.16 -0.002161896
8.18 -0.01246766
8.2 -0.01327097
8.22 -0.001105707
8.24 0.01184682
8.26 0.01310072
8.28 0.008724873
8.3 0.003900823
8.32 -0.008083277
8.34 -0.02442865
8.36 -0.03946483
8.38 -0.04650479
8.4 -0.008405736
8.42 0.04413973
8.44 0.0495697
8.46 0.03130801
8.48 0.01274981
8.5 -0.01125979
8.52 -0.05702876
8.54 -0.09086917
8.56 -0.0869178
8.58 -0.03763669
8.6 0.02806325
8.62 0.05339797
8.64 0.05586355
8.66 0.04041275
8.68 0.03341692
8.7 0.04014717
8.72 0.04034175
8.74 0.02501677
8.76 -0.002549068
8.78 -0.01228179
8.8 -0.001403427
8.82 0.03012505
8.84 0.04325217
8.86 0.0006235771
8.88 -0.04987459
8.9 -0.03975917
8.92 -0.01611541
8.94 -0.01207035
8.96 -0.01592572
8.98 -0.02010922
9 -0.02865296
9.02 -0.03224401
9.04 -0.0438528
9.06 -0.0565563
9.08 -0.04128438
9.1 -0.03181748
9.12 -0.03035428
9.14 -0.03507973
9.16 -0.02498204
9.18 0.0004437857
9.2 0.02155028
9.22 0.01532695
9.24 -0.004379014
9.26 -0.01284477
9.28 -0.01048875
9.3 0.01521649
9.32 0.03918448
9.34 0.04003937
9.36 0.03528309
9.38 0.04351214
9.4 0.06411437
9.42 0.05292382
9.44 0.005841216
9.46 -0.02882719
9.48 -0.03784204
9.5 -0.03828106
9.52 -0.01379449
9.54 0.02620232
9.56 0.04635065
9.58 0.03889422
9.6 -0.01224709
9.62 -0.05274442
9.64 -0.06606813
9.66 -0.06991559
9.68 -0.06452824
9.7 -0.04320964
9.72 -0.0008658013
9.74 0.04720222
9.76 0.0858144
9.78 0.1114287
9.8 0.126626
9.82 0.09926749
9.84 0.05476771
9.86 0.02621415
9.88 0.01936511
9.9 0.02033738
9.92 0.01917864
9.94 0.01047064
9.96 0.007978898
9.98 0.0007667806
10 0.00135455
10.02 -0.0009859178
10.04 -0.04007987
10.06 -0.0695914
10.08 -0.09549379
10.1 -0.1134719
10.12 -0.1374445
10.14 -0.1430813
10.16 -0.1546733
10.18 -0.05276096
10.2 0.1035159
10.22 0.1527854
10.24 0.1582807
10.26 0.1420348
10.28 0.1022326
10.3 0.04129057
10.32 -0.01863048
10.34 -0.06548173
10.36 -0.07341476
10.38 -0.06843635
10.4 -0.04421352
10.42 0.00737908
10.44 0.05334414
10.46 0.02357435
10.48 -0.03235263
10.5 -0.06837701
10.52 -0.09711722
10.54 -0.1099015
10.56 -0.06342307
10.58 0.01255496
10.6 0.05655335
10.62 0.07435128
10.64 0.06171275
10.66 0.03352232
10.68 0.008077971
10.7 0.005994307
10.72 0.02202778
10.74 0.04406861
10.76 0.05908452
10.78 0.0636386
10.8 0.06925209
10.82 0.06408205
10.84 0.04809619
10.86 0.006038449
10.88 -0.06068516
10.9 -0.09328406
10.92 -0.09737096
10.94 -0.09858126
10.96 -0.07450712
10.98 -0.02693127
11 0.01501996
11.02 0.03598424
11.04 0.02488664
11.06 0.001941291
11.08 -0.02465956
11.1 -0.03842967
11.12 -0.02100453
11.14 0.004894983
11.16 0.008545438
11.18 0.003527278
11.2 -0.004184807
11.22 -0.003870686
11.24 0.01064691
11.26 0.007975034
11.28 -0.01249999
11.3 -0.0237978
11.32 -0.02284783
11.34 -0.01580407
11.36 0.01145205
11.38 0.03951859
11.4 0.04088883
11.42 0.03200489
11.44 0.03272979
11.46 0.04503175
11.48 0.05773956
11.5 0.06146627
11.52 0.05262969
11.54 0.03951776
11.56 0.02288182
11.58 0.004400725
11.6 -0.01223062
11.62 -0.02141005
11.64 -0.02914496
11.66 -0.0441662
11.68 -0.05124793
11.7 -0.04203079
11.72 -0.01626653
11.74 0.00761466
11.76 0.01317278
11.78 0.006191527
11.8 -0.003496078
11.82 -0.01916394
11.84 -0.03698709
11.86 -0.04842581
11.88 -0.04618957
11.9 -0.02839477
11.92 -0.004628793
11.94 0.02787796
11.96 0.05529175
11.98 0.05759096
12 0.0355827
12.02 -0.005570319
12.04 -0.03742626
12.06 -0.04803924
12.08 -0.04777178
12.1 -0.05249723
12.12 -0.06643999
12.14 -0.06974068
12.16 -0.0544849
12.18 -0.02148649
12.2 0.01273792
12.22 0.02880315
12.24 0.01743982
12.26 0.02136357
12.28 0.06002663
12.3 0.09260485
12.32 0.1045863
12.34 0.05880687
12.36 0.003922272
12.38 -0.002697709
12.4 -0.00685334
12.42 -0.007297157
12.44 -0.01837448
12.46 -0.05642665
12.48 -0.09297125
12.5 -0.1024784
12.52 -0.08519115
12.54 -0.04668818
12.56 0.0197066
12.58 0.070416
12.6 0.06542235
12.62 0.04340471
12.64 0.04859151
12.66 0.06427684
12.68 0.03752262
12.7 -0.02005827
12.72 -0.05220821
12.74 -0.05483693
12.76 -0.03790461
12.78 0.006135451
12.8 0.06414939
12.82 0.105407
12.84 0.1052066
12.86 0.02292964
12.88 -0.04030092
12.9 -0.04130769
12.92 -0.05175093
12.94 -0.05831729
12.96 -0.03935109
12.98 0.01687921
13 0.07765184
13.02 0.1096824
13.04 0.1282254
13.06 0.1297861
13.08 0.1178365
13.1 0.05879006
13.12 -0.01873644
13.14 -0.04478441
13.16 -0.03904797
13.18 0.003106757
13.2 0.05471083
13.22 0.04406061
13.24 0.003301663
13.26 -0.02926946
13.28 -0.07043749
13.3 -0.1129523
13.32 -0.1395468
13.34 -0.1446201
13.36 -0.1059205
13.38 -0.01750504
13.4 0.0370647
13.42 0.06764935
13.44 0.09822811
13.46 0.1118216
13.48 0.1057262
13.5 0.06791575
13.52 0.004787073
13.54 -0.05080988
13.56 -0.07031027
13.58 -0.07299137
13.6 -0.06675944
13.62 -0.06082739
13.64 -0.04534558
13.66 -0.002454979
13.68 0.03295264
13.7 0.04820481
13.72 0.05320679
13.74 0.02233875
13.76 -0.03934763
13.78 -0.07996669
13.8 -0.09635018
13.82 -0.1069516
13.84 -0.1086375
13.86 -0.1055219
13.88 -0.09862847
13.9 -0.09214984
13.92 -0.08448862
13.94 -0.07414635
13.96 -0.01545556
13.98 0.07757344
14 0.1244905
14.02 0.1386574
14.04 0.1234092
14.06 0.09868791
14.08 0.07763549
14.1 0.06616693
14.12 0.06298605
14.14 0.03283722
14.16 -0.009580476
14.18 -0.03538442
14.2 -0.04291744
14.22 -0.0399524
14.24 -0.03406037
14.26 -0.0390883
14.28 -0.04197489
14.3 -0.03494125
14.32 -0.01006142
14.34 0.02604699
14.36 0.03392894
14.38 0.021136
14.4 -0.0004838839
14.42 -0.01969985
14.44 -0.0204975
14.46 -0.01351962
14.48 -0.01287491
14.5 -0.01138562
14.52 -0.006787997
14.54 -0.004380765
14.56 -0.009785898
14.58 -0.02376277
14.6 -0.03491204
14.62 -0.03719983
14.64 -0.005305272
14.66 0.05013226
14.68 0.08871597
14.7 0.09647421
14.72 0.09128176
14.74 0.07645832
14.76 0.03738855
14.78 0.005895962
14.8 0.01202696
14.82 0.03768161
14.84 0.05634062
14.86 0.06213698
14.88 0.05730334
14.9 0.04311119
14.92 0.03916815
14.94 0.0164404
14.96 -0.03165784
14.98 -0.06318456
15 -0.08697462
15.02 -0.09235023
15.04 -0.08521071
15.06 -0.07574151
15.08 -0.06578528
15.1 -0.05453335
15.12 -0.01881243
15.14 0.01818003
15.16 0.02278784
15.18 0.001036093
15.2 -0.02138946
15.22 -0.01979166
15.24 -0.002780689
15.26 0.004345658
15.28 0.002192363
15.3 0.0100802
15.32 0.01555437
15.34 0.02415354
15.36 0.04773624
15.38 0.07340008
15.4 0.09168247
15.42 0.09321817
15.44 0.07555215
15.46 0.04033812
15.48 0.01843289
15.5 0.01313908
15.52 0.003588805
15.54 -0.006488768
15.56 -0.02959284
15.58 -0.06221641
15.6 -0.0876116
15.62 -0.09687606
15.64 -0.08890909
15.66 -0.07351443
15.68 -0.0536378
15.7 -0.0285917
15.72 -0.01749735
15.74 -0.0266265
15.76 -0.02501213
15.78 -0.01785334
15.8 0.01096524
15.82 0.05659798
15.84 0.05826329
15.86 0.01495669
15.88 -0.02155172
15.9 -0.01725212
15.92 0.006444547
15.94 0.02398207
15.96 0.02694356
15.98 0.0129941
16 0.00115285
16.02 0.01176489
16.04 0.03594167
16.06 0.04958357
16.08 0.03792507
16.1 0.01615186
16.12 0.0008820955
16.14 -0.01576926
16.16 -0.03941747
16.18 -0.0609248
16.2 -0.06943502
16.22 -0.06689983
16.24 -0.04248905
16.26 0.0008044745
16.28 0.03203203
16.3 0.04085644
16.32 0.03794662
16.34 0.01821162
16.36 0.0004423926
16.38 0.01257279
16.4 0.01735778
16.42 -0.007574364
16.44 -0.02266128
16.46 -0.02095525
16.48 -0.0204399
16.5 -0.02259322
16.52 -0.02915616
16.54 -0.03045406
16.56 -0.0258954
16.58 -0.01931374
16.6 -0.01690057
16.62 -0.009806561
16.64 -0.003527833
16.66 0.01340564
16.68 0.04603404
16.7 0.06025385
16.72 0.05400338
16.74 0.0367056
16.76 0.02164656
16.78 0.008245829
16.8 -0.004225066
16.82 -0.01172734
16.84 -0.01235142
16.86 -0.006720052
16.88 0.01055955
16.9 0.03676634
16.92 0.06156494
16.94 0.06813122
16.96 0.04550911
16.98 0.01364795
17 -0.01616264
17.02 -0.03536142
17.04 -0.03812073
17.06 -0.03117766
17.08 -0.02087846
17.1 -0.009870341
17.12 -0.005058841
17.14 -0.02483836
17.16 -0.04061652
17.18 -0.03717792
17.2 -0.02601287
17.22 -0.01175316
17.24 -0.005687309
17.26 0.009140564
17.28 0.02583853
17.3 0.02644505
17.32 0.01036415
17.34 -0.01412352
17.36 -0.03230751
17.38 -0.03895608
17.4 -0.02393673
17.42 -0.004736499
17.44 0.00316956
17.46 0.008928023
17.48 0.01654717
17.5 0.02635005
17.52 0.02909995
17.54 0.02571932
17.56 0.0271747
17.58 0.03509483
17.6 0.04719764
17.62 0.05891875
17.64 0.06323583
17.66 0.05889035
17.68 0.04664684
17.7 0.02185501
17.72 0.0001045424
17.74 -0.009510252
17.76 -0.0274288
17.78 -0.04922875
17.8 -0.0508529
17.82 -0.03517605
17.84 -0.02690327
17.86 -0.02424713
17.88 -0.02820708
17.9 -0.03530567
17.92 -0.03564299
17.94 -0.02518923
17.96 -0.001806292
17.98 0.01649159
18 0.03263681
18.02 0.04994274
18.04 0.05873264
18.06 0.05849788
18.08 0.05290888
18.1 0.04261591
18.12 0.03206803
18.14 0.02173215
18.16 -0.003874786
18.18 -0.03584431
18.2 -0.05202335
18.22 -0.06154688
18.24 -0.07656768
18.26 -0.0863913
18.28 -0.08373269
18.3 -0.06025552
18.32 -0.02999518
18.34 -0.008512978
18.36 0.004165283
18.38 0.008124369
18.4 0.006712384
18.42 0.006013256
18.44 0.01762364
18.46 0.03993953
18.48 0.0576601
18.5 0.06193544
18.52 0.06186011
18.54 0.05854598
18.56 0.04384256
18.58 0.01930566
18.6 -0.0008711842
18.62 -0.02648629
18.64 -0.04883805
18.66 -0.050612
18.68 -0.03728871
18.7 -0.02698758
18.72 -0.01698626
18.74 0.003133241
18.76 0.017533
18.78 0.02009956
18.8 0.01564699
18.82 0.004868519
18.84 -0.01677388
18.86 -0.02836647
18.88 -0.01696334
18.9 -0.006683115
18.92 -0.008703138
18.94 -0.01284605
18.96 -0.019004
18.98 -0.02126128
19 -0.01930141
19.02 -0.01812086
19.04 -0.02164581
19.06 -0.03031539
19.08 -0.0323295
19.1 -0.02866139
19.12 -0.01502014
19.14 -0.004397968
19.16 -0.003879063
19.18 -0.004530662
19.2 -0.005518028
19.22 -0.003678219
19.24 0.004467614
19.26 0.02010982
19.28 0.03076885
19.3 0.02165468
19.32 0.009516762
19.34 0.01196079
19.36 0.01971056
19.38 0.02638796
19.4 0.0291657
19.42 0.03208923
19.44 0.03905554
19.46 0.0482752
19.48 0.05580052
19.5 0.05092536
19.52 0.02879604
19.54 0.00208028
19.56 -0.01748114
19.58 -0.02704855
19.6 -0.02836908
19.62 -0.02026595
19.64 -0.01057614
19.66 -0.005514608
19.68 -0.0005156778
19.7 -0.0009008639
19.72 -0.004461506
19.74 -0.001266483
19.76 0.007050665
19.78 0.01195031
19.8 0.01741231
19.82 0.02612925
19.84 0.029857
19.86 0.02690917
19.88 0.00939257
19.9 -0.01518936
19.92 -0.03768756
19.94 -0.05464211
19.96 -0.06198933
19.98 -0.06096227
20 -0.05564041
20.02 -0.0457408
20.04 -0.02952549
20.06 -0.01840618
20.08 -0.01082963
20.1 -0.001040178
20.12 0.01123161
20.14 0.02572868
20.16 0.03577875
20.18 0.03452494
20.2 0.02852546
20.22 0.02436131
20.24 0.01983208
20.26 0.005513612
20.28 -0.01433168
20.3 -0.0262594
20.32 -0.03281145
20.34 -0.03193843
20.36 -0.02528049
20.38 -0.009714804
20.4 0.007238398
20.42 0.01376578
20.44 0.008708397
20.46 0.002575436
20.48 0.008100778
20.5 0.01414563
20.52 0.01185131
20.54 0.006429569
20.56 0.001115223
20.58 -0.003809015
20.6 -0.008228899
20.62 -0.01230959
20.64 -0.01294371
20.66 -0.005408781
20.68 0.01504816
20.7 0.03272145
20.72 0.03432093
20.74 0.02810188
20.76 0.02320794
20.78 0.02210771
20.8 0.01927713
20.82 0.01605853
20.84 0.0180201
20.86 0.02440182
20.88 0.02941919
20.9 0.02987594
20.92 0.02905868
20.94 0.02799315
20.96 0.02588996
20.98 0.00726781
21 -0.01424787
21.02 -0.01831592
21.04 -0.01731494
21.06 -0.01900382
21.08 -0.02027429
21.1 -0.0186323
21.12 -0.01981887
21.14 -0.02374362
21.16 -0.02561472
21.18 -0.02582337
21.2 -0.02391813
21.22 -0.02351697
21.24 -0.03277165
21.26 -0.04077217
21.28 -0.04029971
21.3 -0.03368755
21.32 -0.02095816
21.34 -0.005348913
21.36 0.002187805
21.38 0.00291187
21.4 0.0002945836
21.42 -0.001528464
21.44 0.002560294
21.46 0.01400045
21.48 0.02575669
21.5 0.03439329
21.52 0.04166907
21.54 0.04621719
21.56 0.05057963
21.58 0.05141627
21.6 0.04634867
21.62 0.03429108
21.64 0.02153913
21.66 0.01140465
21.68 0.002904183
21.7 -0.006345116
21.72 -0.01544656
21.74 -0.01598837
21.76 -0.01212684
21.78 -0.01133411
21.8 -0.01489897
21.82 -0.02201789
21.84 -0.02864507
21.86 -0.03230149
21.88 -0.03573047
21.9 -0.0404071
21.92 -0.04365904
21.94 -0.04430747
21.96 -0.04263754
21.98 -0.03837749
22 -0.0323016
22.02 -0.02307736
22.04 -0.01236512
22.06 -0.002230454
22.08 0.005210036
22.1 0.007516874
22.12 0.009041631
22.14 0.01689355
22.16 0.0288642
22.18 0.0323787
22.2 0.02634583
22.22 0.01893177
22.24 0.01203152
22.26 0.008150632
22.28 0.002607314
22.3 -0.003867892
22.32 -0.006434607
22.34 -0.008877281
22.36 -0.01113141
22.38 -0.01108324
22.4 -0.008479132
22.42 -0.007182806
22.44 -0.004958181
22.46 -0.0007769656
22.48 0.005389661
22.5 0.01261414
22.52 0.01894006
22.54 0.026496
22.56 0.03153327
22.58 0.02822401
22.6 0.01931388
22.62 0.01215631
22.64 0.01345137
22.66 0.01837453
22.68 0.02411942
22.7 0.03102642
22.72 0.03450309
22.74 0.03780644
22.76 0.0428523
22.78 0.04640194
22.8 0.04564001
22.82 0.04263029
22.84 0.03798352
22.86 0.02791028
22.88 0.01018696
22.9 -0.003742957
22.92 -0.008580602
22.94 -0.01444934
22.96 -0.02643276
22.98 -0.0386921
23 -0.04311829
23.02 -0.04732881
23.04 -0.05036483
23.06 -0.04755075
23.08 -0.03954551
23.1 -0.03320853
23.12 -0.0277178
23.14 -0.02116392
23.16 -0.01551239
23.18 -0.006148173
23.2 -0.001233043
23.22 -0.002418946
23.24 -0.00910651
23.26 -0.01571465
23.28 -0.01777919
23.3 -0.01598507
23.32 -0.01510865
23.34 -0.01590053
23.36 -0.01129531
23.38 -0.002352428
23.4 0.003616476
23.42 0.006305803
23.44 0.01095342
23.46 0.0178629
23.48 0.02568247
23.5 0.03080932
23.52 0.03049762
23.54 0.02357127
23.56 0.0152086
23.58 0.008710942
23.6 0.004363812
23.62 0.002905225
23.64 0.001329669
23.66 -0.001086699
23.68 -0.001889048
23.7 -0.003527155
23.72 -0.006172635
23.74 -0.004624999
23.76 0.0008234637
23.78 0.005810331
23.8 0.009000786
23.82 0.009548622
23.84 0.004266356
23.86 -0.006472011
23.88 -0.0171055
23.9 -0.02240522
23.92 -0.02395885
23.94 -0.02557786
23.96 -0.02766921
23.98 -0.03254221
24 -0.04047744
24.02 -0.04709102
24.04 -0.04844948
24.06 -0.04354897
24.08 -0.03379416
24.1 -0.02546432
24.12 -0.01586864
24.14 0.0004073929
24.16 0.017276
24.18 0.03112062
24.2 0.04021126
24.22 0.04480055
24.24 0.04388936
24.26 0.04070958
24.28 0.03433997
24.3 0.02620972
24.32 0.01905236
24.34 0.0126006
24.36 0.005188678
24.38 -0.003254691
24.4 -0.01455834
24.42 -0.02725287
24.44 -0.03732857
24.46 -0.04300738
24.48 -0.04351428
24.5 -0.04063594
24.52 -0.03643558
24.54 -0.03227381
24.56 -0.02674855
24.58 -0.02201877
24.6 -0.01611894
24.62 -0.007753683
24.64 0.004494
24.66 0.01610784
24.68 0.02750792
24.7 0.03735349
24.72 0.04263171
24.74 0.04447626
24.76 0.04150666
24.78 0.03836887
24.8 0.03734851
24.82 0.03930687
24.84 0.04313409
24.86 0.04771155
24.88 0.04939851
24.9 0.04474606
24.92 0.03892091
24.94 0.03315318
24.96 0.02613047
24.98 0.02014672
25 0.01571078
25.02 0.01064124
25.04 0.005797739
25.06 0.002821386
25.08 0.001264061
25.1 -0.003845605
25.12 -0.01056625
25.14 -0.017135
25.16 -0.02119345
25.18 -0.02040614
25.2 -0.01705358
25.22 -0.01395805
25.24 -0.01304101
25.26 -0.0126863
25.28 -0.01395837
25.3 -0.01651036
25.32 -0.018902
25.34 -0.01968782
25.36 -0.01571475
25.38 -0.002034995
25.4 0.009816329
25.42 0.01558904
25.44 0.01666348
25.46 0.01447738
25.48 0.01453574
25.5 0.01225728
25.52 0.009275094
25.54 0.003787385
25.56 -0.003056692
25.58 -0.01416818
25.6 -0.02383049
25.62 -0.02897688
25.64 -0.03313031
25.66 -0.03310149
25.68 -0.03289106
25.7 -0.03226911
25.72 -0.02985213
25.74 -0.0257403
25.76 -0.0233575
25.78 -0.01484214
25.8 -0.001018353
25.82 0.005768838
25.84 0.007385494
25.86 0.005081864
25.88 0.001349216
25.9 -0.002532514
25.92 -0.003827742
25.94 -0.002900666
25.96 -0.004006716
25.98 -0.006097201
26 -0.009149889
26.02 -0.0118477
26.04 -0.01507972
26.06 -0.01918603
26.08 -0.0231615
26.1 -0.02508768
26.12 -0.02431329
26.14 -0.0184918
26.16 -0.008395332
26.18 0.002680211
26.2 0.01055319
26.22 0.01808933
26.24 0.02879477
26.26 0.03550469
26.28 0.03492084
26.3 0.03083471
26.32 0.02584879
26.34 0.02209224
26.36 0.01846228
26.38 0.01360974
26.4 0.01022176
26.42 0.004242427
26.44 -0.003158537
26.46 -0.008155186
26.48 -0.01105646
26.5 -0.01254947
26.52 -0.01287301
26.54 -0.01134573
26.56 -0.005876328
26.58 8.365708e-06
26.6 0.008333765
26.62 0.01492925
26.64 0.02035604
26.66 0.02152178
26.68 0.02174562
26.7 0.02425179
26.72 0.02680577
26.74 0.02927889
26.76 0.03216066
26.78 0.03721595
26.8 0.03948367
26.82 0.03992325
26.84 0.03422996
26.86 0.02637326
26.88 0.01894998
26.9 0.01016808
26.92 -0.0007583309
26.94 -0.009550457
26.96 -0.01276282
26.98 -0.01160669
27 -0.01151405
27.02 -0.01493409
27.04 -0.02046
27.06 -0.02878326
27.08 -0.0351151
27.1 -0.03840982
27.12 -0.04090786
27.14 -0.04018164
27.16 -0.03552149
27.18 -0.03065964
27.2 -0.02646342
27.22 -0.02327117
27.24 -0.01959224
27.26 -0.01531267
27.28 -0.0138483
27.3 -0.01026656
27.32 -0.007084947
27.34 0.0001918208
27.36 0.009407487
27.38 0.013715
27.4 0.01293972
27.42 0.004725293
27.44 -0.001901468
27.46 -0.004806554
27.48 -0.007753523
27.5 -0.007832088
27.52 -0.004472969
27.54 -0.0004653077
27.56 0.004571308
27.58 0.008006296
27.6 0.01212224
27.62 0.01476628
27.64 0.01241812
27.66 0.007790999
27.68 0.002494904
27.7 -0.0006647125
27.72 -0.004036452
27.74 -0.005439153
27.76 -0.005889083
27.78 -0.00545246
27.8 -0.004664749
27.82 -0.003865039
27.84 -0.0006767543
27.86 0.002162226
27.88 0.00409251
27.9 0.006001246
27.92 0.008733733
27.94 0.0123634
27.96 0.01529878
27.98 0.01391322
28 0.009441835
28.02 0.006214193
28.04 0.003143085
28.06 -0.0011121
28.08 -0.006837003
28.1 -0.01398786
28.12 -0.01661471
28.14 -0.01294269
28.16 -0.009869182
28.18 -0.008305446
28.2 -0.003764225
28.22 0.001192177
28.24 0.001847167
28.26 0.0015403
28.28 0.004552817
28.3 0.007068223
28.32 0.008086463
28.34 0.007340093
28.36 0.005519988
28.38 0.006564013
28.4 0.007004419
28.42 0.008392999
28.44 0.01138457
28.46 0.01397628
28.48 0.01522749
28.5 0.01499093
28.52 0.01218462
28.54 0.009238713
28.56 0.004413422
28.58 -0.004549214
28.6 -0.009022162
28.62 -0.007442091
28.64 -0.002863192
28.66 0.001185294
28.68 0.004091132
28.7 0.009002892
28.72 0.01309603
28.74 0.01462071
28.76 0.01455013
28.78 0.01160106
28.8 0.005717164
28.82 0.0009253186
28.84 -0.003945925
28.86 -0.01043624
28.88 -0.01555118
28.9 -0.01869432
28.92 -0.02174131
28.94 -0.0236619
28.96 -0.02435156
28.98 -0.02312049
29 -0.01973856
29.02 -0.01644218
29.04 -0.009873712
29.06 -0.003027887
29.08 -0.0005403551
29.1 -0.0009638028
29.12 -0.002759215
29.14 -0.005479598
29.16 -0.008703264
29.18 -0.01197266
29.2 -0.01630956
29.22 -0.02015482
29.24 -0.02338188
29.26 -0.02510545
29.28 -0.02478813
29.3 -0.02141041
29.32 -0.01525656
29.34 -0.007709166
29.36 -0.000559389
29.38 0.005832845
29.4 0.009227049
29.42 0.009348414
29.44 0.01027955
29.46 0.01242875
29.48 0.01660779
29.5 0.01922651
29.52 0.02276316
29.54 0.02458282
29.56 0.02477734
29.58 0.02567725
29.6 0.02559094
29.62 0.02772523
29.64 0.03005342
29.66 0.03088994
29.68 0.02857709
29.7 0.0243898
29.72 0.01918375
29.74 0.01451726
29.76 0.01086911
29.78 0.0077567
29.8 0.005770826
29.82 0.003487942
29.84 -0.0006239012
29.86 -0.006584474
29.88 -0.01044664
29.9 -0.01251425
29.92 -0.01235263
29.94 -0.0116374
29.96 -0.01279507
29.98 -0.0124637
30 -0.01155897
30.02 -0.01012439
30.04 -0.007873618
30.06 -0.006355225
30.08 -0.004057167
30.1 -0.002937687
30.12 -0.003947145
30.14 -0.004457515
30.16 -0.001686829
30.18 0.0001293869
30.2 6.529847e-05
30.22 -0.001601997
30.24 -0.004875181
30.26 -0.007211448
30.28 -0.005976776
30.3 -0.00213574
30.32 -0.00116514
30.34 -0.002906674
30.36 -0.007075782
30.38 -0.009479758
30.4 -0.01067066
30.42 -0.009582472
30.44 -0.005490443
30.46 -0.002281057
30.48 -0.0009386186
30.5 -0.002027292
30.52 -0.003247952
30.54 -0.002863257
30.56 -0.002323653
30.58 -0.0007099723
30.6 0.001353079
30.62 0.002236622
30.64 0.002283088
30.66 0.0006582949
30.68 -0.001494184
30.7 -0.004827169
30.72 -0.008127471
30.74 -0.008033329
30.76 -0.006793368
30.78 -0.007629348
30.8 -0.008004406
30.82 -0.009275261
30.84 -0.009575176
30.86 -0.01044449
30.88 -0.01000751
30.9 -0.007995637
30.92 -0.006484929
30.94 -0.00210747
30.96 0.001450178
30.98 0.00432215
31 0.006886885
31.02 0.01027273
31.04 0.01275976
31.06 0.01429514
31.08 0.01706037
31.1 0.01873301
31.12 0.01740484
31.14 0.0134271
31.16 0.01150335
31.18 0.01010384
31.2 0.01055225
31.22 0.01426448
31.24 0.0185542
31.26 0.02264549
31.28 0.02598283
31.3 0.02631334
31.32 0.02552764
31.34 0.02364933
31.36 0.02139687
31.38 0.01673313
31.4 0.01288474
31.42 0.009588751
31.44 0.007943862
31.46 0.007378956
31.48 0.006565334
31.5 0.00704169
31.52 0.006336424
31.54 0.007797356
31.56 0.007057499
31.58 0.003538374
31.6 -0.0003263553
31.62 -0.003480353
31.64 -0.006041937
31.66 -0.01095321
31.68 -0.01570871
31.7 -0.01891041
31.72 -0.02048367
31.74 -0.0175393
31.76 -0.01446114
31.78 -0.01224491
31.8 -0.01307021
31.82 -0.01470002
31.84 -0.01396143
31.86 -0.01175907
31.88 -0.009356746
31.9 -0.007569515
31.92 -0.007557363
31.94 -0.009973601
31.96 -0.01103041
31.98 -0.01177858
32 -0.01440505
32.02 -0.01762637
32.04 -0.01936899
32.06 -0.01878499
32.08 -0.01384621
32.1 -0.01124015
32.12 -0.01147984
32.14 -0.01281121
32.16 -0.01489154
32.18 -0.01400115
32.2 -0.01270058
32.22 -0.009766554
32.24 -0.008105188
32.26 -0.008044034
32.28 -0.008683931
32.3 -0.009971264
32.32 -0.009284111
32.34 -0.007976431
32.36 -0.006202006
32.38 -0.006186322
32.4 -0.00884428
32.42 -0.0109018
32.44 -0.01227641
32.46 -0.01146725
32.48 -0.00856103
32.5 -0.003918376
32.52 0.001179891
32.54 0.00565344
32.56 0.0100984
32.58 0.01200063
32.6 0.01140605
32.62 0.01029315
32.64 0.01140002
32.66 0.01267601
32.68 0.01443628
32.7 0.01544596
32.72 0.0178606
32.74 0.01958209
32.76 0.01884634
32.78 0.017012
32.8 0.01317319
32.82 0.01037845
32.84 0.008766648
32.86 0.00892294
32.88 0.005827788
32.9 0.004870594
32.92 0.008149271
32.94 0.01149863
32.96 0.01344922
32.98 0.01363897
33 0.01303262
33.02 0.0119298
33.04 0.01152408
33.06 0.01256275
33.08 0.01235283
33.1 0.01107348
33.12 0.009591436
33.14 0.007985712
33.16 0.008019162
33.18 0.008852247
33.2 0.009760534
33.22 0.007908812
33.24 0.005237921
33.26 0.001959453
33.28 -0.001914954
33.3 -0.005716673
33.32 -0.01000422
33.34 -0.01247796
33.36 -0.01478209
33.38 -0.01495073
33.4 -0.0139776
33.42 -0.01327991
33.44 -0.01232547
33.46 -0.01180803
33.48 -0.01162806
33.5 -0.0129135
33.52 -0.01499338
33.54 -0.01718104
33.56 -0.01846917
33.58 -0.01878886
33.6 -0.01971974
33.62 -0.02026906
33.64 -0.01956162
33.66 -0.019987
33.68 -0.02002134
33.7 -0.01945328
33.72 -0.01781511
33.74 -0.01387536
33.76 -0.00911769
33.78 -0.003309663
33.8 -0.0006540005
33.82 -0.0002999334
33.84 -0.002673633
33.86 -0.00367701
33.88 -0.002793361
33.9 0.001693846
33.92 0.007222605
33.94 0.01179693
33.96 0.01473636
33.98 0.01747778
34 0.02074805
34.02 0.02074728
34.04 0.01936199
34.06 0.01657389
34.08 0.01569204
34.1 0.01314764
34.12 0.01242409
34.14 0.01093751
34.16 0.01031955
34.18 0.01060936
34.2 0.0117496
34.22 0.01381352
34.24 0.0142968
34.26 0.01578128
34.28 0.01516184
34.3 0.01346172
34.32 0.01119772
34.34 0.01007214
34.36 0.008397832
34.38 0.006722972
34.4 0.00452479
34.42 0.003068336
34.44 0.004502712
34.46 0.003270024
34.48 0.004193345
34.5 0.004133026
34.52 0.001636166
34.54 -0.002378194
34.56 -0.004628041
34.58 -0.005139943
34.6 -0.006643427
34.62 -0.007169574
34.64 -0.01037041
34.66 -0.01277477
34.68 -0.01447011
34.7 -0.01289666
34.72 -0.009592994
34.74 -0.008010052
34.76 -0.006638941
34.78 -0.003995005
34.8 0.001653563
34.82 0.004544376
34.84 0.004606655
34.86 0.003229803
34.88 0.003327922
34.9 0.004465966
34.92 0.007090053
34.94 0.01098899
34.96 0.01278591
34.98 0.01096581
35 0.006018417
35.02 0.002983385
35.04 0.001334711
35.06 0.001260317
35.08 -0.00147562
35.1 -0.00420305
35.12 -0.006056631
35.14 -0.006350243
35.16 -0.004507447
35.18 -0.002542067
35.2 -0.001145318
35.22 -0.001659925
35.24 -0.001598633
35.26 -0.00168976
35.28 -0.003307949
35.3 -0.004332612
35.32 -0.003084374
35.34 -0.001610229
35.36 -0.0003661253
35.38 0.001647298
35.4 0.003296117
35.42 0.003772427
35.44 0.003724951
35.46 0.005256742
35.48 0.006575233
35.5 0.006948644
35.52 0.003886319
35.54 -0.0001684955
35.56 -0.005002389
35.58 -0.009152714
35.6 -0.01122174
35.62 -0.01186946
35.64 -0.01278789
35.66 -0.01492331
35.68 -0.01527377
35.7 -0.01483198
35.72 -0.01307326
35.74 -0.01255111
35.76 -0.01188857
35.78 -0.01336845
35.8 -0.01425332
35.82 -0.01387673
35.84 -0.01077339
35.86 -0.007596204
35.88 -0.006656846
35.9 -0.005296485
35.92 -0.004307965
35.94 -0.003310363
35.96 -0.003669039
35.98 -0.004020437
36 -0.002418954
36.02 0.0009466574
36.04 0.004322776
36.06 0.007860854
36.08 0.009387207
36.1 0.01122644
36.12 0.01114387
36.14 0.009322834
36.16 0.005892917
36.18 0.002987886
36.2 0.002572776
36.22 0.003441618
36.24 0.005500702
36.26 0.006417864
36.28 0.007207918
36.3 0.00857452
36.32 0.009924197
36.34 0.009832075
36.36 0.00858942
36.38 0.005156156
36.4 0.00207616
36.42 -0.0007913733
36.44 -0.001604587
36.46 -0.001832037
36.48 -0.002371132
36.5 -0.004028485
36.52 -0.006546497
36.54 -0.005774206
36.56 -0.003625319
36.58 -0.001137728
36.6 -0.0004741316
36.62 8.454642e-05
36.64 0.001252595
36.66 0.002281239
36.68 0.003412409
36.7 0.003841035
36.72 0.003589355
36.74 0.003361072
36.76 0.00415937
36.78 0.004976556
36.8 0.005475342
36.82 0.004966066
36.84 0.002065706
36.86 -0.001501883
36.88 -0.004606555
36.9 -0.005529681
36.92 -0.005235129
36.94 -0.004313705
36.96 -0.003053504
36.98 -0.002786206
37 -0.002359357
37.02 -0.001601358
37.04 -0.0007899708
37.06 0.0002024174
37.08 0.003026191
37.1 0.005670947
37.12 0.008015737
37.14 0.009815507
37.16 0.01058706
37.18 0.01067955
37.2 0.01007316
37.22 0.008032331
37.24 0.005664256
37.26 0.002007078
37.28 -0.001738697
37.3 -0.003397767
37.32 -0.00447032
37.34 -0.005729853
37.36 -0.006393042
37.38 -0.006757328
37.4 -0.006697157
37.42 -0.006021697
37.44 -0.005167244
37.46 -0.004374106
37.48 -0.004209224
37.5 -0.004301207
37.52 -0.004172939
37.54 -0.003758977
37.56 -0.004050682
37.58 -0.003641609
37.6 -0.002721201
37.62 -0.002166618
37.64 -0.002555814
37.66 -0.003477853
37.68 -0.004194744
37.7 -0.004523259
37.72 -0.003777542
37.74 -0.002718601
37.76 -0.001428762
37.78 -0.0004700939
37.8 0.000107168
37.82 0.0004761604
37.84 0.000445942
37.86 0.0004468091
37.88 0.000589634
37.9 0.000797902
37.92 0.001511024
37.94 0.002355923
37.96 0.00253615
37.98 0.002438089
38 0.002079523
38.02 0.001802474
38.04 0.00124281
38.06 0.0005170315
38.08 0.0002778027
38.1 0.0004658384
38.12 0.0007835726
38.14 0.001001437
38.16 0.0008950754
38.18 0.0007531523
38.2 0.0007087414
38.22 0.0009157858
38.24 0.001262563
38.26 0.001686804
38.28 0.002205466
38.3 0.0024595
38.32 0.002587683
38.34 0.002598477
38.36 0.002614761
38.38 0.002536435
38.4 0.002405964
38.42 0.002409347
38.44 0.00226567
38.46 0.002088646
38.48 0.001906823
38.5 0.001741941
38.52 0.001464275
38.54 0.001110457
38.56 0.0006496669
38.58 0.0003374732
38.6 0.0002212804
38.62 0.0002188648
38.64 0.0002942596
38.66 0.000296522
38.68 0.0003191555
38.7 0.0002284032
38.72 0.0001437258
38.74 7.069618e-06
38.76 -9.721328e-05
38.78 -0.0001580216
38.8 -0.0002374328
38.82 -0.0002437653
38.84 -0.0002916989
38.86 -0.0003341186
38.88 -0.0003605992
38.9 -0.0003985573
38.92 -0.0004571873
38.94 -0.0005054021
38.96 -0.0004947708
38.98 -0.0005266655
39 -0.0005663432
39.02 -0.0006063472
39.04 -0.000611307
39.06 -0.0006250632
39.08 -0.0006296717
39.1 -0.0006187338
39.12 -0.0005961608
39.14 -0.000561986
39.16 -0.0005404491
39.18 -0.0005163336
39.2 -0.0004966088
39.22 -0.0004767061
39.24 -0.0004629878
39.26 -0.00043587
39.28 -0.0004110687
39.3 -0.0003839008
39.32 -0.0003619417
39.34 -0.0003364184
39.36 -0.0003050189
39.38 -0.0002765577
39.4 -0.0002486724
39.42 -0.0002191724
39.44 -0.0001960585
39.46 -0.0001779487
39.48 -0.0001565248
39.5 -0.0001380258
39.52 -0.0001198424
39.54 -0.00010224
39.56 -8.644073e-05
39.58 -7.180388e-05
39.6 -5.871742e-05
39.62 -4.778508e-05
39.64 -3.889883e-05
39.66 -3.148893e-05
39.68 -2.471609e-05
39.7 -1.897367e-05
39.72 -1.391822e-05
39.74 -9.538575e-06
39.76 -5.836316e-06
39.78 -2.713884e-06
39.8 -1.942285e-07
39.82 1.889989e-06
39.84 3.600787e-06
39.86 4.987068e-06
39.88 6.057543e-06
39.9 6.860822e-06
39.92 7.469643e-06
39.94 7.976567e-06
39.96 8.492948e-06
39.98 9.135919e-06
