0 0.0006638603
0.01 0.0006629206
0.02 0.000661729
0.03 0.0006611582
0.04 0.0006568871
0.05 0.0006526999
0.06 0.0006571023
0.07 0.0006589455
0.08 0.0006461901
0.09 0.0006324692
0.1 0.0006445147
0.11 0.0006570541
0.12 0.0006529252
0.13 0.0006483601
0.14 0.0006484102
0.15 0.0006474774
0.16 0.0006444536
0.17 0.0006211991
0.18 0.0005895983
0.19 0.0006189552
0.2 0.0006380286
0.21 0.0006135139
0.22 0.0005274405
0.23 0.000464799
0.24 0.000456093
0.25 0.0004443784
0.26 0.0004225943
0.27 0.0004047158
0.28 0.0003871438
0.29 0.0003641335
0.3 0.0004150826
0.31 0.0005702074
0.32 0.0007132216
0.33 0.0007202252
0.34 0.0006696992
0.35 0.0004021584
0.36 0.0001726392
0.37 0.0001694926
0.38 0.0001832381
0.39 0.0001443713
0.4 9.41776e-05
0.41 5.657839e-05
0.42 3.148477e-05
0.43 5.733428e-06
0.44 -2.267254e-05
0.45 -5.093784e-05
0.46 -7.915126e-05
0.47 -0.000107984
0.48 -0.000134221
0.49 6.872049e-06
0.5 0.0001308266
0.51 -0.0001557933
0.52 -0.0002553924
0.53 0.000129396
0.54 0.0003989353
0.55 0.0003455296
0.56 0.0002744619
0.57 -4.179986e-05
0.58 -0.0005147371
0.59 -0.0004982479
0.6 5.70431e-05
0.61 0.0001380691
0.62 -0.0002334384
0.63 -0.0003011663
0.64 -0.0006265581
0.65 -0.0009167176
0.66 -0.001329601
0.67 -0.001401334
0.68 -0.001450174
0.69 -0.00151729
0.7 -0.001995443
0.71 -0.002123228
0.72 -0.00148024
0.73 -0.0008215707
0.74 -0.0001981517
0.75 2.637896e-05
0.76 -6.108959e-05
0.77 -0.0001053031
0.78 -9.657375e-05
0.79 -0.0001083877
0.8 -0.0001301225
0.81 -0.0001636228
0.82 -0.000215043
0.83 -0.0002682976
0.84 -0.0003096616
0.85 -0.0003267382
0.86 -0.0003721445
0.87 -0.001339119
0.88 -0.002612084
0.89 -0.002249075
0.9 -0.001854091
0.91 -0.002005314
0.92 -0.002122516
0.93 -0.002150873
0.94 -0.002765329
0.95 -0.002901063
0.96 -0.001178643
0.97 0.001030024
0.98 0.003042549
0.99 0.00447116
1 0.004629986
1.01 0.002940433
1.02 0.001020176
1.03 0.0008760004
1.04 0.0007639602
1.05 -0.0004700907
1.06 -0.001025829
1.07 -0.0008456422
1.08 -0.000985456
1.09 -0.001935972
1.1 -0.001628704
1.11 -0.0003243144
1.12 0.0009544389
1.13 0.002009571
1.14 0.001974925
1.15 0.000723316
1.16 -0.0007375172
1.17 -0.001314692
1.18 -0.001186536
1.19 -0.001138492
1.2 -0.001244342
1.21 -0.001310495
1.22 -0.0009450125
1.23 -0.0001696212
1.24 -0.0008745678
1.25 -0.001522909
1.26 -0.001426027
1.27 -0.001874315
1.28 -0.004642958
1.29 -0.006409887
1.3 -0.006155502
1.31 -0.005921304
1.32 -0.006067798
1.33 -0.006136179
1.34 -0.006120082
1.35 -0.005648667
1.36 -0.004336249
1.37 -0.003748662
1.38 -0.002793478
1.39 -0.0002112025
1.4 0.002380592
1.41 0.003158811
1.42 0.004151118
1.43 0.00691867
1.44 0.007896338
1.45 0.00746768
1.46 0.007361065
1.47 0.007476617
1.48 0.006855354
1.49 0.00447496
1.5 0.001480226
1.51 -0.001051593
1.52 -0.002134939
1.53 -0.002015259
1.54 -0.001890122
1.55 -0.001951456
1.56 -0.001981412
1.57 -0.002221682
1.58 -0.003516256
1.59 -0.004592069
1.6 -0.00459142
1.61 -0.00509112
1.62 -0.006616081
1.63 -0.007119197
1.64 -0.006879863
1.65 -0.006510824
1.66 -0.004752958
1.67 -0.002496252
1.68 -0.001931896
1.69 -0.001132931
1.7 0.001259687
1.71 0.002662056
1.72 0.003255556
1.73 0.00590424
1.74 0.007411513
1.75 0.007080317
1.76 0.006847018
1.77 0.006651711
1.78 0.004842148
1.79 0.002450055
1.8 0.001776615
1.81 0.0002936041
1.82 -0.002394911
1.83 -0.002943429
1.84 -0.002495517
1.85 -0.002475784
1.86 -0.002589806
1.87 -0.002586389
1.88 -0.002654459
1.89 -0.002774234
1.9 -0.002792808
1.91 -0.002776254
1.92 -0.002780966
1.93 -0.002789482
1.94 -0.002792366
1.95 -0.002795339
1.96 -0.00279965
1.97 -0.002803749
1.98 -0.002807604
1.99 -0.002811575
2 -0.002815618
2.01 -0.002575473
2.02 -0.0001901169
2.03 0.002049237
2.04 0.002017228
2.05 0.001670831
2.06 0.002530589
2.07 0.005034819
2.08 0.008028205
2.09 0.01040704
2.1 0.01116534
2.11 0.01090512
2.12 0.009289964
2.13 0.006492508
2.14 0.004552989
2.15 0.001957832
2.16 -0.00185644
2.17 -0.004181459
2.18 -0.004604027
2.19 -0.003504188
2.2 -0.003088234
2.21 -0.00330395
2.22 -0.003037166
2.23 -0.001155329
2.24 0.001101231
2.25 0.001523505
2.26 0.001136844
2.27 0.001100513
2.28 0.0008548918
2.29 -0.00012458
2.3 0.0004916401
2.31 0.0005456744
2.32 0.0001212147
2.33 0.00216011
2.34 0.003705808
2.35 0.003464646
2.36 0.002571554
2.37 0.001148401
2.38 -0.001258633
2.39 -0.00381784
2.4 -0.004112405
2.41 -0.003280795
2.42 -0.001286517
2.43 0.0007209563
2.44 0.001029745
2.45 0.0007360678
2.46 0.001066993
2.47 0.002969176
2.48 0.006342652
2.49 0.009773564
2.5 0.01040243
2.51 0.009886473
2.52 0.009860516
2.53 0.009971879
2.54 0.009325903
2.55 0.006975341
2.56 0.003856282
2.57 -0.0003722307
2.58 -0.006921847
2.59 -0.01369409
2.6 -0.01795302
2.61 -0.01867522
2.62 -0.01812861
2.63 -0.01653801
2.64 -0.01126736
2.65 -0.00479443
2.66 -9.379482e-05
2.67 0.005053712
2.68 0.008614075
2.69 0.009716243
2.7 0.01005303
2.71 0.01269886
2.72 0.01348329
2.73 0.01029693
2.74 0.008682361
2.75 0.00732205
2.76 0.007265323
2.77 0.008135605
2.78 0.008979901
2.79 0.009412272
2.8 0.009073329
2.81 0.006275661
2.82 0.0006772477
2.83 -0.005171884
2.84 -0.009300203
2.85 -0.01171826
2.86 -0.01432492
2.87 -0.01716947
2.88 -0.0192025
2.89 -0.01832954
2.9 -0.01375025
2.91 -0.007067321
2.92 -0.001149088
2.93 0.002773316
2.94 0.004500691
2.95 0.004877174
2.96 0.006126399
2.97 0.007644326
2.98 0.008795665
2.99 0.008870483
3 0.009029009
3.01 0.01101942
3.02 0.01393708
3.03 0.01585744
3.04 0.01703411
3.05 0.01795282
3.06 0.01757985
3.07 0.01541298
3.08 0.01155119
3.09 0.005372118
3.1 -0.0003492385
3.11 -0.003275022
3.12 -0.005168611
3.13 -0.005846854
3.14 -0.004907161
3.15 -0.004455876
3.16 -0.0053458
3.17 -0.004394633
3.18 -0.002731794
3.19 -0.0007021176
3.2 0.001145079
3.21 0.001271875
3.22 -0.0002582203
3.23 -0.001435645
3.24 -0.001910573
3.25 -0.003229778
3.26 -0.003874417
3.27 -0.003697481
3.28 -0.003880955
3.29 -0.00537431
3.3 -0.006284365
3.31 -0.005334351
3.32 -0.003688779
3.33 -0.002161484
3.34 6.067628e-05
3.35 0.001100979
3.36 0.001505012
3.37 0.001987966
3.38 0.002176778
3.39 0.002653366
3.4 0.001480721
3.41 -0.0007770494
3.42 -0.003610997
3.43 -0.004661047
3.44 -0.006187296
3.45 -0.00588096
3.46 -0.004038053
3.47 -0.003235898
3.48 -0.002285057
3.49 -0.002834868
3.5 -0.004007099
3.51 -0.003298803
3.52 -0.00361202
3.53 -0.005316643
3.54 -0.007694726
3.55 -0.009200477
3.56 -0.008541921
3.57 -0.005092327
3.58 -0.0007214222
3.59 0.003285368
3.6 0.005086306
3.61 0.004634366
3.62 0.002762865
3.63 -5.167707e-05
3.64 -0.001472752
3.65 0.0006263394
3.66 0.004063165
3.67 0.00777585
3.68 0.01004727
3.69 0.01180561
3.7 0.01294771
3.71 0.01206037
3.72 0.01257844
3.73 0.01384236
3.74 0.01336539
3.75 0.0101952
3.76 0.005583046
3.77 0.00150712
3.78 -0.0006366415
3.79 -0.000579431
3.8 -0.0009965176
3.81 -0.003503962
3.82 -0.006603971
3.83 -0.009133099
3.84 -0.01055518
3.85 -0.01127682
3.86 -0.01039228
3.87 -0.009794919
3.88 -0.009546948
3.89 -0.007045876
3.9 -0.005114633
3.91 -0.006062995
3.92 -0.008794223
3.93 -0.01086045
3.94 -0.01338473
3.95 -0.01570036
3.96 -0.01717437
3.97 -0.01747201
3.98 -0.01627336
3.99 -0.01521235
4 -0.01698735
4.01 -0.01960536
4.02 -0.02020253
4.03 -0.01989697
4.04 -0.01989287
4.05 -0.01998347
4.06 -0.01996694
4.07 -0.01929034
4.08 -0.01784716
4.09 -0.01618352
4.1 -0.01256318
4.11 -0.004548462
4.12 0.004893227
4.13 0.01195957
4.14 0.01355906
4.15 0.006518846
4.16 -0.003985272
4.17 -0.01112283
4.18 -0.010967
4.19 -0.001093688
4.2 0.01467786
4.21 0.02996676
4.22 0.03767183
4.23 0.04215356
4.24 0.04869758
4.25 0.0527696
4.26 0.05494959
4.27 0.05610503
4.28 0.05288859
4.29 0.04198617
4.3 0.02475491
4.31 0.01109543
4.32 -0.002421193
4.33 -0.02793919
4.34 -0.0574009
4.35 -0.07591787
4.36 -0.08164091
4.37 -0.07883986
4.38 -0.06848217
4.39 -0.05465492
4.4 -0.04143515
4.41 -0.02957658
4.42 -0.01768728
4.43 -0.007727564
4.44 -0.001564659
4.45 0.002685479
4.46 0.007793964
4.47 0.01888431
4.48 0.03861788
4.49 0.05851088
4.5 0.06673613
4.51 0.06352545
4.52 0.05058931
4.53 0.03284934
4.54 0.02041633
4.55 0.01591911
4.56 0.01408935
4.57 0.009035987
4.58 -0.003314867
4.59 -0.02179109
4.6 -0.03627043
4.61 -0.03534756
4.62 -0.01424826
4.63 0.01730175
4.64 0.03788625
4.65 0.04206273
4.66 0.04102941
4.67 0.04263197
4.68 0.05052617
4.69 0.06160277
4.7 0.06824279
4.71 0.06653686
4.72 0.05647499
4.73 0.03770015
4.74 0.01245089
4.75 -0.007107891
4.76 -0.0169128
4.77 -0.02396647
4.78 -0.03455894
4.79 -0.04853034
4.8 -0.06336044
4.81 -0.08150329
4.82 -0.09840134
4.83 -0.1117758
4.84 -0.1211453
4.85 -0.1208319
4.86 -0.1074002
4.87 -0.08839612
4.88 -0.07636341
4.89 -0.07211044
4.9 -0.06463756
4.91 -0.04050939
4.92 0.01113718
4.93 0.07484988
4.94 0.1310921
4.95 0.1627871
4.96 0.1706839
4.97 0.1638691
4.98 0.1473714
4.99 0.1241516
5 0.09864777
5.01 0.07318598
5.02 0.04803413
5.03 0.0250712
5.04 -0.0002652361
5.05 -0.03415945
5.06 -0.07071037
5.07 -0.09624236
5.08 -0.1063769
5.09 -0.1058149
5.1 -0.09948114
5.11 -0.09331587
5.12 -0.08943252
5.13 -0.08294494
5.14 -0.06022345
5.15 -0.002733525
5.16 0.06690924
5.17 0.1050727
5.18 0.1086675
5.19 0.1015405
5.2 0.09409944
5.21 0.09046087
5.22 0.09071265
5.23 0.09100401
5.24 0.0840036
5.25 0.04644021
5.26 -0.0209045
5.27 -0.0777553
5.28 -0.1104638
5.29 -0.1174551
5.3 -0.1037027
5.31 -0.08054848
5.32 -0.05899435
5.33 -0.03200686
5.34 -0.0006417039
5.35 0.02535499
5.36 0.0463288
5.37 0.0630109
5.38 0.07037345
5.39 0.06557563
5.4 0.04895853
5.41 0.02238715
5.42 -0.005926871
5.43 -0.02507654
5.44 -0.03297684
5.45 -0.03724565
5.46 -0.04003569
5.47 -0.0443809
5.48 -0.05140631
5.49 -0.06112784
5.5 -0.07172847
5.51 -0.0785784
5.52 -0.0794119
5.53 -0.07324862
5.54 -0.06319465
5.55 -0.05325344
5.56 -0.04524398
5.57 -0.04272815
5.58 -0.04346921
5.59 -0.04349523
5.6 -0.03931232
5.61 -0.02372607
5.62 0.008365204
5.63 0.04761569
5.64 0.07344107
5.65 0.07912204
5.66 0.0733245
5.67 0.06601855
5.68 0.06041771
5.69 0.05632071
5.7 0.05229803
5.71 0.04094329
5.72 0.01543764
5.73 -0.0180589
5.74 -0.04540122
5.75 -0.05851362
5.76 -0.05811114
5.77 -0.04451841
5.78 -0.02173994
5.79 -0.004333836
5.8 -0.0004480758
5.81 -0.003284199
5.82 -0.008800532
5.83 -0.01870746
5.84 -0.03145842
5.85 -0.04413835
5.86 -0.05469017
5.87 -0.05722823
5.88 -0.04698776
5.89 -0.02112307
5.9 0.01385191
5.91 0.03964081
5.92 0.04966729
5.93 0.05407709
5.94 0.05860828
5.95 0.06085861
5.96 0.057823
5.97 0.0434013
5.98 0.01332653
5.99 -0.0205607
6 -0.04165341
6.01 -0.04736247
6.02 -0.04029785
6.03 -0.01842998
6.04 0.008909674
6.05 0.03281006
6.06 0.05469839
6.07 0.07886043
6.08 0.1033245
6.09 0.1200712
6.1 0.1269057
6.11 0.1275495
6.12 0.1218752
6.13 0.1094644
6.14 0.09191805
6.15 0.07383009
6.16 0.05953462
6.17 0.0509358
6.18 0.04741027
6.19 0.04525178
6.2 0.04363524
6.21 0.04328011
6.22 0.04150253
6.23 0.03427352
6.24 0.01528666
6.25 -0.02275433
6.26 -0.08167446
6.27 -0.1366641
6.28 -0.1757136
6.29 -0.198371
6.3 -0.204549
6.31 -0.1980116
6.32 -0.1740297
6.33 -0.1310366
6.34 -0.08425596
6.35 -0.04612248
6.36 -0.01725351
6.37 0.01397619
6.38 0.05655682
6.39 0.104265
6.4 0.1353499
6.41 0.1407901
6.42 0.123618
6.43 0.08502053
6.44 0.0446006
6.45 0.01894161
6.46 0.007493484
6.47 0.003010839
6.48 -0.008072111
6.49 -0.02918826
6.5 -0.05773086
6.51 -0.08043724
6.52 -0.08608221
6.53 -0.07776932
6.54 -0.0527852
6.55 -0.003330217
6.56 0.0612887
6.57 0.1120061
6.58 0.1334253
6.59 0.1324328
6.6 0.1172271
6.61 0.08603839
6.62 0.04531071
6.63 -0.0009858634
6.64 -0.04713267
6.65 -0.0874661
6.66 -0.1135979
6.67 -0.1179481
6.68 -0.1094205
6.69 -0.09726164
6.7 -0.08749098
6.71 -0.08387559
6.72 -0.08888419
6.73 -0.09974834
6.74 -0.1103867
6.75 -0.1156308
6.76 -0.1114462
6.77 -0.09531524
6.78 -0.06247287
6.79 -0.01677512
6.8 0.0379861
6.81 0.1185295
6.82 0.2101674
6.83 0.2245608
6.84 0.1975487
6.85 0.1821302
6.86 0.1730257
6.87 0.1599925
6.88 0.1459402
6.89 0.1316557
6.9 0.09891275
6.91 0.04212253
6.92 -0.01274816
6.93 -0.05629148
6.94 -0.09090182
6.95 -0.1181496
6.96 -0.133274
6.97 -0.1356757
6.98 -0.1277215
6.99 -0.106126
7 -0.07556905
7.01 -0.05741809
7.02 -0.0552508
7.03 -0.05905495
7.04 -0.0625048
7.05 -0.06292093
7.06 -0.06002851
7.07 -0.05346927
7.08 -0.04481353
7.09 -0.03908704
7.1 -0.03892811
7.11 -0.04331853
7.12 -0.04787369
7.13 -0.05173542
7.14 -0.05482695
7.15 -0.0573437
7.16 -0.05798073
7.17 -0.05237079
7.18 -0.03797884
7.19 -0.01429095
7.2 0.01295797
7.21 0.04143989
7.22 0.07651761
7.23 0.1086924
7.24 0.1211954
7.25 0.1197777
7.26 0.113658
7.27 0.1087045
7.28 0.1085311
7.29 0.1127734
7.3 0.1162379
7.31 0.1148629
7.32 0.1114526
7.33 0.1087978
7.34 0.1087662
7.35 0.1129474
7.36 0.1185035
7.37 0.1215423
7.38 0.1193417
7.39 0.1072288
7.4 0.07965055
7.41 0.0405674
7.42 0.001760601
7.43 -0.02944533
7.44 -0.04422961
7.45 -0.04872881
7.46 -0.05500941
7.47 -0.06615
7.48 -0.07867448
7.49 -0.08836777
7.5 -0.09791238
7.51 -0.1134734
7.52 -0.1357187
7.53 -0.157786
7.54 -0.1689288
7.55 -0.165866
7.56 -0.1477212
7.57 -0.1224694
7.58 -0.1039046
7.59 -0.08684117
7.6 -0.05649548
7.61 -0.00321813
7.62 0.06018027
7.63 0.09993701
7.64 0.1097099
7.65 0.09895018
7.66 0.06776816
7.67 0.02724958
7.68 -0.007404566
7.69 -0.02872678
7.7 -0.03258028
7.71 -0.02987503
7.72 -0.02612671
7.73 -0.02025177
7.74 -0.01128677
7.75 0.001750435
7.76 0.01733347
7.77 0.03467702
7.78 0.05394577
7.79 0.07362879
7.8 0.09033863
7.81 0.101661
7.82 0.1079642
7.83 0.1088666
7.84 0.1009521
7.85 0.0788192
7.86 0.0439005
7.87 0.009023296
7.88 -0.02041154
7.89 -0.0438916
7.9 -0.05812368
7.91 -0.06466466
7.92 -0.06714833
7.93 -0.06692687
7.94 -0.06387955
7.95 -0.05845732
7.96 -0.04930862
7.97 -0.03605789
7.98 -0.02199586
7.99 -0.009185462
8 0.01062591
8.01 0.04060087
8.02 0.06859682
8.03 0.08269
8.04 0.08008398
8.05 0.06254995
8.06 0.04169977
8.07 0.03230306
8.08 0.03964427
8.09 0.06149025
8.1 0.08283599
8.11 0.08855361
8.12 0.07390995
8.13 0.04395498
8.14 0.006177003
8.15 -0.02976838
8.16 -0.05228158
8.17 -0.06251975
8.18 -0.06908224
8.19 -0.07806152
8.2 -0.09118414
8.21 -0.1043158
8.22 -0.1144345
8.23 -0.1157604
8.24 -0.1006552
8.25 -0.07489669
8.26 -0.04335156
8.27 -0.0131168
8.28 0.007300771
8.29 0.02266116
8.3 0.04265452
8.31 0.06314797
8.32 0.07490501
8.33 0.07716166
8.34 0.07365766
8.35 0.06079047
8.36 0.03929038
8.37 0.01719098
8.38 -0.0001700402
8.39 -0.0153415
8.4 -0.02594421
8.41 -0.02791173
8.42 -0.02194281
8.43 -0.01147786
8.44 -0.001603599
8.45 0.00231736
8.46 -0.00177565
8.47 -0.01140814
8.48 -0.02843121
8.49 -0.05333729
8.5 -0.0773747
8.51 -0.08916044
8.52 -0.08928437
8.53 -0.08424724
8.54 -0.07784692
8.55 -0.07303331
8.56 -0.07466692
8.57 -0.07789126
8.58 -0.07670018
8.59 -0.06675576
8.6 -0.04144208
8.61 -0.003780412
8.62 0.03408502
8.63 0.06437911
8.64 0.08434968
8.65 0.09315272
8.66 0.0928579
8.67 0.08582344
8.68 0.07505581
8.69 0.06739458
8.7 0.06864819
8.71 0.07576064
8.72 0.08221383
8.73 0.08310254
8.74 0.07830286
8.75 0.06877246
8.76 0.05516155
8.77 0.03551083
8.78 0.007491741
8.79 -0.02678742
8.8 -0.06346115
8.81 -0.08758408
8.82 -0.09127491
8.83 -0.08039807
8.84 -0.05721882
8.85 -0.02293269
8.86 0.00785635
8.87 0.02656852
8.88 0.03744244
8.89 0.0450536
8.9 0.04587997
8.91 0.03215086
8.92 0.003981097
8.93 -0.02958585
8.94 -0.05680736
8.95 -0.07078765
8.96 -0.07699723
8.97 -0.08221281
8.98 -0.08835479
8.99 -0.09628499
9 -0.1023181
9.01 -0.1056293
9.02 -0.1066578
9.03 -0.1044946
9.04 -0.1031687
9.05 -0.1063423
9.06 -0.1099112
9.07 -0.1072374
9.08 -0.09256804
9.09 -0.06259476
9.1 -0.01880845
9.11 0.02304268
9.12 0.05522571
9.13 0.08013211
9.14 0.09175763
9.15 0.08997995
9.16 0.0768328
9.17 0.05435626
9.18 0.03348885
9.19 0.01675913
9.2 -0.004069023
9.21 -0.029691
9.22 -0.0478878
9.23 -0.05552236
9.24 -0.05542983
9.25 -0.04275054
9.26 -0.02437522
9.27 -0.01653657
9.28 -0.0253867
9.29 -0.05101739
9.3 -0.08093604
9.31 -0.09900782
9.32 -0.1004432
9.33 -0.09084098
9.34 -0.07431652
9.35 -0.05756113
9.36 -0.04390565
9.37 -0.0253248
9.38 0.006000029
9.39 0.04692054
9.4 0.08942853
9.41 0.1199019
9.42 0.1368267
9.43 0.1470962
9.44 0.1503545
9.45 0.14687
9.46 0.1318332
9.47 0.09759065
9.48 0.05807117
9.49 0.03232265
9.5 0.02133924
9.51 0.02701741
9.52 0.04693421
9.53 0.06813349
9.54 0.08537722
9.55 0.1002253
9.56 0.1263605
9.57 0.1865466
9.58 0.2398295
9.59 0.250176
9.6 0.2424624
9.61 0.2243053
9.62 0.1794671
9.63 0.1338378
9.64 0.1083813
9.65 0.1005305
9.66 0.1039575
9.67 0.1116429
9.68 0.117172
9.69 0.116304
9.7 0.109718
9.71 0.09877548
9.72 0.08336129
9.73 0.05739798
9.74 0.009555372
9.75 -0.0492801
9.76 -0.1072539
9.77 -0.1558551
9.78 -0.2000516
9.79 -0.2478727
9.8 -0.2898406
9.81 -0.3185968
9.82 -0.3329756
9.83 -0.329424
9.84 -0.3052186
9.85 -0.2633182
9.86 -0.2178372
9.87 -0.1764936
9.88 -0.1354536
9.89 -0.09538942
9.9 -0.06353846
9.91 -0.04156579
9.92 -0.02449118
9.93 -0.00929721
9.94 0.0002434172
9.95 0.004428627
9.96 0.01133284
9.97 0.02614952
9.98 0.04656229
9.99 0.06467757
10 0.07991045
10.01 0.09635094
10.02 0.115402
10.03 0.1349636
10.04 0.1557812
10.05 0.1818481
10.06 0.2060495
10.07 0.2147916
10.08 0.2079989
10.09 0.1858955
10.1 0.1387357
10.11 0.07278097
10.12 -0.0005406672
10.13 -0.07401552
10.14 -0.140826
10.15 -0.1886772
10.16 -0.2151468
10.17 -0.2285431
10.18 -0.2389734
10.19 -0.2492464
10.2 -0.2569885
10.21 -0.256152
10.22 -0.2384498
10.23 -0.207824
10.24 -0.1757873
10.25 -0.1466186
10.26 -0.1237163
10.27 -0.1035477
10.28 -0.07981083
10.29 -0.04795398
10.3 -0.006190959
10.31 0.05696328
10.32 0.1395446
10.33 0.2039788
10.34 0.2429708
10.35 0.2777694
10.36 0.3070641
10.37 0.3194657
10.38 0.3153097
10.39 0.2984056
10.4 0.2734001
10.41 0.2202145
10.42 0.1520578
10.43 0.09965197
10.44 0.06514311
10.45 0.0360817
10.46 0.001758899
10.47 -0.03888832
10.48 -0.0882834
10.49 -0.1456158
10.5 -0.2038858
10.51 -0.2415156
10.52 -0.2576611
10.53 -0.2543166
10.54 -0.2273042
10.55 -0.1798613
10.56 -0.1229519
10.57 -0.06645202
10.58 -0.007199089
10.59 0.05192216
10.6 0.08825326
10.61 0.10084
10.62 0.09974794
10.63 0.08405051
10.64 0.05454667
10.65 0.02603432
10.66 0.01180452
10.67 0.006649598
10.68 0.001722702
10.69 -0.005266804
10.7 -0.01665163
10.71 -0.03114818
10.72 -0.04518762
10.73 -0.05802222
10.74 -0.0695552
10.75 -0.08166456
10.76 -0.09145932
10.77 -0.08983719
10.78 -0.06458105
10.79 -0.007620896
10.8 0.06603492
10.81 0.1243297
10.82 0.1616878
10.83 0.1908465
10.84 0.2077986
10.85 0.2017165
10.86 0.1710443
10.87 0.11365
10.88 0.05339732
10.89 0.01923558
10.9 0.0004725224
10.91 -0.01820851
10.92 -0.04329291
10.93 -0.07218454
10.94 -0.09767971
10.95 -0.1152055
10.96 -0.1298917
10.97 -0.1409691
10.98 -0.1436248
10.99 -0.1306148
11 -0.09669931
11.01 -0.05218634
11.02 -0.005723555
11.03 0.04653802
11.04 0.09847052
11.05 0.1430296
11.06 0.1675889
11.07 0.1652113
11.08 0.1422581
11.09 0.1053868
11.1 0.0602832
11.11 0.009939081
11.12 -0.03292564
11.13 -0.05498483
11.14 -0.06577673
11.15 -0.07180244
11.16 -0.06705455
11.17 -0.04859105
11.18 -0.01992474
11.19 0.0127007
11.2 0.03941408
11.21 0.05179299
11.22 0.05825316
11.23 0.06776182
11.24 0.08131683
11.25 0.09459678
11.26 0.1034837
11.27 0.1051531
11.28 0.09406188
11.29 0.0634758
11.3 0.01566945
11.31 -0.03043869
11.32 -0.06754113
11.33 -0.1000481
11.34 -0.1293594
11.35 -0.1544433
11.36 -0.1759837
11.37 -0.1903818
11.38 -0.1952535
11.39 -0.1933421
11.4 -0.1840644
11.41 -0.1638205
11.42 -0.1315224
11.43 -0.08177165
11.44 -0.02206588
11.45 0.02965771
11.46 0.07266944
11.47 0.1164237
11.48 0.159364
11.49 0.1919707
11.5 0.208184
11.51 0.2073301
11.52 0.1884439
11.53 0.1460963
11.54 0.09703994
11.55 0.05201377
11.56 0.01002733
11.57 -0.02899181
11.58 -0.05573627
11.59 -0.06292093
11.6 -0.05706379
11.61 -0.04669676
11.62 -0.03837663
11.63 -0.03474844
11.64 -0.03270033
11.65 -0.0309908
11.66 -0.02962892
11.67 -0.02864495
11.68 -0.02948496
11.69 -0.0325784
11.7 -0.03384503
11.71 -0.03212476
11.72 -0.02750562
11.73 -0.0204734
11.74 -0.01331052
11.75 -0.00498889
11.76 0.007894512
11.77 0.02607798
11.78 0.04609373
11.79 0.05981557
11.8 0.06493592
11.81 0.0651693
11.82 0.06483792
11.83 0.06534758
11.84 0.06841229
11.85 0.07403926
11.86 0.07863601
11.87 0.08027379
11.88 0.08118187
11.89 0.08130835
11.9 0.07856597
11.91 0.06760953
11.92 0.04300873
11.93 0.01079761
11.94 -0.01688438
11.95 -0.03960792
11.96 -0.0611311
11.97 -0.08063068
11.98 -0.1018115
11.99 -0.1230378
12 -0.1361301
12.01 -0.1403969
12.02 -0.1387268
12.03 -0.1327549
12.04 -0.1202631
12.05 -0.1023336
12.06 -0.08282264
12.07 -0.06540007
12.08 -0.05055919
12.09 -0.03488148
12.1 -0.01732815
12.11 0.0008803079
12.12 0.02002953
12.13 0.0393188
12.14 0.06032163
12.15 0.08123827
12.16 0.09448551
12.17 0.1003238
12.18 0.09809003
12.19 0.08800267
12.2 0.06894465
12.21 0.04162554
12.22 0.01099442
12.23 -0.02241095
12.24 -0.05231858
12.25 -0.06922754
12.26 -0.07497867
12.27 -0.07421916
12.28 -0.06717489
12.29 -0.04767715
12.3 -0.01438288
12.31 0.02334699
12.32 0.05998451
12.33 0.0865315
12.34 0.1002353
12.35 0.1034831
12.36 0.1019897
12.37 0.09782406
12.38 0.09213397
12.39 0.08622069
12.4 0.0768271
12.41 0.06112327
12.42 0.04147364
12.43 0.02647876
12.44 0.01964906
12.45 0.01707093
12.46 0.01331996
12.47 0.006627749
12.48 -0.00468037
12.49 -0.01768396
12.5 -0.02775309
12.51 -0.03578943
12.52 -0.04419419
12.53 -0.05266327
12.54 -0.05662802
12.55 -0.05637898
12.56 -0.052171
12.57 -0.04435772
12.58 -0.03802971
12.59 -0.03336339
12.6 -0.03002299
12.61 -0.02818763
12.62 -0.02801099
12.63 -0.0284565
12.64 -0.03005671
12.65 -0.03290038
12.66 -0.03521708
12.67 -0.03638398
12.68 -0.03734337
12.69 -0.03590578
12.7 -0.02918778
12.71 -0.01650889
12.72 0.0009171839
12.73 0.01842027
12.74 0.03230517
12.75 0.04127057
12.76 0.04614596
12.77 0.04928651
12.78 0.05244713
12.79 0.05467768
12.8 0.05144088
12.81 0.04193341
12.82 0.02672007
12.83 0.006582895
12.84 -0.01740799
12.85 -0.04337791
12.86 -0.06638189
12.87 -0.07916047
12.88 -0.08182222
12.89 -0.07815548
12.9 -0.06387097
12.91 -0.03530168
12.92 -0.001254913
12.93 0.02886944
12.94 0.04662324
12.95 0.05155996
12.96 0.04893731
12.97 0.04030111
12.98 0.02713009
12.99 0.008451303
13 -0.015285
13.01 -0.0345443
13.02 -0.0426071
13.03 -0.04332514
13.04 -0.03768544
13.05 -0.02539512
13.06 -0.01013676
13.07 0.003119205
13.08 0.01536977
13.09 0.0266831
13.1 0.03531667
13.11 0.04320057
13.12 0.05148152
13.13 0.05978076
13.14 0.06604864
13.15 0.06806431
13.16 0.06761965
13.17 0.0670433
13.18 0.06489018
13.19 0.05908577
13.2 0.04969771
13.21 0.03509405
13.22 0.01449901
13.23 -0.006438441
13.24 -0.02554239
13.25 -0.04372938
13.26 -0.06058784
13.27 -0.07545714
13.28 -0.08733824
13.29 -0.0962872
13.3 -0.1018344
13.31 -0.1015538
13.32 -0.09572795
13.33 -0.08113535
13.34 -0.05976543
13.35 -0.03321409
13.36 -0.003999312
13.37 0.02320192
13.38 0.04192888
13.39 0.04991445
13.4 0.05089232
13.41 0.04529543
13.42 0.03114612
13.43 0.01107539
13.44 -0.01209805
13.45 -0.0358069
13.46 -0.05801737
13.47 -0.07377385
13.48 -0.0816068
13.49 -0.08571053
13.5 -0.08942237
13.51 -0.09132785
13.52 -0.08866679
13.53 -0.08638743
13.54 -0.08420951
13.55 -0.07290286
13.56 -0.04751105
13.57 -0.01141884
13.58 0.02407387
13.59 0.05712537
13.6 0.08647742
13.61 0.102319
13.62 0.1040761
13.63 0.09844718
13.64 0.08682098
13.65 0.06539482
13.66 0.04128584
13.67 0.02302779
13.68 0.007378505
13.69 -0.006112804
13.7 -0.01424938
13.71 -0.01692691
13.72 -0.01576909
13.73 -0.01075175
13.74 -0.002774567
13.75 0.005153611
13.76 0.009185834
13.77 0.008557647
13.78 0.006798283
13.79 0.009071259
13.8 0.01581346
13.81 0.02637017
13.82 0.03859855
13.83 0.04554343
13.84 0.04866588
13.85 0.04876453
13.86 0.04657276
13.87 0.04237783
13.88 0.03482303
13.89 0.0219595
13.9 0.005084014
13.91 -0.00834099
13.92 -0.01694019
13.93 -0.02565317
13.94 -0.03339163
13.95 -0.03745838
13.96 -0.03774799
13.97 -0.0349247
13.98 -0.03046025
13.99 -0.02615656
14 -0.02141053
14.01 -0.018463
14.02 -0.01629295
14.03 -0.01156835
14.04 -0.005520827
14.05 0.001559159
14.06 0.008993809
14.07 0.01319303
14.08 0.01865936
14.09 0.02725211
14.1 0.03479465
14.11 0.03851378
14.12 0.03710959
14.13 0.03135679
14.14 0.02256503
14.15 0.01128877
14.16 -0.0001349532
14.17 -0.0112601
14.18 -0.02263025
14.19 -0.03367252
14.2 -0.0444748
14.21 -0.05280315
14.22 -0.05656087
14.23 -0.05695266
14.24 -0.05593565
14.25 -0.05248534
14.26 -0.0440864
14.27 -0.03099539
14.28 -0.01582964
14.29 -0.002664315
14.3 0.01074342
14.31 0.02689265
14.32 0.04264177
14.33 0.05107662
14.34 0.05311039
14.35 0.05317672
14.36 0.05398227
14.37 0.05410242
14.38 0.05198401
14.39 0.04559858
14.4 0.03643418
14.41 0.02342455
14.42 0.002233894
14.43 -0.02148307
14.44 -0.03961482
14.45 -0.04955357
14.46 -0.05360014
14.47 -0.05472045
14.48 -0.05500391
14.49 -0.05688463
14.5 -0.05844378
14.51 -0.05740207
14.52 -0.05630852
14.53 -0.05298795
14.54 -0.04498084
14.55 -0.03221647
14.56 -0.01686675
14.57 -0.004002934
14.58 0.004886442
14.59 0.01105825
14.6 0.01649563
14.61 0.02100837
14.62 0.02281237
14.63 0.02208322
14.64 0.01771252
14.65 0.01087692
14.66 0.006236646
14.67 0.005902567
14.68 0.008826439
14.69 0.01294582
14.7 0.01834069
14.71 0.02331692
14.72 0.02633574
14.73 0.02851581
14.74 0.02921136
14.75 0.02767229
14.76 0.02598317
14.77 0.02476814
14.78 0.02436996
14.79 0.02255291
14.8 0.01780048
14.81 0.01187146
14.82 0.006247414
14.83 -0.0003468634
14.84 -0.008356255
14.85 -0.01512407
14.86 -0.02172082
14.87 -0.03172286
14.88 -0.04115146
14.89 -0.04686565
14.9 -0.05147839
14.91 -0.05472133
14.92 -0.05522154
14.93 -0.05362508
14.94 -0.04645953
14.95 -0.03272836
14.96 -0.01892029
14.97 -0.008716599
14.98 0.002557771
14.99 0.01649183
15 0.02610753
15.01 0.03177237
15.02 0.03464707
15.03 0.03643527
15.04 0.03836924
15.05 0.04005135
15.06 0.04415586
15.07 0.05241767
15.08 0.06013978
15.09 0.06472451
15.1 0.06638025
15.11 0.0630362
15.12 0.05549503
15.13 0.04482107
15.14 0.02968656
15.15 0.01336574
15.16 -0.0007363633
15.17 -0.01352807
15.18 -0.02242913
15.19 -0.02666449
15.2 -0.02740779
15.21 -0.02508588
15.22 -0.01886883
15.23 -0.00937427
15.24 0.004775136
15.25 0.01874355
15.26 0.02869829
15.27 0.03569952
15.28 0.0398721
15.29 0.04224944
15.3 0.0431451
15.31 0.0429791
15.32 0.04280957
15.33 0.04269517
15.34 0.04031486
15.35 0.03318029
15.36 0.02193504
15.37 0.005607523
15.38 -0.01484875
15.39 -0.03287988
15.4 -0.04369805
15.41 -0.04827022
15.42 -0.04943564
15.43 -0.04727667
15.44 -0.04424508
15.45 -0.04136236
15.46 -0.03853954
15.47 -0.03327011
15.48 -0.02531227
15.49 -0.01489289
15.5 -0.004654251
15.51 0.004507003
15.52 0.0127239
15.53 0.01828698
15.54 0.02132182
15.55 0.02104205
15.56 0.01650618
15.57 0.01045192
15.58 0.004890828
15.59 -0.0004890839
15.6 -0.005859076
15.61 -0.01120001
15.62 -0.01672406
15.63 -0.02227368
15.64 -0.02750506
15.65 -0.03034956
15.66 -0.03121903
15.67 -0.03049116
15.68 -0.0296669
15.69 -0.02885453
15.7 -0.02718324
15.71 -0.02300751
15.72 -0.01756236
15.73 -0.01154045
15.74 -0.005980814
15.75 -0.002062858
15.76 0.002654483
15.77 0.006978764
15.78 0.01064544
15.79 0.01997501
15.8 0.0317434
15.81 0.0396676
15.82 0.04474138
15.83 0.04840937
15.84 0.04829171
15.85 0.04362544
15.86 0.03736434
15.87 0.02886024
15.88 0.01748659
15.89 0.008190821
15.9 0.00200304
15.91 -0.001540623
15.92 -0.003998887
15.93 -0.0067118
15.94 -0.008123305
15.95 -0.005987664
15.96 -0.001692332
15.97 0.002802823
15.98 0.009749785
15.99 0.0167272
16 0.02057321
16.01 0.02336574
16.02 0.02408652
16.03 0.02233041
16.04 0.01800806
16.05 0.01247321
16.06 0.005795018
16.07 -0.004408424
16.08 -0.01710611
16.09 -0.02960326
16.1 -0.03929232
16.11 -0.04317775
16.12 -0.04523934
16.13 -0.04596048
16.14 -0.04359653
16.15 -0.03843219
16.16 -0.02922156
16.17 -0.0179736
16.18 -0.007713949
16.19 0.0008052316
16.2 0.008151951
16.21 0.01305585
16.22 0.01662377
16.23 0.01916114
16.24 0.01907684
16.25 0.01681738
16.26 0.01120995
16.27 -0.001786855
16.28 -0.01776762
16.29 -0.02948977
16.3 -0.03154225
16.31 -0.02600546
16.32 -0.01785972
16.33 -0.007263137
16.34 0.007026616
16.35 0.02270194
16.36 0.03400722
16.37 0.04043872
16.38 0.04420638
16.39 0.04490903
16.4 0.04329007
16.41 0.03787527
16.42 0.02871683
16.43 0.01672231
16.44 0.006111011
16.45 0.0003035287
16.46 -0.002585732
16.47 -0.005016195
16.48 -0.006919555
16.49 -0.008064186
16.5 -0.007845075
16.51 -0.005567082
16.52 -0.003872905
16.53 -0.00207977
16.54 0.0005978158
16.55 0.003456461
16.56 0.007059694
16.57 0.009599446
16.58 0.009631702
16.59 0.009247366
16.6 0.008250198
16.61 0.005360608
16.62 0.003303388
16.63 0.002501407
16.64 0.003618361
16.65 0.005168396
16.66 0.00696752
16.67 0.008960504
16.68 0.009518536
16.69 0.00917465
16.7 0.008002692
16.71 0.00680142
16.72 0.006724614
16.73 0.006928958
16.74 0.007564944
16.75 0.009051982
16.76 0.01071058
16.77 0.01409639
16.78 0.0165862
16.79 0.01651105
16.8 0.01610779
16.81 0.01614163
16.82 0.01619078
16.83 0.0160026
16.84 0.01481401
16.85 0.01339252
16.86 0.01192941
16.87 0.01056057
16.88 0.009003398
16.89 0.005125594
16.9 -0.00139645
16.91 -0.008244099
16.92 -0.01734946
16.93 -0.02759862
16.94 -0.03525153
16.95 -0.03806926
16.96 -0.03751854
16.97 -0.03541152
16.98 -0.03216313
16.99 -0.0272639
17 -0.02253657
17.01 -0.01961307
17.02 -0.01736603
17.03 -0.01634008
17.04 -0.01543188
17.05 -0.01264581
17.06 -0.00963215
17.07 -0.005191579
17.08 -0.002296287
17.09 -0.002404143
17.1 -0.003748348
17.11 -0.007915238
17.12 -0.01370499
17.13 -0.01723326
17.14 -0.01980466
17.15 -0.02438608
17.16 -0.02715195
17.17 -0.02818229
17.18 -0.02767289
17.19 -0.0248562
17.2 -0.01931048
17.21 -0.01258763
17.22 -0.006677206
17.23 -0.0007917472
17.24 0.003114845
17.25 0.004431689
17.26 0.004357681
17.27 0.003911997
17.28 0.002083186
17.29 -0.0008233901
17.3 -0.003616556
17.31 -0.006314422
17.32 -0.008848715
17.33 -0.01026404
17.34 -0.01153344
17.35 -0.01159198
17.36 -0.01005927
17.37 -0.009419914
17.38 -0.008455844
17.39 -0.007710585
17.4 -0.009122719
17.41 -0.01010277
17.42 -0.009902993
17.43 -0.009752908
17.44 -0.009561775
17.45 -0.007340514
17.46 -0.002946818
17.47 0.001428322
17.48 0.006169408
17.49 0.01044024
17.5 0.01349316
17.51 0.01742856
17.52 0.02113844
17.53 0.0245552
17.54 0.02869259
17.55 0.0331492
17.56 0.0381229
17.57 0.04184099
17.58 0.04242076
17.59 0.03883733
17.6 0.03188333
17.61 0.02034489
17.62 0.009541872
17.63 0.003341686
17.64 -0.001570155
17.65 -0.007928769
17.66 -0.01512409
17.67 -0.02237992
17.68 -0.02969921
17.69 -0.03463214
17.7 -0.03767447
17.71 -0.03840656
17.72 -0.03757683
17.73 -0.03220562
17.74 -0.01903401
17.75 -0.006722223
17.76 0.0008677375
17.77 0.008055554
17.78 0.01424549
17.79 0.01919421
17.8 0.02237874
17.81 0.02294765
17.82 0.02169291
17.83 0.01700137
17.84 0.008339817
17.85 -0.002926646
17.86 -0.01257164
17.87 -0.01791471
17.88 -0.02142093
17.89 -0.02547065
17.9 -0.02979794
17.91 -0.03350644
17.92 -0.0362414
17.93 -0.03876891
17.94 -0.04050039
17.95 -0.03949794
17.96 -0.03629406
17.97 -0.03135693
17.98 -0.02328499
17.99 -0.01328938
18 -0.005474928
18.01 -0.001374154
18.02 0.0007623364
18.03 0.001563646
18.04 0.001458976
18.05 0.001402918
18.06 0.002450183
18.07 0.005103895
18.08 0.00809229
18.09 0.01085247
18.1 0.01347766
18.11 0.01540543
18.12 0.01546604
18.13 0.01249395
18.14 0.007161955
18.15 0.003259775
18.16 0.00158959
18.17 0.002210821
18.18 0.003846313
18.19 0.00552437
18.2 0.008028085
18.21 0.0108833
18.22 0.01434893
18.23 0.01940606
18.24 0.02524227
18.25 0.0319556
18.26 0.03819175
18.27 0.04168929
18.28 0.04327723
18.29 0.04339202
18.3 0.04036735
18.31 0.03130089
18.32 0.01596972
18.33 -0.001749725
18.34 -0.01999391
18.35 -0.03370192
18.36 -0.04112907
18.37 -0.04365663
18.38 -0.0428031
18.39 -0.04027599
18.4 -0.03638497
18.41 -0.03119194
18.42 -0.0267704
18.43 -0.02236475
18.44 -0.01685555
18.45 -0.01038669
18.46 -0.004594421
18.47 -0.00171316
18.48 -0.001338736
18.49 -0.002886488
18.5 -0.003808233
18.51 -0.004293765
18.52 -0.003509629
18.53 -0.001110311
18.54 0.0006946712
18.55 0.001292611
18.56 0.00117291
18.57 0.001278939
18.58 0.003812702
18.59 0.009290084
18.6 0.01477022
18.61 0.01749803
18.62 0.01762418
18.63 0.01734296
18.64 0.01740019
18.65 0.0174529
18.66 0.01742517
18.67 0.01741286
18.68 0.01741732
18.69 0.01741545
18.7 0.01741068
18.71 0.01741395
18.72 0.01792331
18.73 0.01862493
18.74 0.0176084
18.75 0.01597766
18.76 0.01444745
18.77 0.01078591
18.78 0.005030853
18.79 9.353234e-05
18.8 -0.002664762
18.81 -0.004003813
18.82 -0.005008411
18.83 -0.004029004
18.84 -0.0009716413
18.85 0.002928458
18.86 0.008132873
18.87 0.01362093
18.88 0.01737456
18.89 0.01985076
18.9 0.02175644
18.91 0.02208746
18.92 0.02076761
18.93 0.01898567
18.94 0.01529063
18.95 0.009567049
18.96 0.002992534
18.97 -0.004847363
18.98 -0.01220612
18.99 -0.01698857
19 -0.01883142
19.01 -0.02063538
19.02 -0.0226352
19.03 -0.02403584
19.04 -0.02501277
19.05 -0.02548414
19.06 -0.02672412
19.07 -0.02820695
19.08 -0.02951405
19.09 -0.02994933
19.1 -0.03110817
19.11 -0.03214964
19.12 -0.03211825
19.13 -0.03194887
19.14 -0.03212053
19.15 -0.03316464
19.16 -0.0325851
19.17 -0.02853905
19.18 -0.02106323
19.19 -0.01150694
19.2 -0.001976146
19.21 0.004869764
19.22 0.009135183
19.23 0.01030686
19.24 0.008301837
19.25 0.003200483
19.26 -0.002699215
19.27 -0.00877953
19.28 -0.01650574
19.29 -0.02162367
19.3 -0.02385577
19.31 -0.02600002
19.32 -0.02626733
19.33 -0.02476839
19.34 -0.02314797
19.35 -0.021144
19.36 -0.0174157
19.37 -0.01405075
19.38 -0.01125881
19.39 -0.006412454
19.4 0.001178885
19.41 0.009485601
19.42 0.01669559
19.43 0.0208598
19.44 0.02179824
19.45 0.02152277
19.46 0.02147874
19.47 0.01997538
19.48 0.01594855
19.49 0.01123259
19.5 0.00620355
19.51 0.002489686
19.52 0.0005817803
19.53 -0.0005808657
19.54 -0.002955102
19.55 -0.005781353
19.56 -0.006895134
19.57 -0.006635079
19.58 -0.005744378
19.59 -0.003407017
19.6 -0.0006331927
19.61 0.0006349338
19.62 0.0008812198
19.63 0.002735293
19.64 0.005006147
19.65 0.005257837
19.66 0.003937298
19.67 0.003724222
19.68 0.003358947
19.69 0.00195809
19.7 0.0004915939
19.71 0.001100485
19.72 0.001652661
19.73 0.001998263
19.74 0.003248229
19.75 0.004803889
19.76 0.006124467
19.77 0.007427887
19.78 0.008772127
19.79 0.009670167
19.8 0.009651359
19.81 0.009515783
19.82 0.009462584
19.83 0.008411351
19.84 0.00718018
19.85 0.00710236
19.86 0.007280132
19.87 0.006483642
19.88 0.005012166
19.89 0.00464598
19.9 0.004870479
19.91 0.005310767
19.92 0.006128108
19.93 0.00535447
19.94 0.004657693
19.95 0.004782074
19.96 0.005232701
19.97 0.007060466
19.98 0.009963134
19.99 0.01280395
20 0.01533984
20.01 0.0168485
20.02 0.01849145
20.03 0.02072192
20.04 0.02147433
20.05 0.02194486
20.06 0.02114268
20.07 0.01884752
20.08 0.01800677
20.09 0.01694443
20.1 0.01617787
20.11 0.01634293
20.12 0.01758882
20.13 0.01907403
20.14 0.02090137
20.15 0.02302641
20.16 0.0244638
20.17 0.02670635
20.18 0.02929774
20.19 0.02922563
20.2 0.02668174
20.21 0.02099788
20.22 0.01300576
20.23 0.005627061
20.24 0.001180642
20.25 -0.001465867
20.26 -0.0009750386
20.27 0.001511026
20.28 0.007103899
20.29 0.01529798
20.3 0.02215646
20.31 0.02705018
20.32 0.03048228
20.33 0.03311837
20.34 0.034824
20.35 0.03405229
20.36 0.03245653
20.37 0.03199282
20.38 0.03046282
20.39 0.02680194
20.4 0.02231795
20.41 0.01796374
20.42 0.01178895
20.43 0.004620363
20.44 -0.002825246
20.45 -0.01105757
20.46 -0.0191782
20.47 -0.02417836
20.48 -0.02699877
20.49 -0.03042098
20.5 -0.03284632
20.51 -0.0325719
20.52 -0.0299167
20.53 -0.02553128
20.54 -0.01721975
20.55 -0.006279963
20.56 0.003081178
20.57 0.01268324
20.58 0.02574178
20.59 0.0356234
20.6 0.03959334
20.61 0.04256982
20.62 0.0443059
20.63 0.04285838
20.64 0.03866206
20.65 0.03295683
20.66 0.02478426
20.67 0.01557365
20.68 0.009182145
20.69 0.003557094
20.7 -0.002306995
20.71 -0.007761207
20.72 -0.01175919
20.73 -0.01477064
20.74 -0.01881443
20.75 -0.02167835
20.76 -0.0217047
20.77 -0.01882904
20.78 -0.01218022
20.79 -0.005265405
20.8 7.95508e-05
20.81 0.004503273
20.82 0.007529894
20.83 0.008918478
20.84 0.008919279
20.85 0.008701542
20.86 0.008268988
20.87 0.006916315
20.88 0.006232603
20.89 0.005362383
20.9 0.003661342
20.91 0.0004427975
20.92 -0.003128952
20.93 -0.006520329
20.94 -0.01055365
20.95 -0.01383813
20.96 -0.01624861
20.97 -0.01726904
20.98 -0.01713404
20.99 -0.01700708
21 -0.01706504
21.01 -0.01708329
21.02 -0.0168682
21.03 -0.01552858
21.04 -0.01449553
21.05 -0.01400218
21.06 -0.01276931
21.07 -0.01210765
21.08 -0.01111434
21.09 -0.009688679
21.1 -0.008212922
21.11 -0.006925687
21.12 -0.005527319
21.13 -0.00422263
21.14 -0.003145602
21.15 -0.002695737
21.16 -0.00101341
21.17 0.001256352
21.18 0.00178828
21.19 0.0005157643
21.2 -0.0008884705
21.21 -0.001334944
21.22 -0.00292099
21.23 -0.005252586
21.24 -0.00664467
21.25 -0.007822774
21.26 -0.009452663
21.27 -0.01214519
21.28 -0.01461605
21.29 -0.01637042
21.3 -0.01900101
21.31 -0.02001876
21.32 -0.01967131
21.33 -0.01921291
21.34 -0.01746735
21.35 -0.01461835
21.36 -0.01171496
21.37 -0.008273368
21.38 -0.006542575
21.39 -0.006311403
21.4 -0.00571089
21.41 -0.005551058
21.42 -0.006417277
21.43 -0.006996746
21.44 -0.007102083
21.45 -0.008252601
21.46 -0.009946012
21.47 -0.01066317
21.48 -0.01129557
21.49 -0.01344384
21.5 -0.01401542
21.51 -0.0127931
21.52 -0.01249554
21.53 -0.01278027
21.54 -0.01359811
21.55 -0.0150914
21.56 -0.01660133
21.57 -0.01662524
21.58 -0.01147821
21.59 -0.003834768
21.6 0.003745669
21.61 0.01075501
21.62 0.01736284
21.63 0.02188249
21.64 0.0226001
21.65 0.02140944
21.66 0.01909536
21.67 0.01521209
21.68 0.00973899
21.69 0.004040902
21.7 -0.0004878061
21.71 -0.00237111
21.72 -0.004200248
21.73 -0.005942024
21.74 -0.00630295
21.75 -0.007312058
21.76 -0.008804518
21.77 -0.01033335
21.78 -0.01174641
21.79 -0.01413756
21.8 -0.01681244
21.81 -0.01786764
21.82 -0.01763843
21.83 -0.01751572
21.84 -0.01751414
21.85 -0.01649864
21.86 -0.0153099
21.87 -0.01481653
21.88 -0.01353902
21.89 -0.01274683
21.9 -0.0119572
21.91 -0.009671451
21.92 -0.007874425
21.93 -0.006613995
21.94 -0.005334934
21.95 -0.003125684
21.96 -0.00123939
21.97 0.0001987602
21.98 0.002483659
21.99 0.004003914
22 0.005135351
22.01 0.005648021
22.02 0.005447114
22.03 0.004207878
22.04 0.00302596
22.05 0.002994027
22.06 0.003184183
22.07 0.003152409
22.08 0.003241918
22.09 0.004503271
22.1 0.005312855
22.11 0.003823698
22.12 0.002846032
22.13 0.002993267
22.14 0.002127418
22.15 0.0005587291
22.16 -0.001319675
22.17 -0.004070077
22.18 -0.006244622
22.19 -0.007407173
22.2 -0.00846207
22.21 -0.008452772
22.22 -0.006565064
22.23 -0.004202698
22.24 -0.002750026
22.25 0.0004106448
22.26 0.004690135
22.27 0.007631963
22.28 0.009604727
22.29 0.01021239
22.3 0.009175777
22.31 0.007554924
22.32 0.005898253
22.33 0.003293135
22.34 0.000336872
22.35 -0.003074685
22.36 -0.006345788
22.37 -0.008162258
22.38 -0.01021682
22.39 -0.01094027
22.4 -0.008550001
22.41 -0.004615944
22.42 -0.0008526688
22.43 0.002454885
22.44 0.006128123
22.45 0.007934804
22.46 0.006342313
22.47 0.002979846
22.48 -8.049949e-07
22.49 -0.003258198
22.5 -0.004942375
22.51 -0.00603525
22.52 -0.006671934
22.53 -0.005651006
22.54 -0.003036794
22.55 -0.00155465
22.56 -0.001750038
22.57 -0.002614574
22.58 -0.004801613
22.59 -0.006814326
22.6 -0.008075226
22.61 -0.008959442
22.62 -0.009023608
22.63 -0.008230358
22.64 -0.005995112
22.65 -0.004202983
22.66 -0.004144915
22.67 -0.004409067
22.68 -0.004361483
22.69 -0.00426408
22.7 -0.003281565
22.71 -0.0008707924
22.72 0.0008029489
22.73 0.002469282
22.74 0.005170269
22.75 0.008077513
22.76 0.009875121
22.77 0.01123852
22.78 0.01347242
22.79 0.01454766
22.8 0.01366147
22.81 0.01115474
22.82 0.008052113
22.83 0.004077572
22.84 0.000236841
22.85 -0.003059973
22.86 -0.006484456
22.87 -0.009202866
22.88 -0.01161101
22.89 -0.01325847
22.9 -0.0144667
22.91 -0.01644433
22.92 -0.01848057
22.93 -0.01886575
22.94 -0.01858953
22.95 -0.01857892
22.96 -0.01864701
22.97 -0.01863764
22.98 -0.01854821
22.99 -0.01739271
23 -0.01443575
23.01 -0.01148163
23.02 -0.009246353
23.03 -0.006721132
23.04 -0.00589368
23.05 -0.004651714
23.06 -0.002242593
23.07 -8.188314e-05
23.08 0.00265635
23.09 0.005678762
23.1 0.009360308
23.11 0.01271614
23.12 0.01620129
23.13 0.01749328
23.14 0.01710992
23.15 0.0169582
23.16 0.01656649
23.17 0.01382956
23.18 0.01083437
23.19 0.006608298
23.2 0.001949725
23.21 -0.001209868
23.22 -0.004532916
23.23 -0.006393823
23.24 -0.00624873
23.25 -0.007669361
23.26 -0.01057461
23.27 -0.01116546
23.28 -0.01029945
23.29 -0.008257055
23.3 -0.006017052
23.31 -0.003829404
23.32 -0.001113267
23.33 0.002401887
23.34 0.007399529
23.35 0.01119079
23.36 0.01442351
23.37 0.01752572
23.38 0.01901121
23.39 0.01848863
23.4 0.01754412
23.41 0.01747393
23.42 0.01595409
23.43 0.01287494
23.44 0.009903774
23.45 0.008132464
23.46 0.008184964
23.47 0.008521483
23.48 0.01029849
23.49 0.01303309
23.5 0.01405034
23.51 0.01724085
23.52 0.02306684
23.53 0.027235
23.54 0.02741743
23.55 0.02421313
23.56 0.01862267
23.57 0.01246839
23.58 0.006247963
23.59 0.001619898
23.6 -0.003014927
23.61 -0.005799741
23.62 -0.00568374
23.63 -0.004668227
23.64 -0.00324128
23.65 -0.001737977
23.66 0.0006981149
23.67 0.003667023
23.68 0.006535414
23.69 0.008652856
23.7 0.009961759
23.71 0.01215771
23.72 0.01371463
23.73 0.01331103
23.74 0.01109574
23.75 0.00743598
23.76 0.002438639
23.77 -0.001025187
23.78 -0.003529553
23.79 -0.005659052
23.8 -0.007069889
23.81 -0.007489862
23.82 -0.008338607
23.83 -0.009677296
23.84 -0.009885544
23.85 -0.009594698
23.86 -0.008038159
23.87 -0.004168949
23.88 -0.000575762
23.89 0.003466216
23.9 0.008211383
23.91 0.009876456
23.92 0.009329656
23.93 0.009139017
23.94 0.009249515
23.95 0.00887531
23.96 0.00748403
23.97 0.006773269
23.98 0.007029979
23.99 0.008249243
24 0.009459206
24.01 0.009527198
24.02 0.009903508
24.03 0.01066399
24.04 0.009840341
24.05 0.009276111
24.06 0.009420323
24.07 0.00845799
24.08 0.005461078
24.09 0.002561867
24.1 -2.299283e-05
24.11 -0.002857676
24.12 -0.005507341
24.13 -0.008259317
24.14 -0.009382016
24.15 -0.0092697
24.16 -0.01041576
24.17 -0.0115749
24.18 -0.01147467
24.19 -0.01048899
24.2 -0.007315849
24.21 -0.003951223
24.22 -0.0009420784
24.23 0.002577709
24.24 0.006229243
24.25 0.009613374
24.26 0.01229614
24.27 0.0148273
24.28 0.0177044
24.29 0.01932621
24.3 0.01911045
24.31 0.01795647
24.32 0.01653924
24.33 0.01503337
24.34 0.01326417
24.35 0.0103427
24.36 0.006548865
24.37 0.0004204962
24.38 -0.005727775
24.39 -0.01125819
24.4 -0.01607254
24.41 -0.02003604
24.42 -0.02289423
24.43 -0.02331532
24.44 -0.02324825
24.45 -0.02414006
24.46 -0.02358969
24.47 -0.0226906
24.48 -0.02131807
24.49 -0.01722213
24.5 -0.01139024
24.51 -0.007471444
24.52 -0.006254038
24.53 -0.002397952
24.54 0.0008615758
24.55 0.001533359
24.56 0.003922497
24.57 0.007028661
24.58 0.009762433
24.59 0.009895295
24.6 0.006899983
24.61 0.004830674
24.62 0.005041618
24.63 0.004489983
24.64 0.003063364
24.65 0.003975655
24.66 0.005433661
24.67 0.005494214
24.68 0.005263334
24.69 0.005189841
24.7 0.003876028
24.71 0.001350394
24.72 -0.0002651276
24.73 -0.002175509
24.74 -0.004063225
24.75 -0.004318555
24.76 -0.003766779
24.77 -0.001927505
24.78 0.0004272217
24.79 0.002576008
24.8 0.006152684
24.81 0.009331841
24.82 0.01028784
24.83 0.01000312
24.84 0.009917246
24.85 0.009951501
24.86 0.008727741
24.87 0.005997133
24.88 0.003055486
24.89 0.0008749311
24.9 -0.001238507
24.91 -0.003959873
24.92 -0.005887744
24.93 -0.007907814
24.94 -0.008793056
24.95 -0.008589665
24.96 -0.008478451
24.97 -0.008598409
24.98 -0.008666227
24.99 -0.0077113
25 -0.004619415
25.01 -0.001516678
25.02 0.002908943
25.03 0.006300049
25.04 0.008850204
25.05 0.01036557
25.06 0.01035234
25.07 0.01015483
25.08 0.009818934
25.09 0.007231031
25.1 0.004259506
25.11 0.001442498
25.12 -0.001323905
25.13 -0.005939055
25.14 -0.00945536
25.15 -0.01195366
25.16 -0.01337826
25.17 -0.01325581
25.18 -0.0129359
25.19 -0.01172236
25.2 -0.008783059
25.21 -0.003901457
25.22 0.001948348
25.23 0.007359048
25.24 0.01068161
25.25 0.01319704
25.26 0.01512578
25.27 0.01515897
25.28 0.01343156
25.29 0.01047492
25.3 0.00856059
25.31 0.00655647
25.32 0.005437892
25.33 0.005529742
25.34 0.00567198
25.35 0.006584931
25.36 0.008132233
25.37 0.009653636
25.38 0.01046816
25.39 0.01036013
25.4 0.008582061
25.41 0.005532299
25.42 0.002580395
25.43 9.36386e-05
25.44 -0.002677736
25.45 -0.005308287
25.46 -0.007953366
25.47 -0.008725283
25.48 -0.008852309
25.49 -0.01139977
25.5 -0.01336019
25.51 -0.0131569
25.52 -0.01382712
25.53 -0.01641187
25.54 -0.01792345
25.55 -0.01692237
25.56 -0.01388831
25.57 -0.01254159
25.58 -0.01182529
25.59 -0.009457922
25.6 -0.007677991
25.61 -0.006457456
25.62 -0.005831936
25.63 -0.005819154
25.64 -0.004856868
25.65 -0.003574043
25.66 -0.003457311
25.67 -0.003564078
25.68 -0.003507702
25.69 -0.003539278
25.7 -0.003582353
25.71 -0.003579521
25.72 -0.003574984
25.73 -0.003556007
25.74 -0.003497901
25.75 -0.003566406
25.76 -0.004701314
25.77 -0.006233019
25.78 -0.00767771
25.79 -0.008352709
25.8 -0.008343266
25.81 -0.01021227
25.82 -0.01294267
25.83 -0.01328329
25.84 -0.01282508
25.85 -0.01282242
25.86 -0.01286858
25.87 -0.01270165
25.88 -0.01168358
25.89 -0.0115736
25.9 -0.01121219
25.91 -0.01115416
25.92 -0.01252077
25.93 -0.01313532
25.94 -0.01434807
25.95 -0.0167735
25.96 -0.01777772
25.97 -0.01745519
25.98 -0.01636525
25.99 -0.01384307
26 -0.01065187
26.01 -0.006475434
26.02 -0.002213862
26.03 0.002619142
26.04 0.006299808
26.05 0.008983523
26.06 0.01214971
26.07 0.01330055
26.08 0.01293672
26.09 0.01272755
26.1 0.01160211
26.11 0.00791648
26.12 0.00312402
26.13 -0.002931687
26.14 -0.009242353
26.15 -0.01462209
26.16 -0.01882629
26.17 -0.0213236
26.18 -0.02218286
26.19 -0.02121857
26.2 -0.0181482
26.21 -0.01507663
26.22 -0.01041571
26.23 -0.004791223
26.24 -0.0008324059
26.25 0.002143695
26.26 0.005447416
26.27 0.006483429
26.28 0.007140761
26.29 0.008316944
26.3 0.008507134
26.31 0.007720051
26.32 0.006274011
26.33 0.005707058
26.34 0.004553916
26.35 0.00176314
26.36 -0.001167146
26.37 -0.003093969
26.38 -0.003469751
26.39 -0.003311502
26.4 -0.003357645
26.41 -0.003418746
26.42 -0.003386553
26.43 -0.003315668
26.44 -0.003297001
26.45 -0.003183323
26.46 -0.001713428
26.47 0.00111845
26.48 0.003466762
26.49 0.004712069
26.5 0.007709337
26.51 0.01102268
26.52 0.01261106
26.53 0.01278728
26.54 0.0112856
26.55 0.01038815
26.56 0.009630909
26.57 0.007006689
26.58 0.002425878
26.59 -0.002359151
26.6 -0.00498492
26.61 -0.007391011
26.62 -0.008278703
26.63 -0.007794248
26.64 -0.006033193
26.65 -0.003689924
26.66 -0.002282051
26.67 -0.0002476932
26.68 0.002508153
26.69 0.003961662
26.7 0.004207112
26.71 0.005435996
26.72 0.006340067
26.73 0.00627598
26.74 0.006025358
26.75 0.004825073
26.76 0.00369765
26.77 0.003723126
26.78 0.003213961
26.79 0.001681196
26.8 0.001212404
26.81 0.001519957
26.82 0.001628752
26.83 0.001515504
26.84 0.002231579
26.85 0.004598606
26.86 0.006523255
26.87 0.008041148
26.88 0.0110672
26.89 0.01490572
26.9 0.01691598
26.91 0.01901708
26.92 0.02303312
26.93 0.02716148
26.94 0.02937898
26.95 0.02973914
26.96 0.0295242
26.97 0.02836169
26.98 0.02542986
26.99 0.0208432
27 0.01599559
27.01 0.01042753
27.02 0.004960523
27.03 -0.0003028822
27.04 -0.002902346
27.05 -0.00264702
27.06 -0.001769789
27.07 -0.0004314163
27.08 7.604365e-05
27.09 6.074098e-05
27.1 0.001259025
27.11 0.002382382
27.12 0.002323252
27.13 0.002111191
27.14 0.002133315
27.15 0.002152391
27.16 0.001897763
27.17 0.0001139045
27.18 -0.002203579
27.19 -0.004321492
27.2 -0.006828731
27.21 -0.007733745
27.22 -0.009799624
27.23 -0.01178858
27.24 -0.01173129
27.25 -0.0112605
27.26 -0.009408348
27.27 -0.006406547
27.28 -0.002821986
27.29 0.001466571
27.3 0.004265025
27.31 0.007462139
27.32 0.01052735
27.33 0.0119409
27.34 0.01298445
27.35 0.0136457
27.36 0.0134967
27.37 0.01327396
27.38 0.01304829
27.39 0.01183761
27.4 0.01075212
27.41 0.009686823
27.42 0.006994332
27.43 0.004865763
27.44 0.002673035
27.45 -0.0002539486
27.46 -0.004266908
27.47 -0.008210659
27.48 -0.01185319
27.49 -0.01369588
27.5 -0.01460156
27.51 -0.01540105
27.52 -0.01500811
27.53 -0.01336588
27.54 -0.01180467
27.55 -0.008623453
27.56 -0.003625947
27.57 0.0001915784
27.58 0.002084334
27.59 0.003050624
27.6 0.004125854
27.61 0.003413322
27.62 0.0008060738
27.63 -0.001852562
27.64 -0.004220166
27.65 -0.007160981
27.66 -0.009914626
27.67 -0.01024803
27.68 -0.009721921
27.69 -0.009284144
27.7 -0.007513894
27.71 -0.004786238
27.72 -0.00228013
27.73 -5.660392e-06
27.74 0.002136338
27.75 0.003325089
27.76 0.004351771
27.77 0.004761871
27.78 0.003894672
27.79 0.003470597
27.8 0.003268823
27.81 0.002232447
27.82 0.0008670198
27.83 -0.000169314
27.84 -0.001145761
27.85 -0.001367006
27.86 -0.001418592
27.87 -0.002472562
27.88 -0.003169732
27.89 -0.003012022
27.9 -0.002843595
27.91 -0.00276716
27.92 -0.002659524
27.93 -0.002595771
27.94 -0.002559236
27.95 -0.002512722
27.96 -0.002375439
27.97 -0.001446211
27.98 -0.0005026077
27.99 -0.0001395125
28 0.0008324351
28.01 0.0019451
28.02 0.002820408
28.03 0.002792638
28.04 0.001740084
28.05 0.001022712
28.06 0.001086267
28.07 0.001171581
28.08 0.001113031
28.09 0.001082087
28.1 0.0008836452
28.11 -9.121582e-05
28.12 -0.001025534
28.13 -0.001399013
28.14 -0.001996811
28.15 -0.003396849
28.16 -0.003636321
28.17 -0.003259543
28.18 -0.003115753
28.19 -0.002550202
28.2 -0.0008608216
28.21 0.00110591
28.22 0.003037131
28.23 0.005822145
28.24 0.008478986
28.25 0.009875097
28.26 0.01101247
28.27 0.01107791
28.28 0.01022464
28.29 0.007996321
28.3 0.005573845
28.31 0.003347133
28.32 0.0009227498
28.33 -0.0008193648
28.34 -0.002239851
28.35 -0.003496388
28.36 -0.003826105
28.37 -0.003980576
28.38 -0.004032294
28.39 -0.003192681
28.4 -0.001532847
28.41 -0.0005203525
28.42 -0.0002551931
28.43 0.0003576351
28.44 0.0005742619
28.45 -2.225997e-05
28.46 -1.289016e-05
28.47 0.0004962121
28.48 0.0005420562
28.49 0.0008262816
28.5 0.001480528
28.51 0.00156752
28.52 0.001375309
28.53 0.001317497
28.54 0.001614002
28.55 0.002170326
28.56 0.001816051
28.57 0.001049794
28.58 0.0008960152
28.59 0.0007546046
28.6 8.566294e-05
28.61 -0.000237648
28.62 -0.0001847171
28.63 -8.891224e-05
28.64 0.000391007
28.65 0.000713332
28.66 0.0006143168
28.67 0.0008073128
28.68 0.001275057
28.69 0.001282681
28.7 0.0009949282
28.71 0.0003989699
28.72 1.62571e-05
28.73 -0.0005749179
28.74 -0.001504031
28.75 -0.001772572
28.76 -0.002133799
28.77 -0.002833282
28.78 -0.003027292
28.79 -0.003056244
28.8 -0.003041429
28.81 -0.002631469
28.82 -0.002084735
28.83 -0.00180087
28.84 -0.00179524
28.85 -0.001595553
28.86 -0.001444505
28.87 -0.001680549
28.88 -0.001650461
28.89 -0.001328906
28.9 -0.001440039
28.91 -0.001618635
28.92 -0.001573244
28.93 -0.001541482
28.94 -0.001764603
28.95 -0.00192709
28.96 -0.001858647
28.97 -0.001908533
28.98 -0.002280215
28.99 -0.002499149
29 -0.002421663
29.01 -0.002484845
29.02 -0.002435875
29.03 -0.002072709
29.04 -0.001972116
29.05 -0.001936095
29.06 -0.001693294
29.07 -0.001545317
29.08 -0.001409356
29.09 -0.001140135
29.1 -0.000993791
29.11 -0.0009547456
29.12 -0.0009247299
29.13 -0.001000789
29.14 -0.001030819
29.15 -0.0009436633
29.16 -0.0008573818
29.17 -0.0008787969
29.18 -0.0008183104
29.19 -0.000619575
29.2 -0.0003798543
29.21 -0.0001651201
29.22 1.736302e-05
29.23 0.0002887831
29.24 0.0005018018
29.25 0.000612611
29.26 0.0006116369
29.27 0.0005484555
29.28 0.0004887987
29.29 0.0003857445
29.3 0.0001658571
29.31 -7.150179e-06
29.32 -0.0001578557
29.33 -0.0003306414
29.34 -0.0003824779
29.35 -0.000403891
29.36 -0.0004150653
29.37 -0.0004041117
29.38 -0.0003824801
29.39 -0.0003654285
29.4 -0.0003223972
29.41 -0.0002357595
29.42 -0.0001393967
29.43 -5.931423e-05
29.44 6.208561e-06
29.45 7.674066e-05
29.46 0.0001443137
29.47 0.00018619
29.48 0.0002324017
29.49 0.0002785665
29.5 0.0002975901
29.51 0.0003067601
29.52 0.0003020328
29.53 0.0002845098
29.54 0.0002675722
29.55 0.0002426285
29.56 0.000224095
29.57 0.0002064288
29.58 0.0001952105
29.59 0.000197871
29.6 0.0002051464
29.61 0.0002103657
29.62 0.0002193642
29.63 0.0002315696
29.64 0.0002385928
29.65 0.0002376728
29.66 0.0002347516
29.67 0.0002264061
29.68 0.0002160746
29.69 0.0002095241
29.7 0.000203846
29.71 0.0001971998
29.72 0.0001902811
29.73 0.0001833492
29.74 0.0001762598
29.75 0.0001690144
29.76 0.0001616878
29.77 0.0001544044
29.78 0.0001472454
29.79 0.0001393804
29.8 0.0001310789
29.81 0.0001227924
29.82 0.0001145136
29.83 0.0001062486
29.84 9.799945e-05
29.85 8.95436e-05
29.86 8.103384e-05
29.87 7.2462e-05
29.88 6.38494e-05
29.89 5.525226e-05
29.9 4.667526e-05
29.91 3.809289e-05
29.92 2.947419e-05
29.93 2.081386e-05
29.94 1.211025e-05
29.95 3.363684e-06
29.96 -5.422984e-06
29.97 -1.424616e-05
29.98 -2.310187e-05
