0 -0.0002489792
0.01 -0.0002480992
0.02 -0.0002456931
0.03 -0.0002435785
0.04 -0.0002430501
0.05 -0.0002448472
0.06 -0.0002456596
0.07 -0.000244277
0.08 -0.0002432432
0.09 -0.0002428428
0.1 -0.0002421318
0.11 -0.0002402713
0.12 -0.0002247664
0.13 -0.000202589
0.14 -0.0002029632
0.15 -0.0002191634
0.16 -0.0002153475
0.17 -0.0002026066
0.18 -0.0001746666
0.19 -0.0001606418
0.2 -0.0001570505
0.21 -0.0001494115
0.22 -0.0001393898
0.23 -0.0001304802
0.24 -0.0001215352
0.25 -0.0001117995
0.26 -0.0001017345
0.27 -9.645875e-05
0.28 -0.0001436932
0.29 -0.0001534234
0.3 -0.0001750703
0.31 -0.0001776577
0.32 -6.288032e-05
0.33 -2.005686e-06
0.34 -9.278099e-06
0.35 -3.613957e-06
0.36 1.599434e-05
0.37 3.00187e-05
0.38 4.180861e-05
0.39 5.587239e-05
0.4 7.052203e-05
0.41 8.486974e-05
0.42 9.950061e-05
0.43 0.0001140022
0.44 0.0001220232
0.45 0.0001286574
0.46 0.0001431923
0.47 0.0001600004
0.48 0.0001753634
0.49 0.0001907831
0.5 0.0002068822
0.51 0.0002231544
0.52 0.0002392593
0.53 0.000248051
0.54 0.0002261683
0.55 3.399379e-05
0.56 8.596467e-05
0.57 0.0003127696
0.58 0.0003502205
0.59 0.0003233328
0.6 0.0003439642
0.61 0.0003715317
0.62 0.0003862162
0.63 0.0004010856
0.64 0.0004081053
0.65 0.00040785
0.66 0.0004215012
0.67 0.0004417113
0.68 0.000459143
0.69 0.0004757832
0.7 0.000493397
0.71 0.0005107354
0.72 0.0003908038
0.73 -9.442042e-05
0.74 -0.0006064929
0.75 -0.0006685827
0.76 0.000185707
0.77 0.0007463787
0.78 0.0004779976
0.79 0.0001176469
0.8 0.0005155973
0.81 0.0007842433
0.82 0.0007236578
0.83 0.0007018172
0.84 0.0007326015
0.85 0.0003540163
0.86 -0.0002389867
0.87 0.0002468948
0.88 0.0009121267
0.89 0.0009157235
0.9 0.0008162582
0.91 0.0008614512
0.92 0.0009036588
0.93 0.0009037572
0.94 0.0002959223
0.95 -0.001279387
0.96 -0.001736388
0.97 -0.0002674454
0.98 0.001109052
0.99 0.001103904
1 0.0008989026
1.01 0.0009686883
1.02 0.001029958
1.03 0.001025856
1.04 0.001035012
1.05 0.001076346
1.06 0.001576101
1.07 0.001828228
1.08 0.001205841
1.09 0.0009951191
1.1 0.001142494
1.11 0.001183633
1.12 0.001084955
1.13 0.0002819209
1.14 -0.0005630565
1.15 -0.0005897248
1.16 7.145183e-05
1.17 0.001139003
1.18 0.001411587
1.19 0.001259822
1.2 0.001247621
1.21 0.000827965
1.22 0.0003002182
1.23 0.000318408
1.24 0.0006644186
1.25 0.001299998
1.26 0.001382485
1.27 0.001278247
1.28 0.001297076
1.29 0.001335719
1.3 0.001336433
1.31 0.0009119452
1.32 -0.0002597862
1.33 -0.0007244025
1.34 -0.0005553197
1.35 -0.0005007537
1.36 -0.0005541903
1.37 -0.0005355818
1.38 0.0001862351
1.39 0.001374345
1.4 0.001613394
1.41 0.001427751
1.42 0.00142904
1.43 0.001485873
1.44 0.001488045
1.45 0.001486019
1.46 0.001497493
1.47 0.001506385
1.48 0.001494781
1.49 0.002143822
1.5 0.002368382
1.51 0.001446698
1.52 0.001176101
1.53 0.001342956
1.54 0.0006437329
1.55 -0.0005101775
1.56 0.0003173852
1.57 0.001910599
1.58 0.00320955
1.59 0.002934918
1.6 0.001514147
1.61 0.001167791
1.62 0.001101827
1.63 -0.000146971
1.64 -0.0008923771
1.65 -0.0007332096
1.66 -0.0006221982
1.67 -0.0006810021
1.68 -0.0006973616
1.69 -0.0006807914
1.7 -0.0006797816
1.71 -0.0005725639
1.72 0.000762635
1.73 0.003097213
1.74 0.003928553
1.75 0.003631749
1.76 0.003541028
1.77 0.003440579
1.78 0.002165159
1.79 0.001141394
1.8 0.001218416
1.81 0.001301732
1.82 0.0002227566
1.83 -0.0009713422
1.84 -0.001023159
1.85 -0.0008259059
1.86 -0.0008550783
1.87 -0.0007792919
1.88 0.0003785431
1.89 0.001797122
1.9 0.00312772
1.91 0.003627603
1.92 0.002486128
1.93 8.088329e-05
1.94 -0.001193484
1.95 -0.0005216562
1.96 0.001737078
1.97 0.003593797
1.98 0.003559891
1.99 0.002116442
2 0.001136057
2.01 0.0006275582
2.02 9.162417e-05
2.03 5.560866e-05
2.04 0.0005171973
2.05 0.0008415975
2.06 -0.0004884363
2.07 -0.001224254
2.08 -0.00101414
2.09 -0.001139005
2.1 -0.002045431
2.11 -0.001511602
2.12 6.788776e-05
2.13 0.002297073
2.14 0.00305718
2.15 0.0003883363
2.16 -0.001429735
2.17 -0.001114215
2.18 -0.000842352
2.19 -0.001021819
2.2 -0.0006603806
2.21 0.000802374
2.22 0.001296305
2.23 3.120585e-05
2.24 -0.001204772
2.25 -0.001195405
2.26 -0.0003918838
2.27 0.0009254925
2.28 0.001315247
2.29 0.0008686581
2.3 -0.0005465984
2.31 -0.002010329
2.32 -0.004024475
2.33 -0.005489865
2.34 -0.004467435
2.35 -0.002826433
2.36 -0.0008737683
2.37 0.0009362002
2.38 0.001197784
2.39 0.0008893872
2.4 0.0008715001
2.41 0.0003359655
2.42 -0.0009568797
2.43 -0.0004257905
2.44 0.000845738
2.45 0.0009021428
2.46 0.0001101484
2.47 -0.0005636425
2.48 -0.001727041
2.49 -0.003626495
2.5 -0.003076109
2.51 -8.999335e-07
2.52 0.001134044
2.53 0.0006446493
2.54 0.000513931
2.55 0.0006531844
2.56 0.0006600071
2.57 0.0006257741
2.58 0.0006299063
2.59 0.0006236215
2.6 0.0005617087
2.61 0.0005251914
2.62 0.0004334161
2.63 -0.0005853927
2.64 -0.001652717
2.65 -0.001703143
2.66 -0.002223097
2.67 -0.003563821
2.68 -0.002625655
2.69 -0.0001147782
2.7 0.0007706502
2.71 0.0004455241
2.72 0.0001194432
2.73 -0.002069959
2.74 -0.004210618
2.75 -0.004207674
2.76 -0.003853712
2.77 -0.003925951
2.78 -0.003996366
2.79 -0.003967325
2.8 -0.003982832
2.81 -0.004053442
2.82 -0.003752016
2.83 -0.001396354
2.84 0.0005560743
2.85 0.0004379099
2.86 0.0001212855
2.87 0.0002105064
2.88 -4.801733e-05
2.89 -0.001017227
2.9 -0.001080949
2.91 -0.001729449
2.92 -0.00219194
2.93 -0.002424067
2.94 -0.003611708
2.95 -0.003588606
2.96 -0.001265287
2.97 0.0003933551
2.98 0.0006188687
2.99 0.001145395
3 -0.0002597861
3.01 -0.002340224
3.02 -0.003384183
3.03 -0.002441502
3.04 -0.0002997448
3.05 0.0004056752
3.06 0.001022327
3.07 0.002107569
3.08 0.002284666
3.09 0.002009551
3.1 0.00122731
3.11 -0.0008996097
3.12 -0.002451819
3.13 -0.002427515
3.14 -0.002257882
3.15 -0.002350063
3.16 -0.002282789
3.17 -0.001183164
3.18 -6.344842e-05
3.19 -3.10056e-05
3.2 -0.0002134537
3.21 -0.0001826115
3.22 -0.0001450645
3.23 -0.0001589927
3.24 -0.0001852568
3.25 -0.0002834046
3.26 -0.001155251
3.27 -0.00224285
3.28 -0.001533467
3.29 -0.001705254
3.3 -0.002613268
3.31 -0.002699852
3.32 -0.00236078
3.33 -0.001441416
3.34 -0.001774761
3.35 -0.002041371
3.36 -0.0007103861
3.37 -1.036825e-06
3.38 0.0008897012
3.39 0.001813751
3.4 0.001823763
3.41 0.0008418505
3.42 -0.0005075353
3.43 -0.0007424206
3.44 -0.0005285399
3.45 -0.0005261811
3.46 -0.0006106926
3.47 -0.0006628384
3.48 -0.0004383383
3.49 0.0008605917
3.5 0.001742365
3.51 0.001660715
3.52 0.002370128
3.53 0.002437106
3.54 0.0002110864
3.55 -0.001097587
3.56 -0.001456694
3.57 -0.001772196
3.58 -0.0009916906
3.59 -0.0006031314
3.6 -0.0007483325
3.61 -0.0008275168
3.62 -0.0008465911
3.63 -0.000863116
3.64 -0.0008649806
3.65 -0.000862054
3.66 -0.0008627709
3.67 -0.0008524846
3.68 -3.424496e-05
3.69 0.001407666
3.7 0.00246868
3.71 0.001895628
3.72 0.0004587475
3.73 -0.0009213556
3.74 -0.001226234
3.75 -0.001044289
3.76 -0.0006326207
3.77 0.001196033
3.78 0.003180537
3.79 0.003372867
3.8 0.001826534
3.81 -0.0005097487
3.82 -0.001439128
3.83 -0.001200399
3.84 -0.001130497
3.85 -0.001267842
3.86 -0.001289255
3.87 -0.001258824
3.88 -0.001285567
3.89 -0.002102917
3.9 -0.004360063
3.91 -0.005878915
3.92 -0.005488205
3.93 -0.003517679
3.94 -0.001421794
3.95 0.0006012386
3.96 0.002997482
3.97 0.004634805
3.98 0.005241849
3.99 0.004523827
4 0.002958448
4.01 0.001417915
4.02 -0.0006970075
4.03 -0.001810571
4.04 -0.002175982
4.05 -0.003453568
4.06 -0.003977342
4.07 -0.002721582
4.08 -0.001517101
4.09 -0.001114519
4.1 0.0006222316
4.11 0.002596429
4.12 0.002875466
4.13 0.002566811
4.14 0.002518285
4.15 0.002546315
4.16 0.002575533
4.17 0.003413115
4.18 0.004845512
4.19 0.005697115
4.2 0.003817865
4.21 0.001461006
4.22 -0.0004780799
4.23 -0.002183094
4.24 -0.004711422
4.25 -0.006689856
4.26 -0.005643177
4.27 -0.002497258
4.28 -0.0006788206
4.29 0.0004024902
4.3 0.001368153
4.31 0.002097446
4.32 0.001170865
4.33 -0.001767144
4.34 -0.003635574
4.35 -0.004214827
4.36 -0.003082114
4.37 -0.002112125
4.38 -0.00221768
4.39 -0.001559197
4.4 -0.0003853514
4.41 -0.001315583
4.42 -0.002555788
4.43 -0.003072056
4.44 -0.004191134
4.45 -0.003846186
4.46 -0.002481172
4.47 -0.002263335
4.48 -0.002073851
4.49 -7.871351e-05
4.5 0.001936535
4.51 0.002158133
4.52 0.001850236
4.53 0.001477241
4.54 0.0001421639
4.55 -0.001247229
4.56 -0.001675518
4.57 -0.000501947
4.58 0.00110641
4.59 0.001903623
4.6 0.001779585
4.61 0.001712734
4.62 0.002740629
4.63 0.004848719
4.64 0.004852537
4.65 0.003240204
4.66 0.001692049
4.67 0.0005369549
4.68 -0.0007106011
4.69 -0.002085162
4.7 -0.003006563
4.71 -0.003042766
4.72 -0.002941344
4.73 -0.002968419
4.74 -0.002989401
4.75 -0.002735322
4.76 -0.001416807
4.77 -5.285693e-05
4.78 0.001087793
4.79 0.0006011164
4.8 0.0002248912
4.81 0.001107675
4.82 0.001394368
4.83 0.001207904
4.84 0.00114266
4.85 0.00113128
4.86 0.0009457009
4.87 -0.0002262702
4.88 -0.001128844
4.89 -0.0004842699
4.9 0.0009211384
4.91 0.001226053
4.92 0.0009893317
4.93 0.0009729256
4.94 0.001031191
4.95 0.001022788
4.96 0.0009711875
4.97 0.0010777
4.98 0.002246351
4.99 0.002871239
5 0.001454735
5.01 -0.0001844304
5.02 -0.002229893
5.03 -0.003628305
5.04 -0.00334615
5.05 -0.001934206
5.06 -0.0006722406
5.07 -0.0002458879
5.08 -0.001254814
5.09 -0.001682235
5.1 -0.001104278
5.11 0.0003007412
5.12 0.0009096279
5.13 0.0005894601
5.14 -0.0006185152
5.15 -0.001683587
5.16 -0.001284593
5.17 -0.0003340917
5.18 -0.0003659721
5.19 0.0002823893
5.2 0.0006493956
5.21 0.0005304831
5.22 0.0004613985
5.23 -0.0001967841
5.24 -0.001619949
5.25 -0.001825992
5.26 -0.0003672403
5.27 0.00146664
5.28 0.004046728
5.29 0.00506507
5.3 0.004741604
5.31 0.00461532
5.32 0.004361247
5.33 0.00295221
5.34 0.001537973
5.35 0.0003197068
5.36 -0.0009868081
5.37 -0.002057336
5.38 -0.002524066
5.39 -0.003821566
5.4 -0.005976961
5.41 -0.008567542
5.42 -0.01019199
5.43 -0.01060776
5.44 -0.008754513
5.45 -0.005899675
5.46 -0.003313927
5.47 -0.0009447136
5.48 0.0002255084
5.49 9.110048e-05
5.5 -2.133078e-05
5.51 0.001477632
5.52 0.004092582
5.53 0.004673515
5.54 0.004247199
5.55 0.00368965
5.56 0.002364325
5.57 0.001794552
5.58 0.001977458
5.59 0.002039668
5.6 0.00191284
5.61 0.001261144
5.62 -8.068865e-05
5.63 -0.0005489664
5.64 -0.0004014365
5.65 -0.0003575049
5.66 0.0001438678
5.67 0.0015199
5.68 0.002009614
5.69 0.00179863
5.7 0.001384398
5.71 -0.0004571062
5.72 -0.003208938
5.73 -0.004993661
5.74 -0.005072825
5.75 -0.00483861
5.76 -0.004880279
5.77 -0.004929923
5.78 -0.0048728
5.79 -0.003908231
5.8 -0.002685668
5.81 -0.002612685
5.82 -0.002282044
5.83 0.0005979751
5.84 0.004792814
5.85 0.007481006
5.86 0.0082328
5.87 0.007077179
5.88 0.003547794
5.89 9.15124e-05
5.9 -0.003217931
5.91 -0.005124198
5.92 -0.003451723
5.93 -0.0009761551
5.94 0.0002094086
5.95 0.001152693
5.96 0.001411277
5.97 0.001283336
5.98 0.001257899
5.99 0.00128957
6 0.001346496
6.01 0.002305222
6.02 0.003358562
6.03 0.00292805
6.04 0.001405511
6.05 -4.420075e-05
6.06 -0.002181921
6.07 -0.003827678
6.08 -0.005047227
6.09 -0.004993955
6.1 -0.003608971
6.11 -0.003186615
6.12 -0.003431705
6.13 -0.003491432
6.14 -0.003461958
6.15 -0.002701208
6.16 -0.001227447
6.17 0.0002542708
6.18 0.001036593
6.19 0.001470432
6.2 0.002674641
6.21 0.003062422
6.22 0.001998356
6.23 0.002089312
6.24 0.002931568
6.25 0.002295845
6.26 0.0016001
6.27 0.001445982
6.28 0.0006774202
6.29 -4.470371e-05
6.3 -0.001210151
6.31 -0.001695139
6.32 -0.001732906
6.33 -0.002953083
6.34 -0.004002377
6.35 -0.003936245
6.36 -0.00380398
6.37 -0.00374345
6.38 -0.002332138
6.39 -6.494089e-05
6.4 0.0006664866
6.41 0.0003727926
6.42 0.0002995366
6.43 0.0003841755
6.44 0.0007743503
6.45 0.002105028
6.46 0.002844597
6.47 0.003760865
6.48 0.005955827
6.49 0.007155619
6.5 0.007504724
6.51 0.008715379
6.52 0.009274073
6.53 0.008901656
6.54 0.00753761
6.55 0.00607853
6.56 0.004128124
6.57 0.002157224
6.58 -0.0004212194
6.59 -0.003615384
6.6 -0.005056277
6.61 -0.006061043
6.62 -0.00656361
6.63 -0.006705264
6.64 -0.007912939
6.65 -0.009330751
6.66 -0.01121953
6.67 -0.0130504
6.68 -0.01335952
6.69 -0.0126197
6.7 -0.009632572
6.71 -0.004929538
6.72 0.002103317
6.73 0.009058752
6.74 0.01317909
6.75 0.01696742
6.76 0.02236302
6.77 0.02867968
6.78 0.0359629
6.79 0.0422108
6.8 0.04428591
6.81 0.0427652
6.82 0.03765198
6.83 0.02867003
6.84 0.01904268
6.85 0.009442734
6.86 -0.002482185
6.87 -0.01550618
6.88 -0.02737973
6.89 -0.03851637
6.9 -0.04795184
6.91 -0.05550918
6.92 -0.06114251
6.93 -0.06219112
6.94 -0.05914443
6.95 -0.05342056
6.96 -0.04426952
6.97 -0.03121269
6.98 -0.01788857
6.99 -0.01041812
7 -0.008766461
7.01 -0.009183098
7.02 -0.00982886
7.03 -0.01109839
7.04 -0.01044647
7.05 -0.006304963
7.06 0.0004599564
7.07 0.006848606
7.08 0.01120254
7.09 0.01463104
7.1 0.01708535
7.11 0.01779537
7.12 0.02091969
7.13 0.02736378
7.14 0.03575284
7.15 0.04361008
7.16 0.04741916
7.17 0.04850761
7.18 0.04978301
7.19 0.04844495
7.2 0.04511458
7.21 0.03903227
7.22 0.0305791
7.23 0.02096213
7.24 0.01174994
7.25 7.256378e-05
7.26 -0.01508057
7.27 -0.0282584
7.28 -0.03566787
7.29 -0.03815422
7.3 -0.03718682
7.31 -0.03336348
7.32 -0.02667504
7.33 -0.01885071
7.34 -0.01401739
7.35 -0.01203511
7.36 -0.009918869
7.37 -0.00925517
7.38 -0.009907531
7.39 -0.01186419
7.4 -0.01464611
7.41 -0.01823279
7.42 -0.0230763
7.43 -0.02727895
7.44 -0.03066021
7.45 -0.03194118
7.46 -0.02988693
7.47 -0.02353153
7.48 -0.01098451
7.49 0.008032069
7.5 0.02868328
7.51 0.04257859
7.52 0.04687755
7.53 0.04683395
7.54 0.04337286
7.55 0.03581284
7.56 0.02613654
7.57 0.01852166
7.58 0.01363009
7.59 0.01018949
7.6 0.006862345
7.61 -3.279593e-05
7.62 -0.0104722
7.63 -0.02010309
7.64 -0.02632751
7.65 -0.02899678
7.66 -0.02818389
7.67 -0.0250883
7.68 -0.01740256
7.69 -0.005502373
7.7 0.007153673
7.71 0.01667556
7.72 0.02336261
7.73 0.02808514
7.74 0.03161158
7.75 0.03393505
7.76 0.03336486
7.77 0.02923642
7.78 0.02157425
7.79 0.008410721
7.8 -0.009647157
7.81 -0.02743744
7.82 -0.04007995
7.83 -0.04660541
7.84 -0.04950175
7.85 -0.04969284
7.86 -0.04652042
7.87 -0.0392685
7.88 -0.02717316
7.89 -0.008456283
7.9 0.01122594
7.91 0.02539705
7.92 0.03325627
7.93 0.03722256
7.94 0.03825418
7.95 0.03523316
7.96 0.02551738
7.97 0.009597323
7.98 -0.006984577
7.99 -0.01907462
8 -0.02451705
8.01 -0.02483015
8.02 -0.02202043
8.03 -0.01722134
8.04 -0.009827364
8.05 -0.0003962016
8.06 0.007876196
8.07 0.01314053
8.08 0.01593149
8.09 0.01916149
8.1 0.02133088
8.11 0.02323356
8.12 0.0258226
8.13 0.02834844
8.14 0.02942143
8.15 0.02925915
8.16 0.02839766
8.17 0.02618622
8.18 0.02423061
8.19 0.02138757
8.2 0.01481729
8.21 0.002474633
8.22 -0.01144199
8.23 -0.02092145
8.24 -0.02405935
8.25 -0.02359869
8.26 -0.02220896
8.27 -0.01954943
8.28 -0.01683922
8.29 -0.01437934
8.3 -0.0110027
8.31 -0.005195028
8.32 0.0009413366
8.33 0.005040836
8.34 0.007550709
8.35 0.01002487
8.36 0.01171941
8.37 0.01159064
8.38 0.008679151
8.39 0.0002678526
8.4 -0.01296982
8.41 -0.02558428
8.42 -0.03213306
8.43 -0.03278317
8.44 -0.03202798
8.45 -0.0305651
8.46 -0.02645623
8.47 -0.02141742
8.48 -0.01763626
8.49 -0.01494984
8.5 -0.01449803
8.51 -0.01425079
8.52 -0.01033
8.53 -0.0007686665
8.54 0.01423989
8.55 0.03254964
8.56 0.04604751
8.57 0.05162266
8.58 0.05401342
8.59 0.05272008
8.6 0.04718881
8.61 0.03632593
8.62 0.02192345
8.63 0.008836811
8.64 0.002311553
8.65 0.002321191
8.66 0.004641198
8.67 0.00871689
8.68 0.01356675
8.69 0.01738761
8.7 0.02015052
8.71 0.02023397
8.72 0.01644104
8.73 0.008766212
8.74 -0.002975958
8.75 -0.0182723
8.76 -0.03295774
8.77 -0.04477823
8.78 -0.0538748
8.79 -0.0588354
8.8 -0.05923674
8.81 -0.05833484
8.82 -0.05599601
8.83 -0.0532848
8.84 -0.0489257
8.85 -0.04035662
8.86 -0.02939199
8.87 -0.01577638
8.88 0.002244797
8.89 0.01961361
8.9 0.03077399
8.91 0.03584197
8.92 0.03809095
8.93 0.03902878
8.94 0.03784628
8.95 0.03428307
8.96 0.02812734
8.97 0.02145413
8.98 0.01678134
8.99 0.01541427
9 0.01708395
9.01 0.02004861
9.02 0.02289437
9.03 0.02621525
9.04 0.02819719
9.05 0.02664452
9.06 0.02181463
9.07 0.0129356
9.08 -0.001490726
9.09 -0.01766777
9.1 -0.03079417
9.11 -0.03878273
9.12 -0.04348521
9.13 -0.04590635
9.14 -0.04592581
9.15 -0.04458008
9.16 -0.04046273
9.17 -0.03394261
9.18 -0.02631693
9.19 -0.01997866
9.2 -0.01669054
9.21 -0.01450539
9.22 -0.01017622
9.23 -0.00147909
9.24 0.01146995
9.25 0.02940669
9.26 0.04676391
9.27 0.06037378
9.28 0.06978245
9.29 0.07562127
9.3 0.0774917
9.31 0.07663912
9.32 0.07355476
9.33 0.06477725
9.34 0.04789015
9.35 0.02501555
9.36 0.0009151532
9.37 -0.01905469
9.38 -0.03373866
9.39 -0.04322541
9.4 -0.04879744
9.41 -0.05091398
9.42 -0.05126473
9.43 -0.04880781
9.44 -0.04239877
9.45 -0.03170096
9.46 -0.01715234
9.47 -0.001632947
9.48 0.01301231
9.49 0.02084195
9.5 0.02081949
9.51 0.01933648
9.52 0.01555252
9.53 0.006020625
9.54 -0.01054644
9.55 -0.03138472
9.56 -0.05220669
9.57 -0.06815597
9.58 -0.07302848
9.59 -0.07110115
9.6 -0.06508154
9.61 -0.05152696
9.62 -0.03133317
9.63 -0.005970829
9.64 0.02079808
9.65 0.04344219
9.66 0.05784437
9.67 0.06617634
9.68 0.06902086
9.69 0.0677027
9.7 0.06221602
9.71 0.04949903
9.72 0.03100845
9.73 0.01379074
9.74 0.004051527
9.75 0.002066081
9.76 0.002763532
9.77 0.003956358
9.78 0.004855005
9.79 0.004313258
9.8 0.002753714
9.81 0.001276505
9.82 -0.0006271858
9.83 -0.0005617291
9.84 0.0009613403
9.85 0.002401485
9.86 0.002732395
9.87 0.002203742
9.88 -0.0002154258
9.89 -0.002948219
9.9 -0.007028634
9.91 -0.01248969
9.92 -0.01748897
9.93 -0.01994603
9.94 -0.02096488
9.95 -0.02213402
9.96 -0.0235499
9.97 -0.02368479
9.98 -0.02054256
9.99 -0.01323536
10 -0.002920985
10.01 0.00784363
10.02 0.01591127
10.03 0.01967491
10.04 0.02036033
10.05 0.02066089
10.06 0.02269069
10.07 0.02555284
10.08 0.02805386
10.09 0.02976545
10.1 0.03228502
10.11 0.03370244
10.12 0.03339292
10.13 0.03195666
10.14 0.02897024
10.15 0.02245869
10.16 0.01190355
10.17 -0.0003705814
10.18 -0.009135334
10.19 -0.01405825
10.2 -0.01948955
10.21 -0.02769653
10.22 -0.03599145
10.23 -0.04442759
10.24 -0.05249605
10.25 -0.0602739
10.26 -0.06668093
10.27 -0.06823378
10.28 -0.06716286
10.29 -0.06203855
10.3 -0.04966838
10.31 -0.03453421
10.32 -0.0215184
10.33 -0.01122559
10.34 -0.001249856
10.35 0.009027931
10.36 0.0185426
10.37 0.02693221
10.38 0.03237438
10.39 0.03563716
10.4 0.03633834
10.41 0.03345831
10.42 0.02844658
10.43 0.02229993
10.44 0.01597606
10.45 0.01199996
10.46 0.01118231
10.47 0.01152491
10.48 0.01285516
10.49 0.01544184
10.5 0.01583935
10.51 0.01264661
10.52 0.007148342
10.53 0.0009723476
10.54 -0.005381662
10.55 -0.009931305
10.56 -0.01287166
10.57 -0.01220672
10.58 -0.009215813
10.59 -0.006324064
10.6 -0.005695973
10.61 -0.006441818
10.62 -0.009643523
10.63 -0.01414371
10.64 -0.0154155
10.65 -0.01456626
10.66 -0.01105501
10.67 -0.004428243
10.68 0.005663305
10.69 0.01980908
10.7 0.03177298
10.71 0.03735849
10.72 0.03813607
10.73 0.03777375
10.74 0.03660602
10.75 0.03158325
10.76 0.02450677
10.77 0.01759372
10.78 0.008449686
10.79 -0.002023622
10.8 -0.01040584
10.81 -0.01684971
10.82 -0.02142623
10.83 -0.02117041
10.84 -0.01772331
10.85 -0.01155896
10.86 -0.003579758
10.87 0.004238997
10.88 0.01065638
10.89 0.01512984
10.9 0.01628044
10.91 0.01497073
10.92 0.01060134
10.93 0.003826535
10.94 -0.004858476
10.95 -0.01553606
10.96 -0.02606246
10.97 -0.03448764
10.98 -0.03956483
10.99 -0.04150217
11 -0.04001006
11.01 -0.03307175
11.02 -0.02169161
11.03 -0.009621109
11.04 -0.001876025
11.05 0.001992962
11.06 0.003062554
11.07 0.002795698
11.08 0.002695836
11.09 0.002987331
11.1 0.00454032
11.11 0.007825641
11.12 0.01130801
11.13 0.01395662
11.14 0.01736146
11.15 0.01992236
11.16 0.02050043
11.17 0.02024997
11.18 0.02021857
11.19 0.0199319
11.2 0.01681702
11.21 0.01016221
11.22 0.001975797
11.23 -0.004293676
11.24 -0.008684507
11.25 -0.01030023
11.26 -0.008324812
11.27 -0.004569076
11.28 0.002126411
11.29 0.01240767
11.3 0.02297849
11.31 0.02978136
11.32 0.03455657
11.33 0.03952756
11.34 0.04278476
11.35 0.04517169
11.36 0.04723676
11.37 0.04797332
11.38 0.04592408
11.39 0.04011949
11.4 0.02824328
11.41 0.005860235
11.42 -0.02252233
11.43 -0.04804746
11.44 -0.06561905
11.45 -0.07630964
11.46 -0.08265025
11.47 -0.0855717
11.48 -0.08607563
11.49 -0.0827523
11.5 -0.07534771
11.51 -0.0640372
11.52 -0.05151261
11.53 -0.03779973
11.54 -0.02440229
11.55 -0.01199518
11.56 0.001100725
11.57 0.0151479
11.58 0.02613546
11.59 0.03104909
11.6 0.03560472
11.61 0.04178204
11.62 0.04621683
11.63 0.04700046
11.64 0.0462708
11.65 0.04375223
11.66 0.04015484
11.67 0.03794712
11.68 0.03686202
11.69 0.03467778
11.7 0.03111872
11.71 0.0230352
11.72 0.007653444
11.73 -0.008922736
11.74 -0.01983488
11.75 -0.02535258
11.76 -0.0258775
11.77 -0.02171741
11.78 -0.01227666
11.79 0.0007453448
11.8 0.01585472
11.81 0.02541831
11.82 0.02872298
11.83 0.02838278
11.84 0.02572766
11.85 0.02148419
11.86 0.01592685
11.87 0.009168098
11.88 0.00238964
11.89 -0.005992203
11.9 -0.01680354
11.91 -0.02781074
11.92 -0.03960785
11.93 -0.05089104
11.94 -0.05992935
11.95 -0.06635655
11.96 -0.06943293
11.97 -0.06806115
11.98 -0.06058034
11.99 -0.04968867
12 -0.03759578
12.01 -0.02593653
12.02 -0.01403563
12.03 -0.001257289
12.04 0.01344586
12.05 0.02697728
12.06 0.03474738
12.07 0.03621431
12.08 0.03392841
12.09 0.0280125
12.1 0.019221
12.11 0.01231549
12.12 0.01084392
12.13 0.01237082
12.14 0.0169698
12.15 0.02591778
12.16 0.03702602
12.17 0.04919752
12.18 0.06250004
12.19 0.07495557
12.2 0.08645497
12.21 0.09747841
12.22 0.1044571
12.23 0.108348
12.24 0.1094322
12.25 0.1078985
12.26 0.1040854
12.27 0.09441747
12.28 0.07657488
12.29 0.05021373
12.3 0.01273136
12.31 -0.03423324
12.32 -0.08048288
12.33 -0.1122096
12.34 -0.1283951
12.35 -0.1359749
12.36 -0.1387871
12.37 -0.136159
12.38 -0.1292011
12.39 -0.1174574
12.4 -0.1018816
12.41 -0.08592191
12.42 -0.07028063
12.43 -0.0542745
12.44 -0.04189139
12.45 -0.03332373
12.46 -0.02696542
12.47 -0.02304706
12.48 -0.01992367
12.49 -0.01874696
12.5 -0.01926422
12.51 -0.02177477
12.52 -0.02545944
12.53 -0.02727421
12.54 -0.02541943
12.55 -0.0194648
12.56 -0.006776719
12.57 0.01231378
12.58 0.03799077
12.59 0.07417092
12.6 0.1151431
12.61 0.1441147
12.62 0.1540531
12.63 0.1568791
12.64 0.1556346
12.65 0.1457182
12.66 0.1219838
12.67 0.08972932
12.68 0.05377952
12.69 0.0118006
12.7 -0.03356949
12.71 -0.07789538
12.72 -0.1172078
12.73 -0.1443127
12.74 -0.1555642
12.75 -0.1555162
12.76 -0.1441447
12.77 -0.1213001
12.78 -0.09146254
12.79 -0.06055359
12.8 -0.03882376
12.81 -0.02665524
12.82 -0.01906983
12.83 -0.01395288
12.84 -0.01049618
12.85 -0.007947283
12.86 -0.006164373
12.87 -0.004903373
12.88 -0.002620485
12.89 -6.30186e-05
12.9 0.001246282
12.91 0.002432123
12.92 0.003019832
12.93 0.003653085
12.94 0.005287891
12.95 0.006505782
12.96 0.004946521
12.97 0.0004392741
12.98 -0.006803129
12.99 -0.01351973
13 -0.01609776
13.01 -0.01169946
13.02 0.0004176921
13.03 0.01896263
13.04 0.03774529
13.05 0.05278273
13.06 0.06511877
13.07 0.07781171
13.08 0.0885065
13.09 0.09274695
13.1 0.08581444
13.11 0.06443856
13.12 0.03346111
13.13 0.00404052
13.14 -0.01515342
13.15 -0.02363021
13.16 -0.02583075
13.17 -0.02347681
13.18 -0.01740041
13.19 -0.005863221
13.2 0.007992788
13.21 0.02134053
13.22 0.03444143
13.23 0.0456438
13.24 0.054225
13.25 0.05891219
13.26 0.05957417
13.27 0.05360479
13.28 0.03093149
13.29 -0.008808339
13.3 -0.04106234
13.31 -0.06029069
13.32 -0.07240056
13.33 -0.07828811
13.34 -0.08088771
13.35 -0.08108249
13.36 -0.07526707
13.37 -0.0616691
13.38 -0.04222362
13.39 -0.02539386
13.4 -0.01568169
13.41 -0.0105917
13.42 -0.005504145
13.43 0.003688831
13.44 0.01531096
13.45 0.0253924
13.46 0.03323522
13.47 0.03799677
13.48 0.03767248
13.49 0.03058054
13.5 0.01716203
13.51 0.000369202
13.52 -0.01235602
13.53 -0.01755855
13.54 -0.01591016
13.55 -0.00665917
13.56 0.01071087
13.57 0.034772
13.58 0.05351828
13.59 0.06012417
13.6 0.06054143
13.61 0.05490994
13.62 0.03761964
13.63 0.008894185
13.64 -0.02052692
13.65 -0.04085282
13.66 -0.05100331
13.67 -0.05630432
13.68 -0.05862396
13.69 -0.05695627
13.7 -0.05044453
13.71 -0.03760713
13.72 -0.01638069
13.73 0.009417453
13.74 0.03067937
13.75 0.04715173
13.76 0.05923365
13.77 0.06895408
13.78 0.07708088
13.79 0.08270446
13.8 0.08522814
13.81 0.08326968
13.82 0.07859265
13.83 0.07033206
13.84 0.05366029
13.85 0.02644384
13.86 -0.009201703
13.87 -0.0417409
13.88 -0.06705982
13.89 -0.08386724
13.9 -0.09041022
13.91 -0.09137834
13.92 -0.08821272
13.93 -0.0794602
13.94 -0.06757152
13.95 -0.05237276
13.96 -0.03588311
13.97 -0.02292886
13.98 -0.01511272
13.99 -0.01086679
14 -0.009895018
14.01 -0.01024862
14.02 -0.01031289
14.03 -0.01021495
14.04 -0.01006386
14.05 -0.008718281
14.06 -0.006431793
14.07 -0.004522992
14.08 -0.001963724
14.09 0.0007351537
14.1 0.002916458
14.11 0.003122382
14.12 0.003187456
14.13 0.004595225
14.14 0.006122258
14.15 0.007244517
14.16 0.007396057
14.17 0.007242998
14.18 0.006345305
14.19 0.002304182
14.2 -0.003339685
14.21 -0.009613096
14.22 -0.01678214
14.23 -0.02085883
14.24 -0.01886156
14.25 -0.01204611
14.26 -0.0002613934
14.27 0.01398177
14.28 0.02510746
14.29 0.02989444
14.3 0.03051369
14.31 0.02702822
14.32 0.01811333
14.33 0.002922171
14.34 -0.01440934
14.35 -0.03172355
14.36 -0.0458719
14.37 -0.05157839
14.38 -0.05305198
14.39 -0.0538305
14.4 -0.05278652
14.41 -0.05172688
14.42 -0.05172201
14.43 -0.04996687
14.44 -0.04396219
14.45 -0.03671869
14.46 -0.02736518
14.47 -0.01203161
14.48 0.006981868
14.49 0.0243067
14.5 0.03936391
14.51 0.05289532
14.52 0.06249677
14.53 0.06715598
14.54 0.06864181
14.55 0.06669692
14.56 0.06156139
14.57 0.05539355
14.58 0.04686016
14.59 0.03621834
14.6 0.0256499
14.61 0.01567729
14.62 0.008327667
14.63 0.00560324
14.64 0.007741466
14.65 0.01424231
14.66 0.02432021
14.67 0.03587806
14.68 0.04511652
14.69 0.04804911
14.7 0.04796631
14.71 0.04621323
14.72 0.0412818
14.73 0.03067421
14.74 0.01392588
14.75 -0.005870556
14.76 -0.02356092
14.77 -0.03611106
14.78 -0.04579337
14.79 -0.05322828
14.8 -0.05833284
14.81 -0.06213669
14.82 -0.06316248
14.83 -0.06186217
14.84 -0.05903474
14.85 -0.05326435
14.86 -0.04317767
14.87 -0.03103398
14.88 -0.02018033
14.89 -0.01322392
14.9 -0.01067667
14.91 -0.0107534
14.92 -0.01383947
14.93 -0.01739633
14.94 -0.01982208
14.95 -0.02107391
14.96 -0.02013063
14.97 -0.01816647
14.98 -0.01493129
14.99 -0.01165286
15 -0.008439388
15.01 -0.005783331
15.02 -0.005466317
15.03 -0.005840982
15.04 -0.004816901
15.05 -0.001914726
15.06 0.0008257753
15.07 0.003326498
15.08 0.00668902
15.09 0.01246505
15.1 0.020437
15.11 0.02703543
15.12 0.03201639
15.13 0.03768798
15.14 0.042834
15.15 0.04682701
15.16 0.04972839
15.17 0.05037899
15.18 0.04823141
15.19 0.04622015
15.2 0.04335241
15.21 0.03999384
15.22 0.03734659
15.23 0.03478943
15.24 0.03097178
15.25 0.0257285
15.26 0.02000198
15.27 0.01222286
15.28 0.001423366
15.29 -0.00858123
15.3 -0.0167566
15.31 -0.02620246
15.32 -0.03505937
15.33 -0.04050088
15.34 -0.04211444
15.35 -0.04343502
15.36 -0.04248634
15.37 -0.03973162
15.38 -0.03578767
15.39 -0.03197162
15.4 -0.02928515
15.41 -0.02500599
15.42 -0.02095883
15.43 -0.01800305
15.44 -0.01295339
15.45 -0.005312261
15.46 0.001760689
15.47 0.008210526
15.48 0.015406
15.49 0.02047521
15.5 0.02125095
15.51 0.02069384
15.52 0.02075877
15.53 0.02041915
15.54 0.01690045
15.55 0.01117892
15.56 0.005820153
15.57 0.001002322
15.58 -0.002813806
15.59 -0.005128346
15.6 -0.006721442
15.61 -0.009289264
15.62 -0.01202069
15.63 -0.01418291
15.64 -0.01436464
15.65 -0.0139843
15.66 -0.01390221
15.67 -0.01224181
15.68 -0.008123701
15.69 -0.00223428
15.7 0.003764003
15.71 0.009508508
15.72 0.01673188
15.73 0.02477507
15.74 0.03268161
15.75 0.04066169
15.76 0.04678632
15.77 0.04953636
15.78 0.05237896
15.79 0.05423087
15.8 0.05379416
15.81 0.05160813
15.82 0.04817778
15.83 0.0422995
15.84 0.03331016
15.85 0.02280126
15.86 0.01216545
15.87 0.002913029
15.88 -0.001231178
15.89 -0.0008433328
15.9 0.00290638
15.91 0.01164357
15.92 0.02142748
15.93 0.02754524
15.94 0.03096109
15.95 0.03228504
15.96 0.03150679
15.97 0.02819459
15.98 0.02399278
15.99 0.01736567
16 0.007532938
16.01 -0.0008668173
16.02 -0.008397813
16.03 -0.01381317
16.04 -0.01431397
16.05 -0.01105888
16.06 -0.0042519
16.07 0.005291855
16.08 0.01360843
16.09 0.01858915
16.1 0.01878338
16.11 0.01402223
16.12 0.009867896
16.13 0.007551715
16.14 0.005231518
16.15 0.003721856
16.16 0.005095893
16.17 0.007755566
16.18 0.007971452
16.19 0.005228977
16.2 0.0001033038
16.21 -0.007342547
16.22 -0.01398634
16.23 -0.01942699
16.24 -0.02504564
16.25 -0.02865879
16.26 -0.03246262
16.27 -0.03908185
16.28 -0.04541223
16.29 -0.05219544
16.3 -0.06097985
16.31 -0.06901929
16.32 -0.0749358
16.33 -0.07885904
16.34 -0.08056391
16.35 -0.0814227
16.36 -0.08005151
16.37 -0.07496986
16.38 -0.06490023
16.39 -0.05173313
16.4 -0.03955808
16.41 -0.02926468
16.42 -0.02156618
16.43 -0.01448938
16.44 -0.008721212
16.45 -0.00474444
16.46 -0.002078747
16.47 -0.0002809479
16.48 -0.0002023295
16.49 -0.001883703
16.5 -0.006616293
16.51 -0.01189179
16.52 -0.014643
16.53 -0.01698732
16.54 -0.01817102
16.55 -0.01795718
16.56 -0.01760256
16.57 -0.01610398
16.58 -0.01373786
16.59 -0.01161482
16.6 -0.007198268
16.61 -0.00153932
16.62 0.00369616
16.63 0.008722172
16.64 0.0140904
16.65 0.01924727
16.66 0.02236756
16.67 0.02482668
16.68 0.02639148
16.69 0.02693002
16.7 0.02721352
16.71 0.02636479
16.72 0.02537673
16.73 0.02251732
16.74 0.01895273
16.75 0.01555116
16.76 0.01301452
16.77 0.01278025
16.78 0.01322094
16.79 0.01449458
16.8 0.0188688
16.81 0.02474753
16.82 0.02955973
16.83 0.03208867
16.84 0.03446999
16.85 0.03530884
16.86 0.03303331
16.87 0.02989102
16.88 0.02502098
16.89 0.01823631
16.9 0.01158037
16.91 0.006086763
16.92 0.001066219
16.93 -0.004091056
16.94 -0.009267819
16.95 -0.01460527
16.96 -0.01961525
16.97 -0.02200277
16.98 -0.02181844
16.99 -0.02097986
17 -0.01875029
17.01 -0.01491837
17.02 -0.01106711
17.03 -0.007985251
17.04 -0.004232088
17.05 -0.0009975971
17.06 0.0007070832
17.07 0.003378319
17.08 0.008562355
17.09 0.01422541
17.1 0.01871663
17.11 0.02258419
17.12 0.02886557
17.13 0.03864558
17.14 0.04870756
17.15 0.05484704
17.16 0.0584483
17.17 0.06100277
17.18 0.06184977
17.19 0.05911868
17.2 0.05279577
17.21 0.0466875
17.22 0.04049163
17.23 0.03449361
17.24 0.03133612
17.25 0.03105169
17.26 0.03136428
17.27 0.03144452
17.28 0.03232822
17.29 0.03215126
17.3 0.03016064
17.31 0.02587585
17.32 0.02220862
17.33 0.01976198
17.34 0.01882185
17.35 0.02141527
17.36 0.0231092
17.37 0.02370743
17.38 0.02459284
17.39 0.02364635
17.4 0.02152435
17.41 0.01877808
17.42 0.01515504
17.43 0.008226545
17.44 0.001155726
17.45 -0.003088752
17.46 -0.005102026
17.47 -0.007485779
17.48 -0.009494719
17.49 -0.01147093
17.5 -0.01242085
17.51 -0.01349268
17.52 -0.01622762
17.53 -0.01927553
17.54 -0.02399308
17.55 -0.02967627
17.56 -0.0359579
17.57 -0.0423125
17.58 -0.04555164
17.59 -0.04714972
17.6 -0.0466742
17.61 -0.04376326
17.62 -0.04086634
17.63 -0.03489914
17.64 -0.02560106
17.65 -0.01663936
17.66 -0.007406543
17.67 0.003653469
17.68 0.01624928
17.69 0.02692696
17.7 0.03229003
17.71 0.03528628
17.72 0.03601055
17.73 0.03366118
17.74 0.02967011
17.75 0.02445064
17.76 0.01754091
17.77 0.00989488
17.78 0.003442375
17.79 -0.003552409
17.8 -0.01030882
17.81 -0.01554887
17.82 -0.02055696
17.83 -0.02588751
17.84 -0.03022682
17.85 -0.0328288
17.86 -0.03404697
17.87 -0.03568667
17.88 -0.03889904
17.89 -0.0437269
17.9 -0.04906576
17.91 -0.0542358
17.92 -0.05872406
17.93 -0.06135654
17.94 -0.06503176
17.95 -0.06873783
17.96 -0.07040016
17.97 -0.07223911
17.98 -0.07329115
17.99 -0.07309451
18 -0.07132275
18.01 -0.06847283
18.02 -0.06500409
18.03 -0.05820346
18.04 -0.04886805
18.05 -0.03838077
18.06 -0.03058822
18.07 -0.02357731
18.08 -0.01702626
18.09 -0.01412474
18.1 -0.01084199
18.11 -0.007019865
18.12 -0.004283799
18.13 -0.001967332
18.14 0.001156212
18.15 0.004514677
18.16 0.006369195
18.17 0.008440075
18.18 0.011102
18.19 0.01427491
18.2 0.01755909
18.21 0.02107039
18.22 0.02609536
18.23 0.03287746
18.24 0.04035496
18.25 0.04641027
18.26 0.05067836
18.27 0.05332376
18.28 0.05452854
18.29 0.0538422
18.3 0.04994484
18.31 0.04442098
18.32 0.03911398
18.33 0.03400408
18.34 0.02870989
18.35 0.02349007
18.36 0.01835616
18.37 0.01336315
18.38 0.01020593
18.39 0.008751168
18.4 0.006823595
18.41 0.005900878
18.42 0.006147002
18.43 0.006334792
18.44 0.006273976
18.45 0.006247895
18.46 0.006218773
18.47 0.00475569
18.48 0.001931081
18.49 -0.0008224866
18.5 -0.003335023
18.51 -0.00653349
18.52 -0.008409831
18.53 -0.007110409
18.54 -0.004179699
18.55 -0.0002785244
18.56 0.003797761
18.57 0.007691634
18.58 0.01061566
18.59 0.01100002
18.6 0.01060012
18.61 0.01017334
18.62 0.008299949
18.63 0.00622145
18.64 0.003885902
18.65 0.001552889
18.66 -0.0002853145
18.67 -0.002202219
18.68 -0.004254924
18.69 -0.006570915
18.7 -0.007024015
18.71 -0.00629245
18.72 -0.004405169
18.73 -0.001583896
18.74 0.001158921
18.75 0.003445696
18.76 0.004052443
18.77 0.002532906
18.78 0.001716047
18.79 0.001837463
18.8 0.0006438264
18.81 -0.001707443
18.82 -0.002635948
18.83 -0.003133893
18.84 -0.005228189
18.85 -0.006821054
18.86 -0.006761061
18.87 -0.006518932
18.88 -0.006523049
18.89 -0.004758249
18.9 -0.002180632
18.91 -0.001852572
18.92 -0.002310404
18.93 -0.003651146
18.94 -0.00650627
18.95 -0.009275887
18.96 -0.01171686
18.97 -0.01435781
18.98 -0.0156087
18.99 -0.01537623
19 -0.01520662
19.01 -0.01529355
19.02 -0.01531702
19.03 -0.01523528
19.04 -0.0134957
19.05 -0.008536628
19.06 -0.002858899
19.07 0.002258201
19.08 0.007810127
19.09 0.01377759
19.1 0.01802885
19.11 0.01950565
19.12 0.01685643
19.13 0.01493406
19.14 0.01518711
19.15 0.01440369
19.16 0.01198297
19.17 0.01079919
19.18 0.01105045
19.19 0.01124924
19.2 0.01215464
19.21 0.01452769
19.22 0.01547577
19.23 0.01329294
19.24 0.009473378
19.25 0.005511512
19.26 0.001674193
19.27 -0.002216928
19.28 -0.0067458
19.29 -0.01201078
19.3 -0.01826957
19.31 -0.02365307
19.32 -0.02788365
19.33 -0.03195031
19.34 -0.03316602
19.35 -0.03267451
19.36 -0.03255568
19.37 -0.03269169
19.38 -0.03223201
19.39 -0.03011262
19.4 -0.02802568
19.41 -0.02583647
19.42 -0.02330343
19.43 -0.01964459
19.44 -0.01432977
19.45 -0.01045321
19.46 -0.007818595
19.47 -0.003724058
19.48 -0.00117163
19.49 0.0004066876
19.5 0.002213392
19.51 0.002674419
19.52 0.00231028
19.53 0.002967702
19.54 0.005802928
19.55 0.007178057
19.56 0.00680918
19.57 0.006624357
19.58 0.007063303
19.59 0.007825399
19.6 0.007103306
19.61 0.006469809
19.62 0.006588924
19.63 0.00669034
19.64 0.006130019
19.65 0.004141535
19.66 0.004063561
19.67 0.006457728
19.68 0.007388263
19.69 0.00872031
19.7 0.01082116
19.71 0.01310445
19.72 0.01525464
19.73 0.01491947
19.74 0.01154062
19.75 0.007212711
19.76 0.002495478
19.77 -0.001564833
19.78 -0.004343885
19.79 -0.006288152
19.8 -0.006841767
19.81 -0.006647702
19.82 -0.006280558
19.83 -0.004034408
19.84 -0.002071329
19.85 -0.002131859
19.86 -0.002448446
19.87 -0.002054595
19.88 0.0007969366
19.89 0.005363895
19.9 0.008174376
19.91 0.01363548
19.92 0.02159582
19.93 0.02528463
19.94 0.02713003
19.95 0.02835883
19.96 0.02677645
19.97 0.02371123
19.98 0.02009318
19.99 0.01309748
20 0.006500536
20.01 0.00212384
20.02 -0.0004335846
20.03 -0.002395237
20.04 -0.002662717
20.05 -0.001882109
20.06 0.0001716986
20.07 0.00377231
20.08 0.00678198
20.09 0.009321538
20.1 0.0117372
20.11 0.01438393
20.12 0.015319
20.13 0.01499889
20.14 0.01489008
20.15 0.01408341
20.16 0.01001439
20.17 0.004386096
20.18 -0.0008877335
20.19 -0.005767936
20.2 -0.009458124
20.21 -0.01247873
20.22 -0.01699463
20.23 -0.02039079
20.24 -0.02056725
20.25 -0.01940981
20.26 -0.01581041
20.27 -0.01102558
20.28 -0.007993811
20.29 -0.00697923
20.3 -0.007067369
20.31 -0.007182825
20.32 -0.008545972
20.33 -0.01299722
20.34 -0.01669168
20.35 -0.01908743
20.36 -0.02047231
20.37 -0.02044309
20.38 -0.02008394
20.39 -0.01812086
20.4 -0.01563648
20.41 -0.01378509
20.42 -0.01190376
20.43 -0.009604023
20.44 -0.005060731
20.45 0.0004946402
20.46 0.005318029
20.47 0.008539839
20.48 0.01166161
20.49 0.01451302
20.5 0.01494675
20.51 0.01452325
20.52 0.01402436
20.53 0.01271556
20.54 0.01131817
20.55 0.01022063
20.56 0.01007949
20.57 0.01065691
20.58 0.01256981
20.59 0.01361133
20.6 0.01352537
20.61 0.01380473
20.62 0.01077272
20.63 0.004583719
20.64 -0.003019889
20.65 -0.01161827
20.66 -0.01927094
20.67 -0.02478312
20.68 -0.02998477
20.69 -0.03306708
20.7 -0.03519853
20.71 -0.03571723
20.72 -0.03433498
20.73 -0.03280046
20.74 -0.03095499
20.75 -0.02894999
20.76 -0.02746725
20.77 -0.0250594
20.78 -0.02221621
20.79 -0.01958467
20.8 -0.0169928
20.81 -0.01438092
20.82 -0.01281395
20.83 -0.01129908
20.84 -0.00813186
20.85 -0.004646866
20.86 -0.002899432
20.87 -0.0009963562
20.88 0.0009941591
20.89 0.003608953
20.9 0.004949186
20.91 0.004751633
20.92 0.004786085
20.93 0.006322734
20.94 0.00870396
20.95 0.01006085
20.96 0.01203648
20.97 0.01498209
20.98 0.01889183
20.99 0.02263589
21 0.02520888
21.01 0.02686768
21.02 0.02712532
21.03 0.02722712
21.04 0.02822291
21.05 0.02778924
21.06 0.02571616
21.07 0.02305308
21.08 0.02232506
21.09 0.02111242
21.1 0.01755299
21.11 0.01470659
21.12 0.01230682
21.13 0.01054962
21.14 0.008359935
21.15 0.005672421
21.16 0.00355483
21.17 0.002437302
21.18 0.000483842
21.19 -0.002283391
21.2 -0.00492583
21.21 -0.007015813
21.22 -0.00759815
21.23 -0.007429336
21.24 -0.008223277
21.25 -0.0083006
21.26 -0.006989086
21.27 -0.004870573
21.28 -0.002904486
21.29 -0.002431737
21.3 -0.001613562
21.31 -0.0007984713
21.32 -0.001952708
21.33 -0.002882191
21.34 -0.002775812
21.35 -0.003586265
21.36 -0.005004175
21.37 -0.006405733
21.38 -0.006414812
21.39 -0.004045721
21.4 -0.002034419
21.41 -0.0009000987
21.42 0.0002307987
21.43 0.001665806
21.44 0.00296728
21.45 0.00422666
21.46 0.004550376
21.47 0.004377001
21.48 0.004010242
21.49 0.00268075
21.5 0.001318567
21.51 0.0002564294
21.52 0.0001321052
21.53 0.000307467
21.54 0.000387018
21.55 0.001131112
21.56 0.002786898
21.57 0.003944198
21.58 0.004588744
21.59 0.004884304
21.6 0.004807474
21.61 0.003089168
21.62 0.0004519187
21.63 -0.001439111
21.64 -0.003699705
21.65 -0.006334189
21.66 -0.008129888
21.67 -0.009201948
21.68 -0.01014858
21.69 -0.01025701
21.7 -0.01010046
21.71 -0.01007327
21.72 -0.01004713
21.73 -0.01001733
21.74 -0.01030744
21.75 -0.01211736
21.76 -0.01424485
21.77 -0.0154292
21.78 -0.01649817
21.79 -0.01782032
21.8 -0.01904758
21.81 -0.02092408
21.82 -0.02366658
21.83 -0.02619066
21.84 -0.0273095
21.85 -0.02722975
21.86 -0.0270278
21.87 -0.02629186
21.88 -0.02287737
21.89 -0.01781752
21.9 -0.01479966
21.91 -0.0115077
21.92 -0.006213306
21.93 -0.002266087
21.94 0.001515203
21.95 0.008786643
21.96 0.01461682
21.97 0.0169187
21.98 0.02086457
21.99 0.02623544
22 0.02876693
22.01 0.02845979
22.02 0.02936167
22.03 0.03223245
22.04 0.03318438
22.05 0.03326632
22.06 0.0358224
22.07 0.03826447
22.08 0.04027984
22.09 0.04278985
22.1 0.04440172
22.11 0.04524452
22.12 0.04404901
22.13 0.04112316
22.14 0.03727838
22.15 0.03106476
22.16 0.02284708
22.17 0.01371392
22.18 0.00593519
22.19 0.002168781
22.2 0.0002942557
22.21 -0.001642699
22.22 -0.001243877
22.23 0.001851394
22.24 0.004987293
22.25 0.009430463
22.26 0.01467452
22.27 0.01833493
22.28 0.02071287
22.29 0.02247791
22.3 0.0228474
22.31 0.02267324
22.32 0.02234028
22.33 0.02062171
22.34 0.01858432
22.35 0.01725192
22.36 0.01395227
22.37 0.008866932
22.38 0.004753387
22.39 0.0005797623
22.4 -0.004003936
22.41 -0.007965494
22.42 -0.01122596
22.43 -0.01259068
22.44 -0.01410477
22.45 -0.01603942
22.46 -0.01565213
22.47 -0.01507782
22.48 -0.01597962
22.49 -0.01625543
22.5 -0.01720149
22.51 -0.019963
22.52 -0.02202016
22.53 -0.02409121
22.54 -0.02639043
22.55 -0.02769184
22.56 -0.02874056
22.57 -0.02906901
22.58 -0.02889343
22.59 -0.02882786
22.6 -0.0287865
22.61 -0.02797762
22.62 -0.0256249
22.63 -0.02276251
22.64 -0.01972914
22.65 -0.01519442
22.66 -0.009839916
22.67 -0.005274658
22.68 -0.001200625
22.69 0.00350802
22.7 0.006602259
22.71 0.006937603
22.72 0.006627959
22.73 0.006690482
22.74 0.006512414
22.75 0.00480213
22.76 0.00266189
22.77 0.002244728
22.78 0.002643075
22.79 0.002642492
22.8 0.003298027
22.81 0.006072039
22.82 0.007426827
22.83 0.006041507
22.84 0.003522085
22.85 0.002478119
22.86 0.002811431
22.87 0.002227135
22.88 -0.0001052243
22.89 -0.001998271
22.9 -0.004575326
22.91 -0.008445933
22.92 -0.01256794
22.93 -0.01630895
22.94 -0.01999164
22.95 -0.02258383
22.96 -0.02413224
22.97 -0.02655837
22.98 -0.02772298
22.99 -0.0273113
23 -0.02578759
23.01 -0.02354617
23.02 -0.02260325
23.03 -0.02206894
23.04 -0.01972814
23.05 -0.01676848
23.06 -0.01413349
23.07 -0.01147165
23.08 -0.00882403
23.09 -0.006142039
23.1 -0.003648716
23.11 -0.002562785
23.12 -0.002717794
23.13 -0.002759952
23.14 -0.002721122
23.15 -0.003742612
23.16 -0.004933885
23.17 -0.004979964
23.18 -0.004688551
23.19 -0.003865062
23.2 -0.002422252
23.21 -0.0009536253
23.22 0.0003812902
23.23 0.002368105
23.24 0.00420233
23.25 0.004472516
23.26 0.004263943
23.27 0.003928527
23.28 0.002633374
23.29 0.001224654
23.3 0.0001397095
23.31 2.667438e-05
23.32 0.0001974311
23.33 -0.0003219745
23.34 -0.001699914
23.35 -0.002218558
23.36 -0.00323152
23.37 -0.005478223
23.38 -0.006455112
23.39 -0.005462653
23.4 -0.002904893
23.41 0.0001052729
23.42 0.003890785
23.43 0.007978407
23.44 0.01268985
23.45 0.01798466
23.46 0.02118773
23.47 0.0241785
23.48 0.02894117
23.49 0.03246789
23.5 0.0348868
23.51 0.03724573
23.52 0.03907154
23.53 0.04169493
23.54 0.04302399
23.55 0.04255165
23.56 0.03933746
23.57 0.03571817
23.58 0.03385544
23.59 0.03164422
23.6 0.02966807
23.61 0.02838978
23.62 0.02639012
23.63 0.02521626
23.64 0.02537703
23.65 0.02641838
23.66 0.02864193
23.67 0.03016461
23.68 0.0301324
23.69 0.02994908
23.7 0.02929696
23.71 0.02704843
23.72 0.02404553
23.73 0.0199698
23.74 0.01478506
23.75 0.00888261
23.76 0.001634495
23.77 -0.005215692
23.78 -0.01045437
23.79 -0.01472066
23.8 -0.01709045
23.81 -0.0193886
23.82 -0.02122827
23.83 -0.02323376
23.84 -0.0243318
23.85 -0.02418311
23.86 -0.02266377
23.87 -0.01992636
23.88 -0.01920811
23.89 -0.01958347
23.9 -0.0195945
23.91 -0.01941599
23.92 -0.0186017
23.93 -0.01818076
23.94 -0.01758825
23.95 -0.01550807
23.96 -0.01451429
23.97 -0.01475849
23.98 -0.01484152
23.99 -0.01470626
24 -0.0154628
24.01 -0.01819443
24.02 -0.01945227
24.03 -0.01898828
24.04 -0.01904296
24.05 -0.02006862
24.06 -0.0195669
24.07 -0.019386
24.08 -0.02072092
24.09 -0.02113725
24.1 -0.02079792
24.11 -0.02030267
24.12 -0.01899614
24.13 -0.01835976
24.14 -0.01814857
24.15 -0.01580991
24.16 -0.01369653
24.17 -0.01313196
24.18 -0.01131882
24.19 -0.009409354
24.2 -0.009238419
24.21 -0.009524479
24.22 -0.008832933
24.23 -0.007278825
24.24 -0.005917639
24.25 -0.004446189
24.26 -0.001775216
24.27 -7.46343e-05
24.28 -0.0001739648
24.29 0.0004460347
24.3 0.000746208
24.31 -0.0001305144
24.32 -0.001209851
24.33 -0.003732803
24.34 -0.004844933
24.35 -0.00444796
24.36 -0.004282409
24.37 -0.004381633
24.38 -0.004286457
24.39 -0.002722429
24.4 -2.642276e-05
24.41 0.0005596795
24.42 0.0001928322
24.43 0.000238965
24.44 0.0003781423
24.45 0.0004162275
24.46 0.0004198016
24.47 0.0004766374
24.48 0.0009651613
24.49 0.002982689
24.5 0.004993948
24.51 0.00525604
24.52 0.00501716
24.53 0.005078266
24.54 0.005168734
24.55 0.00520924
24.56 0.005224611
24.57 0.005272993
24.58 0.006014609
24.59 0.008798114
24.6 0.01156582
24.61 0.01402995
24.62 0.01566034
24.63 0.01688003
24.64 0.01823281
24.65 0.01891283
24.66 0.01885431
24.67 0.01867378
24.68 0.01741176
24.69 0.01519274
24.7 0.01332969
24.71 0.01077019
24.72 0.008148548
24.73 0.005979059
24.74 0.005731873
24.75 0.006083578
24.76 0.005551647
24.77 0.004160026
24.78 0.003761695
24.79 0.003826525
24.8 0.002683142
24.81 0.001753659
24.82 0.001870566
24.83 0.002083294
24.84 0.001896898
24.85 0.0009809378
24.86 0.001346337
24.87 0.002234815
24.88 0.002151319
24.89 0.0001379212
24.9 -0.002214396
24.91 -0.002427076
24.92 -0.001929555
24.93 -0.001890404
24.94 -0.001949723
24.95 -0.00171815
24.96 -0.0002644841
24.97 0.002055306
24.98 0.004095625
24.99 0.006661182
25 0.008546842
25.01 0.01059789
25.02 0.01176548
25.03 0.01169958
25.04 0.01089263
25.05 0.008760798
25.06 0.006839453
25.07 0.00455767
25.08 0.00206371
25.09 -0.0006475689
25.1 -0.002536328
25.11 -0.004360525
25.12 -0.004519283
25.13 -0.003725771
25.14 -0.004830812
25.15 -0.00578773
25.16 -0.007258052
25.17 -0.009596008
25.18 -0.0100309
25.19 -0.009599063
25.2 -0.009526819
25.21 -0.009503158
25.22 -0.009446398
25.23 -0.009224293
25.24 -0.007645417
25.25 -0.005346788
25.26 -0.004588897
25.27 -0.004840011
25.28 -0.004864739
25.29 -0.004734724
25.3 -0.004708034
25.31 -0.004672352
25.32 -0.004641394
25.33 -0.004633303
25.34 -0.004535002
25.35 -0.004767181
25.36 -0.005590676
25.37 -0.004853142
25.38 -0.003104142
25.39 -0.0004653267
25.4 0.003181525
25.41 0.005859144
25.42 0.008453432
25.43 0.01105129
25.44 0.01345336
25.45 0.01385553
25.46 0.01352242
25.47 0.01352972
25.48 0.01220847
25.49 0.009499509
25.5 0.007680242
25.51 0.005871395
25.52 0.00496142
25.53 0.005124026
25.54 0.005312269
25.55 0.005282873
25.56 0.00531041
25.57 0.006147971
25.58 0.008879027
25.59 0.01026176
25.6 0.00994861
25.61 0.009811749
25.62 0.009973418
25.63 0.01004803
25.64 0.01013462
25.65 0.01008033
25.66 0.009226465
25.67 0.009090522
25.68 0.008769983
25.69 0.008799408
25.7 0.0101215
25.71 0.01061585
25.72 0.01049103
25.73 0.01052842
25.74 0.01061465
25.75 0.01066481
25.76 0.01056361
25.77 0.009467959
25.78 0.008121309
25.79 0.006849226
25.8 0.006359475
25.81 0.006540257
25.82 0.006621933
25.83 0.006585629
25.84 0.00663663
25.85 0.006689562
25.86 0.006760311
25.87 0.006868266
25.88 0.006902388
25.89 0.006951174
25.9 0.007019294
25.91 0.007060556
25.92 0.007077837
25.93 0.007079025
25.94 0.007108411
25.95 0.007231724
25.96 0.007299967
25.97 0.007327013
25.98 0.007375219
25.99 0.007401622
26 0.007433421
26.01 0.006284364
26.02 0.003627918
26.03 0.002670284
26.04 0.001721787
26.05 -0.0004573898
26.06 -0.002441091
26.07 -0.004906325
26.08 -0.005670753
26.09 -0.005228112
26.1 -0.005435572
26.11 -0.006334099
26.12 -0.005656616
26.13 -0.004896665
26.14 -0.004942397
26.15 -0.005032974
26.16 -0.004852276
26.17 -0.003429498
26.18 -0.0006352546
26.19 0.001327414
26.2 0.003339126
26.21 0.004314976
26.22 0.004181881
26.23 0.004111611
26.24 0.004210192
26.25 0.004327747
26.26 0.004399043
26.27 0.004421826
26.28 0.004474819
26.29 0.004505013
26.3 0.00454973
26.31 0.004589905
26.32 0.004101379
26.33 0.002125605
26.34 0.0002908965
26.35 -0.0001740715
26.36 -0.002281668
26.37 -0.004172016
26.38 -0.004107415
26.39 -0.005416126
26.4 -0.007990269
26.41 -0.008420627
26.42 -0.00794716
26.43 -0.008978456
26.44 -0.01106234
26.45 -0.01159622
26.46 -0.01205109
26.47 -0.01226321
26.48 -0.0121411
26.49 -0.01206924
26.5 -0.01190924
26.51 -0.0109108
26.52 -0.01065534
26.53 -0.009741043
26.54 -0.007704286
26.55 -0.007183646
26.56 -0.009517944
26.57 -0.01191546
26.58 -0.01194577
26.59 -0.01203448
26.6 -0.01423672
26.61 -0.01607356
26.62 -0.01640936
26.63 -0.01853481
26.64 -0.02040221
26.65 -0.02023287
26.66 -0.01979998
26.67 -0.01985233
26.68 -0.01991847
26.69 -0.01983103
26.7 -0.01977726
26.71 -0.01975587
26.72 -0.01969829
26.73 -0.01961959
26.74 -0.01952249
26.75 -0.01948241
26.76 -0.01945846
26.77 -0.01940264
26.78 -0.01936875
26.79 -0.01926625
26.8 -0.01918062
26.81 -0.01918259
26.82 -0.01915769
26.83 -0.01909592
26.84 -0.01882663
26.85 -0.01708014
26.86 -0.01476585
26.87 -0.0125868
26.88 -0.00996834
26.89 -0.007150357
26.9 -0.005289875
26.91 -0.004791603
26.92 -0.002996193
26.93 -0.0009688931
26.94 -0.0005572426
26.95 0.0006690063
26.96 0.003056124
26.97 0.004664577
26.98 0.006650358
26.99 0.008536212
27 0.01101771
27.01 0.01284264
27.02 0.01282742
27.03 0.01260756
27.04 0.01269548
27.05 0.01296863
27.06 0.01458753
27.07 0.01689704
27.08 0.01759554
27.09 0.01735294
27.1 0.01707365
27.11 0.01487348
27.12 0.01291765
27.13 0.01302964
27.14 0.01332901
27.15 0.01147896
27.16 0.008952863
27.17 0.008698463
27.18 0.009181028
27.19 0.009188383
27.2 0.009043182
27.21 0.007938599
27.22 0.005257385
27.23 0.001753942
27.24 -0.0007884341
27.25 -0.003232292
27.26 -0.005674345
27.27 -0.007909939
27.28 -0.008255277
27.29 -0.007464159
27.3 -0.005406755
27.31 -0.003461137
27.32 -0.003119806
27.33 -0.003315781
27.34 -0.003260448
27.35 -0.004147624
27.36 -0.006834263
27.37 -0.007857523
27.38 -0.007406686
27.39 -0.007256915
27.4 -0.007323033
27.41 -0.007294641
27.42 -0.007264548
27.43 -0.007189838
27.44 -0.007079971
27.45 -0.007047886
27.46 -0.007004905
27.47 -0.006969275
27.48 -0.006900403
27.49 -0.006786422
27.5 -0.006750215
27.51 -0.006696138
27.52 -0.005561396
27.53 -0.002774238
27.54 -0.001762927
27.55 -0.002154503
27.56 -0.001536631
27.57 0.001365811
27.58 0.004204508
27.59 0.006641051
27.6 0.007371437
27.61 0.008493646
27.62 0.01082914
27.63 0.01178115
27.64 0.01154128
27.65 0.01145027
27.66 0.01155325
27.67 0.01167508
27.68 0.01173659
27.69 0.01172082
27.7 0.01085261
27.71 0.008615065
27.72 0.007293574
27.73 0.007493865
27.74 0.007720011
27.75 0.007712594
27.76 0.007795231
27.77 0.008279585
27.78 0.0107676
27.79 0.01256744
27.8 0.01253968
27.81 0.01418275
27.82 0.01686513
27.83 0.0172922
27.84 0.01687128
27.85 0.01693731
27.86 0.01707159
27.87 0.01709354
27.88 0.01717488
27.89 0.01723993
27.9 0.01725956
27.91 0.01731187
27.92 0.01734186
27.93 0.01720205
27.94 0.0157324
27.95 0.01350127
27.96 0.01164248
27.97 0.009169624
27.98 0.006555105
27.99 0.004117472
28 0.001139511
28.01 -0.002184339
28.02 -0.005421931
28.03 -0.008441354
28.04 -0.01092947
28.05 -0.01298561
28.06 -0.01477022
28.07 -0.01665727
28.08 -0.01713736
28.09 -0.016777
28.1 -0.01668847
28.11 -0.01671113
28.12 -0.01613565
28.13 -0.01402407
28.14 -0.01210703
28.15 -0.01193835
28.16 -0.01151578
28.17 -0.008783239
28.18 -0.007087122
28.19 -0.00733766
28.2 -0.007370339
28.21 -0.005732501
28.22 -0.0033169
28.23 -0.001433619
28.24 0.001083172
28.25 0.002226809
28.26 0.004442681
28.27 0.008136451
28.28 0.01054467
28.29 0.01221641
28.3 0.01475764
28.31 0.01551741
28.32 0.0155019
28.33 0.01726019
28.34 0.01837578
28.35 0.01616131
28.36 0.01499203
28.37 0.0149394
28.38 0.01249655
28.39 0.009673877
28.4 0.007209278
28.41 0.005610883
28.42 0.003427136
28.43 0.0007057925
28.44 -0.001409026
28.45 -0.00308093
28.46 -0.005510596
28.47 -0.006274012
28.48 -0.006106856
28.49 -0.007651735
28.5 -0.009912922
28.51 -0.01043745
28.52 -0.01105346
28.53 -0.01332837
28.54 -0.0146232
28.55 -0.01431439
28.56 -0.01406032
28.57 -0.01411926
28.58 -0.01410028
28.59 -0.01403831
28.6 -0.01390347
28.61 -0.01259605
28.62 -0.009685876
28.63 -0.006797245
28.64 -0.00343782
28.65 -7.913924e-05
28.66 0.00330091
28.67 0.00599834
28.68 0.008307366
28.69 0.008996016
28.7 0.009671863
28.71 0.009243881
28.72 0.008592716
28.73 0.00865032
28.74 0.008421158
28.75 0.006001275
28.76 0.003321576
28.77 0.0007405399
28.78 -0.001713343
28.79 -0.004043108
28.8 -0.004352673
28.81 -0.003910054
28.82 -0.003876097
28.83 -0.003865837
28.84 -0.002754998
28.85 -0.0004952512
28.86 -0.0004736785
28.87 -0.002071123
28.88 -0.003562118
28.89 -0.005464981
28.9 -0.007768938
28.91 -0.008779534
28.92 -0.01097173
28.93 -0.01241322
28.94 -0.01219044
28.95 -0.01187568
28.96 -0.01185832
28.97 -0.01149018
28.98 -0.009555218
28.99 -0.007399725
29 -0.006036859
29.01 -0.003885783
29.02 -0.002552299
29.03 -0.002661364
29.04 -0.002791796
29.05 -0.002497391
29.06 -0.001358518
29.07 -0.0002572233
29.08 -0.0001052597
29.09 -0.0002441667
29.1 -0.001035237
29.11 -0.002227768
29.12 -0.00243158
29.13 -0.002619033
29.14 -0.00454184
29.15 -0.006485797
29.16 -0.006770303
29.17 -0.007778792
29.18 -0.01006282
29.19 -0.01091052
29.2 -0.009098642
29.21 -0.006276321
29.22 -0.00569997
29.23 -0.005441712
29.24 -0.002706791
29.25 -0.001122597
29.26 -0.001234957
29.27 0.0006753967
29.28 0.003207642
29.29 0.003444447
29.3 0.003096846
29.31 0.00407964
29.32 0.005682564
29.33 0.007049819
29.34 0.007818109
29.35 0.007844128
29.36 0.008006978
29.37 0.01006357
29.38 0.01251252
29.39 0.01275291
29.4 0.01298484
29.41 0.01442386
29.42 0.01407678
29.43 0.01225233
29.44 0.009560682
29.45 0.007033159
29.46 0.004479065
29.47 0.002030132
29.48 -0.0001574601
29.49 -0.001052225
29.5 -0.003293952
29.51 -0.004789314
29.52 -0.004527748
29.53 -0.004259826
29.54 -0.004257746
29.55 -0.004201903
29.56 -0.004147047
29.57 -0.00409592
29.58 -0.004079126
29.59 -0.004069828
29.6 -0.004319294
29.61 -0.006107139
29.62 -0.007438087
29.63 -0.00551731
29.64 -0.003549224
29.65 -0.003143328
29.66 -0.001599376
29.67 0.0007450204
29.68 0.002855589
29.69 0.00546647
29.7 0.008356475
29.71 0.01093222
29.72 0.01368605
29.73 0.01628058
29.74 0.01865112
29.75 0.01909821
29.76 0.01880118
29.77 0.01890798
29.78 0.01900689
29.79 0.01810688
29.8 0.01670906
29.81 0.01539273
29.82 0.01367864
29.83 0.01100103
29.84 0.00994654
29.85 0.008365917
29.86 0.006178573
29.87 0.005979439
29.88 0.005385025
29.89 0.002656028
29.9 0.0006258462
29.91 -0.001323634
29.92 -0.002364659
29.93 -0.003194621
29.94 -0.005769558
29.95 -0.0068302
29.96 -0.006344102
29.97 -0.006175584
29.98 -0.006269042
29.99 -0.005009315
30 -0.00219424
30.01 -0.001399437
30.02 -0.003150839
30.03 -0.005558199
30.04 -0.006212779
30.05 -0.005880544
30.06 -0.005742245
30.07 -0.005716323
30.08 -0.005705968
30.09 -0.006194801
30.1 -0.00813853
30.11 -0.009954475
30.12 -0.01010183
30.13 -0.00977705
30.14 -0.009736118
30.15 -0.009159829
30.16 -0.00694607
30.17 -0.005062067
30.18 -0.004914925
30.19 -0.005157346
30.2 -0.005062464
30.21 -0.004953897
30.22 -0.004909805
30.23 -0.004842529
30.24 -0.004494964
30.25 -0.003181193
30.26 -0.00235789
30.27 -0.002373899
30.28 -0.002442788
30.29 -0.002355751
30.3 -0.002293682
30.31 -0.002255609
30.32 -0.002095839
30.33 -0.001133168
30.34 0.0001053725
30.35 0.0002812895
30.36 0.0002104
30.37 0.0009928758
30.38 0.003275363
30.39 0.004955334
30.4 0.005008974
30.41 0.004802732
30.42 0.004250899
30.43 0.002239204
30.44 0.0005574354
30.45 7.946631e-05
30.46 -0.002114513
30.47 -0.003914247
30.48 -0.00439149
30.49 -0.005483486
30.5 -0.006901983
30.51 -0.007838185
30.52 -0.007772194
30.53 -0.006357958
30.54 -0.003642152
30.55 -0.002731813
30.56 -0.003030143
30.57 -0.003086243
30.58 -0.001872977
30.59 0.0009470235
30.6 0.001944871
30.61 0.001577989
30.62 0.001164831
30.63 0.0005110842
30.64 0.001177851
30.65 0.0001811786
30.66 -0.0023817
30.67 -0.002823259
30.68 -0.002353834
30.69 -0.002294403
30.7 -0.001445868
30.71 0.0009366708
30.72 0.002414725
30.73 0.002322385
30.74 0.002235592
30.75 0.00237668
30.76 0.002439209
30.77 0.002462512
30.78 0.002498569
30.79 0.003058288
30.8 0.005147841
30.81 0.007153189
30.82 0.00739441
30.83 0.007114327
30.84 0.006802552
30.85 0.005554415
30.86 0.004197095
30.87 0.003087456
30.88 0.002573464
30.89 0.0003402696
30.9 -0.001515218
30.91 -0.001351094
30.92 -0.00117817
30.93 -0.003282418
30.94 -0.0056084
30.95 -0.005652265
30.96 -0.005226549
30.97 -0.005223615
30.98 -0.005190391
30.99 -0.005122901
31 -0.00507032
31.01 -0.005052401
31.02 -0.005726672
31.03 -0.007844035
31.04 -0.009404183
31.05 -0.009398842
31.06 -0.00915356
31.07 -0.00917064
31.08 -0.01001399
31.09 -0.01222205
31.1 -0.01382578
31.11 -0.01493024
31.12 -0.01606859
31.13 -0.01735776
31.14 -0.01773313
31.15 -0.01754144
31.16 -0.01744651
31.17 -0.01658961
31.18 -0.01379112
31.19 -0.01245546
31.2 -0.01169649
31.21 -0.009467002
31.22 -0.008133217
31.23 -0.007676664
31.24 -0.005662084
31.25 -0.003760198
31.26 -0.003635698
31.27 -0.003870731
31.28 -0.003789533
31.29 -0.003672008
31.3 -0.003574936
31.31 -0.00355214
31.32 -0.003065446
31.33 -0.0003796491
31.34 0.001982579
31.35 0.003872831
31.36 0.005555563
31.37 0.007211176
31.38 0.009386848
31.39 0.01021454
31.4 0.01006975
31.41 0.0110074
31.42 0.01236938
31.43 0.01218753
31.44 0.01066779
31.45 0.009958397
31.46 0.00928095
31.47 0.007165708
31.48 0.005548318
31.49 0.004034784
31.5 0.001927657
31.51 0.001396894
31.52 0.001702023
31.53 0.002032798
31.54 0.002908691
31.55 0.003527619
31.56 0.005575269
31.57 0.006705199
31.58 0.006503938
31.59 0.00671813
31.6 0.007780582
31.61 0.007286527
31.62 0.006553941
31.63 0.006671879
31.64 0.006861249
31.65 0.006857724
31.66 0.006971075
31.67 0.007896834
31.68 0.01014375
31.69 0.0115547
31.7 0.01147866
31.71 0.01243371
31.72 0.01522882
31.73 0.01619125
31.74 0.01573934
31.75 0.01568166
31.76 0.01534842
31.77 0.01332243
31.78 0.01132729
31.79 0.01119239
31.8 0.01105926
31.81 0.008421212
31.82 0.006692818
31.83 0.007045366
31.84 0.007312879
31.85 0.007181862
31.86 0.007132465
31.87 0.007143992
31.88 0.007147665
31.89 0.007209447
31.9 0.008060439
31.91 0.007991196
31.92 0.007066757
31.93 0.005725334
31.94 0.00330047
31.95 0.002235468
31.96 0.0003288329
31.97 -0.001510565
31.98 -0.001488785
31.99 -0.002536666
32 -0.005120758
32.01 -0.005923992
32.02 -0.006919136
32.03 -0.008911051
32.04 -0.009552697
32.05 -0.009189634
32.06 -0.009022727
32.07 -0.009025152
32.08 -0.008470636
32.09 -0.006471418
32.1 -0.004589272
32.11 -0.004348184
32.12 -0.004109925
32.13 -0.001655381
32.14 2.155979e-05
32.15 -0.000198714
32.16 -0.0004646843
32.17 -0.000554754
32.18 -0.001314473
32.19 -0.0008951541
32.2 -0.0008456856
32.21 -0.002835729
32.22 -0.004304812
32.23 -0.00414934
32.24 -0.004302728
32.25 -0.006091249
32.26 -0.00771739
32.27 -0.007732075
32.28 -0.007408604
32.29 -0.007745649
32.3 -0.008908358
32.31 -0.009956571
32.32 -0.01075876
32.33 -0.01071289
32.34 -0.01039948
32.35 -0.01026884
32.36 -0.01014645
32.37 -0.01000251
32.38 -0.009843177
32.39 -0.009691225
32.4 -0.009572373
32.41 -0.009446542
32.42 -0.01000816
32.43 -0.01101161
32.44 -0.01196254
32.45 -0.01233329
32.46 -0.01151685
32.47 -0.01021932
32.48 -0.01060715
32.49 -0.01132409
32.5 -0.009766291
32.51 -0.007595505
32.52 -0.007088148
32.53 -0.007213167
32.54 -0.007052173
32.55 -0.006447726
32.56 -0.00478256
32.57 -0.003077127
32.58 -0.002527741
32.59 -0.0009002251
32.6 0.000824245
32.61 0.001003038
32.62 0.001401736
32.63 0.003160599
32.64 0.004423199
32.65 0.004387967
32.66 0.004233235
32.67 0.004286771
32.68 0.00432473
32.69 0.004322393
32.7 0.003820095
32.71 0.001911643
32.72 0.000930655
32.73 0.00057223
32.74 -0.0008465593
32.75 -0.001795687
32.76 -0.001610716
32.77 -0.001335949
32.78 -0.0001920197
32.79 0.001696523
32.8 0.002309491
32.81 0.003284308
32.82 0.004781051
32.83 0.004616945
32.84 0.003516895
32.85 0.003158673
32.86 0.002519188
32.87 0.001998069
32.88 0.002091131
32.89 0.002196348
32.9 0.001498436
32.91 0.001055542
32.92 0.001962273
32.93 0.002564949
32.94 0.00247785
32.95 0.002416735
32.96 0.002743342
32.97 0.003956118
32.98 0.005223436
32.99 0.005397263
33 0.005159791
33.01 0.005129606
33.02 0.005138543
33.03 0.005040331
33.04 0.00403802
33.05 0.002568166
33.06 0.001973057
33.07 0.0007533678
33.08 -3.078715e-05
33.09 9.450715e-05
33.1 -0.0001841842
33.11 -0.0002739994
33.12 -0.000199225
33.13 0.000296059
33.14 0.001176726
33.15 0.00246157
33.16 0.00318139
33.17 0.003120911
33.18 0.003650114
33.19 0.005069829
33.2 0.005497197
33.21 0.005207298
33.22 0.00510107
33.23 0.005081972
33.24 0.004584289
33.25 0.00338175
33.26 0.002685277
33.27 0.002750536
33.28 0.002839052
33.29 0.002826404
33.3 0.002801054
33.31 0.002793946
33.32 0.002780529
33.33 0.002754837
33.34 0.002742586
33.35 0.002715218
33.36 0.002572238
33.37 0.001997979
33.38 0.001430741
33.39 0.001254517
33.4 0.001741069
33.41 0.002393068
33.42 0.00275769
33.43 0.002722544
33.44 0.002927418
33.45 0.003745269
33.46 0.00447593
33.47 0.005320316
33.48 0.005903513
33.49 0.00645342
33.5 0.006828812
33.51 0.006657011
33.52 0.006353055
33.53 0.006168381
33.54 0.005973903
33.55 0.005745365
33.56 0.005525964
33.57 0.005094519
33.58 0.004225153
33.59 0.004026228
33.6 0.004101854
33.61 0.003934765
33.62 0.003600692
33.63 0.003052253
33.64 0.002710125
33.65 0.002605131
33.66 0.002473355
33.67 0.002309134
33.68 0.002032996
33.69 0.001394993
33.7 0.00082089
33.71 0.0006922756
33.72 0.0006620611
33.73 0.0005642379
33.74 0.0004714319
33.75 0.0002314423
33.76 6.418246e-05
33.77 -7.239363e-05
33.78 -0.0002760367
33.79 -0.0003601147
33.8 -0.000388268
33.81 -0.0004663887
33.82 -0.0007459742
33.83 -0.0009615755
33.84 -0.0009880465
33.85 -0.001003962
33.86 -0.001177469
33.87 -0.001245174
33.88 -0.001386885
33.89 -0.001696108
33.9 -0.001785599
33.91 -0.001729685
33.92 -0.001708844
33.93 -0.001823213
33.94 -0.002159374
33.95 -0.002274612
33.96 -0.002413951
33.97 -0.002622482
33.98 -0.002585044
33.99 -0.002571147
34 -0.002772065
34.01 -0.002792936
34.02 -0.00277656
34.03 -0.002868492
34.04 -0.002837324
34.05 -0.002688279
34.06 -0.002552507
34.07 -0.002438188
34.08 -0.002319952
34.09 -0.002206945
34.1 -0.002102502
34.11 -0.001995468
34.12 -0.001889002
34.13 -0.001792299
34.14 -0.001698132
34.15 -0.001607186
34.16 -0.001517395
34.17 -0.001429088
34.18 -0.00133302
34.19 -0.001170728
34.2 -0.000999209
34.21 -0.0008894494
34.22 -0.0007916343
34.23 -0.000692275
34.24 -0.0006287306
34.25 -0.0006052281
34.26 -0.0005819798
34.27 -0.0005528677
34.28 -0.0004944633
34.29 -0.0004309341
34.3 -0.0003800211
34.31 -0.0003619431
34.32 -0.0003563547
34.33 -0.000297625
34.34 -0.0002489332
34.35 -0.0002566392
34.36 -0.0002725444
34.37 -0.000278742
34.38 -0.0002843441
34.39 -0.0002912307
34.4 -0.0002973056
34.41 -0.000303749
34.42 -0.0003098358
34.43 -0.0003146686
34.44 -0.0003197482
34.45 -0.000324857
34.46 -0.0003215119
34.47 -0.0003041482
34.48 -0.0002981566
34.49 -0.0003087378
34.5 -0.0003187658
34.51 -0.000325777
34.52 -0.0003327561
34.53 -0.0003393543
34.54 -0.0003449664
34.55 -0.0003494054
34.56 -0.0003534749
34.57 -0.0003572276
34.58 -0.0003600778
34.59 -0.0003621409
34.6 -0.0003646185
34.61 -0.0003702589
34.62 -0.0003744247
34.63 -0.0003728579
34.64 -0.0003693069
34.65 -0.0003665464
34.66 -0.0003644268
34.67 -0.000359482
34.68 -0.0003553325
34.69 -0.0003523285
34.7 -0.0003478213
34.71 -0.0003431739
34.72 -0.0003379587
34.73 -0.0003318381
34.74 -0.000325549
34.75 -0.000319323
34.76 -0.0003128845
34.77 -0.0003060908
34.78 -0.0002995585
34.79 -0.0002931985
34.8 -0.0002868055
34.81 -0.0002801957
34.82 -0.0002732889
34.83 -0.000266274
34.84 -0.0002592416
34.85 -0.0002521211
34.86 -0.0002448518
34.87 -0.000237505
34.88 -0.0002301076
34.89 -0.0002226515
34.9 -0.0002151371
34.91 -0.0002075633
34.92 -0.0001999373
34.93 -0.0001922579
34.94 -0.00018452
34.95 -0.0001767278
34.96 -0.000168884
34.97 -0.0001609901
34.98 -0.0001530476
