0 -0.0001300687
0.01 -0.0001304145
0.02 -0.0001304306
0.03 -0.0001316537
0.04 -0.0001390635
0.05 -0.0001480202
0.06 -0.0001507558
0.07 -0.0001492882
0.08 -0.0001487717
0.09 -0.0001613695
0.1 -0.0001678042
0.11 -0.0001520965
0.12 -0.0001421273
0.13 -0.0001490286
0.14 -0.0001796536
0.15 -0.000222654
0.16 -0.0002496418
0.17 -0.0002421123
0.18 -0.0002245558
0.19 -0.0002310716
0.2 -0.0002464406
0.21 -0.0002656115
0.22 -0.0002670913
0.23 -0.0002275088
0.24 -0.000183744
0.25 -0.000113709
0.26 -3.250093e-05
0.27 -4.457123e-05
0.28 -0.0001348386
0.29 -0.0002840042
0.3 -0.000375461
0.31 -0.0003232444
0.32 -0.0001457556
0.33 -1.142622e-05
0.34 -8.139377e-05
0.35 -0.0001323879
0.36 2.838221e-05
0.37 6.903631e-05
0.38 0.0002607051
0.39 0.0006126849
0.4 0.0004782372
0.41 8.225306e-05
0.42 -0.0002960452
0.43 -0.0002976692
0.44 0.0001682738
0.45 0.0004338087
0.46 0.0004360956
0.47 0.0007901012
0.48 0.00164509
0.49 0.002240455
0.5 0.001883098
0.51 0.0009406113
0.52 0.0002670535
0.53 -0.0001651421
0.54 6.481665e-05
0.55 0.0004958672
0.56 -0.0004794733
0.57 -0.002009072
0.58 -0.002311591
0.59 -0.001638723
0.6 -0.001020356
0.61 -1.94329e-05
0.62 0.001533524
0.63 0.001941101
0.64 0.0006571387
0.65 -0.0007966037
0.66 -0.00233685
0.67 -0.003705584
0.68 -0.002886062
0.69 0.0001411743
0.7 0.001827288
0.71 3.179836e-06
0.72 -0.001882122
0.73 -0.001374654
0.74 6.329598e-05
0.75 0.00072028
0.76 0.001093347
0.77 0.0005916866
0.78 3.64462e-06
0.79 0.001081152
0.8 0.001101107
0.81 -0.000910849
0.82 -0.002104076
0.83 -0.0008549781
0.84 0.0006190673
0.85 0.0003684139
0.86 -0.0008986635
0.87 -0.001871219
0.88 -0.001331515
0.89 0.0001268532
0.9 0.001471593
0.91 0.002258822
0.92 0.00146869
0.93 -0.0002549309
0.94 -0.001513817
0.95 -0.001355652
0.96 -0.001200289
0.97 -0.001854879
0.98 -0.000978115
0.99 0.002920122
1 0.006897189
1.01 0.007342534
1.02 0.004757197
1.03 0.001629892
1.04 0.0004043734
1.05 0.001673276
1.06 0.003037787
1.07 0.002466918
1.08 -0.001006454
1.09 -0.006952277
1.1 -0.01114938
1.11 -0.008851308
1.12 -0.0004916665
1.13 0.00576082
1.14 0.005746106
1.15 0.001623111
1.16 -0.001094651
1.17 0.0002625852
1.18 0.00186783
1.19 0.001632077
1.2 0.001455876
1.21 0.004308146
1.22 0.006442653
1.23 0.001223636
1.24 -0.007335363
1.25 -0.009773324
1.26 -0.003175105
1.27 0.006154616
1.28 0.009638956
1.29 0.006702151
1.3 0.00207122
1.31 -0.001786934
1.32 -0.001913663
1.33 0.003351364
1.34 0.008054584
1.35 0.008160622
1.36 0.003630935
1.37 -0.005178024
1.38 -0.01327093
1.39 -0.01355507
1.4 -0.006639539
1.41 0.0008223659
1.42 0.004940981
1.43 0.005080475
1.44 0.002753711
1.45 0.0009328233
1.46 -0.001514392
1.47 -0.004529988
1.48 -0.003105835
1.49 0.00260292
1.5 0.006160621
1.51 0.002255936
1.52 -0.007757958
1.53 -0.01299749
1.54 -0.008270867
1.55 0.0002880715
1.56 0.004841011
1.57 0.005065412
1.58 0.005478818
1.59 0.004780514
1.6 0.002534491
1.61 0.003204438
1.62 0.003923646
1.63 -0.00214795
1.64 -0.01009578
1.65 -0.009630635
1.66 -0.00374627
1.67 0.0006132646
1.68 0.002061586
1.69 0.003239728
1.7 0.003140598
1.71 0.000893797
1.72 0.0003453737
1.73 0.002326034
1.74 0.001508781
1.75 -0.004087435
1.76 -0.0068096
1.77 -0.003852587
1.78 -0.004393495
1.79 -0.006897324
1.8 -0.003557034
1.81 0.004848344
1.82 0.01396451
1.83 0.02244594
1.84 0.02486511
1.85 0.01761466
1.86 0.004773735
1.87 -0.0002528436
1.88 0.001370053
1.89 -0.00189835
1.9 -0.01431087
1.91 -0.0215499
1.92 -0.01271404
1.93 -0.00187728
1.94 -0.0001683083
1.95 -0.003110756
1.96 -0.005575767
1.97 -0.002096476
1.98 0.008415046
1.99 0.01913446
2 0.01830046
2.01 0.005417278
2.02 -0.008250332
2.03 -0.01432572
2.04 -0.01197851
2.05 -0.005393824
2.06 0.000623104
2.07 0.004661161
2.08 0.006407745
2.09 0.003953799
2.1 -0.002052165
2.11 -0.004795727
2.12 -0.0009670789
2.13 0.003973798
2.14 0.004551584
2.15 0.001300366
2.16 -0.002272644
2.17 -0.005856589
2.18 -0.007174937
2.19 -0.004694794
2.2 9.836432e-05
2.21 0.001959678
2.22 -0.002677734
2.23 -0.006326104
2.24 -9.232305e-05
2.25 0.008405727
2.26 0.004903851
2.27 -0.004983971
2.28 -0.008634605
2.29 -0.005267757
2.3 -0.002836265
2.31 -0.002141032
2.32 -0.003479814
2.33 -0.005728236
2.34 -0.004368118
2.35 0.0001639482
2.36 0.0030665
2.37 0.004792837
2.38 0.006470696
2.39 0.005929351
2.4 0.0002321547
2.41 -0.01003086
2.42 -0.01659012
2.43 -0.01164976
2.44 -0.0009613482
2.45 0.006712823
2.46 0.01198977
2.47 0.01509172
2.48 0.01113539
2.49 0.006710952
2.5 0.0107312
2.51 0.01425893
2.52 0.006805419
2.53 -0.005252927
2.54 -0.009319668
2.55 -0.006228185
2.56 -0.004527026
2.57 -0.004916756
2.58 -0.00519051
2.59 -0.005254355
2.6 -0.005620978
2.61 -0.0008139412
2.62 0.007662724
2.63 0.00912995
2.64 0.003419669
2.65 -0.001543092
2.66 -0.004859343
2.67 -0.005628897
2.68 -0.002230342
2.69 -0.001023315
2.7 -0.008288559
2.71 -0.01797939
2.72 -0.01449989
2.73 0.0008287699
2.74 0.007823599
2.75 0.001880233
2.76 -0.004833833
2.77 -0.005853951
2.78 -0.003622525
2.79 -0.0008062305
2.8 0.0008105554
2.81 0.0006085152
2.82 0.0002946544
2.83 -0.001462762
2.84 -0.004037898
2.85 -0.003410003
2.86 0.0001451028
2.87 0.0006468251
2.88 -0.003452012
2.89 -0.005994473
2.9 -0.001268262
2.91 0.004019934
2.92 0.002071317
2.93 -0.003152397
2.94 -0.003677729
2.95 0.001245231
2.96 0.008515236
2.97 0.01448552
2.98 0.01486906
2.99 0.007450894
3 -0.0009672847
3.01 0.0006550983
3.02 0.008159722
3.03 0.008919967
3.04 0.001093991
3.05 -0.005237501
3.06 -0.003830601
3.07 -0.0004496431
3.08 0.001182281
3.09 0.0005522163
3.1 -0.001528363
3.11 -0.002504206
3.12 0.001111852
3.13 0.005265562
3.14 0.004621229
3.15 -0.002615499
3.16 -0.0106823
3.17 -0.008361104
3.18 0.003025092
3.19 0.009948426
3.2 0.006893492
3.21 0.0005610891
3.22 -0.004084927
3.23 -0.004178222
3.24 0.0003792508
3.25 0.004820472
3.26 0.004153618
3.27 -0.001848766
3.28 -0.008150641
3.29 -0.008317903
3.3 -0.003068938
3.31 0.004217635
3.32 0.007474101
3.33 0.001344405
3.34 -0.0139648
3.35 -0.02664031
3.36 -0.02686557
3.37 -0.019219
3.38 -0.01182051
3.39 -0.008131651
3.4 -0.004415328
3.41 0.002457244
3.42 0.008317653
3.43 0.00972729
3.44 0.008757569
3.45 0.01175437
3.46 0.01772632
3.47 0.01516552
3.48 0.0004688631
3.49 -0.01438281
3.5 -0.01978324
3.51 -0.01644921
3.52 -0.01117072
3.53 -0.003630577
3.54 0.005420798
3.55 0.008826799
3.56 0.006061901
3.57 0.004133343
3.58 0.007004327
3.59 0.01198509
3.6 0.0156199
3.61 0.0157928
3.62 0.01061822
3.63 0.00102456
3.64 -0.006852872
3.65 -0.009044201
3.66 -0.005065753
3.67 0.002912197
3.68 0.009616739
3.69 0.01424402
3.7 0.01641672
3.71 0.01606429
3.72 0.01005341
3.73 1.846915e-05
3.74 -0.006352317
3.75 -0.009554446
3.76 -0.01209286
3.77 -0.01291539
3.78 -0.01476025
3.79 -0.01657366
3.8 -0.01329036
3.81 -0.00192094
3.82 0.0136019
3.83 0.02086404
3.84 0.01174152
3.85 -0.002741196
3.86 -0.01160611
3.87 -0.0173479
3.88 -0.02082484
3.89 -0.0189493
3.9 -0.01402238
3.91 -0.007093197
3.92 0.005497421
3.93 0.01626308
3.94 0.01865851
3.95 0.01799077
3.96 0.01953014
3.97 0.02185715
3.98 0.02259943
3.99 0.02441167
4 0.03137451
4.01 0.04248117
4.02 0.04961728
4.03 0.04681273
4.04 0.03766123
4.05 0.02850025
4.06 0.02532307
4.07 0.02855307
4.08 0.03300426
4.09 0.03669943
4.1 0.03887623
4.11 0.03730811
4.12 0.03093185
4.13 0.01885182
4.14 -0.001563141
4.15 -0.02298288
4.16 -0.04198095
4.17 -0.05265416
4.18 -0.044953
4.19 -0.02585589
4.2 -0.01861886
4.21 -0.02987367
4.22 -0.04347495
4.23 -0.0457755
4.24 -0.04649758
4.25 -0.05142548
4.26 -0.04980458
4.27 -0.04075234
4.28 -0.04431724
4.29 -0.06351403
4.3 -0.07913845
4.31 -0.07918169
4.32 -0.04711114
4.33 0.01145873
4.34 0.05660822
4.35 0.05878675
4.36 0.03633055
4.37 0.01967995
4.38 0.01799175
4.39 0.01694088
4.4 0.01025448
4.41 0.0147852
4.42 0.0302653
4.43 0.03174237
4.44 0.000893873
4.45 -0.05561585
4.46 -0.09625023
4.47 -0.09022258
4.48 -0.05282416
4.49 -0.01479106
4.5 0.006672552
4.51 0.01168269
4.52 0.008264887
4.53 0.004712483
4.54 0.0170651
4.55 0.05415803
4.56 0.09283605
4.57 0.1000593
4.58 0.07342757
4.59 0.03456675
4.6 0.01043242
4.61 0.001576083
4.62 0.0009898217
4.63 0.007881792
4.64 0.01493082
4.65 0.01534696
4.66 0.01634166
4.67 0.01701509
4.68 -0.003333683
4.69 -0.04237811
4.7 -0.06666757
4.71 -0.05547535
4.72 -0.01864976
4.73 0.001190943
4.74 -0.01787021
4.75 -0.06109635
4.76 -0.09648134
4.77 -0.08763089
4.78 -0.04812102
4.79 -0.03615278
4.8 -0.05321431
4.81 -0.04474117
4.82 0.00232561
4.83 0.05308815
4.84 0.07790937
4.85 0.08141314
4.86 0.08514957
4.87 0.09178909
4.88 0.07750484
4.89 0.0249684
4.9 -0.03450543
4.91 -0.06494456
4.92 -0.06490931
4.93 -0.0403133
4.94 0.006744843
4.95 0.057326
4.96 0.08928906
4.97 0.08877242
4.98 0.05290337
4.99 0.008364983
5 -0.006799075
5.01 -0.004184351
5.02 -0.003726486
5.03 -0.008399667
5.04 -0.02271861
5.05 -0.05272985
5.06 -0.08913875
5.07 -0.1150728
5.08 -0.1139247
5.09 -0.0711083
5.1 -0.002778532
5.11 0.05823041
5.12 0.08616211
5.13 0.08433659
5.14 0.07719887
5.15 0.07838568
5.16 0.08547388
5.17 0.08671757
5.18 0.07217719
5.19 0.01845489
5.2 -0.06881804
5.21 -0.1162563
5.22 -0.09602678
5.23 0.0004305126
5.24 0.08608412
5.25 0.09717185
5.26 0.08442316
5.27 0.07506939
5.28 0.05830547
5.29 0.009167273
5.3 -0.03821888
5.31 -0.03666016
5.32 -0.01908715
5.33 -0.02600009
5.34 -0.05801441
5.35 -0.1152741
5.36 -0.1697967
5.37 -0.1737565
5.38 -0.1245036
5.39 -0.06120911
5.4 0.002019227
5.41 0.08971344
5.42 0.1866708
5.43 0.2063841
5.44 0.1161551
5.45 -0.0350533
5.46 -0.1330188
5.47 -0.1426992
5.48 -0.05539264
5.49 0.06825699
5.5 0.1266054
5.51 0.1226234
5.52 0.07426211
5.53 -0.004387363
5.54 -0.04696536
5.55 -0.05571247
5.56 -0.06531202
5.57 -0.07964785
5.58 -0.0891546
5.59 -0.09496922
5.6 -0.09506029
5.61 -0.05745027
5.62 0.02101084
5.63 0.07218097
5.64 0.04410496
5.65 -0.03540467
5.66 -0.06857838
5.67 -0.02288527
5.68 0.03074804
5.69 0.03777648
5.7 0.03021899
5.71 0.02926112
5.72 0.02027534
5.73 0.006324222
5.74 0.008910488
5.75 0.01578914
5.76 0.00496522
5.77 -0.01405779
5.78 -0.02001386
5.79 -0.012776
5.8 0.002664929
5.81 0.03697943
5.82 0.085382
5.83 0.1225236
5.84 0.1340703
5.85 0.1198818
5.86 0.06993646
5.87 0.01404429
5.88 -0.02431961
5.89 -0.07245745
5.9 -0.1364375
5.91 -0.1842548
5.92 -0.1560825
5.93 -0.06013327
5.94 0.04877615
5.95 0.1136269
5.96 0.1249614
5.97 0.09388575
5.98 0.04460313
5.99 0.02485199
6 0.02784562
6.01 0.02707594
6.02 0.01880592
6.03 0.01506164
6.04 0.02303229
6.05 0.03432694
6.06 0.03421155
6.07 0.01508263
6.08 -0.02865677
6.09 -0.07191084
6.1 -0.08263616
6.11 -0.06855828
6.12 -0.02498489
6.13 0.01827423
6.14 -0.005581037
6.15 -0.06497581
6.16 -0.0874739
6.17 -0.06069867
6.18 -0.01379618
6.19 0.02193872
6.2 0.02162617
6.21 -0.01152828
6.22 -0.03596561
6.23 -0.03806097
6.24 -0.02915706
6.25 -0.01284895
6.26 0.0006432398
6.27 0.004843628
6.28 0.002568814
6.29 -0.003291272
6.3 -0.02009552
6.31 -0.04753729
6.32 -0.06035615
6.33 -0.03760562
6.34 0.007932324
6.35 0.04168934
6.36 0.0482447
6.37 0.0488649
6.38 0.06016587
6.39 0.07515647
6.4 0.06796868
6.41 0.02510875
6.42 -0.01364541
6.43 -0.02126733
6.44 -0.01597274
6.45 -0.0058618
6.46 0.01585436
6.47 0.0360826
6.48 0.03715364
6.49 0.01671103
6.5 -0.02212143
6.51 -0.06170122
6.52 -0.0676478
6.53 -0.03479923
6.54 -0.009855202
6.55 -0.01782241
6.56 -0.02711462
6.57 0.0001694624
6.58 0.06619558
6.59 0.1198964
6.6 0.1336899
6.61 0.1273729
6.62 0.1208603
6.63 0.1184904
6.64 0.1120951
6.65 0.0840615
6.66 0.02407606
6.67 -0.04278498
6.68 -0.08337688
6.69 -0.1035694
6.7 -0.1243843
6.71 -0.1496019
6.72 -0.1743642
6.73 -0.1856084
6.74 -0.166501
6.75 -0.1287808
6.76 -0.097947
6.77 -0.07357537
6.78 -0.04355252
6.79 -0.0125884
6.8 0.01090978
6.81 0.04004349
6.82 0.07860598
6.83 0.1049147
6.84 0.1075091
6.85 0.09075961
6.86 0.06015662
6.87 0.04139
6.88 0.04246438
6.89 0.05060985
6.9 0.05577235
6.91 0.05200774
6.92 0.03052466
6.93 -0.003660912
6.94 -0.02295115
6.95 -0.02262025
6.96 -0.01040292
6.97 0.01948407
6.98 0.04988519
6.99 0.0566009
7 0.03594754
7.01 0.008041313
7.02 -0.00131876
7.03 -0.005724284
7.04 -0.0307147
7.05 -0.07172131
7.06 -0.09723225
7.07 -0.09739565
7.08 -0.07434672
7.09 -0.03487312
7.1 0.001229062
7.11 0.01326872
7.12 0.006806551
7.13 0.001040827
7.14 -0.001415344
7.15 0.001523617
7.16 0.01778085
7.17 0.03793533
7.18 0.03882592
7.19 0.019686
7.2 -0.001254569
7.21 -0.0009838709
7.22 0.03305562
7.23 0.08156276
7.24 0.1089509
7.25 0.1052599
7.26 0.07558432
7.27 0.03160944
7.28 -0.00189064
7.29 -0.02028675
7.3 -0.03489952
7.31 -0.04663985
7.32 -0.05074733
7.33 -0.04637584
7.34 -0.04055707
7.35 -0.03975048
7.36 -0.04457617
7.37 -0.04977717
7.38 -0.04759565
7.39 -0.02879887
7.4 0.008006215
7.41 0.03741119
7.42 0.0430767
7.43 0.03176226
7.44 0.008927427
7.45 -0.0101346
7.46 -0.01141016
7.47 -0.003942376
7.48 -0.00757074
7.49 -0.01973631
7.5 -0.02278368
7.51 -0.004710429
7.52 0.03094458
7.53 0.06255978
7.54 0.06842289
7.55 0.04905067
7.56 0.008291287
7.57 -0.03783708
7.58 -0.06640928
7.59 -0.06246725
7.6 -0.04484218
7.61 -0.04081736
7.62 -0.05452206
7.63 -0.07021022
7.64 -0.06970079
7.65 -0.05508273
7.66 -0.04103337
7.67 -0.02976947
7.68 -0.01573463
7.69 7.640726e-06
7.7 0.01119677
7.71 0.01775663
7.72 0.0169305
7.73 0.009951725
7.74 0.004319589
7.75 0.00781563
7.76 0.0154229
7.77 0.01447586
7.78 0.008054333
7.79 0.01248754
7.8 0.03416585
7.81 0.06080052
7.82 0.07779998
7.83 0.08527616
7.84 0.08369197
7.85 0.05151592
7.86 -0.0006855313
7.87 -0.02645979
7.88 -0.01647521
7.89 0.002620179
7.9 0.01105374
7.91 0.01139463
7.92 0.01122725
7.93 0.007718142
7.94 -0.009464281
7.95 -0.03330149
7.96 -0.02919879
7.97 0.00203207
7.98 0.01882735
7.99 0.01214327
8 0.001977185
8.01 0.001339825
8.02 0.008781129
8.03 0.01966305
8.04 0.02644988
8.05 0.02327128
8.06 0.01291316
8.07 0.005374346
8.08 0.009869797
8.09 0.02479755
8.1 0.04035332
8.11 0.0502142
8.12 0.05108418
8.13 0.02715497
8.14 -0.02009532
8.15 -0.05549965
8.16 -0.05494651
8.17 -0.0428155
8.18 -0.04682419
8.19 -0.06776206
8.2 -0.08677045
8.21 -0.09083447
8.22 -0.07858431
8.23 -0.04933913
8.24 -0.0300304
8.25 -0.03987005
8.26 -0.06599737
8.27 -0.082336
8.28 -0.07846419
8.29 -0.04801961
8.3 0.002257591
8.31 0.05090599
8.32 0.08359058
8.33 0.1002384
8.34 0.106118
8.35 0.1096632
8.36 0.118703
8.37 0.1312838
8.38 0.1271987
8.39 0.08374985
8.4 0.02399204
8.41 -0.02634311
8.42 -0.05215566
8.43 -0.06338198
8.44 -0.06612647
8.45 -0.05998093
8.46 -0.05576079
8.47 -0.06270523
8.48 -0.06988114
8.49 -0.06134848
8.5 -0.03776971
8.51 -0.008359448
8.52 0.02250397
8.53 0.05241341
8.54 0.07637311
8.55 0.09856851
8.56 0.1255879
8.57 0.1450024
8.58 0.1368656
8.59 0.08746904
8.6 0.02608168
8.61 -0.009525749
8.62 -0.03021323
8.63 -0.05873701
8.64 -0.09236371
8.65 -0.1172591
8.66 -0.1285263
8.67 -0.1277861
8.68 -0.1369921
8.69 -0.1459483
8.7 -0.1264063
8.71 -0.08467178
8.72 -0.03082435
8.73 0.02493094
8.74 0.07686281
8.75 0.1026044
8.76 0.09344745
8.77 0.05991901
8.78 0.01642282
8.79 -0.02637161
8.8 -0.06144621
8.81 -0.07423639
8.82 -0.06036919
8.83 -0.02838256
8.84 -0.002328091
8.85 0.003203182
8.86 -0.003347464
8.87 -0.002259404
8.88 0.01802153
8.89 0.04008348
8.9 0.04422516
8.91 0.03841344
8.92 0.03523857
8.93 0.04064656
8.94 0.06211856
8.95 0.09421162
8.96 0.125964
8.97 0.1458788
8.98 0.1290294
8.99 0.04486506
9 -0.02415002
9.01 -0.01935297
9.02 0.004785889
9.03 0.01006989
9.04 0.005354734
9.05 0.004899644
9.06 0.01018908
9.07 0.01789912
9.08 0.0215575
9.09 0.01070378
9.1 -0.008910572
9.11 -0.01927346
9.12 -0.02565697
9.13 -0.03899296
9.14 -0.05339795
9.15 -0.06523817
9.16 -0.08307054
9.17 -0.1092836
9.18 -0.1225804
9.19 -0.08483156
9.2 -0.01820072
9.21 -0.001490077
9.22 -0.05512839
9.23 -0.1193974
9.24 -0.1285071
9.25 -0.07993072
9.26 -0.003027479
9.27 0.03690769
9.28 0.03329259
9.29 0.0182578
9.3 0.01327031
9.31 0.03076587
9.32 0.05705425
9.33 0.06650436
9.34 0.05673156
9.35 0.02311542
9.36 -0.01875186
9.37 -0.02743982
9.38 -0.002098137
9.39 0.03523762
9.4 0.07163958
9.41 0.09085335
9.42 0.07683872
9.43 0.04919179
9.44 0.03572116
9.45 0.03806217
9.46 0.03732873
9.47 0.02051932
9.48 0.009173318
9.49 0.02509647
9.5 0.04694172
9.51 0.05004558
9.52 0.03678982
9.53 0.009647516
9.54 -0.02762828
9.55 -0.06168351
9.56 -0.07486471
9.57 -0.0721727
9.58 -0.07030462
9.59 -0.07090449
9.6 -0.06361188
9.61 -0.03892333
9.62 -0.009387183
9.63 -0.0009778193
9.64 -0.01473628
9.65 -0.03646246
9.66 -0.05074502
9.67 -0.05406557
9.68 -0.05015275
9.69 -0.04492761
9.7 -0.04550918
9.71 -0.05935335
9.72 -0.07530847
9.73 -0.06028298
9.74 -0.01846075
9.75 0.01789743
9.76 0.02897866
9.77 0.02699825
9.78 0.02915114
9.79 0.03636226
9.8 0.05192177
9.81 0.07854501
9.82 0.1019231
9.83 0.1056847
9.84 0.06835564
9.85 -0.001405574
9.86 -0.07012315
9.87 -0.1053628
9.88 -0.0934324
9.89 -0.05965302
9.9 -0.0235556
9.91 0.01077815
9.92 0.04509374
9.93 0.07950286
9.94 0.1141168
9.95 0.1440259
9.96 0.1583758
9.97 0.1578094
9.98 0.1462363
9.99 0.1132731
10 0.06507709
10.01 0.01647254
10.02 -0.02607554
10.03 -0.05393302
10.04 -0.07328777
10.05 -0.09046367
10.06 -0.09723626
10.07 -0.09153453
10.08 -0.08277235
10.09 -0.07755861
10.1 -0.07209395
10.11 -0.05109907
10.12 -0.01398215
10.13 0.02335739
10.14 0.04074439
10.15 0.0214297
10.16 -0.01620151
10.17 -0.0387812
10.18 -0.04166779
10.19 -0.03323905
10.2 -0.01840149
10.21 -0.01057571
10.22 -0.01822096
10.23 -0.0334147
10.24 -0.0376843
10.25 -0.01470525
10.26 0.02604182
10.27 0.05808891
10.28 0.07860378
10.29 0.09470409
10.3 0.09955138
10.31 0.07868315
10.32 0.02676212
10.33 -0.03049038
10.34 -0.0630621
10.35 -0.0603114
10.36 -0.03798862
10.37 -0.01343054
10.38 -0.007494408
10.39 -0.01881074
10.4 -0.02746254
10.41 -0.02258648
10.42 -0.0107044
10.43 0.001376961
10.44 0.01566443
10.45 0.03899396
10.46 0.06033849
10.47 0.05642226
10.48 0.02155357
10.49 -0.02292525
10.5 -0.05601248
10.51 -0.0701781
10.52 -0.06519369
10.53 -0.03529229
10.54 0.0073282
10.55 0.04750759
10.56 0.08602926
10.57 0.1189224
10.58 0.1357918
10.59 0.1397568
10.6 0.1229042
10.61 0.07396805
10.62 0.01745142
10.63 -0.02218395
10.64 -0.02923996
10.65 -0.02280074
10.66 -0.02666769
10.67 -0.04613537
10.68 -0.06582553
10.69 -0.0644103
10.7 -0.04711616
10.71 -0.03536587
10.72 -0.04050143
10.73 -0.05904223
10.74 -0.08269896
10.75 -0.09535125
10.76 -0.07728919
10.77 -0.03796363
10.78 -0.006826394
10.79 0.001368926
10.8 0.001576974
10.81 0.01352658
10.82 0.03790386
10.83 0.0615048
10.84 0.08084544
10.85 0.09973517
10.86 0.1151245
10.87 0.1207907
10.88 0.1165176
10.89 0.1002436
10.9 0.05333632
10.91 -0.01201298
10.92 -0.0744559
10.93 -0.1130841
10.94 -0.1149873
10.95 -0.1010537
10.96 -0.1019845
10.97 -0.1264578
10.98 -0.1455608
10.99 -0.1527198
11 -0.1491904
11.01 -0.1184681
11.02 -0.06807129
11.03 -0.03623592
11.04 -0.0270817
11.05 -0.005259314
11.06 0.0367669
11.07 0.07915773
11.08 0.1182012
11.09 0.1496634
11.1 0.1568459
11.11 0.1389614
11.12 0.1167944
11.13 0.110687
11.14 0.1170333
11.15 0.1189728
11.16 0.09233388
11.17 0.03098764
11.18 -0.03423108
11.19 -0.07149845
11.2 -0.05490873
11.21 -0.01521824
11.22 -0.002031147
11.23 -0.02831981
11.24 -0.07543044
11.25 -0.1172893
11.26 -0.1340079
11.27 -0.1242726
11.28 -0.09457503
11.29 -0.04776547
11.3 -0.001088009
11.31 0.01672646
11.32 0.008505563
11.33 0.003204889
11.34 0.0053307
11.35 0.0006853755
11.36 -0.01128967
11.37 -0.01293683
11.38 0.001798573
11.39 0.01714032
11.4 0.02397768
11.41 0.03088354
11.42 0.04394126
11.43 0.05329231
11.44 0.05171998
11.45 0.04601277
11.46 0.04405724
11.47 0.04673178
11.48 0.05178456
11.49 0.05589739
11.5 0.05318823
11.51 0.03608599
11.52 0.01000091
11.53 -0.01347229
11.54 -0.04249155
11.55 -0.08871501
11.56 -0.1178073
11.57 -0.1083232
11.58 -0.06852389
11.59 -0.02088216
11.6 0.01929547
11.61 0.03693113
11.62 0.0377521
11.63 0.03652339
11.64 0.03784221
11.65 0.04022372
11.66 0.03847859
11.67 0.02854842
11.68 0.01400766
11.69 0.004065126
11.7 0.001243208
11.71 -0.00389643
11.72 -0.02294569
11.73 -0.04979331
11.74 -0.07075195
11.75 -0.07978908
11.76 -0.06967442
11.77 -0.04393307
11.78 -0.02119042
11.79 -0.008800352
11.8 -0.002162312
11.81 -0.005026339
11.82 -0.02394936
11.83 -0.04621608
11.84 -0.05771623
11.85 -0.06300041
11.86 -0.07181105
11.87 -0.08052645
11.88 -0.07573071
11.89 -0.04789399
11.9 -0.01174176
11.91 0.02153605
11.92 0.05027779
11.93 0.0634187
11.94 0.06490413
11.95 0.06873285
11.96 0.07610683
11.97 0.08261236
11.98 0.08644634
11.99 0.08591232
12 0.07826938
12.01 0.06280494
12.02 0.04386506
12.03 0.02669509
12.04 0.00549115
12.05 -0.02598881
12.06 -0.04965829
12.07 -0.0490585
12.08 -0.03436052
12.09 -0.01757062
12.1 0.002290593
12.11 0.02321098
12.12 0.03625501
12.13 0.03372997
12.14 0.01781441
12.15 0.004010439
12.16 0.003881193
12.17 0.01042226
12.18 0.0154009
12.19 0.01949596
12.2 0.02647725
12.21 0.03627998
12.22 0.04374213
12.23 0.04365618
12.24 0.03650952
12.25 0.02981349
12.26 0.0275545
12.27 0.02388284
12.28 0.01308263
12.29 -0.002952035
12.3 -0.02154451
12.31 -0.03936004
12.32 -0.05309904
12.33 -0.06504851
12.34 -0.08121055
12.35 -0.1035
12.36 -0.1184591
12.37 -0.1158013
12.38 -0.09135905
12.39 -0.05169608
12.4 -0.01991954
12.41 -0.005054445
12.42 0.004927486
12.43 0.01303595
12.44 0.01614033
12.45 0.01536517
12.46 0.01329599
12.47 0.012177
12.48 0.01091836
12.49 0.006984019
12.5 0.004731255
12.51 0.01040508
12.52 0.01825964
12.53 0.01898753
12.54 0.01276931
12.55 0.009104803
12.56 0.0166637
12.57 0.03666535
12.58 0.06209159
12.59 0.08647101
12.6 0.1065428
12.61 0.1173322
12.62 0.1154685
12.63 0.0977331
12.64 0.06611966
12.65 0.03246444
12.66 0.005136142
12.67 -0.00998132
12.68 -0.01612322
12.69 -0.01560803
12.7 -0.01064479
12.71 -0.006735334
12.72 -0.01097763
12.73 -0.02296032
12.74 -0.04094582
12.75 -0.0545396
12.76 -0.05903855
12.77 -0.057654
12.78 -0.05125277
12.79 -0.03441844
12.8 -0.01233972
12.81 0.007197674
12.82 0.01685808
12.83 0.01260248
12.84 0.0005242923
12.85 -0.01161725
12.86 -0.02504151
12.87 -0.03730774
12.88 -0.0500221
12.89 -0.06296363
12.9 -0.07672246
12.91 -0.08662625
12.92 -0.08983618
12.93 -0.08968136
12.94 -0.08586421
12.95 -0.07165754
12.96 -0.0416584
12.97 -0.008693507
12.98 0.009195745
12.99 0.01792856
13 0.03227731
13.01 0.04910571
13.02 0.06046284
13.03 0.06689034
13.04 0.06711703
13.05 0.06415766
13.06 0.05932964
13.07 0.05038007
13.08 0.03829183
13.09 0.0281729
13.1 0.02242354
13.11 0.01810321
13.12 0.01106279
13.13 0.002610807
13.14 -0.0002467631
13.15 0.006901867
13.16 0.01830643
13.17 0.02232802
13.18 0.0115714
13.19 -0.01252477
13.2 -0.03704436
13.21 -0.04891114
13.22 -0.04657749
13.23 -0.03894868
13.24 -0.03057238
13.25 -0.02233231
13.26 -0.01754286
13.27 -0.01915844
13.28 -0.02343523
13.29 -0.02598149
13.3 -0.02372749
13.31 -0.01885631
13.32 -0.01473746
13.33 -0.01033349
13.34 -0.004000451
13.35 0.004106091
13.36 0.01195889
13.37 0.01901449
13.38 0.02372087
13.39 0.02682846
13.4 0.02970686
13.41 0.03221706
13.42 0.03463027
13.43 0.03539052
13.44 0.0344667
13.45 0.03097889
13.46 0.02649772
13.47 0.0223303
13.48 0.01614989
13.49 0.009072346
13.5 0.005219393
13.51 0.003887974
13.52 0.00255829
13.53 0.004279991
13.54 0.01520903
13.55 0.03069993
13.56 0.0431049
13.57 0.04639062
13.58 0.0352753
13.59 0.01423324
13.6 -0.006316609
13.61 -0.01931592
13.62 -0.0227015
13.63 -0.02310871
13.64 -0.0248693
13.65 -0.02803639
13.66 -0.02704433
13.67 -0.01576723
13.68 -0.0007994833
13.69 0.009535675
13.7 0.01148557
13.71 0.007077738
13.72 0.0001268163
13.73 -0.003515916
13.74 -9.339033e-05
13.75 0.008818443
13.76 0.01869585
13.77 0.02577811
13.78 0.02798683
13.79 0.02174247
13.8 0.005991485
13.81 -0.01218967
13.82 -0.02619131
13.83 -0.03209041
13.84 -0.03396089
13.85 -0.0355307
13.86 -0.03502301
13.87 -0.03165532
13.88 -0.02912507
13.89 -0.03090538
13.9 -0.03474144
13.91 -0.03539759
13.92 -0.02786908
13.93 -0.01367045
13.94 -0.001569903
13.95 0.008498661
13.96 0.01754091
13.97 0.02285388
13.98 0.02030469
13.99 0.01219121
14 0.006338546
14.01 0.006559253
14.02 0.009927133
14.03 0.01009265
14.04 0.0045902
14.05 -0.003616858
14.06 -0.01008302
14.07 -0.01344489
14.08 -0.01518585
14.09 -0.01407092
14.1 -0.01007642
14.11 -0.00460462
14.12 0.004695818
14.13 0.01556695
14.14 0.02715323
14.15 0.04132432
14.16 0.05395999
14.17 0.05685725
14.18 0.04999611
14.19 0.04075006
14.2 0.03737608
14.21 0.04110867
14.22 0.04757567
14.23 0.05047355
14.24 0.04163969
14.25 0.0236533
14.26 0.005284124
14.27 -0.009761246
14.28 -0.02285834
14.29 -0.03722306
14.3 -0.04694998
14.31 -0.05318855
14.32 -0.05693077
14.33 -0.05432953
14.34 -0.04098644
14.35 -0.02119742
14.36 -0.003085242
14.37 0.006583306
14.38 0.004475027
14.39 -0.004055533
14.4 -0.0124722
14.41 -0.01746395
14.42 -0.01749835
14.43 -0.01346795
14.44 -0.009558579
14.45 -0.00711583
14.46 -0.006280481
14.47 -0.00738782
14.48 -0.0120651
14.49 -0.01871798
14.5 -0.02348014
14.51 -0.02387064
14.52 -0.02083291
14.53 -0.01490653
14.54 -0.004610357
14.55 0.006654296
14.56 0.01482707
14.57 0.01748698
14.58 0.02073048
14.59 0.02806586
14.6 0.03537623
14.61 0.03871314
14.62 0.03759518
14.63 0.03461491
14.64 0.03260493
14.65 0.03050237
14.66 0.02674589
14.67 0.01803898
14.68 0.00466115
14.69 -0.0099273
14.7 -0.02366152
14.71 -0.03374025
14.72 -0.03780892
14.73 -0.03644742
14.74 -0.03472505
14.75 -0.03663262
14.76 -0.03944223
14.77 -0.03982152
14.78 -0.03914146
14.79 -0.0366867
14.8 -0.03058206
14.81 -0.01931573
14.82 -0.004357108
14.83 0.01064466
14.84 0.02245387
14.85 0.02731501
14.86 0.0268018
14.87 0.0262072
14.88 0.02880452
14.89 0.03093207
14.9 0.02971105
14.91 0.02567404
14.92 0.02126453
14.93 0.01817113
14.94 0.01532968
14.95 0.009643396
14.96 0.002456246
14.97 -0.003684951
14.98 -0.008102113
14.99 -0.01138703
15 -0.01200512
15.01 -0.01300004
15.02 -0.01818839
15.03 -0.02707637
15.04 -0.03547905
15.05 -0.04182974
15.06 -0.04392966
15.07 -0.0399218
15.08 -0.03156026
15.09 -0.02395943
15.1 -0.02029756
15.11 -0.01761345
15.12 -0.01504476
15.13 -0.01668774
15.14 -0.02075284
15.15 -0.02106699
15.16 -0.01636756
15.17 -0.01113904
15.18 -0.006911124
15.19 2.991269e-05
15.2 0.01017494
15.21 0.02298344
15.22 0.03172835
15.23 0.03266617
15.24 0.02852993
15.25 0.02667603
15.26 0.03154641
15.27 0.04161469
15.28 0.04991364
15.29 0.0529253
15.3 0.05172438
15.31 0.04598248
15.32 0.03878674
15.33 0.03269665
15.34 0.02576648
15.35 0.0156795
15.36 0.003972287
15.37 -0.008459357
15.38 -0.01935284
15.39 -0.02363997
15.4 -0.02084049
15.41 -0.0114445
15.42 0.001988085
15.43 0.01266919
15.44 0.01476634
15.45 0.007532208
15.46 -0.003875182
15.47 -0.01422714
15.48 -0.02069314
15.49 -0.02261851
15.5 -0.0220599
15.51 -0.01962862
15.52 -0.01700883
15.53 -0.01720844
15.54 -0.02114088
15.55 -0.0252779
15.56 -0.02524476
15.57 -0.02175972
15.58 -0.01362112
15.59 -0.002228318
15.6 0.006099636
15.61 0.007503011
15.62 0.003805106
15.63 -0.00118363
15.64 -0.00471335
15.65 -0.008639463
15.66 -0.01200738
15.67 -0.01041012
15.68 -0.004453095
15.69 0.00164466
15.7 0.00522418
15.71 0.007405096
15.72 0.01257672
15.73 0.01934038
15.74 0.0239337
15.75 0.0261452
15.76 0.02681848
15.77 0.02594373
15.78 0.02325306
15.79 0.02049891
15.8 0.01858831
15.81 0.0183685
15.82 0.01868942
15.83 0.01801019
15.84 0.01427909
15.85 0.005545948
15.86 -0.006701977
15.87 -0.02070836
15.88 -0.03050791
15.89 -0.03493023
15.9 -0.03579196
15.91 -0.03381311
15.92 -0.03095216
15.93 -0.03173123
15.94 -0.03686398
15.95 -0.04362756
15.96 -0.0425748
15.97 -0.02519784
15.98 -0.002701147
15.99 0.01447525
16 0.02042252
16.01 0.01796043
16.02 0.01490838
16.03 0.014706
16.04 0.01832977
16.05 0.02354576
16.06 0.02473537
16.07 0.0203366
16.08 0.01645667
16.09 0.01682943
16.1 0.01918655
16.11 0.02168018
16.12 0.02315502
16.13 0.02357494
16.14 0.02238498
16.15 0.02018361
16.16 0.01645772
16.17 0.01108622
16.18 0.001416559
16.19 -0.01173572
16.2 -0.02092971
16.21 -0.02561855
16.22 -0.02955966
16.23 -0.03435014
16.24 -0.03702678
16.25 -0.03149463
16.26 -0.01747721
16.27 -0.002695184
16.28 0.009075929
16.29 0.01590758
16.3 0.02131761
16.31 0.02848337
16.32 0.03604655
16.33 0.04108913
16.34 0.03821991
16.35 0.02706783
16.36 0.01046961
16.37 -0.0008425017
16.38 -0.004200098
16.39 -0.003154841
16.4 -0.002692098
16.41 -0.006038397
16.42 -0.007781567
16.43 -0.00208748
16.44 0.008286959
16.45 0.01689759
16.46 0.02168965
16.47 0.02633716
16.48 0.03138868
16.49 0.03429345
16.5 0.03188604
16.51 0.02483048
16.52 0.0193271
16.53 0.01620092
16.54 0.01350648
16.55 0.00664059
16.56 -0.008239696
16.57 -0.02708683
16.58 -0.04133224
16.59 -0.04770563
16.6 -0.04848576
16.61 -0.04524259
16.62 -0.04132604
16.63 -0.03915359
16.64 -0.03860087
16.65 -0.03529606
16.66 -0.02705751
16.67 -0.01647273
16.68 -0.01030237
16.69 -0.008842766
16.7 -0.009629533
16.71 -0.01168859
16.72 -0.01478029
16.73 -0.01765708
16.74 -0.01761723
16.75 -0.01502124
16.76 -0.01406121
16.77 -0.01535374
16.78 -0.01569984
16.79 -0.01366903
16.8 -0.0106398
16.81 -0.009896271
16.82 -0.009964892
16.83 -0.007739554
16.84 -0.002242345
16.85 0.004626189
16.86 0.01066779
16.87 0.01495659
16.88 0.01406389
16.89 0.008381542
16.9 0.002990516
16.91 -2.576076e-05
16.92 -0.002173449
16.93 -0.004943707
16.94 -0.007010938
16.95 -0.005445685
16.96 0.0002743041
16.97 0.00703007
16.98 0.0127521
16.99 0.01628539
17 0.01765317
17.01 0.017816
17.02 0.01770787
17.03 0.01730539
17.04 0.01663391
17.05 0.01595278
17.06 0.01299925
17.07 0.00776539
17.08 0.002875444
17.09 -0.0006413614
17.1 -0.001516755
17.11 -0.0008618092
17.12 -0.0006680709
17.13 -0.00100901
17.14 -0.003451324
17.15 -0.008096345
17.16 -0.01013516
17.17 -0.009433289
17.18 -0.007600955
17.19 -0.005169099
17.2 -0.004399265
17.21 -0.006399822
17.22 -0.009399133
17.23 -0.01145724
17.24 -0.01305595
17.25 -0.01390498
17.26 -0.01284307
17.27 -0.009481893
17.28 -0.004881557
17.29 0.0004954925
17.3 0.007852473
17.31 0.01653061
17.32 0.02375192
17.33 0.02935814
17.34 0.03418878
17.35 0.03955222
17.36 0.04253604
17.37 0.04087521
17.38 0.03494073
17.39 0.02894889
17.4 0.02591102
17.41 0.0247698
17.42 0.02091169
17.43 0.011845
17.44 0.002289607
17.45 -0.002211213
17.46 -0.001447688
17.47 6.661598e-05
17.48 -0.0001507642
17.49 -0.004333081
17.5 -0.01147408
17.51 -0.01810948
17.52 -0.02220414
17.53 -0.0232653
17.54 -0.02154957
17.55 -0.01761268
17.56 -0.01055451
17.57 -0.002016953
17.58 0.002535854
17.59 -0.0005198277
17.6 -0.007379574
17.61 -0.0128273
17.62 -0.01438259
17.63 -0.01402713
17.64 -0.01509388
17.65 -0.0172499
17.66 -0.01653063
17.67 -0.01371757
17.68 -0.01301634
17.69 -0.01454678
17.7 -0.01672401
17.71 -0.01817153
17.72 -0.01845002
17.73 -0.01942407
17.74 -0.02095927
17.75 -0.02135828
17.76 -0.01958452
17.77 -0.01541555
17.78 -0.009359113
17.79 -0.001934732
17.8 0.005552347
17.81 0.01281904
17.82 0.01818059
17.83 0.02394482
17.84 0.03219366
17.85 0.03960359
17.86 0.04416872
17.87 0.04666207
17.88 0.04725126
17.89 0.04685778
17.9 0.04442114
17.91 0.03810013
17.92 0.02846159
17.93 0.01688099
17.94 0.005666273
17.95 -0.002652006
17.96 -0.008887897
17.97 -0.01423797
17.98 -0.02087557
17.99 -0.02813406
18 -0.03303453
18.01 -0.03410051
18.02 -0.03141204
18.03 -0.02826745
18.04 -0.02554224
18.05 -0.02273232
18.06 -0.02172233
18.07 -0.0240909
18.08 -0.02809156
18.09 -0.02917921
18.1 -0.02534614
18.11 -0.01925199
18.12 -0.01477099
18.13 -0.01250361
18.14 -0.0109312
18.15 -0.009096506
18.16 -0.006061622
18.17 -0.0002845336
18.18 0.009197107
18.19 0.02089779
18.2 0.03007867
18.21 0.0337655
18.22 0.03166383
18.23 0.02651723
18.24 0.02057498
18.25 0.01588041
18.26 0.01360711
18.27 0.01220029
18.28 0.00857272
18.29 0.003165918
18.3 -0.0009519855
18.31 -0.002156799
18.32 -0.001694722
18.33 -0.001522502
18.34 -0.0007866241
18.35 0.0007938211
18.36 0.003899634
18.37 0.008343722
18.38 0.01208894
18.39 0.01361128
18.4 0.01375933
18.41 0.01363831
18.42 0.01156342
18.43 0.006588175
18.44 0.0009002656
18.45 -0.003762273
18.46 -0.007225708
18.47 -0.01066237
18.48 -0.01535222
18.49 -0.01768455
18.5 -0.01599692
18.51 -0.01028994
18.52 -0.001941502
18.53 0.006754949
18.54 0.01350573
18.55 0.01709425
18.56 0.01726624
18.57 0.01291923
18.58 0.004767062
18.59 -0.002257411
18.6 -0.004526647
18.61 -0.00345592
18.62 -0.002088923
18.63 -0.001529694
18.64 -0.0003044517
18.65 0.001202815
18.66 0.003694493
18.67 0.007246823
18.68 0.01063391
18.69 0.01290625
18.7 0.01381764
18.71 0.01542636
18.72 0.01626015
18.73 0.01261425
18.74 0.005620153
18.75 -0.001948202
18.76 -0.007263039
18.77 -0.01040712
18.78 -0.01200365
18.79 -0.01311975
18.8 -0.01524516
18.81 -0.0147699
18.82 -0.009050885
18.83 -0.001340794
18.84 0.003348744
18.85 0.004102577
18.86 0.002149731
18.87 -0.0001879191
18.88 -0.00461219
18.89 -0.01297929
18.9 -0.02240063
18.91 -0.03031955
18.92 -0.03551425
18.93 -0.03705617
18.94 -0.03456587
18.95 -0.02786369
18.96 -0.01639833
18.97 -0.004587188
18.98 0.002908956
18.99 0.00912266
19 0.01807879
19.01 0.02662651
19.02 0.03172578
19.03 0.03250916
19.04 0.0281738
19.05 0.01906884
19.06 0.007713025
19.07 0.0001953805
19.08 -0.001786127
19.09 -0.003533615
19.1 -0.00543173
19.11 -0.005629486
19.12 -0.005014406
19.13 -0.005746994
19.14 -0.007105054
19.15 -0.006529116
19.16 -0.003391569
19.17 0.002096989
19.18 0.007229334
19.19 0.01065412
19.2 0.01310825
19.21 0.01386467
19.22 0.01181247
19.23 0.006428423
19.24 -0.0005986141
19.25 -0.006562999
19.26 -0.01204991
19.27 -0.0171022
19.28 -0.01930206
19.29 -0.0176271
19.3 -0.01325985
19.31 -0.007548922
19.32 -0.001615243
19.33 0.002621819
19.34 0.004954012
19.35 0.00622749
19.36 0.008137002
19.37 0.01254459
19.38 0.01819831
19.39 0.02327635
19.4 0.02556163
19.41 0.02390761
19.42 0.01955049
19.43 0.01512682
19.44 0.009943338
19.45 0.002955142
19.46 -0.003772439
19.47 -0.008276135
19.48 -0.009536068
19.49 -0.008722431
19.5 -0.009151811
19.51 -0.01026054
19.52 -0.01092228
19.53 -0.01021069
19.54 -0.007844585
19.55 -0.00476154
19.56 -0.00174141
19.57 0.001455766
19.58 0.004933244
19.59 0.006671481
19.6 0.004928952
19.61 0.0002962086
19.62 -0.003773553
19.63 -0.005995131
19.64 -0.007852528
19.65 -0.009697407
19.66 -0.009804169
19.67 -0.007645325
19.68 -0.003683727
19.69 -0.0002137241
19.7 0.003643993
19.71 0.006509202
19.72 0.005520066
19.73 0.0001337197
19.74 -0.007101178
19.75 -0.01347464
19.76 -0.01784403
19.77 -0.01974635
19.78 -0.01755836
19.79 -0.01169423
19.8 -0.006294734
19.81 -0.003887553
19.82 -0.002907765
19.83 1.222768e-05
19.84 0.005488425
19.85 0.009638052
19.86 0.008793542
19.87 0.002749045
19.88 -0.004647782
19.89 -0.00916161
19.9 -0.00974412
19.91 -0.007931262
19.92 -0.004265481
19.93 -0.003320068
19.94 -0.002408448
19.95 0.00102151
19.96 0.005088967
19.97 0.007998233
19.98 0.01113165
19.99 0.01333669
20 0.01241591
20.01 0.008601807
20.02 0.00455386
20.03 0.001567816
20.04 -0.001326422
20.05 -0.004533076
20.06 -0.006186838
20.07 -0.00549292
20.08 -0.003796712
20.09 -0.002543349
20.1 -0.004279477
20.11 -0.008097626
20.12 -0.0123031
20.13 -0.01582125
20.14 -0.01830708
20.15 -0.01970484
20.16 -0.02001695
20.17 -0.01800841
20.18 -0.01262987
20.19 -0.005321791
20.2 0.001891855
20.21 0.00899135
20.22 0.01483968
20.23 0.01992748
20.24 0.02477043
20.25 0.02793271
20.26 0.02782427
20.27 0.02289747
20.28 0.01470054
20.29 0.006342627
20.3 -0.0001690247
20.31 -0.004964535
20.32 -0.009788344
20.33 -0.01520994
20.34 -0.0214511
20.35 -0.0243431
20.36 -0.02132714
20.37 -0.0125116
20.38 -0.004652458
20.39 -0.001071979
20.4 0.0003065481
20.41 0.0003161639
20.42 0.001305537
20.43 0.003933485
20.44 0.008653489
20.45 0.01429438
20.46 0.01959425
20.47 0.02370745
20.48 0.0256173
20.49 0.02541196
20.5 0.02425451
20.51 0.02280882
20.52 0.02241697
20.53 0.0235475
20.54 0.02358321
20.55 0.02054762
20.56 0.01614498
20.57 0.01366786
20.58 0.01093678
20.59 0.007402001
20.6 0.004178154
20.61 0.001617561
20.62 -0.000677745
20.63 -0.003737175
20.64 -0.008069456
20.65 -0.01271296
20.66 -0.01574426
20.67 -0.0166545
20.68 -0.01668745
20.69 -0.01833238
20.7 -0.02097603
20.71 -0.02343179
20.72 -0.02528641
20.73 -0.0251806
20.74 -0.02435657
20.75 -0.02373153
20.76 -0.02146881
20.77 -0.01793989
20.78 -0.01354943
20.79 -0.008444227
20.8 -0.003764618
20.81 -0.001831118
20.82 -0.001067492
20.83 8.877331e-05
20.84 0.001337858
20.85 0.00146208
20.86 0.0009623442
20.87 -0.0007378818
20.88 -0.003172875
20.89 -0.00283756
20.9 0.00171337
20.91 0.009209173
20.92 0.01738187
20.93 0.02212296
20.94 0.02350528
20.95 0.0254681
20.96 0.02774714
20.97 0.02793679
20.98 0.02600467
20.99 0.02302653
21 0.02036716
21.01 0.01692124
21.02 0.014089
21.03 0.01347826
21.04 0.01205332
21.05 0.007312408
21.06 0.001064012
21.07 -0.003594671
21.08 -0.00697666
21.09 -0.00853864
21.1 -0.008996315
21.11 -0.01139233
21.12 -0.01681701
21.13 -0.02253122
21.14 -0.02496781
21.15 -0.02395389
21.16 -0.02191553
21.17 -0.02110237
21.18 -0.01992352
21.19 -0.017114
21.2 -0.01415158
21.21 -0.01207602
21.22 -0.0115644
21.23 -0.01010274
21.24 -0.007342451
21.25 -0.005614058
21.26 -0.0056507
21.27 -0.006999807
21.28 -0.007031449
21.29 -0.003708836
21.3 0.001560724
21.31 0.007725941
21.32 0.0141793
21.33 0.01948166
21.34 0.02326354
21.35 0.02712431
21.36 0.02985892
21.37 0.02845569
21.38 0.02331132
21.39 0.01637427
21.4 0.009948146
21.41 0.003904129
21.42 -0.0001404515
21.43 -0.003094969
21.44 -0.005618819
21.45 -0.00877468
21.46 -0.0118674
21.47 -0.01247069
21.48 -0.01059168
21.49 -0.008756537
21.5 -0.007640951
21.51 -0.006431571
21.52 -0.004997877
21.53 -0.006200531
21.54 -0.009933134
21.55 -0.01340137
21.56 -0.0138997
21.57 -0.01167494
21.58 -0.007476776
21.59 -0.001550179
21.6 0.003465763
21.61 0.005912855
21.62 0.006671806
21.63 0.00784815
21.64 0.009085665
21.65 0.01033957
21.66 0.01112839
21.67 0.01112937
21.68 0.01072749
21.69 0.01025394
21.7 0.008765055
21.71 0.005602055
21.72 0.002066897
21.73 0.0005309046
21.74 0.0002668766
21.75 -0.0001769938
21.76 -0.001407882
21.77 -0.002640209
21.78 -0.003225852
21.79 -0.003677629
21.8 -0.003414426
21.81 -0.003689761
21.82 -0.004086552
21.83 -0.004252581
21.84 -0.004065219
21.85 -0.00390702
21.86 -0.00457187
21.87 -0.007492709
21.88 -0.0117459
21.89 -0.01624723
21.9 -0.0197637
21.91 -0.02012002
21.92 -0.0162169
21.93 -0.009612986
21.94 -0.001882093
21.95 0.002886793
21.96 0.00293099
21.97 0.001886119
21.98 0.001533903
21.99 0.002353423
22 0.004584348
22.01 0.007515593
22.02 0.009804302
22.03 0.0114428
22.04 0.01066749
22.05 0.006926581
22.06 0.00296894
22.07 0.00259572
22.08 0.004683161
22.09 0.007275041
22.1 0.008358125
22.11 0.007166071
22.12 0.00507893
22.13 0.003874097
22.14 0.002533396
22.15 -0.0001491072
22.16 -0.002003059
22.17 -0.003009334
22.18 -0.001209202
22.19 0.003217248
22.2 0.006690006
22.21 0.006089909
22.22 0.00343532
22.23 -0.0008458535
22.24 -0.00618129
22.25 -0.01094779
22.26 -0.01394468
22.27 -0.01327639
22.28 -0.009246361
22.29 -0.002865144
22.3 0.004396818
22.31 0.008494149
22.32 0.008224924
22.33 0.004190607
22.34 -0.001873203
22.35 -0.006979166
22.36 -0.00782561
22.37 -0.003921965
22.38 0.001261231
22.39 0.006023968
22.4 0.009009445
22.41 0.009687509
22.42 0.008826191
22.43 0.00758174
22.44 0.00707922
22.45 0.006147321
22.46 0.005396698
22.47 0.004923232
22.48 0.004932656
22.49 0.007148563
22.5 0.009753415
22.51 0.01196559
22.52 0.01336982
22.53 0.01299479
22.54 0.01063046
22.55 0.007245494
22.56 0.003566175
22.57 0.0004013117
22.58 -0.003131489
22.59 -0.007100257
22.6 -0.0111564
22.61 -0.01439941
22.62 -0.015142
22.63 -0.01377102
22.64 -0.01267238
22.65 -0.012348
22.66 -0.01119322
22.67 -0.007898346
22.68 -0.002610949
22.69 0.003813728
22.7 0.008638157
22.71 0.009619125
22.72 0.007425428
22.73 0.002093818
22.74 -0.003260299
22.75 -0.006747104
22.76 -0.008626406
22.77 -0.009303565
22.78 -0.01121708
22.79 -0.01289435
22.8 -0.01267244
22.81 -0.009476596
22.82 -0.004377062
22.83 0.001146495
22.84 0.006521276
22.85 0.008966896
22.86 0.007691454
22.87 0.003998171
22.88 0.0009092121
22.89 -0.001032727
22.9 -0.003379296
22.91 -0.0052371
22.92 -0.007365077
22.93 -0.008218145
22.94 -0.005615637
22.95 -0.003283394
22.96 -0.0009553533
22.97 0.002489386
22.98 0.006342536
22.99 0.008977158
23 0.01010846
23.01 0.01009292
23.02 0.01073344
23.03 0.01267374
23.04 0.01360455
23.05 0.01331714
23.06 0.01277418
23.07 0.009914632
23.08 0.005446825
23.09 0.000577112
23.1 -0.004928362
23.11 -0.01311514
23.12 -0.0229636
23.13 -0.02931012
23.14 -0.03041878
23.15 -0.02723511
23.16 -0.02180799
23.17 -0.01533984
23.18 -0.008956544
23.19 -0.003605911
23.2 0.0009435307
23.21 0.004810502
23.22 0.008968285
23.23 0.01263077
23.24 0.01561506
23.25 0.01777803
23.26 0.01755092
23.27 0.01320157
23.28 0.004377241
23.29 -0.006965391
23.3 -0.01520721
23.31 -0.01752623
23.32 -0.01657104
23.33 -0.01449474
23.34 -0.01262792
23.35 -0.01188518
23.36 -0.00943005
23.37 -0.005148742
23.38 -0.002307788
23.39 -0.0007296977
23.4 -8.187681e-05
23.41 -0.000394302
23.42 2.860091e-05
23.43 4.46068e-06
23.44 -0.001462857
23.45 -0.002516424
23.46 -0.00121817
23.47 0.0004704755
23.48 0.001613872
23.49 0.003533844
23.5 0.005363943
23.51 0.007423534
23.52 0.01017465
23.53 0.01304399
23.54 0.01610254
23.55 0.01978884
23.56 0.0226805
23.57 0.02479024
23.58 0.02634939
23.59 0.02679934
23.6 0.02517077
23.61 0.0220396
23.62 0.01772351
23.63 0.01234219
23.64 0.00637606
23.65 0.001935482
23.66 -0.002317514
23.67 -0.005964156
23.68 -0.009033778
23.69 -0.01167702
23.7 -0.01253059
23.71 -0.01281261
23.72 -0.01430268
23.73 -0.01636299
23.74 -0.01853267
23.75 -0.01851724
23.76 -0.01457021
23.77 -0.008731645
23.78 -0.002597505
23.79 0.00167437
23.8 0.003414101
23.81 0.003277335
23.82 0.002030937
23.83 0.001107618
23.84 0.001168403
23.85 0.001579181
23.86 0.001819092
23.87 0.001765196
23.88 0.001374213
23.89 0.0007143835
23.9 -0.00141072
23.91 -0.004911214
23.92 -0.008045706
23.93 -0.01011861
23.94 -0.01086166
23.95 -0.01058966
23.96 -0.01080683
23.97 -0.01168979
23.98 -0.01200587
23.99 -0.01135381
24 -0.01016359
24.01 -0.007831723
24.02 -0.005450944
24.03 -0.001358571
24.04 0.00447429
24.05 0.009491686
24.06 0.01263774
24.07 0.01397333
24.08 0.01323143
24.09 0.01203118
24.1 0.01111498
24.11 0.01233696
24.12 0.01567357
24.13 0.01880307
24.14 0.01962263
24.15 0.01738629
24.16 0.01204532
24.17 0.005224503
24.18 -0.0003482293
24.19 -0.003040787
24.2 -0.003942875
24.21 -0.0051842
24.22 -0.006706468
24.23 -0.006921666
24.24 -0.006519996
24.25 -0.005493649
24.26 -0.003087291
24.27 -0.001934631
24.28 -0.001476134
24.29 0.0009784844
24.3 0.003862164
24.31 0.005982785
24.32 0.006126225
24.33 0.005329856
24.34 0.004178147
24.35 0.002537139
24.36 0.001463278
24.37 0.0001524931
24.38 -0.001120782
24.39 -0.00172573
24.4 -0.001832243
24.41 -0.002052834
24.42 -0.002624191
24.43 -0.003611058
24.44 -0.003165487
24.45 -0.00172689
24.46 -0.0003844418
24.47 0.0002223995
24.48 -0.001162886
24.49 -0.003540087
24.5 -0.005807729
24.51 -0.005579151
24.52 -0.002543563
24.53 -0.0004562254
24.54 0.001074906
24.55 0.001767989
24.56 0.0006872606
24.57 0.00107935
24.58 0.002789169
24.59 0.004442236
24.6 0.007350397
24.61 0.01033854
24.62 0.01197731
24.63 0.01268125
24.64 0.01282636
24.65 0.01134646
24.66 0.008039071
24.67 0.00450851
24.68 0.00304588
24.69 0.003158674
24.7 0.001603091
24.71 -0.001510978
24.72 -0.004946082
24.73 -0.008075425
24.74 -0.01090347
24.75 -0.01322376
24.76 -0.01403868
24.77 -0.01355435
24.78 -0.0108823
24.79 -0.007412762
24.8 -0.004837286
24.81 -0.003859161
24.82 -0.005081961
24.83 -0.008899989
24.84 -0.01367544
24.85 -0.01639551
24.86 -0.01590583
24.87 -0.01270434
24.88 -0.008720044
24.89 -0.005544807
24.9 -0.002351228
24.91 0.0005844651
24.92 0.003595034
24.93 0.007219768
24.94 0.01027626
24.95 0.01261657
24.96 0.01457432
24.97 0.01744444
24.98 0.01848722
24.99 0.01781798
25 0.01555824
25.01 0.01224242
25.02 0.009039571
25.03 0.004625649
25.04 -0.0002017315
25.05 -0.003826802
25.06 -0.005382511
25.07 -0.007793069
25.08 -0.01100242
25.09 -0.01303971
25.1 -0.01284008
25.11 -0.01161478
25.12 -0.009010583
25.13 -0.005418793
25.14 -0.001459608
25.15 0.001356345
25.16 0.003767637
25.17 0.004290564
25.18 0.001476951
25.19 -0.001823723
25.2 -0.00401157
25.21 -0.005515569
25.22 -0.006780823
25.23 -0.008123367
25.24 -0.01058851
25.25 -0.01249845
25.26 -0.01175266
25.27 -0.008926362
25.28 -0.007389416
25.29 -0.008668162
25.3 -0.01205201
25.31 -0.01523341
25.32 -0.0167101
25.33 -0.01673412
25.34 -0.01625503
25.35 -0.01551264
25.36 -0.0126184
25.37 -0.007620537
25.38 -0.002723558
25.39 0.001735036
25.4 0.006303946
25.41 0.01030246
25.42 0.01334186
25.43 0.0155315
25.44 0.01765386
25.45 0.01844878
25.46 0.01710398
25.47 0.01490043
25.48 0.01425404
25.49 0.01427332
25.5 0.01200176
25.51 0.008445742
25.52 0.007105519
25.53 0.009497284
25.54 0.01297301
25.55 0.01466864
25.56 0.01375419
25.57 0.01216667
25.58 0.0093291
25.59 0.006313886
25.6 0.003305021
25.61 -0.0006355258
25.62 -0.004538305
25.63 -0.006842281
25.64 -0.008180074
25.65 -0.01018331
25.66 -0.01203792
25.67 -0.01239429
25.68 -0.01042844
25.69 -0.006944264
25.7 -0.0001165007
25.71 0.008163711
25.72 0.01559564
25.73 0.02033417
25.74 0.02142147
25.75 0.01945567
25.76 0.01528459
25.77 0.009994162
25.78 0.004272037
25.79 -0.001108399
25.8 -0.005313539
25.81 -0.007471664
25.82 -0.009307737
25.83 -0.01049349
25.84 -0.01111756
25.85 -0.01333961
25.86 -0.0160003
25.87 -0.01702424
25.88 -0.01522047
25.89 -0.01281558
25.9 -0.0107947
25.91 -0.0100474
25.92 -0.008022472
25.93 -0.005268562
25.94 -0.002858895
25.95 -0.001371688
25.96 -0.001007714
25.97 0.000689087
25.98 0.002269316
25.99 0.002801161
26 0.002912133
26.01 0.004041915
26.02 0.006851767
26.03 0.008208901
26.04 0.007441651
26.05 0.006591378
26.06 0.004221934
26.07 0.001260467
26.08 -0.0008416803
26.09 -0.001324583
26.1 -0.0004047251
26.11 0.00233505
26.12 0.006515056
26.13 0.009941079
26.14 0.009951821
26.15 0.006866149
26.16 0.004044013
26.17 0.002967624
26.18 0.002501466
26.19 0.002200723
26.2 0.002130725
26.21 0.001042519
26.22 -0.0006014003
26.23 -0.001814736
26.24 -0.003636776
26.25 -0.004465336
26.26 -0.00455924
26.27 -0.004768558
26.28 -0.005100691
26.29 -0.006679132
26.3 -0.008705008
26.31 -0.009120923
26.32 -0.008490217
26.33 -0.006984649
26.34 -0.004101187
26.35 -0.000687688
26.36 0.002746139
26.37 0.003945459
26.38 0.003627714
26.39 0.003555216
26.4 0.003652713
26.41 0.002347833
26.42 -0.001146232
26.43 -0.00572338
26.44 -0.01000379
26.45 -0.01215307
26.46 -0.01057697
26.47 -0.007537441
26.48 -0.004985084
26.49 -0.003182458
26.5 -0.0003350752
26.51 0.003211521
26.52 0.006594479
26.53 0.007818664
26.54 0.007099254
26.55 0.006027044
26.56 0.006384666
26.57 0.00779016
26.58 0.008564736
26.59 0.009175395
26.6 0.01137135
26.61 0.01331682
26.62 0.01492453
26.63 0.01662771
26.64 0.01695275
26.65 0.01612294
26.66 0.01412937
26.67 0.01196348
26.68 0.009080108
26.69 0.005762455
26.7 0.001252377
26.71 -0.003840488
26.72 -0.008069048
26.73 -0.01060016
26.74 -0.01286429
26.75 -0.01560527
26.76 -0.01493225
26.77 -0.011342
26.78 -0.006936853
26.79 -0.002807825
26.8 0.0001842294
26.81 0.001980391
26.82 0.002869145
26.83 0.00197607
26.84 0.0004698878
26.85 0.0001043044
26.86 0.001018379
26.87 0.001627746
26.88 -0.0001639022
26.89 -0.003872913
26.9 -0.007917667
26.91 -0.01095635
26.92 -0.01122446
26.93 -0.009077191
26.94 -0.008222696
26.95 -0.008541854
26.96 -0.009057932
26.97 -0.009808919
26.98 -0.009691737
26.99 -0.00860619
27 -0.007337474
27.01 -0.004840118
27.02 -0.00329706
27.03 -0.001733089
27.04 0.0001360349
27.05 0.0006618526
27.06 0.002072691
27.07 0.003948101
27.08 0.004461006
27.09 0.004117289
27.1 0.00327445
27.11 0.001753333
27.12 7.644276e-05
27.13 -0.001758227
27.14 -0.002328175
27.15 -0.001875682
27.16 -0.0005361007
27.17 0.0007006186
27.18 0.001397327
27.19 0.002717265
27.2 0.004140622
27.21 0.003866255
27.22 0.002422446
27.23 0.0006175078
27.24 -0.001663325
27.25 -0.00434207
27.26 -0.006740823
27.27 -0.007926028
27.28 -0.007669817
27.29 -0.006522664
27.3 -0.004125702
27.31 -0.002155958
27.32 5.810449e-05
27.33 0.001324994
27.34 0.00192782
27.35 0.003544141
27.36 0.004753249
27.37 0.005211612
27.38 0.005250429
27.39 0.005665423
27.4 0.007340644
27.41 0.009065382
27.42 0.009563745
27.43 0.009652433
27.44 0.009820013
27.45 0.009754781
27.46 0.008535243
27.47 0.005997578
27.48 0.003713409
27.49 0.001511882
27.5 0.0006718075
27.51 0.0005952116
27.52 -0.001291365
27.53 -0.003856329
27.54 -0.00642451
27.55 -0.008883105
27.56 -0.009966423
27.57 -0.009644557
27.58 -0.007947012
27.59 -0.004894516
27.6 -0.001076436
27.61 0.002686263
27.62 0.005080801
27.63 0.005993775
27.64 0.006476201
27.65 0.006203047
27.66 0.005718688
27.67 0.005144543
27.68 0.003429874
27.69 0.001508315
27.7 2.576561e-05
27.71 -0.001517084
27.72 -0.00229654
27.73 -0.002045584
27.74 -0.0006200945
27.75 0.001231537
27.76 0.002112736
27.77 0.002463001
27.78 0.001595552
27.79 0.0007439477
27.8 0.0009855843
27.81 0.001406084
27.82 0.0008912346
27.83 -0.00127401
27.84 -0.003641633
27.85 -0.00523459
27.86 -0.005466863
27.87 -0.005524337
27.88 -0.00600918
27.89 -0.00619103
27.9 -0.005063082
27.91 -0.002420432
27.92 -0.0001261203
27.93 0.002105124
27.94 0.004434497
27.95 0.006915777
27.96 0.008601364
27.97 0.00900061
27.98 0.008337363
27.99 0.007587513
28 0.005926686
28.01 0.003013989
28.02 0.0001417385
28.03 -0.001527141
28.04 -0.001938719
28.05 -0.002076997
28.06 -0.002323955
28.07 -0.002924744
28.08 -0.004048149
28.09 -0.005683138
28.1 -0.007145048
28.11 -0.007184324
28.12 -0.005244133
28.13 -0.002024836
28.14 0.0008563854
28.15 0.003164968
28.16 0.004745841
28.17 0.005646206
28.18 0.006659506
28.19 0.007382852
28.2 0.00745081
28.21 0.007283661
28.22 0.006288877
28.23 0.004233074
28.24 0.001281345
28.25 -0.001237159
28.26 -0.00297793
28.27 -0.004157255
28.28 -0.004495153
28.29 -0.004702768
28.3 -0.004962142
28.31 -0.005443359
28.32 -0.005722038
28.33 -0.005457015
28.34 -0.004133599
28.35 -0.002926467
28.36 -0.00190549
28.37 -0.002057337
28.38 -0.003643015
28.39 -0.005013094
28.4 -0.005367022
28.41 -0.00521649
28.42 -0.004699612
28.43 -0.004021769
28.44 -0.00345917
28.45 -0.002401566
28.46 -0.0009964012
28.47 0.0007006825
28.48 0.002783286
28.49 0.004707626
28.5 0.006356468
28.51 0.007920529
28.52 0.008569637
28.53 0.008185629
28.54 0.007322118
28.55 0.006083264
28.56 0.004882102
28.57 0.003544334
28.58 0.002020407
28.59 0.0004805679
28.6 -0.0006527499
28.61 -0.001622737
28.62 -0.002264931
28.63 -0.002745793
28.64 -0.003533863
28.65 -0.003944453
28.66 -0.003674623
28.67 -0.002679988
28.68 -0.001785964
28.69 -0.001758176
28.7 -0.002112623
28.71 -0.002555088
28.72 -0.002824314
28.73 -0.002800089
28.74 -0.002594466
28.75 -0.001845839
28.76 -0.0008486619
28.77 -9.912856e-07
28.78 0.0009610967
28.79 0.001996556
28.8 0.002784321
28.81 0.002920347
28.82 0.00239257
28.83 0.001457954
28.84 0.0005454332
28.85 0.0001150466
28.86 0.0001879553
28.87 0.0001798223
28.88 0.0001258034
28.89 0.0001254628
28.9 3.680051e-05
28.91 -0.000268535
28.92 -0.0005788012
28.93 -0.0007675216
28.94 -0.0010926
28.95 -0.001558745
28.96 -0.001841841
28.97 -0.001969717
28.98 -0.001776976
28.99 -0.001414859
29 -0.00119523
29.01 -0.0008809426
29.02 -0.0002988242
29.03 0.0002772389
29.04 0.0006271898
29.05 0.0007232134
29.06 0.0007587153
29.07 0.0007824489
29.08 0.0008062282
29.09 0.0008739966
29.1 0.0008550341
29.11 0.0007631431
29.12 0.0006563516
29.13 0.0005746975
29.14 0.0004936041
29.15 0.0003792426
29.16 0.0002675059
29.17 0.0001471104
29.18 -1.19786e-05
29.19 -7.959501e-05
29.2 -6.804488e-05
29.21 -8.882242e-05
29.22 -4.663511e-05
29.23 -1.610944e-07
29.24 -1.262311e-05
29.25 -3.572776e-05
29.26 2.327663e-05
29.27 0.0001280124
29.28 0.000191134
29.29 0.0001994688
29.3 0.0002063786
29.31 0.0002023362
29.32 0.0001628091
29.33 0.0001233959
29.34 6.108508e-05
29.35 -4.144764e-05
29.36 -8.064901e-05
29.37 -5.529251e-05
29.38 -2.758727e-05
29.39 7.467893e-06
29.4 3.446906e-05
29.41 4.344494e-05
29.42 2.725029e-05
29.43 -6.658121e-06
29.44 -2.953028e-05
29.45 -4.169705e-05
29.46 -4.517618e-05
29.47 -4.277441e-05
29.48 -3.266326e-05
29.49 -1.793972e-05
29.5 -7.691468e-06
29.51 -1.479415e-05
29.52 -3.509642e-05
29.53 -4.265928e-05
29.54 -1.772519e-05
29.55 1.851258e-05
29.56 4.375405e-05
29.57 4.957922e-05
29.58 4.218064e-05
29.59 2.958722e-05
29.6 1.210519e-05
29.61 -6.313647e-07
29.62 -3.127381e-06
29.63 2.640986e-06
29.64 1.019857e-05
29.65 1.521556e-05
29.66 1.640043e-05
29.67 1.17705e-05
29.68 3.314909e-06
29.69 -1.619646e-06
29.7 -2.641972e-06
29.71 -6.900827e-08
29.72 5.708084e-06
29.73 1.256225e-05
29.74 1.878243e-05
29.75 2.25985e-05
29.76 2.474602e-05
29.77 2.591706e-05
29.78 2.658479e-05
29.79 2.646028e-05
29.8 2.597215e-05
29.81 2.562222e-05
29.82 2.507437e-05
29.83 2.442767e-05
29.84 2.38296e-05
29.85 2.339797e-05
29.86 2.307882e-05
29.87 2.282588e-05
29.88 2.262849e-05
29.89 2.237573e-05
29.9 2.204876e-05
29.91 2.169009e-05
29.92 2.132112e-05
29.93 2.094135e-05
29.94 2.057118e-05
29.95 2.021586e-05
29.96 1.987456e-05
29.97 1.954736e-05
29.98 1.923405e-05
