0 -0.0001766227
0.01 -0.0001796161
0.02 -0.000182482
0.03 -0.0001855485
0.04 -0.0001892521
0.05 -0.0001915519
0.06 -0.0001935145
0.07 -0.0001956743
0.08 -0.0001949927
0.09 -0.0001946655
0.1 -0.0001973845
0.11 -0.0002048584
0.12 -0.0002111205
0.13 -0.0002130423
0.14 -0.0002149015
0.15 -0.0002178325
0.16 -0.0002197897
0.17 -0.0002118396
0.18 -0.0002000994
0.19 -0.0001923251
0.2 -0.0001751608
0.21 -0.0001647726
0.22 -0.0001635946
0.23 -0.0001608071
0.24 -0.0001572414
0.25 -0.0001739013
0.26 -0.0001969828
0.27 -0.0001973199
0.28 -0.0001910094
0.29 -0.0001952778
0.3 -0.0002445024
0.31 -0.0003234649
0.32 -0.0003499071
0.33 -0.0002997894
0.34 -0.0002056627
0.35 -0.0001431236
0.36 -9.370592e-05
0.37 -7.088988e-05
0.38 -6.79512e-05
0.39 -6.170014e-05
0.4 -5.158092e-05
0.41 -4.269533e-05
0.42 -4.117833e-05
0.43 -0.0001063868
0.44 -0.0002289472
0.45 -0.0003569537
0.46 -0.0004441688
0.47 -0.0004548705
0.48 -0.0004510786
0.49 -0.0004818905
0.5 -0.0005568568
0.51 -0.0006295625
0.52 -0.0006458327
0.53 -0.0005551645
0.54 -0.0005172016
0.55 -0.0002931882
0.56 -0.0002319329
0.57 -0.0003032619
0.58 -0.000315018
0.59 -0.0003880347
0.6 -0.0005657125
0.61 -0.0006156845
0.62 -0.0005581626
0.63 -0.000332389
0.64 9.08246e-05
0.65 0.0003138559
0.66 0.0002791394
0.67 3.234638e-05
0.68 -0.0005027537
0.69 -0.0009721906
0.7 -0.001037675
0.71 -0.0009875175
0.72 -0.001011204
0.73 -0.001028979
0.74 -0.0007874467
0.75 -0.0002554828
0.76 0.0003440446
0.77 0.0005488378
0.78 0.0004923377
0.79 0.0004390352
0.8 0.000293138
0.81 -0.0001972975
0.82 -0.000286797
0.83 0.000450759
0.84 0.0007306073
0.85 0.0006110099
0.86 0.0005986597
0.87 0.0006557276
0.88 0.0006742802
0.89 0.0006787386
0.9 0.0004015385
0.91 -0.0002385137
0.92 -0.000715615
0.93 -0.001029212
0.94 -0.001236639
0.95 -0.001102347
0.96 -4.734721e-06
0.97 0.0008244373
0.98 0.0003064954
0.99 -0.0005801261
1 -0.0008609594
1.01 -5.029547e-05
1.02 0.0008070528
1.03 0.001029612
1.04 0.001002832
1.05 0.001010285
1.06 0.0008136631
1.07 -0.0001565848
1.08 -0.001388917
1.09 -0.001987875
1.1 -0.003010648
1.11 -0.003756451
1.12 -0.00312089
1.13 -0.001726469
1.14 -0.0003341537
1.15 0.001022581
1.16 0.00185247
1.17 0.003068836
1.18 0.004120694
1.19 0.003331916
1.2 0.001632708
1.21 0.0009375845
1.22 0.001086811
1.23 0.001339824
1.24 0.001215805
1.25 0.001041523
1.26 0.0006943034
1.27 -0.0002909848
1.28 -0.000656515
1.29 0.0003944037
1.3 0.001583052
1.31 0.001661224
1.32 0.001484009
1.33 0.001530323
1.34 0.001882717
1.35 0.002679743
1.36 0.003665488
1.37 0.003231364
1.38 0.001694457
1.39 0.0006924966
1.4 -0.001162362
1.41 -0.003319219
1.42 -0.005661597
1.43 -0.007591419
1.44 -0.009606811
1.45 -0.0103617
1.46 -0.008821528
1.47 -0.005270069
1.48 -0.001795736
1.49 0.0007072681
1.5 0.003330515
1.51 0.005980302
1.52 0.005948541
1.53 0.003520508
1.54 0.001593272
1.55 6.728412e-05
1.56 -0.001836367
1.57 -0.00246685
1.58 -0.001792984
1.59 0.0004460483
1.6 0.00219554
1.61 0.002226097
1.62 0.00179048
1.63 0.0005686175
1.64 -0.0005555709
1.65 0.00028662
1.66 0.002680553
1.67 0.005484486
1.68 0.006919001
1.69 0.006587157
1.7 0.005329701
1.71 0.002806879
1.72 0.001613012
1.73 0.0008049767
1.74 -0.0002401276
1.75 -0.001298471
1.76 -0.00228404
1.77 -0.00247844
1.78 -0.002015162
1.79 -0.0006073039
1.8 0.000176741
1.81 1.520861e-05
1.82 -0.0009430481
1.83 -0.002342241
1.84 -0.002582796
1.85 -0.002307071
1.86 -0.001185592
1.87 0.0006645025
1.88 0.00103849
1.89 0.0006431437
1.9 0.0007501856
1.91 0.001577369
1.92 0.002253906
1.93 0.002225864
1.94 0.0007175451
1.95 -0.002253815
1.96 -0.003622445
1.97 -0.003122516
1.98 -0.002331575
1.99 -0.002316713
2 -0.002358336
2.01 -0.0009457814
2.02 0.001382221
2.03 0.002510127
2.04 0.002120936
2.05 -0.0003615516
2.06 -0.00269882
2.07 -0.00304064
2.08 -0.00202618
2.09 0.0008577247
2.1 0.003580577
2.11 0.004656527
2.12 0.00467023
2.13 0.003806317
2.14 0.002519226
2.15 0.00150494
2.16 -0.0005350182
2.17 -0.001383139
2.18 0.001032794
2.19 0.003749942
2.2 0.006034036
2.21 0.007343637
2.22 0.0074261
2.23 0.007191477
2.24 0.006863613
2.25 0.006554735
2.26 0.005289026
2.27 0.003106562
2.28 0.0007044853
2.29 -0.002169394
2.3 -0.004742405
2.31 -0.005386728
2.32 -0.004327097
2.33 -0.003585126
2.34 -0.00537518
2.35 -0.007601242
2.36 -0.007927458
2.37 -0.006927817
2.38 -0.004975128
2.39 -0.001349707
2.4 0.002010353
2.41 0.002883171
2.42 0.002582825
2.43 0.003861178
2.44 0.006772847
2.45 0.008351825
2.46 0.009741854
2.47 0.01102623
2.48 0.01027076
2.49 0.0072574
2.5 0.003508111
2.51 -0.000907011
2.52 -0.003027656
2.53 -0.002257374
2.54 -7.07888e-05
2.55 0.002348355
2.56 0.004244779
2.57 0.005469035
2.58 0.005352489
2.59 0.003331102
2.6 0.0008726178
2.61 -0.002253316
2.62 -0.006990898
2.63 -0.01128107
2.64 -0.01196285
2.65 -0.009598005
2.66 -0.005650584
2.67 -0.002438404
2.68 -0.001484468
2.69 -0.001781995
2.7 -0.001865794
2.71 -0.002026406
2.72 -0.0038193
2.73 -0.005770285
2.74 -0.004681719
2.75 -0.001178436
2.76 0.002086949
2.77 0.003304709
2.78 0.004634864
2.79 0.007313022
2.8 0.009382074
2.81 0.009808919
2.82 0.007691934
2.83 0.003698261
2.84 -3.644386e-05
2.85 -0.001662707
2.86 0.0003571197
2.87 0.002352967
2.88 -0.0007581624
2.89 -0.006662654
2.9 -0.01096687
2.91 -0.01149034
2.92 -0.01042659
2.93 -0.009143884
2.94 -0.009448806
2.95 -0.009577478
2.96 -0.007856597
2.97 -0.004549345
2.98 -0.000568948
2.99 0.002913192
3 0.004118159
3.01 0.0038871
3.02 0.003572369
3.03 0.003404169
3.04 0.003418726
3.05 0.003445817
3.06 0.003453328
3.07 0.003982521
3.08 0.005358448
3.09 0.006932275
3.1 0.008327395
3.11 0.008354497
3.12 0.005588474
3.13 -0.0004059535
3.14 -0.006881816
3.15 -0.01049131
3.16 -0.01070394
3.17 -0.008261763
3.18 -0.005163565
3.19 -0.002564584
3.2 -0.0008354339
3.21 -0.001599019
3.22 -0.004655736
3.23 -0.006314538
3.24 -0.005696091
3.25 -0.004526578
3.26 -0.001822789
3.27 -0.0004219686
3.28 -0.002111278
3.29 -0.005448737
3.3 -0.007649407
3.31 -0.006908551
3.32 -0.004225364
3.33 -0.001559815
3.34 -0.000247971
3.35 0.0009165283
3.36 0.002646926
3.37 0.004394949
3.38 0.00752294
3.39 0.009559127
3.4 0.009284258
3.41 0.00690178
3.42 0.002790866
3.43 -0.000682438
3.44 -0.002934926
3.45 -0.003504931
3.46 -0.003047432
3.47 -0.001961759
3.48 -0.001720461
3.49 -0.00229075
3.5 -0.001028349
3.51 0.0006712742
3.52 0.001998067
3.53 0.001331734
3.54 -0.0008120909
3.55 -0.00358786
3.56 -0.004634758
3.57 -0.002298406
3.58 0.001765861
3.59 0.00573764
3.6 0.00844543
3.61 0.007519855
3.62 0.003615214
3.63 -0.000752972
3.64 -0.004032545
3.65 -0.004898903
3.66 -0.004569204
3.67 -0.004295235
3.68 -0.00211027
3.69 0.001879614
3.7 0.005277555
3.71 0.006509745
3.72 0.005441315
3.73 0.003966352
3.74 0.001981753
3.75 0.0001634312
3.76 -0.0008554888
3.77 -0.001855378
3.78 -0.001650416
3.79 -0.0004567074
3.8 0.0003119983
3.81 0.0001133786
3.82 -0.0002049493
3.83 -0.0009585951
3.84 -0.003345516
3.85 -0.0058987
3.86 -0.007758475
3.87 -0.009201336
3.88 -0.01006767
3.89 -0.009703512
3.9 -0.006870731
3.91 -0.0006160927
3.92 0.004659485
3.93 0.005645959
3.94 0.003034884
3.95 -0.0008841145
3.96 -0.002970565
3.97 -0.001017653
3.98 0.002069099
3.99 0.00395493
4 0.002588643
4.01 0.000455336
4.02 -0.0004356793
4.03 -0.001074539
4.04 -0.001086554
4.05 -0.000579266
4.06 -0.0004789426
4.07 -0.0005482583
4.08 -0.0004801427
4.09 -0.0003918837
4.1 0.0002877364
4.11 0.002558059
4.12 0.00557185
4.13 0.007253349
4.14 0.007029305
4.15 0.006109008
4.16 0.005097825
4.17 0.003447455
4.18 0.00133265
4.19 -0.0008107393
4.2 -0.003396755
4.21 -0.004410075
4.22 -0.003935519
4.23 -0.002477723
4.24 -3.847046e-05
4.25 0.003561386
4.26 0.007476479
4.27 0.009438099
4.28 0.009192918
4.29 0.007641537
4.3 0.00473369
4.31 0.001512397
4.32 0.0004508711
4.33 0.000652384
4.34 0.0006709729
4.35 -9.266836e-06
4.36 -0.0002515547
4.37 -0.0003774331
4.38 -0.001819948
4.39 -0.00342326
4.4 -0.00475484
4.41 -0.007359849
4.42 -0.009866333
4.43 -0.01205635
4.44 -0.01251624
4.45 -0.01005647
4.46 -0.005755607
4.47 -0.002146415
4.48 -0.0006919552
4.49 -0.001033712
4.5 -0.0007897612
4.51 0.0001209937
4.52 -0.001160737
4.53 -0.004934052
4.54 -0.007956677
4.55 -0.008624947
4.56 -0.006523688
4.57 -0.003374669
4.58 -0.0004971536
4.59 0.001528
4.6 0.003626966
4.61 0.006115233
4.62 0.008037202
4.63 0.008112293
4.64 0.00677969
4.65 0.007415464
4.66 0.009406985
4.67 0.01131509
4.68 0.01429226
4.69 0.01779668
4.7 0.0197199
4.71 0.01979991
4.72 0.01934772
4.73 0.0169926
4.74 0.01281374
4.75 0.007489896
4.76 0.001952223
4.77 -0.0009817605
4.78 -0.002984001
4.79 -0.00384206
4.8 -0.003334019
4.81 -0.001915122
4.82 -0.0008413334
4.83 -0.001709869
4.84 -0.00364175
4.85 -0.005231374
4.86 -0.00702215
4.87 -0.008819705
4.88 -0.01119829
4.89 -0.0128382
4.9 -0.01267774
4.91 -0.01152214
4.92 -0.01109207
4.93 -0.01097122
4.94 -0.01003622
4.95 -0.008891217
4.96 -0.008036418
4.97 -0.006958327
4.98 -0.005659004
4.99 -0.004844036
5 -0.002606027
5.01 0.001060227
5.02 0.004050982
5.03 0.006597373
5.04 0.009526893
5.05 0.01125993
5.06 0.01127423
5.07 0.01042097
5.08 0.00962785
5.09 0.009414891
5.1 0.008904676
5.11 0.00859326
5.12 0.008657288
5.13 0.00790164
5.14 0.005411879
5.15 0.002695225
5.16 0.0003584906
5.17 -0.0007187846
5.18 -0.0008716953
5.19 -0.001025478
5.2 -0.002743968
5.21 -0.004907875
5.22 -0.007664458
5.23 -0.009709249
5.24 -0.01024135
5.25 -0.01011547
5.26 -0.009830221
5.27 -0.009237104
5.28 -0.007377282
5.29 -0.003068337
5.3 0.002502355
5.31 0.007386188
5.32 0.009911269
5.33 0.009814958
5.34 0.007060766
5.35 0.002886275
5.36 0.0001045411
5.37 0.0004640218
5.38 0.00381394
5.39 0.009086969
5.4 0.0135575
5.41 0.01477811
5.42 0.0132762
5.43 0.008965444
5.44 0.004044297
5.45 0.0007287931
5.46 -0.0002779513
5.47 -0.0008710449
5.48 -0.003632218
5.49 -0.006739074
5.5 -0.008644005
5.51 -0.008008507
5.52 -0.00738106
5.53 -0.008587242
5.54 -0.01067828
5.55 -0.01142797
5.56 -0.009676147
5.57 -0.005861226
5.58 5.848271e-05
5.59 0.005864085
5.6 0.009150239
5.61 0.009169355
5.62 0.006859422
5.63 0.004166849
5.64 0.001932532
5.65 -0.0005584762
5.66 -0.002911171
5.67 -0.004004246
5.68 -0.00393013
5.69 -0.003837501
5.7 -0.004130888
5.71 -0.002968409
5.72 0.0005991559
5.73 0.007516856
5.74 0.01721517
5.75 0.02414408
5.76 0.02587784
5.77 0.02231624
5.78 0.01428599
5.79 0.005232957
5.8 -0.001326927
5.81 -0.005667026
5.82 -0.01040735
5.83 -0.0181794
5.84 -0.02614422
5.85 -0.02934007
5.86 -0.02647169
5.87 -0.02110981
5.88 -0.01601982
5.89 -0.01176531
5.9 -0.008094626
5.91 -0.004743572
5.92 -0.001887049
5.93 0.00100768
5.94 0.004107464
5.95 0.00658505
5.96 0.008097764
5.97 0.007934529
5.98 0.005839823
5.99 0.002928501
6 -8.352431e-05
6.01 -0.001788904
6.02 -0.002164764
6.03 -0.002088951
6.04 -0.002371974
6.05 -0.002238837
6.06 0.0001790928
6.07 0.006161525
6.08 0.01237323
6.09 0.01458949
6.1 0.01431964
6.11 0.01310559
6.12 0.01101204
6.13 0.006855886
6.14 0.0008887463
6.15 -0.004829767
6.16 -0.009113658
6.17 -0.0135335
6.18 -0.01609349
6.19 -0.01594571
6.2 -0.01550303
6.21 -0.01502085
6.22 -0.01337672
6.23 -0.01089515
6.24 -0.007608204
6.25 -0.004423942
6.26 -0.002838269
6.27 -0.003019241
6.28 -0.002943748
6.29 -0.001484584
6.3 0.001690444
6.31 0.004793163
6.32 0.007735401
6.33 0.009726145
6.34 0.01049065
6.35 0.01007572
6.36 0.01047542
6.37 0.01165147
6.38 0.01049993
6.39 0.008116372
6.4 0.00507823
6.41 0.000180762
6.42 -0.004773389
6.43 -0.008563877
6.44 -0.01156827
6.45 -0.01322277
6.46 -0.01365749
6.47 -0.01251181
6.48 -0.01163442
6.49 -0.01175836
6.5 -0.01193514
6.51 -0.01158737
6.52 -0.009192781
6.53 -0.006492887
6.54 -0.004291265
6.55 -0.002523073
6.56 -0.0008105602
6.57 0.00111252
6.58 0.002041015
6.59 0.002012719
6.6 0.001030684
6.61 -2.364219e-05
6.62 0.0009343014
6.63 0.003483202
6.64 0.008067711
6.65 0.01153496
6.66 0.01162503
6.67 0.009395315
6.68 0.005278097
6.69 0.002180619
6.7 0.004083847
6.71 0.00855512
6.72 0.01294894
6.73 0.01658344
6.74 0.01801402
6.75 0.01625515
6.76 0.01245255
6.77 0.007680154
6.78 0.002601462
6.79 0.0006033137
6.8 0.001967235
6.81 0.004901899
6.82 0.006169351
6.83 0.005455205
6.84 0.002518043
6.85 -0.0009536144
6.86 -0.002870863
6.87 -0.003761524
6.88 -0.003749699
6.89 -0.003859538
6.9 -0.004033978
6.91 -0.004494341
6.92 -0.00550258
6.93 -0.005280806
6.94 -0.004222161
6.95 -0.003974021
6.96 -0.002739853
6.97 -0.0002143592
6.98 -0.0002367777
6.99 -0.001618226
7 -0.0003848714
7.01 0.002778279
7.02 0.004679979
7.03 0.001794127
7.04 -0.003975886
7.05 -0.009833351
7.06 -0.01531125
7.07 -0.02061568
7.08 -0.02575243
7.09 -0.03073621
7.1 -0.03385872
7.11 -0.0341109
7.12 -0.03081553
7.13 -0.02220092
7.14 -0.008098966
7.15 0.007855069
7.16 0.0175617
7.17 0.01967271
7.18 0.01833433
7.19 0.01544667
7.2 0.0130847
7.21 0.01247573
7.22 0.01102713
7.23 0.00849946
7.24 0.004730369
7.25 -1.521337e-05
7.26 -0.003326863
7.27 -0.002432286
7.28 0.002152212
7.29 0.007139059
7.3 0.01064188
7.31 0.01303876
7.32 0.01337751
7.33 0.01263708
7.34 0.01040474
7.35 0.008180007
7.36 0.0084859
7.37 0.01101702
7.38 0.01177399
7.39 0.009012378
7.4 0.005248598
7.41 0.001404202
7.42 -0.0007093717
7.43 0.001564486
7.44 0.003710866
7.45 0.002051833
7.46 -0.002803897
7.47 -0.007912981
7.48 -0.01245241
7.49 -0.0157415
7.5 -0.01634607
7.51 -0.01596805
7.52 -0.01589049
7.53 -0.01485017
7.54 -0.01200964
7.55 -0.008018963
7.56 -0.003178841
7.57 0.001179666
7.58 0.003618875
7.59 0.004666588
7.6 0.003841024
7.61 0.002228247
7.62 -0.0002665602
7.63 -0.002218418
7.64 -0.003216741
7.65 -0.005760129
7.66 -0.008669628
7.67 -0.0110727
7.68 -0.01107782
7.69 -0.007537589
7.7 -0.00159842
7.71 0.004196489
7.72 0.008929275
7.73 0.01224913
7.74 0.01403171
7.75 0.01342211
7.76 0.009808054
7.77 0.001059905
7.78 -0.01038236
7.79 -0.02083908
7.8 -0.02706752
7.81 -0.02911528
7.82 -0.02769856
7.83 -0.02333776
7.84 -0.01674629
7.85 -0.007295372
7.86 0.002040637
7.87 0.01029698
7.88 0.01850382
7.89 0.02583542
7.9 0.03000521
7.91 0.03076428
7.92 0.029277
7.93 0.02601849
7.94 0.02329979
7.95 0.02115146
7.96 0.02048584
7.97 0.02065995
7.98 0.01906869
7.99 0.01425712
8 0.008522299
8.01 0.002669254
8.02 -0.002387123
8.03 -0.005692825
8.04 -0.008331655
8.05 -0.01166727
8.06 -0.01495135
8.07 -0.01736646
8.08 -0.01888754
8.09 -0.01839899
8.1 -0.01553501
8.11 -0.01088032
8.12 -0.005043269
8.13 0.001708018
8.14 0.007312359
8.15 0.008453742
8.16 0.005351708
8.17 -0.0003839315
8.18 -0.003790163
8.19 -0.003418171
8.2 -0.0004207604
8.21 0.002494523
8.22 0.00494629
8.23 0.00578608
8.24 0.004657591
8.25 0.003016587
8.26 0.00139685
8.27 -0.001037069
8.28 -0.003573265
8.29 -0.003766456
8.3 -0.002293608
8.31 0.002233755
8.32 0.008589177
8.33 0.01380567
8.34 0.01588706
8.35 0.01391981
8.36 0.01034161
8.37 0.007166859
8.38 0.005747115
8.39 0.005921412
8.4 0.0060926
8.41 0.005264448
8.42 0.002700016
8.43 0.0008170017
8.44 -0.00129491
8.45 -0.003783574
8.46 -0.006433796
8.47 -0.009770826
8.48 -0.013551
8.49 -0.01731169
8.5 -0.01922948
8.51 -0.01953094
8.52 -0.01845422
8.53 -0.01617822
8.54 -0.01168361
8.55 -0.006059681
8.56 -0.001299028
8.57 0.002053082
8.58 0.00348119
8.59 0.002267388
8.6 -0.0007591311
8.61 -0.004558782
8.62 -0.007963174
8.63 -0.009114979
8.64 -0.008464118
8.65 -0.00623737
8.66 -0.001380212
8.67 0.005217517
8.68 0.01033671
8.69 0.01293099
8.7 0.01366615
8.71 0.01194121
8.72 0.008786474
8.73 0.006342591
8.74 0.005597907
8.75 0.005755047
8.76 0.005931535
8.77 0.00596937
8.78 0.005955801
8.79 0.005955403
8.8 0.005962841
8.81 0.006682112
8.82 0.008844202
8.83 0.01161827
8.84 0.01460761
8.85 0.01589454
8.86 0.01555642
8.87 0.01410497
8.88 0.01108215
8.89 0.007580321
8.9 0.005657821
8.91 0.005374171
8.92 0.003361392
8.93 -0.0003405203
8.94 -0.005665507
8.95 -0.01230482
8.96 -0.0169511
8.97 -0.01815006
8.98 -0.01779755
8.99 -0.01648577
9 -0.01340676
9.01 -0.01073941
9.02 -0.008430448
9.03 -0.007738129
9.04 -0.007998833
9.05 -0.008225404
9.06 -0.00964952
9.07 -0.01182788
9.08 -0.01200474
9.09 -0.01000478
9.1 -0.006720265
9.11 -0.001679333
9.12 0.003386552
9.13 0.006246266
9.14 0.006934277
9.15 0.008866677
9.16 0.0113771
9.17 0.01422603
9.18 0.01755735
9.19 0.02025915
9.2 0.02092991
9.21 0.02059002
9.22 0.01931778
9.23 0.01640189
9.24 0.01255068
9.25 0.007852117
9.26 0.003083662
9.27 8.560602e-05
9.28 -0.001523506
9.29 -0.002896715
9.3 -0.003186635
9.31 -0.002981739
9.32 -0.002958479
9.33 -0.003206365
9.34 -0.005505233
9.35 -0.007914693
9.36 -0.008823748
9.37 -0.009855318
9.38 -0.009488983
9.39 -0.00711073
9.4 -0.003292399
9.41 0.001266416
9.42 0.005029265
9.43 0.007369016
9.44 0.009275109
9.45 0.01094024
9.46 0.01150029
9.47 0.01020223
9.48 0.00632652
9.49 0.0004961379
9.5 -0.006465124
9.51 -0.01163983
9.52 -0.01349403
9.53 -0.01270455
9.54 -0.01013758
9.55 -0.007392475
9.56 -0.006737971
9.57 -0.007436163
9.58 -0.009083284
9.59 -0.01098837
9.6 -0.01188537
9.61 -0.01172781
9.62 -0.01268532
9.63 -0.01545118
9.64 -0.01792322
9.65 -0.02053238
9.66 -0.02141892
9.67 -0.02004597
9.68 -0.01657771
9.69 -0.009746513
9.7 0.0008878125
9.71 0.01152028
9.72 0.01713802
9.73 0.0177519
9.74 0.01657744
9.75 0.01331516
9.76 0.008320028
9.77 0.003999122
9.78 0.002772164
9.79 0.004247402
9.8 0.007182442
9.81 0.008395921
9.82 0.008315663
9.83 0.008158181
9.84 0.007742958
9.85 0.00504301
9.86 0.0007141169
9.87 -0.001723606
9.88 -0.0008590168
9.89 0.003573722
9.9 0.01069376
9.91 0.01903981
9.92 0.023632
9.93 0.02316327
9.94 0.01878269
9.95 0.0107641
9.96 0.001639851
9.97 -0.006074561
9.98 -0.01170603
9.99 -0.01769364
10 -0.02304422
10.01 -0.02496942
10.02 -0.02458904
10.03 -0.02402662
10.04 -0.02172774
10.05 -0.01753298
10.06 -0.01346156
10.07 -0.01040797
10.08 -0.009636781
10.09 -0.008578771
10.1 -0.005568146
10.11 -0.002065348
10.12 0.001654211
10.13 0.006389263
10.14 0.01157259
10.15 0.01565679
10.16 0.0176156
10.17 0.01605257
10.18 0.01054283
10.19 0.004476362
10.2 -0.0006595235
10.21 -0.003155572
10.22 -0.003366766
10.23 -0.002575999
10.24 0.001102386
10.25 0.006277741
10.26 0.0108997
10.27 0.01404078
10.28 0.0152826
10.29 0.01317366
10.3 0.00797962
10.31 0.0009025921
10.32 -0.007964932
10.33 -0.01769245
10.34 -0.02725076
10.35 -0.03592413
10.36 -0.04138419
10.37 -0.04362314
10.38 -0.04419535
10.39 -0.04166679
10.4 -0.03293869
10.41 -0.0207001
10.42 -0.009457224
10.43 -0.00158954
10.44 0.003051538
10.45 0.005871971
10.46 0.007767919
10.47 0.008675014
10.48 0.009584621
10.49 0.00978341
10.5 0.01024005
10.51 0.01235325
10.52 0.01650419
10.53 0.02304417
10.54 0.03033791
10.55 0.03699842
10.56 0.04190728
10.57 0.04431578
10.58 0.0449711
10.59 0.04390327
10.6 0.04111505
10.61 0.0354624
10.62 0.02779393
10.63 0.0188473
10.64 0.01068944
10.65 0.005459299
10.66 0.002920647
10.67 0.0008778033
10.68 -0.00199899
10.69 -0.008937735
10.7 -0.0218622
10.71 -0.03798704
10.72 -0.05297571
10.73 -0.06046416
10.74 -0.06034107
10.75 -0.05654399
10.76 -0.0506252
10.77 -0.04206037
10.78 -0.03361991
10.79 -0.02704671
10.8 -0.02184884
10.81 -0.01538696
10.82 -0.006354775
10.83 0.005219162
10.84 0.01579323
10.85 0.02603851
10.86 0.03650116
10.87 0.04354795
10.88 0.04700606
10.89 0.04826485
10.9 0.04832512
10.91 0.04777044
10.92 0.04609329
10.93 0.04381944
10.94 0.04150712
10.95 0.03810557
10.96 0.03355572
10.97 0.02737833
10.98 0.01827664
10.99 0.004515745
11 -0.01080411
11.01 -0.0240832
11.02 -0.03418736
11.03 -0.04133717
11.04 -0.04580284
11.05 -0.04724965
11.06 -0.04678258
11.07 -0.04558651
11.08 -0.04326671
11.09 -0.03997507
11.1 -0.03656604
11.11 -0.03448874
11.12 -0.03362178
11.13 -0.03353358
11.14 -0.03137379
11.15 -0.02633565
11.16 -0.01769266
11.17 -0.007292482
11.18 0.002328015
11.19 0.01170372
11.2 0.02130657
11.21 0.03071418
11.22 0.03791473
11.23 0.0428049
11.24 0.04703596
11.25 0.05048076
11.26 0.05486152
11.27 0.05955432
11.28 0.06401578
11.29 0.06725042
11.3 0.06692953
11.31 0.06262415
11.32 0.05482892
11.33 0.04388286
11.34 0.02848764
11.35 0.01157418
11.36 -0.003355024
11.37 -0.01426589
11.38 -0.02264456
11.39 -0.02875662
11.4 -0.03356354
11.41 -0.03821072
11.42 -0.04020065
11.43 -0.03840439
11.44 -0.03366996
11.45 -0.02790924
11.46 -0.02374543
11.47 -0.02191432
11.48 -0.02131256
11.49 -0.02054172
11.5 -0.0193052
11.51 -0.01658432
11.52 -0.01275987
11.53 -0.009986597
11.54 -0.01152982
11.55 -0.01599783
11.56 -0.01910261
11.57 -0.01667334
11.58 -0.007232862
11.59 0.005315113
11.6 0.01596074
11.61 0.0215246
11.62 0.02179248
11.63 0.01627042
11.64 0.007517859
11.65 0.0006610798
11.66 -0.003756225
11.67 -0.004690802
11.68 -0.0021203
11.69 0.0002149331
11.7 -0.001069271
11.71 -0.004158155
11.72 -0.00557286
11.73 -0.006957113
11.74 -0.008076073
11.75 -0.009133369
11.76 -0.01079625
11.77 -0.01403565
11.78 -0.01751588
11.79 -0.01907256
11.8 -0.0187889
11.81 -0.01719769
11.82 -0.01360955
11.83 -0.008532193
11.84 -0.004357333
11.85 -0.003064216
11.86 -0.002311254
11.87 -0.001258154
11.88 -0.0002413421
11.89 0.0005407642
11.9 0.001725367
11.91 0.002979279
11.92 0.003394799
11.93 0.004272704
11.94 0.006466931
11.95 0.01076179
11.96 0.01526067
11.97 0.01886802
11.98 0.02208189
11.99 0.02490682
12 0.027679
12.01 0.02863074
12.02 0.02475649
12.03 0.01676431
12.04 0.004601434
12.05 -0.009849423
12.06 -0.02256684
12.07 -0.03064183
12.08 -0.03473101
12.09 -0.03663754
12.1 -0.0380056
12.11 -0.03925171
12.12 -0.03961205
12.13 -0.03857069
12.14 -0.03502196
12.15 -0.02845046
12.16 -0.01954156
12.17 -0.01022556
12.18 -0.0007301563
12.19 0.007335007
12.2 0.01251146
12.21 0.01534293
12.22 0.01747779
12.23 0.01958881
12.24 0.02179803
12.25 0.02314018
12.26 0.02382349
12.27 0.02395862
12.28 0.02493137
12.29 0.02704641
12.3 0.02979833
12.31 0.03331353
12.32 0.0363834
12.33 0.03920627
12.34 0.04169674
12.35 0.04266475
12.36 0.04175784
12.37 0.03736282
12.38 0.02778479
12.39 0.01400043
12.4 0.001413553
12.41 -0.007076803
12.42 -0.01438664
12.43 -0.0221436
12.44 -0.0313006
12.45 -0.04080648
12.46 -0.04740351
12.47 -0.04812724
12.48 -0.04419038
12.49 -0.03928863
12.5 -0.03478209
12.51 -0.03073952
12.52 -0.02686448
12.53 -0.02285443
12.54 -0.01826922
12.55 -0.01354487
12.56 -0.008492182
12.57 -0.002461432
12.58 0.003718083
12.59 0.009710544
12.6 0.01415771
12.61 0.01799649
12.62 0.02304838
12.63 0.02914289
12.64 0.03696615
12.65 0.04578951
12.66 0.05233421
12.67 0.0540169
12.68 0.05203914
12.69 0.04862408
12.7 0.04489997
12.71 0.04142117
12.72 0.0381271
12.73 0.03400059
12.74 0.02708588
12.75 0.01753874
12.76 0.005430396
12.77 -0.004651396
12.78 -0.01216153
12.79 -0.0175891
12.8 -0.02008549
12.81 -0.018922
12.82 -0.016854
12.83 -0.01542616
12.84 -0.01625649
12.85 -0.0198051
12.86 -0.0231984
12.87 -0.02542231
12.88 -0.02710897
12.89 -0.02743343
12.9 -0.02719492
12.91 -0.0271126
12.92 -0.02644021
12.93 -0.02324501
12.94 -0.01880043
12.95 -0.01713436
12.96 -0.01757198
12.97 -0.01710268
12.98 -0.01651944
12.99 -0.01742825
13 -0.01766054
13.01 -0.01517302
13.02 -0.0113597
13.03 -0.006317995
13.04 -0.0002563613
13.05 0.005480297
13.06 0.009919357
13.07 0.01287483
13.08 0.01528844
13.09 0.01634102
13.1 0.01573002
13.11 0.01289159
13.12 0.006133484
13.13 -0.001831613
13.14 -0.008312248
13.15 -0.01361551
13.16 -0.01876665
13.17 -0.02253238
13.18 -0.02303425
13.19 -0.02183869
13.2 -0.01843274
13.21 -0.01170079
13.22 -0.003956231
13.23 0.003452387
13.24 0.01229165
13.25 0.02124645
13.26 0.03009654
13.27 0.03677112
13.28 0.04074915
13.29 0.04184187
13.3 0.03944121
13.31 0.03542637
13.32 0.03082503
13.33 0.0261166
13.34 0.02121791
13.35 0.01598033
13.36 0.01109785
13.37 0.007104168
13.38 0.002346825
13.39 -0.002852907
13.4 -0.008702711
13.41 -0.0146924
13.42 -0.01766034
13.43 -0.01757459
13.44 -0.01708912
13.45 -0.0147701
13.46 -0.009545771
13.47 -0.003767422
13.48 -0.0003707558
13.49 0.0002334998
13.5 -0.001139391
13.51 -0.003100437
13.52 -0.005870015
13.53 -0.008006642
13.54 -0.007910329
13.55 -0.006136389
13.56 -0.003707379
13.57 -0.002750814
13.58 -0.002992843
13.59 -0.003108807
13.6 -0.003009761
13.61 -0.001794239
13.62 0.0006722256
13.63 0.001931103
13.64 0.001492666
13.65 -0.002026175
13.66 -0.00908879
13.67 -0.0168922
13.68 -0.02469118
13.69 -0.03173624
13.7 -0.03575952
13.71 -0.03661277
13.72 -0.03606757
13.73 -0.03421198
13.74 -0.03163805
13.75 -0.0310309
13.76 -0.03089941
13.77 -0.02997141
13.78 -0.0281302
13.79 -0.02418801
13.8 -0.01732222
13.81 -0.01007325
13.82 -0.007240022
13.83 -0.009521386
13.84 -0.01411288
13.85 -0.01733027
13.86 -0.01734436
13.87 -0.01532465
13.88 -0.01200085
13.89 -0.008195178
13.9 -0.004827987
13.91 -0.002094557
13.92 0.0008976525
13.93 0.002201104
13.94 0.00173368
13.95 -0.0008887673
13.96 -0.004906789
13.97 -0.007664245
13.98 -0.007780465
13.99 -0.007405326
14 -0.00747539
14.01 -0.007262999
14.02 -0.003891132
14.03 0.004144791
14.04 0.0140249
14.05 0.02326524
14.06 0.0311079
14.07 0.03533061
14.08 0.03558925
14.09 0.03409945
14.1 0.0307045
14.11 0.02449607
14.12 0.01709043
14.13 0.009687022
14.14 0.00491005
14.15 0.002463281
14.16 0.002493829
14.17 0.005613987
14.18 0.0105945
14.19 0.01744163
14.2 0.02490565
14.21 0.03067446
14.22 0.03295166
14.23 0.03198418
14.24 0.02832953
14.25 0.02080078
14.26 0.0128153
14.27 0.007974772
14.28 0.005947546
14.29 0.004819558
14.3 0.005177236
14.31 0.006595379
14.32 0.006638461
14.33 0.00519078
14.34 0.00358741
14.35 0.002520158
14.36 0.003774915
14.37 0.004859119
14.38 0.003527036
14.39 1.176113e-05
14.4 -0.003701195
14.41 -0.005868582
14.42 -0.005154225
14.43 -0.002786397
14.44 -0.001916795
14.45 -0.002286757
14.46 -0.00416253
14.47 -0.008396192
14.48 -0.01375509
14.49 -0.01794303
14.5 -0.02023522
14.51 -0.01936607
14.52 -0.01655847
14.53 -0.01334869
14.54 -0.00912777
14.55 -0.002735694
14.56 0.004262801
14.57 0.01116568
14.58 0.0183472
14.59 0.02542914
14.6 0.03052648
14.61 0.03373453
14.62 0.03572231
14.63 0.03699444
14.64 0.03893347
14.65 0.0413418
14.66 0.04446478
14.67 0.04813569
14.68 0.05132361
14.69 0.05444436
14.7 0.05605686
14.71 0.05602448
14.72 0.05421938
14.73 0.04960165
14.74 0.04156063
14.75 0.03183143
14.76 0.02355735
14.77 0.01706327
14.78 0.01179639
14.79 0.007111073
14.8 0.003289453
14.81 0.0006990739
14.82 -0.001849136
14.83 -0.005059924
14.84 -0.007560866
14.85 -0.009728429
14.86 -0.01155149
14.87 -0.01229892
14.88 -0.01606369
14.89 -0.02235305
14.9 -0.02964016
14.91 -0.03668707
14.92 -0.04250263
14.93 -0.04777906
14.94 -0.05154468
14.95 -0.05402623
14.96 -0.05342404
14.97 -0.04998175
14.98 -0.04652747
14.99 -0.04462303
15 -0.04534967
15.01 -0.04801758
15.02 -0.05068429
15.03 -0.0525102
15.04 -0.05212525
15.05 -0.04934903
15.06 -0.04547055
15.07 -0.04090106
15.08 -0.03531488
15.09 -0.02938964
15.1 -0.0237057
15.11 -0.01907597
15.12 -0.01440759
15.13 -0.01076478
15.14 -0.008320436
15.15 -0.006595873
15.16 -0.006306033
15.17 -0.005894036
15.18 -0.003774752
15.19 -0.001400711
15.2 0.001296069
15.21 0.004346937
15.22 0.007285954
15.23 0.01031168
15.24 0.01411638
15.25 0.01818382
15.26 0.02221985
15.27 0.02569471
15.28 0.02913122
15.29 0.03259661
15.3 0.03606942
15.31 0.03919055
15.32 0.04129832
15.33 0.04143787
15.34 0.04116313
15.35 0.04115141
15.36 0.04040121
15.37 0.03796268
15.38 0.03502369
15.39 0.03144709
15.4 0.02669931
15.41 0.022153
15.42 0.01846423
15.43 0.01544368
15.44 0.01306498
15.45 0.01204458
15.46 0.009611074
15.47 0.007340752
15.48 0.004913343
15.49 0.001120469
15.5 -0.003726567
15.51 -0.009705082
15.52 -0.01737807
15.53 -0.02520136
15.54 -0.03135343
15.55 -0.03591241
15.56 -0.04038557
15.57 -0.04336555
15.58 -0.04390772
15.59 -0.04262829
15.6 -0.04080156
15.61 -0.0393079
15.62 -0.03851059
15.63 -0.03614176
15.64 -0.03265557
15.65 -0.02858938
15.66 -0.02423049
15.67 -0.0204937
15.68 -0.0172928
15.69 -0.01348849
15.7 -0.009271465
15.71 -0.004083067
15.72 0.0006785028
15.73 0.004724766
15.74 0.007909915
15.75 0.0109499
15.76 0.01351678
15.77 0.01515867
15.78 0.01702206
15.79 0.0172402
15.8 0.01532371
15.81 0.01345941
15.82 0.01233175
15.83 0.01200281
15.84 0.01338012
15.85 0.01544094
15.86 0.0188175
15.87 0.022456
15.88 0.0233747
15.89 0.02298505
15.9 0.02369249
15.91 0.02448466
15.92 0.02345766
15.93 0.02205584
15.94 0.01910231
15.95 0.0154398
15.96 0.01237381
15.97 0.01039649
15.98 0.009150942
15.99 0.008648856
16 0.008681891
16.01 0.008274347
16.02 0.006838133
16.03 0.004770385
16.04 0.003869417
16.05 0.004179934
16.06 0.004355261
16.07 0.003934546
16.08 0.002384295
16.09 -0.0007240886
16.1 -0.005419963
16.11 -0.01186007
16.12 -0.01770659
16.13 -0.02203139
16.14 -0.02506243
16.15 -0.02620111
16.16 -0.02469276
16.17 -0.02115473
16.18 -0.01587785
16.19 -0.01074138
16.2 -0.006606758
16.21 -0.004111531
16.22 -0.001991981
16.23 -0.001251698
16.24 -0.002891555
16.25 -0.005348262
16.26 -0.008123114
16.27 -0.01184447
16.28 -0.01432514
16.29 -0.01451557
16.3 -0.01330418
16.31 -0.008851012
16.32 -0.0005377849
16.33 0.008989307
16.34 0.017727
16.35 0.02436815
16.36 0.02918167
16.37 0.03174789
16.38 0.02947846
16.39 0.02446987
16.4 0.01828039
16.41 0.01210725
16.42 0.007022389
16.43 0.003390615
16.44 0.0007634616
16.45 -9.828478e-05
16.46 0.0005568541
16.47 0.003413984
16.48 0.007368406
16.49 0.009840761
16.5 0.01038962
16.51 0.009956695
16.52 0.007803851
16.53 0.003228082
16.54 -0.002517182
16.55 -0.008610288
16.56 -0.01420032
16.57 -0.01826888
16.58 -0.02051719
16.59 -0.0219067
16.6 -0.02282757
16.61 -0.0222553
16.62 -0.0205976
16.63 -0.01902784
16.64 -0.01853477
16.65 -0.01826683
16.66 -0.01620715
16.67 -0.01387311
16.68 -0.01351353
16.69 -0.01353653
16.7 -0.01178202
16.71 -0.009737934
16.72 -0.008234891
16.73 -0.005557427
16.74 -0.001242449
16.75 0.003935859
16.76 0.007704119
16.77 0.01067266
16.78 0.01341142
16.79 0.01502956
16.8 0.015166
16.81 0.01494438
16.82 0.01418695
16.83 0.01177331
16.84 0.009805502
16.85 0.009484994
16.86 0.009677979
16.87 0.009963336
16.88 0.009768637
16.89 0.008589115
16.9 0.007699779
16.91 0.006594382
16.92 0.005358573
16.93 0.004292319
16.94 0.001975102
16.95 0.0001999575
16.96 -0.001396269
16.97 -0.003414865
16.98 -0.005690379
16.99 -0.009656722
17 -0.01412539
17.01 -0.01767681
17.02 -0.01962892
17.03 -0.02148929
17.04 -0.02326194
17.05 -0.02570366
17.06 -0.0281484
17.07 -0.03077781
17.08 -0.03254142
17.09 -0.03226709
17.1 -0.03002016
17.11 -0.02737377
17.12 -0.02474086
17.13 -0.02116967
17.14 -0.01727801
17.15 -0.01379202
17.16 -0.01106182
17.17 -0.008610133
17.18 -0.007708772
17.19 -0.005310761
17.2 -0.00123124
17.21 0.003390582
17.22 0.007953658
17.23 0.01092446
17.24 0.01380837
17.25 0.01711611
17.26 0.02011804
17.27 0.02177814
17.28 0.02267882
17.29 0.02255228
17.3 0.02088365
17.31 0.01898058
17.32 0.01673507
17.33 0.01497284
17.34 0.01277519
17.35 0.01059016
17.36 0.00910572
17.37 0.007432653
17.38 0.006097124
17.39 0.005461572
17.4 0.005375314
17.41 0.006833345
17.42 0.009514671
17.43 0.01201958
17.44 0.01381367
17.45 0.01471818
17.46 0.01298532
17.47 0.01086873
17.48 0.008825656
17.49 0.004763919
17.5 0.000589457
17.51 -0.002645433
17.52 -0.005516282
17.53 -0.008876916
17.54 -0.01207447
17.55 -0.01431644
17.56 -0.0165329
17.57 -0.0182045
17.58 -0.01894592
17.59 -0.01765481
17.6 -0.01378879
17.61 -0.007004849
17.62 0.0001838112
17.63 0.00509597
17.64 0.008905561
17.65 0.01129221
17.66 0.01147
17.67 0.01110334
17.68 0.00970978
17.69 0.007107123
17.7 0.005416245
17.71 0.00436472
17.72 0.004362838
17.73 0.005769252
17.74 0.00691727
17.75 0.006985334
17.76 0.008260601
17.77 0.01129488
17.78 0.01490978
17.79 0.01845245
17.8 0.02237243
17.81 0.02640221
17.82 0.03014131
17.83 0.03305731
17.84 0.03736369
17.85 0.04081749
17.86 0.04342131
17.87 0.04505185
17.88 0.04467652
17.89 0.04223967
17.9 0.03916656
17.91 0.0349291
17.92 0.02864984
17.93 0.02165132
17.94 0.01439385
17.95 0.008696766
17.96 0.004600778
17.97 0.001398671
17.98 -0.002578131
17.99 -0.007613651
18 -0.01191008
18.01 -0.01480283
18.02 -0.01670891
18.03 -0.0181287
18.04 -0.02046378
18.05 -0.02203788
18.06 -0.02391044
18.07 -0.02594692
18.08 -0.02629419
18.09 -0.02527059
18.1 -0.02236224
18.11 -0.01945094
18.12 -0.01642786
18.13 -0.0134831
18.14 -0.01157823
18.15 -0.01154028
18.16 -0.01173841
18.17 -0.01156205
18.18 -0.0114865
18.19 -0.01152932
18.2 -0.01149402
18.21 -0.01053724
18.22 -0.00927255
18.23 -0.009969443
18.24 -0.01105119
18.25 -0.0119011
18.26 -0.01440172
18.27 -0.01819826
18.28 -0.02272501
18.29 -0.02728892
18.3 -0.03122031
18.31 -0.03430252
18.32 -0.03559114
18.33 -0.0340807
18.34 -0.03071199
18.35 -0.02717987
18.36 -0.02089087
18.37 -0.01351911
18.38 -0.008428065
18.39 -0.004332654
18.4 0.0006229194
18.41 0.005418395
18.42 0.009820334
18.43 0.01450552
18.44 0.01881344
18.45 0.0237619
18.46 0.02841851
18.47 0.03188776
18.48 0.03269844
18.49 0.03063384
18.5 0.02631151
18.51 0.02103954
18.52 0.01635015
18.53 0.01218231
18.54 0.008423761
18.55 0.005216384
18.56 0.001905749
18.57 -0.002221412
18.58 -0.00736014
18.59 -0.01354748
18.6 -0.01862519
18.61 -0.0223299
18.62 -0.02550261
18.63 -0.02777262
18.64 -0.0297904
18.65 -0.03047158
18.66 -0.03025134
18.67 -0.02967584
18.68 -0.02721472
18.69 -0.02509368
18.7 -0.02392056
18.71 -0.02215614
18.72 -0.02047652
18.73 -0.01842233
18.74 -0.01353233
18.75 -0.006556547
18.76 -0.0005792061
18.77 0.00337978
18.78 0.005906779
18.79 0.007553266
18.8 0.007478001
18.81 0.007693031
18.82 0.008545898
18.83 0.01152138
18.84 0.01527961
18.85 0.01792318
18.86 0.01985967
18.87 0.02172748
18.88 0.02252471
18.89 0.02238848
18.9 0.02184949
18.91 0.01996704
18.92 0.01792091
18.93 0.01735216
18.94 0.01725143
18.95 0.01784735
18.96 0.02074513
18.97 0.02518034
18.98 0.02903628
18.99 0.03156954
19 0.03208552
19.01 0.03180005
19.02 0.03171843
19.03 0.03031655
19.04 0.02706046
19.05 0.02318102
19.06 0.01896092
19.07 0.01541513
19.08 0.01292227
19.09 0.0120338
19.1 0.01099925
19.11 0.009504324
19.12 0.007970704
19.13 0.005177903
19.14 0.0009023582
19.15 -0.004361481
19.16 -0.008783173
19.17 -0.01198988
19.18 -0.01373377
19.19 -0.01343519
19.2 -0.01155685
19.21 -0.01063511
19.22 -0.01086021
19.23 -0.01099925
19.24 -0.01198558
19.25 -0.0148789
19.26 -0.01694392
19.27 -0.01790848
19.28 -0.01850202
19.29 -0.0175768
19.3 -0.01598753
19.31 -0.01503893
19.32 -0.01360241
19.33 -0.01238886
19.34 -0.01286552
19.35 -0.01424404
19.36 -0.01365876
19.37 -0.01191537
19.38 -0.01078742
19.39 -0.01074493
19.4 -0.01089122
19.41 -0.01073019
19.42 -0.00981322
19.43 -0.008720296
19.44 -0.008517913
19.45 -0.00884104
19.46 -0.008981056
19.47 -0.008691769
19.48 -0.008653218
19.49 -0.009218554
19.5 -0.008923169
19.51 -0.00710131
19.52 -0.005838129
19.53 -0.004534773
19.54 -0.002583489
19.55 -0.001283457
19.56 0.0001397716
19.57 0.002918768
19.58 0.005617077
19.59 0.007896088
19.6 0.008505833
19.61 0.009544034
19.62 0.01084836
19.63 0.01213788
19.64 0.01290948
19.65 0.01323831
19.66 0.01474196
19.67 0.01657258
19.68 0.01767458
19.69 0.01767806
19.7 0.01764455
19.71 0.01882312
19.72 0.01965534
19.73 0.01896836
19.74 0.01786816
19.75 0.01756972
19.76 0.01753999
19.77 0.01638806
19.78 0.01354001
19.79 0.01082384
19.8 0.007592298
19.81 0.004172737
19.82 0.001888063
19.83 -0.0006018451
19.84 -0.002261084
19.85 -0.003440353
19.86 -0.00374873
19.87 -0.002580655
19.88 -0.001909697
19.89 -0.00292661
19.9 -0.003924538
19.91 -0.005567472
19.92 -0.007369901
19.93 -0.009356907
19.94 -0.01149898
19.95 -0.01283977
19.96 -0.01270422
19.97 -0.01160906
19.98 -0.01094413
19.99 -0.011285
20 -0.01311025
20.01 -0.01537457
20.02 -0.01673616
20.03 -0.01838874
20.04 -0.02037522
20.05 -0.0218275
20.06 -0.02422228
20.07 -0.02554136
20.08 -0.02625922
20.09 -0.02811829
20.1 -0.02900144
20.11 -0.02782773
20.12 -0.02561535
20.13 -0.0230082
20.14 -0.01975871
20.15 -0.01546523
20.16 -0.01073734
20.17 -0.006420014
20.18 -0.00255018
20.19 0.001627314
20.2 0.004800311
20.21 0.007278772
20.22 0.008090476
20.23 0.007850958
20.24 0.007762498
20.25 0.007833146
20.26 0.007837847
20.27 0.007843057
20.28 0.00752547
20.29 0.004972846
20.3 0.002395476
20.31 0.0001258075
20.32 -0.001790159
20.33 -0.00245754
20.34 -0.0043554
20.35 -0.006591559
20.36 -0.007047216
20.37 -0.007467466
20.38 -0.008194552
20.39 -0.008099626
20.4 -0.007428967
20.41 -0.006704758
20.42 -0.007924573
20.43 -0.01008673
20.44 -0.01131988
20.45 -0.01130401
20.46 -0.01111638
20.47 -0.01006995
20.48 -0.007407698
20.49 -0.006096816
20.5 -0.005639391
20.51 -0.004194202
20.52 -0.00260677
20.53 -0.001645432
20.54 -0.001546696
20.55 -0.001393463
20.56 -0.0001947723
20.57 0.001233385
20.58 0.00279136
20.59 0.003358522
20.6 0.003172682
20.61 0.003104888
20.62 0.00329502
20.63 0.004189523
20.64 0.005281089
20.65 0.005490072
20.66 0.005084535
20.67 0.004102178
20.68 0.003707948
20.69 0.004518272
20.7 0.006481828
20.71 0.008088757
20.72 0.009978392
20.73 0.01324249
20.74 0.01660603
20.75 0.01937098
20.76 0.02177894
20.77 0.02246079
20.78 0.02254173
20.79 0.02298622
20.8 0.02411422
20.81 0.02563209
20.82 0.02662935
20.83 0.02691624
20.84 0.02683882
20.85 0.02681267
20.86 0.02683605
20.87 0.02680772
20.88 0.02673702
20.89 0.02656179
20.9 0.02447049
20.91 0.02185802
20.92 0.02034604
20.93 0.01840754
20.94 0.01629774
20.95 0.01315051
20.96 0.00972772
20.97 0.006796243
20.98 0.003023552
20.99 -0.00148178
21 -0.005504498
21.01 -0.008062868
21.02 -0.01049287
21.03 -0.01149749
21.04 -0.01153876
21.05 -0.01124705
21.06 -0.01095722
21.07 -0.009135304
21.08 -0.006640777
21.09 -0.006136894
21.1 -0.006351229
21.11 -0.005065439
21.12 -0.002911912
21.13 -0.00143564
21.14 0.0001474441
21.15 0.002505986
21.16 0.003415214
21.17 0.003078286
21.18 0.002953849
21.19 0.003247896
21.2 0.004863701
21.21 0.007060579
21.22 0.008123857
21.23 0.008655926
21.24 0.01001847
21.25 0.01157554
21.26 0.01261097
21.27 0.01275721
21.28 0.01215943
21.29 0.00959923
21.3 0.006831512
21.31 0.003738632
21.32 -4.931288e-05
21.33 -0.003855733
21.34 -0.008152461
21.35 -0.01220482
21.36 -0.01546235
21.37 -0.01773633
21.38 -0.02055285
21.39 -0.02375889
21.4 -0.02628147
21.41 -0.02803015
21.42 -0.02970946
21.43 -0.02960214
21.44 -0.02723773
21.45 -0.02450459
21.46 -0.02139152
21.47 -0.01788226
21.48 -0.01573072
21.49 -0.01457295
21.5 -0.01177945
21.51 -0.008766954
21.52 -0.005602346
21.53 -0.002431037
21.54 6.873491e-06
21.55 0.002530761
21.56 0.00445806
21.57 0.006619673
21.58 0.008556907
21.59 0.01062113
21.6 0.01221555
21.61 0.01276444
21.62 0.01264354
21.63 0.01258809
21.64 0.01263402
21.65 0.01303775
21.66 0.01448742
21.67 0.01652414
21.68 0.01754868
21.69 0.01769279
21.7 0.01797541
21.71 0.01939013
21.72 0.02039465
21.73 0.02127149
21.74 0.02133922
21.75 0.019351
21.76 0.01737657
21.77 0.01533965
21.78 0.01249595
21.79 0.009464018
21.8 0.006371021
21.81 0.002734875
21.82 -0.001684713
21.83 -0.006281174
21.84 -0.01045965
21.85 -0.01492881
21.86 -0.01644427
21.87 -0.01685474
21.88 -0.01798073
21.89 -0.01820818
21.9 -0.01717202
21.91 -0.01587856
21.92 -0.01553554
21.93 -0.01569483
21.94 -0.01571561
21.95 -0.01517787
21.96 -0.01346078
21.97 -0.01145394
21.98 -0.01069118
21.99 -0.01186344
22 -0.01344902
22.01 -0.01382201
22.02 -0.01357648
22.03 -0.01254777
22.04 -0.01094934
22.05 -0.01006534
22.06 -0.007805612
22.07 -0.005919474
22.08 -0.005937267
22.09 -0.006349194
22.1 -0.007544554
22.11 -0.009388678
22.12 -0.01061944
22.13 -0.01090316
22.14 -0.01078259
22.15 -0.01064302
22.16 -0.009497461
22.17 -0.007232115
22.18 -0.005821523
22.19 -0.005879676
22.2 -0.006059242
22.21 -0.005272055
22.22 -0.003727574
22.23 -0.002526228
22.24 -0.001256225
22.25 0.0007123576
22.26 0.003319021
22.27 0.005639438
22.28 0.008145323
22.29 0.0097283
22.3 0.0118851
22.31 0.01321711
22.32 0.01366356
22.33 0.0148741
22.34 0.01548692
22.35 0.01496981
22.36 0.01569365
22.37 0.01774701
22.38 0.01825137
22.39 0.0179289
22.4 0.0179008
22.41 0.01766903
22.42 0.01641296
22.43 0.01469974
22.44 0.0130861
22.45 0.01170343
22.46 0.009603051
22.47 0.008072751
22.48 0.006640076
22.49 0.003735377
22.5 0.0003741296
22.51 -0.001449745
22.52 -0.001350278
22.53 -0.001367705
22.54 -0.001452362
22.55 -0.001206903
22.56 -0.001112761
22.57 -0.0003522814
22.58 0.001070032
22.59 0.001178228
22.6 0.001178487
22.61 0.001412572
22.62 0.002147471
22.63 0.003598459
22.64 0.004498147
22.65 0.00548547
22.66 0.005847116
22.67 0.004447374
22.68 0.003595299
22.69 0.003308944
22.7 0.001657025
22.71 8.829394e-05
22.72 -0.0008940308
22.73 -0.001044405
22.74 -0.001314943
22.75 -0.00316188
22.76 -0.005272982
22.77 -0.007051621
22.78 -0.009636177
22.79 -0.01190715
22.8 -0.01368122
22.81 -0.01486766
22.82 -0.01480558
22.83 -0.01321418
22.84 -0.01081227
22.85 -0.009285985
22.86 -0.006985186
22.87 -0.005293752
22.88 -0.0053377
22.89 -0.005618324
22.9 -0.0061476
22.91 -0.007545544
22.92 -0.008694637
22.93 -0.009597052
22.94 -0.01036613
22.95 -0.01119821
22.96 -0.01141659
22.97 -0.0106029
22.98 -0.01049423
22.99 -0.01038393
23 -0.01022829
23.01 -0.009399449
23.02 -0.00782535
23.03 -0.006077818
23.04 -0.005366914
23.05 -0.005544244
23.06 -0.005630105
23.07 -0.005509866
23.08 -0.005399216
23.09 -0.005957938
23.1 -0.006985749
23.11 -0.007818352
23.12 -0.008678993
23.13 -0.009297397
23.14 -0.009359361
23.15 -0.009018859
23.16 -0.007967361
23.17 -0.006129586
23.18 -0.005020215
23.19 -0.003513872
23.2 4.428715e-05
23.21 0.003971633
23.22 0.007387004
23.23 0.01021072
23.24 0.01295542
23.25 0.01536667
23.26 0.01697569
23.27 0.01765304
23.28 0.01774642
23.29 0.01840556
23.3 0.02022842
23.31 0.02170847
23.32 0.0219868
23.33 0.02177401
23.34 0.02123161
23.35 0.01896197
23.36 0.01723359
23.37 0.01578394
23.38 0.01196816
23.39 0.006851593
23.4 0.001923095
23.41 -0.002030127
23.42 -0.005591079
23.43 -0.008308469
23.44 -0.01032609
23.45 -0.01156474
23.46 -0.01315027
23.47 -0.01503227
23.48 -0.01640179
23.49 -0.01874305
23.5 -0.02064678
23.51 -0.02063077
23.52 -0.02032766
23.53 -0.01988186
23.54 -0.01744392
23.55 -0.0136391
23.56 -0.009931104
23.57 -0.006952262
23.58 -0.004695519
23.59 -0.001492078
23.6 0.001898424
23.61 0.004196325
23.62 0.005942583
23.63 0.007344344
23.64 0.008137855
23.65 0.008253114
23.66 0.008164803
23.67 0.008165877
23.68 0.008186858
23.69 0.008183003
23.7 0.008178849
23.71 0.008182313
23.72 0.008557981
23.73 0.008896213
23.74 0.008626998
23.75 0.009330499
23.76 0.0105015
23.77 0.01141417
23.78 0.01184322
23.79 0.01181286
23.8 0.01152816
23.81 0.01141049
23.82 0.0115626
23.83 0.0118694
23.84 0.0119272
23.85 0.01196201
23.86 0.01270949
23.87 0.01329766
23.88 0.01313406
23.89 0.01205605
23.9 0.009645349
23.91 0.007581153
23.92 0.005914684
23.93 0.003303984
23.94 -5.966295e-05
23.95 -0.003236299
23.96 -0.006109547
23.97 -0.008296001
23.98 -0.01068937
23.99 -0.01329241
24 -0.01512346
24.01 -0.01549718
24.02 -0.01540134
24.03 -0.015603
24.04 -0.01501059
24.05 -0.01333554
24.06 -0.01135374
24.07 -0.009954291
24.08 -0.008184627
24.09 -0.006413587
24.1 -0.005375713
24.11 -0.004106337
24.12 -0.002483394
24.13 -0.001394471
24.14 -0.0009559517
24.15 -0.0009967436
24.16 -0.001048145
24.17 -0.001027312
24.18 -0.001019685
24.19 -0.001026639
24.2 -0.00102922
24.21 -0.001451275
24.22 -0.003499903
24.23 -0.005829822
24.24 -0.007441051
24.25 -0.009182659
24.26 -0.01059372
24.27 -0.01108087
24.28 -0.01243302
24.29 -0.01415619
24.3 -0.01505242
24.31 -0.01533452
24.32 -0.01598932
24.33 -0.01687771
24.34 -0.01735732
24.35 -0.01714749
24.36 -0.01542531
24.37 -0.01309328
24.38 -0.01083239
24.39 -0.009672643
24.4 -0.008646087
24.41 -0.007112281
24.42 -0.005420687
24.43 -0.003144148
24.44 0.000295093
24.45 0.004092642
24.46 0.008256052
24.47 0.01269021
24.48 0.01633694
24.49 0.01875053
24.5 0.02141915
24.51 0.02416293
24.52 0.02661274
24.53 0.02860764
24.54 0.03037975
24.55 0.0320698
24.56 0.0326511
24.57 0.03194059
24.58 0.02928822
24.59 0.02649575
24.6 0.02366348
24.61 0.02007108
24.62 0.01694981
24.63 0.0141884
24.64 0.01116241
24.65 0.008041044
24.66 0.004579551
24.67 0.001396619
24.68 -0.001023509
24.69 -0.003139407
24.7 -0.005205809
24.71 -0.006383612
24.72 -0.007034754
24.73 -0.007685131
24.74 -0.008673127
24.75 -0.009175676
24.76 -0.008779298
24.77 -0.008427111
24.78 -0.007692873
24.79 -0.006194256
24.8 -0.004711213
24.81 -0.002547517
24.82 -0.0007726779
24.83 -0.0005002007
24.84 -5.43436e-05
24.85 -0.0001537709
24.86 9.631906e-05
24.87 0.00120722
24.88 0.00161926
24.89 0.001991412
24.9 0.002998318
24.91 0.003902045
24.92 0.004120614
24.93 0.005197317
24.94 0.006099787
24.95 0.005719424
24.96 0.004438945
24.97 0.004733055
24.98 0.005307819
24.99 0.004462139
25 0.003756559
25.01 0.003850348
25.02 0.003956248
25.03 0.003480604
25.04 0.002982697
25.05 0.003645851
25.06 0.004054957
25.07 0.003930638
25.08 0.003867173
25.09 0.003875339
25.1 0.003020146
25.11 0.001678724
25.12 0.001633295
25.13 0.001714297
25.14 0.002545816
25.15 0.003267763
25.16 0.003708436
25.17 0.00432347
25.18 0.005298232
25.19 0.005241576
25.2 0.004228439
25.21 0.003738294
25.22 0.003789726
25.23 0.003058277
25.24 0.00171314
25.25 0.001295414
25.26 0.00148473
25.27 0.00171227
25.28 0.00219931
25.29 0.002735622
25.3 0.002559998
25.31 0.001635436
25.32 0.001002204
25.33 -0.0003146718
25.34 -0.001979066
25.35 -0.004854899
25.36 -0.006405251
25.37 -0.007551058
25.38 -0.009158828
25.39 -0.01038905
25.4 -0.01057015
25.41 -0.01022624
25.42 -0.009461796
25.43 -0.009010765
25.44 -0.008311183
25.45 -0.008076233
25.46 -0.008234428
25.47 -0.008271115
25.48 -0.009655944
25.49 -0.01228236
25.5 -0.0149754
25.51 -0.01644593
25.52 -0.01800629
25.53 -0.01977676
25.54 -0.02029829
25.55 -0.02010279
25.56 -0.0201186
25.57 -0.02019733
25.58 -0.02018935
25.59 -0.02017598
25.6 -0.02018336
25.61 -0.02018852
25.62 -0.02018926
25.63 -0.02010364
25.64 -0.01925222
25.65 -0.01775749
25.66 -0.01600762
25.67 -0.01420492
25.68 -0.01157012
25.69 -0.00857515
25.7 -0.005812084
25.71 -0.003495262
25.72 -0.001315779
25.73 -0.0003553269
25.74 0.001025337
25.75 0.002983764
25.76 0.003808469
25.77 0.003852796
25.78 0.005192863
25.79 0.006880133
25.8 0.007822543
25.81 0.009301545
25.82 0.01180826
25.83 0.01370355
25.84 0.01519495
25.85 0.01675041
25.86 0.01810021
25.87 0.01978932
25.88 0.02136644
25.89 0.0220009
25.9 0.02240703
25.91 0.02248333
25.92 0.02242189
25.93 0.02215022
25.94 0.02128493
25.95 0.01970424
25.96 0.01803661
25.97 0.01752861
25.98 0.0174395
25.99 0.01566441
26 0.01328024
26.01 0.01219869
26.02 0.009903933
26.03 0.007115176
26.04 0.004229222
26.05 0.001257644
26.06 -0.001810806
26.07 -0.004902368
26.08 -0.007185956
26.09 -0.0087151
26.1 -0.01019888
26.11 -0.01110146
26.12 -0.0118116
26.13 -0.01292835
26.14 -0.01357074
26.15 -0.0137823
26.16 -0.01352207
26.17 -0.01340276
26.18 -0.01345945
26.19 -0.01310445
26.2 -0.01163497
26.21 -0.01085012
26.22 -0.0106719
26.23 -0.009119005
26.24 -0.006827733
26.25 -0.00577638
26.26 -0.004895075
26.27 -0.003494009
26.28 -0.002108185
26.29 -0.001520464
26.3 -0.001433799
26.31 0.0004057903
26.32 0.002777167
26.33 0.003224039
26.34 0.002828989
26.35 0.002925952
26.36 0.004516185
26.37 0.007007792
26.38 0.007867156
26.39 0.00780295
26.4 0.008823102
26.41 0.01010735
26.42 0.0109027
26.43 0.0114087
26.44 0.01185856
26.45 0.01157885
26.46 0.0110125
26.47 0.01080115
26.48 0.009725015
26.49 0.007535809
26.5 0.004998314
26.51 0.002343098
26.52 -0.0002599536
26.53 -0.002108144
26.54 -0.002870905
26.55 -0.003988694
26.56 -0.004694082
26.57 -0.004906575
26.58 -0.004704395
26.59 -0.004495063
26.6 -0.004785034
26.61 -0.005991247
26.62 -0.007103001
26.63 -0.006898984
26.64 -0.005881361
26.65 -0.005205381
26.66 -0.005042207
26.67 -0.005235214
26.68 -0.006089775
26.69 -0.007123157
26.7 -0.007223791
26.71 -0.007096073
26.72 -0.007175781
26.73 -0.007227063
26.74 -0.007211665
26.75 -0.007207752
26.76 -0.006943354
26.77 -0.006161807
26.78 -0.004122728
26.79 -0.001540872
26.8 0.001046446
26.81 0.003626189
26.82 0.005871162
26.83 0.006882187
26.84 0.006921816
26.85 0.006146854
26.86 0.005414675
26.87 0.004367839
26.88 0.002611347
26.89 0.0017966
26.9 0.00067266
26.91 -0.001615136
26.92 -0.002930231
26.93 -0.003075169
26.94 -0.003649067
26.95 -0.004929675
26.96 -0.00541481
26.97 -0.005344375
26.98 -0.006429496
26.99 -0.007866787
27 -0.008679344
27.01 -0.009336417
27.02 -0.009755132
27.03 -0.009422771
27.04 -0.008321381
27.05 -0.007899223
27.06 -0.008124621
27.07 -0.008223897
27.08 -0.00817571
27.09 -0.008184
27.1 -0.008267202
27.11 -0.008293987
27.12 -0.007633702
27.13 -0.005885498
27.14 -0.004317936
27.15 -0.003276755
27.16 -0.001634002
27.17 0.0006484726
27.18 0.00154549
27.19 0.002111334
27.2 0.003763111
27.21 0.005269657
27.22 0.005762578
27.23 0.00566201
27.24 0.005808507
27.25 0.0068944
27.26 0.008087721
27.27 0.008877082
27.28 0.009188111
27.29 0.009699954
27.3 0.0094169
27.31 0.008779355
27.32 0.007930797
27.33 0.006187623
27.34 0.005013169
27.35 0.004580917
27.36 0.004904881
27.37 0.005255492
27.38 0.005214981
27.39 0.005130993
27.4 0.004992662
27.41 0.004260979
27.42 0.002833519
27.43 0.001323738
27.44 0.0002258469
27.45 0.0001273576
27.46 0.0002767424
27.47 0.0002147416
27.48 0.000117809
27.49 0.0001171545
27.5 0.0001252904
27.51 7.034096e-05
27.52 0.0006108654
27.53 0.002175765
27.54 0.003315986
27.55 0.00361975
27.56 0.004046586
27.57 0.004621917
27.58 0.004648664
27.59 0.004477215
27.6 0.004452543
27.61 0.00443261
27.62 0.004371429
27.63 0.004344013
27.64 0.004287207
27.65 0.004249198
27.66 0.004208827
27.67 0.00414381
27.68 0.003676214
27.69 0.002396696
27.7 0.001591436
27.71 0.001659802
27.72 0.001996667
27.73 0.001916834
27.74 0.002525854
27.75 0.003674692
27.76 0.004197673
27.77 0.005664039
27.78 0.007859837
27.79 0.008799224
27.8 0.0100305
27.81 0.01173074
27.82 0.01217953
27.83 0.01259184
27.84 0.0127804
27.85 0.01222718
27.86 0.01251822
27.87 0.01339406
27.88 0.01378811
27.89 0.01394877
27.9 0.01301878
27.91 0.01213167
27.92 0.01061546
27.93 0.008131688
27.94 0.006677291
27.95 0.004268112
27.96 0.002488948
27.97 0.001783928
27.98 -0.0009316312
27.99 -0.003838853
28 -0.006131277
28.01 -0.007088811
28.02 -0.006985436
28.03 -0.00692524
28.04 -0.007012099
28.05 -0.007721029
28.06 -0.009318768
28.07 -0.01033889
28.08 -0.01117917
28.09 -0.01187985
28.1 -0.01136495
28.11 -0.01039414
28.12 -0.009951753
28.13 -0.009134056
28.14 -0.007800627
28.15 -0.007321726
28.16 -0.007514353
28.17 -0.007447674
28.18 -0.00645317
28.19 -0.005372055
28.2 -0.00529182
28.21 -0.005486802
28.22 -0.005529646
28.23 -0.005536738
28.24 -0.005575919
28.25 -0.005610648
28.26 -0.004741879
28.27 -0.003342816
28.28 -0.003149225
28.29 -0.003403113
28.3 -0.003028646
28.31 -0.002429649
28.32 -0.002183151
28.33 -0.001805828
28.34 -0.001270503
28.35 -0.001497866
28.36 -0.001222218
28.37 -8.894205e-06
28.38 0.0010326
28.39 0.001057176
28.4 0.0008744354
28.41 0.001494479
28.42 0.00301282
28.43 0.003772263
28.44 0.003795492
28.45 0.003145645
28.46 0.00194021
28.47 0.0006452257
28.48 0.0004370816
28.49 0.0001315935
28.5 -0.001848304
28.51 -0.003688869
28.52 -0.004510413
28.53 -0.004468645
28.54 -0.004399869
28.55 -0.004500767
28.56 -0.004540096
28.57 -0.004546853
28.58 -0.004608955
28.59 -0.004383572
28.6 -0.002870642
28.61 -0.001277884
28.62 -0.0007411612
28.63 -0.0002528221
28.64 -4.509891e-05
28.65 -0.0001267261
28.66 -0.0006304921
28.67 -0.002155796
28.68 -0.003698327
28.69 -0.004969879
28.7 -0.00557411
28.71 -0.006989172
28.72 -0.00787255
28.73 -0.007955941
28.74 -0.00766682
28.75 -0.007455544
28.76 -0.006855137
28.77 -0.006163678
28.78 -0.005777993
28.79 -0.005692483
28.8 -0.005857696
28.81 -0.006633102
28.82 -0.007562174
28.83 -0.008113762
28.84 -0.008515349
28.85 -0.008647693
28.86 -0.007120681
28.87 -0.005531098
28.88 -0.005145075
28.89 -0.003848291
28.9 -0.001826116
28.91 -0.0006960561
28.92 0.0006354603
28.93 0.002470824
28.94 0.003638443
28.95 0.003729657
28.96 0.003804308
28.97 0.005224351
28.98 0.006677812
28.99 0.006816633
29 0.007237217
29.01 0.008080056
29.02 0.008237147
29.03 0.008036971
29.04 0.007980848
29.05 0.008016891
29.06 0.007913446
29.07 0.007017549
29.08 0.005416593
29.09 0.003670373
29.1 0.003015286
29.11 0.002808741
29.12 0.0013976
29.13 -0.0004989013
29.14 -0.001807294
29.15 -0.001945254
29.16 -0.002941917
29.17 -0.004424303
29.18 -0.005423533
29.19 -0.005942545
29.2 -0.00605779
29.21 -0.005617413
29.22 -0.00521453
29.23 -0.00483419
29.24 -0.004041234
29.25 -0.003054037
29.26 -0.002089438
29.27 -0.001884791
29.28 -0.00201763
29.29 -0.001538537
29.3 1.125268e-05
29.31 0.000901363
29.32 0.001764346
29.33 0.002290657
29.34 0.002209174
29.35 0.002030489
29.36 0.002326512
29.37 0.002753622
29.38 0.003009856
29.39 0.00294124
29.4 0.002671056
29.41 0.002646542
29.42 0.002605385
29.43 0.001778197
29.44 0.0008267733
29.45 0.0002265187
29.46 -0.0003496701
29.47 -0.0005576503
29.48 -0.0005409883
29.49 -0.001893894
29.5 -0.002565455
29.51 -0.002276428
29.52 -0.00115739
29.53 0.0001309805
29.54 0.0007944784
29.55 0.001189525
29.56 0.001444205
29.57 0.002174081
29.58 0.002500692
29.59 0.002393617
29.6 0.002694065
29.61 0.004130614
29.62 0.005092132
29.63 0.005711251
29.64 0.00576653
29.65 0.004836915
29.66 0.003540398
29.67 0.002875327
29.68 0.002759828
29.69 0.002887544
29.7 0.002410142
29.71 0.002102809
29.72 0.002153477
29.73 0.002363852
29.74 0.002782288
29.75 0.00361011
29.76 0.004722388
29.77 0.005936166
29.78 0.006861775
29.79 0.006974004
29.8 0.006846504
29.81 0.006852603
29.82 0.006881018
29.83 0.006874007
29.84 0.006713993
29.85 0.005783476
29.86 0.005284355
29.87 0.006140785
29.88 0.006962547
29.89 0.00686262
29.9 0.00651702
29.91 0.006767388
29.92 0.006934258
29.93 0.006876312
29.94 0.006849745
29.95 0.006867407
29.96 0.006851827
29.97 0.00678116
29.98 0.006753955
29.99 0.006764627
30 0.006758115
30.01 0.006151022
30.02 0.004527756
30.03 0.002721398
30.04 0.001843225
30.05 0.001084851
30.06 -0.0007178762
30.07 -0.002523315
30.08 -0.003319882
30.09 -0.005106423
30.1 -0.007310605
30.11 -0.007884324
30.12 -0.008554772
30.13 -0.009436185
30.14 -0.009941407
30.15 -0.009887235
30.16 -0.009809498
30.17 -0.009585581
30.18 -0.00896839
30.19 -0.008036739
30.2 -0.007453516
30.21 -0.007332442
30.22 -0.005891514
30.23 -0.003168827
30.24 -0.002091097
30.25 -0.0009196362
30.26 0.001372408
30.27 0.00246665
30.28 0.002999288
30.29 0.005473282
30.3 0.00720709
30.31 0.008015667
30.32 0.009176398
30.33 0.00995263
30.34 0.009361352
30.35 0.007824075
30.36 0.007729534
30.37 0.009066721
30.38 0.008879727
30.39 0.007316512
30.4 0.006628739
30.41 0.006565235
30.42 0.005144873
30.43 0.00305227
30.44 0.001966519
30.45 0.002062028
30.46 0.002201518
30.47 0.002070003
30.48 0.0008755343
30.49 -0.001473162
30.5 -0.002579227
30.51 -0.00255232
30.52 -0.001494834
30.53 -0.0001473957
30.54 0.0007932026
30.55 0.001725382
30.56 0.002395672
30.57 0.002403064
30.58 0.002348911
30.59 0.00333645
30.6 0.004706
30.61 0.005570493
30.62 0.006371321
30.63 0.005677169
30.64 0.004554576
30.65 0.003749715
30.66 0.002757277
30.67 0.002375193
30.68 0.00161016
30.69 -0.0006395191
30.7 -0.00243022
30.71 -0.002726814
30.72 -0.003264631
30.73 -0.004305238
30.74 -0.005005497
30.75 -0.00624569
30.76 -0.007175855
30.77 -0.007861163
30.78 -0.01013513
30.79 -0.01193306
30.8 -0.01299866
30.81 -0.01408131
30.82 -0.01438662
30.83 -0.01491147
30.84 -0.01563191
30.85 -0.01617089
30.86 -0.01520363
30.87 -0.01365781
30.88 -0.01301615
30.89 -0.01251064
30.9 -0.01162252
30.91 -0.01135454
30.92 -0.01106349
30.93 -0.009041251
30.94 -0.006761577
30.95 -0.005950321
30.96 -0.004185806
30.97 -0.001482258
30.98 0.0008304666
30.99 0.002303898
31 0.003040258
31.01 0.003063845
31.02 0.002971196
31.03 0.002987668
31.04 0.00303497
31.05 0.003091287
31.06 0.003021748
31.07 0.002573607
31.08 0.002024491
31.09 0.00151878
31.1 0.0003205739
31.11 -0.001397546
31.12 -0.001995849
31.13 -0.002403067
31.14 -0.003104603
31.15 -0.00330485
31.16 -0.003725328
31.17 -0.003911141
31.18 -0.004108472
31.19 -0.004642907
31.2 -0.005652806
31.21 -0.006313569
31.22 -0.006206322
31.23 -0.006065
31.24 -0.006093095
31.25 -0.006055388
31.26 -0.0058017
31.27 -0.005360379
31.28 -0.004990516
31.29 -0.004521306
31.3 -0.003848547
31.31 -0.003389868
31.32 -0.004054373
31.33 -0.00515672
31.34 -0.005832806
31.35 -0.005802758
31.36 -0.005944554
31.37 -0.006116633
31.38 -0.00657294
31.39 -0.00747249
31.4 -0.008108323
31.41 -0.00924715
31.42 -0.01023939
31.43 -0.01034585
31.44 -0.01026427
31.45 -0.01026941
31.46 -0.009980033
31.47 -0.008251209
31.48 -0.00668094
31.49 -0.006584338
31.5 -0.005766705
31.51 -0.00523752
31.52 -0.005046281
31.53 -0.003664943
31.54 -0.002209037
31.55 -0.001067223
31.56 -0.0004353422
31.57 -0.0004398753
31.58 -0.0002240326
31.59 0.0009811402
31.6 0.002259141
31.61 0.00308917
31.62 0.003361046
31.63 0.003622107
31.64 0.004162943
31.65 0.00464928
31.66 0.004763868
31.67 0.005418503
31.68 0.006600244
31.69 0.007878248
31.7 0.008522117
31.71 0.008447905
31.72 0.008223681
31.73 0.008037521
31.74 0.007778307
31.75 0.007871688
31.76 0.007493026
31.77 0.006967215
31.78 0.006962917
31.79 0.006671437
31.8 0.006264438
31.81 0.00610669
31.82 0.005486703
31.83 0.005116115
31.84 0.005059211
31.85 0.004102831
31.86 0.003696603
31.87 0.003617748
31.88 0.00293897
31.89 0.001498229
31.9 0.0004570637
31.91 0.0005333089
31.92 0.0003345676
31.93 -0.001056335
31.94 -0.00196591
31.95 -0.001776591
31.96 -0.001404603
31.97 -0.0007442554
31.98 -0.0008903854
31.99 -0.002351483
32 -0.003616005
32.01 -0.003743689
32.02 -0.002881126
32.03 -0.001390556
32.04 -0.0008131863
32.05 -0.0008527259
32.06 -0.0005499969
32.07 -0.0001547239
32.08 0.000659871
32.09 0.001183416
32.1 0.001448244
32.11 0.002760671
32.12 0.004735842
32.13 0.006008607
32.14 0.006240877
32.15 0.007567324
32.16 0.01015355
32.17 0.01113027
32.18 0.01073789
32.19 0.01053382
32.2 0.01025875
32.21 0.01001493
32.22 0.01049026
32.23 0.01086146
32.24 0.01085414
32.25 0.01081752
32.26 0.01083776
32.27 0.01067413
32.28 0.009655562
32.29 0.008480677
32.3 0.008160138
32.31 0.007370166
32.32 0.006297684
32.33 0.006123663
32.34 0.006322881
32.35 0.006007356
32.36 0.005154983
32.37 0.004889812
32.38 0.00419824
32.39 0.002224053
32.4 0.001233491
32.41 0.0005120735
32.42 -0.001537628
32.43 -0.003188917
32.44 -0.003181021
32.45 -0.003835459
32.46 -0.005335191
32.47 -0.005332706
32.48 -0.005052228
32.49 -0.005869902
32.5 -0.006565211
32.51 -0.006016814
32.52 -0.004550921
32.53 -0.003433722
32.54 -0.002778926
32.55 -0.00266553
32.56 -0.002734925
32.57 -0.00273228
32.58 -0.002663745
32.59 -0.002338808
32.6 -0.002026385
32.61 -0.0009952498
32.62 -0.0007822786
32.63 -0.001105859
32.64 -0.001174474
32.65 -0.0008838229
32.66 -0.0003468981
32.67 0.0001956053
32.68 0.0009468003
32.69 0.001260957
32.7 0.001635504
32.71 0.002183711
32.72 0.002043615
32.73 0.002132483
32.74 0.002313096
32.75 0.002612959
32.76 0.002811288
32.77 0.003573164
32.78 0.004418987
32.79 0.00485585
32.8 0.005650136
32.81 0.006608859
32.82 0.006890404
32.83 0.007157656
32.84 0.007270934
32.85 0.007277033
32.86 0.007953385
32.87 0.0100349
32.88 0.01203677
32.89 0.01219202
32.9 0.01188714
32.91 0.0118983
32.92 0.01139718
32.93 0.0106066
32.94 0.009611946
32.95 0.008748395
32.96 0.008452954
32.97 0.009127994
32.98 0.009571105
32.99 0.00884173
33 0.007800596
33.01 0.007220427
33.02 0.007186059
33.03 0.007256416
33.04 0.006963969
33.05 0.006166588
33.06 0.005434159
33.07 0.004317353
33.08 0.003520286
33.09 0.002789581
33.1 0.002387905
33.11 0.001767121
33.12 1.719921e-05
33.13 -0.001887146
33.14 -0.002534615
33.15 -0.003153156
33.16 -0.004592651
33.17 -0.006071734
33.18 -0.006923263
33.19 -0.007231824
33.2 -0.008065533
33.21 -0.009218485
33.22 -0.01003221
33.23 -0.01024467
33.24 -0.01117129
33.25 -0.01178702
33.26 -0.01168353
33.27 -0.01158161
33.28 -0.01161753
33.29 -0.01162773
33.3 -0.01163674
33.31 -0.01191599
33.32 -0.01179749
33.33 -0.01155527
33.34 -0.01127355
33.35 -0.009389608
33.36 -0.006773029
33.37 -0.004708535
33.38 -0.002828672
33.39 -0.001827029
33.4 -0.001438539
33.41 -0.0003879991
33.42 0.0007386209
33.43 0.001491363
33.44 0.001732126
33.45 0.001822953
33.46 0.002502635
33.47 0.002888608
33.48 0.002648459
33.49 0.001895479
33.5 0.001349769
33.51 0.001452824
33.52 0.002015909
33.53 0.002018038
33.54 0.002432593
33.55 0.002908523
33.56 0.002952143
33.57 0.002898329
33.58 0.002912502
33.59 0.002929246
33.6 0.002928538
33.61 0.002930077
33.62 0.002935346
33.63 0.002939395
33.64 0.002942672
33.65 0.002944178
33.66 0.002863565
33.67 0.002749385
33.68 0.002741169
33.69 0.002764732
33.7 0.002766531
33.71 0.002765347
33.72 0.002769696
33.73 0.002773688
33.74 0.002775837
33.75 0.00253731
33.76 0.001499798
33.77 0.0002162242
33.78 -0.001145627
33.79 -0.001941437
33.8 -0.001978103
33.81 -0.002452395
33.82 -0.004037649
33.83 -0.005218739
33.84 -0.006456588
33.85 -0.007518027
33.86 -0.007899228
33.87 -0.007878869
33.88 -0.00823886
33.89 -0.008825338
33.9 -0.009860275
33.91 -0.01047826
33.92 -0.01014778
33.93 -0.009701172
33.94 -0.009075885
33.95 -0.009085657
33.96 -0.009821861
33.97 -0.009501252
33.98 -0.008922959
33.99 -0.009810807
34 -0.01100922
34.01 -0.01118732
34.02 -0.01071961
34.03 -0.0104942
34.04 -0.01009281
34.05 -0.009305398
34.06 -0.008337108
34.07 -0.007399752
34.08 -0.006540905
34.09 -0.006350669
34.1 -0.006467838
34.11 -0.006478897
34.12 -0.006448514
34.13 -0.006450583
34.14 -0.006445209
34.15 -0.00597626
34.16 -0.005203509
34.17 -0.004453482
34.18 -0.004025985
34.19 -0.003379021
34.2 -0.002782838
34.21 -0.002741374
34.22 -0.0023338
34.23 -0.00202078
34.24 -0.001806277
34.25 -0.001949937
34.26 -0.002002732
34.27 -0.001758529
34.28 -0.001710363
34.29 -0.00176267
34.3 -0.001764791
34.31 -0.00175185
34.32 -0.001712845
34.33 -0.001945193
34.34 -0.002842775
34.35 -0.003909841
34.36 -0.003977203
34.37 -0.003013286
34.38 -0.002696137
34.39 -0.002886244
34.4 -0.002589475
34.41 -0.001887815
34.42 -0.001761145
34.43 -0.001886017
34.44 -0.001889966
34.45 -0.001861702
34.46 -0.00170041
34.47 -0.00089555
34.48 -0.000198328
34.49 -0.000921047
34.5 -0.001944382
34.51 -0.002000117
34.52 -0.00154012
34.53 -0.0008051165
34.54 0.000421043
34.55 0.001196034
34.56 0.001687917
34.57 0.001544063
34.58 0.001294335
34.59 0.0005604076
34.6 -0.0009160725
34.61 -0.001894253
34.62 -0.001888246
34.63 -0.001764226
34.64 -0.002260485
34.65 -0.00294322
34.66 -0.002369651
34.67 -0.001687754
34.68 -0.001734785
34.69 -0.001856212
34.7 -0.001797879
34.71 -0.001164091
34.72 0.0002833429
34.73 0.001643671
34.74 0.002476986
34.75 0.002911426
34.76 0.002912154
34.77 0.002938509
34.78 0.003709423
34.79 0.004795805
34.8 0.005977908
34.81 0.006698548
34.82 0.007427951
34.83 0.007848448
34.84 0.007788007
34.85 0.00775695
34.86 0.008410883
34.87 0.009834608
34.88 0.01094482
34.89 0.01112339
34.9 0.01128752
34.91 0.01117801
34.92 0.01033395
34.93 0.00885184
34.94 0.007787915
34.95 0.00762429
34.96 0.007746197
34.97 0.007742128
34.98 0.007586086
34.99 0.006786927
35 0.006286091
35.01 0.006046585
35.02 0.005251322
35.03 0.004841603
35.04 0.004865779
35.05 0.004297601
35.06 0.003443589
35.07 0.002833062
35.08 0.002797552
35.09 0.002567115
35.1 0.002264243
35.11 0.001752715
35.12 0.001542594
35.13 0.001347621
35.14 0.001486942
35.15 0.001619273
35.16 0.001592079
35.17 0.001828797
35.18 0.002616019
35.19 0.002900458
35.2 0.002774084
35.21 0.00273932
35.22 0.002772716
35.23 0.002772527
35.24 0.002762066
35.25 0.002541695
35.26 0.001681899
35.27 0.000709441
35.28 -0.0003749537
35.29 -0.001486354
35.3 -0.001955154
35.31 -0.001973061
35.32 -0.0019342
35.33 -0.001946647
35.34 -0.002394987
35.35 -0.003956967
35.36 -0.004307945
35.37 -0.003259622
35.38 -0.002013868
35.39 -0.001802244
35.4 -0.001922955
35.41 -0.0009267796
35.42 0.0004641293
35.43 0.0006920721
35.44 0.00111504
35.45 0.001398738
35.46 0.001558851
35.47 0.001946917
35.48 0.001735436
35.49 0.0009399806
35.5 0.000348949
35.51 0.0003758832
35.52 0.0004737572
35.53 0.0003261871
35.54 -0.000239728
35.55 -0.0001858666
35.56 -6.770145e-05
35.57 0.0005072564
35.58 0.001296285
35.59 0.001885194
35.6 0.002374735
35.61 0.00259968
35.62 0.002825046
35.63 0.002864702
35.64 0.002828104
35.65 0.002827369
35.66 0.002836681
35.67 0.002836025
35.68 0.00283481
35.69 0.002836159
35.7 0.00283733
35.71 0.002838022
35.72 0.002838928
35.73 0.002714129
35.74 0.002541632
35.75 0.002779627
35.76 0.002896525
35.77 0.002847897
35.78 0.002833323
35.79 0.00284931
35.8 0.002846944
35.81 0.0024772
35.82 0.001790826
35.83 0.001277387
35.84 -0.0005070204
35.85 -0.002024594
35.86 -0.002008435
35.87 -0.001823425
35.88 -0.001920467
35.89 -0.001960761
35.9 -0.001930103
35.91 -0.001922469
35.92 -0.001936843
35.93 -0.002230877
35.94 -0.002790896
35.95 -0.003847869
35.96 -0.004420665
35.97 -0.004017481
35.98 -0.004284391
35.99 -0.005989891
36 -0.006830115
36.01 -0.006608679
36.02 -0.006482352
36.03 -0.006554871
36.04 -0.006566767
36.05 -0.006540352
36.06 -0.006526276
36.07 -0.00646553
36.08 -0.006411192
36.09 -0.006403881
36.1 -0.006399362
36.11 -0.006383991
36.12 -0.006357299
36.13 -0.005576454
36.14 -0.004090611
36.15 -0.003186191
36.16 -0.002640073
36.17 -0.001884537
36.18 -0.001498073
36.19 -0.001566141
36.2 -0.001605715
36.21 -0.001563208
36.22 -0.001541883
36.23 -0.001535645
36.24 -0.00152132
36.25 -0.001504255
36.26 -0.001489058
36.27 -0.001473729
36.28 -0.001457494
36.29 -0.001440968
36.3 -0.001417229
36.31 -0.001000433
36.32 -0.0005794354
36.33 -0.0006465342
36.34 -0.001174942
36.35 -0.001331282
36.36 -0.0009809185
36.37 -0.0006262576
36.38 -0.0006599735
36.39 -0.001051593
36.4 -0.001219649
36.41 -0.001140895
36.42 -0.001096711
36.43 -0.001095384
36.44 -0.001077833
36.45 -0.00105262
36.46 -0.001031558
36.47 -0.0007536371
36.48 -0.0003228987
36.49 -0.0004735301
36.5 -0.0005372239
36.51 -0.0002351983
36.52 0.0002720886
36.53 0.001794512
36.54 0.003099674
36.55 0.003632042
36.56 0.003798024
36.57 0.005111812
36.58 0.006331395
36.59 0.006897427
36.6 0.007273221
36.61 0.007641499
36.62 0.007990496
36.63 0.008013152
36.64 0.007917561
36.65 0.007879325
36.66 0.007853192
36.67 0.007809644
36.68 0.007764373
36.69 0.007721619
36.7 0.007676984
36.71 0.007630225
36.72 0.00758241
36.73 0.007533402
36.74 0.007388424
36.75 0.006670684
36.76 0.006182132
36.77 0.005896286
36.78 0.005486881
36.79 0.00520992
36.8 0.005015833
36.81 0.004976341
36.82 0.004956217
36.83 0.004604335
36.84 0.003440527
36.85 0.002580106
36.86 0.002933515
36.87 0.00358541
36.88 0.002958387
36.89 0.002432553
36.9 0.002505963
36.91 0.002563177
36.92 0.002443991
36.93 0.00176666
36.94 0.0008034035
36.95 0.0001150403
36.96 0.000387782
36.97 0.0008535218
36.98 0.0004621703
36.99 -0.0009126348
37 -0.001755836
37.01 -0.001648803
37.02 -0.001521118
37.03 -0.001556607
37.04 -0.001217373
37.05 -0.0003309349
37.06 0.001000976
37.07 0.001593964
37.08 0.001857238
37.09 0.002230304
37.1 0.001902505
37.11 0.001636463
37.12 0.001607636
37.13 0.001855019
37.14 0.002110401
37.15 0.002060045
37.16 0.001970076
37.17 0.001942089
37.18 0.001807505
37.19 0.001446411
37.2 0.001037623
37.21 0.0006903735
37.22 0.0005359782
37.23 0.0001567369
37.24 -8.705985e-05
37.25 -0.0003218178
37.26 -0.0004894772
37.27 -0.0005279383
37.28 -0.0001956596
37.29 -0.0006545908
37.3 -0.001203228
37.31 -0.001609603
37.32 -0.001983672
37.33 -0.001976347
37.34 -0.002359515
37.35 -0.003605009
37.36 -0.003997
37.37 -0.003765916
37.38 -0.003865601
37.39 -0.004050612
37.4 -0.004819351
37.41 -0.005380794
37.42 -0.005265722
37.43 -0.005118516
37.44 -0.005444466
37.45 -0.005945876
37.46 -0.005673856
37.47 -0.004928348
37.48 -0.004781388
37.49 -0.005543618
37.5 -0.006406978
37.51 -0.006585178
37.52 -0.006253871
37.53 -0.006001441
37.54 -0.005551427
37.55 -0.004776871
37.56 -0.004158068
37.57 -0.004055669
37.58 -0.004072137
37.59 -0.004000019
37.6 -0.003863711
37.61 -0.00337281
37.62 -0.002815908
37.63 -0.002268328
37.64 -0.0016509
37.65 -0.001162556
37.66 -0.0007498372
37.67 -0.0006532364
37.68 -0.0006966355
37.69 -0.0006919613
37.7 -0.0006689449
37.71 -0.0006604352
37.72 -0.0006537602
37.73 -0.0006434415
37.74 -0.0006333683
37.75 -0.0006241934
37.76 -0.0006148963
37.77 -0.0006054915
37.78 -0.0005962197
37.79 -0.0005870322
37.8 -0.0005778893
37.81 -0.0005688054
37.82 -0.0005597872
37.83 -0.0005508386
37.84 -0.0005419431
37.85 -0.0004951695
37.86 -0.0001153046
37.87 0.0004598132
37.88 0.0008054862
37.89 0.000773945
37.9 0.0006874318
37.91 0.0002288886
37.92 -0.0005178925
37.93 -0.0006598607
37.94 -0.0005300163
37.95 -0.0005157655
37.96 -0.000536858
37.97 -0.0005250558
37.98 -0.0005240088
37.99 -0.0006603763
38 -0.0009413981
38.01 -0.001557882
38.02 -0.001868684
38.03 -0.002383792
38.04 -0.002682865
38.05 -0.002570301
38.06 -0.00244998
38.07 -0.002407385
38.08 -0.002374896
38.09 -0.002324317
38.1 -0.002255247
38.11 -0.002185994
38.12 -0.002119678
38.13 -0.002052786
38.14 -0.001985347
38.15 -0.001918218
38.16 -0.00185126
38.17 -0.00178432
38.18 -0.00180205
38.19 -0.002149621
38.2 -0.002416086
38.21 -0.002445743
38.22 -0.002444013
38.23 -0.002533753
38.24 -0.002598622
38.25 -0.002378596
38.26 -0.001963493
38.27 -0.001785984
38.28 -0.001531184
38.29 -0.001077757
38.3 -0.0007259805
38.31 -0.0006576332
38.32 -0.00063732
38.33 -0.0005684218
38.34 -0.0004997977
38.35 -0.0004430473
38.36 -0.0003850147
38.37 -0.0003252783
38.38 -0.0002665123
38.39 -0.0001299356
38.4 -4.798087e-05
38.41 8.025341e-05
38.42 0.000329637
38.43 0.0005892779
38.44 0.0007352045
38.45 0.001047548
38.46 0.001392416
38.47 0.001420455
38.48 0.001364927
38.49 0.001369127
38.5 0.001379413
38.51 0.001374597
38.52 0.001322902
38.53 0.001271383
38.54 0.001281277
38.55 0.001357545
38.56 0.001387298
38.57 0.001384923
38.58 0.001381138
38.59 0.001377375
38.6 0.001372146
38.61 0.001366616
38.62 0.001361098
38.63 0.00135529
38.64 0.001349158
38.65 0.001353768
38.66 0.001553454
38.67 0.001803705
38.68 0.002024346
38.69 0.00209216
38.7 0.002023175
38.71 0.0020533
38.72 0.002225899
38.73 0.002370171
38.74 0.002435022
38.75 0.002443862
38.76 0.00236448
38.77 0.002267882
38.78 0.002188383
38.79 0.002186446
38.8 0.002289641
38.81 0.002343895
38.82 0.002341999
38.83 0.00225438
38.84 0.002123915
38.85 0.001958285
38.86 0.0018793
38.87 0.0018768
38.88 0.001805989
38.89 0.001694521
38.9 0.001582674
38.91 0.001400345
38.92 0.001170763
38.93 0.0009637631
38.94 0.0008707086
38.95 0.0007994326
38.96 0.0006474375
38.97 0.0005580865
38.98 0.0005264325
38.99 0.0003801793
39 0.0002532693
39.01 0.0002344145
39.02 0.000226653
39.03 0.0001866119
39.04 0.0001357139
39.05 9.657485e-05
39.06 7.836406e-05
39.07 5.787954e-05
39.08 1.656154e-05
39.09 -6.49036e-06
39.1 -2.392462e-05
39.11 -4.930014e-05
39.12 -0.0001036717
39.13 -0.0001183575
39.14 -0.0001346688
39.15 -0.0001487026
39.16 -0.0001476336
39.17 -0.0001452235
39.18 -0.0001456538
39.19 -0.0001526442
39.2 -0.000166545
39.21 -0.0001597517
39.22 -0.0001602802
39.23 -0.0001578615
39.24 -0.0001600833
39.25 -0.0001679885
39.26 -0.0001716854
39.27 -0.0001711381
39.28 -0.0001761961
39.29 -0.0001780201
39.3 -0.0001721706
39.31 -0.0001663928
39.32 -0.0001621974
39.33 -0.0001604902
39.34 -0.0001703115
39.35 -0.000178605
39.36 -0.0001608446
39.37 -0.0001373831
39.38 -0.0001338374
39.39 -0.0001378702
39.4 -0.0001386263
39.41 -0.0001365101
39.42 -0.0001343337
39.43 -0.0001328144
39.44 -0.0001316254
39.45 -0.0001269145
39.46 -0.0001174969
39.47 -0.0001069618
39.48 -0.000104205
39.49 -0.0001099192
39.5 -0.0001111683
39.51 -0.0001070401
39.52 -0.0001035008
39.53 -0.0001009494
39.54 -9.83729e-05
39.55 -9.611806e-05
39.56 -9.253162e-05
39.57 -8.755102e-05
39.58 -8.490393e-05
39.59 -8.317083e-05
39.6 -8.03794e-05
39.61 -7.952907e-05
39.62 -7.967654e-05
39.63 -7.942002e-05
39.64 -7.926001e-05
39.65 -7.917172e-05
39.66 -7.88783e-05
39.67 -7.791642e-05
39.68 -7.688136e-05
39.69 -7.669829e-05
39.7 -7.657006e-05
39.71 -7.641512e-05
39.72 -7.638107e-05
39.73 -7.603916e-05
39.74 -7.550142e-05
39.75 -7.489203e-05
39.76 -7.423816e-05
39.77 -7.359956e-05
39.78 -7.275809e-05
39.79 -7.165018e-05
39.8 -7.044756e-05
39.81 -6.920313e-05
39.82 -6.790091e-05
39.83 -6.657957e-05
39.84 -6.517856e-05
39.85 -6.365664e-05
39.86 -6.203133e-05
39.87 -6.036947e-05
39.88 -5.868969e-05
39.89 -5.696736e-05
39.9 -5.519259e-05
39.91 -5.336498e-05
39.92 -5.149041e-05
39.93 -4.957158e-05
39.94 -4.760771e-05
39.95 -4.559807e-05
39.96 -4.354389e-05
39.97 -4.144676e-05
39.98 -3.930838e-05
