0 -0.0001487837
0.01 -0.0001509949
0.02 -0.0001530882
0.03 -0.000153024
0.04 -0.0001537025
0.05 -0.000158254
0.06 -0.0001639893
0.07 -0.0001667774
0.08 -0.0001667253
0.09 -0.0001721676
0.1 -0.0001829327
0.11 -0.0001898452
0.12 -0.0001671269
0.13 -0.0001360911
0.14 -0.0001757359
0.15 -0.0002483678
0.16 -0.0002490952
0.17 -0.0001895665
0.18 -0.000114142
0.19 -9.125221e-05
0.2 -0.0001438913
0.21 -0.0001740181
0.22 -0.0002020648
0.23 -0.0002761436
0.24 -0.0002519625
0.25 -0.0002479053
0.26 -0.0002983173
0.27 -0.0001948762
0.28 -3.109151e-05
0.29 1.484532e-05
0.3 -4.085657e-05
0.31 -9.386859e-05
0.32 7.043547e-05
0.33 0.0002064162
0.34 8.740951e-05
0.35 -0.0001493165
0.36 -0.0001511894
0.37 1.040801e-05
0.38 -0.0002192193
0.39 -0.0007077383
0.4 -0.0009119282
0.41 -0.00061066
0.42 -0.0003511196
0.43 -0.0006197998
0.44 -0.0008737921
0.45 -0.0003354313
0.46 0.0002890616
0.47 -3.259953e-05
0.48 -0.0003302775
0.49 0.0001187523
0.5 0.0003141328
0.51 -0.0005240779
0.52 -0.001133798
0.53 -0.0002823292
0.54 0.0008032328
0.55 0.0008839575
0.56 0.0005804861
0.57 -0.0002931142
0.58 -0.001621549
0.59 -0.002136296
0.6 -0.001242704
0.61 0.000111468
0.62 0.0009777313
0.63 0.0005409661
0.64 -0.0008682685
0.65 -0.002736634
0.66 -0.003204298
0.67 -0.001986503
0.68 -3.324295e-05
0.69 0.002223028
0.7 0.003974861
0.71 0.00393742
0.72 0.001910811
0.73 -0.0004490414
0.74 -0.002268952
0.75 -0.002507262
0.76 -0.001544027
0.77 -0.0008515174
0.78 -9.688217e-05
0.79 0.0008760344
0.8 0.001511958
0.81 0.000616623
0.82 -0.0009954386
0.83 -0.001523589
0.84 -0.0002977745
0.85 0.001892805
0.86 0.003226367
0.87 0.004229057
0.88 0.003855551
0.89 0.0006352996
0.9 -0.0009327882
0.91 0.0009071189
0.92 0.001464385
0.93 0.0002465139
0.94 -0.000628185
0.95 -0.002356794
0.96 -0.005270162
0.97 -0.004731391
0.98 0.001092805
0.99 0.005646944
1 0.005616445
1.01 0.00266381
1.02 -0.001682541
1.03 -0.004315171
1.04 -0.001728863
1.05 0.003166164
1.06 0.005483111
1.07 0.004034054
1.08 -0.0001223728
1.09 -0.004075709
1.1 -0.005252336
1.11 -0.003780238
1.12 0.000356181
1.13 0.005847232
1.14 0.005580959
1.15 0.0004218002
1.16 -0.002439425
1.17 -0.001739759
1.18 -0.0006212646
1.19 -0.0001182135
1.2 0.001969796
1.21 0.004570205
1.22 0.005637144
1.23 0.004981373
1.24 0.002178886
1.25 -0.0006046991
1.26 -0.002494549
1.27 -0.003362488
1.28 -0.0001488972
1.29 0.004527027
1.3 0.004694065
1.31 0.002839319
1.32 0.002843558
1.33 0.0002605233
1.34 -0.003887711
1.35 -0.001860268
1.36 0.004164105
1.37 0.003708738
1.38 0.0001317358
1.39 0.0007265048
1.4 0.002141773
1.41 0.001156801
1.42 -5.162923e-05
1.43 -0.000831915
1.44 -0.003231963
1.45 -0.007428503
1.46 -0.01125312
1.47 -0.01159255
1.48 -0.008401679
1.49 -0.001452353
1.5 0.00974446
1.51 0.01482683
1.52 0.00878405
1.53 0.0001236681
1.54 -0.002319077
1.55 0.001556673
1.56 0.006761218
1.57 0.009695343
1.58 0.008708778
1.59 0.001235544
1.6 -0.01009981
1.61 -0.01808342
1.62 -0.01850814
1.63 -0.01170616
1.64 -0.002838338
1.65 0.004314769
1.66 0.006939009
1.67 0.002759891
1.68 -0.002713992
1.69 -0.00357973
1.7 -0.002581127
1.71 -0.0002280809
1.72 0.004469456
1.73 0.007360927
1.74 0.007196002
1.75 0.006506197
1.76 0.004850268
1.77 0.001063292
1.78 -0.002279476
1.79 -0.003001295
1.8 -0.001640366
1.81 0.001706567
1.82 0.003381088
1.83 0.0004854011
1.84 -0.002815258
1.85 -0.002010937
1.86 0.001267663
1.87 0.003102679
1.88 0.001769297
1.89 -0.004660709
1.9 -0.009421646
1.91 -0.005524921
1.92 0.0003725546
1.93 0.005970422
1.94 0.01286733
1.95 0.01203643
1.96 0.001236176
1.97 -0.008026859
1.98 -0.009910449
1.99 -0.01036788
2 -0.01076299
2.01 -0.007317454
2.02 0.0006206508
2.03 0.008355992
2.04 0.01061186
2.05 0.007567997
2.06 0.001531834
2.07 -0.003987153
2.08 -0.009107784
2.09 -0.0138001
2.1 -0.01198775
2.11 -0.003625409
2.12 0.003480504
2.13 0.001742224
2.14 -0.0004006943
2.15 0.00671313
2.16 0.01653199
2.17 0.01612071
2.18 0.005154112
2.19 -0.006623967
2.2 -0.01099798
2.21 -0.00742842
2.22 -0.001779966
2.23 0.002954941
2.24 0.003735158
2.25 -0.001456618
2.26 -0.006229298
2.27 -0.008738411
2.28 -0.008836942
2.29 -0.001694048
2.3 0.008737228
2.31 0.01615408
2.32 0.01343643
2.33 0.004005495
2.34 -0.001479946
2.35 -0.001861837
2.36 -0.001415064
2.37 -0.001716322
2.38 -0.003282886
2.39 -0.007354963
2.4 -0.009769737
2.41 -0.006782319
2.42 -0.002765094
2.43 -0.001035784
2.44 -0.001594118
2.45 -0.0001150109
2.46 0.002444285
2.47 -5.201123e-05
2.48 -0.00498264
2.49 -0.007232116
2.5 -0.006230634
2.51 -0.004723695
2.52 -0.00482628
2.53 -0.00307701
2.54 0.001595903
2.55 0.006479142
2.56 0.007704469
2.57 0.00688353
2.58 0.005355405
2.59 0.002527213
2.6 0.002433009
2.61 0.006253832
2.62 0.003244451
2.63 -0.008227904
2.64 -0.01246871
2.65 -0.004659861
2.66 0.003652675
2.67 0.009080096
2.68 0.01363147
2.69 0.01431581
2.7 0.007874166
2.71 -0.002395931
2.72 -0.008744847
2.73 -0.008968854
2.74 -0.003120673
2.75 0.0058807
2.76 0.005376163
2.77 -0.006004802
2.78 -0.0142448
2.79 -0.009359617
2.8 0.004587829
2.81 0.01128534
2.82 0.006434392
2.83 0.0008231845
2.84 -0.002481183
2.85 -0.005570654
2.86 -0.003901545
2.87 0.003013068
2.88 0.00735455
2.89 0.005641889
2.9 0.001931406
2.91 9.58037e-05
2.92 -0.0009000839
2.93 -0.002461763
2.94 -0.002785853
2.95 -0.002146945
2.96 -0.000828397
2.97 0.002394255
2.98 0.005900456
2.99 0.004908039
3 -0.001227731
3.01 -0.006856698
3.02 -0.01022185
3.03 -0.01150274
3.04 -0.007881113
3.05 -0.001659243
3.06 0.001766126
3.07 0.001690999
3.08 -0.001178879
3.09 -0.00696668
3.1 -0.01168197
3.11 -0.008735963
3.12 8.472269e-05
3.13 0.006490165
3.14 0.00828537
3.15 0.007443063
3.16 0.007162765
3.17 0.00675035
3.18 0.004051022
3.19 0.0009994488
3.2 -0.00249598
3.21 -0.005894711
3.22 -0.004571901
3.23 0.003569941
3.24 0.01487552
3.25 0.01925113
3.26 0.009729039
3.27 -0.005789336
3.28 -0.01086485
3.29 -0.005093154
3.3 0.001853313
3.31 0.00756286
3.32 0.01002452
3.33 0.007983349
3.34 0.003945638
3.35 -0.001081129
3.36 -0.005844539
3.37 -0.00631966
3.38 -0.002712005
3.39 0.0008523125
3.4 0.000543406
3.41 -0.003256168
3.42 -0.004581749
3.43 -0.001878487
3.44 0.000393879
3.45 -5.79746e-05
3.46 -0.0008343346
3.47 -0.001296122
3.48 -0.002316646
3.49 -0.005846574
3.5 -0.01164916
3.51 -0.01223506
3.52 -0.005580125
3.53 0.002880186
3.54 0.01110455
3.55 0.01892397
3.56 0.02071938
3.57 0.01252089
3.58 0.001559302
3.59 -0.004845606
3.6 -0.004689635
3.61 -0.002045938
3.62 -0.000423442
3.63 0.001034077
3.64 0.00344377
3.65 0.0006103833
3.66 -0.008517403
3.67 -0.01243889
3.68 -0.007003913
3.69 -0.0002321335
3.7 0.00237802
3.71 0.0001628904
3.72 -0.008817827
3.73 -0.01474363
3.74 -0.009045678
3.75 0.001436045
3.76 0.0066533
3.77 0.002806431
3.78 -0.004449076
3.79 -0.01050329
3.8 -0.01241755
3.81 -0.006666752
3.82 0.002848568
3.83 0.00900169
3.84 0.008965737
3.85 0.004940513
3.86 0.0007619983
3.87 -0.0005696015
3.88 0.00257813
3.89 0.007672501
3.9 0.008043613
3.91 0.002331094
3.92 -0.00134282
3.93 0.007827859
3.94 0.02208077
3.95 0.02715117
3.96 0.02172819
3.97 0.01086225
3.98 -0.01260068
3.99 -0.04432643
4 -0.0615045
4.01 -0.05588419
4.02 -0.03684698
4.03 -0.0173999
4.04 -0.002471149
4.05 0.01484051
4.06 0.04076204
4.07 0.06097976
4.08 0.06582142
4.09 0.06237432
4.1 0.06476265
4.11 0.08108101
4.12 0.1044021
4.13 0.1245726
4.14 0.1389224
4.15 0.1444331
4.16 0.1109707
4.17 -0.02096516
4.18 -0.1077005
4.19 -0.0890317
4.2 -0.0635063
4.21 -0.09289586
4.22 -0.146207
4.23 -0.1906353
4.24 -0.212868
4.25 -0.2029335
4.26 -0.1327395
4.27 -0.02867092
4.28 0.01484085
4.29 0.01750437
4.3 0.03664601
4.31 0.0709176
4.32 0.1003587
4.33 0.1069764
4.34 0.09580972
4.35 0.09360055
4.36 0.08699418
4.37 0.03383399
4.38 -0.01977491
4.39 -0.01404191
4.4 0.02857433
4.41 0.0299088
4.42 -0.04968819
4.43 -0.1411381
4.44 -0.1547331
4.45 -0.07336028
4.46 0.01649899
4.47 0.0274629
4.48 -0.04222195
4.49 -0.1051325
4.5 -0.09624986
4.51 -0.024028
4.52 0.03833228
4.53 0.0342014
4.54 0.006337307
4.55 0.01969765
4.56 0.06547946
4.57 0.09252761
4.58 0.07661563
4.59 0.04196408
4.6 0.0256042
4.61 0.02897848
4.62 0.03351024
4.63 0.00947132
4.64 -0.03082856
4.65 -0.01730532
4.66 0.03702673
4.67 0.04781817
4.68 -0.01824085
4.69 -0.09839548
4.7 -0.1125072
4.71 -0.04752947
4.72 0.0437214
4.73 0.09083382
4.74 0.09643267
4.75 0.09367954
4.76 0.06361551
4.77 0.01033703
4.78 -0.01657463
4.79 -0.004014461
4.8 -0.005404656
4.81 -0.0485537
4.82 -0.09036727
4.83 -0.08862707
4.84 -0.04864502
4.85 -0.003906834
4.86 0.01045258
4.87 -0.006340774
4.88 -0.02961623
4.89 -0.03106458
4.9 -0.009106036
4.91 0.01209816
4.92 0.01356006
4.93 -0.001481769
4.94 -0.0141774
4.95 -0.01779114
4.96 -0.0251074
4.97 -0.04913928
4.98 -0.07318856
4.99 -0.08023918
5 -0.08161068
5.01 -0.08395487
5.02 -0.06342855
5.03 0.001558113
5.04 0.06413178
5.05 0.09472737
5.06 0.1153482
5.07 0.1257521
5.08 0.09708912
5.09 0.04244329
5.1 0.00651509
5.11 -0.001984345
5.12 0.008550507
5.13 0.03774252
5.14 0.06253085
5.15 0.04888545
5.16 0.004137219
5.17 -0.03712472
5.18 -0.05435028
5.19 -0.04760995
5.2 -0.03232588
5.21 -0.01523966
5.22 0.006593163
5.23 0.008809046
5.24 -0.02782312
5.25 -0.08601048
5.26 -0.1390404
5.27 -0.1619926
5.28 -0.1396927
5.29 -0.0544829
5.3 0.04044143
5.31 0.08221899
5.32 0.1130976
5.33 0.165675
5.34 0.1999449
5.35 0.180325
5.36 0.1264035
5.37 0.06975033
5.38 0.0009132818
5.39 -0.09328633
5.4 -0.1552027
5.41 -0.1350156
5.42 -0.07341372
5.43 -0.03696913
5.44 -0.01422998
5.45 0.02706473
5.46 0.03847584
5.47 -0.02880562
5.48 -0.1271209
5.49 -0.1880901
5.5 -0.1615851
5.51 0.003898694
5.52 0.1905461
5.53 0.265844
5.54 0.2886792
5.55 0.2897301
5.56 0.2664547
5.57 0.220837
5.58 0.1651545
5.59 0.09128401
5.6 0.008481501
5.61 -0.0738414
5.62 -0.1583992
5.63 -0.2414497
5.64 -0.3032672
5.65 -0.3106654
5.66 -0.2503721
5.67 -0.1420074
5.68 -0.0644629
5.69 -0.04797551
5.7 -0.05111268
5.71 -0.04980544
5.72 -0.0340438
5.73 0.008365632
5.74 0.09242743
5.75 0.1887416
5.76 0.2863646
5.77 0.3653629
5.78 0.3633483
5.79 0.25354
5.8 0.1012323
5.81 -0.05021802
5.82 -0.1405267
5.83 -0.1763201
5.84 -0.1869337
5.85 -0.1559253
5.86 -0.06695214
5.87 0.01966357
5.88 0.01766746
5.89 -0.04409642
5.9 -0.07723182
5.91 -0.09311621
5.92 -0.1555576
5.93 -0.2327175
5.94 -0.2417042
5.95 -0.1892991
5.96 -0.1254977
5.97 -0.0572077
5.98 0.001131659
5.99 0.01679102
6 -0.001234121
6.01 -0.02709073
6.02 -0.04647856
6.03 -0.04414163
6.04 -0.003954783
6.05 0.07726578
6.06 0.1601659
6.07 0.2059858
6.08 0.2226633
6.09 0.236201
6.1 0.2552536
6.11 0.2666392
6.12 0.2256074
6.13 0.1312254
6.14 0.04710641
6.15 -0.002077728
6.16 -0.006183967
6.17 0.006779931
6.18 -0.005603352
6.19 -0.04553467
6.2 -0.08044256
6.21 -0.08619634
6.22 -0.06702896
6.23 -0.04198628
6.24 -0.03120437
6.25 -0.03756675
6.26 -0.05001858
6.27 -0.05313512
6.28 -0.03426338
6.29 -0.003376506
6.3 0.01583789
6.31 0.02694063
6.32 0.04633417
6.33 0.05703433
6.34 0.02053424
6.35 -0.04881076
6.36 -0.1143002
6.37 -0.1600319
6.38 -0.1668609
6.39 -0.1514589
6.4 -0.1317929
6.41 -0.1109848
6.42 -0.1040822
6.43 -0.1165547
6.44 -0.1290578
6.45 -0.1199677
6.46 -0.07713217
6.47 -0.01769025
6.48 0.03472287
6.49 0.06962535
6.5 0.08400232
6.51 0.08939927
6.52 0.09321137
6.53 0.09744502
6.54 0.1037727
6.55 0.1116494
6.56 0.1080083
6.57 0.07845568
6.58 0.04362541
6.59 0.03237221
6.6 0.03922562
6.61 0.03900411
6.62 0.02575941
6.63 0.0195138
6.64 0.0342693
6.65 0.05781787
6.66 0.04770178
6.67 0.008527137
6.68 -0.01117741
6.69 -0.001110141
6.7 0.01826408
6.71 0.03717593
6.72 0.05421035
6.73 0.06475754
6.74 0.05616344
6.75 0.02199332
6.76 0.003365855
6.77 0.0295043
6.78 0.06189556
6.79 0.05891706
6.8 0.03380547
6.81 0.01275883
6.82 0.003326178
6.83 -0.005053295
6.84 -0.03118119
6.85 -0.07750265
6.86 -0.1270011
6.87 -0.1672749
6.88 -0.1818552
6.89 -0.1690471
6.9 -0.1467015
6.91 -0.1140403
6.92 -0.05782415
6.93 -0.01000629
6.94 0.002611624
6.95 -0.002769424
6.96 -0.0009429861
6.97 0.01662325
6.98 0.04231551
6.99 0.05092943
7 0.03378237
7.01 0.007147382
7.02 -0.01375331
7.03 -0.03526149
7.04 -0.05897132
7.05 -0.07441514
7.06 -0.07485559
7.07 -0.05851505
7.08 -0.03204778
7.09 -0.004255206
7.1 0.02974503
7.11 0.06730708
7.12 0.09938812
7.13 0.111034
7.14 0.1000954
7.15 0.06775485
7.16 0.04469645
7.17 0.05656212
7.18 0.08043413
7.19 0.09964279
7.2 0.1111864
7.21 0.1045401
7.22 0.05998016
7.23 0.003685789
7.24 -0.01827833
7.25 -0.02740268
7.26 -0.05943164
7.27 -0.09959758
7.28 -0.1196304
7.29 -0.1176982
7.3 -0.110259
7.31 -0.09810403
7.32 -0.07036277
7.33 -0.04017445
7.34 -0.02927582
7.35 -0.02280848
7.36 0.002448197
7.37 0.0375053
7.38 0.05163284
7.39 0.0236685
7.4 -0.01904485
7.41 -0.03594332
7.42 -0.03560917
7.43 -0.05277491
7.44 -0.08505469
7.45 -0.07866511
7.46 -0.02561218
7.47 0.03042276
7.48 0.05531138
7.49 0.05820909
7.5 0.06920461
7.51 0.09178475
7.52 0.1074704
7.53 0.1157672
7.54 0.1246291
7.55 0.1288795
7.56 0.122675
7.57 0.1063046
7.58 0.08711825
7.59 0.06823109
7.6 0.04211254
7.61 0.02627001
7.62 0.03141231
7.63 0.03795114
7.64 0.01906191
7.65 -0.0223573
7.66 -0.06421254
7.67 -0.08890522
7.68 -0.1016939
7.69 -0.118965
7.7 -0.1352965
7.71 -0.1367642
7.72 -0.1302542
7.73 -0.1335516
7.74 -0.1439331
7.75 -0.1259547
7.76 -0.07213961
7.77 -0.01340958
7.78 0.03218526
7.79 0.05072726
7.8 0.05458591
7.81 0.06793295
7.82 0.08809232
7.83 0.08399622
7.84 0.03822996
7.85 -0.01862859
7.86 -0.04310914
7.87 -0.03281946
7.88 -0.02156164
7.89 -0.0273799
7.9 -0.04310536
7.91 -0.05878322
7.92 -0.07401664
7.93 -0.08008948
7.94 -0.06932274
7.95 -0.03945909
7.96 -0.003352029
7.97 0.02193857
7.98 0.03941549
7.99 0.06097341
8 0.08401913
8.01 0.1030473
8.02 0.1128048
8.03 0.1241487
8.04 0.1492852
8.05 0.1705618
8.06 0.1825642
8.07 0.1790373
8.08 0.1325615
8.09 0.05637956
8.1 -0.01422661
8.11 -0.05511256
8.12 -0.06477703
8.13 -0.06905214
8.14 -0.08364689
8.15 -0.1103539
8.16 -0.1393039
8.17 -0.1513137
8.18 -0.1301895
8.19 -0.08301726
8.2 -0.03388317
8.21 0.01161792
8.22 0.05017657
8.23 0.06334939
8.24 0.05228128
8.25 0.03701754
8.26 0.03713257
8.27 0.06201936
8.28 0.08865095
8.29 0.08051907
8.3 0.04856181
8.31 0.03370213
8.32 0.03180442
8.33 0.01937408
8.34 -0.00553711
8.35 -0.03139075
8.36 -0.04748639
8.37 -0.04319759
8.38 -0.01846869
8.39 -0.003339076
8.4 -0.01536228
8.41 -0.03615692
8.42 -0.04457446
8.43 -0.04022009
8.44 -0.02439891
8.45 0.002396411
8.46 0.01859564
8.47 0.004705062
8.48 -0.03173479
8.49 -0.04776263
8.5 -0.01573034
8.51 0.03465261
8.52 0.0377175
8.53 -0.01310026
8.54 -0.07075726
8.55 -0.09581427
8.56 -0.0855979
8.57 -0.05134334
8.58 -0.01470062
8.59 0.0007637872
8.6 0.001624843
8.61 0.01697669
8.62 0.04082886
8.63 0.04602509
8.64 0.03413495
8.65 0.03014595
8.66 0.04838497
8.67 0.07044126
8.68 0.06119589
8.69 0.0281034
8.7 0.01176911
8.71 0.01965018
8.72 0.02324655
8.73 0.001341601
8.74 -0.02700359
8.75 -0.02518264
8.76 0.01090162
8.77 0.04074547
8.78 0.03952174
8.79 0.01178248
8.8 -0.02979443
8.81 -0.06679624
8.82 -0.075739
8.83 -0.05183636
8.84 -0.03462345
8.85 -0.05064902
8.86 -0.07509775
8.87 -0.0771458
8.88 -0.04749409
8.89 -0.005931168
8.9 0.007078625
8.91 -0.01291163
8.92 -0.03939696
8.93 -0.05179439
8.94 -0.04864894
8.95 -0.03120782
8.96 0.004352446
8.97 0.04501928
8.98 0.08073316
8.99 0.09154566
9 0.06042832
9.01 0.02074493
9.02 0.007883868
9.03 0.006668971
9.04 -0.01425625
9.05 -0.05126195
9.06 -0.06857163
9.07 -0.05721956
9.08 -0.0430092
9.09 -0.02737795
9.1 0.01131211
9.11 0.05794863
9.12 0.07838579
9.13 0.07749891
9.14 0.07878525
9.15 0.0893965
9.16 0.108765
9.17 0.125985
9.18 0.127251
9.19 0.1135674
9.2 0.1013297
9.21 0.0970115
9.22 0.06864019
9.23 -0.01053393
9.24 -0.07268206
9.25 -0.05870735
9.26 -0.008479926
9.27 -0.00673848
9.28 -0.04880454
9.29 -0.07914127
9.3 -0.0749056
9.31 -0.034419
9.32 0.02880668
9.33 0.08369454
9.34 0.08420298
9.35 0.01707958
9.36 -0.0723505
9.37 -0.1405007
9.38 -0.1763949
9.39 -0.1865148
9.4 -0.1722692
9.41 -0.1279885
9.42 -0.07265381
9.43 -0.02118832
9.44 0.001614488
9.45 -0.01386822
9.46 -0.02721645
9.47 -0.02157183
9.48 -0.01684099
9.49 -0.02193166
9.5 -0.02295563
9.51 -0.007787644
9.52 0.01920536
9.53 0.03682095
9.54 0.03444613
9.55 0.008162753
9.56 -0.02541012
9.57 -0.04461861
9.58 -0.0582056
9.59 -0.07755663
9.6 -0.08792584
9.61 -0.06959638
9.62 -0.01642977
9.63 0.04735486
9.64 0.08961094
9.65 0.1023081
9.66 0.1055461
9.67 0.1124951
9.68 0.1260839
9.69 0.1458553
9.7 0.1509488
9.71 0.1136924
9.72 0.05871146
9.73 0.02728894
9.74 0.02976358
9.75 0.04819151
9.76 0.06799439
9.77 0.0738226
9.78 0.05584199
9.79 0.02134405
9.8 -0.001410266
9.81 -0.01045834
9.82 -0.02355141
9.83 -0.04953368
9.84 -0.07531679
9.85 -0.07964478
9.86 -0.0718835
9.87 -0.07823195
9.88 -0.1054813
9.89 -0.1296331
9.9 -0.1360695
9.91 -0.1415427
9.92 -0.1517418
9.93 -0.1485636
9.94 -0.1126063
9.95 -0.05164844
9.96 -0.003366885
9.97 0.02002057
9.98 0.03176461
9.99 0.02756668
10 0.003052213
10.01 -0.009550309
10.02 0.01561518
10.03 0.05568802
10.04 0.08749232
10.05 0.1019748
10.06 0.09667542
10.07 0.06832273
10.08 0.0302722
10.09 0.01380222
10.1 0.02965835
10.11 0.05289853
10.12 0.05231703
10.13 0.03153307
10.14 0.008328208
10.15 0.005956339
10.16 0.0371515
10.17 0.08229263
10.18 0.1205464
10.19 0.1416494
10.2 0.1492473
10.21 0.1531764
10.22 0.1519905
10.23 0.1241107
10.24 0.06292115
10.25 -0.005430526
10.26 -0.05283073
10.27 -0.08657616
10.28 -0.1324653
10.29 -0.2027883
10.3 -0.2618203
10.31 -0.2668142
10.32 -0.2011621
10.33 -0.1051793
10.34 -0.04609175
10.35 -0.01974894
10.36 0.01905043
10.37 0.04887416
10.38 0.0394388
10.39 -0.0008378188
10.4 -0.02581374
10.41 -0.00586523
10.42 0.0397003
10.43 0.07620767
10.44 0.08385256
10.45 0.06508128
10.46 0.0240196
10.47 -0.02235125
10.48 -0.05915654
10.49 -0.07598458
10.5 -0.08459317
10.51 -0.09284936
10.52 -0.09855742
10.53 -0.1007677
10.54 -0.09382463
10.55 -0.06969987
10.56 -0.038555
10.57 -0.02287892
10.58 -0.01832673
10.59 0.008533401
10.6 0.06159678
10.61 0.116032
10.62 0.1630785
10.63 0.1910705
10.64 0.2073656
10.65 0.2288039
10.66 0.2419308
10.67 0.2279273
10.68 0.178773
10.69 0.1097809
10.7 0.001337043
10.71 -0.1187701
10.72 -0.1672103
10.73 -0.1752801
10.74 -0.1861726
10.75 -0.1805697
10.76 -0.1404076
10.77 -0.08919186
10.78 -0.05095072
10.79 -0.03336318
10.8 -0.03053192
10.81 -0.03328073
10.82 -0.0158186
10.83 0.02327275
10.84 0.05985718
10.85 0.08838797
10.86 0.11318
10.87 0.1303007
10.88 0.1269441
10.89 0.07433557
10.9 -0.01521733
10.91 -0.08793822
10.92 -0.1012948
10.93 -0.07974976
10.94 -0.06840477
10.95 -0.0879396
10.96 -0.1154322
10.97 -0.1254775
10.98 -0.1257363
10.99 -0.1186022
11 -0.09567123
11.01 -0.0717464
11.02 -0.06051781
11.03 -0.04667083
11.04 -0.01341451
11.05 0.03488046
11.06 0.07872725
11.07 0.1091736
11.08 0.1306816
11.09 0.1466376
11.1 0.1602955
11.11 0.1616527
11.12 0.1455919
11.13 0.1252058
11.14 0.116661
11.15 0.1188717
11.16 0.1128031
11.17 0.09534151
11.18 0.07643872
11.19 0.05240828
11.2 -0.00474778
11.21 -0.08108155
11.22 -0.1488928
11.23 -0.1894404
11.24 -0.196871
11.25 -0.1822864
11.26 -0.1556538
11.27 -0.1200914
11.28 -0.06636843
11.29 -0.005678892
11.3 0.04079791
11.31 0.05839661
11.32 0.06877819
11.33 0.09057118
11.34 0.1126458
11.35 0.1191084
11.36 0.1108334
11.37 0.08146835
11.38 0.02827027
11.39 -0.02391202
11.4 -0.04896466
11.41 -0.0488793
11.42 -0.04398964
11.43 -0.04634962
11.44 -0.05733583
11.45 -0.0686035
11.46 -0.07113085
11.47 -0.06050867
11.48 -0.03154407
11.49 0.01035303
11.5 0.04882247
11.51 0.07261672
11.52 0.08262702
11.53 0.08514867
11.54 0.07473139
11.55 0.04200988
11.56 0.01410963
11.57 0.01016563
11.58 0.01222217
11.59 0.007415731
11.6 0.002899442
11.61 0.003773362
11.62 0.006777851
11.63 0.009424172
11.64 0.007531866
11.65 -0.005316839
11.66 -0.02543153
11.67 -0.03404466
11.68 -0.01937677
11.69 0.009562978
11.7 0.02757047
11.71 0.02411623
11.72 0.01026415
11.73 -0.0006476844
11.74 -0.006052101
11.75 -0.007571389
11.76 -0.000625104
11.77 0.01248505
11.78 0.02157311
11.79 0.01322551
11.8 -0.007625121
11.81 -0.02783861
11.82 -0.0416959
11.83 -0.04904627
11.84 -0.05451543
11.85 -0.05603563
11.86 -0.04717141
11.87 -0.02658084
11.88 -0.003469148
11.89 0.01604519
11.9 0.02369893
11.91 0.01669511
11.92 0.007121863
11.93 0.001441148
11.94 -0.002497259
11.95 -0.006553784
11.96 -0.009588479
11.97 -0.009882528
11.98 -0.01019802
11.99 -0.01633853
12 -0.03066598
12.01 -0.04731922
12.02 -0.06175441
12.03 -0.07539446
12.04 -0.07857939
12.05 -0.05926093
12.06 -0.02569906
12.07 -0.003683102
12.08 -0.005003285
12.09 -0.01660706
12.1 -0.02484089
12.11 -0.02471377
12.12 -0.01254432
12.13 0.008978188
12.14 0.02999386
12.15 0.043551
12.16 0.05384738
12.17 0.06726705
12.18 0.08057322
12.19 0.08217408
12.2 0.07183599
12.21 0.05877118
12.22 0.05220814
12.23 0.05200832
12.24 0.05489559
12.25 0.05922137
12.26 0.05540722
12.27 0.03243741
12.28 0.001024418
12.29 -0.01769643
12.3 -0.01758158
12.31 -0.002768169
12.32 0.02148612
12.33 0.03985527
12.34 0.04321488
12.35 0.02848144
12.36 -0.008429238
12.37 -0.05104482
12.38 -0.0676107
12.39 -0.05042171
12.4 -0.02003402
12.41 0.002483713
12.42 0.01103305
12.43 0.01030902
12.44 0.00677651
12.45 0.007586978
12.46 0.01659801
12.47 0.03057265
12.48 0.04286337
12.49 0.04724971
12.5 0.03531102
12.51 0.006018293
12.52 -0.02237276
12.53 -0.04124035
12.54 -0.05262776
12.55 -0.05585216
12.56 -0.05289873
12.57 -0.05148842
12.58 -0.0580179
12.59 -0.07123709
12.6 -0.08701643
12.61 -0.1025447
12.62 -0.1185478
12.63 -0.1322281
12.64 -0.1344272
12.65 -0.1204337
12.66 -0.09132123
12.67 -0.05848324
12.68 -0.02772008
12.69 0.003535196
12.7 0.0349748
12.71 0.06338078
12.72 0.08077139
12.73 0.08960229
12.74 0.09758027
12.75 0.1054277
12.76 0.1084898
12.77 0.1003128
12.78 0.07719093
12.79 0.05033265
12.8 0.03300872
12.81 0.02196229
12.82 0.006461089
12.83 -0.01293024
12.84 -0.02180898
12.85 -0.01465002
12.86 -0.002392408
12.87 0.005695404
12.88 0.01110655
12.89 0.0216189
12.9 0.03600515
12.91 0.04655158
12.92 0.04663387
12.93 0.03801093
12.94 0.02903278
12.95 0.02604778
12.96 0.02354586
12.97 0.01682777
12.98 0.01255985
12.99 0.01319793
13 0.01099413
13.01 0.001503443
13.02 -0.01363232
13.03 -0.03352482
13.04 -0.05533478
13.05 -0.07631156
13.06 -0.09240226
13.07 -0.1005579
13.08 -0.09944361
13.09 -0.08467218
13.1 -0.05950645
13.11 -0.04230755
13.12 -0.04171656
13.13 -0.04732326
13.14 -0.04971377
13.15 -0.04843699
13.16 -0.04657375
13.17 -0.04027092
13.18 -0.02292775
13.19 0.002107272
13.2 0.023039
13.21 0.0348083
13.22 0.03908235
13.23 0.03904352
13.24 0.03512208
13.25 0.0284998
13.26 0.02436635
13.27 0.02827805
13.28 0.04116548
13.29 0.05664904
13.3 0.06574704
13.31 0.06844473
13.32 0.06815471
13.33 0.06452911
13.34 0.05284883
13.35 0.0350913
13.36 0.01956508
13.37 0.008594744
13.38 -0.002272272
13.39 -0.0165123
13.4 -0.03366481
13.41 -0.05491446
13.42 -0.07672792
13.43 -0.09386378
13.44 -0.1015449
13.45 -0.1016928
13.46 -0.09747169
13.47 -0.08504292
13.48 -0.05893432
13.49 -0.02787641
13.5 -0.005342665
13.51 0.0007600416
13.52 -0.0005216167
13.53 0.003517086
13.54 0.0130871
13.55 0.02245324
13.56 0.03091039
13.57 0.04203787
13.58 0.05094605
13.59 0.05049973
13.6 0.04440436
13.61 0.04135287
13.62 0.03687449
13.63 0.02249265
13.64 0.007737898
13.65 0.005791394
13.66 0.01390792
13.67 0.0234423
13.68 0.03019307
13.69 0.03509362
13.7 0.0371341
13.71 0.03477466
13.72 0.0330534
13.73 0.04179267
13.74 0.06228166
13.75 0.08118014
13.76 0.09041389
13.77 0.09408067
13.78 0.09611603
13.79 0.09132042
13.8 0.06914813
13.81 0.03412603
13.82 0.005835803
13.83 -0.001965043
13.84 -0.004242203
13.85 -0.01779626
13.86 -0.04067823
13.87 -0.0615384
13.88 -0.07703134
13.89 -0.08955912
13.9 -0.0963068
13.91 -0.09328671
13.92 -0.08189493
13.93 -0.0687002
13.94 -0.05935768
13.95 -0.05426235
13.96 -0.05094121
13.97 -0.04684807
13.98 -0.04242284
13.99 -0.04050209
14 -0.03961445
14.01 -0.03738606
14.02 -0.03385261
14.03 -0.03193645
14.04 -0.03361906
14.05 -0.03294052
14.06 -0.02573471
14.07 -0.01333128
14.08 0.0001281804
14.09 0.01418718
14.1 0.02853683
14.11 0.04283848
14.12 0.05604141
14.13 0.06441145
14.14 0.06417533
14.15 0.0596969
14.16 0.05419022
14.17 0.05258416
14.18 0.05581905
14.19 0.0611231
14.2 0.06360159
14.21 0.06124241
14.22 0.05742543
14.23 0.05435929
14.24 0.05377446
14.25 0.05509734
14.26 0.05306408
14.27 0.04555486
14.28 0.03205005
14.29 0.01541106
14.3 -0.000507242
14.31 -0.01430129
14.32 -0.02441178
14.33 -0.03083019
14.34 -0.03438649
14.35 -0.03507379
14.36 -0.03260806
14.37 -0.02659887
14.38 -0.01905106
14.39 -0.01545261
14.4 -0.0169135
14.41 -0.01897945
14.42 -0.01947018
14.43 -0.01910823
14.44 -0.01777887
14.45 -0.01523874
14.46 -0.01451931
14.47 -0.01624075
14.48 -0.02063005
14.49 -0.02555827
14.5 -0.02977868
14.51 -0.0321353
14.52 -0.03035283
14.53 -0.02548594
14.54 -0.0206142
14.55 -0.01864953
14.56 -0.01673029
14.57 -0.01207869
14.58 -0.007325698
14.59 -0.004979449
14.6 -0.002347778
14.61 0.003442955
14.62 0.01239378
14.63 0.0209569
14.64 0.03029427
14.65 0.03945667
14.66 0.0451777
14.67 0.04640345
14.68 0.04131822
14.69 0.03036448
14.7 0.01937876
14.71 0.007734475
14.72 -0.009472064
14.73 -0.02805911
14.74 -0.03958129
14.75 -0.04025544
14.76 -0.03412441
14.77 -0.02556682
14.78 -0.01181316
14.79 0.008743145
14.8 0.02722811
14.81 0.0374762
14.82 0.04124937
14.83 0.04079323
14.84 0.03826406
14.85 0.03561658
14.86 0.02920372
14.87 0.01533794
14.88 -0.001429972
14.89 -0.01716265
14.9 -0.02883832
14.91 -0.03160126
14.92 -0.02768484
14.93 -0.02371844
14.94 -0.02276191
14.95 -0.02366984
14.96 -0.02638167
14.97 -0.0299183
14.98 -0.03079053
14.99 -0.02559657
15 -0.01700151
15.01 -0.01312866
15.02 -0.01605164
15.03 -0.02298838
15.04 -0.03005861
15.05 -0.03451479
15.06 -0.03643985
15.07 -0.03654314
15.08 -0.03441684
15.09 -0.03142349
15.1 -0.02452709
15.11 -0.01324271
15.12 -0.002224594
15.13 0.007870494
15.14 0.01349176
15.15 0.01388195
15.16 0.01449645
15.17 0.01760856
15.18 0.02044538
15.19 0.01887398
15.2 0.01347839
15.21 0.009578793
15.22 0.009853709
15.23 0.01202928
15.24 0.01445121
15.25 0.01529978
15.26 0.01497287
15.27 0.01466732
15.28 0.01609698
15.29 0.01962044
15.3 0.02501151
15.31 0.03261308
15.32 0.03706823
15.33 0.03504557
15.34 0.0285576
15.35 0.02206085
15.36 0.01798889
15.37 0.01330874
15.38 0.007087238
15.39 0.002934806
15.4 0.003599276
15.41 0.002239154
15.42 -0.005912592
15.43 -0.01750221
15.44 -0.02621699
15.45 -0.02645233
15.46 -0.02018914
15.47 -0.01329763
15.48 -0.01136781
15.49 -0.01319421
15.5 -0.01680591
15.51 -0.0198794
15.52 -0.01904148
15.53 -0.01555013
15.54 -0.01232663
15.55 -0.00880195
15.56 -0.004138071
15.57 0.003960627
15.58 0.01317559
15.59 0.02010007
15.6 0.02409295
15.61 0.02647122
15.62 0.03086607
15.63 0.03629201
15.64 0.03503602
15.65 0.02266206
15.66 0.007029022
15.67 -0.0001752627
15.68 -0.001420042
15.69 -0.00339853
15.7 -0.00394526
15.71 -0.001127645
15.72 0.00400898
15.73 0.007811765
15.74 0.01236717
15.75 0.01859748
15.76 0.0255683
15.77 0.03037299
15.78 0.03024787
15.79 0.02098043
15.8 0.004399766
15.81 -0.009029296
15.82 -0.01496017
15.83 -0.01502883
15.84 -0.01406682
15.85 -0.01432175
15.86 -0.01587774
15.87 -0.02128692
15.88 -0.0278623
15.89 -0.03602045
15.9 -0.04285878
15.91 -0.04923285
15.92 -0.05331959
15.93 -0.05262687
15.94 -0.04717591
15.95 -0.03187384
15.96 -0.01123073
15.97 0.00762436
15.98 0.01983786
15.99 0.0260451
16 0.02796237
16.01 0.02714916
16.02 0.02226814
16.03 0.01453342
16.04 0.007184752
16.05 0.001063475
16.06 -0.003292514
16.07 -0.005668769
16.08 -0.005174268
16.09 -0.002959193
16.1 0.0002699349
16.11 0.003343904
16.12 0.005572815
16.13 0.004779477
16.14 0.002277263
16.15 0.003012818
16.16 0.008161494
16.17 0.01175271
16.18 0.008316358
16.19 -0.002969245
16.2 -0.01841737
16.21 -0.02914982
16.22 -0.02904164
16.23 -0.02341889
16.24 -0.01494549
16.25 -0.006685254
16.26 0.0007064134
16.27 0.006516853
16.28 0.009164903
16.29 0.009012507
16.3 0.005829841
16.31 0.001504223
16.32 0.0004407214
16.33 0.004853983
16.34 0.0117624
16.35 0.01854172
16.36 0.02146734
16.37 0.01489864
16.38 -0.001062829
16.39 -0.01676591
16.4 -0.02202154
16.41 -0.01721596
16.42 -0.008944929
16.43 -0.003105283
16.44 -0.001612252
16.45 -8.323652e-05
16.46 0.00111711
16.47 0.002720083
16.48 0.00775078
16.49 0.01843243
16.5 0.02905601
16.51 0.03098424
16.52 0.02401825
16.53 0.009201238
16.54 -0.006558296
16.55 -0.01813593
16.56 -0.02463394
16.57 -0.02831948
16.58 -0.02884941
16.59 -0.02731788
16.6 -0.02435505
16.61 -0.02214492
16.62 -0.02199716
16.63 -0.02097354
16.64 -0.01558676
16.65 -0.006943373
16.66 0.0007758402
16.67 0.007399871
16.68 0.01254932
16.69 0.01472708
16.7 0.01038672
16.71 0.001630465
16.72 -0.007890127
16.73 -0.0150386
16.74 -0.0159872
16.75 -0.01114852
16.76 -0.004249855
16.77 0.003081811
16.78 0.008391847
16.79 0.01086014
16.8 0.01247378
16.81 0.01427246
16.82 0.01369944
16.83 0.01132491
16.84 0.01004583
16.85 0.00811856
16.86 0.003994319
16.87 0.0007041594
16.88 0.0004907863
16.89 0.003204217
16.9 0.005726098
16.91 0.005180037
16.92 0.0019999
16.93 -0.002208053
16.94 -0.003356699
16.95 0.0004097582
16.96 0.007609317
16.97 0.01673925
16.98 0.02690682
16.99 0.03771666
17 0.04522838
17.01 0.04993436
17.02 0.05187055
17.03 0.04788121
17.04 0.03199551
17.05 0.01166961
17.06 -0.007020843
17.07 -0.02135522
17.08 -0.02816172
17.09 -0.03027397
17.1 -0.0322853
17.11 -0.03301176
17.12 -0.03355254
17.13 -0.03366496
17.14 -0.03084861
17.15 -0.02573211
17.16 -0.02038449
17.17 -0.01462347
17.18 -0.01052694
17.19 -0.008051985
17.2 -0.006109556
17.21 -0.004581847
17.22 -0.0007600695
17.23 0.00725893
17.24 0.01532544
17.25 0.0201019
17.26 0.02014682
17.27 0.01675118
17.28 0.014617
17.29 0.01457741
17.3 0.01617144
17.31 0.01658188
17.32 0.01309319
17.33 0.00386061
17.34 -0.007700534
17.35 -0.01271613
17.36 -0.008396476
17.37 0.00281417
17.38 0.01662791
17.39 0.02595852
17.4 0.02651086
17.41 0.02019537
17.42 0.009544715
17.43 6.14171e-05
17.44 -0.002928681
17.45 0.001856604
17.46 0.009611755
17.47 0.01652779
17.48 0.02129284
17.49 0.02206001
17.5 0.01994308
17.51 0.01714697
17.52 0.01589244
17.53 0.01640294
17.54 0.01386791
17.55 0.005714096
17.56 -0.005215432
17.57 -0.01201727
17.58 -0.01778861
17.59 -0.02300171
17.6 -0.02910692
17.61 -0.03637305
17.62 -0.04250059
17.63 -0.04416979
17.64 -0.04065501
17.65 -0.03566732
17.66 -0.03240518
17.67 -0.03045893
17.68 -0.02800689
17.69 -0.02497134
17.7 -0.02096915
17.71 -0.01596982
17.72 -0.01098974
17.73 -0.00433266
17.74 0.001885281
17.75 0.004209592
17.76 0.002056124
17.77 -0.001120478
17.78 -0.0002810289
17.79 0.006187144
17.8 0.01606061
17.81 0.02584137
17.82 0.03368831
17.83 0.03833843
17.84 0.03833275
17.85 0.03416172
17.86 0.02885238
17.87 0.02402511
17.88 0.02047978
17.89 0.01701083
17.9 0.01190174
17.91 0.006421336
17.92 0.00204322
17.93 -0.0008214123
17.94 -0.003580898
17.95 -0.00743976
17.96 -0.01120089
17.97 -0.01419189
17.98 -0.01704236
17.99 -0.01916789
18 -0.01910472
18.01 -0.0170326
18.02 -0.01392849
18.03 -0.01237192
18.04 -0.01446398
18.05 -0.01994666
18.06 -0.02380068
18.07 -0.02501092
18.08 -0.02262865
18.09 -0.0157996
18.1 -0.00535794
18.11 0.00386897
18.12 0.008183639
18.13 0.008334477
18.14 0.007679275
18.15 0.007278847
18.16 0.007121383
18.17 0.01047634
18.18 0.01781006
18.19 0.0262207
18.2 0.03027232
18.21 0.02707374
18.22 0.01637045
18.23 0.004643527
18.24 -0.001434231
18.25 -0.003408667
18.26 -0.0024497
18.27 0.0002197717
18.28 0.0006302968
18.29 -0.002109316
18.3 -0.006300762
18.31 -0.00756319
18.32 -0.002426756
18.33 0.004828282
18.34 0.007518333
18.35 0.005343914
18.36 0.001262839
18.37 -0.002235943
18.38 -0.004588567
18.39 -0.006650319
18.4 -0.00703835
18.41 -0.004337106
18.42 8.813617e-05
18.43 0.002256382
18.44 0.001512951
18.45 -0.001684399
18.46 -0.005134046
18.47 -0.005816803
18.48 -0.003891
18.49 -0.002909788
18.5 -0.002056957
18.51 -0.001675427
18.52 -0.0008329567
18.53 0.001964039
18.54 0.005567915
18.55 0.008024175
18.56 0.007867378
18.57 0.00666646
18.58 0.004887583
18.59 0.005433609
18.6 0.00706176
18.61 0.006875055
18.62 0.007229942
18.63 0.01098481
18.64 0.01606754
18.65 0.01858375
18.66 0.01782662
18.67 0.01577367
18.68 0.01368832
18.69 0.01053592
18.7 0.006885454
18.71 0.002780056
18.72 -0.003364469
18.73 -0.00969413
18.74 -0.01320514
18.75 -0.01342436
18.76 -0.01091465
18.77 -0.006180018
18.78 -0.002680405
18.79 -0.002196757
18.8 -0.00231031
18.81 -0.0001504702
18.82 0.002559283
18.83 0.003345216
18.84 0.003088797
18.85 0.004081255
18.86 0.00540188
18.87 0.005246073
18.88 0.001893145
18.89 -0.002023246
18.9 -0.003276464
18.91 -0.002283745
18.92 8.759909e-05
18.93 0.0003438807
18.94 -0.004045055
18.95 -0.01241879
18.96 -0.02129763
18.97 -0.02885984
18.98 -0.0338954
18.99 -0.03528722
19 -0.03089713
19.01 -0.02213526
19.02 -0.01167295
19.03 -0.004159866
19.04 -6.586527e-05
19.05 -0.0002225426
19.06 -0.001233486
19.07 -0.002513125
19.08 -0.004460823
19.09 -0.004729772
19.1 -0.003344928
19.11 -0.004268354
19.12 -0.006949424
19.13 -0.01120825
19.14 -0.0165781
19.15 -0.02026077
19.16 -0.02085196
19.17 -0.01695907
19.18 -0.007884812
19.19 0.002994182
19.2 0.01022112
19.21 0.01457256
19.22 0.01680235
19.23 0.01799182
19.24 0.01768198
19.25 0.0155575
19.26 0.01175234
19.27 0.008376483
19.28 0.007810117
19.29 0.00917668
19.3 0.01122346
19.31 0.01035475
19.32 0.006220669
19.33 0.001168662
19.34 -0.003842032
19.35 -0.007167382
19.36 -0.009143035
19.37 -0.01268212
19.38 -0.01526223
19.39 -0.0144477
19.4 -0.01123748
19.41 -0.007015986
19.42 -0.003768522
19.43 -0.002802391
19.44 -0.001756036
19.45 0.001909399
19.46 0.006686983
19.47 0.008305515
19.48 0.008234161
19.49 0.008635243
19.5 0.01089525
19.51 0.01453939
19.52 0.01736695
19.53 0.01623122
19.54 0.01158373
19.55 0.005421785
19.56 0.001337053
19.57 -0.000248667
19.58 0.0008760574
19.59 0.003475525
19.6 0.004700166
19.61 0.003890408
19.62 0.001920944
19.63 -0.001739702
19.64 -0.003977896
19.65 0.0002552589
19.66 0.009810531
19.67 0.01618229
19.68 0.01203291
19.69 0.0001793547
19.7 -0.01505787
19.71 -0.0249467
19.72 -0.02729249
19.73 -0.02689987
19.74 -0.02732414
19.75 -0.02657261
19.76 -0.02473483
19.77 -0.02234187
19.78 -0.02064064
19.79 -0.01682073
19.8 -0.01001581
19.81 -0.0009711875
19.82 0.007374984
19.83 0.01208502
19.84 0.01413551
19.85 0.01563622
19.86 0.01691514
19.87 0.01793183
19.88 0.01962829
19.89 0.02230878
19.9 0.02483036
19.91 0.02806412
19.92 0.03118241
19.93 0.0320037
19.94 0.03052926
19.95 0.02899709
19.96 0.02805319
19.97 0.02769848
19.98 0.02551889
19.99 0.02108736
20 0.01654628
20.01 0.01149277
20.02 0.005841264
20.03 0.0008751681
20.04 -0.002054008
20.05 -0.002151917
20.06 -0.001432104
20.07 -0.002015457
20.08 -0.005453392
20.09 -0.01150699
20.1 -0.01848814
20.11 -0.02503088
20.12 -0.02969724
20.13 -0.03186757
20.14 -0.03068357
20.15 -0.02731343
20.16 -0.02458779
20.17 -0.02229041
20.18 -0.02185477
20.19 -0.02047798
20.2 -0.01655457
20.21 -0.01152248
20.22 -0.004690263
20.23 0.003015183
20.24 0.01009925
20.25 0.01523433
20.26 0.01866825
20.27 0.01942888
20.28 0.01589485
20.29 0.007099661
20.3 -0.004811913
20.31 -0.01340368
20.32 -0.01795431
20.33 -0.02013424
20.34 -0.02112436
20.35 -0.02021964
20.36 -0.01495903
20.37 -0.006986354
20.38 0.0003590416
20.39 0.005044595
20.4 0.006697582
20.41 0.00698063
20.42 0.008318809
20.43 0.01193427
20.44 0.01559391
20.45 0.01720749
20.46 0.01710095
20.47 0.01618245
20.48 0.01342239
20.49 0.01114651
20.5 0.0101519
20.51 0.0101914
20.52 0.009907269
20.53 0.006456551
20.54 0.001652268
20.55 -0.002774949
20.56 -0.004405394
20.57 -0.003952496
20.58 -0.003280383
20.59 -0.002403675
20.6 -3.746052e-05
20.61 0.002355713
20.62 0.003639079
20.63 0.003473489
20.64 0.0006981566
20.65 -0.00275951
20.66 -0.002968666
20.67 0.0008109231
20.68 0.006324728
20.69 0.009389794
20.7 0.007876645
20.71 0.005191508
20.72 0.002414725
20.73 -0.0004153338
20.74 -0.00278552
20.75 -0.004030679
20.76 -0.005750398
20.77 -0.008019138
20.78 -0.01034255
20.79 -0.01426679
20.8 -0.0181249
20.81 -0.02043109
20.82 -0.02069762
20.83 -0.01894185
20.84 -0.01590174
20.85 -0.01045124
20.86 -0.001599738
20.87 0.006647168
20.88 0.01316055
20.89 0.01853184
20.9 0.0208502
20.91 0.02107574
20.92 0.02108022
20.93 0.02086931
20.94 0.018624
20.95 0.01483563
20.96 0.009283785
20.97 0.003991102
20.98 0.002208239
20.99 0.003621004
21 0.006138189
21.01 0.006492701
21.02 0.003352027
21.03 -0.00058986
21.04 -0.005199351
21.05 -0.01022176
21.06 -0.01450906
21.07 -0.01677604
21.08 -0.01633124
21.09 -0.01548048
21.1 -0.01701111
21.11 -0.01779175
21.12 -0.01437284
21.13 -0.009249455
21.14 -0.005656174
21.15 -0.004944691
21.16 -0.006272068
21.17 -0.008227792
21.18 -0.008223034
21.19 -0.00613101
21.2 -0.002120183
21.21 0.001750184
21.22 0.004685844
21.23 0.005875127
21.24 0.003498073
21.25 0.00101035
21.26 0.0009859436
21.27 0.00366797
21.28 0.007420864
21.29 0.01068204
21.3 0.01139846
21.31 0.009010772
21.32 0.006748734
21.33 0.008825695
21.34 0.01340337
21.35 0.01567734
21.36 0.01418059
21.37 0.01214666
21.38 0.01184449
21.39 0.01186938
21.4 0.01152934
21.41 0.01048557
21.42 0.007239719
21.43 0.002968131
21.44 -0.002538354
21.45 -0.009333342
21.46 -0.01378918
21.47 -0.01416361
21.48 -0.01349695
21.49 -0.01111332
21.5 -0.007702774
21.51 -0.004546165
21.52 -0.002377097
21.53 -0.001134128
21.54 -0.001194645
21.55 -0.002264693
21.56 -0.003197634
21.57 -0.005023409
21.58 -0.008783146
21.59 -0.01228967
21.6 -0.0139617
21.61 -0.01397022
21.62 -0.01310676
21.63 -0.01346385
21.64 -0.01471237
21.65 -0.01543298
21.66 -0.01518319
21.67 -0.0135837
21.68 -0.01247082
21.69 -0.01051546
21.7 -0.005418008
21.71 0.003047153
21.72 0.01113644
21.73 0.01615173
21.74 0.01864974
21.75 0.02023418
21.76 0.0230693
21.77 0.02654677
21.78 0.02942103
21.79 0.02750588
21.8 0.01976549
21.81 0.01151546
21.82 0.003270995
21.83 -0.003804485
21.84 -0.007112074
21.85 -0.008216996
21.86 -0.01116962
21.87 -0.01370072
21.88 -0.01383668
21.89 -0.01324029
21.9 -0.01080972
21.91 -0.00655951
21.92 -0.002316251
21.93 -0.0005357718
21.94 -0.002541042
21.95 -0.005761327
21.96 -0.008208637
21.97 -0.01186509
21.98 -0.01669656
21.99 -0.01897484
22 -0.02007342
22.01 -0.01867447
22.02 -0.01502687
22.03 -0.008424138
22.04 -0.0005371192
22.05 0.005883208
22.06 0.01019931
22.07 0.0112664
22.08 0.0110991
22.09 0.01112563
22.1 0.01061519
22.11 0.009779676
22.12 0.009290097
22.13 0.007693393
22.14 0.005467108
22.15 0.003187378
22.16 -0.0001488251
22.17 -0.004199292
22.18 -0.00662683
22.19 -0.004434333
22.2 0.0005627752
22.21 0.006780063
22.22 0.01219412
22.23 0.01466954
22.24 0.01418382
22.25 0.009107855
22.26 0.002404656
22.27 -0.003222549
22.28 -0.007920614
22.29 -0.01137617
22.3 -0.01075156
22.31 -0.00771024
22.32 -0.004687032
22.33 -0.0001941592
22.34 0.005413293
22.35 0.009560164
22.36 0.01039693
22.37 0.006963429
22.38 0.002385265
22.39 -0.001303395
22.4 -0.003420091
22.41 -0.003165397
22.42 -0.0003143302
22.43 0.003511231
22.44 0.00576178
22.45 0.004629174
22.46 0.001850911
22.47 -0.0004618525
22.48 -0.0002269502
22.49 0.001432754
22.5 0.004150594
22.51 0.008829803
22.52 0.01245181
22.53 0.01504165
22.54 0.01610082
22.55 0.01597315
22.56 0.01581078
22.57 0.01399833
22.58 0.01289374
22.59 0.01323538
22.6 0.01263858
22.61 0.01058372
22.62 0.005194494
22.63 -0.002862786
22.64 -0.01290383
22.65 -0.02049751
22.66 -0.02379398
22.67 -0.02362658
22.68 -0.0210567
22.69 -0.01788834
22.7 -0.01684742
22.71 -0.01655269
22.72 -0.01226422
22.73 -0.006593061
22.74 -0.003327281
22.75 -0.001432232
22.76 0.001276485
22.77 0.002918146
22.78 0.005122713
22.79 0.009105866
22.8 0.0118794
22.81 0.01302658
22.82 0.01452197
22.83 0.01591634
22.84 0.01650213
22.85 0.0158478
22.86 0.01414952
22.87 0.01232914
22.88 0.01104447
22.89 0.0102756
22.9 0.008501878
22.91 0.004213802
22.92 -0.001920472
22.93 -0.008771085
22.94 -0.01562577
22.95 -0.01778415
22.96 -0.01409688
22.97 -0.008027275
22.98 -0.002733364
22.99 0.004200684
23 0.01134818
23.01 0.01642274
23.02 0.01926709
23.03 0.02157726
23.04 0.02411577
23.05 0.02538499
23.06 0.02270289
23.07 0.01257181
23.08 0.001694102
23.09 -0.006135987
23.1 -0.009209612
23.11 -0.01154025
23.12 -0.01676278
23.13 -0.02203702
23.14 -0.02555247
23.15 -0.02702393
23.16 -0.02672443
23.17 -0.02305394
23.18 -0.01755501
23.19 -0.01334494
23.2 -0.01041384
23.21 -0.007737311
23.22 -0.006405022
23.23 -0.006440007
23.24 -0.005536547
23.25 -0.002955181
23.26 0.0006140271
23.27 0.004002223
23.28 0.004614902
23.29 0.00323447
23.3 0.0004507926
23.31 -0.002878215
23.32 -0.006196341
23.33 -0.008893164
23.34 -0.01116216
23.35 -0.01097459
23.36 -0.007823015
23.37 -0.005523806
23.38 -0.003474021
23.39 -0.001983636
23.4 -0.0005271005
23.41 0.0006471538
23.42 0.001379985
23.43 0.002419098
23.44 0.004363333
23.45 0.005831849
23.46 0.005045806
23.47 0.002785743
23.48 0.002363947
23.49 0.002441166
23.5 -0.0003220024
23.51 -0.002546264
23.52 -0.002314053
23.53 -0.001682697
23.54 -0.001270588
23.55 -0.0009210688
23.56 -0.001541755
23.57 -0.002693257
23.58 -0.003126294
23.59 -0.002277608
23.6 -0.001862186
23.61 -0.002149177
23.62 -0.00227608
23.63 -0.00145042
23.64 0.00138863
23.65 0.00350608
23.66 0.002431398
23.67 -0.001993545
23.68 -0.007050464
23.69 -0.01079932
23.7 -0.01291916
23.71 -0.01404889
23.72 -0.01383807
23.73 -0.01207706
23.74 -0.009974053
23.75 -0.007060346
23.76 -0.004112549
23.77 -0.001417905
23.78 0.0004079309
23.79 0.002346111
23.8 0.002855394
23.81 0.001285809
23.82 -0.003046727
23.83 -0.007937221
23.84 -0.01014418
23.85 -0.009798995
23.86 -0.007515963
23.87 -0.003836422
23.88 0.001343083
23.89 0.006585862
23.9 0.01013705
23.91 0.0131633
23.92 0.01517903
23.93 0.01709704
23.94 0.01787694
23.95 0.01601404
23.96 0.01279749
23.97 0.009347313
23.98 0.006688486
23.99 0.003942659
24 0.000365252
24.01 -0.003184677
24.02 -0.005397331
24.03 -0.006017594
24.04 -0.003629541
24.05 0.00158812
24.06 0.007348794
24.07 0.01128555
24.08 0.01126055
24.09 0.008747488
24.1 0.006294616
24.11 0.002943721
24.12 0.0007633154
24.13 0.001450557
24.14 0.003759041
24.15 0.006253983
24.16 0.008681044
24.17 0.009328577
24.18 0.007391428
24.19 0.004257277
24.2 0.00047034
24.21 -0.003279741
24.22 -0.005766566
24.23 -0.005259668
24.24 -0.002399235
24.25 0.0002060019
24.26 0.002920308
24.27 0.005093952
24.28 0.007648845
24.29 0.009412333
24.3 0.009724552
24.31 0.008937334
24.32 0.006059595
24.33 0.003011045
24.34 -0.001098827
24.35 -0.005213654
24.36 -0.007791119
24.37 -0.008622099
24.38 -0.007024247
24.39 -0.005603924
24.4 -0.005946077
24.41 -0.007416088
24.42 -0.009303478
24.43 -0.01119763
24.44 -0.01370061
24.45 -0.01481159
24.46 -0.01207049
24.47 -0.008819431
24.48 -0.006044555
24.49 -0.001745988
24.5 0.0001937763
24.51 -0.001833117
24.52 -0.004902807
24.53 -0.004955734
24.54 -0.002025804
24.55 0.002422328
24.56 0.004602986
24.57 0.002383922
24.58 -0.0006561333
24.59 -0.002728838
24.6 -0.004362987
24.61 -0.004611476
24.62 -0.002337694
24.63 0.0002453567
24.64 0.002307844
24.65 0.003385344
24.66 0.004513789
24.67 0.005301109
24.68 0.004801657
24.69 0.003110949
24.7 0.001422818
24.71 0.0002048737
24.72 -0.001558525
24.73 -0.003380187
24.74 -0.001767439
24.75 0.001763226
24.76 0.006464258
24.77 0.0129107
24.78 0.01788794
24.79 0.02035411
24.8 0.02092582
24.81 0.02108481
24.82 0.02002375
24.83 0.01790662
24.84 0.01620471
24.85 0.01439955
24.86 0.01053839
24.87 0.005108265
24.88 -0.003111862
24.89 -0.01175676
24.9 -0.01807927
24.91 -0.02190915
24.92 -0.02279399
24.93 -0.01893041
24.94 -0.01317521
24.95 -0.008489729
24.96 -0.005113425
24.97 -0.001551961
24.98 0.0009621829
24.99 0.0006711591
25 -0.001281575
25.01 -0.001768269
25.02 -0.001839114
25.03 -0.00304539
25.04 -0.004914252
25.05 -0.007341941
25.06 -0.008755001
25.07 -0.0109225
25.08 -0.01084061
25.09 -0.006384709
25.1 -0.001347865
25.11 0.002977031
25.12 0.00678439
25.13 0.009939337
25.14 0.01173528
25.15 0.0118183
25.16 0.01269994
25.17 0.01705837
25.18 0.02112481
25.19 0.02347394
25.2 0.02332586
25.21 0.02249495
25.22 0.02314474
25.23 0.0242461
25.24 0.02194674
25.25 0.01750997
25.26 0.01376529
25.27 0.009800249
25.28 0.001848262
25.29 -0.007545444
25.3 -0.01065454
25.31 -0.00770149
25.32 -0.005775564
25.33 -0.006727826
25.34 -0.008820452
25.35 -0.009865142
25.36 -0.009707818
25.37 -0.0114346
25.38 -0.01401781
25.39 -0.01561349
25.4 -0.01649516
25.41 -0.01749782
25.42 -0.01870329
25.43 -0.01777934
25.44 -0.01475699
25.45 -0.01129091
25.46 -0.008369444
25.47 -0.006495033
25.48 -0.006130297
25.49 -0.007845592
25.5 -0.0107609
25.51 -0.01067111
25.52 -0.006894081
25.53 -0.002324097
25.54 0.0005126022
25.55 0.0007660352
25.56 0.0003323271
25.57 0.002602119
25.58 0.006968353
25.59 0.01023332
25.6 0.01257582
25.61 0.01322194
25.62 0.01289382
25.63 0.01191982
25.64 0.01065443
25.65 0.00856217
25.66 0.005454196
25.67 0.003858646
25.68 0.00376137
25.69 0.00275154
25.7 -0.0005531101
25.71 -0.00406382
25.72 -0.00197998
25.73 0.004716328
25.74 0.01191616
25.75 0.01554625
25.76 0.01418648
25.77 0.01030635
25.78 0.006386396
25.79 0.003633941
25.8 0.000747836
25.81 -0.003356686
25.82 -0.00808799
25.83 -0.01308908
25.84 -0.01565158
25.85 -0.01696863
25.86 -0.01650772
25.87 -0.01427305
25.88 -0.0117135
25.89 -0.008861933
25.9 -0.005752996
25.91 -0.004127343
25.92 -0.005175176
25.93 -0.007202789
25.94 -0.008941129
25.95 -0.008606978
25.96 -0.006401265
25.97 -0.004261478
25.98 -0.001640982
25.99 0.001376843
26 0.004790168
26.01 0.007568827
26.02 0.008212097
26.03 0.007664426
26.04 0.005752438
26.05 0.004454888
26.06 0.003189901
26.07 0.003157623
26.08 0.004348371
26.09 0.005228547
26.1 0.005222404
26.11 0.00509789
26.12 0.005172075
26.13 0.004701657
26.14 0.002037812
26.15 -0.0009146175
26.16 -0.003880724
26.17 -0.004813463
26.18 -0.004625716
26.19 -0.004545313
26.2 -0.003955626
26.21 -0.003115648
26.22 -0.002762486
26.23 -0.001440413
26.24 -0.0004049856
26.25 -0.000293272
26.26 -0.001749041
26.27 -0.003985746
26.28 -0.004772383
26.29 -0.004238389
26.3 -0.003192336
26.31 -0.0002625488
26.32 0.00124891
26.33 0.0003275254
26.34 -0.0009738852
26.35 -0.00183809
26.36 -0.0001789434
26.37 0.001287023
26.38 0.002491544
26.39 0.004058978
26.4 0.00448235
26.41 0.002660665
26.42 0.0003575708
26.43 -0.000884521
26.44 -0.001695026
26.45 -0.002487234
26.46 -0.003885298
26.47 -0.006077995
26.48 -0.007008681
26.49 -0.005161777
26.5 -0.00321535
26.51 -0.001463436
26.52 0.001022538
26.53 0.003502278
26.54 0.005844397
26.55 0.006146514
26.56 0.005149431
26.57 0.004395972
26.58 0.003691864
26.59 0.002096125
26.6 -0.001988958
26.61 -0.006793415
26.62 -0.009436501
26.63 -0.009458577
26.64 -0.008182089
26.65 -0.006490938
26.66 -0.004055799
26.67 -0.002761475
26.68 -0.004155469
26.69 -0.007097024
26.7 -0.008353561
26.71 -0.007987435
26.72 -0.006764354
26.73 -0.004851636
26.74 -0.00308724
26.75 -0.002627869
26.76 -0.002853171
26.77 -0.003466639
26.78 -0.003401443
26.79 -0.002857215
26.8 -0.002656789
26.81 -0.002344469
26.82 -0.002069376
26.83 -0.001747285
26.84 -0.001829668
26.85 -0.0002082182
26.86 0.0004562165
26.87 0.0003668961
26.88 0.0008733407
26.89 0.00176158
26.9 0.004207175
26.91 0.006620974
26.92 0.007126233
26.93 0.007936136
26.94 0.008486638
26.95 0.007882079
26.96 0.006728082
26.97 0.005880542
26.98 0.004683223
26.99 0.003724185
27 0.002943426
27.01 0.000947613
27.02 -0.001356876
27.03 -0.003238691
27.04 -0.00326734
27.05 -0.002731581
27.06 -0.002074608
27.07 -0.0002426529
27.08 0.001632513
27.09 0.001849695
27.1 0.002228326
27.11 0.004597083
27.12 0.009026566
27.13 0.01196216
27.14 0.01100939
27.15 0.00792536
27.16 0.006218216
27.17 0.006328712
27.18 0.007333742
27.19 0.008616809
27.2 0.007369754
27.21 0.004344415
27.22 0.001392088
27.23 -0.001205434
27.24 -0.003940138
27.25 -0.006897483
27.26 -0.008590766
27.27 -0.008276499
27.28 -0.007227426
27.29 -0.007068649
27.3 -0.006615917
27.31 -0.004293093
27.32 -0.001048312
27.33 0.002088696
27.34 0.003727006
27.35 0.004352448
27.36 0.003372491
27.37 0.002809803
27.38 0.001911359
27.39 0.001233444
27.4 0.001599141
27.41 0.00261863
27.42 0.003825548
27.43 0.004456467
27.44 0.004191547
27.45 0.002812406
27.46 0.00129362
27.47 0.0001885461
27.48 0.0007020791
27.49 0.002685578
27.5 0.004286788
27.51 0.00638906
27.52 0.008209632
27.53 0.01015817
27.54 0.01161786
27.55 0.01167076
27.56 0.01078943
27.57 0.008545862
27.58 0.006490641
27.59 0.005801202
27.6 0.004744437
27.61 0.002490998
27.62 -0.0008467247
27.63 -0.004993031
27.64 -0.009727065
27.65 -0.01389275
27.66 -0.01515369
27.67 -0.01438528
27.68 -0.01221883
27.69 -0.01002619
27.7 -0.00918401
27.71 -0.007719254
27.72 -0.005424629
27.73 -0.002935269
27.74 -0.0008776225
27.75 0.0002477365
27.76 0.002273575
27.77 0.00286842
27.78 0.004676833
27.79 0.007191817
27.8 0.00732042
27.81 0.006721454
27.82 0.005917612
27.83 0.003432201
27.84 -0.0001429887
27.85 -0.003586192
27.86 -0.006192648
27.87 -0.008470036
27.88 -0.00939857
27.89 -0.009214324
27.9 -0.008772195
27.91 -0.00828011
27.92 -0.007638883
27.93 -0.007581046
27.94 -0.007809413
27.95 -0.007030959
27.96 -0.005153244
27.97 -0.00313897
27.98 -0.0008327773
27.99 0.001963605
28 0.004250783
28.01 0.00647874
28.02 0.008242613
28.03 0.009000268
28.04 0.009373329
28.05 0.009984592
28.06 0.009748259
28.07 0.007865221
28.08 0.004715776
28.09 0.00251769
28.1 0.001526249
28.11 -0.0001757063
28.12 -0.002545032
28.13 -0.004012729
28.14 -0.005500018
28.15 -0.006900755
28.16 -0.006850802
28.17 -0.006168549
28.18 -0.004445779
28.19 -0.002286848
28.2 -0.0001187042
28.21 0.00103632
28.22 0.001491209
28.23 0.001231707
28.24 0.0006940944
28.25 0.0003195845
28.26 0.00024675
28.27 0.0002829605
28.28 0.0002906747
28.29 7.789157e-05
28.3 -0.001478232
28.31 -0.002937539
28.32 -0.003232561
28.33 -0.002424389
28.34 -0.001779116
28.35 -0.0008795329
28.36 -0.0002410074
28.37 -0.0009134903
28.38 -0.002046541
28.39 -0.002426338
28.4 -0.002381428
28.41 -0.001380479
28.42 0.001029489
28.43 0.003356359
28.44 0.00453312
28.45 0.004978771
28.46 0.004995716
28.47 0.005142437
28.48 0.005519275
28.49 0.005632205
28.5 0.005507098
28.51 0.00493531
28.52 0.00401147
28.53 0.002574199
28.54 0.00100701
28.55 -0.0004819762
28.56 -0.001699832
28.57 -0.002245289
28.58 -0.002176851
28.59 -0.001998594
28.6 -0.001562761
28.61 -0.0005952955
28.62 -0.0004170639
28.63 -0.0009771872
28.64 -0.00168234
28.65 -0.001818981
28.66 -0.001611756
28.67 -0.001365842
28.68 -0.001165388
28.69 -0.001363306
28.7 -0.002432676
28.71 -0.003241957
28.72 -0.003392962
28.73 -0.002460278
28.74 -0.0004202106
28.75 0.001642639
28.76 0.003308777
28.77 0.00411218
28.78 0.004432879
28.79 0.004288146
28.8 0.003512035
28.81 0.002703118
28.82 0.00188519
28.83 0.001105803
28.84 0.0001122779
28.85 -0.0009171046
28.86 -0.00184052
28.87 -0.002449486
28.88 -0.002538558
28.89 -0.002587013
28.9 -0.002917752
28.91 -0.003115513
28.92 -0.002757179
28.93 -0.002046154
28.94 -0.001264189
28.95 -0.0005657565
28.96 -0.0003003396
28.97 -0.0003137633
28.98 -0.0002877711
28.99 -0.0002014788
29 -9.120355e-05
29.01 -0.0001120787
29.02 -0.0001161446
29.03 -9.735053e-05
29.04 -6.74759e-05
29.05 -4.197045e-05
29.06 -8.820041e-05
29.07 -0.0001707019
29.08 -0.0001796844
29.09 -0.0002162961
29.1 -0.0001718192
29.11 -5.890031e-05
29.12 -2.682921e-06
29.13 -7.51894e-06
29.14 -8.358332e-05
29.15 -0.0002373622
29.16 -0.0002994527
29.17 -0.0002558894
29.18 -8.661604e-05
29.19 0.0001104696
29.2 0.0001854053
29.21 0.0003224491
29.22 0.0003947248
29.23 0.0002106917
29.24 1.110292e-05
29.25 -2.697145e-05
29.26 6.097607e-06
29.27 -1.703392e-08
29.28 3.4793e-05
29.29 0.0001240418
29.3 0.0001712551
29.31 0.0001632336
29.32 0.0001548105
29.33 0.0001822126
29.34 0.0002165907
29.35 0.0002385362
29.36 0.0002849444
29.37 0.0003016272
29.38 0.0002747122
29.39 0.000255039
29.4 0.0002460157
29.41 0.0002441169
29.42 0.0002098222
29.43 0.0001737569
29.44 0.0001653779
29.45 0.0001490712
29.46 0.0001191329
29.47 6.824716e-05
29.48 -5.06864e-06
29.49 -4.962998e-05
29.5 -8.226076e-05
29.51 -0.0001200302
29.52 -0.0001275394
29.53 -0.0001012389
29.54 -4.581199e-05
29.55 9.857081e-06
29.56 4.699329e-05
29.57 6.994194e-05
29.58 8.061275e-05
29.59 9.018412e-05
29.6 9.419018e-05
29.61 9.873415e-05
29.62 9.708324e-05
29.63 8.802089e-05
29.64 7.093378e-05
29.65 4.665778e-05
29.66 2.444102e-05
29.67 1.535082e-05
29.68 1.363255e-05
29.69 1.246352e-05
29.7 1.538067e-05
29.71 1.899225e-05
29.72 1.92428e-05
29.73 1.745142e-05
29.74 1.602112e-05
29.75 1.496271e-05
29.76 1.387869e-05
29.77 1.288921e-05
29.78 1.199227e-05
29.79 1.112859e-05
29.8 1.034293e-05
29.81 9.674725e-06
29.82 9.234425e-06
29.83 8.800607e-06
29.84 8.221506e-06
29.85 7.497466e-06
29.86 6.88584e-06
29.87 6.47238e-06
29.88 6.222803e-06
29.89 6.112798e-06
29.9 6.075777e-06
29.91 6.040676e-06
29.92 5.974839e-06
29.93 5.889697e-06
29.94 5.796714e-06
29.95 5.708495e-06
29.96 5.63493e-06
29.97 5.5803e-06
29.98 5.546363e-06
