0 0.0006656647
0.02 -0.0003771038
0.04 4.279521e-05
0.06 0.000499402
0.08 0.0005122965
0.1 0.001701239
0.12 0.001809989
0.14 0.001278167
0.16 0.001606194
0.18 0.001718988
0.2 0.0002905508
0.22 -0.0002555985
0.24 -0.0002580996
0.26 -0.0003146723
0.28 0.0008568233
0.3 0.001520347
0.32 0.00176974
0.34 0.0002208611
0.36 -0.002881489
0.38 -0.001625391
0.4 0.0002018962
0.42 0.001287632
0.44 3.896658e-06
0.46 -0.00200609
0.48 -0.004206827
0.5 -0.003187435
0.52 -0.001606035
0.54 0.001047375
0.56 0.003885393
0.58 0.0008716611
0.6 -0.002859141
0.62 -0.002740475
0.64 -0.0008653791
0.66 -0.001404633
0.68 0.001674042
0.7 -0.001794674
0.72 -0.00238598
0.74 -0.002618256
0.76 -0.004986423
0.78 0.0001485199
0.8 -0.002189067
0.82 -0.005262084
0.84 -0.001426651
0.86 -0.003286908
0.88 -0.001791376
0.9 -0.001065953
0.92 0.0006927195
0.94 0.001517062
0.96 -0.001453004
0.98 0.003245279
1 0.001725634
1.02 0.002563198
1.04 0.002914213
1.06 0.001202777
1.08 0.001613953
1.1 -0.00252612
1.12 -0.003029903
1.14 -0.004880096
1.16 -0.007523858
1.18 -0.008626408
1.2 0.0003139517
1.22 0.01071902
1.24 0.005498704
1.26 -0.001788142
1.28 -0.00849462
1.3 -0.007694924
1.32 0.004157481
1.34 0.01593746
1.36 0.01289071
1.38 -0.01099465
1.4 -0.008437542
1.42 -0.003087679
1.44 -0.003373325
1.46 0.007126499
1.48 -0.007603384
1.5 -0.01251272
1.52 -0.009745535
1.54 -0.003312485
1.56 -0.006148181
1.58 -0.006012626
1.6 0.01001146
1.62 0.01001542
1.64 0.01350879
1.66 -0.002653249
1.68 -0.003374534
1.7 0.004299792
1.72 0.01335519
1.74 0.004916561
1.76 -0.002682617
1.78 0.01058026
1.8 0.01497626
1.82 0.03275671
1.84 0.01824393
1.86 0.0105927
1.88 0.007785437
1.9 0.008203406
1.92 0.007440207
1.94 -0.009939819
1.96 -0.02996369
1.98 -0.03679285
2 -0.0200335
2.02 -0.003954497
2.04 -0.0050064
2.06 -0.01003631
2.08 -0.01962053
2.1 -0.01444332
2.12 0.01149294
2.14 0.03008314
2.16 0.03068155
2.18 0.01864522
2.2 0.0127554
2.22 0.009690976
2.24 0.009757943
2.26 -0.005441437
2.28 0.001406477
2.3 0.003536884
2.32 -0.005120236
2.34 -0.01909667
2.36 -0.01888388
2.38 -0.02555405
2.4 -0.01574002
2.42 0.01274613
2.44 0.01455009
2.46 0.002980821
2.48 -0.02034599
2.5 0.01727933
2.52 0.02009613
2.54 0.01921541
2.56 0.02042467
2.58 -0.008798783
2.6 -0.006094212
2.62 0.002366213
2.64 0.006555892
2.66 0.005385463
2.68 -0.002041649
2.7 -0.01364974
2.72 0.0003890267
2.74 0.005372235
2.76 0.0008112991
2.78 -0.008903703
2.8 -0.001283812
2.82 -0.01488503
2.84 0.007392253
2.86 -0.004521891
2.88 -0.02023044
2.9 0.01430008
2.92 -0.02031928
2.94 -0.02110219
2.96 0.00332522
2.98 0.004152881
3 0.0123888
3.02 0.01390494
3.04 0.009591794
3.06 -0.002433586
3.08 -0.02449067
3.1 -0.008874062
3.12 0.009494504
3.14 0.009498982
3.16 -0.0232416
3.18 -0.05311089
3.2 -0.03476887
3.22 -0.02149523
3.24 0.002021244
3.26 0.01833142
3.28 0.01668345
3.3 0.009361237
3.32 0.01580494
3.34 0.03119708
3.36 0.03024475
3.38 0.04036961
3.4 0.02830742
3.42 -0.01703634
3.44 -0.02627416
3.46 -0.00480182
3.48 0.003034137
3.5 -0.00793667
3.52 -0.04374653
3.54 -0.04574848
3.56 -0.0158173
3.58 0.007520594
3.6 0.0239592
3.62 0.02814251
3.64 0.05489024
3.66 0.0758301
3.68 0.05036812
3.7 0.02273659
3.72 0.01390773
3.74 0.02000556
3.76 0.05142181
3.78 0.0311261
3.8 -0.02737269
3.82 -0.04246232
3.84 -0.02789445
3.86 -0.03746487
3.88 -0.03828778
3.9 -0.02768771
3.92 -0.06069774
3.94 -0.09244605
3.96 -0.04052783
3.98 -0.0057089
4 -0.009704032
4.02 0.04641147
4.04 0.07287965
4.06 0.07739743
4.08 0.1157547
4.1 0.1229836
4.12 0.1038629
4.14 0.1103074
4.16 0.08253916
4.18 0.0007638955
4.2 -0.05555931
4.22 -0.05190856
4.24 -0.0441717
4.26 -0.04666442
4.28 -0.03732718
4.3 -0.0687216
4.32 -0.1056352
4.34 -0.06152725
4.36 -0.04870468
4.38 -0.06022034
4.4 -0.07509895
4.42 -0.08620865
4.44 -0.05639391
4.46 -0.01442181
4.48 0.03179962
4.5 0.07345449
4.52 0.04752519
4.54 0.01453138
4.56 0.04110759
4.58 0.05052637
4.6 0.03217872
4.62 -0.009271936
4.64 0.01498683
4.66 0.03260946
4.68 -0.009459322
4.7 -0.02854445
4.72 -0.03866072
4.74 -0.03321996
4.76 -0.01747005
4.78 -0.007741211
4.8 0.02169097
4.82 0.0307313
4.84 0.03727977
4.86 0.0436885
4.88 0.01738277
4.9 -0.0213282
4.92 -0.0459387
4.94 -0.03814278
4.96 -0.01460725
4.98 0.03124691
5 -0.02084649
5.02 -0.07607026
5.04 -0.05074564
5.06 -0.02680416
5.08 -0.03942459
5.1 -0.0681457
5.12 -0.03863808
5.14 -0.0201883
5.16 -0.03606558
5.18 -0.02815851
5.2 -0.02599608
5.22 -0.02435284
5.24 -0.002714539
5.26 -0.03719256
5.28 -0.08726129
5.3 -0.06841371
5.32 -0.01343467
5.34 -0.01057764
5.36 -0.04778213
5.38 -0.08251108
5.4 -0.05844622
5.42 0.002800705
5.44 0.0005148856
5.46 0.0447533
5.48 0.1099925
5.5 0.1563107
5.52 0.1790037
5.54 0.1363218
5.56 0.09943546
5.58 0.07389058
5.6 0.05081102
5.62 0.02500602
5.64 -0.01566343
5.66 -0.08918097
5.68 -0.1129725
5.7 -0.009119184
5.72 0.03418387
5.74 -0.01316863
5.76 4.6326e-06
5.78 0.02728756
5.8 0.03940818
5.82 0.05000901
5.84 0.05975405
5.86 0.04287301
5.88 0.0007000582
5.9 -0.008917563
5.92 0.03744037
5.94 0.01877942
5.96 -0.003203657
5.98 0.03676806
6 0.02417202
6.02 -0.02724622
6.04 -0.0496159
6.06 -0.03546345
6.08 -0.07830351
6.1 -0.03880406
6.12 0.04330792
6.14 0.1028596
6.16 0.1156696
6.18 0.04243563
6.2 0.05258967
6.22 0.124165
6.24 0.1498578
6.26 0.1027428
6.28 0.06731207
6.3 0.01921901
6.32 -0.06680276
6.34 -0.09142767
6.36 -0.06843389
6.38 -0.0718938
6.4 -0.08983876
6.42 -0.04287598
6.44 -0.05257423
6.46 -0.07575788
6.48 -0.03361361
6.5 -0.04884942
6.52 -0.06387819
6.54 -0.01192764
6.56 0.01838974
6.58 -0.01257041
6.6 -0.0360866
6.62 -0.04858678
6.64 -0.06336057
6.66 -0.05294339
6.68 0.004481496
6.7 0.04425324
6.72 0.03430815
6.74 -0.03541099
6.76 -0.09074914
6.78 -0.05547968
6.8 -9.072011e-05
6.82 0.03266954
6.84 0.044326
6.86 0.01252638
6.88 -0.001350823
6.9 0.03690417
6.92 0.05451335
6.94 0.0317295
6.96 3.086093e-05
6.98 -0.02820387
7 -0.0672251
7.02 -0.05139072
7.04 -0.01149046
7.06 -0.04465383
7.08 -0.1110111
7.1 -0.1313327
7.12 -0.1171282
7.14 -0.08246773
7.16 -0.05774813
7.18 -0.03832235
7.2 0.01419835
7.22 0.06225656
7.24 0.1062378
7.26 0.1085306
7.28 0.08804589
7.3 0.1038864
7.32 0.1325309
7.34 0.07125123
7.36 -0.02845388
7.38 -0.05308088
7.4 -0.0217772
7.42 0.04467465
7.44 0.03973264
7.46 0.01190386
7.48 0.03398367
7.5 0.0836494
7.52 0.08160009
7.54 -0.01413519
7.56 -0.09481732
7.58 -0.09405449
7.6 -0.01011779
7.62 0.02817798
7.64 -0.01060458
7.66 -0.05403121
7.68 -0.08791778
7.7 -0.05404268
7.72 0.01955019
7.74 0.054278
7.76 0.07009398
7.78 0.0463554
7.8 0.001872054
7.82 -0.01923697
7.84 0.002358335
7.86 0.01988283
7.88 -0.0277972
7.9 -0.06581579
7.92 -0.01907953
7.94 0.06173902
7.96 0.09689421
7.98 0.08765492
8 0.0533889
8.02 0.02434427
8.04 0.001243182
8.06 -0.01276971
8.08 -0.02010976
8.1 -0.007900498
8.12 0.02710169
8.14 0.08089841
8.16 0.08370326
8.18 0.03144955
8.2 0.01446641
8.22 0.0201487
8.24 0.02230484
8.26 0.01163449
8.28 -0.01684914
8.3 0.004423842
8.32 0.03052041
8.34 0.01313539
8.36 -0.007611542
8.38 -0.01221596
8.4 -0.006730532
8.42 -0.03352301
8.44 -0.04308768
8.46 0.02928322
8.48 0.0423707
8.5 -0.03890099
8.52 -0.08135148
8.54 -0.09560612
8.56 -0.08448826
8.58 -0.09397848
8.6 -0.1170316
8.62 -0.09142262
8.64 -0.0321271
8.66 -0.01155791
8.68 -0.01541467
8.7 0.01851855
8.72 0.0330473
8.74 -0.01330776
8.76 -0.04563985
8.78 -0.04945887
8.8 -0.06786184
8.82 -0.03099815
8.84 0.01631543
8.86 0.05623503
8.88 0.1378563
8.9 0.2139921
8.92 0.2216674
8.94 0.1751012
8.96 0.1327333
8.98 0.08031949
9 0.06184919
9.02 0.08840477
9.04 0.1096003
9.06 0.1101101
9.08 0.08272704
9.1 0.06639058
9.12 0.07516755
9.14 0.06351901
9.16 -0.0157953
9.18 -0.0845832
9.2 -0.09803103
9.22 -0.1118593
9.24 -0.1159639
9.26 -0.1155897
9.28 -0.09376388
9.3 -0.1153349
9.32 -0.151949
9.34 -0.1386034
9.36 -0.03836717
9.38 0.08263225
9.4 0.06025841
9.42 0.0006433579
9.44 -0.06287931
9.46 -0.06007648
9.48 0.005630769
9.5 0.02177418
9.52 -0.03087223
9.54 -0.08957744
9.56 -0.1183865
9.58 -0.1506074
9.6 -0.1621774
9.62 -0.1413879
9.64 -0.1028493
9.66 -0.07606116
9.68 -0.07537176
9.7 -0.08135216
9.72 -0.09206942
9.74 -0.1514845
9.76 -0.1546559
9.78 -0.08054277
9.8 0.00702002
9.82 0.05084419
9.84 0.06379501
9.86 0.07885824
9.88 0.07005552
9.9 0.07483715
9.92 0.07052754
9.94 0.07721556
9.96 0.1100707
9.98 0.1201736
10 0.1049724
10.02 0.07821467
10.04 0.04979225
10.06 0.05065913
10.08 0.05763479
10.1 0.04897589
10.12 0.04744986
10.14 0.04439586
10.16 0.0159612
10.18 -0.001107595
10.2 0.03486462
10.22 0.07045944
10.24 0.09649993
10.26 0.1110358
10.28 0.06993482
10.3 0.03549644
10.32 0.03233127
10.34 0.0055888
10.36 -0.003990134
10.38 0.02304996
10.4 0.01005198
10.42 -0.03116225
10.44 -0.08071906
10.46 -0.08301724
10.48 -0.02023533
10.5 0.01533298
10.52 0.02273604
10.54 0.03300426
10.56 0.03743197
10.58 0.0008801638
10.6 -0.04215374
10.62 -0.05930923
10.64 -0.08090376
10.66 -0.09361818
10.68 -0.1043355
10.7 -0.1329108
10.72 -0.1438097
10.74 -0.1196449
10.76 -0.07793619
10.78 -0.02802158
10.8 0.02606789
10.82 0.05869963
10.84 0.08181579
10.86 0.07580993
10.88 0.0202341
10.9 0.01031043
10.92 0.03360407
10.94 0.0392619
10.96 0.04481774
10.98 0.06074596
11 0.07210356
11.02 0.09439761
11.04 0.1149668
11.06 0.1190222
11.08 0.1130389
11.1 0.07546296
11.12 0.05555756
11.14 0.03854489
11.16 0.001473913
11.18 -0.02917004
11.2 -0.04171613
11.22 -0.03331448
11.24 -0.0536799
11.26 -0.09239717
11.28 -0.09582649
11.3 -0.08315919
11.32 -0.06527154
11.34 -0.0493525
11.36 -0.06063888
11.38 -0.07103582
11.4 -0.05408148
11.42 -0.03511059
11.44 -0.01659564
11.46 -0.003067469
11.48 0.0008053851
11.5 0.001982379
11.52 0.009596593
11.54 0.009017148
11.56 -0.0138748
11.58 -0.02455326
11.6 -0.01333742
11.62 -0.007060427
11.64 -0.02315917
11.66 -0.04162125
11.68 -0.06076775
11.7 -0.04027909
11.72 -0.006387633
11.74 0.002562786
11.76 0.01038508
11.78 0.02610219
11.8 0.02912233
11.82 0.02607857
11.84 0.03208119
11.86 0.04239841
11.88 0.06357048
11.9 0.08970281
11.92 0.1257689
11.94 0.1401549
11.96 0.1259605
11.98 0.07617119
12 0.03228561
12.02 0.03043322
12.04 0.04020475
12.06 0.02184876
12.08 -0.01276501
12.1 -0.02942372
12.12 -0.03188097
12.14 -0.03211462
12.16 -0.04547159
12.18 -0.06437533
12.2 -0.0775344
12.22 -0.08042414
12.24 -0.04509548
12.26 0.03196546
12.28 0.07069173
12.3 0.07053865
12.32 0.05108516
12.34 0.008766317
12.36 -0.0379732
12.38 -0.08979131
12.4 -0.1261299
12.42 -0.1382995
12.44 -0.1293705
12.46 -0.1077048
12.48 -0.07346243
12.5 -0.03736572
12.52 0.001473785
12.54 0.0534162
12.56 0.08372647
12.58 0.07507069
12.6 0.05202781
12.62 0.04483879
12.64 0.04538852
12.66 0.03955202
12.68 0.02719365
12.7 0.01628368
12.72 0.01630504
12.74 0.02644685
12.76 0.01850406
12.78 -0.01135854
12.8 -0.03232877
12.82 -0.01818857
12.84 -0.004159533
12.86 -0.002290944
12.88 0.02209006
12.9 0.03512153
12.92 0.03627307
12.94 0.02896064
12.96 0.01034763
12.98 0.001431763
13 -0.01996075
13.02 -0.04788329
13.04 -0.05273242
13.06 -0.05322614
13.08 -0.05905549
13.1 -0.05535599
13.12 -0.0283597
13.14 -0.00404906
13.16 -0.003969543
13.18 0.002407454
13.2 0.01311333
13.22 0.01293071
13.24 0.02043481
13.26 0.03628047
13.28 0.05416001
13.3 0.06522391
13.32 0.05369174
13.34 0.02834777
13.36 0.005294712
13.38 0.0006444945
13.4 0.01078427
13.42 0.00339128
13.44 -0.01932518
13.46 -0.02389481
13.48 0.004359152
13.5 0.02017013
13.52 0.006276682
13.54 0.009898669
13.56 0.02767723
13.58 0.0411769
13.6 0.05641363
13.62 0.0710761
13.64 0.05234682
13.66 0.03597783
13.68 0.04970394
13.7 0.04734669
13.72 0.01862551
13.74 -0.005520987
13.76 -0.01814352
13.78 -0.04448402
13.8 -0.07425888
13.82 -0.07713632
13.84 -0.06313991
13.86 -0.05365495
13.88 -0.04901704
13.9 -0.03525727
13.92 -0.01421775
13.94 -0.006623879
13.96 -0.002920284
13.98 -0.002044128
14 -0.01472479
14.02 -0.02530221
14.04 -0.0292323
14.06 -0.0352799
14.08 -0.0291895
14.1 -0.02181187
14.12 -0.02056034
14.14 -0.01351829
14.16 -0.01583371
14.18 -0.02155491
14.2 -0.01643555
14.22 -0.002548268
14.24 0.01917975
14.26 0.03517129
14.28 0.0442554
14.3 0.05331808
14.32 0.04676354
14.34 0.03324648
14.36 0.01149292
14.38 -0.02198349
14.4 -0.04622074
14.42 -0.05292726
14.44 -0.04875751
14.46 -0.03879213
14.48 -0.01872365
14.5 -0.0004809591
14.52 0.003559247
14.54 -0.003826586
14.56 -0.0095488
14.58 -0.009954772
14.6 -0.01044847
14.62 -0.01472431
14.64 -0.01460091
14.66 -0.007919919
14.68 -0.01361357
14.7 -0.03045378
14.72 -0.04382905
14.74 -0.04825586
14.76 -0.03695426
14.78 -0.01690924
14.8 -0.003628846
14.82 0.003066425
14.84 0.007367757
14.86 0.01549613
14.88 0.0257512
14.9 0.03435693
14.92 0.03922437
14.94 0.03625719
14.96 0.03159781
14.98 0.03321145
15 0.04266888
15.02 0.05144088
15.04 0.05779344
15.06 0.06209476
15.08 0.05629912
15.1 0.03331648
15.12 -0.001182981
15.14 -0.02520399
15.16 -0.03560697
15.18 -0.04195953
15.2 -0.04636899
15.22 -0.03801214
15.24 -0.02563342
15.26 -0.02008564
15.28 -0.002728299
15.3 0.007471699
15.32 0.000930439
15.34 -0.01060882
15.36 -0.01550482
15.38 0.0007274588
15.4 0.01980248
15.42 0.03200576
15.44 0.04065536
15.46 0.04133672
15.48 0.03573183
15.5 0.02964651
15.52 0.0287846
15.54 0.02614383
15.56 0.02319603
15.58 0.02324091
15.6 0.02800534
15.62 0.0384022
15.64 0.04941106
15.66 0.05937545
15.68 0.05920817
15.7 0.0485961
15.72 0.03156516
15.74 0.01576638
15.76 0.0006153107
15.78 -0.01758659
15.8 -0.03204202
15.82 -0.03637192
15.84 -0.0298796
15.86 -0.02429714
15.88 -0.02561701
15.9 -0.03180943
15.92 -0.03473172
15.94 -0.03351282
15.96 -0.02922983
15.98 -0.02686545
16 -0.02915433
16.02 -0.0275111
16.04 -0.0252977
16.06 -0.01110847
16.08 0.003287818
16.1 0.01170181
16.12 0.02103583
16.14 0.03113282
16.16 0.03080542
16.18 0.01119898
16.2 0.002597332
16.22 0.008697961
16.24 0.02198041
16.26 0.03011594
16.28 0.02605125
16.3 0.01824316
16.32 0.01214459
16.34 0.0117264
16.36 0.01608488
16.38 0.0146987
16.4 -0.001836505
16.42 -0.02335543
16.44 -0.03207438
16.46 -0.03192035
16.48 -0.03603298
16.5 -0.04172967
16.52 -0.05119729
16.54 -0.06152886
16.56 -0.06531509
16.58 -0.06097396
16.6 -0.04763132
16.62 -0.02106236
16.64 -0.000419582
16.66 0.002076371
16.68 -0.001388556
16.7 -0.0111581
16.72 -0.01923241
16.74 -0.02220467
16.76 -0.02649275
16.78 -0.02681913
16.8 -0.02806352
16.82 -0.02954352
16.84 -0.03033196
16.86 -0.02920587
16.88 -0.02525234
16.9 -0.02428741
16.92 -0.02921297
16.94 -0.03251572
16.96 -0.02288793
16.98 -0.01571221
17 -0.008523236
17.02 0.007944679
17.04 0.02197989
17.06 0.02506541
17.08 0.01092006
17.1 -0.007087002
17.12 -0.01003172
17.14 -0.003611831
17.16 0.004025944
17.18 0.01393934
17.2 0.02303163
17.22 0.03037871
17.24 0.03758808
17.26 0.04491578
17.28 0.05041053
17.3 0.05119595
17.32 0.04022281
17.34 0.02291036
17.36 0.01297251
17.38 0.01057656
17.4 0.01617535
17.42 0.02542778
17.44 0.02925586
17.46 0.01931087
17.48 0.01348465
17.5 0.01922115
17.52 0.02586137
17.54 0.02672226
17.56 0.02123876
17.58 0.02149377
17.6 0.02637143
17.62 0.02573701
17.64 0.01642748
17.66 0.005407417
17.68 -0.005618767
17.7 -0.02128901
17.72 -0.03287313
17.74 -0.03106874
17.76 -0.02383386
17.78 -0.01422953
17.8 -0.004834291
17.82 -0.005355493
17.84 -0.009619079
17.86 -0.01447018
17.88 -0.01364499
17.9 -0.0009174096
17.92 0.01286994
17.94 0.02239472
17.96 0.02726524
17.98 0.02464589
18 0.01949389
18.02 0.01928787
18.04 0.01819546
18.06 0.01426032
18.08 0.007242734
18.1 0.00183267
18.12 0.008654445
18.14 0.01709904
18.16 0.01897688
18.18 0.02107707
18.2 0.02125763
18.22 0.02317626
18.24 0.02756738
18.26 0.02930037
18.28 0.02884037
18.3 0.02010613
18.32 -0.001341398
18.34 -0.0244199
18.36 -0.03718009
18.38 -0.04233923
18.4 -0.04398141
18.42 -0.04136204
18.44 -0.03557556
18.46 -0.02739821
18.48 -0.01447377
18.5 -0.003982041
18.52 0.0007283332
18.54 0.002555167
18.56 -0.001692097
18.58 -0.002140883
18.6 0.004857352
18.62 0.01203205
18.64 0.01270322
18.66 0.005971235
18.68 -0.009092111
18.7 -0.02237148
18.72 -0.0266218
18.74 -0.02873115
18.76 -0.03643825
18.78 -0.04348848
18.8 -0.04184015
18.82 -0.03589354
18.84 -0.02782022
18.86 -0.01619935
18.88 -0.006303293
18.9 0.00127634
18.92 0.01206081
18.94 0.02074918
18.96 0.02601443
18.98 0.03034945
19 0.03273015
19.02 0.03284746
19.04 0.02794739
19.06 0.0158451
19.08 0.0008164339
19.1 -0.009133654
19.12 -0.01042802
19.14 -0.00590737
19.16 0.001868101
19.18 0.009277394
19.2 0.01143368
19.22 0.004627236
19.24 -0.001560072
19.26 0.004903679
19.28 0.006481629
19.3 -0.004507839
19.32 -0.008375668
19.34 -0.003017598
19.36 0.001970213
19.38 0.0003535233
19.4 0.002181374
19.42 0.008091265
19.44 0.008626773
19.46 -8.09564e-05
19.48 -0.01318591
19.5 -0.01679669
19.52 -0.01421099
19.54 -0.01461082
19.56 -0.01137945
19.58 -0.00297056
19.6 -0.0004072913
19.62 -0.0006408625
19.64 0.0001068061
19.66 0.002578275
19.68 0.007392682
19.7 0.01116159
19.72 0.01369834
19.74 0.007975126
19.76 -0.004401545
19.78 -0.009556619
19.8 -0.01078877
19.82 -0.01229632
19.84 -0.009559657
19.86 -0.0008825097
19.88 0.007541677
19.9 0.01046704
19.92 0.008358711
19.94 0.005961717
19.96 0.004961103
19.98 0.005535368
20 0.0001191741
20.02 -0.0115945
20.04 -0.01969227
20.06 -0.02497689
20.08 -0.02719742
20.1 -0.02477084
20.12 -0.01914452
20.14 -0.01347127
20.16 -0.006245586
20.18 0.0009668382
20.2 0.002287743
20.22 0.003037446
20.24 0.00520903
20.26 0.004236973
20.28 0.003980956
20.3 0.005008099
20.32 0.006825743
20.34 0.007865125
20.36 0.007027708
20.38 0.00263763
20.4 -0.0004539873
20.42 -0.002292025
20.44 -0.007771463
20.46 -0.01174947
20.48 -0.01413524
20.5 -0.02050616
20.52 -0.02281952
20.54 -0.0171626
20.56 -0.01409852
20.58 -0.01410362
20.6 -0.009473836
20.62 -0.003356894
20.64 0.0001743451
20.66 0.001735965
20.68 -0.0002968954
20.7 -0.000480496
20.72 -0.005203097
20.74 -0.008901618
20.76 -0.004801219
20.78 0.00182062
20.8 0.006174998
20.82 0.01358836
20.84 0.02115063
20.86 0.01969407
20.88 0.01936665
20.9 0.01904126
20.92 0.01346697
20.94 0.007116442
20.96 0.007294939
20.98 0.01034065
21 0.01046407
21.02 0.01108932
21.04 0.01661466
21.06 0.02163612
21.08 0.01251323
21.1 -0.004040348
21.12 -0.009684014
21.14 -0.01283275
21.16 -0.01619571
21.18 -0.01479219
21.2 -0.009790114
21.22 -0.006118119
21.24 -0.008292765
21.26 -0.01118448
21.28 -0.009665698
21.3 -0.002393104
21.32 0.003044509
21.34 0.005099802
21.36 0.008311775
21.38 0.01054353
21.4 0.01137584
21.42 0.01448071
21.44 0.01956846
21.46 0.02385755
21.48 0.02427574
21.5 0.02471944
21.52 0.02349747
21.54 0.02164412
21.56 0.02165941
21.58 0.02121163
21.6 0.01825974
21.62 0.01296184
21.64 0.01010175
21.66 0.01166847
21.68 0.01481617
21.7 0.01859425
21.72 0.02350859
21.74 0.02346982
21.76 0.01918581
21.78 0.01357682
21.8 0.007237508
21.82 0.003666476
21.84 -0.000567556
21.86 -0.005558427
21.88 -0.0073006
21.9 -0.006233693
21.92 -0.001299966
21.94 0.004660902
21.96 0.008907147
21.98 0.007187415
22 0.001025581
22.02 -0.001608072
22.04 -0.004131566
22.06 -0.00751288
22.08 -0.008618575
22.1 -0.01235179
22.12 -0.01866765
22.14 -0.0263401
22.16 -0.02939297
22.18 -0.02700619
22.2 -0.02337092
22.22 -0.01884214
22.24 -0.01069337
22.26 0.0009162472
22.28 0.008560111
22.3 0.01274617
22.32 0.01505238
22.34 0.01181794
22.36 0.007191204
22.38 0.006654667
22.4 0.005289888
22.42 -0.001635928
22.44 -0.009757187
22.46 -0.01623727
22.48 -0.02206046
22.5 -0.02567842
22.52 -0.03000324
22.54 -0.03083863
22.56 -0.0249349
22.58 -0.01535712
22.6 -0.007530676
22.62 4.586439e-05
22.64 0.005621164
22.66 0.006463665
22.68 0.008868805
22.7 0.01150038
22.72 0.01079452
22.74 0.006033143
22.76 0.001051442
22.78 -0.003493699
22.8 -0.0062008
22.82 -0.009237362
22.84 -0.01257992
22.86 -0.01033492
22.88 -0.007642146
22.9 -0.007401448
22.92 -0.007317831
22.94 -0.007486153
22.96 -0.005785836
22.98 0.002410861
23 0.009239739
23.02 0.01479464
23.04 0.01667244
23.06 0.01411527
23.08 0.01248732
23.1 0.009174342
23.12 0.01007905
23.14 0.01088993
23.16 0.006359069
23.18 0.0002818845
23.2 -0.00267308
23.22 -0.002021325
23.24 -0.0005290899
23.26 0.002480905
23.28 0.00191274
23.3 -0.001067726
23.32 0.0008202687
23.34 0.006907602
23.36 0.01201778
23.38 0.01252775
23.4 0.009278005
23.42 0.003949498
23.44 -0.001302508
23.46 -0.006637135
23.48 -0.01221861
23.5 -0.01913117
23.52 -0.02127422
23.54 -0.02098865
23.56 -0.02130283
23.58 -0.01991668
23.6 -0.01888447
23.62 -0.01710969
23.64 -0.01808892
23.66 -0.01806447
23.68 -0.016101
23.7 -0.01444454
23.72 -0.01286154
23.74 -0.01123364
23.76 -0.01067777
23.78 -0.01009028
23.8 -0.01134899
23.82 -0.01285454
23.84 -0.01283519
23.86 -0.01247618
23.88 -0.009479447
23.9 -0.007180398
23.92 -0.008528867
23.94 -0.01005685
23.96 -0.01162361
23.98 -0.01265894
24 -0.01466327
24.02 -0.01564759
24.04 -0.01600667
24.06 -0.01806506
24.08 -0.01481639
24.1 -0.004780642
24.12 0.007645986
24.14 0.01696773
24.16 0.02220744
24.18 0.02281533
24.2 0.02306928
24.22 0.02177589
24.24 0.01875972
24.26 0.01530699
24.28 0.01486938
24.3 0.01360659
24.32 0.01180013
24.34 0.01194188
24.36 0.01249163
24.38 0.01322396
24.4 0.01090444
24.42 0.008160608
24.44 0.007750535
24.46 0.009994504
24.48 0.01154589
24.5 0.01172232
24.52 0.0137531
24.54 0.01295033
24.56 0.01056349
24.58 0.008190943
24.6 0.00598975
24.62 0.005773477
24.64 0.006024363
24.66 0.008983351
24.68 0.01282974
24.7 0.01630484
24.72 0.01736561
24.74 0.01727071
24.76 0.01732984
24.78 0.01407805
24.8 0.01173405
24.82 0.01221851
24.84 0.01127397
24.86 0.00924209
24.88 0.009319576
24.9 0.011383
24.92 0.01397172
24.94 0.01452964
24.96 0.0157383
24.98 0.01498754
25 0.01104317
25.02 0.008797094
25.04 0.0086257
25.06 0.01015872
25.08 0.01239861
25.1 0.01335431
25.12 0.01200992
25.14 0.008114504
25.16 0.005729709
25.18 0.005991813
25.2 0.005581738
25.22 0.005847923
25.24 0.001514928
25.26 -0.004309307
25.28 -0.007263262
25.3 -0.007807977
25.32 -0.008278232
25.34 -0.01277545
25.36 -0.01747259
25.38 -0.01865378
25.4 -0.01864259
25.42 -0.01911897
25.44 -0.01889052
25.46 -0.013048
25.48 -0.007816456
25.5 -0.005327691
25.52 -0.006583347
25.54 -0.01001569
25.56 -0.01090516
25.58 -0.01402333
25.6 -0.01612151
25.62 -0.01767093
25.64 -0.01938864
25.66 -0.01958859
25.68 -0.01683973
25.7 -0.01594829
25.72 -0.01740386
25.74 -0.02042309
25.76 -0.0218032
25.78 -0.02155843
25.8 -0.01915738
25.82 -0.01696544
25.84 -0.0172572
25.86 -0.01680639
25.88 -0.01660243
25.9 -0.01314874
25.92 -0.006728897
25.94 -0.003251753
25.96 -0.001676908
25.98 0.0004762767
26 0.002902821
26.02 0.005370166
26.04 0.005534351
26.06 0.002218296
26.08 -0.001102859
26.1 -0.002760394
26.12 -0.002505429
26.14 -0.001353885
26.16 0.0010237
26.18 0.003710346
26.2 0.002934091
26.22 0.0001137558
26.24 -0.004623159
26.26 -0.009261133
26.28 -0.01099313
26.3 -0.007421123
26.32 -0.005503557
26.34 -0.004004192
26.36 -0.0001108868
26.38 0.002612479
26.4 0.003031664
26.42 0.00575911
26.44 0.007715435
26.46 0.006404702
26.48 0.004107627
26.5 0.0007150734
26.52 0.0001244594
26.54 -0.001399454
26.56 -0.003307909
26.58 -0.002926462
26.6 -0.0001347558
26.62 0.00483975
26.64 0.007310157
26.66 0.003042444
26.68 0.00514157
26.7 0.007826177
26.72 0.009586664
26.74 0.01034654
26.76 0.008122899
26.78 0.006384784
26.8 0.009229531
26.82 0.01243128
26.84 0.01074518
26.86 0.01187021
26.88 0.01434368
26.9 0.01619495
26.92 0.0183614
26.94 0.01783505
26.96 0.01485763
26.98 0.0155155
27 0.01658035
27.02 0.01687408
27.04 0.01579998
27.06 0.01356207
27.08 0.01004712
27.1 0.008822071
27.12 0.01063764
27.14 0.01218087
27.16 0.01226142
27.18 0.009788908
27.2 0.006821696
27.22 0.007898786
27.24 0.008702515
27.26 0.007027645
27.28 0.004494955
27.3 0.001392085
27.32 -0.000768305
27.34 -0.002410535
27.36 -0.001086604
27.38 0.0001241059
27.4 0.0004045765
27.42 -0.001023453
27.44 -0.002539202
27.46 -0.00404475
27.48 -0.00579714
27.5 -0.007727009
27.52 -0.007752537
27.54 -0.005997146
27.56 -0.005895173
27.58 -0.003171802
27.6 -0.00300047
27.62 -0.001713258
27.64 3.145265e-07
27.66 -0.002606833
27.68 -0.0008636804
27.7 -0.0003751277
27.72 -0.0006729948
27.74 0.0006611383
27.76 -0.0008750085
27.78 -0.001601275
27.8 0.001668818
27.82 0.003111072
27.84 0.001941106
27.86 -0.00113728
27.88 -0.002361305
27.9 -0.005537611
27.92 -0.0111966
27.94 -0.01524704
27.96 -0.01616405
27.98 -0.01374055
28 -0.01329585
28.02 -0.01018692
28.04 -0.007262606
28.06 -0.00694643
28.08 -0.009934035
28.1 -0.01368969
28.12 -0.01664262
28.14 -0.0209144
28.16 -0.02190587
28.18 -0.01962313
28.2 -0.01874596
28.22 -0.01911929
28.24 -0.01788818
28.26 -0.01329514
28.28 -0.008957107
28.3 -0.005585007
28.32 -0.00118169
28.34 0.004329348
28.36 0.01000053
28.38 0.01135099
28.4 0.009441523
28.42 0.009973944
28.44 0.011355
28.46 0.01124482
28.48 0.0090314
28.5 0.0039069
28.52 -0.001865299
28.54 -0.006141159
28.56 -0.006493079
28.58 -0.003404538
28.6 -0.002661997
28.62 -0.002365197
28.64 -0.003665716
28.66 -0.005118214
28.68 -0.005245733
28.7 -0.002870171
28.72 0.004602331
28.74 0.008683333
28.76 0.008873035
28.78 0.008508878
28.8 0.006626961
28.82 0.005273403
28.84 0.003465947
28.86 0.00218481
28.88 0.001931833
28.9 0.002662137
28.92 0.003183341
28.94 0.001203505
28.96 7.842945e-05
28.98 0.000707754
29 0.002066379
29.02 0.004567404
29.04 0.004196109
29.06 -0.0008498459
29.08 -0.00238904
29.1 0.002175445
29.12 0.005840291
29.14 0.004943697
29.16 6.094383e-05
29.18 -0.00265125
29.2 -0.002108622
29.22 -0.002499295
29.24 -0.004286348
29.26 -0.005835741
29.28 -0.005402253
29.3 -0.005256405
29.32 -0.008633638
29.34 -0.009455771
29.36 -0.007840101
29.38 -0.006020432
29.4 0.0001423961
29.42 0.007201805
29.44 0.01006595
29.46 0.01047395
29.48 0.01134399
29.5 0.01079726
29.52 0.0109472
29.54 0.01104205
29.56 0.01103387
29.58 0.01109404
29.6 0.01090737
29.62 0.01257098
29.64 0.01052893
29.66 0.006655989
29.68 0.006007261
29.7 0.002824853
29.72 -0.001938555
29.74 -0.002679082
29.76 -0.00253425
29.78 -0.004592617
29.8 -0.006815205
29.82 -0.008380912
29.84 -0.007277278
29.86 -0.005728926
29.88 -0.004222391
29.9 -0.002463918
29.92 -0.002886204
29.94 -0.00135723
29.96 0.001812924
29.98 0.005385979
30 0.009216075
30.02 0.01060123
30.04 0.007489204
30.06 0.005660339
30.08 0.004094635
30.1 -0.0001006294
30.12 0.001219246
30.14 0.002517702
30.16 0.002792079
30.18 0.003762095
30.2 0.002673752
30.22 0.002825729
30.24 0.002263705
30.26 -0.0001587974
30.28 -0.00234772
30.3 -0.004657002
30.32 -0.005626005
30.34 -0.004243907
30.36 -0.002282449
30.38 -0.0006208711
30.4 0.001460947
30.42 0.004057865
30.44 0.005779624
30.46 0.002768583
30.48 0.001433402
30.5 0.002187181
30.52 0.0001502403
30.54 5.435971e-05
30.56 -8.436073e-05
30.58 -0.002684341
30.6 -0.005848381
30.62 -0.008125021
30.64 -0.00976416
30.66 -0.0120204
30.68 -0.0124743
30.7 -0.009942659
30.72 -0.007872058
30.74 -0.005885098
30.76 -0.004953837
30.78 -0.003051536
30.8 -0.000884035
30.82 4.926632e-05
30.84 0.001619047
30.86 0.003991569
30.88 0.005919371
30.9 0.007993033
30.92 0.008335756
30.94 0.008336776
30.96 0.00798284
30.98 0.008392881
31 0.007048523
31.02 0.005176826
31.04 0.005960189
31.06 0.004152751
31.08 0.002912434
31.1 0.002753317
31.12 0.004991199
31.14 0.007951242
31.16 0.008434727
31.18 0.006999589
31.2 0.001916932
31.22 -0.001423565
31.24 -0.0006249008
31.26 -0.0001342774
31.28 0.0003849061
31.3 0.003884529
31.32 0.007382113
31.34 0.0106706
31.36 0.009270141
31.38 0.002649324
31.4 -0.001040012
31.42 -0.002278287
31.44 -0.004163243
31.46 -0.00553004
31.48 -0.003537976
31.5 0.0005726285
31.52 0.003389873
31.54 0.005571656
31.56 0.0074148
31.58 0.01011168
31.6 0.01062169
31.62 0.008905033
31.64 0.007904417
31.66 0.004875021
31.68 0.001497806
31.7 -0.0009226505
31.72 -0.005334147
31.74 -0.01191723
31.76 -0.01470386
31.78 -0.01531483
31.8 -0.01485889
31.82 -0.01396128
31.84 -0.01419384
31.86 -0.01364202
31.88 -0.01110834
31.9 -0.00802487
31.92 -0.007505687
31.94 -0.008656243
31.96 -0.01017808
31.98 -0.009440616
32 -0.005495252
32.02 0.000446251
32.04 0.003987694
32.06 0.005025037
32.08 0.002835101
32.1 0.0005666237
32.12 -0.0002514133
32.14 -1.510409e-06
32.16 -0.001368307
32.18 -0.005072945
32.2 -0.008533803
32.22 -0.01121028
32.24 -0.01086654
32.26 -0.009109076
32.28 -0.006642713
32.3 -0.007127212
32.32 -0.008361411
32.34 -0.008329789
32.36 -0.005974607
32.38 -0.005736946
32.4 -0.005426865
32.42 -0.006622304
32.44 -0.008353245
32.46 -0.008633743
32.48 -0.007662702
32.5 -0.005955223
32.52 -0.004612904
32.54 -0.003019663
32.56 -0.002674904
32.58 -0.0003972452
32.6 -0.0002840263
32.62 -0.001184688
32.64 -0.001833409
32.66 -0.00379079
32.68 -0.005435033
32.7 -0.006067435
32.72 -0.007783078
32.74 -0.00837672
32.76 -0.007725963
32.78 -0.005705347
32.8 -0.005180051
32.82 -0.005079075
32.84 -0.00509132
32.86 -0.005552364
32.88 -0.005731889
32.9 -0.006139894
32.92 -0.00544222
32.94 -0.002881006
32.96 -0.0006686327
32.98 7.800056e-05
33 -0.001137846
33.02 -0.001517294
33.04 -0.0006513219
33.06 0.00143763
33.08 0.002847261
33.1 0.002397432
33.12 0.003370502
33.14 0.003715253
33.16 0.005279923
33.18 0.008165493
33.2 0.01050026
33.22 0.01294723
33.24 0.01362551
33.26 0.01325525
33.28 0.01363365
33.3 0.01358774
33.32 0.01356936
33.34 0.01199141
33.36 0.01202811
33.38 0.01358462
33.4 0.01361418
33.42 0.01316843
33.44 0.01055211
33.46 0.008404991
33.48 0.006066113
33.5 0.003382474
33.52 0.004396334
33.54 0.005901835
33.56 0.007774534
33.58 0.008465054
33.6 0.008853651
33.62 0.008764889
33.64 0.008763846
33.66 0.007384782
33.68 0.006012857
33.7 0.004513432
33.72 0.002674348
33.74 0.002921161
33.76 0.002785474
33.78 0.005294646
33.8 0.004993718
33.82 0.002963888
33.84 0.004154199
33.86 0.006754148
33.88 0.01039348
33.9 0.0110952
33.92 0.01136241
33.94 0.009924178
33.96 0.008397205
33.98 0.007796389
34 0.005830813
34.02 0.005583936
34.04 0.002553478
34.06 -0.0009982002
34.08 -0.004659019
34.1 -0.009103199
34.12 -0.01064038
34.14 -0.01082709
34.16 -0.008070066
34.18 -0.005484409
34.2 -0.005236594
34.22 -0.005122399
34.24 -0.005414166
34.26 -0.005509073
34.28 -0.005228622
34.3 -0.006135451
34.32 -0.008033723
34.34 -0.01007479
34.36 -0.01087657
34.38 -0.01251168
34.4 -0.01368678
34.42 -0.01367867
34.44 -0.01558816
34.46 -0.01604416
34.48 -0.01531492
34.5 -0.01458466
34.52 -0.01271609
34.54 -0.009059445
34.56 -0.004935647
34.58 0.0002520079
34.6 0.003866823
34.62 0.007039976
34.64 0.009967308
34.66 0.01095868
34.68 0.008923708
34.7 0.005614758
34.72 0.005250545
34.74 0.005831871
34.76 0.007218996
34.78 0.007647319
34.8 0.008019541
34.82 0.009754484
34.84 0.009595283
34.86 0.007825501
34.88 0.005969018
34.9 0.005401814
34.92 0.005328288
34.94 0.00534146
34.96 0.004278533
34.98 0.003910222
35 0.003170632
35.02 0.002728879
35.04 0.002330985
35.06 -0.0001793309
35.08 -0.002641708
35.1 -0.005672227
35.12 -0.007047286
35.14 -0.009372989
35.16 -0.01042879
35.18 -0.008253236
35.2 -0.006808002
35.22 -0.00518631
35.24 -0.0036146
35.26 -0.001974551
35.28 -0.0002212838
35.3 -0.0007946382
35.32 -0.003025494
35.34 -0.004765732
35.36 -0.003684652
35.38 -0.002396513
35.4 -0.004192856
35.42 -0.00546594
35.44 -0.005254926
35.46 -0.005559014
35.48 -0.003717025
35.5 -0.0009070561
35.52 0.00389191
35.54 0.007933015
35.56 0.008818238
35.58 0.0103481
35.6 0.01042547
35.62 0.01022031
35.64 0.00923791
35.66 0.008708384
35.68 0.006483614
35.7 0.005303323
35.72 0.00348247
35.74 0.002603076
35.76 0.002058239
35.78 -0.00121408
35.8 -0.00475058
35.82 -0.007769943
35.84 -0.006278868
35.86 -0.005366135
35.88 -0.003508885
35.9 -0.002924596
35.92 -0.00117037
35.94 7.079441e-05
35.96 -0.0001384836
35.98 0.0005161761
36 -0.001938486
36.02 -0.003041565
36.04 -0.003066167
36.06 -0.003732124
36.08 -0.004788245
36.1 -0.006227704
36.12 -0.005997946
36.14 -0.007301102
36.16 -0.00879677
36.18 -0.008495301
36.2 -0.008373288
36.22 -0.006683293
36.24 -0.006798907
36.26 -0.008238506
36.28 -0.00700232
36.3 -0.003817079
36.32 -0.001492466
36.34 0.0006121576
36.36 0.0006554587
36.38 0.0006950377
36.4 0.002820343
36.42 0.004048888
36.44 0.004053285
36.46 0.003630876
36.48 0.003959001
36.5 0.002075408
36.52 0.001290667
36.54 0.001213847
36.56 0.001085277
36.58 0.001075487
36.6 0.001349869
36.62 0.00304465
36.64 0.003290407
36.66 0.003469543
36.68 0.003276082
36.7 0.002727223
36.72 0.002133106
36.74 0.0008300199
36.76 0.0005328984
36.78 0.0008056607
36.8 0.001146955
36.82 0.0006765469
36.84 0.0003078959
36.86 0.0006787509
36.88 0.0008461226
36.9 0.001964376
36.92 0.002624607
36.94 0.004005323
36.96 0.005204919
36.98 0.004441988
37 0.003728084
37.02 0.003702943
37.04 0.003932089
37.06 0.002332171
37.08 0.0009247584
37.1 0.0009842307
37.12 0.001884474
37.14 0.001013386
37.16 0.0004447381
37.18 0.0006078421
37.2 0.0008416602
37.22 0.001325199
37.24 0.00233281
37.26 0.002714733
37.28 0.003228381
37.3 0.004015091
37.32 0.004465714
37.34 0.004601353
37.36 0.003554637
37.38 0.003201776
37.4 0.002791746
37.42 0.002465531
37.44 0.001000735
37.46 -0.0007041673
37.48 -0.001955185
37.5 -0.003052768
37.52 -0.003362376
37.54 -0.003162995
37.56 -0.00393327
37.58 -0.004039421
37.6 -0.003913917
37.62 -0.003542786
37.64 -0.003437615
37.66 -0.003481555
37.68 -0.003180451
37.7 -0.002738579
37.72 -0.00207969
37.74 -0.001701816
37.76 -0.0008017259
37.78 -0.0007483805
37.8 -0.0009303534
37.82 -0.001133303
37.84 -0.001956726
37.86 -0.002449385
37.88 -0.002740087
37.9 -0.002912005
37.92 -0.002730419
37.94 -0.00253643
37.96 -0.002488819
37.98 -0.002132502
38 -0.001941152
38.02 -0.001661196
38.04 -0.001238064
38.06 -0.0007890462
38.08 -0.0003155298
38.1 -0.0001394489
38.12 -0.0001537999
38.14 -0.0004682299
38.16 -0.0008130031
38.18 -0.0008388828
38.2 -0.0011465
38.22 -0.001356992
38.24 -0.001337609
38.26 -0.001280215
38.28 -0.0009692676
38.3 -0.0006190472
38.32 -0.0002673417
38.34 0.0001079054
38.36 0.0005875631
38.38 0.000761926
38.4 0.0009286485
38.42 0.001062421
38.44 0.001247044
38.46 0.001405084
38.48 0.001509063
38.5 0.001599511
38.52 0.001633098
38.54 0.001750556
38.56 0.001730594
38.58 0.001633563
38.6 0.001515286
38.62 0.001373888
38.64 0.001126076
38.66 0.0009623565
38.68 0.0008385727
38.7 0.0008041169
38.72 0.0008667887
38.74 0.0008268443
38.76 0.0008113484
38.78 0.0007614293
38.8 0.0006657117
38.82 0.0005721337
38.84 0.0004200152
38.86 0.0003362395
38.88 0.0002802812
38.9 0.0002353071
38.92 0.0002371004
38.94 0.0001959637
38.96 0.0001391805
38.98 0.0001006235
39 1.524337e-05
39.02 -5.714271e-07
39.04 -3.35957e-06
39.06 -5.529043e-05
39.08 -0.0001034922
39.1 -0.0001520324
39.12 -0.0001707202
39.14 -0.0001811671
39.16 -0.0001692363
39.18 -0.000140687
39.2 -0.0001241475
39.22 -0.0001119834
39.24 -0.0001045392
39.26 -0.0001000275
39.28 -9.927184e-05
39.3 -0.0001038928
39.32 -0.000113499
39.34 -0.0001125464
39.36 -0.0001064626
39.38 -0.0001058338
39.4 -0.0001038549
39.42 -9.897458e-05
39.44 -9.375852e-05
39.46 -8.995159e-05
39.48 -8.378616e-05
39.5 -7.900301e-05
39.52 -6.992385e-05
39.54 -6.222185e-05
39.56 -5.700351e-05
39.58 -5.163966e-05
39.6 -4.783962e-05
39.62 -4.323698e-05
39.64 -3.905294e-05
39.66 -3.526994e-05
39.68 -3.186947e-05
39.7 -2.898535e-05
39.72 -2.662558e-05
39.74 -2.495512e-05
39.76 -2.388313e-05
39.78 -2.320311e-05
39.8 -2.292055e-05
39.82 -2.298412e-05
39.84 -2.328613e-05
39.86 -2.373022e-05
39.88 -2.424956e-05
39.9 -2.482389e-05
39.92 -2.54405e-05
39.94 -2.609179e-05
39.96 -2.677445e-05
39.98 -2.748651e-05
