0 5.820987e-05
0.01 5.982543e-05
0.02 6.001757e-05
0.03 6.017535e-05
0.04 6.295897e-05
0.05 6.478809e-05
0.06 6.466652e-05
0.07 6.541379e-05
0.08 6.537914e-05
0.09 5.980075e-05
0.1 5.621067e-05
0.11 5.37857e-05
0.12 4.350176e-05
0.13 3.642109e-05
0.14 3.504132e-05
0.15 3.695546e-05
0.16 4.162999e-05
0.17 3.842041e-05
0.18 3.462137e-05
0.19 2.961537e-05
0.2 1.868725e-05
0.21 1.505067e-05
0.22 4.880992e-06
0.23 -1.391247e-05
0.24 6.74208e-06
0.25 3.310098e-05
0.26 5.90001e-05
0.27 8.10632e-05
0.28 4.338144e-05
0.29 -2.27818e-05
0.3 -6.009178e-05
0.31 -6.024902e-05
0.32 -6.263778e-05
0.33 -7.353892e-05
0.34 -7.924358e-05
0.35 -7.762196e-05
0.36 -2.681014e-05
0.37 1.684322e-05
0.38 -4.48618e-05
0.39 -0.000114377
0.4 -0.0001140833
0.41 -0.0001113614
0.42 -0.0001523281
0.43 -0.0001441096
0.44 -4.624995e-05
0.45 -3.187516e-06
0.46 -1.599514e-05
0.47 -0.000114563
0.48 -0.0001873044
0.49 -0.0002883658
0.5 -0.0003283391
0.51 -0.0001960696
0.52 -7.235926e-06
0.53 7.899427e-05
0.54 3.167265e-05
0.55 -0.0001140912
0.56 -0.0001737507
0.57 -0.0001936702
0.58 -0.000324999
0.59 -0.0003529014
0.6 -0.0003737414
0.61 -0.000395744
0.62 -0.0003997641
0.63 -0.0002683344
0.64 -8.410412e-05
0.65 6.049021e-05
0.66 0.0001044433
0.67 0.0001049435
0.68 3.377996e-05
0.69 -0.0002589868
0.7 -0.0003463696
0.71 -0.0001948911
0.72 -8.577316e-05
0.73 -5.626878e-05
0.74 -5.88809e-05
0.75 -0.0001328161
0.76 -0.0003888363
0.77 -0.0004762628
0.78 -0.0004021599
0.79 -0.0003845926
0.8 -0.0004069117
0.81 -0.0003971697
0.82 -0.000393452
0.83 -0.0002759725
0.84 0.0002160136
0.85 0.0005579372
0.86 0.0003337534
0.87 0.0002478697
0.88 0.0004322037
0.89 0.0002697026
0.9 -0.0001604898
0.91 -0.0003749789
0.92 -0.0002230785
0.93 -0.0001016461
0.94 -0.0002545839
0.95 -0.0004773086
0.96 -0.0004744871
0.97 -0.0003141307
0.98 -0.0001645033
0.99 7.001833e-06
1 0.0001020863
1.01 0.0005738474
1.02 0.0009335218
1.03 0.0007832958
1.04 0.0008756522
1.05 0.0004600819
1.06 -7.207486e-05
1.07 -4.088112e-05
1.08 -0.0001291823
1.09 -0.0009890139
1.1 -0.001343857
1.11 -0.001018405
1.12 -0.0008505822
1.13 -0.0008366908
1.14 -0.0006610313
1.15 -0.0005741604
1.16 -0.0008321909
1.17 -0.001116232
1.18 -0.0006715822
1.19 -0.0003719693
1.2 -0.0006259157
1.21 -0.001187704
1.22 -0.001291696
1.23 -0.001374323
1.24 -0.001274647
1.25 -0.001071243
1.26 -0.0006066778
1.27 0.0001599743
1.28 0.0008616654
1.29 0.0009618719
1.3 0.0008534116
1.31 0.0002860418
1.32 -0.0003441624
1.33 -0.0003597596
1.34 -0.0004291302
1.35 -0.0008241057
1.36 -0.0008802251
1.37 -0.000707709
1.38 -0.0006676949
1.39 -0.0006897837
1.4 -0.0006454203
1.41 -0.0006177736
1.42 -0.0005529685
1.43 -0.0004714681
1.44 -0.0004644125
1.45 -0.0001809027
1.46 0.0005705594
1.47 0.0008152991
1.48 0.0006700824
1.49 -0.0002636799
1.5 -0.001320034
1.51 -0.001451079
1.52 -0.001632514
1.53 -0.001860738
1.54 -0.001278657
1.55 0.0005955515
1.56 0.002555058
1.57 0.004862387
1.58 0.005960045
1.59 0.005558626
1.6 0.004541608
1.61 0.002934975
1.62 0.0004521414
1.63 -0.002208161
1.64 -0.004107266
1.65 -0.005211414
1.66 -0.00534472
1.67 -0.004555538
1.68 -0.002590012
1.69 0.0013529
1.7 0.004230813
1.71 0.003314069
1.72 0.0007655126
1.73 0.0007734946
1.74 0.00371445
1.75 0.006136678
1.76 0.006211194
1.77 0.0053507
1.78 0.00377197
1.79 0.0003775661
1.8 -0.003627391
1.81 -0.006816362
1.82 -0.008808574
1.83 -0.008997404
1.84 -0.005545472
1.85 0.0003562858
1.86 0.004949794
1.87 0.006478398
1.88 0.0065888
1.89 0.00651397
1.9 0.004341993
1.91 0.0005090741
1.92 -0.002663701
1.93 -0.005050158
1.94 -0.006673732
1.95 -0.00613826
1.96 -0.002248201
1.97 0.002077933
1.98 0.004949477
1.99 0.006394276
2 0.006062407
2.01 0.004304743
2.02 0.00219845
2.03 0.002659393
2.04 0.005568787
2.05 0.007072075
2.06 0.00576637
2.07 0.002462746
2.08 -0.0008387226
2.09 -0.003372381
2.1 -0.005688617
2.11 -0.007508059
2.12 -0.007328159
2.13 -0.005562008
2.14 -0.002734632
2.15 0.0006075768
2.16 0.004390945
2.17 0.007204854
2.18 0.007835396
2.19 0.006079566
2.2 0.002488071
2.21 -0.0002675287
2.22 -0.001605739
2.23 -0.003068384
2.24 -0.003344428
2.25 -0.001728882
2.26 -4.958031e-05
2.27 0.0008498957
2.28 0.0007551696
2.29 0.0005178019
2.3 0.001206494
2.31 0.002537047
2.32 0.002282491
2.33 0.000199844
2.34 -0.001071556
2.35 -0.001028628
2.36 -0.0009359529
2.37 -0.0007520626
2.38 -0.0008773937
2.39 -0.0006149189
2.4 -0.001048726
2.41 -0.001615612
2.42 -0.001845982
2.43 -0.002039231
2.44 0.0003790305
2.45 0.004508034
2.46 0.007276428
2.47 0.006775413
2.48 0.003632022
2.49 0.0002326202
2.5 -0.002161706
2.51 -0.002561964
2.52 -0.002180512
2.53 -0.0020773
2.54 -0.00065387
2.55 0.001570443
2.56 0.002476836
2.57 0.002122087
2.58 0.001172282
2.59 0.0009553978
2.6 0.001445272
2.61 0.002526962
2.62 0.003697457
2.63 0.004133931
2.64 0.003569434
2.65 0.001574849
2.66 -0.0003714692
2.67 -0.001380444
2.68 -0.00236222
2.69 -0.003205444
2.7 -0.002998137
2.71 -0.001684946
2.72 0.0003778918
2.73 0.002362632
2.74 0.002884379
2.75 0.001871122
2.76 -0.0005615098
2.77 -0.003502299
2.78 -0.005294876
2.79 -0.005409551
2.8 -0.003938036
2.81 -0.002212451
2.82 -0.001034773
2.83 -0.0005588773
2.84 4.533127e-05
2.85 0.0005931821
2.86 0.001226832
2.87 0.001778046
2.88 0.00171317
2.89 0.0008166975
2.9 4.497856e-05
2.91 -0.0002438135
2.92 -0.0008517637
2.93 -0.002098512
2.94 -0.002647742
2.95 -0.002477561
2.96 -0.001454884
2.97 -0.0008029289
2.98 -0.0007933954
2.99 -0.0001699013
3 0.0007472862
3.01 0.001620611
3.02 0.001255804
3.03 0.0004639366
3.04 7.676637e-06
3.05 -0.001017157
3.06 -0.002387073
3.07 -0.003185977
3.08 -0.002666067
3.09 -0.001630865
3.1 0.000141144
3.11 0.00179653
3.12 0.001820007
3.13 0.0009397774
3.14 0.0004515731
3.15 0.0005176214
3.16 0.0009154064
3.17 0.001237649
3.18 0.001856229
3.19 0.002032025
3.2 0.001752819
3.21 0.001007424
3.22 9.196524e-05
3.23 3.448635e-05
3.24 0.0008139934
3.25 0.001275228
3.26 0.001463475
3.27 0.002330084
3.28 0.003274488
3.29 0.004347015
3.3 0.004373039
3.31 0.003371453
3.32 0.001707597
3.33 -0.0005810928
3.34 -0.003305164
3.35 -0.005262268
3.36 -0.005856441
3.37 -0.005281661
3.38 -0.003479466
3.39 -0.001410257
3.4 0.0007746625
3.41 0.001983379
3.42 0.001028137
3.43 4.815199e-05
3.44 0.001443517
3.45 0.002831656
3.46 0.003456816
3.47 0.00273744
3.48 0.0007162918
3.49 -0.001356513
3.5 -0.002510746
3.51 -0.003117858
3.52 -0.002654332
3.53 -0.00183734
3.54 -0.000443655
3.55 0.0007050443
3.56 0.0003915594
3.57 -0.001320927
3.58 -0.002207833
3.59 -0.001879497
3.6 -0.001659289
3.61 -0.001723318
3.62 -0.001792462
3.63 -0.002013917
3.64 -0.002056991
3.65 -0.001619369
3.66 -0.001342789
3.67 -0.001381883
3.68 -0.001300826
3.69 -0.001016506
3.7 -0.0005089621
3.71 -0.0001054158
3.72 -0.0004162463
3.73 -0.000998025
3.74 -0.001604741
3.75 -0.002924294
3.76 -0.004457986
3.77 -0.004849128
3.78 -0.004104107
3.79 -0.003188099
3.8 -0.002327706
3.81 -0.0009879105
3.82 -0.000204111
3.83 0.000697037
3.84 0.001902498
3.85 0.002255708
3.86 0.00262381
3.87 0.004311812
3.88 0.004675986
3.89 0.002727845
3.9 -0.0009431232
3.91 -0.00430221
3.92 -0.006204256
3.93 -0.005651709
3.94 -0.003766547
3.95 -0.001488932
3.96 0.0009616426
3.97 0.002777
3.98 0.004122592
3.99 0.003235933
4 0.00118105
4.01 0.0002771625
4.02 -0.0002889282
4.03 -0.0008295227
4.04 -0.0008321983
4.05 -0.001301214
4.06 -0.0005898453
4.07 0.0007982877
4.08 0.0009368739
4.09 0.0007704358
4.1 0.000862792
4.11 0.0008808697
4.12 0.0009690224
4.13 0.001383184
4.14 0.001597653
4.15 0.001716145
4.16 0.001866299
4.17 0.002308039
4.18 0.002220105
4.19 0.0003330893
4.2 -0.003332743
4.21 -0.006937959
4.22 -0.009004323
4.23 -0.009033477
4.24 -0.007759447
4.25 -0.00622334
4.26 -0.003965403
4.27 -0.0007156838
4.28 0.002809144
4.29 0.005167804
4.3 0.005615465
4.31 0.004947118
4.32 0.004570666
4.33 0.003748285
4.34 0.001821505
4.35 9.819225e-05
4.36 -0.0007974386
4.37 -0.0009478604
4.38 0.0001456661
4.39 0.0007798731
4.4 0.0006562658
4.41 0.0005536336
4.42 9.082863e-05
4.43 -0.000789279
4.44 -0.00138552
4.45 -0.001857502
4.46 -0.001981305
4.47 -0.001976138
4.48 -0.001724164
4.49 -0.001447002
4.5 -0.001143658
4.51 -0.0008761255
4.52 0.0001022085
4.53 0.00172983
4.54 0.002693295
4.55 0.0030828
4.56 0.004873602
4.57 0.006963016
4.58 0.006626094
4.59 0.004477674
4.6 0.002596975
4.61 0.001654906
4.62 0.001332532
4.63 0.001064339
4.64 0.0003126037
4.65 -0.0007333032
4.66 -0.002471576
4.67 -0.003405636
4.68 -0.002489052
4.69 -0.0006212191
4.7 0.002185362
4.71 0.004627026
4.72 0.005771228
4.73 0.006092814
4.74 0.004482399
4.75 0.001628623
4.76 -0.00122233
4.77 -0.002568403
4.78 -0.002123097
4.79 -0.001547421
4.8 -0.0007077283
4.81 -0.0003300195
4.82 -0.0006681661
4.83 -0.0011551
4.84 -0.000572466
4.85 -0.0002188252
4.86 -0.0002719311
4.87 -0.001206712
4.88 -0.004526088
4.89 -0.006991559
4.9 -0.00714827
4.91 -0.005186018
4.92 -0.0009706731
4.93 0.002937417
4.94 0.005005918
4.95 0.005513267
4.96 0.005429749
4.97 0.004294369
4.98 0.003622577
4.99 0.0030823
5 0.001765547
5.01 0.00157137
5.02 0.002110182
5.03 0.002569671
5.04 0.00194171
5.05 -0.0001659358
5.06 -0.002236635
5.07 -0.00293333
5.08 -0.00230844
5.09 -0.001192015
5.1 -0.0009298873
5.11 -0.001098882
5.12 -0.001367855
5.13 -0.001928001
5.14 -0.001960515
5.15 -0.001376915
5.16 -0.000910474
5.17 -0.0009142198
5.18 -0.001621128
5.19 -0.003240488
5.2 -0.005168382
5.21 -0.006303365
5.22 -0.007500188
5.23 -0.007158082
5.24 -0.004227418
5.25 -0.0005941536
5.26 0.002180583
5.27 0.003982198
5.28 0.004630498
5.29 0.004539618
5.3 0.004530526
5.31 0.004410496
5.32 0.002768947
5.33 7.646736e-05
5.34 -0.001450998
5.35 -0.002281622
5.36 -0.002636892
5.37 -0.001856184
5.38 -0.0002531426
5.39 0.001369563
5.4 0.002086415
5.41 0.00120552
5.42 -0.001364092
5.43 -0.002981651
5.44 -0.001766304
5.45 0.001050081
5.46 0.003312549
5.47 0.003365783
5.48 0.00232742
5.49 0.001865686
5.5 0.002234844
5.51 0.00246719
5.52 0.002348678
5.53 0.002205534
5.54 0.001455039
5.55 0.0002315432
5.56 -0.0003655111
5.57 -0.0006048333
5.58 -0.000700606
5.59 -0.0008969958
5.6 -0.002846912
5.61 -0.005137167
5.62 -0.005399541
5.63 -0.003965974
5.64 -0.0007559633
5.65 0.003015542
5.66 0.006296976
5.67 0.008317792
5.68 0.007713644
5.69 0.005460223
5.7 0.003109938
5.71 0.0006399585
5.72 -0.002264734
5.73 -0.004955295
5.74 -0.005400312
5.75 -0.004233008
5.76 -0.001295165
5.77 0.002085607
5.78 0.004474052
5.79 0.005451104
5.8 0.004195381
5.81 0.000152189
5.82 -0.004024133
5.83 -0.005390651
5.84 -0.004115918
5.85 -0.00204229
5.86 -0.0008664271
5.87 -0.002091023
5.88 -0.00431762
5.89 -0.005115613
5.9 -0.004675247
5.91 -0.00426321
5.92 -0.004067283
5.93 -0.003570098
5.94 -0.001900518
5.95 0.0005448686
5.96 0.002266426
5.97 0.002922195
5.98 0.003091451
5.99 0.0030161
6 0.003810305
6.01 0.005051433
6.02 0.005711683
6.03 0.005453465
6.04 0.00488714
6.05 0.002686914
6.06 -8.943077e-05
6.07 -0.001040989
6.08 -0.001735304
6.09 -0.004382171
6.1 -0.007449633
6.11 -0.009194186
6.12 -0.007237544
6.13 -0.001813834
6.14 0.004385282
6.15 0.00879368
6.16 0.009200002
6.17 0.006234351
6.18 0.002413363
6.19 -0.0001580771
6.2 6.090618e-05
6.21 0.003126895
6.22 0.005883023
6.23 0.007171323
6.24 0.00806653
6.25 0.007887993
6.26 0.006006657
6.27 0.00316835
6.28 -0.0008552369
6.29 -0.004101453
6.3 -0.004967072
6.31 -0.003039321
6.32 0.001958929
6.33 0.008271519
6.34 0.01242213
6.35 0.01395241
6.36 0.01280065
6.37 0.009739906
6.38 0.005264559
6.39 0.001283279
6.4 -0.0009856144
6.41 -0.002462829
6.42 -0.004106151
6.43 -0.006306868
6.44 -0.007321875
6.45 -0.007715915
6.46 -0.007904321
6.47 -0.006130463
6.48 -0.002884368
6.49 0.001144618
6.5 0.007323919
6.51 0.01181819
6.52 0.01183357
6.53 0.009736042
6.54 0.006440863
6.55 0.001744823
6.56 -0.005077933
6.57 -0.01202489
6.58 -0.01598655
6.59 -0.01705162
6.6 -0.01669803
6.61 -0.01673845
6.62 -0.01741924
6.63 -0.01761703
6.64 -0.01532535
6.65 -0.01218723
6.66 -0.009144833
6.67 -0.006421177
6.68 -0.003864787
6.69 -0.001490159
6.7 0.001479947
6.71 0.00387778
6.72 0.004211786
6.73 0.002617872
6.74 -0.0002060369
6.75 -0.003693784
6.76 -0.007112594
6.77 -0.01009633
6.78 -0.01102326
6.79 -0.01032381
6.8 -0.008932529
6.81 -0.007758636
6.82 -0.005893024
6.83 -0.003235983
6.84 0.0008516472
6.85 0.005579299
6.86 0.008193128
6.87 0.008964258
6.88 0.00784932
6.89 0.006471478
6.9 0.005528536
6.91 0.00352164
6.92 0.0006520144
6.93 -0.002089848
6.94 -0.004706785
6.95 -0.008332
6.96 -0.01098014
6.97 -0.01099615
6.98 -0.009723819
6.99 -0.009019906
7 -0.01021919
7.01 -0.01309736
7.02 -0.015621
7.03 -0.01573256
7.04 -0.01135829
7.05 -0.003014375
7.06 0.002477738
7.07 0.003957202
7.08 0.004968753
7.09 0.008971067
7.1 0.01461459
7.11 0.01843611
7.12 0.01984576
7.13 0.01972067
7.14 0.0178465
7.15 0.01430256
7.16 0.01101674
7.17 0.007644465
7.18 0.005554868
7.19 0.005377669
7.2 0.004917011
7.21 0.0049579
7.22 0.006771454
7.23 0.009186909
7.24 0.01343748
7.25 0.01862211
7.26 0.02119727
7.27 0.01931447
7.28 0.01248135
7.29 0.00137472
7.3 -0.01157197
7.31 -0.02060389
7.32 -0.02380082
7.33 -0.02329046
7.34 -0.02018707
7.35 -0.01441915
7.36 -0.007732139
7.37 -0.001064464
7.38 0.004491807
7.39 0.008028905
7.4 0.008799127
7.41 0.006913492
7.42 0.002021581
7.43 -0.008057444
7.44 -0.02105857
7.45 -0.02819649
7.46 -0.02770697
7.47 -0.02430949
7.48 -0.02081539
7.49 -0.01804978
7.5 -0.01631424
7.51 -0.01385183
7.52 -0.009712178
7.53 -0.004016946
7.54 0.0008986449
7.55 0.002884556
7.56 0.002409227
7.57 0.001719004
7.58 0.001090854
7.59 -0.0006741953
7.6 -0.002861827
7.61 -0.00428461
7.62 -0.003591519
7.63 -0.0009109599
7.64 0.004493294
7.65 0.01150771
7.66 0.01565576
7.67 0.01447488
7.68 0.01281782
7.69 0.01437609
7.7 0.01771309
7.71 0.01841395
7.72 0.01476794
7.73 0.008933231
7.74 0.004960194
7.75 0.003321285
7.76 0.003713714
7.77 0.005544094
7.78 0.007332264
7.79 0.007442286
7.8 0.006008764
7.81 0.003825415
7.82 0.002787272
7.83 0.002115978
7.84 -0.0005351734
7.85 -0.004730535
7.86 -0.0092686
7.87 -0.0114919
7.88 -0.009444158
7.89 -0.005434958
7.9 -0.002507136
7.91 -0.001238267
7.92 -0.0006989485
7.93 0.0007520277
7.94 0.00419263
7.95 0.008698916
7.96 0.01148738
7.97 0.01154692
7.98 0.0100182
7.99 0.006391439
8 0.0001406614
8.01 -0.009452812
8.02 -0.02165789
8.03 -0.03043916
8.04 -0.03198583
8.05 -0.02856435
8.06 -0.02238038
8.07 -0.01355113
8.08 -0.00286435
8.09 0.009536427
8.1 0.02011498
8.11 0.0270313
8.12 0.02892172
8.13 0.02654574
8.14 0.02241905
8.15 0.01937417
8.16 0.01817988
8.17 0.01850081
8.18 0.02063028
8.19 0.0239292
8.2 0.0260518
8.21 0.02569093
8.22 0.02321615
8.23 0.01729418
8.24 0.008603784
8.25 -0.0003881092
8.26 -0.007994312
8.27 -0.01199766
8.28 -0.01373429
8.29 -0.01261707
8.3 -0.009147954
8.31 -0.004495497
8.32 -0.0008582289
8.33 0.001484652
8.34 0.00205766
8.35 -0.0001118331
8.36 -0.002719497
8.37 -0.003979823
8.38 -0.002286717
8.39 0.001007197
8.4 0.004527341
8.41 0.005197706
8.42 0.001474685
8.43 -0.006476491
8.44 -0.0144344
8.45 -0.01674823
8.46 -0.01163761
8.47 -0.0001125036
8.48 0.01000783
8.49 0.01255925
8.5 0.01110474
8.51 0.009479731
8.52 0.008720741
8.53 0.01109987
8.54 0.01589083
8.55 0.01942464
8.56 0.01902914
8.57 0.0141859
8.58 0.005483133
8.59 -0.005909878
8.6 -0.0152796
8.61 -0.01909216
8.62 -0.01857074
8.63 -0.01544425
8.64 -0.01010583
8.65 -0.001318439
8.66 0.008116006
8.67 0.01463603
8.68 0.017054
8.69 0.01445136
8.7 0.006719803
8.71 -0.002623617
8.72 -0.01014216
8.73 -0.01633797
8.74 -0.02009333
8.75 -0.02257068
8.76 -0.02431052
8.77 -0.02489931
8.78 -0.02361089
8.79 -0.02148201
8.8 -0.01912715
8.81 -0.01611284
8.82 -0.01260318
8.83 -0.00957508
8.84 -0.005538687
8.85 0.00112005
8.86 0.008274554
8.87 0.01240663
8.88 0.01179652
8.89 0.004540727
8.9 -0.009037339
8.91 -0.02341002
8.92 -0.03046371
8.93 -0.02953117
8.94 -0.02219341
8.95 -0.006327569
8.96 0.01234099
8.97 0.02727413
8.98 0.03281917
8.99 0.03067122
9 0.02560389
9.01 0.02082527
9.02 0.01876175
9.03 0.01893156
9.04 0.01970285
9.05 0.01782178
9.06 0.01184671
9.07 0.003594572
9.08 -0.004292523
9.09 -0.01099238
9.1 -0.01683164
9.11 -0.0225598
9.12 -0.0280364
9.13 -0.03077561
9.14 -0.02756047
9.15 -0.01753258
9.16 -0.003730197
9.17 0.007296375
9.18 0.01156222
9.19 0.008109933
9.2 -0.004088043
9.21 -0.01882491
9.22 -0.02712254
9.23 -0.02658773
9.24 -0.01865171
9.25 -0.007898383
9.26 0.003445755
9.27 0.01412112
9.28 0.02221757
9.29 0.02699494
9.3 0.02861447
9.31 0.02768257
9.32 0.026254
9.33 0.02638069
9.34 0.02714058
9.35 0.02492858
9.36 0.01716295
9.37 0.005633178
9.38 -0.004738209
9.39 -0.01215051
9.4 -0.01624364
9.41 -0.01609113
9.42 -0.01418731
9.43 -0.01333384
9.44 -0.01425492
9.45 -0.0156038
9.46 -0.01321717
9.47 -0.001485141
9.48 0.01613409
9.49 0.02747272
9.5 0.02864845
9.51 0.02247315
9.52 0.01408273
9.53 0.00735947
9.54 0.004302267
9.55 0.004880737
9.56 0.005626543
9.57 0.005449904
9.58 0.004191271
9.59 0.001048931
9.6 -0.002833468
9.61 -0.00526173
9.62 -0.005241928
9.63 -0.002244982
9.64 0.00247951
9.65 0.005720917
9.66 0.005561713
9.67 0.003815515
9.68 0.003510451
9.69 0.003562911
9.7 0.001798465
9.71 -0.0007704355
9.72 -0.003746256
9.73 -0.007142949
9.74 -0.01001731
9.75 -0.01079783
9.76 -0.007992826
9.77 -0.001525696
9.78 0.009271933
9.79 0.02227009
9.8 0.0301417
9.81 0.03168104
9.82 0.02967529
9.83 0.02385842
9.84 0.01412667
9.85 0.001771907
9.86 -0.01155132
9.87 -0.02467725
9.88 -0.0361381
9.89 -0.04308139
9.9 -0.04311418
9.91 -0.03734836
9.92 -0.02908598
9.93 -0.01925698
9.94 -0.008848291
9.95 0.0002421501
9.96 0.007578846
9.97 0.01450191
9.98 0.02286988
9.99 0.03193738
10 0.03784753
10.01 0.03659839
10.02 0.02753628
10.03 0.01326766
10.04 -0.001082601
10.05 -0.01312837
10.06 -0.02087197
10.07 -0.02383867
10.08 -0.0236784
10.09 -0.01939306
10.1 -0.008003885
10.11 0.00719728
10.12 0.01897733
10.13 0.02705463
10.14 0.03139373
10.15 0.03180459
10.16 0.02695767
10.17 0.01496454
10.18 -0.003944052
10.19 -0.02406073
10.2 -0.04039116
10.21 -0.05148358
10.22 -0.05702749
10.23 -0.05782313
10.24 -0.05305136
10.25 -0.04155162
10.26 -0.0258799
10.27 -0.006031397
10.28 0.01235777
10.29 0.02285517
10.3 0.02829726
10.31 0.03344242
10.32 0.03866153
10.33 0.04176245
10.34 0.03871111
10.35 0.02750207
10.36 0.01002121
10.37 -0.007464862
10.38 -0.01907109
10.39 -0.0245262
10.4 -0.02535466
10.41 -0.02131788
10.42 -0.0155936
10.43 -0.01170033
10.44 -0.00882227
10.45 -0.009457001
10.46 -0.01538711
10.47 -0.02438156
10.48 -0.03152657
10.49 -0.03428479
10.5 -0.03236512
10.51 -0.025145
10.52 -0.01167225
10.53 0.004242106
10.54 0.01844107
10.55 0.0291158
10.56 0.03923631
10.57 0.04812896
10.58 0.05190511
10.59 0.05018651
10.6 0.04347097
10.61 0.0346873
10.62 0.02696361
10.63 0.01983
10.64 0.01090355
10.65 0.001187633
10.66 -0.007295839
10.67 -0.01156513
10.68 -0.01341311
10.69 -0.01456778
10.7 -0.01633815
10.71 -0.01897995
10.72 -0.02208059
10.73 -0.02403887
10.74 -0.02249356
10.75 -0.01796697
10.76 -0.009878702
10.77 0.001390709
10.78 0.01441255
10.79 0.02242909
10.8 0.02323164
10.81 0.01796514
10.82 0.007647456
10.83 -0.004415672
10.84 -0.0140359
10.85 -0.02095761
10.86 -0.02472058
10.87 -0.02282972
10.88 -0.013654
10.89 -0.004104034
10.9 0.002154789
10.91 0.004325746
10.92 0.001298548
10.93 -0.006170185
10.94 -0.01541514
10.95 -0.02150299
10.96 -0.02106131
10.97 -0.01293698
10.98 -0.001988881
10.99 0.00830592
11 0.01587903
11.01 0.01892046
11.02 0.018189
11.03 0.0155288
11.04 0.0113275
11.05 0.004693288
11.06 -0.002931289
11.07 -0.00722658
11.08 -0.008497857
11.09 -0.007345371
11.1 -0.003871861
11.11 0.0021665
11.12 0.009259215
11.13 0.0133138
11.14 0.0123244
11.15 0.005263525
11.16 -0.004997387
11.17 -0.01248786
11.18 -0.01477998
11.19 -0.01169876
11.2 -0.0057701
11.21 -0.001145369
11.22 0.0002343015
11.23 -0.002372362
11.24 -0.00896794
11.25 -0.01593779
11.26 -0.01841726
11.27 -0.01450348
11.28 -0.005920435
11.29 0.002524306
11.3 0.008748916
11.31 0.01386894
11.32 0.01898123
11.33 0.02402477
11.34 0.02413563
11.35 0.01488252
11.36 0.000730194
11.37 -0.009289776
11.38 -0.01183429
11.39 -0.0115644
11.4 -0.01115623
11.41 -0.01012988
11.42 -0.008371264
11.43 -0.00949324
11.44 -0.01478937
11.45 -0.01977341
11.46 -0.02083985
11.47 -0.01807694
11.48 -0.01406839
11.49 -0.009491957
11.5 -0.005364037
11.51 -0.00369468
11.52 -0.003433701
11.53 -0.003568599
11.54 -0.003366475
11.55 -0.004182473
11.56 -0.005011118
11.57 -0.004534489
11.58 -0.001181284
11.59 0.005550111
11.6 0.01567035
11.61 0.02438738
11.62 0.02749527
11.63 0.02387929
11.64 0.01454406
11.65 -0.0001169237
11.66 -0.01801953
11.67 -0.03383269
11.68 -0.04207002
11.69 -0.04471081
11.7 -0.04455899
11.71 -0.04191434
11.72 -0.03683517
11.73 -0.02686951
11.74 -0.01119336
11.75 0.002540874
11.76 0.0073267
11.77 0.00493614
11.78 -0.000297376
11.79 -0.00364998
11.8 -0.002779703
11.81 0.003843914
11.82 0.0171909
11.83 0.03279372
11.84 0.04302051
11.85 0.04621994
11.86 0.04447231
11.87 0.03737533
11.88 0.02518913
11.89 0.01413605
11.9 0.008658569
11.91 0.005145376
11.92 0.001115259
11.93 -0.003479872
11.94 -0.009190239
11.95 -0.01626501
11.96 -0.02360537
11.97 -0.02863596
11.98 -0.03058891
11.99 -0.03185918
12 -0.03418044
12.01 -0.03771948
12.02 -0.04111268
12.03 -0.04139241
12.04 -0.03757228
12.05 -0.0330851
12.06 -0.03207588
12.07 -0.03270514
12.08 -0.03393797
12.09 -0.03557307
12.1 -0.03387269
12.11 -0.02596746
12.12 -0.01101796
12.13 0.003126724
12.14 0.01121133
12.15 0.0129102
12.16 0.01064249
12.17 0.0094388
12.18 0.01202693
12.19 0.01765013
12.2 0.02506363
12.21 0.03234699
12.22 0.03791789
12.23 0.0398941
12.24 0.03956031
12.25 0.03639328
12.26 0.02805049
12.27 0.01229064
12.28 -0.007013243
12.29 -0.02420523
12.3 -0.03401032
12.31 -0.03400858
12.32 -0.02444074
12.33 -0.01047119
12.34 0.006478111
12.35 0.02436879
12.36 0.0419857
12.37 0.05902087
12.38 0.07305582
12.39 0.08184923
12.4 0.08482632
12.41 0.08418513
12.42 0.08233585
12.43 0.08098957
12.44 0.0809765
12.45 0.08111048
12.46 0.07865213
12.47 0.06658459
12.48 0.04308865
12.49 0.01701514
12.5 -0.0002695274
12.51 -0.005624818
12.52 -0.006195604
12.53 -0.007334139
12.54 -0.01065389
12.55 -0.01746018
12.56 -0.02596506
12.57 -0.03388742
12.58 -0.04007458
12.59 -0.04291357
12.6 -0.04050633
12.61 -0.02869427
12.62 -0.01241887
12.63 0.002924942
12.64 0.01503233
12.65 0.01840726
12.66 0.01310674
12.67 0.003267901
12.68 -0.007968442
12.69 -0.01667869
12.7 -0.0230184
12.71 -0.0289103
12.72 -0.03518949
12.73 -0.04195816
12.74 -0.04605775
12.75 -0.04559044
12.76 -0.04002548
12.77 -0.03051581
12.78 -0.02277956
12.79 -0.02167749
12.8 -0.0237149
12.81 -0.02497895
12.82 -0.02387779
12.83 -0.02262488
12.84 -0.02211698
12.85 -0.02402974
12.86 -0.02925341
12.87 -0.03505528
12.88 -0.03900465
12.89 -0.03828227
12.9 -0.03158368
12.91 -0.02077722
12.92 -0.007760796
12.93 0.003323093
12.94 0.009160474
12.95 0.01059444
12.96 0.01059762
12.97 0.01161138
12.98 0.01380211
12.99 0.01922398
13 0.0287699
13.01 0.04131313
13.02 0.05386671
13.03 0.06190683
13.04 0.06526555
13.05 0.06369182
13.06 0.05958827
13.07 0.053574
13.08 0.04081979
13.09 0.02497635
13.1 0.01023715
13.11 -0.003790789
13.12 -0.01409057
13.13 -0.01768323
13.14 -0.01761461
13.15 -0.01688729
13.16 -0.01402322
13.17 -0.003257268
13.18 0.01461745
13.19 0.03055246
13.2 0.04168221
13.21 0.05072237
13.22 0.05642977
13.23 0.0590428
13.24 0.0603691
13.25 0.05962196
13.26 0.05544383
13.27 0.04574616
13.28 0.0277374
13.29 0.007639402
13.3 -0.00420027
13.31 -0.00279795
13.32 0.006705037
13.33 0.01598885
13.34 0.02025842
13.35 0.01950464
13.36 0.01339789
13.37 0.002207342
13.38 -0.01346859
13.39 -0.0309542
13.4 -0.04703516
13.41 -0.06003902
13.42 -0.06869606
13.43 -0.07249471
13.44 -0.07027954
13.45 -0.05849978
13.46 -0.03356213
13.47 0.0008302519
13.48 0.020474
13.49 0.02431121
13.5 0.02305065
13.51 0.01888514
13.52 0.01238359
13.53 0.00855658
13.54 0.009870549
13.55 0.01432301
13.56 0.01927516
13.57 0.02105897
13.58 0.01510503
13.59 0.00302846
13.6 -0.0110343
13.61 -0.02621986
13.62 -0.03925521
13.63 -0.04944013
13.64 -0.05488542
13.65 -0.05520486
13.66 -0.05219894
13.67 -0.04837441
13.68 -0.04606152
13.69 -0.04568328
13.7 -0.04504068
13.71 -0.04354205
13.72 -0.04361455
13.73 -0.04587555
13.74 -0.04798024
13.75 -0.0466404
13.76 -0.03938503
13.77 -0.02420513
13.78 -0.001266482
13.79 0.02432146
13.8 0.04655833
13.81 0.05841616
13.82 0.06286922
13.83 0.06504048
13.84 0.06668768
13.85 0.06679442
13.86 0.06370514
13.87 0.05746902
13.88 0.0483906
13.89 0.036465
13.9 0.02386055
13.91 0.01140849
13.92 -0.0002644303
13.93 -0.01122062
13.94 -0.01954659
13.95 -0.02039917
13.96 -0.01304994
13.97 0.0004832983
13.98 0.01709938
13.99 0.02919635
14 0.03260904
14.01 0.02988686
14.02 0.02376857
14.03 0.01659986
14.04 0.01062893
14.05 0.002018431
14.06 -0.009360932
14.07 -0.02152689
14.08 -0.03326705
14.09 -0.03981444
14.1 -0.04380107
14.11 -0.04695163
14.12 -0.04799109
14.13 -0.04481623
14.14 -0.03620569
14.15 -0.0257922
14.16 -0.01977956
14.17 -0.01762704
14.18 -0.01806578
14.19 -0.02165324
14.2 -0.02643651
14.21 -0.02881763
14.22 -0.02531819
14.23 -0.01396349
14.24 0.0008339636
14.25 0.01419426
14.26 0.02966018
14.27 0.04975278
14.28 0.06982299
14.29 0.08103268
14.3 0.08112202
14.31 0.07212884
14.32 0.05367788
14.33 0.03091757
14.34 0.007161397
14.35 -0.01561546
14.36 -0.03985095
14.37 -0.06241347
14.38 -0.07942011
14.39 -0.08825945
14.4 -0.08771872
14.41 -0.07894094
14.42 -0.05754803
14.43 -0.02362699
14.44 0.01047089
14.45 0.03076652
14.46 0.03326601
14.47 0.02773307
14.48 0.01826079
14.49 0.005081901
14.5 -0.008046051
14.51 -0.016257
14.52 -0.01574728
14.53 -0.00876825
14.54 -0.0007872109
14.55 0.006056617
14.56 0.01017172
14.57 0.01140134
14.58 0.01045713
14.59 0.008704448
14.6 0.006672289
14.61 0.0039848
14.62 0.0005377494
14.63 -0.004324752
14.64 -0.01026805
14.65 -0.01860058
14.66 -0.02989661
14.67 -0.03966696
14.68 -0.04554795
14.69 -0.04796063
14.7 -0.04577278
14.71 -0.03591316
14.72 -0.01505537
14.73 0.01313761
14.74 0.03762835
14.75 0.05340881
14.76 0.06234222
14.77 0.063517
14.78 0.05550751
14.79 0.03547046
14.8 0.004026894
14.81 -0.02578566
14.82 -0.04178761
14.83 -0.04595978
14.84 -0.04288625
14.85 -0.0328906
14.86 -0.01596902
14.87 0.003443338
14.88 0.0226033
14.89 0.03814148
14.9 0.04820027
14.91 0.05315273
14.92 0.05316158
14.93 0.04873157
14.94 0.04155077
14.95 0.03083928
14.96 0.01508002
14.97 -0.001392076
14.98 -0.01323017
14.99 -0.0202149
15 -0.02636131
15.01 -0.0309282
15.02 -0.03059602
15.03 -0.02073396
15.04 0.001658484
15.05 0.02177593
15.06 0.02820432
15.07 0.02545633
15.08 0.01917798
15.09 0.01284034
15.1 0.009385687
15.11 0.008656533
15.12 0.01004147
15.13 0.01280519
15.14 0.01605675
15.15 0.01861596
15.16 0.01933245
15.17 0.0170286
15.18 0.01184019
15.19 0.007118758
15.2 0.006448281
15.21 0.00823831
15.22 0.009894711
15.23 0.0116431
15.24 0.01366265
15.25 0.01294367
15.26 0.008741103
15.27 -0.003052683
15.28 -0.02273854
15.29 -0.0368633
15.3 -0.04282195
15.31 -0.04529554
15.32 -0.04479917
15.33 -0.04059111
15.34 -0.03411023
15.35 -0.02602773
15.36 -0.01612826
15.37 -0.005224383
15.38 0.00248256
15.39 0.003337245
15.4 -0.003388481
15.41 -0.01474433
15.42 -0.02425594
15.43 -0.0274368
15.44 -0.02390083
15.45 -0.01700676
15.46 -0.008337054
15.47 -0.0005365023
15.48 0.002022805
15.49 0.0004953624
15.5 -0.001248872
15.51 -0.001353515
15.52 -7.14603e-05
15.53 0.003198129
15.54 0.006475569
15.55 0.007326726
15.56 0.005513912
15.57 0.0009364961
15.58 -0.006749845
15.59 -0.0159541
15.6 -0.02196527
15.61 -0.02171929
15.62 -0.01534239
15.63 -0.004142822
15.64 0.009287158
15.65 0.01838821
15.66 0.01965139
15.67 0.0146301
15.68 0.004992527
15.69 -0.005759586
15.7 -0.01138779
15.71 -0.008471901
15.72 0.002946275
15.73 0.01674444
15.74 0.02836043
15.75 0.03507089
15.76 0.03728304
15.77 0.03628896
15.78 0.03287816
15.79 0.02761486
15.8 0.01996132
15.81 0.01083746
15.82 0.001292625
15.83 -0.008139773
15.84 -0.01572637
15.85 -0.02148845
15.86 -0.02565521
15.87 -0.03069891
15.88 -0.03834848
15.89 -0.04597008
15.9 -0.05177723
15.91 -0.05354356
15.92 -0.04839251
15.93 -0.03628644
15.94 -0.01675664
15.95 0.005326725
15.96 0.01797886
15.97 0.02188183
15.98 0.02191285
15.99 0.0184083
16 0.01164958
16.01 0.004799258
16.02 0.002593514
16.03 0.005156497
16.04 0.007937938
16.05 0.007411995
16.06 0.004792515
16.07 0.002164903
16.08 0.0004755937
16.09 -5.306193e-05
16.1 0.0004391741
16.11 0.001237794
16.12 0.0008923298
16.13 -0.0008137515
16.14 -0.002853461
16.15 -0.006164123
16.16 -0.01189418
16.17 -0.0213391
16.18 -0.03296903
16.19 -0.04257635
16.2 -0.04736387
16.21 -0.04635403
16.22 -0.03858615
16.23 -0.02226327
16.24 0.0003568778
16.25 0.02236492
16.26 0.03840653
16.27 0.04589792
16.28 0.04696213
16.29 0.04487784
16.3 0.0409963
16.31 0.03582512
16.32 0.03080599
16.33 0.02715175
16.34 0.02481917
16.35 0.02408012
16.36 0.02342582
16.37 0.02080005
16.38 0.01607423
16.39 0.01206414
16.4 0.01112505
16.41 0.01377734
16.42 0.01758507
16.43 0.02019095
16.44 0.02097847
16.45 0.01769009
16.46 0.01126959
16.47 0.003909482
16.48 -0.005507311
16.49 -0.01806442
16.5 -0.03062856
16.51 -0.0433806
16.52 -0.05350329
16.53 -0.0568633
16.54 -0.05216843
16.55 -0.03700162
16.56 -0.01624657
16.57 -0.0005415663
16.58 0.009818152
16.59 0.01755754
16.6 0.0255533
16.61 0.03193073
16.62 0.03534591
16.63 0.03529621
16.64 0.0314645
16.65 0.02291561
16.66 0.01095887
16.67 -0.002723663
16.68 -0.01533798
16.69 -0.02455032
16.7 -0.03116722
16.71 -0.03771256
16.72 -0.04477549
16.73 -0.05066709
16.74 -0.05406281
16.75 -0.05413841
16.76 -0.04718293
16.77 -0.02940408
16.78 -0.005485313
16.79 0.01842683
16.8 0.0350752
16.81 0.03899602
16.82 0.03459021
16.83 0.02527022
16.84 0.01211822
16.85 -0.001578313
16.86 -0.01296844
16.87 -0.01855895
16.88 -0.01703214
16.89 -0.007940001
16.9 0.00646751
16.91 0.02189543
16.92 0.03302286
16.93 0.03813431
16.94 0.03724445
16.95 0.03047764
16.96 0.01859158
16.97 0.004443115
16.98 -0.007100816
16.99 -0.01236906
17 -0.01229023
17.01 -0.01085839
17.02 -0.01019892
17.03 -0.01058845
17.04 -0.01239195
17.05 -0.01511339
17.06 -0.01530671
17.07 -0.0111362
17.08 -0.004927398
17.09 0.00046889
17.1 0.005790268
17.11 0.01073971
17.12 0.01428986
17.13 0.01549656
17.14 0.0147329
17.15 0.01429439
17.16 0.01333253
17.17 0.01205974
17.18 0.01148126
17.19 0.01324432
17.2 0.01897654
17.21 0.02643661
17.22 0.03102578
17.23 0.03135195
17.24 0.02998498
17.25 0.02860945
17.26 0.02753394
17.27 0.02833974
17.28 0.03115878
17.29 0.03541636
17.3 0.04002039
17.31 0.04333942
17.32 0.04384384
17.33 0.0399633
17.34 0.0298891
17.35 0.01296079
17.36 -0.006625207
17.37 -0.02535149
17.38 -0.04011647
17.39 -0.04926293
17.4 -0.0534683
17.41 -0.05350809
17.42 -0.0511404
17.43 -0.04789043
17.44 -0.04550155
17.45 -0.04454047
17.46 -0.04365484
17.47 -0.04230867
17.48 -0.04022695
17.49 -0.03615348
17.5 -0.02998474
17.51 -0.02182082
17.52 -0.01272443
17.53 -0.004561378
17.54 0.000878133
17.55 0.002656751
17.56 0.003098199
17.57 0.003211218
17.58 0.003903474
17.59 0.006507929
17.6 0.009788421
17.61 0.01199398
17.62 0.0101035
17.63 0.003417018
17.64 -0.00631556
17.65 -0.01509618
17.66 -0.01994344
17.67 -0.01932734
17.68 -0.01700113
17.69 -0.01545893
17.7 -0.01350585
17.71 -0.01058954
17.72 -0.004723901
17.73 0.002936461
17.74 0.0124325
17.75 0.0202403
17.76 0.0255311
17.77 0.02942275
17.78 0.03278268
17.79 0.03461739
17.8 0.03467852
17.81 0.03390536
17.82 0.03249202
17.83 0.02992266
17.84 0.02629642
17.85 0.02274604
17.86 0.01936391
17.87 0.01577801
17.88 0.01316601
17.89 0.01185442
17.9 0.01084956
17.91 0.008455178
17.92 0.004001415
17.93 -0.0001886198
17.94 -0.001938865
17.95 -0.002244755
17.96 -0.001710181
17.97 0.0004456104
17.98 0.003537879
17.99 0.006388877
18 0.008926
18.01 0.01189744
18.02 0.01522524
18.03 0.01921935
18.04 0.0239176
18.05 0.02688252
18.06 0.02767058
18.07 0.02749002
18.08 0.02753258
18.09 0.02848325
18.1 0.02986315
18.11 0.0295408
18.12 0.02608209
18.13 0.02086045
18.14 0.01386625
18.15 0.00721138
18.16 0.003140471
18.17 0.0003668127
18.18 -0.003480515
18.19 -0.008789039
18.2 -0.01319519
18.21 -0.01549836
18.22 -0.01688759
18.23 -0.01626787
18.24 -0.01313933
18.25 -0.008224581
18.26 -0.001647121
18.27 0.004839453
18.28 0.009035982
18.29 0.00928506
18.3 0.006642118
18.31 0.001802956
18.32 -0.004525826
18.33 -0.01141963
18.34 -0.0173921
18.35 -0.0214787
18.36 -0.02395466
18.37 -0.02371706
18.38 -0.01895022
18.39 -0.01025939
18.4 0.0009224418
18.41 0.01058212
18.42 0.01624822
18.43 0.01853688
18.44 0.01915198
18.45 0.01744852
18.46 0.01485173
18.47 0.01140144
18.48 0.007538024
18.49 0.003883888
18.5 0.0003291471
18.51 -0.003483475
18.52 -0.00676148
18.53 -0.007892507
18.54 -0.006748398
18.55 -0.005407567
18.56 -0.00497746
18.57 -0.004557079
18.58 -0.004159313
18.59 -0.004876961
18.6 -0.006860649
18.61 -0.008824735
18.62 -0.01097058
18.63 -0.01263215
18.64 -0.01347541
18.65 -0.01440079
18.66 -0.01527271
18.67 -0.01508169
18.68 -0.01452157
18.69 -0.01244313
18.7 -0.007248486
18.71 -0.002253108
18.72 0.0004235438
18.73 0.001202634
18.74 -0.0004358353
18.75 -0.003341201
18.76 -0.006188499
18.77 -0.009061033
18.78 -0.0118827
18.79 -0.01382205
18.8 -0.01448588
18.81 -0.01656818
18.82 -0.02170897
18.83 -0.02713145
18.84 -0.0301168
18.85 -0.03154177
18.86 -0.03247032
18.87 -0.03179531
18.88 -0.0287474
18.89 -0.02441665
18.9 -0.01964654
18.91 -0.01590079
18.92 -0.01249601
18.93 -0.009486178
18.94 -0.007590273
18.95 -0.007442781
18.96 -0.008620116
18.97 -0.01033848
18.98 -0.01175039
18.99 -0.01299137
19 -0.01369379
19.01 -0.01467927
19.02 -0.01671223
19.03 -0.01902291
19.04 -0.02027424
19.05 -0.02012973
19.06 -0.0176445
19.07 -0.01212447
19.08 -0.005482293
19.09 0.00219482
19.1 0.00844084
19.11 0.01272386
19.12 0.01531327
19.13 0.01723024
19.14 0.01795873
19.15 0.01656654
19.16 0.01535254
19.17 0.01532534
19.18 0.01532149
19.19 0.01367298
19.2 0.01125838
19.21 0.007566289
19.22 0.002398262
19.23 -0.003728478
19.24 -0.00925523
19.25 -0.01302689
19.26 -0.01383613
19.27 -0.01304298
19.28 -0.01182276
19.29 -0.009982049
19.3 -0.007607626
19.31 -0.005548918
19.32 -0.004082629
19.33 -0.002775829
19.34 -0.001615251
19.35 -0.0009346031
19.36 -0.0005426
19.37 -0.0004914048
19.38 -0.002018812
19.39 -0.003599847
19.4 -0.003516155
19.41 -0.002161223
19.42 0.001282133
19.43 0.005657431
19.44 0.00899046
19.45 0.009833538
19.46 0.007581465
19.47 0.00146329
19.48 -0.007670376
19.49 -0.01773497
19.5 -0.02483657
19.51 -0.02777791
19.52 -0.02776974
19.53 -0.02535032
19.54 -0.02093937
19.55 -0.01550773
19.56 -0.008048417
19.57 0.001862594
19.58 0.01219131
19.59 0.02057458
19.6 0.02631196
19.61 0.02817711
19.62 0.02620249
19.63 0.02177571
19.64 0.01585105
19.65 0.008278883
19.66 -0.002112452
19.67 -0.01338669
19.68 -0.02199182
19.69 -0.02908504
19.7 -0.03337969
19.71 -0.03453243
19.72 -0.03288865
19.73 -0.02957358
19.74 -0.02495813
19.75 -0.01913414
19.76 -0.01297208
19.77 -0.008602348
19.78 -0.005331173
19.79 -0.002352287
19.8 -0.000497467
19.81 0.002813424
19.82 0.008149752
19.83 0.0126582
19.84 0.01453819
19.85 0.01376771
19.86 0.009783162
19.87 0.003894165
19.88 -0.001073741
19.89 -0.004346602
19.9 -0.005829967
19.91 -0.006017193
19.92 -0.005880258
19.93 -0.005319498
19.94 -0.002684982
19.95 0.003024035
19.96 0.01069465
19.97 0.01754989
19.98 0.02229614
19.99 0.02594154
20 0.02844477
20.01 0.02968951
20.02 0.03035878
20.03 0.03159278
20.04 0.03346567
20.05 0.03513306
20.06 0.03819407
20.07 0.04077805
20.08 0.04155434
20.09 0.04032806
20.1 0.03889067
20.11 0.03796977
20.12 0.03722301
20.13 0.03674428
20.14 0.03695421
20.15 0.03684778
20.16 0.03590571
20.17 0.03525196
20.18 0.03417234
20.19 0.03321935
20.2 0.03206143
20.21 0.03069976
20.22 0.02912033
20.23 0.02670562
20.24 0.02507323
20.25 0.0238022
20.26 0.02411306
20.27 0.02597536
20.28 0.02735864
20.29 0.02929426
20.3 0.0309405
20.31 0.03148801
20.32 0.03086049
20.33 0.02689927
20.34 0.01972622
20.35 0.01092456
20.36 0.001085521
20.37 -0.009537247
20.38 -0.01919585
20.39 -0.02608147
20.4 -0.0304137
20.41 -0.03336157
20.42 -0.03477336
20.43 -0.03508211
20.44 -0.0341957
20.45 -0.03255437
20.46 -0.03041098
20.47 -0.02745793
20.48 -0.02497841
20.49 -0.02487291
20.5 -0.02653685
20.51 -0.02871389
20.52 -0.03093385
20.53 -0.03277828
20.54 -0.03552336
20.55 -0.03911107
20.56 -0.04228288
20.57 -0.04309162
20.58 -0.04201511
20.59 -0.03950469
20.6 -0.03426694
20.61 -0.02630503
20.62 -0.01714934
20.63 -0.007727773
20.64 -0.0002367459
20.65 0.002676983
20.66 0.002223362
20.67 -0.0004082156
20.68 -0.005184523
20.69 -0.01076978
20.7 -0.01537546
20.71 -0.01719466
20.72 -0.01458499
20.73 -0.008937461
20.74 -0.0008700799
20.75 0.008310256
20.76 0.01446427
20.77 0.01795212
20.78 0.02074007
20.79 0.02199235
20.8 0.02256063
20.81 0.02274799
20.82 0.02082318
20.83 0.0185352
20.84 0.01872279
20.85 0.02069216
20.86 0.02334998
20.87 0.02533748
20.88 0.02649134
20.89 0.02632925
20.9 0.02508643
20.91 0.02341094
20.92 0.02111306
20.93 0.01718289
20.94 0.008762827
20.95 -0.002266183
20.96 -0.01399439
20.97 -0.02514759
20.98 -0.03340733
20.99 -0.03795049
21 -0.03936053
21.01 -0.03814514
21.02 -0.03460813
21.03 -0.0295174
21.04 -0.02345309
21.05 -0.01775262
21.06 -0.01275146
21.07 -0.007812842
21.08 -0.005047802
21.09 -0.005064235
21.1 -0.004248417
21.11 -0.002695442
21.12 -0.001668906
21.13 -0.000465257
21.14 4.689054e-05
21.15 0.0001752044
21.16 0.002603961
21.17 0.007367159
21.18 0.01394972
21.19 0.0214385
21.2 0.02877547
21.21 0.03449881
21.22 0.03713376
21.23 0.03635165
21.24 0.03310224
21.25 0.02639126
21.26 0.01641929
21.27 0.008659699
21.28 0.004632063
21.29 0.003091028
21.3 0.002039226
21.31 0.0007769054
21.32 -0.0003298855
21.33 -0.002449957
21.34 -0.003840084
21.35 -0.004307152
21.36 -0.005176288
21.37 -0.006292724
21.38 -0.008424598
21.39 -0.0122752
21.4 -0.01692588
21.41 -0.02269531
21.42 -0.02834746
21.43 -0.03231539
21.44 -0.0353287
21.45 -0.0367622
21.46 -0.03600266
21.47 -0.03299123
21.48 -0.02729205
21.49 -0.02002786
21.5 -0.01300435
21.51 -0.008322433
21.52 -0.005591036
21.53 -0.005526915
21.54 -0.008264172
21.55 -0.01274435
21.56 -0.01755847
21.57 -0.02060223
21.58 -0.02015955
21.59 -0.01809981
21.6 -0.01645113
21.61 -0.01483929
21.62 -0.01307822
21.63 -0.01120485
21.64 -0.006877338
21.65 -0.001372539
21.66 0.003441961
21.67 0.009688701
21.68 0.0188543
21.69 0.02786239
21.7 0.03462169
21.71 0.03973995
21.72 0.04334625
21.73 0.04387602
21.74 0.04339213
21.75 0.04241597
21.76 0.04036562
21.77 0.03852723
21.78 0.03730994
21.79 0.03539656
21.8 0.03268499
21.81 0.02964785
21.82 0.02532486
21.83 0.01972417
21.84 0.01234915
21.85 0.004234044
21.86 -0.003717914
21.87 -0.01083244
21.88 -0.01661524
21.89 -0.02118309
21.9 -0.02504615
21.91 -0.02997737
21.92 -0.03628046
21.93 -0.04205588
21.94 -0.04651827
21.95 -0.04893795
21.96 -0.04889396
21.97 -0.0471587
21.98 -0.04447627
21.99 -0.04130223
22 -0.03803812
22.01 -0.03614183
22.02 -0.03659685
22.03 -0.03800716
22.04 -0.0405999
22.05 -0.04472744
22.06 -0.04878989
22.07 -0.0505242
22.08 -0.04943598
22.09 -0.0448142
22.1 -0.03603161
22.11 -0.0248686
22.12 -0.01170144
22.13 0.0004567213
22.14 0.01123819
22.15 0.01952569
22.16 0.02590741
22.17 0.03025809
22.18 0.03371562
22.19 0.03605196
22.2 0.03773537
22.21 0.04028136
22.22 0.04368334
22.23 0.04741769
22.24 0.05194781
22.25 0.05640405
22.26 0.05923126
22.27 0.06099134
22.28 0.05974574
22.29 0.0551008
22.3 0.04813369
22.31 0.03989591
22.32 0.03040153
22.33 0.02048421
22.34 0.00877318
22.35 -0.003410793
22.36 -0.01139568
22.37 -0.01552741
22.38 -0.01789592
22.39 -0.01874984
22.4 -0.0168899
22.41 -0.01332173
22.42 -0.00949011
22.43 -0.005158732
22.44 -6.216957e-05
22.45 0.004045122
22.46 0.004879453
22.47 0.002558341
22.48 -0.002270384
22.49 -0.008327462
22.5 -0.0130854
22.51 -0.01590774
22.52 -0.01667634
22.53 -0.01579888
22.54 -0.01420072
22.55 -0.01300028
22.56 -0.01160263
22.57 -0.008143332
22.58 -0.004100372
22.59 -0.002460638
22.6 -0.002869644
22.61 -0.004299482
22.62 -0.005921626
22.63 -0.007560587
22.64 -0.007424388
22.65 -0.005189623
22.66 -0.002269276
22.67 0.002998921
22.68 0.01061273
22.69 0.01725607
22.7 0.02215032
22.71 0.02469497
22.72 0.02539501
22.73 0.0237069
22.74 0.0190327
22.75 0.01325674
22.76 0.007992189
22.77 0.001789199
22.78 -0.003707692
22.79 -0.007063728
22.8 -0.0091824
22.81 -0.0105626
22.82 -0.0106218
22.83 -0.009403398
22.84 -0.006801431
22.85 -0.003222737
22.86 0.0006019262
22.87 0.002563823
22.88 0.002799258
22.89 0.002467434
22.9 0.001618167
22.91 0.001256243
22.92 0.001328813
22.93 0.0009222512
22.94 0.0006089003
22.95 -0.0002913739
22.96 -0.001491769
22.97 -0.001746148
22.98 -0.00209903
22.99 -0.002845577
23 -0.003645856
23.01 -0.003907248
23.02 -0.00432529
23.03 -0.005575823
23.04 -0.004964334
23.05 -0.003219774
23.06 -0.001453628
23.07 0.0009240066
23.08 0.003377715
23.09 0.004887577
23.1 0.007211996
23.11 0.01008707
23.12 0.01350822
23.13 0.01678936
23.14 0.01861658
23.15 0.01893311
23.16 0.01663288
23.17 0.01208584
23.18 0.007162851
23.19 0.001825413
23.2 -0.002556022
23.21 -0.00655526
23.22 -0.01133216
23.23 -0.0164695
23.24 -0.01920308
23.25 -0.01931891
23.26 -0.01793974
23.27 -0.01562988
23.28 -0.01212967
23.29 -0.008757748
23.3 -0.006365498
23.31 -0.005396225
23.32 -0.005122924
23.33 -0.004152318
23.34 -0.002287133
23.35 -0.0001323743
23.36 0.002950009
23.37 0.0081931
23.38 0.01492913
23.39 0.02296166
23.4 0.03073054
23.41 0.03596324
23.42 0.03934344
23.43 0.04092335
23.44 0.04107174
23.45 0.04096929
23.46 0.04061762
23.47 0.03840452
23.48 0.03503736
23.49 0.02979845
23.5 0.02325994
23.51 0.017654
23.52 0.01315854
23.53 0.01073552
23.54 0.01075048
23.55 0.01247387
23.56 0.01664849
23.57 0.02329137
23.58 0.03104186
23.59 0.03724575
23.6 0.04096333
23.61 0.04370244
23.62 0.04344729
23.63 0.04141399
23.64 0.03869844
23.65 0.03332707
23.66 0.02478925
23.67 0.01597916
23.68 0.008391392
23.69 0.002038827
23.7 -0.003806405
23.71 -0.009203331
23.72 -0.01348781
23.73 -0.01811206
23.74 -0.02390606
23.75 -0.02988609
23.76 -0.03541836
23.77 -0.04037928
23.78 -0.04498306
23.79 -0.04942085
23.8 -0.05397721
23.81 -0.05904822
23.82 -0.06395609
23.83 -0.06757223
23.84 -0.06885292
23.85 -0.06828711
23.86 -0.06736046
23.87 -0.06529724
23.88 -0.06197783
23.89 -0.05754444
23.9 -0.05258136
23.91 -0.04831499
23.92 -0.04374901
23.93 -0.03855059
23.94 -0.03331581
23.95 -0.02909776
23.96 -0.0246331
23.97 -0.02041921
23.98 -0.01636009
23.99 -0.01263923
24 -0.01001463
24.01 -0.008661598
24.02 -0.008088028
24.03 -0.008450691
24.04 -0.009389367
24.05 -0.0101647
24.06 -0.01139663
24.07 -0.01129193
24.08 -0.01109319
24.09 -0.01173363
24.1 -0.01332482
24.11 -0.01645343
24.12 -0.02060711
24.13 -0.02527898
24.14 -0.02976441
24.15 -0.0336642
24.16 -0.03678845
24.17 -0.03879943
24.18 -0.0373234
24.19 -0.03326131
24.2 -0.02904561
24.21 -0.02459709
24.22 -0.01829923
24.23 -0.01201448
24.24 -0.004833595
24.25 0.003287403
24.26 0.01146227
24.27 0.01869189
24.28 0.02454311
24.29 0.02901043
24.3 0.03181197
24.31 0.03407048
24.32 0.03512161
24.33 0.03583921
24.34 0.03524216
24.35 0.03423966
24.36 0.03221842
24.37 0.03053576
24.38 0.02990684
24.39 0.02970876
24.4 0.02892038
24.41 0.02826301
24.42 0.02809381
24.43 0.02744557
24.44 0.02729721
24.45 0.02714108
24.46 0.02545099
24.47 0.0228493
24.48 0.02010699
24.49 0.01763732
24.5 0.01478023
24.51 0.01241332
24.52 0.01064649
24.53 0.007983572
24.54 0.004082348
24.55 -0.0002713414
24.56 -0.004961828
24.57 -0.008093162
24.58 -0.009426459
24.59 -0.009525075
24.6 -0.007723238
24.61 -0.004876999
24.62 -0.00236926
24.63 0.0001257958
24.64 0.003670608
24.65 0.007406707
24.66 0.01058788
24.67 0.01388086
24.68 0.01637649
24.69 0.01656645
24.7 0.01622763
24.71 0.01589381
24.72 0.01403847
24.73 0.01172413
24.74 0.01002634
24.75 0.008013133
24.76 0.006296473
24.77 0.005386794
24.78 0.004865597
24.79 0.004780707
24.8 0.005269538
24.81 0.005585996
24.82 0.005188068
24.83 0.004509219
24.84 0.00521449
24.85 0.005824768
24.86 0.005881348
24.87 0.006050748
24.88 0.005584422
24.89 0.004992295
24.9 0.004741486
24.91 0.00486392
24.92 0.005619622
24.93 0.006176815
24.94 0.005788598
24.95 0.004950036
24.96 0.004856433
24.97 0.005045771
24.98 0.005550579
24.99 0.006982607
25 0.009412735
25.01 0.01245682
25.02 0.01373688
25.03 0.0143657
25.04 0.01674756
25.05 0.01968506
25.06 0.02203619
25.07 0.02291262
25.08 0.02262291
25.09 0.02222854
25.1 0.02210396
25.11 0.0224683
25.12 0.02339261
25.13 0.02411794
25.14 0.02486976
25.15 0.02589914
25.16 0.02640507
25.17 0.0269764
25.18 0.02762857
25.19 0.0275812
25.2 0.02672508
25.21 0.02533574
25.22 0.02297269
25.23 0.01990429
25.24 0.01755813
25.25 0.0146751
25.26 0.01036242
25.27 0.005231002
25.28 0.0008712151
25.29 -0.00243221
25.3 -0.005566736
25.31 -0.007826036
25.32 -0.009919308
25.33 -0.01238963
25.34 -0.01497553
25.35 -0.01841064
25.36 -0.02149827
25.37 -0.02368796
25.38 -0.02558461
25.39 -0.02714958
25.4 -0.02899739
25.41 -0.03170581
25.42 -0.03447355
25.43 -0.03631366
25.44 -0.03704143
25.45 -0.03625913
25.46 -0.03369829
25.47 -0.02899482
25.48 -0.02549683
25.49 -0.02341901
25.5 -0.01971269
25.51 -0.01484384
25.52 -0.009215308
25.53 -0.003081504
25.54 0.002040835
25.55 0.005355797
25.56 0.006030696
25.57 0.005312164
25.58 0.003590054
25.59 0.001864944
25.6 0.001586481
25.61 0.002995018
25.62 0.005213641
25.63 0.007636757
25.64 0.01096564
25.65 0.01473016
25.66 0.01779655
25.67 0.02054961
25.68 0.02350714
25.69 0.02547404
25.7 0.02523602
25.71 0.02337863
25.72 0.01944837
25.73 0.01442637
25.74 0.00993172
25.75 0.006394255
25.76 0.003327481
25.77 0.0004405554
25.78 -0.002348194
25.79 -0.005133197
25.8 -0.008451962
25.81 -0.01237946
25.82 -0.0162823
25.83 -0.01988428
25.84 -0.02164296
25.85 -0.02073487
25.86 -0.01924766
25.87 -0.01781149
25.88 -0.0163027
25.89 -0.01607163
25.9 -0.01716516
25.91 -0.01790522
25.92 -0.01783324
25.93 -0.01802158
25.94 -0.01848055
25.95 -0.01897445
25.96 -0.01919716
25.97 -0.01894859
25.98 -0.01762799
25.99 -0.01584155
26 -0.01466275
26.01 -0.01412377
26.02 -0.01413457
26.03 -0.01521412
26.04 -0.01557754
26.05 -0.01541217
26.06 -0.01539005
26.07 -0.01453314
26.08 -0.01317219
26.09 -0.01246423
26.1 -0.01209379
26.11 -0.01125976
26.12 -0.009898553
26.13 -0.008239804
26.14 -0.006993755
26.15 -0.005723349
26.16 -0.004137611
26.17 -0.002324079
26.18 0.0007071102
26.19 0.003554958
26.2 0.004687387
26.21 0.004609156
26.22 0.003777555
26.23 0.001665242
26.24 -0.0008255749
26.25 -0.003844586
26.26 -0.007446572
26.27 -0.01088079
26.28 -0.01380095
26.29 -0.01541239
26.3 -0.01541329
26.31 -0.01463419
26.32 -0.01411301
26.33 -0.01444144
26.34 -0.01511519
26.35 -0.01577372
26.36 -0.01596094
26.37 -0.01571008
26.38 -0.01575578
26.39 -0.01566783
26.4 -0.01578371
26.41 -0.01618728
26.42 -0.0162425
26.43 -0.01551709
26.44 -0.01439758
26.45 -0.01249687
26.46 -0.01052763
26.47 -0.009287199
26.48 -0.008774589
26.49 -0.007679325
26.5 -0.00580276
26.51 -0.00385099
26.52 -0.001413082
26.53 0.002400081
26.54 0.006038087
26.55 0.008531611
26.56 0.01057113
26.57 0.01136433
26.58 0.01130105
26.59 0.01134297
26.6 0.01133807
26.61 0.009987575
26.62 0.006759758
26.63 0.001696414
26.64 -0.003124753
26.65 -0.006581143
26.66 -0.00972675
26.67 -0.01144855
26.68 -0.01140585
26.69 -0.01087637
26.7 -0.01026447
26.71 -0.00721819
26.72 -0.001781274
26.73 0.004428149
26.74 0.01026821
26.75 0.01461538
26.76 0.0180177
26.77 0.02023656
26.78 0.02145705
26.79 0.02255781
26.8 0.02287578
26.81 0.0234319
26.82 0.02441201
26.83 0.02471512
26.84 0.02529195
26.85 0.02696859
26.86 0.02767428
26.87 0.02726754
26.88 0.02667982
26.89 0.02573111
26.9 0.02633107
26.91 0.0272576
26.92 0.02636026
26.93 0.02521825
26.94 0.02296319
26.95 0.01962878
26.96 0.01586173
26.97 0.01126289
26.98 0.006894627
26.99 0.003875167
27 0.0007836692
27.01 -0.000696686
27.02 -0.0003332461
27.03 0.0001720331
27.04 0.0001545052
27.05 8.188424e-05
27.06 0.0001148019
27.07 -8.191056e-05
27.08 -0.001273486
27.09 -0.001922381
27.1 -0.0005116137
27.11 0.0007507422
27.12 0.002469503
27.13 0.00481125
27.14 0.006461671
27.15 0.006795766
27.16 0.005772373
27.17 0.00381253
27.18 0.002087651
27.19 -0.0001359022
27.2 -0.002989611
27.21 -0.005935643
27.22 -0.008519026
27.23 -0.01129791
27.24 -0.01321489
27.25 -0.01321552
27.26 -0.01233773
27.27 -0.01097975
27.28 -0.009171552
27.29 -0.007359771
27.3 -0.006137655
27.31 -0.004867905
27.32 -0.004474735
27.33 -0.004809173
27.34 -0.005865123
27.35 -0.008040597
27.36 -0.01094532
27.37 -0.01316241
27.38 -0.01430356
27.39 -0.01446856
27.4 -0.01411402
27.41 -0.01327586
27.42 -0.01311211
27.43 -0.01448068
27.44 -0.01592244
27.45 -0.01734901
27.46 -0.01865526
27.47 -0.01925355
27.48 -0.01988123
27.49 -0.0200903
27.5 -0.01934578
27.51 -0.01727804
27.52 -0.01436856
27.53 -0.01017467
27.54 -0.005022964
27.55 0.0008240967
27.56 0.007811541
27.57 0.01604237
27.58 0.02455706
27.59 0.03184193
27.6 0.03770506
27.61 0.04258696
27.62 0.04514445
27.63 0.04589386
27.64 0.04546724
27.65 0.04413137
27.66 0.04244284
27.67 0.03948414
27.68 0.03551793
27.69 0.03152576
27.7 0.02783934
27.71 0.02465139
27.72 0.02153285
27.73 0.01881735
27.74 0.0158255
27.75 0.01379671
27.76 0.01206854
27.77 0.008996409
27.78 0.004680592
27.79 0.001711374
27.8 -0.0008090533
27.81 -0.004263677
27.82 -0.007301743
27.83 -0.007906286
27.84 -0.006808421
27.85 -0.005342025
27.86 -0.004059239
27.87 -0.001879845
27.88 0.0005384488
27.89 0.002803337
27.9 0.004201174
27.91 0.003881586
27.92 0.00229797
27.93 -0.00113871
27.94 -0.006731795
27.95 -0.01349402
27.96 -0.02012927
27.97 -0.02486289
27.98 -0.02733109
27.99 -0.02938178
28 -0.03045365
28.01 -0.03028996
28.02 -0.02911902
28.03 -0.02611673
28.04 -0.02163943
28.05 -0.01621219
28.06 -0.01129357
28.07 -0.007578946
28.08 -0.004279279
28.09 -0.001646593
28.1 -0.000458561
28.11 0.0006232864
28.12 0.002264665
28.13 0.003586451
28.14 0.00471683
28.15 0.005110283
28.16 0.004451767
28.17 0.003531528
28.18 0.002869445
28.19 0.00115088
28.2 -0.0007833083
28.21 -0.002455509
28.22 -0.005256816
28.23 -0.007785553
28.24 -0.009168286
28.25 -0.00926186
28.26 -0.008913633
28.27 -0.007407382
28.28 -0.004918812
28.29 -0.002726934
28.3 -0.0008834798
28.31 0.001003993
28.32 0.003279211
28.33 0.005049809
28.34 0.006358573
28.35 0.006585068
28.36 0.006417227
28.37 0.006399443
28.38 0.006145832
28.39 0.006045731
28.4 0.006139282
28.41 0.006233802
28.42 0.006541612
28.43 0.006642923
28.44 0.007123173
28.45 0.008533175
28.46 0.009879614
28.47 0.01153237
28.48 0.01148641
28.49 0.009664145
28.5 0.009034049
28.51 0.009345565
28.52 0.009521328
28.53 0.01069459
28.54 0.01212197
28.55 0.01224789
28.56 0.01201649
28.57 0.01142166
28.58 0.009777908
28.59 0.008521351
28.6 0.007296883
28.61 0.006314572
28.62 0.005465547
28.63 0.004333413
28.64 0.002643722
28.65 0.001064154
28.66 -0.00163109
28.67 -0.003576502
28.68 -0.005442854
28.69 -0.0084149
28.7 -0.01157061
28.71 -0.01411208
28.72 -0.01631487
28.73 -0.01829353
28.74 -0.01992414
28.75 -0.02039144
28.76 -0.01900288
28.77 -0.01764883
28.78 -0.0164124
28.79 -0.0144424
28.8 -0.01203523
28.81 -0.01028404
28.82 -0.009648538
28.83 -0.008851654
28.84 -0.008206683
28.85 -0.007971552
28.86 -0.008186679
28.87 -0.009907558
28.88 -0.01181982
28.89 -0.01368646
28.9 -0.01563369
28.91 -0.01708931
28.92 -0.01750855
28.93 -0.01641051
28.94 -0.01479006
28.95 -0.01219045
28.96 -0.007940745
28.97 -0.003202274
28.98 0.001314456
28.99 0.004976099
29 0.008007273
29.01 0.01006512
29.02 0.01205013
29.03 0.01425004
29.04 0.01710151
29.05 0.01977755
29.06 0.0217804
29.07 0.02340764
29.08 0.02457329
29.09 0.02516291
29.1 0.02647794
29.11 0.02785221
29.12 0.02893173
29.13 0.03005242
29.14 0.02980512
29.15 0.02836099
29.16 0.02619254
29.17 0.02314269
29.18 0.01873661
29.19 0.01251974
29.2 0.006295935
29.21 0.002033475
29.22 -0.001314595
29.23 -0.002852301
29.24 -0.002323242
29.25 -0.0005705111
29.26 0.0004841681
29.27 0.0001905879
29.28 -0.0003043421
29.29 -0.001999152
29.3 -0.004046043
29.31 -0.005375021
29.32 -0.00674672
29.33 -0.007664935
29.34 -0.007645061
29.35 -0.007507255
29.36 -0.007540169
29.37 -0.007580791
29.38 -0.008363802
29.39 -0.0100167
29.4 -0.01049747
29.41 -0.01024024
29.42 -0.0102203
29.43 -0.01022462
29.44 -0.008913581
29.45 -0.007605933
29.46 -0.007553021
29.47 -0.007075528
29.48 -0.006849751
29.49 -0.007532151
29.5 -0.007578808
29.51 -0.007299434
29.52 -0.005848913
29.53 -0.003848203
29.54 -0.001609628
29.55 0.0001807605
29.56 0.001475063
29.57 0.002032751
29.58 0.0006370405
29.59 -0.0009590339
29.6 -0.002679646
29.61 -0.004961792
29.62 -0.006943584
29.63 -0.008018318
29.64 -0.008382479
29.65 -0.009358634
29.66 -0.01065661
29.67 -0.01138151
29.68 -0.01297364
29.69 -0.01486719
29.7 -0.01709011
29.71 -0.01858616
29.72 -0.01950752
29.73 -0.02083938
29.74 -0.02123927
29.75 -0.02109082
29.76 -0.02106888
29.77 -0.02112036
29.78 -0.02117548
29.79 -0.02121811
29.8 -0.0212217
29.81 -0.02122572
29.82 -0.02106869
29.83 -0.0196296
29.84 -0.01734467
29.85 -0.01452391
29.86 -0.01143678
29.87 -0.007791299
29.88 -0.004093807
29.89 -0.0007075641
29.9 0.002875211
29.91 0.005394724
29.92 0.007446811
29.93 0.008933158
29.94 0.008953311
29.95 0.008475554
29.96 0.007661772
29.97 0.006482149
29.98 0.006546737
29.99 0.006569951
30 0.006645212
30.01 0.00769269
30.02 0.008510695
30.03 0.008425606
30.04 0.008505175
30.05 0.007954406
30.06 0.006176312
30.07 0.00459617
30.08 0.002772993
30.09 0.0006712356
30.1 -0.000338091
30.11 -0.0004009259
30.12 0.0005720236
30.13 0.001096254
30.14 0.002156194
30.15 0.003390307
30.16 0.003672491
30.17 0.005255087
30.18 0.007488389
30.19 0.008652668
30.2 0.009856378
30.21 0.01083115
30.22 0.009611745
30.23 0.008018169
30.24 0.007420393
30.25 0.006854718
30.26 0.005846422
30.27 0.005381491
30.28 0.005486767
30.29 0.005478808
30.3 0.005881749
30.31 0.008128421
30.32 0.01094619
30.33 0.01296431
30.34 0.01410172
30.35 0.01504983
30.36 0.01534596
30.37 0.01525678
30.38 0.01519313
30.39 0.01514748
30.4 0.01543694
30.41 0.01639178
30.42 0.01724201
30.43 0.01734232
30.44 0.01744187
30.45 0.01732495
30.46 0.01594938
30.47 0.01327837
30.48 0.01034909
30.49 0.007869943
30.5 0.005923537
30.51 0.004481734
30.52 0.003568119
30.53 0.003062709
30.54 0.002477669
30.55 0.000642781
30.56 -0.001887953
30.57 -0.003452204
30.58 -0.005171518
30.59 -0.007789823
30.6 -0.01045462
30.61 -0.01193914
30.62 -0.01329968
30.63 -0.01372702
30.64 -0.0126761
30.65 -0.01132923
30.66 -0.0110438
30.67 -0.0112859
30.68 -0.01174609
30.69 -0.01304558
30.7 -0.01400891
30.71 -0.01396078
30.72 -0.01297276
30.73 -0.01119759
30.74 -0.007529679
30.75 -0.002614316
30.76 0.002967882
30.77 0.008550272
30.78 0.01227425
30.79 0.01417642
30.8 0.01567349
30.81 0.01551783
30.82 0.01324271
30.83 0.01016383
30.84 0.008199731
30.85 0.008043532
30.86 0.008197124
30.87 0.007889447
30.88 0.008069928
30.89 0.008252919
30.9 0.008153947
30.91 0.008078186
30.92 0.00802603
30.93 0.007792155
30.94 0.006345258
30.95 0.004887735
30.96 0.004866977
30.97 0.005220437
30.98 0.004735115
30.99 0.003824944
31 0.002056526
31.01 -0.0005628142
31.02 -0.003407169
31.03 -0.005219904
31.04 -0.005839786
31.05 -0.006972034
31.06 -0.007825229
31.07 -0.007886449
31.08 -0.008441698
31.09 -0.009458275
31.1 -0.01020562
31.11 -0.01145667
31.12 -0.0134142
31.13 -0.01504663
31.14 -0.01592781
31.15 -0.01691609
31.16 -0.01754767
31.17 -0.01603757
31.18 -0.013984
31.19 -0.01250102
31.2 -0.01139024
31.21 -0.0102483
31.22 -0.009974358
31.23 -0.01102853
31.24 -0.01155192
31.25 -0.01144141
31.26 -0.01114606
31.27 -0.01123841
31.28 -0.01212155
31.29 -0.01322612
31.3 -0.01370418
31.31 -0.01344749
31.32 -0.01372807
31.33 -0.01395906
31.34 -0.01394064
31.35 -0.01396864
31.36 -0.01329626
31.37 -0.01181755
31.38 -0.01125548
31.39 -0.01039835
31.4 -0.009167733
31.41 -0.00848231
31.42 -0.008283592
31.43 -0.009017323
31.44 -0.009488206
31.45 -0.01049113
31.46 -0.01175124
31.47 -0.01271912
31.48 -0.01307839
31.49 -0.01290836
31.5 -0.01199471
31.51 -0.009902684
31.52 -0.007293059
31.53 -0.004704644
31.54 -0.002295416
31.55 -0.0003027647
31.56 0.001140762
31.57 0.002602925
31.58 0.004023304
31.59 0.005647827
31.6 0.007750425
31.61 0.01032479
31.62 0.01303186
31.63 0.01468832
31.64 0.01683059
31.65 0.01918043
31.66 0.02002962
31.67 0.02030316
31.68 0.02152108
31.69 0.02257102
31.7 0.02299415
31.71 0.02365963
31.72 0.0241284
31.73 0.0248063
31.74 0.02499554
31.75 0.02403853
31.76 0.02247894
31.77 0.02014905
31.78 0.01818184
31.79 0.01655056
31.8 0.01458148
31.81 0.01228162
31.82 0.009408528
31.83 0.007151197
31.84 0.004423381
31.85 0.0003552077
31.86 -0.003779182
31.87 -0.006577858
31.88 -0.009796595
31.89 -0.01360532
31.9 -0.01609095
31.91 -0.01776668
31.92 -0.01881703
31.93 -0.01873912
31.94 -0.01839814
31.95 -0.01892325
31.96 -0.01988313
31.97 -0.02080047
31.98 -0.02128516
31.99 -0.02125037
32 -0.02105872
32.01 -0.01998476
32.02 -0.01836746
32.03 -0.01696236
32.04 -0.01464396
32.05 -0.01235842
32.06 -0.01044129
32.07 -0.008826876
32.08 -0.007988337
32.09 -0.007667476
32.1 -0.00786759
32.11 -0.008207097
32.12 -0.00793213
32.13 -0.0080249
32.14 -0.008125698
32.15 -0.007963825
32.16 -0.00763617
32.17 -0.006516527
32.18 -0.003482623
32.19 -0.0002599431
32.2 0.002878379
32.21 0.005819124
32.22 0.007841648
32.23 0.009424532
32.24 0.01133201
32.25 0.01294603
32.26 0.01376316
32.27 0.0136865
32.28 0.01284222
32.29 0.01124902
32.3 0.01072531
32.31 0.01113783
32.32 0.01229774
32.33 0.01430017
32.34 0.0160795
32.35 0.01732597
32.36 0.0181891
32.37 0.0181181
32.38 0.01788485
32.39 0.01789847
32.4 0.01745824
32.41 0.01731544
32.42 0.01742324
32.43 0.01656453
32.44 0.01571498
32.45 0.01568679
32.46 0.01490716
32.47 0.01338151
32.48 0.01306302
32.49 0.01286036
32.5 0.0114377
32.51 0.0113322
32.52 0.01193227
32.53 0.01241159
32.54 0.01272447
32.55 0.01132211
32.56 0.01007565
32.57 0.008717954
32.58 0.007060307
32.59 0.006563729
32.6 0.00672115
32.61 0.006831357
32.62 0.007189831
32.63 0.006207762
32.64 0.006158887
32.65 0.007494487
32.66 0.007465055
32.67 0.007804812
32.68 0.009251564
32.69 0.0104694
32.7 0.01073417
32.71 0.01138323
32.72 0.01217308
32.73 0.01268416
32.74 0.0128413
32.75 0.01234953
32.76 0.01169232
32.77 0.01115931
32.78 0.01059451
32.79 0.008167439
32.8 0.005819441
32.81 0.003171124
32.82 -0.0004004714
32.83 -0.004291952
32.84 -0.008066514
32.85 -0.01081816
32.86 -0.01331646
32.87 -0.01499153
32.88 -0.01662932
32.89 -0.01773712
32.9 -0.01760059
32.91 -0.0166632
32.92 -0.01593136
32.93 -0.01530032
32.94 -0.01503069
32.95 -0.01479101
32.96 -0.01510899
32.97 -0.01542951
32.98 -0.01635324
32.99 -0.01772989
33 -0.01878047
33.01 -0.01966992
33.02 -0.02048149
33.03 -0.02198262
33.04 -0.02240682
33.05 -0.02153443
33.06 -0.02160067
33.07 -0.02119088
33.08 -0.01999792
33.09 -0.0182335
33.1 -0.01598954
33.11 -0.01300471
33.12 -0.009828854
33.13 -0.006764411
33.14 -0.004851953
33.15 -0.003558904
33.16 -0.002127804
33.17 -0.0009077513
33.18 0.0004378439
33.19 0.001880581
33.2 0.002895188
33.21 0.004177663
33.22 0.005468958
33.23 0.006076587
33.24 0.007318065
33.25 0.009576806
33.26 0.01103484
33.27 0.01143867
33.28 0.01170257
33.29 0.01118597
33.3 0.009818337
33.31 0.008604741
33.32 0.006738355
33.33 0.00497236
33.34 0.003513919
33.35 0.001974225
33.36 0.001551128
33.37 0.001805897
33.38 0.002777095
33.39 0.004697444
33.4 0.006859402
33.41 0.009915596
33.42 0.01184656
33.43 0.01266518
33.44 0.01335747
33.45 0.01439932
33.46 0.01535042
33.47 0.01579785
33.48 0.01571455
33.49 0.01462821
33.5 0.01331846
33.51 0.01231271
33.52 0.01168694
33.53 0.01097417
33.54 0.009950575
33.55 0.007491073
33.56 0.004740075
33.57 0.002395146
33.58 0.000445555
33.59 -0.00101022
33.6 -0.002400375
33.61 -0.003154074
33.62 -0.003320948
33.63 -0.003977147
33.64 -0.00389727
33.65 -0.002684715
33.66 -0.001543403
33.67 -0.001184391
33.68 -0.0003920879
33.69 0.001168543
33.7 0.002396861
33.71 0.002517885
33.72 0.00256231
33.73 0.004017958
33.74 0.005124099
33.75 0.004172469
33.76 0.002277509
33.77 0.0003458824
33.78 -0.001656079
33.79 -0.003558793
33.8 -0.005908674
33.81 -0.007886044
33.82 -0.009618142
33.83 -0.01134907
33.84 -0.01208038
33.85 -0.01271743
33.86 -0.01410135
33.87 -0.01496394
33.88 -0.01552147
33.89 -0.01595418
33.9 -0.01624168
33.91 -0.01572781
33.92 -0.01405456
33.93 -0.0121513
33.94 -0.0104511
33.95 -0.008342417
33.96 -0.006092701
33.97 -0.004032574
33.98 -0.002903656
33.99 -0.003011894
34 -0.002880247
34.01 -0.002646214
34.02 -0.002600797
34.03 -0.002595277
34.04 -0.002796952
34.05 -0.003469149
34.06 -0.004789445
34.07 -0.006029017
34.08 -0.007635021
34.09 -0.009421507
34.1 -0.01012607
34.11 -0.009971768
34.12 -0.00983882
34.13 -0.009812993
34.14 -0.009694857
34.15 -0.00959988
34.16 -0.00960231
34.17 -0.00943399
34.18 -0.008883498
34.19 -0.007929102
34.2 -0.006901465
34.21 -0.006698827
34.22 -0.006795735
34.23 -0.006722145
34.24 -0.005485266
34.25 -0.003777019
34.26 -0.003165731
34.27 -0.003575197
34.28 -0.00428172
34.29 -0.004756348
34.3 -0.00510841
34.31 -0.005192041
34.32 -0.00500831
34.33 -0.004331516
34.34 -0.004584904
34.35 -0.005236896
34.36 -0.005739028
34.37 -0.005960046
34.38 -0.005502795
34.39 -0.004759041
34.4 -0.003145599
34.41 -0.0001093166
34.42 0.002748863
34.43 0.004981608
34.44 0.008344029
34.45 0.01208921
34.46 0.01496896
34.47 0.01703091
34.48 0.01915682
34.49 0.02058481
34.5 0.0212144
34.51 0.02167135
34.52 0.02203381
34.53 0.02148994
34.54 0.02050769
34.55 0.0184972
34.56 0.01653862
34.57 0.01597711
34.58 0.0154286
34.59 0.01413451
34.6 0.01378258
34.61 0.01440728
34.62 0.01522459
34.63 0.01553185
34.64 0.01687625
34.65 0.01817616
34.66 0.01856847
34.67 0.01909105
34.68 0.02044148
34.69 0.02066145
34.7 0.0199688
34.71 0.02036024
34.72 0.02079075
34.73 0.0195948
34.74 0.01777421
34.75 0.0156157
34.76 0.01267328
34.77 0.009896422
34.78 0.006392914
34.79 0.003214482
34.8 0.0006437983
34.81 -0.001710842
34.82 -0.003254965
34.83 -0.00458039
34.84 -0.006210971
34.85 -0.006662802
34.86 -0.005688752
34.87 -0.00499982
34.88 -0.004738103
34.89 -0.005076507
34.9 -0.005729605
34.91 -0.006115194
34.92 -0.005968898
34.93 -0.006040926
34.94 -0.005830965
34.95 -0.005938283
34.96 -0.006152315
34.97 -0.006408946
34.98 -0.006803244
34.99 -0.007072875
35 -0.007662677
35.01 -0.008132529
35.02 -0.008383181
35.03 -0.00863578
35.04 -0.008434695
35.05 -0.008565469
35.06 -0.009188782
35.07 -0.01054371
35.08 -0.01229921
35.09 -0.0131406
35.1 -0.01338179
35.11 -0.01319554
35.12 -0.01243839
35.13 -0.01021742
35.14 -0.007859833
35.15 -0.006659303
35.16 -0.005590725
35.17 -0.005034787
35.18 -0.004701886
35.19 -0.004343532
35.2 -0.00536118
35.21 -0.006372106
35.22 -0.006744869
35.23 -0.00719497
35.24 -0.00659241
35.25 -0.006064222
35.26 -0.005422787
35.27 -0.004962448
35.28 -0.004254622
35.29 -0.004212419
35.3 -0.003926914
35.31 -0.002702928
35.32 -0.001086031
35.33 0.001172592
35.34 0.003780721
35.35 0.005207163
35.36 0.006029736
35.37 0.006350214
35.38 0.005325506
35.39 0.003572321
35.4 0.001498255
35.41 0.0001523679
35.42 -0.0005252099
35.43 -0.001087521
35.44 -0.0009215541
35.45 -0.0006113188
35.46 -5.529784e-05
35.47 0.000557034
35.48 0.0006074404
35.49 0.0005184359
35.5 0.0008236597
35.51 0.001621516
35.52 0.003007673
35.53 0.004971577
35.54 0.006353046
35.55 0.007232084
35.56 0.008269042
35.57 0.008702842
35.58 0.009428194
35.59 0.01003427
35.6 0.01079188
35.61 0.01221265
35.62 0.01363041
35.63 0.01469564
35.64 0.01618925
35.65 0.01826574
35.66 0.01874635
35.67 0.01813128
35.68 0.01780214
35.69 0.01706111
35.7 0.01547703
35.71 0.01491984
35.72 0.01485479
35.73 0.01414115
35.74 0.01351892
35.75 0.01346954
35.76 0.01371672
35.77 0.01383453
35.78 0.01355677
35.79 0.01304926
35.8 0.01189699
35.81 0.0103296
35.82 0.008761101
35.83 0.007073793
35.84 0.00564135
35.85 0.004866027
35.86 0.003708255
35.87 0.001686089
35.88 -0.0005791246
35.89 -0.003355658
35.9 -0.007018433
35.91 -0.01141472
35.92 -0.01520211
35.93 -0.01791981
35.94 -0.01983753
35.95 -0.02143651
35.96 -0.02256725
35.97 -0.02259945
35.98 -0.02212195
35.99 -0.02162322
36 -0.02138126
36.01 -0.02083799
36.02 -0.02084902
36.03 -0.02151354
36.04 -0.02162126
36.05 -0.0215947
36.06 -0.02233836
36.07 -0.02266699
36.08 -0.02238132
36.09 -0.02197678
36.1 -0.02169669
36.11 -0.02152777
36.12 -0.02150422
36.13 -0.0211084
36.14 -0.02068956
36.15 -0.02147252
36.16 -0.0224762
36.17 -0.02222097
36.18 -0.02138773
36.19 -0.02028133
36.2 -0.01877437
36.21 -0.01721523
36.22 -0.01598345
36.23 -0.0154551
36.24 -0.01436726
36.25 -0.01302801
36.26 -0.01139954
36.27 -0.01019816
36.28 -0.009394253
36.29 -0.0091252
36.3 -0.00860226
36.31 -0.00772284
36.32 -0.007016254
36.33 -0.006800454
36.34 -0.006103518
36.35 -0.004374734
36.36 -0.00299047
36.37 -0.001615411
36.38 -0.0003995335
36.39 0.0003697223
36.4 0.0004427583
36.41 9.338901e-05
36.42 -8.100761e-05
36.43 -0.0003477965
36.44 0.0008855933
36.45 0.002545594
36.46 0.00430507
36.47 0.006205135
36.48 0.008109424
36.49 0.009669023
36.5 0.01119871
36.51 0.01210685
36.52 0.01313299
36.53 0.01419562
36.54 0.01519569
36.55 0.01530364
36.56 0.01495853
36.57 0.01436184
36.58 0.01452612
36.59 0.01481359
36.6 0.014708
36.61 0.01506141
36.62 0.0152355
36.63 0.01470009
36.64 0.01455257
36.65 0.01526579
36.66 0.01548018
36.67 0.01525876
36.68 0.01514128
36.69 0.01509356
36.7 0.01500552
36.71 0.01489543
36.72 0.01459797
36.73 0.01394025
36.74 0.01266738
36.75 0.01178214
36.76 0.01064741
36.77 0.009199455
36.78 0.007651891
36.79 0.006306956
36.8 0.005015483
36.81 0.004108514
36.82 0.00292752
36.83 0.001833505
36.84 0.0004841007
36.85 0.0001562739
36.86 0.000329319
36.87 -0.0006224976
36.88 -0.002021298
36.89 -0.00239865
36.9 -0.003084904
36.91 -0.003583451
36.92 -0.002842552
36.93 -0.002049159
36.94 -0.002069515
36.95 -0.003281182
36.96 -0.003523859
36.97 -0.003345256
36.98 -0.002625765
36.99 -0.001604668
37 -0.0004533854
37.01 0.0004983415
37.02 0.001497671
37.03 0.002906014
37.04 0.004230183
37.05 0.004684849
37.06 0.004496991
37.07 0.004330798
37.08 0.003875416
37.09 0.002501544
37.1 0.0008892756
37.11 7.780164e-05
37.12 -0.0006526711
37.13 -0.00182988
37.14 -0.002257913
37.15 -0.002733868
37.16 -0.003534707
37.17 -0.003886741
37.18 -0.003763874
37.19 -0.003694376
37.2 -0.0041981
37.21 -0.005059027
37.22 -0.005259702
37.23 -0.005516067
37.24 -0.005607675
37.25 -0.005496439
37.26 -0.005405996
37.27 -0.005401509
37.28 -0.00617566
37.29 -0.007165701
37.3 -0.007652596
37.31 -0.007952616
37.32 -0.008408989
37.33 -0.008614788
37.34 -0.009037233
37.35 -0.009727966
37.36 -0.01040892
37.37 -0.01163746
37.38 -0.01309104
37.39 -0.01369579
37.4 -0.01437419
37.41 -0.01460422
37.42 -0.01419927
37.43 -0.01355121
37.44 -0.01236338
37.45 -0.01067088
37.46 -0.008393929
37.47 -0.005976458
37.48 -0.003746256
37.49 -0.001882424
37.5 -0.0001001361
37.51 0.001570367
37.52 0.003152556
37.53 0.004806797
37.54 0.006132584
37.55 0.006426206
37.56 0.006215753
37.57 0.006129165
37.58 0.006109546
37.59 0.00604743
37.6 0.00597621
37.61 0.005920695
37.62 0.005927906
37.63 0.00592555
37.64 0.005857629
37.65 0.006100893
37.66 0.007032931
37.67 0.007452376
37.68 0.008078593
37.69 0.008977461
37.7 0.009322284
37.71 0.009511344
37.72 0.01008656
37.73 0.01089032
37.74 0.01117726
37.75 0.01153356
37.76 0.0117569
37.77 0.01153758
37.78 0.01111949
37.79 0.01121171
37.8 0.01137558
37.81 0.01115159
37.82 0.01073424
37.83 0.01040263
37.84 0.01031954
37.85 0.01053119
37.86 0.01023724
37.87 0.009679919
37.88 0.008919374
37.89 0.008040862
37.9 0.007426746
37.91 0.007093375
37.92 0.006770895
37.93 0.006048139
37.94 0.005184204
37.95 0.004291725
37.96 0.003771845
37.97 0.003343189
37.98 0.002502918
37.99 0.001839379
38 0.001307641
38.01 0.0007753205
38.02 0.0004805358
38.03 3.556812e-05
38.04 -0.0005196756
38.05 -0.001115449
38.06 -0.001753132
38.07 -0.002360093
38.08 -0.003072795
38.09 -0.003619353
38.1 -0.004061486
38.11 -0.004151217
38.12 -0.00404857
38.13 -0.003969397
38.14 -0.003889494
38.15 -0.004089738
38.16 -0.00471465
38.17 -0.004989628
38.18 -0.00493371
38.19 -0.004835094
38.2 -0.00489485
38.21 -0.005319022
38.22 -0.005421915
38.23 -0.005301903
38.24 -0.005436201
38.25 -0.005224738
38.26 -0.004766062
38.27 -0.004314919
38.28 -0.003899874
38.29 -0.003833049
38.3 -0.003769708
38.31 -0.00395953
38.32 -0.004328149
38.33 -0.004463689
38.34 -0.004813875
38.35 -0.005304343
38.36 -0.005457276
38.37 -0.005718223
38.38 -0.006098819
38.39 -0.006335788
38.4 -0.006322562
38.41 -0.006344326
38.42 -0.006229202
38.43 -0.006044385
38.44 -0.005602764
38.45 -0.005015574
38.46 -0.004446245
38.47 -0.003674183
38.48 -0.003032618
38.49 -0.002644989
38.5 -0.002275598
38.51 -0.001842957
38.52 -0.001367684
38.53 -0.001074085
38.54 -0.0006789556
38.55 -0.0004483285
38.56 -0.0005087554
38.57 -0.000585253
38.58 -0.0006307727
38.59 -0.0006976253
38.6 -0.0006324793
38.61 -0.000647513
38.62 -0.0006152404
38.63 -0.0005385602
38.64 -0.0005632544
38.65 -0.0004754945
38.66 -0.000348686
38.67 -0.0002481906
38.68 -7.34836e-05
38.69 0.0001704017
38.7 0.0004456424
38.71 0.0007607745
38.72 0.0009278525
38.73 0.001133809
38.74 0.001331356
38.75 0.001501972
38.76 0.001560154
38.77 0.00158781
38.78 0.001658618
38.79 0.001734535
38.8 0.001779939
38.81 0.001851784
38.82 0.001865032
38.83 0.001775234
38.84 0.001759186
38.85 0.001761578
38.86 0.001662409
38.87 0.001449398
38.88 0.001246495
38.89 0.001209682
38.9 0.001147427
38.91 0.001083315
38.92 0.001052079
38.93 0.00102424
38.94 0.0009877512
38.95 0.0009014555
38.96 0.0008287759
38.97 0.0007553012
38.98 0.0006059415
38.99 0.0004847904
39 0.0004392312
39.01 0.0004355887
39.02 0.0004385163
39.03 0.0004374263
39.04 0.0004361588
39.05 0.0004578818
39.06 0.0005363983
39.07 0.0005989798
39.08 0.0006154759
39.09 0.0005879158
39.1 0.0005383315
39.11 0.0005054905
39.12 0.0004876467
39.13 0.000445438
39.14 0.0004132796
39.15 0.0003994573
39.16 0.0004138893
39.17 0.0004341457
39.18 0.0004856562
39.19 0.0005617709
39.2 0.0006162603
39.21 0.0006470784
39.22 0.0006644894
39.23 0.0006518172
39.24 0.0006133707
39.25 0.0005691522
39.26 0.000539079
39.27 0.0005119967
39.28 0.0004645144
39.29 0.0004150979
39.3 0.0003788317
39.31 0.000347617
39.32 0.0003166497
39.33 0.0002851094
39.34 0.0002441455
39.35 0.0001969592
39.36 0.0001601852
39.37 0.0001315319
39.38 0.0001059413
39.39 8.060574e-05
39.4 5.803947e-05
39.41 4.064773e-05
39.42 2.392934e-05
39.43 9.711017e-06
39.44 -3.258258e-08
39.45 -8.143033e-06
39.46 -1.533323e-05
39.47 -2.081107e-05
39.48 -2.99764e-05
39.49 -4.510723e-05
39.5 -5.855081e-05
39.51 -6.810365e-05
39.52 -7.371119e-05
39.53 -7.520996e-05
39.54 -7.523895e-05
39.55 -7.579158e-05
39.56 -7.742557e-05
39.57 -7.65087e-05
39.58 -7.44312e-05
39.59 -7.369934e-05
39.6 -7.147992e-05
39.61 -6.717594e-05
39.62 -6.262777e-05
39.63 -5.8785e-05
39.64 -5.540213e-05
39.65 -5.231997e-05
39.66 -4.911361e-05
39.67 -4.54962e-05
39.68 -4.251931e-05
39.69 -4.038674e-05
39.7 -3.884215e-05
39.71 -3.845003e-05
39.72 -3.861218e-05
39.73 -3.889036e-05
39.74 -3.926207e-05
39.75 -3.973714e-05
39.76 -4.048449e-05
39.77 -4.117637e-05
39.78 -4.170672e-05
39.79 -4.232831e-05
39.8 -4.301114e-05
39.81 -4.366428e-05
39.82 -4.425175e-05
39.83 -4.467172e-05
39.84 -4.497088e-05
39.85 -4.517352e-05
39.86 -4.527462e-05
39.87 -4.531441e-05
39.88 -4.529321e-05
39.89 -4.519409e-05
39.9 -4.501429e-05
39.91 -4.47585e-05
39.92 -4.442986e-05
39.93 -4.403126e-05
39.94 -4.356598e-05
39.95 -4.303603e-05
39.96 -4.244326e-05
39.97 -4.178965e-05
39.98 -4.107716e-05
