0 0.0002766916
0.01 0.0002759403
0.02 0.0002750163
0.03 0.0002734894
0.04 0.0002748379
0.05 0.0002775512
0.06 0.0002779152
0.07 0.0002781301
0.08 0.0002780925
0.09 0.0002684219
0.1 0.0002628366
0.11 0.0002713981
0.12 0.0002735451
0.13 0.0002824856
0.14 0.0002677243
0.15 0.0002424294
0.16 0.0002384887
0.17 0.0002401499
0.18 0.0002356512
0.19 0.0002306376
0.2 0.0002273097
0.21 0.0002236002
0.22 0.0002192677
0.23 0.0002149559
0.24 0.0002159807
0.25 0.0002718678
0.26 0.0003393864
0.27 0.0003473153
0.28 0.000340438
0.29 0.0003477043
0.3 0.0003465073
0.31 0.0002695227
0.32 0.0002549356
0.33 0.0002606615
0.34 0.0002738143
0.35 0.0001896782
0.36 0.0002257287
0.37 0.000272354
0.38 0.0003200814
0.39 0.0004098147
0.4 0.0005077112
0.41 0.0006847564
0.42 0.0006037667
0.43 0.0003646394
0.44 0.0001486535
0.45 5.085406e-05
0.46 5.944121e-05
0.47 6.357973e-05
0.48 7.80554e-05
0.49 0.0002450094
0.5 0.0001872219
0.51 6.066344e-06
0.52 -9.456083e-07
0.53 0.0002255574
0.54 0.0005013742
0.55 0.0006100753
0.56 0.0007960412
0.57 0.0006592458
0.58 0.0004859636
0.59 0.0004791367
0.6 0.0001830723
0.61 -0.0001571412
0.62 -0.0001716381
0.63 -0.0001348066
0.64 -0.0004141229
0.65 -0.0008064953
0.66 -0.0006021857
0.67 -0.0005014161
0.68 -0.0003764696
0.69 -0.0001613357
0.7 0.0004458829
0.71 0.001056712
0.72 0.0012564
0.73 0.00134869
0.74 0.001083727
0.75 0.001052432
0.76 0.0007650693
0.77 0.0005942168
0.78 0.0005076589
0.79 -7.995161e-05
0.8 -0.0004771163
0.81 -0.0004602552
0.82 -0.0008233594
0.83 -0.0007875645
0.84 0.0003137057
0.85 0.0008967191
0.86 0.0007400646
0.87 0.0002458246
0.88 -1.682802e-05
0.89 -0.0006510542
0.9 -0.001155085
0.91 -0.001244151
0.92 -0.0007621664
0.93 -0.0009438279
0.94 -0.001194861
0.95 -0.0006650797
0.96 -0.0002103916
0.97 0.0005260872
0.98 0.0008822008
0.99 0.0008647267
1 0.001402401
1.01 0.001368803
1.02 0.0007398728
1.03 0.0006214664
1.04 0.0001860923
1.05 -0.001388395
1.06 -0.002488883
1.07 -0.002455198
1.08 -0.00232721
1.09 -0.002409965
1.1 -0.002412001
1.11 -0.001658324
1.12 -0.000613878
1.13 0.0004267398
1.14 0.001332162
1.15 0.001775219
1.16 0.001677338
1.17 0.001456129
1.18 0.000806428
1.19 0.0003114739
1.2 -0.001171628
1.21 -0.002818371
1.22 -0.003093897
1.23 -0.003082541
1.24 -0.004221603
1.25 -0.004596153
1.26 -0.003945223
1.27 -0.003735555
1.28 -0.002796076
1.29 -0.0003848551
1.3 0.001129668
1.31 0.001503462
1.32 0.001696064
1.33 0.0009804491
1.34 0.0006816809
1.35 0.0008226601
1.36 0.0008646412
1.37 0.0007496507
1.38 -0.0002594345
1.39 -0.001402187
1.4 -0.001481991
1.41 -0.00130208
1.42 -0.001335192
1.43 -0.001385015
1.44 -0.001381621
1.45 -0.001720764
1.46 -0.002601319
1.47 -0.001950701
1.48 -0.001159885
1.49 -0.0004220821
1.5 -0.0006140725
1.51 -0.001462182
1.52 -0.001540862
1.53 -0.0006691178
1.54 -0.0004023733
1.55 -0.001417155
1.56 -0.00174857
1.57 -0.001558346
1.58 -0.00153186
1.59 -0.001464523
1.6 -0.0002418603
1.61 0.0005656918
1.62 -0.0003766559
1.63 -0.0005902661
1.64 -0.001275015
1.65 -0.00173309
1.66 -0.001343775
1.67 3.807501e-05
1.68 0.0008060028
1.69 0.001425424
1.7 0.001629814
1.71 0.000694808
1.72 0.000384725
1.73 -0.0005782023
1.74 -0.003430497
1.75 -0.004589559
1.76 -0.005275581
1.77 -0.006321525
1.78 -0.006486058
1.79 -0.005045071
1.8 -0.002027424
1.81 7.041666e-05
1.82 0.002021463
1.83 0.003052368
1.84 0.002938884
1.85 0.002793172
1.86 0.002847602
1.87 0.002681415
1.88 0.001380881
1.89 0.0003742892
1.9 0.0004219416
1.91 0.0006050358
1.92 0.001483938
1.93 0.00144878
1.94 3.909209e-05
1.95 -0.001542183
1.96 -0.002040911
1.97 -0.001863584
1.98 -0.001816351
1.99 -0.001869815
2 -0.001873853
2.01 -0.001892512
2.02 -0.001957606
2.03 -0.00197816
2.04 -0.001457892
2.05 0.001279928
2.06 0.00304003
2.07 0.002768375
2.08 0.002499852
2.09 0.002613444
2.1 0.00265486
2.11 0.002594327
2.12 0.001241216
2.13 -0.0007761792
2.14 -0.001261676
2.15 -0.002105451
2.16 -0.003361365
2.17 -0.003263173
2.18 -0.002312749
2.19 -0.0008006463
2.2 0.0008075342
2.21 0.002930853
2.22 0.004541291
2.23 0.005024839
2.24 0.004023905
2.25 0.002417271
2.26 0.0009855657
2.27 0.0001013733
2.28 0.0001003954
2.29 -0.0004688262
2.3 -0.002014611
2.31 -0.003323826
2.32 -0.003297656
2.33 -0.003604138
2.34 -0.003965249
2.35 -0.002522385
2.36 -3.538013e-06
2.37 0.002442152
2.38 0.002781176
2.39 0.002414475
2.4 0.002397714
2.41 0.002371486
2.42 0.001482938
2.43 0.001093921
2.44 0.001146307
2.45 0.001769589
2.46 0.001788503
2.47 -0.0003962028
2.48 -0.001338183
2.49 0.001050385
2.5 0.002392739
2.51 0.0007300657
2.52 -0.0003970777
2.53 -0.0009662803
2.54 -0.002295904
2.55 -0.003633806
2.56 -0.003297699
2.57 -0.001787064
2.58 0.0003977565
2.59 0.001513873
2.6 0.002516578
2.61 0.004453167
2.62 0.005205919
2.63 0.006819575
2.64 0.007575862
2.65 0.005075761
2.66 0.003624108
2.67 0.001358222
2.68 -0.002391407
2.69 -0.004802025
2.7 -0.005068565
2.71 -0.004802979
2.72 -0.004443907
2.73 -0.001886206
2.74 0.0001882569
2.75 0.0007539642
2.76 0.002712195
2.77 0.004560135
2.78 0.004888785
2.79 0.005958498
2.8 0.006287349
2.81 0.004708209
2.82 0.003907029
2.83 0.002756483
2.84 5.116922e-05
2.85 -0.00291772
2.86 -0.0048936
2.87 -0.00518178
2.88 -0.00494975
2.89 -0.004687834
2.9 -0.00292102
2.91 -3.584034e-05
2.92 0.002800388
2.93 0.004415186
2.94 0.004441863
2.95 0.004225537
2.96 0.003708784
2.97 0.001530621
2.98 -0.0005641317
2.99 -0.0005738662
3 0.001025053
3.01 0.002088161
3.02 0.001975661
3.03 0.001814548
3.04 0.001827475
3.05 0.00179813
3.06 0.00177281
3.07 0.001764774
3.08 0.001029176
3.09 -0.001326591
3.1 -0.003096289
3.11 -0.002579707
3.12 0.000473342
3.13 0.002275184
3.14 0.003598514
3.15 0.00621127
3.16 0.008065218
3.17 0.00876639
3.18 0.008147963
3.19 0.00653595
3.2 0.005102223
3.21 0.003826038
3.22 0.002425566
3.23 0.0006976177
3.24 -0.002152102
3.25 -0.003514328
3.26 -0.004286492
3.27 -0.006323418
3.28 -0.006014959
3.29 -0.003466937
3.3 -0.001250985
3.31 0.001289411
3.32 0.003033739
3.33 0.003634597
3.34 0.002640686
3.35 0.003084306
3.36 0.004019659
3.37 0.004840262
3.38 0.004860723
3.39 0.003555927
3.4 0.001890673
3.41 0.001231123
3.42 0.001397245
3.43 0.001136501
3.44 -0.00138249
3.45 -0.003493854
3.46 -0.003374421
3.47 -0.002317738
3.48 -0.001877787
3.49 -0.001664801
3.5 0.0004233879
3.51 0.001655761
3.52 0.001394294
3.53 0.001207172
3.54 0.001300795
3.55 0.001097788
3.56 -0.0005927413
3.57 -0.002950045
3.58 -0.003604268
3.59 -0.003289728
3.6 -0.003235611
3.61 -0.002685264
3.62 7.944192e-05
3.63 0.002379684
3.64 0.004289559
3.65 0.005806036
3.66 0.005959474
3.67 0.005728582
3.68 0.00524032
3.69 0.003859872
3.7 0.003186728
3.71 0.003179066
3.72 0.002333223
3.73 0.002574967
3.74 0.002895867
3.75 0.001515327
3.76 -0.0001326029
3.77 -0.00145139
3.78 -0.002548981
3.79 -0.002483044
3.8 -0.003017236
3.81 -0.003743697
3.82 -0.003732873
3.83 -0.003413577
3.84 -0.002159359
3.85 -0.000704283
3.86 0.001349607
3.87 0.003204353
3.88 0.003463087
3.89 0.003197167
3.9 0.002834028
3.91 0.001422565
3.92 0.0005828105
3.93 -9.923652e-05
3.94 -0.001098321
3.95 -0.0001991436
3.96 0.0006428313
3.97 -0.0007874901
3.98 -0.001752179
3.99 -0.001538003
4 -0.001229917
4.01 -0.0003766725
4.02 -0.0007040759
4.03 -0.001565579
4.04 -0.00159778
4.05 -0.001439933
4.06 -0.001514153
4.07 -0.001601038
4.08 -0.001579277
4.09 -0.0004472312
4.1 0.001625134
4.11 0.001289845
4.12 0.001492945
4.13 0.001826225
4.14 0.002401592
4.15 0.003042496
4.16 0.00292285
4.17 0.001890546
4.18 0.001859417
4.19 0.002534306
4.2 0.001281997
4.21 0.0002594292
4.22 0.0003178565
4.23 -0.0005947802
4.24 -0.001893294
4.25 -0.002936843
4.26 -0.005594188
4.27 -0.006720722
4.28 -0.004263022
4.29 -0.0003581031
4.3 0.00129391
4.31 0.002231896
4.32 0.002752134
4.33 0.001724471
4.34 -0.0009161473
4.35 -0.003857571
4.36 -0.006614024
4.37 -0.008716755
4.38 -0.008353101
4.39 -0.007473593
4.4 -0.005867059
4.41 -0.002728599
4.42 -0.0005261054
4.43 0.003344969
4.44 0.007257775
4.45 0.007732055
4.46 0.006799373
4.47 0.004899434
4.48 0.001378531
4.49 -0.002819113
4.5 -0.004655796
4.51 -0.00302136
4.52 3.659619e-05
4.53 0.002250846
4.54 0.002602936
4.55 0.001359324
4.56 -2.275821e-05
4.57 -0.0004328836
4.58 -0.001099635
4.59 -0.0005136123
4.6 0.0001759089
4.61 -1.608786e-05
4.62 -0.001335825
4.63 -0.002767807
4.64 -0.003617992
4.65 -0.002820703
4.66 -0.003135048
4.67 -0.004827954
4.68 -0.006402236
4.69 -0.007185041
4.7 -0.007141331
4.71 -0.006966666
4.72 -0.005941758
4.73 -0.004208318
4.74 -0.001147381
4.75 0.001967354
4.76 0.003208793
4.77 0.003392948
4.78 0.003300718
4.79 0.002906092
4.8 0.002162908
4.81 0.002013072
4.82 0.002115019
4.83 0.002115927
4.84 0.002086975
4.85 0.001367531
4.86 -0.001508791
4.87 -0.003092851
4.88 -0.003631407
4.89 -0.004585691
4.9 -0.004002113
4.91 -0.004113219
4.92 -0.004385029
4.93 -0.002245782
4.94 0.0007614355
4.95 0.002319795
4.96 0.003434853
4.97 0.00480725
4.98 0.005533793
4.99 0.003486229
5 0.0003138652
5.01 -0.002133414
5.02 -0.003401144
5.03 -0.004107411
5.04 -0.003278147
5.05 -0.002653833
5.06 -0.002787832
5.07 -0.002555673
5.08 -0.0006399861
5.09 0.00157917
5.1 0.001944884
5.11 0.001602051
5.12 0.001141778
5.13 -0.001395444
5.14 -0.00332585
5.15 -0.004005936
5.16 -0.006151575
5.17 -0.007760625
5.18 -0.006090329
5.19 -0.00294402
5.2 -0.0002278769
5.21 0.001528168
5.22 0.002711674
5.23 0.00381684
5.24 0.003980853
5.25 0.003800482
5.26 0.0031747
5.27 0.0008649946
5.28 -0.002139205
5.29 -0.004881673
5.3 -0.007601917
5.31 -0.01025641
5.32 -0.01167995
5.33 -0.009921936
5.34 -0.007629085
5.35 -0.005106368
5.36 -0.001620744
5.37 0.000934417
5.38 0.002011754
5.39 0.003169876
5.4 0.00462133
5.41 0.005675454
5.42 0.004494274
5.43 0.002791238
5.44 0.0002655755
5.45 -0.003157987
5.46 -0.004059777
5.47 -0.003730345
5.48 -0.004634229
5.49 -0.004466177
5.5 -0.003600767
5.51 -0.003568415
5.52 -0.003745698
5.53 -0.003723513
5.54 -0.003430835
5.55 -0.001687247
5.56 0.0005383049
5.57 0.001071387
5.58 0.0007660844
5.59 0.0005617843
5.6 -0.0005902576
5.61 -0.00126564
5.62 -0.0003706453
5.63 0.0004891914
5.64 0.002601859
5.65 0.003250158
5.66 0.001867219
5.67 0.001275639
5.68 3.73497e-05
5.69 2.971639e-05
5.7 0.001522363
5.71 0.001826216
5.72 0.0006514855
5.73 0.0003574815
5.74 6.960409e-05
5.75 -0.001386352
5.76 -0.003002916
5.77 -0.005076961
5.78 -0.005288375
5.79 -0.003784762
5.8 -0.002250471
5.81 -0.001728108
5.82 -0.001005174
5.83 0.0004077157
5.84 0.002143427
5.85 0.004342433
5.86 0.004680591
5.87 0.002357504
5.88 -0.0005889192
5.89 -0.002188371
5.9 -0.001945533
5.91 -0.0008019189
5.92 -0.0008364647
5.93 -0.0002627428
5.94 0.0002919955
5.95 -0.000816333
5.96 -0.002236407
5.97 -0.002329105
5.98 -0.002101558
5.99 -0.001564878
6 -0.0008734245
6.01 0.0002190457
6.02 0.002226976
6.03 0.002322663
6.04 0.0005903952
6.05 -0.0009305472
6.06 -0.003083109
6.07 -0.005939182
6.08 -0.008625468
6.09 -0.01033728
6.1 -0.00841569
6.11 -0.005269255
6.12 -0.001726128
6.13 0.001423326
6.14 0.004848958
6.15 0.007084325
6.16 0.007044873
6.17 0.006690919
6.18 0.005919952
6.19 0.003537869
6.2 0.001800162
6.21 0.001522471
6.22 -8.764008e-05
6.23 -0.002390776
6.24 -0.002883747
6.25 -0.002543561
6.26 -0.002569191
6.27 -0.002705747
6.28 -0.002256184
6.29 -0.0001243464
6.3 0.003563918
6.31 0.006734576
6.32 0.009059428
6.33 0.009717508
6.34 0.007906397
6.35 0.004721012
6.36 0.002026127
6.37 0.0006800585
6.38 0.001316609
6.39 0.0004481026
6.4 -0.0007790215
6.41 -0.0008240837
6.42 -0.0007850631
6.43 -0.002854663
6.44 -0.00539775
6.45 -0.005615872
6.46 -0.004294445
6.47 -0.001461546
6.48 -0.0003669482
6.49 -0.0007724995
6.5 -0.0009063565
6.51 -0.0007876646
6.52 -0.0007779908
6.53 -0.00081031
6.54 -0.0008444648
6.55 -0.0008980703
6.56 -0.0009120977
6.57 -0.0008922171
6.58 0.0001574212
6.59 0.003014437
6.6 0.004278068
6.61 0.005852804
6.62 0.008165774
6.63 0.008517936
6.64 0.008112729
6.65 0.007509694
6.66 0.0061638
6.67 0.004535193
6.68 0.001995505
6.69 -0.0005110043
6.7 -0.00220143
6.71 -0.004909126
6.72 -0.006039428
6.73 -0.004567121
6.74 -0.001985197
6.75 -0.0007599053
6.76 -0.000500397
6.77 0.00136733
6.78 0.003461937
6.79 0.003735706
6.8 0.003594245
6.81 0.004625471
6.82 0.004365722
6.83 0.003386808
6.84 0.003336655
6.85 0.003439583
6.86 0.002116841
6.87 -0.0009250589
6.88 -0.004671671
6.89 -0.007347474
6.9 -0.009769011
6.91 -0.008930408
6.92 -0.005787506
6.93 -0.002625511
6.94 0.001117827
6.95 0.004840301
6.96 0.006039816
6.97 0.006473458
6.98 0.007634349
6.99 0.006859329
7 0.005139858
7.01 0.003689697
7.02 0.003077431
7.03 0.002346702
7.04 6.963237e-05
7.05 -0.001471523
7.06 -0.0001992414
7.07 0.001114481
7.08 0.001556992
7.09 0.002676996
7.1 0.002377447
7.11 0.0007575173
7.12 -0.000581177
7.13 -0.0004130893
7.14 -0.0002993116
7.15 0.0004206844
7.16 0.001062967
7.17 0.00184231
7.18 0.001750181
7.19 0.000774815
7.2 0.0006069077
7.21 0.0007961296
7.22 0.0007936771
7.23 0.000704534
7.24 0.0006572985
7.25 0.0006461317
7.26 0.0001495103
7.27 -0.001939441
7.28 -0.004814125
7.29 -0.006595402
7.3 -0.007852136
7.31 -0.009768213
7.32 -0.00952272
7.33 -0.007860799
7.34 -0.005644819
7.35 -0.00279889
7.36 0.001096472
7.37 0.004637622
7.38 0.005623739
7.39 0.005784734
7.4 0.006315109
7.41 0.005427773
7.42 0.003822234
7.43 0.002483485
7.44 0.001058785
7.45 -0.0003320624
7.46 -0.002465174
7.47 -0.00420172
7.48 -0.004166971
7.49 -0.00249737
7.5 0.0005274042
7.51 0.003676058
7.52 0.003539779
7.53 0.002570916
7.54 0.002637321
7.55 0.003047552
7.56 0.004248718
7.57 0.005114755
7.58 0.00504299
7.59 0.004833785
7.6 0.0038614
7.61 0.002851803
7.62 0.003972407
7.63 0.005560652
7.64 0.007574711
7.65 0.008635722
7.66 0.007558413
7.67 0.007015166
7.68 0.007185382
7.69 0.007224845
7.7 0.007739764
7.71 0.008381466
7.72 0.008381265
7.73 0.007841803
7.74 0.005669555
7.75 0.003992254
7.76 0.002074582
7.77 -0.001485244
7.78 -0.004734865
7.79 -0.006151647
7.8 -0.006757822
7.81 -0.006780025
7.82 -0.006071056
7.83 -0.003895789
7.84 -0.0022373
7.85 -0.003419896
7.86 -0.005214586
7.87 -0.007113042
7.88 -0.01047061
7.89 -0.01384331
7.9 -0.01434561
7.91 -0.01359068
7.92 -0.01262826
7.93 -0.01275095
7.94 -0.01212941
7.95 -0.01141322
7.96 -0.01019241
7.97 -0.007331108
7.98 -0.003023687
7.99 0.000526243
8 0.003040464
8.01 0.004502424
8.02 0.003391809
8.03 0.0006874494
8.04 -0.0004619954
8.05 -0.0001742481
8.06 -3.613692e-05
8.07 -1.922846e-05
8.08 0.000960527
8.09 0.0009178581
8.1 -0.0005344814
8.11 -0.001563339
8.12 -0.00133098
8.13 -0.000865337
8.14 0.002396978
8.15 0.006661267
8.16 0.009037452
8.17 0.009991527
8.18 0.01119855
8.19 0.0116593
8.2 0.01131199
8.21 0.01003069
8.22 0.00955364
8.23 0.01101765
8.24 0.01168326
8.25 0.0104695
8.26 0.008974173
8.27 0.007278688
8.28 0.004163708
8.29 0.0004343945
8.3 -0.002381057
8.31 -0.00672047
8.32 -0.01006656
8.33 -0.01253903
8.34 -0.01455581
8.35 -0.0159722
8.36 -0.01636108
8.37 -0.01608899
8.38 -0.01440167
8.39 -0.01006407
8.4 -0.004481728
8.41 0.001727549
8.42 0.008505612
8.43 0.01322531
8.44 0.0154801
8.45 0.01621123
8.46 0.01611309
8.47 0.0147401
8.48 0.01008084
8.49 0.003075148
8.5 -0.003254473
8.51 -0.005935688
8.52 -0.009028147
8.53 -0.01470744
8.54 -0.01961169
8.55 -0.02224529
8.56 -0.02319404
8.57 -0.0228098
8.58 -0.020794
8.59 -0.01728901
8.6 -0.01220506
8.61 -0.006656729
8.62 -0.002628612
8.63 0.0002851021
8.64 0.003771869
8.65 0.005134916
8.66 0.003872783
8.67 0.002397242
8.68 0.003711908
8.69 0.007111986
8.7 0.012396
8.71 0.01936362
8.72 0.02491525
8.73 0.02833101
8.74 0.03148478
8.75 0.03349278
8.76 0.03091742
8.77 0.02618922
8.78 0.02017907
8.79 0.01316767
8.8 0.006257212
8.81 0.0009556648
8.82 -0.0004817239
8.83 3.074578e-05
8.84 0.000149327
8.85 3.911204e-06
8.86 -0.0004985375
8.87 -0.003999901
8.88 -0.009852591
8.89 -0.01540334
8.9 -0.0185866
8.91 -0.01878432
8.92 -0.01783992
8.93 -0.01426601
8.94 -0.008547217
8.95 -0.002892323
8.96 0.002451507
8.97 0.007822914
8.98 0.01272992
8.99 0.01452944
9 0.01290317
9.01 0.009694106
9.02 0.008795215
9.03 0.009280028
9.04 0.008774396
9.05 0.005435537
9.06 0.0002576383
9.07 -0.008768978
9.08 -0.02111944
9.09 -0.03190628
9.1 -0.03734878
9.11 -0.03847042
9.12 -0.03721002
9.13 -0.03383073
9.14 -0.02660987
9.15 -0.01906241
9.16 -0.01213511
9.17 -0.004882327
9.18 0.000714855
9.19 0.004298763
9.2 0.005871354
9.21 0.004548773
9.22 0.001401166
9.23 -0.0013806
9.24 -0.004644968
9.25 -0.007732779
9.26 -0.009188251
9.27 -0.009127861
9.28 -0.008956085
9.29 -0.008987857
9.3 -0.007545497
9.31 -0.002786299
9.32 0.002861504
9.33 0.00823614
9.34 0.01290702
9.35 0.0155208
9.36 0.01794812
9.37 0.01890325
9.38 0.01838378
9.39 0.01587366
9.4 0.01302099
9.41 0.009770524
9.42 0.007957623
9.43 0.01103504
9.44 0.01669619
9.45 0.02273352
9.46 0.03068277
9.47 0.03803125
9.48 0.04180007
9.49 0.042208
9.5 0.04288823
9.51 0.04398068
9.52 0.04286567
9.53 0.04167443
9.54 0.04103597
9.55 0.03871828
9.56 0.03423429
9.57 0.02714191
9.58 0.01705133
9.59 0.005023419
9.6 -0.005814741
9.61 -0.01545091
9.62 -0.02260045
9.63 -0.02716491
9.64 -0.02965431
9.65 -0.03164216
9.66 -0.03230611
9.67 -0.03208825
9.68 -0.03200539
9.69 -0.03154848
9.7 -0.02809698
9.71 -0.02067198
9.72 -0.01005802
9.73 -0.002519098
9.74 0.0009802888
9.75 0.004309942
9.76 0.007292427
9.77 0.009370217
9.78 0.009912174
9.79 0.008783952
9.8 0.006332636
9.81 0.004725307
9.82 0.003234635
9.83 0.0005966182
9.84 -0.002247366
9.85 -0.006562457
9.86 -0.01514502
9.87 -0.02493883
9.88 -0.03139022
9.89 -0.03583329
9.9 -0.03856178
9.91 -0.03816553
9.92 -0.03722922
9.93 -0.03701118
9.94 -0.03485945
9.95 -0.03184493
9.96 -0.02856079
9.97 -0.02367044
9.98 -0.01694995
9.99 -0.00804242
10 0.002402111
10.01 0.01041758
10.02 0.01667015
10.03 0.02199225
10.04 0.02499338
10.05 0.02509538
10.06 0.02274013
10.07 0.02097339
10.08 0.01938934
10.09 0.01680924
10.1 0.01389102
10.11 0.0112146
10.12 0.008418213
10.13 0.004273443
10.14 -0.001309295
10.15 -0.006894193
10.16 -0.01229175
10.17 -0.017471
10.18 -0.02248509
10.19 -0.02499595
10.2 -0.02433559
10.21 -0.02089556
10.22 -0.01220545
10.23 0.003089758
10.24 0.0194301
10.25 0.02859538
10.26 0.03055562
10.27 0.02873541
10.28 0.02507074
10.29 0.01979191
10.3 0.0123325
10.31 0.003967562
10.32 -0.004325944
10.33 -0.01073956
10.34 -0.01370115
10.35 -0.01392216
10.36 -0.01035973
10.37 -0.003182803
10.38 0.005620962
10.39 0.01630784
10.4 0.02780617
10.41 0.03580543
10.42 0.04067481
10.43 0.04251772
10.44 0.03948912
10.45 0.03372904
10.46 0.02291569
10.47 0.006609898
10.48 -0.009108628
10.49 -0.02037545
10.5 -0.02662014
10.51 -0.03149288
10.52 -0.03547286
10.53 -0.03712207
10.54 -0.03914887
10.55 -0.04183711
10.56 -0.04358838
10.57 -0.04702716
10.58 -0.05141908
10.59 -0.05336166
10.6 -0.05517737
10.61 -0.05640587
10.62 -0.05508151
10.63 -0.05340255
10.64 -0.05136604
10.65 -0.04681363
10.66 -0.03885205
10.67 -0.02920013
10.68 -0.01801731
10.69 -0.004258113
10.7 0.01250337
10.71 0.02690788
10.72 0.03862305
10.73 0.04913697
10.74 0.05746837
10.75 0.06495141
10.76 0.06966581
10.77 0.07267772
10.78 0.07752735
10.79 0.08301
10.8 0.08563344
10.81 0.08625225
10.82 0.08658917
10.83 0.08876133
10.84 0.08875044
10.85 0.0859787
10.86 0.08402248
10.87 0.08028473
10.88 0.07258568
10.89 0.06296631
10.9 0.05020566
10.91 0.03277123
10.92 0.01420253
10.93 -0.003849782
10.94 -0.02272759
10.95 -0.03939598
10.96 -0.05079437
10.97 -0.05846714
10.98 -0.06399811
10.99 -0.06585827
11 -0.06536357
11.01 -0.06354367
11.02 -0.05890443
11.03 -0.05284026
11.04 -0.04638069
11.05 -0.04176342
11.06 -0.03993842
11.07 -0.04054234
11.08 -0.04288525
11.09 -0.04432779
11.1 -0.04329083
11.11 -0.0433943
11.12 -0.04442428
11.13 -0.04527863
11.14 -0.04843309
11.15 -0.05394273
11.16 -0.0593489
11.17 -0.06288942
11.18 -0.0647527
11.19 -0.06368578
11.2 -0.05845652
11.21 -0.0478547
11.22 -0.02802574
11.23 -0.007577245
11.24 0.007525212
11.25 0.0191738
11.26 0.03168536
11.27 0.04334815
11.28 0.05159138
11.29 0.05942943
11.3 0.06452695
11.31 0.06970628
11.32 0.0756021
11.33 0.08011696
11.34 0.08376126
11.35 0.08611104
11.36 0.0870632
11.37 0.0855687
11.38 0.08083838
11.39 0.07221971
11.4 0.05896739
11.41 0.04364811
11.42 0.02842423
11.43 0.01459264
11.44 0.001518464
11.45 -0.01283788
11.46 -0.0271824
11.47 -0.04228932
11.48 -0.05771295
11.49 -0.06788616
11.5 -0.0729569
11.51 -0.0768176
11.52 -0.07975095
11.53 -0.08064323
11.54 -0.07827282
11.55 -0.07256581
11.56 -0.06736598
11.57 -0.06114135
11.58 -0.04993081
11.59 -0.03688815
11.6 -0.02419017
11.61 -0.01065559
11.62 0.004650647
11.63 0.02121025
11.64 0.03692073
11.65 0.05006596
11.66 0.05802348
11.67 0.0629331
11.68 0.06583777
11.69 0.06181817
11.7 0.0519481
11.71 0.03935014
11.72 0.02426236
11.73 0.007390893
11.74 -0.007962415
11.75 -0.0204981
11.76 -0.03126878
11.77 -0.03916073
11.78 -0.04287157
11.79 -0.04351593
11.8 -0.04218895
11.81 -0.03729773
11.82 -0.02913781
11.83 -0.01946366
11.84 -0.009127189
11.85 -0.001498941
11.86 0.003337489
11.87 0.007157467
11.88 0.00906331
11.89 0.01105242
11.9 0.01254114
11.91 0.01190801
11.92 0.008062007
11.93 0.002487937
11.94 -0.003066455
11.95 -0.008451149
11.96 -0.0134736
11.97 -0.01513737
11.98 -0.01124413
11.99 -0.003994122
12 0.00609249
12.01 0.0162822
12.02 0.02435344
12.03 0.03038947
12.04 0.0348571
12.05 0.03724529
12.06 0.03966993
12.07 0.04065868
12.08 0.04021534
12.09 0.03844556
12.1 0.03412757
12.11 0.02722731
12.12 0.01526755
12.13 -0.0001397179
12.14 -0.01068535
12.15 -0.01749854
12.16 -0.0220147
12.17 -0.02402551
12.18 -0.02428438
12.19 -0.02411622
12.2 -0.0240057
12.21 -0.02266079
12.22 -0.01957417
12.23 -0.01582843
12.24 -0.01382285
12.25 -0.01274965
12.26 -0.01253797
12.27 -0.01395545
12.28 -0.01649026
12.29 -0.01707538
12.3 -0.01528922
12.31 -0.0144155
12.32 -0.01257857
12.33 -0.007138545
12.34 0.0005244433
12.35 0.009013004
12.36 0.01773328
12.37 0.02432861
12.38 0.02906608
12.39 0.03047391
12.4 0.02781428
12.41 0.02413648
12.42 0.02006064
12.43 0.01509136
12.44 0.007719322
12.45 -0.002973623
12.46 -0.01487404
12.47 -0.02380152
12.48 -0.02877759
12.49 -0.03148806
12.5 -0.03307649
12.51 -0.03292068
12.52 -0.02974105
12.53 -0.02389132
12.54 -0.01624117
12.55 -0.008704632
12.56 -0.003073903
12.57 -0.0004992251
12.58 -0.001695965
12.59 -0.003775487
12.6 -0.006893406
12.61 -0.01038007
12.62 -0.0122617
12.63 -0.01208078
12.64 -0.008509356
12.65 -0.0003707274
12.66 0.007974729
12.67 0.01602754
12.68 0.02240858
12.69 0.02778813
12.7 0.03518422
12.71 0.04300208
12.72 0.04802273
12.73 0.04969705
12.74 0.04849008
12.75 0.04776922
12.76 0.04800609
12.77 0.04761142
12.78 0.04484217
12.79 0.04149542
12.8 0.03512624
12.81 0.02342536
12.82 0.006308507
12.83 -0.010297
12.84 -0.0241502
12.85 -0.03571423
12.86 -0.0435587
12.87 -0.04882654
12.88 -0.05242961
12.89 -0.05209369
12.9 -0.04677993
12.91 -0.03598015
12.92 -0.01902042
12.93 -0.003629619
12.94 0.00600688
12.95 0.01207285
12.96 0.015824
12.97 0.01788438
12.98 0.01892251
12.99 0.01944312
13 0.01827746
13.01 0.01505779
13.02 0.008702393
13.03 0.001980011
13.04 -0.003264078
13.05 -0.008265939
13.06 -0.01269393
13.07 -0.01435373
13.08 -0.01340327
13.09 -0.008572912
13.1 -0.0008602183
13.11 0.008706153
13.12 0.01738066
13.13 0.0225724
13.14 0.02629256
13.15 0.02768323
13.16 0.02559678
13.17 0.02307399
13.18 0.02269882
13.19 0.0230661
13.2 0.02287742
13.21 0.02124662
13.22 0.0184595
13.23 0.01619819
13.24 0.0149723
13.25 0.01251852
13.26 0.006919016
13.27 0.0005918333
13.28 -0.004032888
13.29 -0.01046682
13.3 -0.02063461
13.31 -0.03293585
13.32 -0.04399778
13.33 -0.05288246
13.34 -0.06027271
13.35 -0.06609635
13.36 -0.06953499
13.37 -0.07097898
13.38 -0.07323261
13.39 -0.07576584
13.4 -0.07706521
13.41 -0.07807478
13.42 -0.0766796
13.43 -0.07197114
13.44 -0.06223038
13.45 -0.04640903
13.46 -0.03206304
13.47 -0.01719223
13.48 -0.004216922
13.49 0.00753941
13.5 0.02085485
13.51 0.03438773
13.52 0.04646101
13.53 0.05692672
13.54 0.06417325
13.55 0.06898004
13.56 0.07117549
13.57 0.07045806
13.58 0.06821742
13.59 0.06306659
13.6 0.05688055
13.61 0.05197088
13.62 0.04508589
13.63 0.04021611
13.64 0.03646566
13.65 0.03125887
13.66 0.02544403
13.67 0.01744213
13.68 0.006437357
13.69 -0.004810767
13.7 -0.01564114
13.71 -0.02634572
13.72 -0.03507533
13.73 -0.0415733
13.74 -0.04572225
13.75 -0.04510179
13.76 -0.03994435
13.77 -0.03163503
13.78 -0.01888381
13.79 -0.006871165
13.8 0.0002226119
13.81 0.00347475
13.82 0.004969892
13.83 0.005209487
13.84 0.005057631
13.85 0.005863289
13.86 0.008727199
13.87 0.01021135
13.88 0.0118431
13.89 0.01439682
13.9 0.01451674
13.91 0.01214336
13.92 0.007817574
13.93 0.001257861
13.94 -0.006078195
13.95 -0.01212606
13.96 -0.01396766
13.97 -0.01225523
13.98 -0.009045096
13.99 -0.006274125
14 -0.004102118
14.01 -0.003855864
14.02 -0.004635679
14.03 -0.006762689
14.04 -0.008576557
14.05 -0.006275132
14.06 -0.0005563747
14.07 0.005292891
14.08 0.01119672
14.09 0.01877987
14.1 0.02511448
14.11 0.02781849
14.12 0.02837175
14.13 0.02771458
14.14 0.02399293
14.15 0.01615955
14.16 0.006263388
14.17 -0.004541247
14.18 -0.01554927
14.19 -0.02513595
14.2 -0.03058811
14.21 -0.03117792
14.22 -0.03037942
14.23 -0.02836366
14.24 -0.0248139
14.25 -0.02184892
14.26 -0.0194488
14.27 -0.01902579
14.28 -0.02120388
14.29 -0.02097465
14.3 -0.0172515
14.31 -0.01208376
14.32 -0.007357535
14.33 -0.002149684
14.34 0.004236266
14.35 0.009970307
14.36 0.01523609
14.37 0.02066022
14.38 0.02604471
14.39 0.0301506
14.4 0.03248904
14.41 0.0332008
14.42 0.03309712
14.43 0.0340232
14.44 0.03643714
14.45 0.03787639
14.46 0.0377492
14.47 0.03749872
14.48 0.03594545
14.49 0.03085867
14.5 0.02151343
14.51 0.003443262
14.52 -0.02182395
14.53 -0.04520622
14.54 -0.0678275
14.55 -0.08742084
14.56 -0.09318033
14.57 -0.0933057
14.58 -0.09294212
14.59 -0.0902754
14.6 -0.08533142
14.61 -0.06784557
14.62 -0.04512176
14.63 -0.02847172
14.64 -0.009379402
14.65 0.009368877
14.66 0.02415391
14.67 0.03441776
14.68 0.03878241
14.69 0.03919754
14.7 0.03611146
14.71 0.02946244
14.72 0.02321011
14.73 0.01800706
14.74 0.01270686
14.75 0.007699327
14.76 0.00512208
14.77 0.005062901
14.78 0.005356515
14.79 0.005556339
14.8 0.007364974
14.81 0.0109088
14.82 0.01436997
14.83 0.01601385
14.84 0.01672935
14.85 0.01525933
14.86 0.01227556
14.87 0.01011405
14.88 0.00985716
14.89 0.01012546
14.9 0.01010957
14.91 0.01075608
14.92 0.01360395
14.93 0.01588833
14.94 0.01796455
14.95 0.02068345
14.96 0.02423953
14.97 0.03006966
14.98 0.03577169
14.99 0.03979107
15 0.04220062
15.01 0.03915951
15.02 0.02946529
15.03 0.01590742
15.04 0.00139001
15.05 -0.01257393
15.06 -0.02409342
15.07 -0.0357935
15.08 -0.04692321
15.09 -0.05375268
15.1 -0.05764447
15.11 -0.05871417
15.12 -0.05923554
15.13 -0.05861284
15.14 -0.05644444
15.15 -0.05124036
15.16 -0.03361908
15.17 -0.001660872
15.18 0.02401561
15.19 0.03688236
15.2 0.04603476
15.21 0.05212178
15.22 0.05605985
15.23 0.05689257
15.24 0.05741244
15.25 0.05612112
15.26 0.04964163
15.27 0.03718742
15.28 0.02083743
15.29 0.003875703
15.3 -0.01320562
15.31 -0.02760047
15.32 -0.03680577
15.33 -0.04293588
15.34 -0.04596207
15.35 -0.04708781
15.36 -0.04729318
15.37 -0.04653842
15.38 -0.04636235
15.39 -0.04528281
15.4 -0.04195199
15.41 -0.03638901
15.42 -0.03066224
15.43 -0.02527889
15.44 -0.02207545
15.45 -0.02199934
15.46 -0.0216966
15.47 -0.01816901
15.48 -0.0128623
15.49 -0.004401667
15.5 0.007737719
15.51 0.0198661
15.52 0.02776274
15.53 0.02941728
15.54 0.02855778
15.55 0.02729867
15.56 0.02482714
15.57 0.02229815
15.58 0.02088707
15.59 0.01811255
15.6 0.01489513
15.61 0.01445203
15.62 0.01531224
15.63 0.01757289
15.64 0.02265981
15.65 0.028618
15.66 0.03388909
15.67 0.03742602
15.68 0.03823897
15.69 0.03910385
15.7 0.04206368
15.71 0.04319802
15.72 0.04310763
15.73 0.04549386
15.74 0.04764757
15.75 0.0475464
15.76 0.04704398
15.77 0.04481841
15.78 0.03901493
15.79 0.02975192
15.8 0.01696788
15.81 0.0001535603
15.82 -0.01716952
15.83 -0.03317691
15.84 -0.04724974
15.85 -0.05766035
15.86 -0.06609737
15.87 -0.07165518
15.88 -0.0731677
15.89 -0.07153872
15.9 -0.06801348
15.91 -0.06201911
15.92 -0.05423965
15.93 -0.04372718
15.94 -0.03135486
15.95 -0.02007627
15.96 -0.01006342
15.97 -0.002933439
15.98 0.002138346
15.99 0.007529722
16 0.01527605
16.01 0.02467057
16.02 0.03275823
16.03 0.03826509
16.04 0.04261458
16.05 0.04689403
16.06 0.04661771
16.07 0.04326399
16.08 0.03981768
16.09 0.0359282
16.1 0.03324819
16.11 0.03118122
16.12 0.02852752
16.13 0.02531752
16.14 0.02181577
16.15 0.01837244
16.16 0.01435157
16.17 0.01105064
16.18 0.007093416
16.19 0.001269224
16.2 -0.005799559
16.21 -0.01118919
16.22 -0.01391217
16.23 -0.014834
16.24 -0.01205262
16.25 -0.005569079
16.26 0.004087075
16.27 0.01307515
16.28 0.01773067
16.29 0.02063846
16.3 0.02083251
16.31 0.0200221
16.32 0.02078135
16.33 0.01952915
16.34 0.01621593
16.35 0.01067001
16.36 0.0003452486
16.37 -0.01480856
16.38 -0.02688927
16.39 -0.03407866
16.4 -0.03826185
16.41 -0.04064954
16.42 -0.04020706
16.43 -0.03580027
16.44 -0.0279564
16.45 -0.01861164
16.46 -0.008088154
16.47 0.002971176
16.48 0.01358197
16.49 0.02234608
16.5 0.0288535
16.51 0.03243134
16.52 0.0337145
16.53 0.03334164
16.54 0.02996431
16.55 0.02379968
16.56 0.01529499
16.57 0.003852652
16.58 -0.008609666
16.59 -0.0191198
16.6 -0.02768529
16.61 -0.03346236
16.62 -0.03587703
16.63 -0.03511204
16.64 -0.0332007
16.65 -0.03011743
16.66 -0.02439365
16.67 -0.01713083
16.68 -0.010549
16.69 -0.00407726
16.7 0.001540902
16.71 0.004046266
16.72 0.002971354
16.73 -0.002011798
16.74 -0.009287957
16.75 -0.01513275
16.76 -0.01892921
16.77 -0.02157374
16.78 -0.0236582
16.79 -0.02423727
16.8 -0.02322445
16.81 -0.02161043
16.82 -0.01878969
16.83 -0.01469419
16.84 -0.009877369
16.85 -0.005794413
16.86 -0.004197621
16.87 -0.003608462
16.88 -0.005117334
16.89 -0.009441611
16.9 -0.01330343
16.91 -0.01585771
16.92 -0.01829974
16.93 -0.01962512
16.94 -0.01954431
16.95 -0.01935244
16.96 -0.01867412
16.97 -0.01622338
16.98 -0.0119988
16.99 -0.006020967
17 0.003569476
17.01 0.01505579
17.02 0.02219428
17.03 0.02482881
17.04 0.02704204
17.05 0.02916599
17.06 0.02824693
17.07 0.02203996
17.08 0.009522713
17.09 -0.004728716
17.1 -0.01740445
17.11 -0.02934085
17.12 -0.03580153
17.13 -0.03594389
17.14 -0.03318279
17.15 -0.02901393
17.16 -0.02217702
17.17 -0.01072043
17.18 0.0008398704
17.19 0.009205764
17.2 0.0158214
17.21 0.02229905
17.22 0.02705835
17.23 0.0301005
17.24 0.03316799
17.25 0.03320689
17.26 0.03007705
17.27 0.02555752
17.28 0.02013326
17.29 0.01514374
17.3 0.01121059
17.31 0.009425874
17.32 0.009299479
17.33 0.008256498
17.34 0.007065911
17.35 0.008595446
17.36 0.01082326
17.37 0.01106707
17.38 0.01075474
17.39 0.01082804
17.4 0.01093324
17.41 0.01159539
17.42 0.01198164
17.43 0.01057451
17.44 0.007266845
17.45 0.003131543
17.46 -0.001676477
17.47 -0.006181519
17.48 -0.009192428
17.49 -0.01104845
17.5 -0.009447813
17.51 -0.006370309
17.52 -0.003481741
17.53 -0.0008265888
17.54 0.00281109
17.55 0.0061646
17.56 0.009677186
17.57 0.01181915
17.58 0.01376053
17.59 0.01547731
17.6 0.01573622
17.61 0.01553011
17.62 0.01506234
17.63 0.01290674
17.64 0.009092636
17.65 0.004923187
17.66 0.00219363
17.67 0.00138546
17.68 0.002114195
17.69 0.005091781
17.7 0.01042544
17.71 0.01601681
17.72 0.02019702
17.73 0.02454108
17.74 0.02882977
17.75 0.03072212
17.76 0.03249207
17.77 0.03412274
17.78 0.0342736
17.79 0.03278856
17.8 0.02732001
17.81 0.01986994
17.82 0.01185074
17.83 0.00277802
17.84 -0.004687832
17.85 -0.008957394
17.86 -0.01386166
17.87 -0.01710953
17.88 -0.01712603
17.89 -0.01648306
17.9 -0.01498137
17.91 -0.01179979
17.92 -0.008728869
17.93 -0.009208601
17.94 -0.01129884
17.95 -0.01377483
17.96 -0.01645016
17.97 -0.01918374
17.98 -0.02123709
17.99 -0.02071
18 -0.0177743
18.01 -0.01311586
18.02 -0.006139938
18.03 0.001553035
18.04 0.008279891
18.05 0.01478048
18.06 0.01933909
18.07 0.02052248
18.08 0.02018618
18.09 0.01960713
18.1 0.01758659
18.11 0.01555047
18.12 0.014316
18.13 0.01308052
18.14 0.01196735
18.15 0.01207157
18.16 0.01217159
18.17 0.01221146
18.18 0.01221404
18.19 0.0118347
18.2 0.01097123
18.21 0.01024553
18.22 0.007502193
18.23 0.005038839
18.24 0.004367942
18.25 0.001309643
18.26 -0.00190799
18.27 -0.005932883
18.28 -0.01050485
18.29 -0.01366945
18.3 -0.01743952
18.31 -0.02294695
18.32 -0.02855909
18.33 -0.03391114
18.34 -0.03843615
18.35 -0.04137541
18.36 -0.04386616
18.37 -0.04625341
18.38 -0.04709007
18.39 -0.04756056
18.4 -0.04976185
18.41 -0.05175565
18.42 -0.05300749
18.43 -0.05335641
18.44 -0.05016459
18.45 -0.04332944
18.46 -0.03584248
18.47 -0.02542343
18.48 -0.01120593
18.49 0.003678386
18.5 0.01449148
18.51 0.02009808
18.52 0.02274759
18.53 0.02393219
18.54 0.02309059
18.55 0.02016759
18.56 0.01649056
18.57 0.0124222
18.58 0.009373873
18.59 0.007097856
18.6 0.006178685
18.61 0.006327373
18.62 0.006438411
18.63 0.006493229
18.64 0.007472619
18.65 0.007421653
18.66 0.006369117
18.67 0.006207565
18.68 0.006415818
18.69 0.006525759
18.7 0.007647096
18.71 0.008504276
18.72 0.007086231
18.73 0.006055753
18.74 0.005295329
18.75 0.003040528
18.76 0.001533941
18.77 0.002509848
18.78 0.00553846
18.79 0.006818162
18.8 0.00653553
18.81 0.007350313
18.82 0.007350758
18.83 0.005459226
18.84 0.001115163
18.85 -0.004550771
18.86 -0.009094529
18.87 -0.01204449
18.88 -0.01549558
18.89 -0.01715806
18.9 -0.0168287
18.91 -0.01660108
18.92 -0.01672321
18.93 -0.01708932
18.94 -0.01892281
18.95 -0.02118329
18.96 -0.02261103
18.97 -0.02569336
18.98 -0.02844534
18.99 -0.02853039
19 -0.02759594
19.01 -0.02621617
19.02 -0.02396475
19.03 -0.02121599
19.04 -0.01920471
19.05 -0.01720248
19.06 -0.01520188
19.07 -0.01242051
19.08 -0.009539057
19.09 -0.006937338
19.1 -0.004141555
19.11 -0.001483461
19.12 0.001271979
19.13 0.003159594
19.14 0.005592444
19.15 0.009657907
19.16 0.01349473
19.17 0.01731273
19.18 0.02352352
19.19 0.02884574
19.2 0.03282667
19.21 0.03669059
19.22 0.04089092
19.23 0.04428394
19.24 0.04673642
19.25 0.04840333
19.26 0.05150561
19.27 0.0562149
19.28 0.05848943
19.29 0.06011358
19.3 0.06181361
19.31 0.06208901
19.32 0.06074577
19.33 0.05490318
19.34 0.04613357
19.35 0.0367792
19.36 0.0274381
19.37 0.01964971
19.38 0.01443602
19.39 0.009244246
19.4 0.004450809
19.41 0.001716983
19.42 0.001619721
19.43 0.001979878
19.44 0.002953364
19.45 0.006406074
19.46 0.009099867
19.47 0.01030498
19.48 0.01263814
19.49 0.01484753
19.5 0.01406384
19.51 0.01222394
19.52 0.01094628
19.53 0.01089227
19.54 0.01073461
19.55 0.00874116
19.56 0.006458391
19.57 0.004139585
19.58 -0.0006167456
19.59 -0.005494574
19.6 -0.01042058
19.61 -0.01595249
19.62 -0.0193122
19.63 -0.02351953
19.64 -0.02785162
19.65 -0.03097726
19.66 -0.03482403
19.67 -0.03838439
19.68 -0.04101421
19.69 -0.04210729
19.7 -0.04083673
19.71 -0.0392265
19.72 -0.03650468
19.73 -0.03059098
19.74 -0.02365805
19.75 -0.02035418
19.76 -0.01817239
19.77 -0.01656635
19.78 -0.01660203
19.79 -0.01692019
19.8 -0.01727033
19.81 -0.02046656
19.82 -0.02530954
19.83 -0.02811578
19.84 -0.03209049
19.85 -0.03662279
19.86 -0.03837249
19.87 -0.03893635
19.88 -0.03761585
19.89 -0.03306434
19.9 -0.02540063
19.91 -0.0178221
19.92 -0.01018126
19.93 -0.004354776
19.94 -0.0005336574
19.95 0.0006897767
19.96 -0.0005887769
19.97 -0.001377344
19.98 -0.002892129
19.99 -0.005697693
20 -0.007866127
20.01 -0.009969543
20.02 -0.01232333
20.03 -0.01267011
20.04 -0.01229193
20.05 -0.01232446
20.06 -0.01239034
20.07 -0.01132536
20.08 -0.009867536
20.09 -0.008418091
20.1 -0.007730552
20.11 -0.008684328
20.12 -0.01118431
20.13 -0.0131675
20.14 -0.01597611
20.15 -0.01963259
20.16 -0.02241823
20.17 -0.02329397
20.18 -0.02303096
20.19 -0.02255504
20.2 -0.02101676
20.21 -0.01751969
20.22 -0.01189138
20.23 -0.003139061
20.24 0.004564824
20.25 0.009776718
20.26 0.01425886
20.27 0.01781479
20.28 0.01969074
20.29 0.0198874
20.3 0.01968596
20.31 0.01992176
20.32 0.02157342
20.33 0.02287443
20.34 0.02129159
20.35 0.02027154
20.36 0.01852293
20.37 0.01543339
20.38 0.01127897
20.39 0.007614176
20.4 0.005640097
20.41 0.004721566
20.42 0.004836934
20.43 0.008417821
20.44 0.01263009
20.45 0.01639519
20.46 0.02230485
20.47 0.02839308
20.48 0.0325817
20.49 0.03520539
20.5 0.03709914
20.51 0.03608912
20.52 0.03350702
20.53 0.03102735
20.54 0.02514237
20.55 0.01536386
20.56 0.005546907
20.57 -0.003575234
20.58 -0.01226932
20.59 -0.01865873
20.6 -0.0226769
20.61 -0.02619375
20.62 -0.02905799
20.63 -0.03119347
20.64 -0.03238839
20.65 -0.03274719
20.66 -0.0316938
20.67 -0.03012793
20.68 -0.02850134
20.69 -0.02485681
20.7 -0.01907432
20.71 -0.01286401
20.72 -0.007353171
20.73 -0.00301553
20.74 0.001465014
20.75 0.003814583
20.76 0.004909933
20.77 0.006154805
20.78 0.009108136
20.79 0.01330715
20.8 0.01637221
20.81 0.01894488
20.82 0.02282679
20.83 0.02658173
20.84 0.02906936
20.85 0.03068205
20.86 0.03210353
20.87 0.03429907
20.88 0.03553105
20.89 0.03540391
20.9 0.03574484
20.91 0.0365465
20.92 0.03570342
20.93 0.03488204
20.94 0.03279715
20.95 0.03022721
20.96 0.02822971
20.97 0.02625266
20.98 0.02490014
20.99 0.02365466
21 0.02121189
21.01 0.01737765
21.02 0.01438567
21.03 0.01102926
21.04 0.004758416
21.05 -0.001412311
21.06 -0.00657608
21.07 -0.01203751
21.08 -0.01832735
21.09 -0.0232753
21.1 -0.02767218
21.11 -0.03163956
21.12 -0.03480083
21.13 -0.03943655
21.14 -0.04206778
21.15 -0.04415647
21.16 -0.04599648
21.17 -0.04668118
21.18 -0.04715243
21.19 -0.04619457
21.2 -0.04351017
21.21 -0.03982252
21.22 -0.03656923
21.23 -0.03309529
21.24 -0.030606
21.25 -0.02732969
21.26 -0.02396157
21.27 -0.02029299
21.28 -0.01500694
21.29 -0.01001396
21.3 -0.007690806
21.31 -0.005369306
21.32 -0.004119548
21.33 -0.004367378
21.34 -0.004258942
21.35 -0.001398467
21.36 0.002404497
21.37 0.005509492
21.38 0.01072506
21.39 0.01772035
21.4 0.0245125
21.41 0.03095867
21.42 0.03627192
21.43 0.04091884
21.44 0.0444211
21.45 0.04693855
21.46 0.04940028
21.47 0.05105856
21.48 0.0509618
21.49 0.0494425
21.5 0.04756442
21.51 0.04425613
21.52 0.04005771
21.53 0.03507518
21.54 0.03080083
21.55 0.02670959
21.56 0.02076948
21.57 0.01733822
21.58 0.01583763
21.59 0.01396915
21.6 0.01150134
21.61 0.006902688
21.62 0.002332742
21.63 -0.001987071
21.64 -0.007188069
21.65 -0.01332408
21.66 -0.01851031
21.67 -0.02207411
21.68 -0.02651939
21.69 -0.02845916
21.7 -0.028042
21.71 -0.02777795
21.72 -0.02668793
21.73 -0.0239399
21.74 -0.02302214
21.75 -0.02344799
21.76 -0.02379094
21.77 -0.02497686
21.78 -0.02531681
21.79 -0.02384891
21.8 -0.02318286
21.81 -0.02332143
21.82 -0.02210646
21.83 -0.01964106
21.84 -0.01863867
21.85 -0.01929116
21.86 -0.02085813
21.87 -0.02264676
21.88 -0.02377388
21.89 -0.02501223
21.9 -0.02605532
21.91 -0.026075
21.92 -0.02590817
21.93 -0.02589565
21.94 -0.02500784
21.95 -0.02343581
21.96 -0.02150816
21.97 -0.01743304
21.98 -0.01189207
21.99 -0.006291587
22 -0.0004091699
22.01 0.005170707
22.02 0.008267787
22.03 0.01045017
22.04 0.0130371
22.05 0.0158786
22.06 0.01916786
22.07 0.02319582
22.08 0.02634151
22.09 0.02872734
22.1 0.03103665
22.11 0.03164133
22.12 0.02998155
22.13 0.02831603
22.14 0.02516029
22.15 0.01996482
22.16 0.01449862
22.17 0.00913116
22.18 0.004253694
22.19 0.001025454
22.2 -0.0007274185
22.21 -0.001813768
22.22 -0.002741495
22.23 -0.002019699
22.24 -0.002221018
22.25 -0.003736491
22.26 -0.005208523
22.27 -0.005544358
22.28 -0.005365984
22.29 -0.005396052
22.3 -0.005814982
22.31 -0.00762727
22.32 -0.01106572
22.33 -0.01537905
22.34 -0.01939991
22.35 -0.0242366
22.36 -0.02839173
22.37 -0.03099315
22.38 -0.03241902
22.39 -0.03153823
22.4 -0.0288414
22.41 -0.02409916
22.42 -0.01956916
22.43 -0.01599069
22.44 -0.01365432
22.45 -0.01100545
22.46 -0.009883239
22.47 -0.009351071
22.48 -0.009128942
22.49 -0.008562466
22.5 -0.006442885
22.51 -0.004916699
22.52 -0.003661919
22.53 -0.002399405
22.54 -0.002086253
22.55 -0.002202039
22.56 -0.002700841
22.57 -0.003970177
22.58 -0.006129237
22.59 -0.008007072
22.6 -0.008406048
22.61 -0.009117527
22.62 -0.008800192
22.63 -0.006068536
22.64 -0.003085022
22.65 0.0001454427
22.66 0.004273704
22.67 0.007441722
22.68 0.01083904
22.69 0.01334462
22.7 0.01522145
22.71 0.01779128
22.72 0.02058687
22.73 0.0231973
22.74 0.02470643
22.75 0.02628365
22.76 0.02902176
22.77 0.03123114
22.78 0.0315961
22.79 0.03227711
22.8 0.03326734
22.81 0.03183544
22.82 0.02875027
22.83 0.02584798
22.84 0.02237862
22.85 0.01845878
22.86 0.01552224
22.87 0.01297171
22.88 0.01021731
22.89 0.007473912
22.9 0.004754618
22.91 0.002178755
22.92 -0.000714007
22.93 -0.004788103
22.94 -0.008971702
22.95 -0.01230037
22.96 -0.01398513
22.97 -0.01598166
22.98 -0.01746853
22.99 -0.01673892
23 -0.01354812
23.01 -0.0105808
23.02 -0.006260156
23.03 -0.000703275
23.04 0.004834634
23.05 0.01016997
23.06 0.01566789
23.07 0.0210567
23.08 0.02550266
23.09 0.02852153
23.1 0.03243737
23.11 0.0371048
23.12 0.0393472
23.13 0.03963012
23.14 0.03840041
23.15 0.03550794
23.16 0.03023964
23.17 0.02402002
23.18 0.01683784
23.19 0.01018191
23.2 0.005757133
23.21 0.001153182
23.22 -0.00294401
23.23 -0.00557386
23.24 -0.008553939
23.25 -0.01138831
23.26 -0.01178042
23.27 -0.01208474
23.28 -0.01095878
23.29 -0.008176211
23.3 -0.00524292
23.31 -0.002567642
23.32 0.0009195076
23.33 0.003949953
23.34 0.005346713
23.35 0.006356707
23.36 0.007855713
23.37 0.008559388
23.38 0.008393157
23.39 0.008297272
23.4 0.008353672
23.41 0.008365348
23.42 0.008348936
23.43 0.008347985
23.44 0.008429246
23.45 0.009488278
23.46 0.01055506
23.47 0.009327942
23.48 0.008187651
23.49 0.008335943
23.5 0.008528467
23.51 0.008457311
23.52 0.008423336
23.53 0.008445132
23.54 0.008459056
23.55 0.009088618
23.56 0.01145852
23.57 0.01547372
23.58 0.01901476
23.59 0.01943661
23.6 0.02092447
23.61 0.02258235
23.62 0.02246203
23.63 0.02115277
23.64 0.01976774
23.65 0.01772987
23.66 0.01365065
23.67 0.00999383
23.68 0.007495845
23.69 0.004911275
23.7 0.002359028
23.71 0.0009105707
23.72 -0.0002830352
23.73 -0.002212173
23.74 -0.005084766
23.75 -0.006937542
23.76 -0.009144769
23.77 -0.01171896
23.78 -0.01266518
23.79 -0.01240137
23.8 -0.01224804
23.81 -0.01122614
23.82 -0.008555537
23.83 -0.00591966
23.84 -0.00470171
23.85 -0.003521042
23.86 -0.002100018
23.87 -0.000756678
23.88 -0.0005126828
23.89 -0.0004018273
23.9 0.000501719
23.91 -9.037899e-05
23.92 -0.0009348387
23.93 -0.001097547
23.94 -0.003188268
23.95 -0.006063428
23.96 -0.009283686
23.97 -0.01268735
23.98 -0.01546037
23.99 -0.01793777
24 -0.01967788
24.01 -0.0221105
24.02 -0.02402852
24.03 -0.02454617
24.04 -0.0249589
24.05 -0.02502773
24.06 -0.02588087
24.07 -0.02598147
24.08 -0.02440223
24.09 -0.02294411
24.1 -0.02238625
24.11 -0.02243018
24.12 -0.02051971
24.13 -0.01861166
24.14 -0.01694657
24.15 -0.01489512
24.16 -0.01422912
24.17 -0.01440626
24.18 -0.01335432
24.19 -0.01200788
24.2 -0.01154164
24.21 -0.01039484
24.22 -0.009591747
24.23 -0.008736373
24.24 -0.007529719
24.25 -0.007275212
24.26 -0.007982479
24.27 -0.009522144
24.28 -0.01083003
24.29 -0.01086692
24.3 -0.00984426
24.31 -0.009106873
24.32 -0.007180283
24.33 -0.005222732
24.34 -0.006037972
24.35 -0.008782752
24.36 -0.009683514
24.37 -0.007429377
24.38 -0.005115891
24.39 -0.004746766
24.4 -0.003906446
24.41 -0.002664303
24.42 -0.002548072
24.43 -0.002736797
24.44 -0.001858469
24.45 -4.274907e-05
24.46 0.002952707
24.47 0.006639222
24.48 0.01002203
24.49 0.01407233
24.5 0.01830487
24.51 0.0223356
24.52 0.02606091
24.53 0.02828064
24.54 0.02883112
24.55 0.0285423
24.56 0.02835482
24.57 0.0275733
24.58 0.0273302
24.59 0.02692164
24.6 0.02556648
24.61 0.02492261
24.62 0.02365545
24.63 0.02052485
24.64 0.01615314
24.65 0.01133737
24.66 0.005749487
24.67 0.001203768
24.68 -0.002241212
24.69 -0.00445074
24.7 -0.006355277
24.71 -0.00900823
24.72 -0.009772709
24.73 -0.009421411
24.74 -0.008881487
24.75 -0.006803397
24.76 -0.003818884
24.77 -0.001115636
24.78 0.0003281882
24.79 0.001213575
24.8 0.0005481467
24.81 -0.001236712
24.82 -0.00463475
24.83 -0.007497249
24.84 -0.009313682
24.85 -0.01181625
24.86 -0.01490599
24.87 -0.0186
24.88 -0.02152468
24.89 -0.02448763
24.9 -0.02859628
24.91 -0.03221857
24.92 -0.03500104
24.93 -0.03958954
24.94 -0.04249154
24.95 -0.04410652
24.96 -0.04526943
24.97 -0.04433873
24.98 -0.04326522
24.99 -0.04013414
25 -0.0337631
25.01 -0.02649207
25.02 -0.0193701
25.03 -0.01163347
25.04 -0.004916551
25.05 0.0008635574
25.06 0.007044302
25.07 0.01097974
25.08 0.014182
25.09 0.01715553
25.1 0.0204874
25.11 0.02386935
25.12 0.02673452
25.13 0.03057719
25.14 0.03425851
25.15 0.03613224
25.16 0.03874329
25.17 0.04087894
25.18 0.04296199
25.19 0.04434583
25.2 0.04434658
25.21 0.04349549
25.22 0.04048353
25.23 0.03618868
25.24 0.03264436
25.25 0.02610497
25.26 0.01749
25.27 0.01301201
25.28 0.01111223
25.29 0.00955698
25.3 0.008137385
25.31 0.00682952
25.32 0.005927536
25.33 0.006719933
25.34 0.006676586
25.35 0.006182623
25.36 0.006846086
25.37 0.005545107
25.38 0.002487757
25.39 -0.0004261789
25.4 -0.003926494
25.41 -0.008128513
25.42 -0.01234857
25.43 -0.01589555
25.44 -0.01905226
25.45 -0.02230304
25.46 -0.02323191
25.47 -0.02386065
25.48 -0.02491082
25.49 -0.02462515
25.5 -0.02235947
25.51 -0.01942108
25.52 -0.01776305
25.53 -0.01778077
25.54 -0.0180247
25.55 -0.01810376
25.56 -0.01875581
25.57 -0.01928489
25.58 -0.01836767
25.59 -0.017665
25.6 -0.01598874
25.61 -0.01305239
25.62 -0.009424866
25.63 -0.005302087
25.64 -0.001168953
25.65 0.0025445
25.66 0.00530314
25.67 0.008561065
25.68 0.01264982
25.69 0.01576132
25.7 0.01825141
25.71 0.02065966
25.72 0.02162014
25.73 0.02140433
25.74 0.02120945
25.75 0.02011381
25.76 0.01732147
25.77 0.01344456
25.78 0.01068221
25.79 0.00740773
25.8 0.00406983
25.81 0.001337982
25.82 -0.0009828847
25.83 -0.002039208
25.84 -0.002387179
25.85 -0.004426152
25.86 -0.008392292
25.87 -0.01357419
25.88 -0.01748383
25.89 -0.01873944
25.9 -0.01980499
25.91 -0.02059611
25.92 -0.02054527
25.93 -0.02041666
25.94 -0.02067144
25.95 -0.02166807
25.96 -0.02099268
25.97 -0.01836883
25.98 -0.01644726
25.99 -0.01638519
26 -0.01687922
26.01 -0.01778492
26.02 -0.0172667
26.03 -0.01644235
26.04 -0.01647669
26.05 -0.0167905
26.06 -0.01793336
26.07 -0.01891015
26.08 -0.01888655
26.09 -0.01873126
26.1 -0.01877025
26.11 -0.01846502
26.12 -0.01598924
26.13 -0.01351583
26.14 -0.01210698
26.15 -0.01025688
26.16 -0.00654007
26.17 -0.003178084
26.18 -0.0006774407
26.19 0.002183023
26.2 0.006342506
26.21 0.009928554
26.22 0.01338597
26.23 0.01732217
26.24 0.0203667
26.25 0.02284027
26.26 0.02549722
26.27 0.02753264
26.28 0.02781183
26.29 0.02772054
26.3 0.02895296
26.31 0.02997265
26.32 0.02988698
26.33 0.02972087
26.34 0.02977167
26.35 0.02979944
26.36 0.02944276
26.37 0.02807682
26.38 0.02662343
26.39 0.0243873
26.4 0.02152624
26.41 0.01872637
26.42 0.01647454
26.43 0.0152331
26.44 0.01391421
26.45 0.01260535
26.46 0.01243325
26.47 0.01226433
26.48 0.01147562
26.49 0.01136311
26.5 0.01234087
26.51 0.0137138
26.52 0.01394348
26.53 0.01372883
26.54 0.01423816
26.55 0.01506495
26.56 0.01506784
26.57 0.0159333
26.58 0.0173039
26.59 0.01691987
26.6 0.01590076
26.61 0.01515376
26.62 0.01401654
26.63 0.01333028
26.64 0.01098537
26.65 0.008052604
26.66 0.004661164
26.67 0.00135873
26.68 -0.001308374
26.69 -0.003874036
26.7 -0.006300393
26.71 -0.007692103
26.72 -0.00899241
26.73 -0.009536251
26.74 -0.00935177
26.75 -0.009225604
26.76 -0.008546579
26.77 -0.005674232
26.78 -0.003489795
26.79 -0.002416692
26.8 -0.002313924
26.81 -0.00360555
26.82 -0.005449646
26.83 -0.008256323
26.84 -0.01100279
26.85 -0.01363179
26.86 -0.01455968
26.87 -0.01665625
26.88 -0.01872169
26.89 -0.0187358
26.9 -0.01839217
26.91 -0.01856338
26.92 -0.01970806
26.93 -0.02112982
26.94 -0.02260853
26.95 -0.02443015
26.96 -0.02797527
26.97 -0.03131055
26.98 -0.03300793
26.99 -0.03535617
27 -0.03761551
27.01 -0.03835925
27.02 -0.0365526
27.03 -0.0353687
27.04 -0.03386815
27.05 -0.0303485
27.06 -0.02675374
27.07 -0.02350775
27.08 -0.0209283
27.09 -0.01742305
27.1 -0.01403516
27.11 -0.01008965
27.12 -0.006501169
27.13 -0.004528952
27.14 -0.003449933
27.15 -0.002324959
27.16 -0.002081498
27.17 -0.002255819
27.18 -0.002272691
27.19 -0.00227973
27.2 -0.003057125
27.21 -0.002096456
27.22 0.0007960968
27.23 0.003815875
27.24 0.005708084
27.25 0.008638449
27.26 0.01296971
27.27 0.01701197
27.28 0.01961093
27.29 0.02340841
27.3 0.02843077
27.31 0.03177778
27.32 0.03545217
27.33 0.04058749
27.34 0.04442083
27.35 0.04682314
27.36 0.04858606
27.37 0.04991102
27.38 0.05071559
27.39 0.04913788
27.4 0.0460412
27.41 0.04247447
27.42 0.03657466
27.43 0.02930923
27.44 0.02262331
27.45 0.0172995
27.46 0.01178366
27.47 0.007172212
27.48 0.003501598
27.49 0.002022428
27.5 0.00186022
27.51 0.0006037076
27.52 -0.0001473123
27.53 5.327566e-05
27.54 0.0001708982
27.55 8.971119e-05
27.56 -0.0004005754
27.57 -0.002432786
27.58 -0.004626237
27.59 -0.005073722
27.6 -0.006025919
27.61 -0.009118732
27.62 -0.01257621
27.63 -0.01313613
27.64 -0.01361455
27.65 -0.01515558
27.66 -0.01635267
27.67 -0.01633922
27.68 -0.01613332
27.69 -0.01536142
27.7 -0.01291137
27.71 -0.009942801
27.72 -0.007597606
27.73 -0.006330431
27.74 -0.00440471
27.75 -0.003241332
27.76 -0.004149566
27.77 -0.003228288
27.78 -0.001385884
27.79 -0.002695476
27.8 -0.002376819
27.81 -0.002056059
27.82 -0.003315394
27.83 -0.004183159
27.84 -0.004768001
27.85 -0.004812298
27.86 -0.004728811
27.87 -0.0047396
27.88 -0.004491518
27.89 -0.002653784
27.9 -0.0003185108
27.91 0.0002771302
27.92 0.000984687
27.93 0.003194215
27.94 0.003085288
27.95 0.0004912466
27.96 -0.001882246
27.97 -0.004525664
27.98 -0.00736625
27.99 -0.00975199
28 -0.01076912
28.01 -0.009942337
28.02 -0.009196209
28.03 -0.009265618
28.04 -0.009559829
28.05 -0.01047294
28.06 -0.01107013
28.07 -0.01316118
28.08 -0.01432889
28.09 -0.01440003
28.1 -0.01618115
28.11 -0.01564123
28.12 -0.01384814
28.13 -0.01452386
28.14 -0.01613662
28.15 -0.01516889
28.16 -0.01368936
28.17 -0.0126472
28.18 -0.009316247
28.19 -0.005697662
28.2 -0.001873287
28.21 0.003141586
28.22 0.006972834
28.23 0.009447293
28.24 0.01198717
28.25 0.01383627
28.26 0.01398226
28.27 0.01348322
28.28 0.01180747
28.29 0.009503286
28.3 0.007441897
28.31 0.004674192
28.32 0.00168225
28.33 -0.003061668
28.34 -0.007194766
28.35 -0.01026291
28.36 -0.01347359
28.37 -0.01444947
28.38 -0.01403258
28.39 -0.01393647
28.4 -0.01405443
28.41 -0.01405832
28.42 -0.01400231
28.43 -0.01310402
28.44 -0.01067978
28.45 -0.00887791
28.46 -0.007367173
28.47 -0.005311144
28.48 -0.00318024
28.49 0.001301373
28.5 0.007113473
28.51 0.01220161
28.52 0.01483878
28.53 0.01724547
28.54 0.01926638
28.55 0.02052467
28.56 0.02089103
28.57 0.02175792
28.58 0.02123129
28.59 0.01842649
28.6 0.01537512
28.61 0.01185871
28.62 0.006683472
28.63 0.001166491
28.64 -0.003883142
28.65 -0.007921076
28.66 -0.01195445
28.67 -0.01582136
28.68 -0.01885664
28.69 -0.02144662
28.7 -0.02340005
28.71 -0.02392575
28.72 -0.02513233
28.73 -0.02662233
28.74 -0.02692699
28.75 -0.0258166
28.76 -0.02522141
28.77 -0.02403073
28.78 -0.0231784
28.79 -0.02190433
28.8 -0.0190087
28.81 -0.01600845
28.82 -0.01374147
28.83 -0.01205124
28.84 -0.009963011
28.85 -0.008584746
28.86 -0.007423238
28.87 -0.007061689
28.88 -0.006966359
28.89 -0.005641125
28.9 -0.004606893
28.91 -0.004069555
28.92 -0.002048916
28.93 -0.0001952397
28.94 -0.0002966549
28.95 -0.001546851
28.96 -0.001122858
28.97 0.0003912213
28.98 0.001081585
28.99 -2.166186e-05
29 -0.0005502938
29.01 -8.491389e-05
29.02 0.001360159
29.03 0.00277663
29.04 0.00409375
29.05 0.003489914
29.06 0.0008508483
29.07 -0.00087068
29.08 -0.00233676
29.09 -0.005012073
29.1 -0.007194107
29.11 -0.007544543
29.12 -0.008271947
29.13 -0.009540716
29.14 -0.01005719
29.15 -0.01083234
29.16 -0.0108661
29.17 -0.01155762
29.18 -0.01193054
29.19 -0.01071704
29.2 -0.00981592
29.21 -0.01070802
29.22 -0.01026539
29.23 -0.008684666
29.24 -0.007284551
29.25 -0.007106934
29.26 -0.007357304
29.27 -0.006583207
29.28 -0.003682913
29.29 -0.00149422
29.3 -0.000310953
29.31 0.0009580253
29.32 0.002344235
29.33 0.00339905
29.34 0.002655485
29.35 0.003334995
29.36 0.006200302
29.37 0.007158093
29.38 0.008158218
29.39 0.01056933
29.4 0.01157727
29.41 0.01135067
29.42 0.01309541
29.43 0.01576283
29.44 0.0163498
29.45 0.0168985
29.46 0.01636651
29.47 0.01556184
29.48 0.01465099
29.49 0.0122299
29.5 0.009266576
29.51 0.006525793
29.52 0.003854562
29.53 0.001180278
29.54 -0.0006376342
29.55 -0.002865028
29.56 -0.005083586
29.57 -0.004878005
29.58 -0.003156712
29.59 -0.001831882
29.6 -0.0005642379
29.61 0.001032599
29.62 0.003886159
29.63 0.007728798
29.64 0.009830792
29.65 0.01086547
29.66 0.01042017
29.67 0.01002316
29.68 0.01095562
29.69 0.01127646
29.7 0.0105578
29.71 0.009091012
29.72 0.008582884
29.73 0.008451353
29.74 0.00604223
29.75 0.003451146
29.76 0.001505333
29.77 -0.0002472459
29.78 -0.0007168201
29.79 -0.001599623
29.8 -0.002848277
29.81 -0.002985188
29.82 -0.002770314
29.83 -0.00278444
29.84 -0.002725037
29.85 -0.001592529
29.86 -0.0004176052
29.87 -0.0003815423
29.88 -0.0005476227
29.89 0.0002846175
29.9 0.001768587
29.91 0.002277581
29.92 0.003318704
29.93 0.004313686
29.94 0.004903458
29.95 0.006174494
29.96 0.007698903
29.97 0.008829547
29.98 0.009518329
29.99 0.01204689
30 0.0136541
30.01 0.01340533
30.02 0.0132485
30.03 0.01346376
30.04 0.01385617
30.05 0.01567839
30.06 0.01782584
30.07 0.01823351
30.08 0.01792257
30.09 0.01790973
30.1 0.01798507
30.11 0.01797394
30.12 0.01795694
30.13 0.01796156
30.14 0.01780295
30.15 0.01684103
30.16 0.01708655
30.17 0.01802799
30.18 0.01809894
30.19 0.01783598
30.2 0.01664896
30.21 0.01423894
30.22 0.01305552
30.23 0.01270675
30.24 0.01068267
30.25 0.008673189
30.26 0.008523403
30.27 0.008500024
30.28 0.007026584
30.29 0.006113834
30.3 0.006287914
30.31 0.006307557
30.32 0.005097394
30.33 0.004003498
30.34 0.004011559
30.35 0.002837551
30.36 0.000779675
30.37 0.001268011
30.38 0.001959693
30.39 0.001816209
30.4 0.001689932
30.41 0.001745242
30.42 0.001987065
30.43 0.004262544
30.44 0.006643145
30.45 0.006731331
30.46 0.006340796
30.47 0.006401909
30.48 0.006482811
30.49 0.006186183
30.5 0.004355137
30.51 0.002038841
30.52 -9.736675e-05
30.53 -0.00364764
30.54 -0.006701422
30.55 -0.008000222
30.56 -0.009573038
30.57 -0.01177009
30.58 -0.01235432
30.59 -0.01203454
30.6 -0.01198699
30.61 -0.0120714
30.62 -0.01206795
30.63 -0.01200731
30.64 -0.01121179
30.65 -0.0109583
30.66 -0.01169547
30.67 -0.01102935
30.68 -0.01188204
30.69 -0.01259189
30.7 -0.01032898
30.71 -0.009509057
30.72 -0.01093186
30.73 -0.01068588
30.74 -0.01029895
30.75 -0.01169253
30.76 -0.0123596
30.77 -0.01324312
30.78 -0.01472196
30.79 -0.01629078
30.8 -0.01757636
30.81 -0.01957738
30.82 -0.02042403
30.83 -0.02048531
30.84 -0.02126518
30.85 -0.02149975
30.86 -0.02134705
30.87 -0.02132375
30.88 -0.02111382
30.89 -0.01844282
30.9 -0.01447332
30.91 -0.0116024
30.92 -0.009788362
30.93 -0.008592935
30.94 -0.007346555
30.95 -0.005917263
30.96 -0.00502551
30.97 -0.005072451
30.98 -0.005202425
30.99 -0.005163984
31 -0.005140096
31.01 -0.00515317
31.02 -0.005156476
31.03 -0.00512541
31.04 -0.004277392
31.05 -0.001876313
31.06 -0.0002257229
31.07 0.0003396697
31.08 0.00331509
31.09 0.007175291
31.1 0.01068335
31.11 0.01354907
31.12 0.01529894
31.13 0.01765641
31.14 0.02056925
31.15 0.02198053
31.16 0.02169357
31.17 0.02238568
31.18 0.02281709
31.19 0.02267226
31.2 0.02209166
31.21 0.02131881
31.22 0.02043091
31.23 0.01833579
31.24 0.01772201
31.25 0.01741906
31.26 0.01465393
31.27 0.01227057
31.28 0.0103545
31.29 0.008759665
31.3 0.008567333
31.31 0.008804483
31.32 0.008783702
31.33 0.008125116
31.34 0.006823173
31.35 0.00721689
31.36 0.007604323
31.37 0.006682412
31.38 0.006378109
31.39 0.006571857
31.4 0.006647035
31.41 0.007431324
31.42 0.007877615
31.43 0.008138007
31.44 0.008561024
31.45 0.007242018
31.46 0.005583159
31.47 0.004190125
31.48 0.003101341
31.49 0.003087084
31.5 0.0036512
31.51 0.003253068
31.52 0.004636428
31.53 0.005493556
31.54 0.006215441
31.55 0.007262004
31.56 0.00774672
31.57 0.008494473
31.58 0.00776238
31.59 0.006230984
31.6 0.004955333
31.61 0.004745529
31.62 0.004875919
31.63 0.004831785
31.64 0.004700471
31.65 0.003140508
31.66 0.0003577415
31.67 -0.0006592257
31.68 -0.002744688
31.69 -0.004826975
31.7 -0.004755279
31.71 -0.00435858
31.72 -0.004455034
31.73 -0.00466453
31.74 -0.005608251
31.75 -0.005487356
31.76 -0.00452104
31.77 -0.004415847
31.78 -0.004619074
31.79 -0.004546074
31.8 -0.003516937
31.81 -0.002536793
31.82 -0.003397329
31.83 -0.002705452
31.84 -0.0004339771
31.85 0.0001599904
31.86 -0.0002385495
31.87 -0.0003114938
31.88 -0.0002373901
31.89 7.480768e-05
31.9 0.001397795
31.91 0.002732006
31.92 0.003885733
31.93 0.003207831
31.94 0.001804346
31.95 0.001625024
31.96 0.002221531
31.97 0.004017486
31.98 0.005300634
31.99 0.004220312
32 0.003508275
32.01 0.003667098
32.02 0.00371034
32.03 0.003585388
32.04 0.003515591
32.05 0.003474888
32.06 0.003415183
32.07 0.003350593
32.08 0.003290164
32.09 0.003229066
32.1 0.003176445
32.11 0.00372155
32.12 0.004949579
32.13 0.004407167
32.14 0.003027859
32.15 0.003090988
32.16 0.004101817
32.17 0.003484364
32.18 0.002626007
32.19 0.002620106
32.2 0.002795589
32.21 0.003703804
32.22 0.0042796
32.23 0.003018387
32.24 0.002097738
32.25 0.00217966
32.26 0.002102652
32.27 0.0002870185
32.28 -0.0009377257
32.29 -0.000192479
32.3 0.0004846056
32.31 0.000958592
32.32 0.0008214264
32.33 0.001434819
32.34 0.001904257
32.35 0.002808085
32.36 0.003587362
32.37 0.003473585
32.38 0.002647862
32.39 0.0006781212
32.4 -0.001614094
32.41 -0.003137662
32.42 -0.005192851
32.43 -0.007067918
32.44 -0.008568203
32.45 -0.01011539
32.46 -0.01047554
32.47 -0.01028539
32.48 -0.01123654
32.49 -0.01319039
32.5 -0.01426978
32.51 -0.01546784
32.52 -0.01749319
32.53 -0.01948725
32.54 -0.02132022
32.55 -0.02300128
32.56 -0.02393471
32.57 -0.02560302
32.58 -0.02666325
32.59 -0.0262087
32.6 -0.0255999
32.61 -0.02457594
32.62 -0.02313067
32.63 -0.0212924
32.64 -0.01824048
32.65 -0.01585933
32.66 -0.01325717
32.67 -0.01066892
32.68 -0.008500497
32.69 -0.006639307
32.7 -0.0052465
32.71 -0.003185818
32.72 -0.002022266
32.73 -0.002204516
32.74 -0.003588901
32.75 -0.005361807
32.76 -0.005537836
32.77 -0.005085383
32.78 -0.004947343
32.79 -0.005338544
32.8 -0.006148112
32.81 -0.005641124
32.82 -0.004468462
32.83 -0.004213845
32.84 -0.004040663
32.85 -0.002628414
32.86 -0.001029865
32.87 -0.0001020864
32.88 0.001426037
32.89 0.003294253
32.9 0.005039184
32.91 0.006665554
32.92 0.007868041
32.93 0.008505042
32.94 0.009651621
32.95 0.009912605
32.96 0.009120565
32.97 0.00956254
32.98 0.01014783
32.99 0.009919362
33 0.009597265
33.01 0.00946673
33.02 0.009334475
33.03 0.008993425
33.04 0.007800797
33.05 0.006286236
33.06 0.00579258
33.07 0.005798734
33.08 0.005179838
33.09 0.004937426
33.1 0.005225156
33.11 0.004486852
33.12 0.004111488
33.13 0.004858608
33.14 0.00463826
33.15 0.003556728
33.16 0.002669928
33.17 0.002018561
33.18 0.001239877
33.19 0.0005096155
33.2 -0.0001578976
33.21 -0.0003409477
33.22 -0.0002725913
33.23 -0.0002731123
33.24 -0.0003089675
33.25 -0.0003225315
33.26 -0.0003317396
33.27 -0.0003468847
33.28 -0.0003620646
33.29 -0.0003686002
33.3 -0.0003542491
33.31 -0.0003544087
33.32 -0.0003732846
33.33 -0.0003906446
33.34 -0.0004046118
33.35 -0.0004194308
33.36 -0.0004399991
33.37 -0.000752288
33.38 -0.001391567
33.39 -0.001937359
33.4 -0.002299443
33.41 -0.002283314
33.42 -0.002182048
33.43 -0.002407721
33.44 -0.002582225
33.45 -0.002127966
33.46 -0.001892815
33.47 -0.001920685
33.48 -0.001899958
33.49 -0.00206452
33.5 -0.00224463
33.51 -0.002580042
33.52 -0.003175053
33.53 -0.003179981
33.54 -0.002952615
33.55 -0.002842306
33.56 -0.002760364
33.57 -0.002701288
33.58 -0.002889054
33.59 -0.002667057
33.6 -0.002257813
33.61 -0.002136414
33.62 -0.002058016
33.63 -0.001580022
33.64 -0.0008829394
33.65 -0.0009102258
33.66 -0.0009907191
33.67 -0.0005505133
33.68 -0.0003256545
33.69 -0.000345171
33.7 -0.0003211705
33.71 -0.0002664505
33.72 -0.0002321157
33.73 -0.0002029041
33.74 -0.0001690201
33.75 -0.0001354439
33.76 -0.0001035963
33.77 -7.214134e-05
33.78 -4.099017e-05
33.79 1.464224e-05
33.8 0.0002825968
33.81 0.0005161423
33.82 0.0005174945
33.83 0.0006139595
33.84 0.0008751437
33.85 0.0009277064
33.86 0.0008100952
33.87 0.0006393433
33.88 0.000741043
33.89 0.0008474381
33.9 0.0008193778
33.91 0.0007808966
33.92 0.0007666653
33.93 0.0007502505
33.94 0.0007230395
33.95 0.0005935424
33.96 0.0005136425
33.97 0.0003308958
33.98 0.0001434128
33.99 0.0001641198
34 0.0002185846
34.01 0.0002299595
34.02 0.000240155
34.03 0.000218782
34.04 0.0001031156
34.05 6.548596e-05
34.06 4.797174e-05
34.07 8.361701e-05
34.08 0.0002171093
34.09 0.0003660118
34.1 0.0004764212
34.11 0.0005811368
34.12 0.0006743805
34.13 0.0007345294
34.14 0.0007236138
34.15 0.0006976544
34.16 0.0006832869
34.17 0.0006701637
34.18 0.0006547618
34.19 0.0005986022
34.2 0.0004506141
34.21 0.0003906354
34.22 0.0004186622
34.23 0.0004284588
34.24 0.0003806815
34.25 0.0003360304
34.26 0.000324402
34.27 0.0003497951
34.28 0.0003787245
34.29 0.0004573029
34.3 0.0005052031
34.31 0.0005019359
34.32 0.0004976696
34.33 0.000501364
34.34 0.0005033121
34.35 0.0005033897
34.36 0.0005036664
34.37 0.0005038434
34.38 0.0005035373
34.39 0.0005028793
34.4 0.0005019359
34.41 0.0005006778
34.42 0.000499103
34.43 0.0004972261
34.44 0.0004950534
34.45 0.000492671
34.46 0.0004904692
34.47 0.0004877888
34.48 0.0004845488
34.49 0.0004871343
34.5 0.000492796
34.51 0.0004881896
34.52 0.0004795209
34.53 0.0004726709
34.54 0.0004659902
34.55 0.0004586428
34.56 0.0004512657
34.57 0.0004439744
34.58 0.000435182
34.59 0.0004233883
34.6 0.0004126725
34.61 0.0004037283
34.62 0.0003987016
34.63 0.0003961444
34.64 0.0003902701
34.65 0.0003849242
34.66 0.0003791895
34.67 0.0003719988
34.68 0.000364585
34.69 0.0003572465
34.7 0.0003497604
34.71 0.0003421155
34.72 0.0003343594
34.73 0.0003263843
34.74 0.0003176501
34.75 0.0003088884
34.76 0.0003010532
34.77 0.0002934169
34.78 0.0002854735
34.79 0.0002773718
34.8 0.0002692763
34.81 0.000260835
34.82 0.0002520917
34.83 0.0002431962
34.84 0.0002342841
34.85 0.0002253933
34.86 0.0002163387
34.87 0.0002071948
34.88 0.0001979931
34.89 0.0001887327
34.9 0.0001794004
34.91 0.0001700018
34.92 0.0001605502
34.93 0.0001510461
34.94 0.0001414915
34.95 0.0001318935
34.96 0.0001222566
34.97 0.0001125844
34.98 0.0001028805
