0 -0.0001021322
0.02 0.0003383558
0.04 -0.0005846738
0.06 -0.0007161109
0.08 -0.00111944
0.1 -0.001517258
0.12 -0.001582459
0.14 -0.001549925
0.16 -0.001662268
0.18 -0.001460685
0.2 5.037221e-05
0.22 -0.001134481
0.24 -0.001142924
0.26 -0.0003831723
0.28 0.001052857
0.3 0.0014689
0.32 0.0009516494
0.34 -0.0003249654
0.36 -0.0007823411
0.38 -3.074765e-05
0.4 0.000740348
0.42 0.001030424
0.44 0.001407751
0.46 0.001688319
0.48 0.001823093
0.5 0.00217106
0.52 0.002136042
0.54 0.001927071
0.56 0.001621345
0.58 0.001376359
0.6 0.001021129
0.62 0.0007775584
0.64 -0.001269616
0.66 -0.0007308223
0.68 0.0002594882
0.7 -0.0001553437
0.72 -1.4995e-05
0.74 -0.0004167458
0.76 -0.0008444318
0.78 -0.0004290561
0.8 -0.0002940483
0.82 -0.0006572489
0.84 -0.001588312
0.86 -0.00124486
0.88 0.000630215
0.9 0.001799947
0.92 0.0003260301
0.94 -0.0003152592
0.96 -0.0006822315
0.98 0.0004175621
1 0.00189827
1.02 0.001603817
1.04 0.0006626776
1.06 -0.000730288
1.08 -0.0004635339
1.1 -0.0008269799
1.12 -0.0004153407
1.14 -0.0001027496
1.16 -0.0008689581
1.18 -0.0009490546
1.2 -0.0003689783
1.22 9.072006e-05
1.24 -0.0003728755
1.26 -0.0003136127
1.28 0.001034702
1.3 8.42271e-05
1.32 0.001026377
1.34 0.001682928
1.36 0.0001328758
1.38 0.0004678383
1.4 0.001511327
1.42 0.001018689
1.44 -0.001100073
1.46 8.681306e-06
1.48 0.001614783
1.5 -0.0006038491
1.52 -1.930511e-05
1.54 0.0002762497
1.56 1.07586e-05
1.58 0.0007004113
1.6 -0.0008978036
1.62 -0.001813117
1.64 -0.001904756
1.66 0.0009129362
1.68 0.001818826
1.7 0.00111646
1.72 0.00143141
1.74 0.0003106809
1.76 9.326865e-05
1.78 0.0009381283
1.8 -0.0009237534
1.82 -0.00167576
1.84 0.0006837711
1.86 0.001464111
1.88 0.0006086951
1.9 -0.001272996
1.92 -0.001255533
1.94 0.0005519628
1.96 -5.086726e-05
1.98 0.0003070607
2 -0.001104498
2.02 -0.0008541082
2.04 0.0007762833
2.06 0.0007328112
2.08 -0.001780969
2.1 -0.001409684
2.12 -0.0005743818
2.14 -0.002329214
2.16 -0.002583217
2.18 -0.001200739
2.2 0.0001620592
2.22 0.0006105173
2.24 0.002678718
2.26 0.0007905073
2.28 -0.00300329
2.3 -0.001109992
2.32 0.001907528
2.34 0.001299403
2.36 -0.0008642529
2.38 -0.001694946
2.4 -0.0004766844
2.42 0.0004443189
2.44 0.0009979606
2.46 -0.0003560875
2.48 -0.002547159
2.5 -0.002372963
2.52 -0.0003670182
2.54 -0.0003705543
2.56 -0.001650237
2.58 -0.003071119
2.6 -0.001502593
2.62 0.0003899507
2.64 -0.001211426
2.66 -0.002332983
2.68 -0.002304515
2.7 -0.0003148225
2.72 -0.0002525185
2.74 -0.002402182
2.76 -0.003216894
2.78 -0.001734362
2.8 0.0004706722
2.82 0.004536511
2.84 0.005763908
2.86 0.002137191
2.88 -0.0001404645
2.9 -0.0008911352
2.92 -0.002053948
2.94 -0.002341508
2.96 -0.003351338
2.98 -0.002315771
3 0.0005401082
3.02 0.0008219881
3.04 0.001140512
3.06 4.535603e-06
3.08 0.0001675129
3.1 0.002232835
3.12 0.0006231756
3.14 -0.002140304
3.16 0.0004030044
3.18 0.003604908
3.2 0.002370381
3.22 0.000932307
3.24 0.001318684
3.26 0.0007336654
3.28 -0.0001534652
3.3 -0.001004355
3.32 -0.001901595
3.34 -0.001673679
3.36 -0.002314582
3.38 -0.0004414874
3.4 0.00259105
3.42 0.002221647
3.44 0.003047295
3.46 -0.0007026323
3.48 -0.00219467
3.5 0.00144025
3.52 0.004342528
3.54 0.004895366
3.56 0.004353855
3.58 0.002483328
3.6 0.001314336
3.62 0.001571857
3.64 0.0009405566
3.66 0.001561392
3.68 -0.003861116
3.7 -0.004682149
3.72 -0.001372767
3.74 -0.0002835656
3.76 7.942644e-05
3.78 -0.000422455
3.8 -0.001097016
3.82 -0.0005399024
3.84 0.0011162
3.86 0.0007788465
3.88 -0.0004816428
3.9 2.812166e-05
3.92 0.00469292
3.94 0.005616752
3.96 0.001806363
3.98 -0.001444079
4 -0.003457215
4.02 -0.004297655
4.04 -0.004297387
4.06 -0.003528373
4.08 -0.002881075
4.1 -0.0009738081
4.12 0.0008092677
4.14 0.002204803
4.16 0.001448321
4.18 0.0007474944
4.2 0.005428397
4.22 0.003624951
4.24 0.0004018927
4.26 0.001163374
4.28 0.001168833
4.3 -0.00107996
4.32 -0.004605743
4.34 -0.005762946
4.36 -0.004548899
4.38 0.001175988
4.4 0.003466303
4.42 0.00242461
4.44 0.0004971688
4.46 0.0006675834
4.48 0.002725449
4.5 0.003545901
4.52 0.002517731
4.54 -0.001551925
4.56 -0.003771821
4.58 -0.004306034
4.6 -0.002922727
4.62 0.0001592774
4.64 -0.0001504309
4.66 0.003721393
4.68 0.004320669
4.7 -0.001860016
4.72 -0.003786899
4.74 0.001662956
4.76 0.00708506
4.78 0.00562837
4.8 0.001464339
4.82 -0.004441066
4.84 -0.0045223
4.86 -0.002741035
4.88 -0.001650955
4.9 -0.001349727
4.92 -0.0007735532
4.94 0.0011354
4.96 -0.0006178435
4.98 -0.0008963796
5 0.00118333
5.02 0.004595831
5.04 0.005195131
5.06 0.003460453
5.08 0.0009026524
5.1 -0.00507172
5.12 -0.009001945
5.14 -0.004806422
5.16 -0.001879839
5.18 0.003439046
5.2 0.003888596
5.22 0.00170782
5.24 0.00137479
5.26 0.004324611
5.28 0.008619275
5.3 0.006587505
5.32 0.002108303
5.34 -0.001556008
5.36 8.175205e-05
5.38 0.003535012
5.4 0.002774764
5.42 -0.003251128
5.44 -0.01104355
5.46 -0.01051096
5.48 -0.004087468
5.5 0.002099719
5.52 0.01072369
5.54 0.008546671
5.56 0.0001539036
5.58 -0.00373319
5.6 -0.003703279
5.62 0.001514262
5.64 0.002719961
5.66 0.000803375
5.68 -0.002932616
5.7 -0.003854749
5.72 -0.0006910288
5.74 0.001361835
5.76 0.003445983
5.78 -0.0001787025
5.8 -0.005317064
5.82 -0.007524965
5.84 -0.0007034323
5.86 0.0006117744
5.88 -0.003175299
5.9 -0.003736483
5.92 -0.003190097
5.94 -0.003317493
5.96 -0.003366952
5.98 -0.002418071
6 -0.001770708
6.02 0.0008976129
6.04 0.001547838
6.06 0.01034425
6.08 0.0266062
6.1 0.03635698
6.12 0.04155515
6.14 0.04086735
6.16 0.03471452
6.18 0.02186889
6.2 -0.01973649
6.22 -0.04793203
6.24 -0.03971442
6.26 -0.02838812
6.28 -0.03319274
6.3 -0.06089899
6.32 -0.06604542
6.34 -0.04627901
6.36 -0.01619276
6.38 0.01756026
6.4 0.03817171
6.42 0.0378824
6.44 0.03214093
6.46 0.03433022
6.48 0.03165476
6.5 0.01189508
6.52 -0.003708994
6.54 0.006508615
6.56 0.009604846
6.58 4.158952e-05
6.6 -0.006824351
6.62 -0.01502182
6.64 -0.01598708
6.66 -0.01793776
6.68 -0.01846865
6.7 -0.008223284
6.72 0.005475087
6.74 0.01053136
6.76 0.009811781
6.78 0.002087636
6.8 0.003650964
6.82 0.01341196
6.84 0.01501964
6.86 0.01033629
6.88 -0.009929357
6.9 -0.01529126
6.92 -0.01443846
6.94 -0.01982462
6.96 -0.01410281
6.98 0.009032151
7 0.02974901
7.02 0.01516117
7.04 -0.02649078
7.06 -0.05055996
7.08 -0.04102369
7.1 -0.01789234
7.12 -0.01232271
7.14 -0.01586775
7.16 -0.01275628
7.18 0.006701353
7.2 0.02909016
7.22 0.02413657
7.24 0.00508128
7.26 -0.008718974
7.28 -0.01374698
7.3 -0.008175113
7.32 0.013543
7.34 0.03967412
7.36 0.05808783
7.38 0.06538473
7.4 0.04691987
7.42 0.007258549
7.44 -0.02641712
7.46 -0.04749931
7.48 -0.05645786
7.5 -0.03957145
7.52 -0.01994522
7.54 -0.01739936
7.56 -0.004618248
7.58 0.001677108
7.6 -0.005933388
7.62 -0.008430477
7.64 -0.005498945
7.66 -0.007484671
7.68 -0.01189238
7.7 -0.006714036
7.72 0.005279822
7.74 0.02244057
7.76 0.04068366
7.78 0.05212128
7.8 0.04936727
7.82 0.03303541
7.84 -0.01060262
7.86 -0.05598122
7.88 -0.05776263
7.9 -0.02308189
7.92 0.02400305
7.94 0.05779817
7.96 0.04329155
7.98 -0.004288782
8 -0.01665045
8.02 -0.0007939829
8.04 0.01068534
8.06 0.02162962
8.08 0.02233685
8.1 0.02721671
8.12 0.03255771
8.14 0.02869689
8.16 0.01987437
8.18 -0.006063529
8.2 -0.03367395
8.22 -0.02335783
8.24 0.01164081
8.26 0.02648943
8.28 0.02201223
8.3 -0.008664202
8.32 -0.03835223
8.34 -0.04265036
8.36 -0.01878124
8.38 0.006340098
8.4 0.004448953
8.42 -0.01111855
8.44 -0.02057978
8.46 -0.007238225
8.48 0.01248234
8.5 0.02402444
8.52 0.01486494
8.54 -0.005773418
8.56 -0.003770432
8.58 0.02553823
8.6 0.04065601
8.62 0.01581592
8.64 -0.01068122
8.66 -0.01535213
8.68 0.001561509
8.7 0.009346205
8.72 -0.02280162
8.74 -0.05350798
8.76 -0.07809317
8.78 -0.08586325
8.8 -0.07269346
8.82 -0.05610161
8.84 -0.02844495
8.86 0.007548554
8.88 0.05833997
8.9 0.1005783
8.92 0.08596742
8.94 0.06216592
8.96 0.04400535
8.98 0.009044011
9 -0.03179448
9.02 -0.07114693
9.04 -0.07600145
9.06 -0.0476719
9.08 -0.01235337
9.1 -0.01444198
9.12 -0.04742479
9.14 -0.05607566
9.16 -0.02046175
9.18 0.01491322
9.2 0.0306012
9.22 0.0240859
9.24 -0.0003049813
9.26 0.01397614
9.28 0.007805991
9.3 -0.01764733
9.32 0.006125341
9.34 0.06038202
9.36 0.09901542
9.38 0.09644766
9.4 0.05965392
9.42 0.01598548
9.44 0.01132476
9.46 -0.0154376
9.48 -0.04734474
9.5 -0.02204765
9.52 -0.004151142
9.54 0.0003622651
9.56 0.01768168
9.58 0.03240934
9.6 0.04571196
9.62 0.04494355
9.64 -0.0179853
9.66 -0.1028775
9.68 -0.1376837
9.7 -0.1100106
9.72 -0.01871861
9.74 0.05176732
9.76 0.05267731
9.78 0.02771169
9.8 0.02019573
9.82 0.04819202
9.84 0.0797975
9.86 0.07932512
9.88 0.03710215
9.9 -0.01733243
9.92 -0.057995
9.94 -0.07540542
9.96 -0.05744562
9.98 -0.02084054
10 0.00249505
10.02 -0.005966045
10.04 -0.02678948
10.06 -0.02558867
10.08 -0.01637305
10.1 0.004618147
10.12 0.01634201
10.14 -0.009442868
10.16 -0.02216762
10.18 0.004165895
10.2 0.03580523
10.22 0.02033063
10.24 -0.007236389
10.26 -0.004953261
10.28 0.007740802
10.3 0.02285044
10.32 0.02132637
10.34 0.01472476
10.36 0.02896097
10.38 0.04702859
10.4 0.04344777
10.42 0.001858801
10.44 -0.06195104
10.46 -0.09142652
10.48 -0.05413358
10.5 -0.008824102
10.52 0.008518753
10.54 0.02123587
10.56 0.02268024
10.58 0.01387036
10.6 0.01565466
10.62 0.02641711
10.64 0.03255292
10.66 0.02593652
10.68 -0.01493587
10.7 -0.0483549
10.72 -0.04790103
10.74 -0.03959176
10.76 -0.01868412
10.78 0.000607678
10.8 0.01567512
10.82 0.02877802
10.84 0.03078227
10.86 0.007931339
10.88 -0.03543514
10.9 -0.0373578
10.92 0.006232012
10.94 0.05500521
10.96 0.06738802
10.98 0.04846102
11 0.04068145
11.02 0.03002445
11.04 0.0008194282
11.06 -0.02312406
11.08 -0.02117983
11.1 -0.0150938
11.12 -0.02454461
11.14 -0.04078737
11.16 -0.03849383
11.18 -0.04367204
11.2 -0.06264939
11.22 -0.05784917
11.24 -0.02797664
11.26 0.0290132
11.28 0.09011308
11.3 0.1118445
11.32 0.1110961
11.34 0.1020005
11.36 0.07825917
11.38 0.0451973
11.4 0.006986122
11.42 -0.01983523
11.44 -0.0161487
11.46 0.01619062
11.48 0.04169401
11.5 0.01817996
11.52 -0.05173117
11.54 -0.1450042
11.56 -0.2083718
11.58 -0.2078434
11.6 -0.1716166
11.62 -0.1121455
11.64 -0.06287537
11.66 -0.0158652
11.68 0.01555431
11.7 0.01493076
11.72 0.01320797
11.74 0.0145159
11.76 0.03824709
11.78 0.04871432
11.8 0.01795875
11.82 0.01182614
11.84 0.04993971
11.86 0.08546764
11.88 0.07588787
11.9 -0.01006214
11.92 -0.1033777
11.94 -0.1294342
11.96 -0.07309676
11.98 0.03089675
12 0.08210476
12.02 0.08118302
12.04 0.07512259
12.06 0.08295119
12.08 0.09839073
12.1 0.08221981
12.12 0.0372271
12.14 -0.004660747
12.16 -0.0330037
12.18 -0.04476206
12.2 -0.05437905
12.22 -0.05833071
12.24 -0.05242067
12.26 -0.01104349
12.28 0.03285156
12.3 0.0407123
12.32 0.006308672
12.34 -0.05486775
12.36 -0.0949071
12.38 -0.09989651
12.4 -0.06357876
12.42 -0.008051008
12.44 0.03230125
12.46 0.05179717
12.48 0.07199793
12.5 0.0907001
12.52 0.09204332
12.54 0.08306605
12.56 0.06765358
12.58 0.04910046
12.6 0.03805963
12.62 0.03027845
12.64 0.006703033
12.66 -0.02130489
12.68 -0.03207934
12.7 -0.02492487
12.72 0.007715316
12.74 0.03021466
12.76 0.03302124
12.78 0.00926605
12.8 -0.03241771
12.82 -0.06807337
12.84 -0.08559499
12.86 -0.05563727
12.88 -0.005683485
12.9 0.0152
12.92 0.01563571
12.94 0.01659197
12.96 0.02510547
12.98 0.04827622
13 0.0694929
13.02 0.06533581
13.04 0.02140434
13.06 -0.01641886
13.08 0.001740575
13.1 0.02742806
13.12 0.003699149
13.14 -0.02195171
13.16 -0.003756704
13.18 0.02322116
13.2 0.03301843
13.22 0.03322477
13.24 0.01540533
13.26 0.003393561
13.28 0.005184696
13.3 -0.01814991
13.32 -0.03535474
13.34 -0.02725846
13.36 -0.02542303
13.38 -0.008820706
13.4 0.01481676
13.42 0.01926963
13.44 0.0241773
13.46 0.02288375
13.48 0.005871792
13.5 -0.01742268
13.52 -0.02720383
13.54 -0.03377124
13.56 -0.03389398
13.58 -0.01066489
13.6 -0.009333554
13.62 -0.03157639
13.64 -0.02633911
13.66 0.01241318
13.68 0.03351211
13.7 0.02734308
13.72 0.01151449
13.74 -0.01865904
13.76 -0.05611474
13.78 -0.08576518
13.8 -0.09901826
13.82 -0.1156389
13.84 -0.1246983
13.86 -0.1240029
13.88 -0.08329363
13.9 -0.008430616
13.92 0.04692376
13.94 0.0705047
13.96 0.03720758
13.98 -0.01631336
14 -0.04910332
14.02 -0.06209352
14.04 -0.04514535
14.06 0.0008090961
14.08 0.03393826
14.1 0.04485104
14.12 0.04185732
14.14 0.02976096
14.16 0.03197064
14.18 0.05402922
14.2 0.07085551
14.22 0.07105682
14.24 0.05647198
14.26 0.03727409
14.28 0.03393287
14.3 0.03236256
14.32 0.0321139
14.34 0.0352175
14.36 0.03924748
14.38 0.04931705
14.4 0.05041745
14.42 0.01144205
14.44 -0.04273276
14.46 -0.06574892
14.48 -0.05522
14.5 -0.03198168
14.52 -0.01546953
14.54 -0.02461134
14.56 -0.04429929
14.58 -0.04167518
14.6 -0.02511773
14.62 -0.009492361
14.64 0.002208117
14.66 0.01172415
14.68 0.01889189
14.7 0.02451092
14.72 0.04317671
14.74 0.06939126
14.76 0.05835724
14.78 0.01555965
14.8 -0.03711687
14.82 -0.07177783
14.84 -0.06652366
14.86 -0.04797133
14.88 -0.02217661
14.9 0.001378801
14.92 -0.00270457
14.94 -0.003719272
14.96 0.01048919
14.98 0.01290418
15 -0.0002797554
15.02 -0.01155016
15.04 -0.00639679
15.06 0.006130951
15.08 0.01658191
15.1 0.03015817
15.12 0.0424208
15.14 0.03719406
15.16 0.02903301
15.18 0.009423228
15.2 -0.01100373
15.22 -0.01118596
15.24 -0.01569761
15.26 -0.03858393
15.28 -0.05521092
15.3 -0.05001871
15.32 -0.044315
15.34 -0.03484965
15.36 -0.000129031
15.38 0.02607014
15.4 0.02940457
15.42 0.0157869
15.44 0.0007147629
15.46 0.002359809
15.48 0.01420871
15.5 0.04789217
15.52 0.07954479
15.54 0.0860557
15.56 0.0661791
15.58 0.04539562
15.6 0.04195424
15.62 0.03217992
15.64 0.002697542
15.66 -0.009103683
15.68 -0.004047428
15.7 -0.007098414
15.72 -0.01669705
15.74 -0.03148429
15.76 -0.03647563
15.78 -0.03350287
15.8 -0.03320519
15.82 -0.01938885
15.84 0.0007735651
15.86 0.004313907
15.88 0.004543645
15.9 0.007253048
15.92 -0.001355617
15.94 -0.01371353
15.96 -0.01731954
15.98 -0.02343349
16 -0.02964484
16.02 -0.02948868
16.04 -0.01679697
16.06 0.01422136
16.08 0.0193188
16.1 -0.004822064
16.12 -0.01845679
16.14 -0.01470495
16.16 0.01234296
16.18 0.02679906
16.2 0.01652265
16.22 -0.03107391
16.24 -0.07945117
16.26 -0.07134413
16.28 -0.03380138
16.3 0.01819533
16.32 0.05377756
16.34 0.05875361
16.36 0.04277558
16.38 0.03290599
16.4 0.03313538
16.42 0.03274904
16.44 0.03028403
16.46 0.003923699
16.48 -0.02888013
16.5 -0.05171288
16.52 -0.07021706
16.54 -0.0644064
16.56 -0.03457067
16.58 -0.006720369
16.6 0.01735482
16.62 0.03575374
16.64 0.05120471
16.66 0.04757339
16.68 0.007660157
16.7 -0.03055748
16.72 -0.0470097
16.74 -0.04363309
16.76 -0.01694516
16.78 0.003840563
16.8 0.01214996
16.82 -0.0002106936
16.84 -0.02292797
16.86 -0.02849178
16.88 -0.02420883
16.9 -0.01320041
16.92 -0.01064917
16.94 -0.01040321
16.96 -0.004550311
16.98 2.82573e-05
17 0.002855908
17.02 -0.006665873
17.04 -0.01948901
17.06 -0.02041058
17.08 -0.003960647
17.1 0.01277374
17.12 0.01367247
17.14 0.007133173
17.16 0.0003054958
17.18 -0.005281934
17.2 -0.007595264
17.22 -0.006889557
17.24 -0.006703388
17.26 -0.008915952
17.28 8.498281e-05
17.3 0.01414914
17.32 0.01784053
17.34 0.01253357
17.36 0.004325575
17.38 0.0003218493
17.4 0.002394671
17.42 0.01833326
17.44 0.0390358
17.46 0.04757277
17.48 0.05353767
17.5 0.04629289
17.52 0.03575445
17.54 0.02399496
17.56 0.002153184
17.58 0.0005415295
17.6 -0.006735272
17.62 -0.0191204
17.64 -0.02327866
17.66 -0.02378186
17.68 -0.02185616
17.7 -0.01075406
17.72 0.0176517
17.74 0.03951716
17.76 0.04307912
17.78 0.04096868
17.8 0.03786936
17.82 0.04495846
17.84 0.06346446
17.86 0.07628499
17.88 0.06457538
17.9 0.03376529
17.92 0.01860843
17.94 0.01376598
17.96 -0.0001795222
17.98 -0.01805197
18 -0.02056478
18.02 -0.01642077
18.04 -0.02056876
18.06 -0.02585274
18.08 -0.03139803
18.1 -0.04348387
18.12 -0.05173653
18.14 -0.05568372
18.16 -0.04164531
18.18 -0.01765017
18.2 -0.01187348
18.22 -0.01016697
18.24 -0.01076581
18.26 -0.006916762
18.28 0.0009263801
18.3 0.01752844
18.32 0.02879696
18.34 0.02712371
18.36 0.02611913
18.38 0.03087523
18.4 0.01610214
18.42 -0.02914779
18.44 -0.05623908
18.46 -0.05649344
18.48 -0.03914949
18.5 -0.00815883
18.52 0.01072351
18.54 0.01005399
18.56 0.005749
18.58 -0.0004807397
18.6 -0.003219374
18.62 -0.00529954
18.64 -0.0135313
18.66 -0.02068034
18.68 -0.01549705
18.7 -0.002296055
18.72 0.003739562
18.74 -0.002411335
18.76 -0.01192591
18.78 -0.01377757
18.8 -0.01754673
18.82 -0.02245152
18.84 -0.02514424
18.86 -0.02782771
18.88 -0.0226706
18.9 0.009516447
18.92 0.03872491
18.94 0.03925787
18.96 0.02949164
18.98 0.01526094
19 -0.001506938
19.02 -0.009804011
19.04 -0.01716307
19.06 -0.0384055
19.08 -0.05129513
19.1 -0.04719584
19.12 -0.03318018
19.14 -0.02644763
19.16 -0.02918302
19.18 -0.02612985
19.2 -0.01374888
19.22 -2.980879e-05
19.24 0.01190911
19.26 0.02294258
19.28 0.02752873
19.3 0.0338211
19.32 0.03829877
19.34 0.03197131
19.36 0.02448054
19.38 0.02399884
19.4 0.02734845
19.42 0.02805483
19.44 0.01664438
19.46 -0.0009911362
19.48 -0.01110481
19.5 -0.01250766
19.52 -0.00736105
19.54 -0.004840151
19.56 -0.01115571
19.58 -0.01263015
19.6 -0.005653426
19.62 -0.001395882
19.64 0.005348641
19.66 0.01291464
19.68 0.01528853
19.7 0.01842813
19.72 0.02047753
19.74 0.01516505
19.76 0.005626897
19.78 -0.0004053597
19.8 -0.0006024879
19.82 -0.004692245
19.84 -0.01352346
19.86 -0.01320525
19.88 -0.005422348
19.9 -0.001963726
19.92 0.0002472568
19.94 0.007567574
19.96 0.01524778
19.98 0.02235242
20 0.02777901
20.02 0.02378549
20.04 0.01529885
20.06 0.008401104
20.08 0.001086235
20.1 -0.003447758
20.12 -0.007466318
20.14 -0.01342929
20.16 -0.0155862
20.18 -0.01365373
20.2 -0.004472034
20.22 0.003117119
20.24 0.003383749
20.26 0.000917433
20.28 -0.003525716
20.3 -0.006261062
20.32 -0.005798806
20.34 -0.003636775
20.36 -0.007707945
20.38 -0.01034136
20.4 -0.006633705
20.42 -0.004906625
20.44 -0.0007341725
20.46 0.004700683
20.48 0.006026501
20.5 0.01024389
20.52 0.0161648
20.54 0.01723955
20.56 0.01053241
20.58 0.007077579
20.6 0.013762
20.62 0.01664239
20.64 0.008753329
20.66 -0.002670187
20.68 -0.008632339
20.7 -0.01052845
20.72 -0.01372588
20.74 -0.02057343
20.76 -0.02854743
20.78 -0.03215704
20.8 -0.02930328
20.82 -0.01628941
20.84 0.01274729
20.86 0.03094725
20.88 0.02694593
20.9 0.01303184
20.92 0.003891117
20.94 0.006959927
20.96 0.01520252
20.98 0.02247596
21 0.0167308
21.02 0.0006545148
21.04 -0.01042096
21.06 -0.008688218
21.08 -0.005256472
21.1 -0.009722104
21.12 -0.01659231
21.14 -0.01815907
21.16 -0.01313364
21.18 -0.0009790241
21.2 0.01191796
21.22 0.01415187
21.24 0.01270123
21.26 0.01504592
21.28 0.02281642
21.3 0.02948791
21.32 0.02761753
21.34 0.02205022
21.36 0.01515065
21.38 0.007138922
21.4 -0.002594907
21.42 -0.01103629
21.44 -0.01191149
21.46 -0.009269611
21.48 -0.008665749
21.5 -0.009767001
21.52 -0.01135812
21.54 -0.01370466
21.56 -0.01473738
21.58 -0.01393454
21.6 -0.01380172
21.62 -0.01508592
21.64 -0.02427812
21.66 -0.03438224
21.68 -0.03831652
21.7 -0.03068816
21.72 -0.01796516
21.74 -0.008125102
21.76 -0.003347343
21.78 -0.001444839
21.8 0.001845627
21.82 0.006718658
21.84 0.01489086
21.86 0.02078043
21.88 0.02621007
21.9 0.03034272
21.92 0.03204179
21.94 0.02168995
21.96 0.002818538
21.98 -0.01169374
22 -0.01988567
22.02 -0.02138787
22.04 -0.02176638
22.06 -0.01943394
22.08 -0.01699327
22.1 -0.01670206
22.12 -0.01502102
22.14 -0.008623045
22.16 -0.003897926
22.18 -0.000782022
22.2 0.001915804
22.22 0.0009396886
22.24 -0.00183388
22.26 -0.006095308
22.28 -0.003629995
22.3 0.002531211
22.32 0.005172691
22.34 0.006779079
22.36 0.01017462
22.38 0.01443296
22.4 0.01635991
22.42 0.01589378
22.44 0.0143492
22.46 0.01077563
22.48 0.007219502
22.5 0.00847865
22.52 0.01056939
22.54 0.009192611
22.56 0.002871137
22.58 -0.005736774
22.6 -0.01351546
22.62 -0.01746076
22.64 -0.01620544
22.66 -0.01016596
22.68 -0.001939572
22.7 0.0009907703
22.72 -0.006395284
22.74 -0.01569249
22.76 -0.02061339
22.78 -0.01706969
22.8 -0.002903854
22.82 0.01164356
22.84 0.01702688
22.86 0.01797384
22.88 0.01358278
22.9 0.007475896
22.92 0.006268246
22.94 0.00549238
22.96 0.002736384
22.98 -0.0005597864
23 -0.003180008
23.02 -0.0005569721
23.04 0.009613603
23.06 0.01668415
23.08 0.01237139
23.1 -0.008456655
23.12 -0.02432391
23.14 -0.02994492
23.16 -0.02147871
23.18 -0.003966241
23.2 0.007007271
23.22 0.01085199
23.24 0.01280167
23.26 0.01724636
23.28 0.01493567
23.3 0.008699927
23.32 0.007299648
23.34 0.01204774
23.36 0.01416636
23.38 0.01134288
23.4 0.01003756
23.42 0.01911087
23.44 0.02779914
23.46 0.02482493
23.48 0.01062777
23.5 -0.0009266735
23.52 -0.005211627
23.54 -0.002659258
23.56 0.003292335
23.58 0.005237345
23.6 0.00650892
23.62 0.01011091
23.64 0.01649423
23.66 0.01567542
23.68 0.01352086
23.7 0.008989865
23.72 -0.007701218
23.74 -0.02366996
23.76 -0.02851847
23.78 -0.02803777
23.8 -0.02141407
23.82 -0.01440643
23.84 -0.01178289
23.86 -0.01313698
23.88 -0.01838423
23.9 -0.02282457
23.92 -0.02172523
23.94 -0.0151254
23.96 -0.008704596
23.98 -0.006417652
24 -0.007173774
24.02 -0.009426583
24.04 -0.01373654
24.06 -0.008193028
24.08 0.007345328
24.1 0.01343466
24.12 0.00535337
24.14 -0.003330025
24.16 -0.003962595
24.18 0.001918954
24.2 0.007580763
24.22 0.01207223
24.24 0.01658577
24.26 0.01826811
24.28 0.01742746
24.3 0.01346644
24.32 0.009132061
24.34 0.008305057
24.36 0.007366938
24.38 0.001804252
24.4 -0.003101104
24.42 -0.007128119
24.44 -0.006935632
24.46 -0.00166785
24.48 -0.003426614
24.5 -0.01197824
24.52 -0.01890875
24.54 -0.02137885
24.56 -0.0218634
24.58 -0.01682193
24.6 -0.008413351
24.62 -0.004726366
24.64 -0.008133679
24.66 -0.01137279
24.68 -0.01112912
24.7 -0.007089392
24.72 0.0004459352
24.74 0.005616578
24.76 0.007861709
24.78 0.00665058
24.8 0.005958548
24.82 0.009140382
24.84 0.007436109
24.86 0.003401705
24.88 0.004857338
24.9 0.007242562
24.92 0.003995253
24.94 -0.0002945606
24.96 -0.003208337
24.98 -0.005787389
25 -0.002232048
25.02 0.002546743
25.04 0.005142576
25.06 0.002194699
25.08 -0.0007855325
25.1 0.002528678
25.12 0.007809285
25.14 0.006785065
25.16 0.001287601
25.18 0.0005595885
25.2 0.005259785
25.22 0.01020993
25.24 0.01364316
25.26 0.01252189
25.28 0.009237445
25.3 0.008596057
25.32 0.009812297
25.34 0.006739826
25.36 -0.001035806
25.38 -0.006137273
25.4 -0.007435315
25.42 -0.009948593
25.44 -0.01564708
25.46 -0.01607237
25.48 -0.007418533
25.5 0.005611978
25.52 0.01987335
25.54 0.02744906
25.56 0.02618312
25.58 0.02272356
25.6 0.01691135
25.62 0.01120898
25.64 0.006983304
25.66 0.004317328
25.68 0.000681234
25.7 0.0006826909
25.72 0.00602081
25.74 0.01248919
25.76 0.01627522
25.78 0.0141671
25.8 0.007067834
25.82 -0.001541496
25.84 -0.006842159
25.86 -0.01007424
25.88 -0.01060899
25.9 -0.008583472
25.92 -0.007359166
25.94 -0.007076175
25.96 -0.004829355
25.98 -0.005138273
26 -0.005436854
26.02 -0.006147394
26.04 -0.01220893
26.06 -0.01674844
26.08 -0.01625462
26.1 -0.01741285
26.12 -0.0198591
26.14 -0.02283724
26.16 -0.02708445
26.18 -0.02843849
26.2 -0.02762525
26.22 -0.02338536
26.24 -0.01741784
26.26 -0.01370092
26.28 -0.00941903
26.3 -0.005579492
26.32 -0.002439497
26.34 -0.001047246
26.36 -0.000612442
26.38 0.004486874
26.4 0.009952112
26.42 0.01519085
26.44 0.01901644
26.46 0.01935011
26.48 0.01724505
26.5 0.01206849
26.52 0.003462091
26.54 -0.005940699
26.56 -0.009547617
26.58 -0.00709246
26.6 -0.005454222
26.62 -0.004664916
26.64 -0.002340662
26.66 0.003456823
26.68 0.005663793
26.7 0.002112026
26.72 -0.00208575
26.74 -0.007345079
26.76 -0.01166284
26.78 -0.01041415
26.8 -0.003083953
26.82 0.0009879662
26.84 0.0009942563
26.86 -0.000475259
26.88 -0.002954303
26.9 -0.002913603
26.92 -0.001603326
26.94 0.002095437
26.96 0.008183168
26.98 0.01146589
27 0.01117801
27.02 0.01119073
27.04 0.01342045
27.06 0.01391374
27.08 0.0129917
27.1 0.01405518
27.12 0.0165107
27.14 0.0175382
27.16 0.02119432
27.18 0.03051529
27.2 0.0381455
27.22 0.04099486
27.24 0.03929868
27.26 0.03266222
27.28 0.02212138
27.3 0.01238182
27.32 0.006472925
27.34 0.0006902666
27.36 -0.004852436
27.38 -0.008382777
27.4 -0.01145699
27.42 -0.01488814
27.44 -0.01615502
27.46 -0.01306647
27.48 -0.01369487
27.5 -0.01866703
27.52 -0.02515187
27.54 -0.02794634
27.56 -0.02307455
27.58 -0.008958401
27.6 0.006309821
27.62 0.01172659
27.64 0.0110515
27.66 0.008791483
27.68 0.005610932
27.7 0.002047116
27.72 0.001681607
27.74 0.005400339
27.76 0.009530364
27.78 0.01180402
27.8 0.01058608
27.82 0.009403439
27.84 0.0113162
27.86 0.01261434
27.88 0.008855753
27.9 -0.003200042
27.92 -0.009436882
27.94 -0.01202624
27.96 -0.01513053
27.98 -0.01901084
28 -0.02280863
28.02 -0.02590672
28.04 -0.02937507
28.06 -0.03021022
28.08 -0.03039709
28.1 -0.03033202
28.12 -0.02662133
28.14 -0.01943445
28.16 -0.01248604
28.18 -0.005303802
28.2 0.0008202079
28.22 0.005431957
28.24 0.007578281
28.26 0.007664572
28.28 0.007634406
28.3 0.009436802
28.32 0.009973452
28.34 0.01120109
28.36 0.01125315
28.38 0.008236043
28.4 0.004600857
28.42 -0.001007005
28.44 -0.005879675
28.46 -0.007824048
28.48 -0.0108657
28.5 -0.01777343
28.52 -0.02307609
28.54 -0.02517473
28.56 -0.01934387
28.58 -0.01018701
28.6 -0.004431514
28.62 0.001493477
28.64 0.006856994
28.66 0.01419417
28.68 0.01952263
28.7 0.01735317
28.72 0.01143944
28.74 0.002628865
28.76 -0.00392686
28.78 -0.005540656
28.8 -0.005210831
28.82 -0.004039338
28.84 -0.002088414
28.86 0.001398279
28.88 0.005093925
28.9 0.007376196
28.92 0.006859653
28.94 0.002003509
28.96 -0.001732664
28.98 -0.002392663
29 -0.001852859
29.02 0.0001199413
29.04 0.001460653
29.06 0.00666974
29.08 0.01298709
29.1 0.01631828
29.12 0.01880045
29.14 0.01946403
29.16 0.01523121
29.18 0.009241953
29.2 -0.0008548664
29.22 -0.006809585
29.24 -0.004842728
29.26 -0.001708311
29.28 6.978782e-06
29.3 -0.002846943
29.32 -0.009626967
29.34 -0.01652893
29.36 -0.01946946
29.38 -0.01774695
29.4 -0.0151787
29.42 -0.01242986
29.44 -0.00938343
29.46 -0.006892653
29.48 -0.002949886
29.5 -0.002221081
29.52 -0.003029031
29.54 -0.004006745
29.56 -0.002015665
29.58 0.005960212
29.6 0.01437233
29.62 0.01818897
29.64 0.01730841
29.66 0.0142876
29.68 0.01053135
29.7 0.008071446
29.72 0.004355512
29.74 0.001091826
29.76 -0.002536091
29.78 -0.005101729
29.8 -0.006498783
29.82 -0.007438509
29.84 -0.006584985
29.86 -0.004488265
29.88 -0.001715802
29.9 -0.0002386743
29.92 -0.001365676
29.94 -0.004360325
29.96 -0.008289422
29.98 -0.00899522
30 -0.004660756
30.02 -0.001824044
30.04 0.001808996
30.06 0.003365015
30.08 0.003436524
30.1 0.004185367
30.12 0.002086019
30.14 0.0007894237
30.16 0.004013982
30.18 0.005087075
30.2 0.001469111
30.22 -0.004335833
30.24 -0.006393999
30.26 -0.0009186689
30.28 0.007791678
30.3 0.01450776
30.32 0.01610695
30.34 0.01549657
30.36 0.01561222
30.38 0.01446078
30.4 0.00964351
30.42 0.003445765
30.44 0.00154322
30.46 0.004558899
30.48 0.007004129
30.5 0.008407033
30.52 0.007669138
30.54 0.006333988
30.56 0.006025751
30.58 0.00533832
30.6 0.004326783
30.62 0.001820926
30.64 -0.002309213
30.66 -0.004792313
30.68 -0.005892612
30.7 -0.006557218
30.72 -0.006416149
30.74 -0.008088693
30.76 -0.007023898
30.78 -0.004613501
30.8 -0.001840023
30.82 0.001540808
30.84 0.004536053
30.86 0.004817457
30.88 0.002757507
30.9 0.001660099
30.92 0.003244872
30.94 0.004834468
30.96 0.003694597
30.98 0.007374793
31 0.01093305
31.02 0.01155473
31.04 0.01067394
31.06 0.008561974
31.08 0.00534725
31.1 0.002735745
31.12 0.002134997
31.14 0.002909314
31.16 0.001014473
31.18 -0.001018592
31.2 -0.0003032467
31.22 -0.001767064
31.24 -0.003001122
31.26 -0.005077556
31.28 -0.007787186
31.3 -0.01243936
31.32 -0.0162829
31.34 -0.0167922
31.36 -0.01818862
31.38 -0.01842619
31.4 -0.01649973
31.42 -0.01280348
31.44 -0.009260044
31.46 -0.006799735
31.48 -0.004353698
31.5 -0.003373167
31.52 -0.003059539
31.54 -0.003889916
31.56 -0.00698735
31.58 -0.008218167
31.6 -0.008109515
31.62 -0.006276928
31.64 -0.004348166
31.66 -0.004087388
31.68 -0.005207609
31.7 -0.005512543
31.72 -0.003241592
31.74 -0.002048453
31.76 -0.001536397
31.78 0.001145105
31.8 0.004845592
31.82 0.007499119
31.84 0.008791461
31.86 0.005762276
31.88 0.0007014661
31.9 -0.002447745
31.92 -0.002121052
31.94 -0.0014336
31.96 -0.002465765
31.98 -0.00492217
32 -0.00601788
32.02 -0.005755516
32.04 -0.006498831
32.06 -0.004896387
32.08 -0.001900885
32.1 0.0006381408
32.12 0.001809068
32.14 0.003855162
32.16 0.003590032
32.18 0.004398328
32.2 0.006035644
32.22 0.007236721
32.24 0.006691394
32.26 0.002259005
32.28 -0.0006811347
32.3 -0.004066064
32.32 -0.006375652
32.34 -0.00703515
32.36 -0.007370646
32.38 -0.006862516
32.4 -0.001936032
32.42 0.001815755
32.44 0.003376599
32.46 0.005232957
32.48 0.01023045
32.5 0.01754156
32.52 0.02432431
32.54 0.02892056
32.56 0.03075528
32.58 0.03556942
32.6 0.03529319
32.62 0.02914002
32.64 0.02477293
32.66 0.02267064
32.68 0.02011288
32.7 0.0145193
32.72 0.006368434
32.74 0.001071312
32.76 -0.003790901
32.78 -0.009965737
32.8 -0.01421622
32.82 -0.02019199
32.84 -0.02493769
32.86 -0.03127598
32.88 -0.03454834
32.9 -0.03223869
32.92 -0.0269174
32.94 -0.02006643
32.96 -0.01404259
32.98 -0.008024206
33 -0.003661854
33.02 -0.003052124
33.04 -0.00299219
33.06 -0.0001608235
33.08 0.003821866
33.1 0.00623742
33.12 0.007966021
33.14 0.01013343
33.16 0.009793572
33.18 0.009228086
33.2 0.008692193
33.22 0.006220256
33.24 0.004827977
33.26 0.002156655
33.28 0.001850754
33.3 0.002066909
33.32 0.001191679
33.34 0.0006562618
33.36 -0.0008469982
33.38 -0.0002741654
33.4 0.001847674
33.42 0.001831942
33.44 0.002119364
33.46 0.003360133
33.48 0.004601122
33.5 0.005734414
33.52 0.00448445
33.54 0.004713523
33.56 0.002426161
33.58 0.0008736747
33.6 0.0005418307
33.62 0.0008089028
33.64 -0.000391052
33.66 -0.0007950172
33.68 0.0004508953
33.7 0.001305005
33.72 0.004169375
33.74 0.007455549
33.76 0.01102447
33.78 0.01167075
33.8 0.009913371
33.82 0.004915015
33.84 -0.001790535
33.86 -0.005168073
33.88 -0.005475714
33.9 -0.005695409
33.92 -0.003164109
33.94 0.0008484374
33.96 0.002227957
33.98 0.002899017
34 0.002059902
34.02 0.0008295317
34.04 -0.004135961
34.06 -0.01127771
34.08 -0.01518197
34.1 -0.01834807
34.12 -0.01907444
34.14 -0.01898663
34.16 -0.01963158
34.18 -0.01908405
34.2 -0.01759654
34.22 -0.01921491
34.24 -0.02065712
34.26 -0.02262195
34.28 -0.02409002
34.3 -0.02203287
34.32 -0.01683697
34.34 -0.009459345
34.36 -0.003270385
34.38 0.000604017
34.4 0.003117551
34.42 0.003602414
34.44 0.005410485
34.46 0.005935432
34.48 0.005458338
34.5 0.003492264
34.52 0.003708635
34.54 0.005405814
34.56 0.005922064
34.58 0.009645875
34.6 0.01121472
34.62 0.01053063
34.64 0.008954595
34.66 0.008359419
34.68 0.008587529
34.7 0.01201396
34.72 0.01592674
34.74 0.02086597
34.76 0.02035863
34.78 0.01755141
34.8 0.01497887
34.82 0.009858721
34.84 0.00386635
34.86 -0.00220425
34.88 -0.008633396
34.9 -0.01278269
34.92 -0.01260244
34.94 -0.01088094
34.96 -0.009892219
34.98 -0.01131834
35 -0.01218903
35.02 -0.01163173
35.04 -0.01098529
35.06 -0.01201252
35.08 -0.01057104
35.1 -0.008330976
35.12 -0.004042408
35.14 0.0005729008
35.16 0.004240746
35.18 0.006028103
35.2 0.005991884
35.22 0.004187281
35.24 0.000639158
35.26 0.0002150632
35.28 -0.001683851
35.3 -0.002405373
35.32 -0.001745358
35.34 -0.00212718
35.36 -0.003278954
35.38 -0.004449753
35.4 -0.00341578
35.42 -0.00335322
35.44 -0.002430905
35.46 -0.001847536
35.48 -0.00153167
35.5 -0.001205791
35.52 -0.0006724981
35.54 0.001651457
35.56 0.002078438
35.58 0.003998212
35.6 0.00521394
35.62 0.004971747
35.64 0.005134495
35.66 0.004390041
35.68 0.004658485
35.7 0.004002648
35.72 0.005390497
35.74 0.006064549
35.76 0.004054328
35.78 0.007112931
35.8 0.01161026
35.82 0.0140231
35.84 0.01446972
35.86 0.01342716
35.88 0.01305837
35.9 0.01241445
35.92 0.01059119
35.94 0.009544555
35.96 0.008764828
35.98 0.008483477
36 0.01137834
36.02 0.009432419
36.04 0.006841424
36.06 0.005938597
36.08 0.0062707
36.1 0.007359358
36.12 0.008256683
36.14 0.008071691
36.16 0.005331706
36.18 0.004770569
36.2 0.004109117
36.22 0.002777695
36.24 8.540678e-05
36.26 -0.0005338548
36.28 -0.0009818713
36.3 -0.0002182588
36.32 0.002183174
36.34 0.001861813
36.36 -0.001167136
36.38 -0.005819927
36.4 -0.009193003
36.42 -0.0117908
36.44 -0.01483239
36.46 -0.01731948
36.48 -0.01960931
36.5 -0.02014787
36.52 -0.01602575
36.54 -0.01135113
36.56 -0.009184663
36.58 -0.008522812
36.6 -0.009742369
36.62 -0.01045435
36.64 -0.01052384
36.66 -0.008001197
36.68 -0.004535538
36.7 -0.003939087
36.72 -0.006023577
36.74 -0.008188941
36.76 -0.01014862
36.78 -0.01011869
36.8 -0.006877277
36.82 -0.004085785
36.84 -0.003044885
36.86 -0.002046652
36.88 -0.00183624
36.9 -0.0003696364
36.92 0.00161372
36.94 0.002990021
36.96 0.003678758
36.98 0.004188977
37 0.0062433
37.02 0.008292202
37.04 0.008863915
37.06 0.00838342
37.08 0.009269988
37.1 0.008782576
37.12 0.008182654
37.14 0.00746546
37.16 0.008260945
37.18 0.007559499
37.2 0.005757265
37.22 0.005228798
37.24 0.004691157
37.26 0.006249097
37.28 0.006281699
37.3 0.005442982
37.32 0.004455561
37.34 0.0026502
37.36 0.001862453
37.38 0.002274592
37.4 0.001917182
37.42 0.0006072351
37.44 -0.0008094656
37.46 -0.00211797
37.48 -0.002768049
37.5 -0.002566738
37.52 -0.001591261
37.54 -0.0006698993
37.56 -0.0004848047
37.58 0.0003314462
37.6 0.001118736
37.62 0.0005420081
37.64 -0.000908993
37.66 -0.002157301
37.68 -0.002437927
37.7 -0.002200838
37.72 -0.002119836
37.74 -0.001870773
37.76 -0.001661159
37.78 -0.001942034
37.8 -0.001368128
37.82 -0.00130731
37.84 -0.001123388
37.86 -0.0007829849
37.88 -0.001079267
37.9 -0.001222066
37.92 -0.001473338
37.94 -0.001538672
37.96 -0.001899834
37.98 -0.002493224
38 -0.00297376
38.02 -0.0033648
38.04 -0.003166332
38.06 -0.002323061
38.08 -0.001894045
38.1 -0.001926264
38.12 -0.002188849
38.14 -0.002275275
38.16 -0.002083095
38.18 -0.001756116
38.2 -0.001265086
38.22 -0.001274833
38.24 -0.001441195
38.26 -0.001511122
38.28 -0.001655465
38.3 -0.001707643
38.32 -0.001752753
38.34 -0.001865232
38.36 -0.001945535
38.38 -0.001803656
38.4 -0.001425692
38.42 -0.001054817
38.44 -0.0006233614
38.46 -0.0001627198
38.48 0.0003604453
38.5 0.0008832179
38.52 0.001160333
38.54 0.001166921
38.56 0.0009353373
38.58 0.00082281
38.6 0.0007562418
38.62 0.0006748149
38.64 0.0006379741
38.66 0.000622803
38.68 0.0007374438
38.7 0.0008106252
38.72 0.0008902198
38.74 0.0009554585
38.76 0.0009881421
38.78 0.00101959
38.8 0.001047666
38.82 0.001076896
38.84 0.001036742
38.86 0.001072446
38.88 0.001064454
38.9 0.001018139
38.92 0.0009611277
38.94 0.0009220612
38.96 0.000910641
38.98 0.0008489885
39 0.000800146
39.02 0.0007434947
39.04 0.0006958289
39.06 0.0006645356
39.08 0.0005958752
39.1 0.0005208548
39.12 0.0004538259
39.14 0.0003932487
39.16 0.0003615432
39.18 0.0003283592
39.2 0.0002959313
39.22 0.0002699804
39.24 0.0002385752
39.26 0.0002134929
39.28 0.0001886531
39.3 0.000151654
39.32 0.0001108887
39.34 7.294944e-05
39.36 4.221939e-05
39.38 2.125516e-05
39.4 5.348132e-06
39.42 -4.984749e-06
39.44 -1.662709e-05
39.46 -2.7232e-05
39.48 -4.062741e-05
39.5 -5.353141e-05
39.52 -6.057251e-05
39.54 -6.397304e-05
39.56 -6.509752e-05
39.58 -6.474612e-05
39.6 -6.464634e-05
39.62 -6.504168e-05
39.64 -6.451883e-05
39.66 -6.31931e-05
39.68 -6.110528e-05
39.7 -5.84138e-05
39.72 -5.545133e-05
39.74 -5.223374e-05
39.76 -4.869441e-05
39.78 -4.499593e-05
39.8 -4.127889e-05
39.82 -3.760543e-05
39.84 -3.397669e-05
39.86 -3.044025e-05
39.88 -2.709738e-05
39.9 -2.400693e-05
39.92 -2.118053e-05
39.94 -1.861737e-05
39.96 -1.630669e-05
39.98 -1.422926e-05
