0 0.0001019671
0.01 0.0001053445
0.02 0.0001083418
0.03 0.0001106678
0.04 0.0001095758
0.05 0.000107715
0.06 0.000113027
0.07 0.0001235008
0.08 0.0001175277
0.09 0.0001043351
0.1 0.0001035664
0.11 0.0001179987
0.12 0.0001437354
0.13 0.0001544606
0.14 0.0001547714
0.15 0.0001293895
0.16 4.246262e-05
0.17 -4.843643e-06
0.18 5.102841e-06
0.19 5.506601e-05
0.2 0.000113931
0.21 0.0001870628
0.22 0.0002283845
0.23 0.0002294795
0.24 0.0002383578
0.25 0.0002304784
0.26 8.917303e-05
0.27 -9.667216e-05
0.28 -0.0001447356
0.29 -0.0001085565
0.3 7.424258e-06
0.31 0.0001051869
0.32 0.0001769999
0.33 0.0003505336
0.34 0.0004225983
0.35 0.0002545133
0.36 8.976877e-05
0.37 2.08297e-05
0.38 -0.0001604803
0.39 -0.00011074
0.4 0.0001482651
0.41 0.0002051167
0.42 0.0001642332
0.43 0.0001747783
0.44 0.0002010694
0.45 0.0002057173
0.46 0.0002231739
0.47 0.0002529445
0.48 0.000272927
0.49 0.0002816848
0.5 0.0002929885
0.51 0.0003137838
0.52 0.000335721
0.53 0.0003598031
0.54 0.0003995483
0.55 0.0002442887
0.56 -0.0004640348
0.57 -0.001094082
0.58 -0.001195569
0.59 -0.001459595
0.6 -0.001371811
0.61 -0.0008670485
0.62 5.09055e-05
0.63 0.001162619
0.64 0.001645642
0.65 0.001094433
0.66 0.0006557325
0.67 0.0004842555
0.68 -3.76691e-05
0.69 -0.000233838
0.7 -0.000120035
0.71 -7.672745e-05
0.72 0.0001615356
0.73 0.0009167058
0.74 0.00124573
0.75 0.00109451
0.76 0.000363199
0.77 -0.0008441813
0.78 -0.001049196
0.79 -9.572144e-05
0.8 0.0003086593
0.81 0.0001714449
0.82 -1.273361e-05
0.83 -0.0007416375
0.84 -0.001558001
0.85 -0.002381824
0.86 -0.002603741
0.87 -0.001842011
0.88 -0.0008081821
0.89 0.0001546758
0.9 0.0006007275
0.91 0.0006064535
0.92 0.001289414
0.93 0.002277579
0.94 0.002491584
0.95 0.002423881
0.96 0.002028728
0.97 0.001040272
0.98 0.0006591165
0.99 0.0001800276
1 0.0003812758
1.01 0.001124103
1.02 0.001266576
1.03 0.001186559
1.04 0.001246329
1.05 0.001151302
1.06 -0.0001041565
1.07 -0.00202494
1.08 -0.002630238
1.09 -0.002348993
1.1 -0.002221765
1.11 -0.002231092
1.12 -0.002234365
1.13 -0.002197802
1.14 -0.002138543
1.15 -0.001323768
1.16 0.0008643758
1.17 0.002339878
1.18 0.002324311
1.19 0.002163796
1.2 0.002267799
1.21 0.002378815
1.22 0.002473418
1.23 0.002572017
1.24 0.002611086
1.25 0.002657329
1.26 0.002009732
1.27 -0.000140857
1.28 -0.001712739
1.29 -0.001652941
1.3 -0.001385607
1.31 -0.001427256
1.32 -0.001420875
1.33 -0.001304139
1.34 -0.001031021
1.35 0.0004410177
1.36 0.002883434
1.37 0.004409528
1.38 0.005632198
1.39 0.00606322
1.4 0.005612168
1.41 0.00307945
1.42 0.000695643
1.43 -0.001170715
1.44 -0.002872565
1.45 -0.00317431
1.46 -0.002884077
1.47 -0.002828788
1.48 -0.002772045
1.49 -0.002669149
1.5 -0.002603155
1.51 -0.002748257
1.52 -0.004011527
1.53 -0.004468614
1.54 -0.00214993
1.55 0.0001250919
1.56 0.0003003672
1.57 8.74618e-06
1.58 9.205898e-05
1.59 -0.0002927276
1.6 -0.001646489
1.61 -0.001169937
1.62 0.0004674407
1.63 0.0007469952
1.64 0.0005034023
1.65 0.000601489
1.66 0.0006463495
1.67 -0.0003981607
1.68 -0.001605138
1.69 -0.001606595
1.7 -0.00129936
1.71 -0.001285198
1.72 -0.0002396748
1.73 0.002165918
1.74 0.001871476
1.75 -0.0006702624
1.76 -0.001449051
1.77 -0.001061804
1.78 -0.001996814
1.79 -0.003537661
1.8 -0.004958452
1.81 -0.005557632
1.82 -0.005417683
1.83 -0.005255713
1.84 -0.004998902
1.85 -0.003344805
1.86 -0.0008207763
1.87 0.0007110419
1.88 0.001773046
1.89 0.001038663
1.9 -0.0002574329
1.91 -0.0002929896
1.92 -3.045995e-05
1.93 -0.0008559731
1.94 -0.002054614
1.95 -0.0009352202
1.96 0.0008157005
1.97 0.002194228
1.98 0.001923321
1.99 0.0004574203
2 0.0001720558
2.01 0.000495587
2.02 4.447833e-05
2.03 -0.001393054
2.04 -0.001885045
2.05 -0.001614578
2.06 -0.001164284
2.07 0.0002948157
2.08 0.001154455
2.09 0.002044601
2.1 0.004264394
2.11 0.004182026
2.12 0.001708934
2.13 0.00081631
2.14 0.001260743
2.15 0.001424235
2.16 0.001357333
2.17 0.00137088
2.18 0.001453338
2.19 0.001550688
2.2 0.001650034
2.21 0.001635933
2.22 0.00168267
2.23 0.001772261
2.24 0.001063841
2.25 -0.001368593
2.26 -0.002986704
2.27 -0.002804446
2.28 -0.00204869
2.29 0.0001299716
2.3 0.002191894
2.31 0.00238586
2.32 0.002167203
2.33 0.002244018
2.34 0.001099638
2.35 -0.001773936
2.36 -0.002631728
2.37 -0.002133167
2.38 -0.002042435
2.39 -0.002061624
2.4 -0.001963034
2.41 -0.001889932
2.42 -0.00163715
2.43 0.000178432
2.44 0.002655475
2.45 0.00327715
2.46 0.002957567
2.47 0.003010077
2.48 0.00317569
2.49 0.003194386
2.5 0.00319525
2.51 0.003171394
2.52 0.002114335
2.53 0.0006372545
2.54 -0.0007293432
2.55 -0.0009966317
2.56 0.0003155431
2.57 0.001370363
2.58 0.001397482
2.59 0.0008807241
2.6 -0.0005220716
2.61 -0.001980708
2.62 -0.00410013
2.63 -0.005624276
2.64 -0.005199656
2.65 -0.002914909
2.66 -0.0006916065
2.67 -0.0003034365
2.68 -0.0005557782
2.69 -0.0008673843
2.7 -0.002146543
2.71 -0.002875889
2.72 -0.002745584
2.73 -0.002569413
2.74 -0.002508403
2.75 -0.002035756
2.76 -0.0005009208
2.77 0.001049987
2.78 0.002307844
2.79 0.00252888
2.8 0.001936968
2.81 0.0005907938
2.82 3.019797e-05
2.83 0.0003313873
2.84 0.001618202
2.85 0.003186685
2.86 0.004166285
2.87 0.003285707
2.88 0.001727736
2.89 0.0005519648
2.9 0.0005064584
2.91 0.0007499308
2.92 0.0001348039
2.93 -0.001416207
2.94 -0.00275601
2.95 -0.002275712
2.96 0.0007010245
2.97 0.002680163
2.98 0.00240883
2.99 0.002921586
3 0.002334259
3.01 0.0007586934
3.02 -0.001245441
3.03 -0.003181079
3.04 -0.003484675
3.05 -0.002049971
3.06 -0.00039181
3.07 0.001095792
3.08 0.001711484
3.09 0.001634445
3.1 0.001620572
3.11 0.001705519
3.12 0.001728229
3.13 0.0005369008
3.14 -0.002312554
3.15 -0.003203154
3.16 -0.002961071
3.17 -0.004166422
3.18 -0.004569257
3.19 -0.002892458
3.2 -0.001033103
3.21 0.001272438
3.22 0.002504245
3.23 0.001858932
3.24 0.0002852917
3.25 -0.0001095065
3.26 0.0002059748
3.27 0.0006155511
3.28 0.002012774
3.29 0.003595385
3.3 0.004053791
3.31 0.002962129
3.32 0.002332953
3.33 0.001182556
3.34 0.0003884625
3.35 0.0005541382
3.36 0.0007519855
3.37 0.0007832705
3.38 0.001177137
3.39 0.002637529
3.4 0.00345849
3.41 0.003359179
3.42 0.003297139
3.43 0.003370521
3.44 0.003435608
3.45 0.003478276
3.46 0.003532918
3.47 0.003590544
3.48 0.003630949
3.49 0.003647885
3.5 0.00364139
3.51 0.002016683
3.52 -0.0006943391
3.53 -0.001185706
3.54 -0.001526433
3.55 -0.0042848
3.56 -0.005757777
3.57 -0.005353847
3.58 -0.005082423
3.59 -0.004774566
3.6 -0.002754008
3.61 -0.0004462696
3.62 -1.041447e-05
3.63 -0.000290424
3.64 -0.0002761287
3.65 -0.0001598916
3.66 -0.0007473347
3.67 -0.002128344
3.68 -0.002516862
3.69 -0.002232333
3.7 -0.002493078
3.71 -0.003963984
3.72 -0.005441299
3.73 -0.006522882
3.74 -0.005541768
3.75 -0.003786816
3.76 -0.002240574
3.77 -0.0009075356
3.78 0.001442886
3.79 0.004530284
3.8 0.007212886
3.81 0.008128551
3.82 0.007918074
3.83 0.00769056
3.84 0.005665937
3.85 0.002991006
3.86 0.001057705
3.87 -0.0008291762
3.88 -0.002972892
3.89 -0.00550505
3.9 -0.00580381
3.91 -0.004421792
3.92 -0.004249785
3.93 -0.003686262
3.94 -0.002918655
3.95 -0.00176976
3.96 -0.0003602793
3.97 0.001492816
3.98 0.004320104
3.99 0.007372446
4 0.009082099
4.01 0.008616029
4.02 0.005150921
4.03 0.0001389014
4.04 -0.003467538
4.05 -0.005910909
4.06 -0.008364786
4.07 -0.01086153
4.08 -0.01186582
4.09 -0.01101314
4.1 -0.008615977
4.11 -0.006594115
4.12 -0.005044111
4.13 -0.002792711
4.14 -0.001679791
4.15 -0.001777285
4.16 -0.001869935
4.17 -0.001763683
4.18 -0.001688447
4.19 -0.001645275
4.2 -0.001586576
4.21 -0.0006917287
4.22 0.0006756606
4.23 -0.0001773872
4.24 -0.001480664
4.25 -0.001418807
4.26 -0.00111014
4.27 -0.0001558093
4.28 0.002509652
4.29 0.005758951
4.3 0.007657709
4.31 0.006057399
4.32 0.003804963
4.33 0.003610674
4.34 0.004181754
4.35 0.005157987
4.36 0.004728681
4.37 0.00318712
4.38 -0.0001104916
4.39 -0.004222064
4.4 -0.006674713
4.41 -0.008117455
4.42 -0.009421354
4.43 -0.009706967
4.44 -0.008360798
4.45 -0.005809129
4.46 -0.004123556
4.47 -0.00224589
4.48 0.0009832417
4.49 0.005051525
4.5 0.008557643
4.51 0.009879321
4.52 0.009719479
4.53 0.00970463
4.54 0.009815164
4.55 0.009617593
4.56 0.007393784
4.57 0.005068944
4.58 0.00510767
4.59 0.006286168
4.6 0.007829919
4.61 0.009312446
4.62 0.01039497
4.63 0.01008147
4.64 0.008511229
4.65 0.00782078
4.66 0.007032402
4.67 0.00473476
4.68 0.003346434
4.69 0.003536501
4.7 0.003227536
4.71 0.001631811
4.72 -0.001021561
4.73 -0.004702998
4.74 -0.007985863
4.75 -0.01195355
4.76 -0.01464464
4.77 -0.01372448
4.78 -0.01085367
4.79 -0.009211191
4.8 -0.007618616
4.81 -0.005284389
4.82 -0.003646708
4.83 -0.001361232
4.84 0.00168281
4.85 0.004535027
4.86 0.007299741
4.87 0.009388316
4.88 0.009742695
4.89 0.009235882
4.9 0.006554832
4.91 0.002233775
4.92 -0.003220103
4.93 -0.01087014
4.94 -0.01722187
4.95 -0.01985319
4.96 -0.02041813
4.97 -0.01981496
4.98 -0.01681145
4.99 -0.01128046
5 -0.004216545
5.01 0.004101083
5.02 0.01287173
5.03 0.02011421
5.04 0.02357212
5.05 0.02466073
5.06 0.02474697
5.07 0.02436828
5.08 0.02249249
5.09 0.01879298
5.1 0.01158041
5.11 0.0002503599
5.12 -0.01059999
5.13 -0.01712578
5.14 -0.02139011
5.15 -0.02378514
5.16 -0.02393622
5.17 -0.02356865
5.18 -0.02322838
5.19 -0.02141575
5.2 -0.0190394
5.21 -0.0183345
5.22 -0.01745241
5.23 -0.01490417
5.24 -0.01350131
5.25 -0.01313678
5.26 -0.01093148
5.27 -0.006695686
5.28 -0.001369567
5.29 0.002816461
5.3 0.005531417
5.31 0.007483417
5.32 0.008049848
5.33 0.009026475
5.34 0.0118113
5.35 0.01502558
5.36 0.01806531
5.37 0.02181584
5.38 0.02454389
5.39 0.02369441
5.4 0.02181828
5.41 0.01994241
5.42 0.01730468
5.43 0.01457415
5.44 0.01298405
5.45 0.01158483
5.46 0.009377903
5.47 0.007339368
5.48 0.004665349
5.49 0.001923953
5.5 -0.000524041
5.51 -0.002336921
5.52 -0.004327069
5.53 -0.005656398
5.54 -0.006784604
5.55 -0.007083298
5.56 -0.007144782
5.57 -0.008883349
5.58 -0.01182259
5.59 -0.01460288
5.6 -0.01717154
5.61 -0.01969107
5.62 -0.02076659
5.63 -0.01982192
5.64 -0.01627247
5.65 -0.01106101
5.66 -0.005580168
5.67 -0.001860351
5.68 -0.0005876234
5.69 0.001184771
5.7 0.00332489
5.71 0.003927951
5.72 0.0051419
5.73 0.008089066
5.74 0.0111325
5.75 0.01383243
5.76 0.01554836
5.77 0.01573418
5.78 0.01490343
5.79 0.01105677
5.8 0.005371569
5.81 4.8516e-05
5.82 -0.003138906
5.83 -0.004617404
5.84 -0.006593758
5.85 -0.006920099
5.86 -0.004428928
5.87 -0.001199899
5.88 0.001492306
5.89 0.002953249
5.9 0.004879475
5.91 0.006958507
5.92 0.005495891
5.93 0.002228427
5.94 -0.0006577261
5.95 -0.002615095
5.96 -0.004566612
5.97 -0.005294255
5.98 -0.002798847
5.99 0.0005270626
6 0.002836367
6.01 0.004135417
6.02 0.005541226
6.03 0.006877106
6.04 0.006743171
6.05 0.005786721
6.06 0.005740092
6.07 0.006029651
6.08 0.00600858
6.09 0.004792629
6.1 0.003700809
6.11 0.003821192
6.12 0.003250915
6.13 0.0008217859
6.14 -0.001037553
6.15 -0.002535932
6.16 -0.004661842
6.17 -0.005993149
6.18 -0.006114846
6.19 -0.00500597
6.2 -0.004347814
6.21 -0.003079096
6.22 -0.002219178
6.23 -0.004238352
6.24 -0.009250122
6.25 -0.01256281
6.26 -0.01573671
6.27 -0.01993374
6.28 -0.02118673
6.29 -0.02043529
6.3 -0.0185502
6.31 -0.01398368
6.32 -0.007964223
6.33 -0.001980471
6.34 0.004906463
6.35 0.01316161
6.36 0.02107355
6.37 0.0271259
6.38 0.03039855
6.39 0.03274246
6.4 0.03387818
6.41 0.03213207
6.42 0.02840532
6.43 0.02249355
6.44 0.01443424
6.45 0.00623704
6.46 -0.0002567095
6.47 -0.005027353
6.48 -0.008200231
6.49 -0.009868141
6.5 -0.01101486
6.51 -0.01254472
6.52 -0.01537504
6.53 -0.016916
6.54 -0.01656462
6.55 -0.01626618
6.56 -0.01627563
6.57 -0.01589508
6.58 -0.01386473
6.59 -0.01150056
6.6 -0.01093203
6.61 -0.009902293
6.62 -0.007346674
6.63 -0.006112295
6.64 -0.006306826
6.65 -0.006253312
6.66 -0.004546865
6.67 0.0006869065
6.68 0.007357328
6.69 0.01140912
6.7 0.01289887
6.71 0.01262016
6.72 0.009262718
6.73 0.003072355
6.74 -0.0006932929
6.75 -0.005238371
6.76 -0.01199599
6.77 -0.01576966
6.78 -0.01758351
6.79 -0.01716046
6.8 -0.01409287
6.81 -0.01064147
6.82 -0.007134526
6.83 -0.003204917
6.84 -0.0003624793
6.85 0.0008762623
6.86 0.003039029
6.87 0.00619189
6.88 0.008912512
6.89 0.009789978
6.9 0.008283323
6.91 0.004413582
6.92 8.290477e-05
6.93 -0.003430364
6.94 -0.004794905
6.95 -0.005815004
6.96 -0.006413598
6.97 -0.006285448
6.98 -0.00598699
6.99 -0.004424022
7 -0.00137757
7.01 0.002453223
7.02 0.007528347
7.03 0.01206949
7.04 0.0147045
7.05 0.0160213
7.06 0.01745299
7.07 0.01890107
7.08 0.02024148
7.09 0.02054594
7.1 0.01974523
7.11 0.01608715
7.12 0.008882045
7.13 -0.00310665
7.14 -0.01579056
7.15 -0.0213474
7.16 -0.02103922
7.17 -0.01653423
7.18 -0.005830295
7.19 0.004943257
7.2 0.01051678
7.21 0.0118119
7.22 0.008911856
7.23 0.0009288512
7.24 -0.00969575
7.25 -0.01848413
7.26 -0.02360672
7.27 -0.02536118
7.28 -0.02320194
7.29 -0.0139892
7.3 -0.001494407
7.31 0.00947646
7.32 0.01727053
7.33 0.0222598
7.34 0.02387708
7.35 0.02134694
7.36 0.01473553
7.37 0.007174373
7.38 0.003752251
7.39 0.002555921
7.4 -6.024138e-05
7.41 -0.002166186
7.42 -0.004190493
7.43 -0.00532725
7.44 -0.005205863
7.45 -0.005612623
7.46 -0.007101857
7.47 -0.008568218
7.48 -0.009485728
7.49 -0.009455844
7.5 -0.009312091
7.51 -0.010672
7.52 -0.01352473
7.53 -0.01417745
7.54 -0.01359469
7.55 -0.01304417
7.56 -0.01163877
7.57 -0.01010583
7.58 -0.008686965
7.59 -0.007153354
7.6 -0.005576264
7.61 -0.002611925
7.62 0.003002483
7.63 0.01138002
7.64 0.01963284
7.65 0.0261698
7.66 0.03099759
7.67 0.0339884
7.68 0.03439931
7.69 0.03282157
7.7 0.0296419
7.71 0.02363161
7.72 0.01617896
7.73 0.008820767
7.74 0.004109752
7.75 0.001699348
7.76 0.0006551028
7.77 0.001344718
7.78 0.001156852
7.79 -0.002616094
7.8 -0.007580135
7.81 -0.01510242
7.82 -0.02366121
7.83 -0.02844036
7.84 -0.02986433
7.85 -0.02822388
7.86 -0.02286772
7.87 -0.01478358
7.88 -0.005163255
7.89 0.004063857
7.9 0.01135608
7.91 0.01587641
7.92 0.01886757
7.93 0.02037375
7.94 0.02112567
7.95 0.01954939
7.96 0.01550099
7.97 0.009181129
7.98 0.0007574965
7.99 -0.008972597
8 -0.01804654
8.01 -0.02445104
8.02 -0.02759518
8.03 -0.02973006
8.04 -0.03120254
8.05 -0.03207602
8.06 -0.03130503
8.07 -0.02930294
8.08 -0.02528236
8.09 -0.0185888
8.1 -0.009776728
8.11 0.0006530182
8.12 0.01095583
8.13 0.01867911
8.14 0.02312061
8.15 0.02418229
8.16 0.0239353
8.17 0.02394714
8.18 0.02241366
8.19 0.01968496
8.2 0.01922542
8.21 0.01972889
8.22 0.01879162
8.23 0.01574536
8.24 0.01267656
8.25 0.00814059
8.26 0.003183451
8.27 -0.004009378
8.28 -0.01102171
8.29 -0.01541672
8.3 -0.01801746
8.31 -0.01900159
8.32 -0.01660863
8.33 -0.01201549
8.34 -0.007694887
8.35 -0.005791319
8.36 -0.006789866
8.37 -0.007305687
8.38 -0.006926137
8.39 -0.005887837
8.4 -0.002524874
8.41 0.002550126
8.42 0.007983111
8.43 0.01171647
8.44 0.01256289
8.45 0.01227778
8.46 0.01136285
8.47 0.008860272
8.48 0.005698409
8.49 0.001676086
8.5 -0.002389166
8.51 -0.005599101
8.52 -0.006142005
8.53 -0.005425393
8.54 -0.003765562
8.55 -0.0008915073
8.56 0.002190657
8.57 0.004086903
8.58 0.004253374
8.59 0.003617627
8.6 0.0009498048
8.61 -0.0008264815
8.62 -0.001260787
8.63 -0.001303006
8.64 -5.613862e-05
8.65 0.002036716
8.66 0.004356152
8.67 0.005788597
8.68 0.007930678
8.69 0.009579785
8.7 0.008232397
8.71 0.004349292
8.72 -0.001861185
8.73 -0.0081232
8.74 -0.01336139
8.75 -0.01689303
8.76 -0.01625821
8.77 -0.01203444
8.78 -0.004506064
8.79 0.002488247
8.8 0.005474582
8.81 0.005822506
8.82 0.003988305
8.83 0.0005953707
8.84 -0.002664318
8.85 -0.0005890412
8.86 0.007180107
8.87 0.01667112
8.88 0.02490468
8.89 0.02812465
8.9 0.02674559
8.91 0.0237743
8.92 0.02067023
8.93 0.01720405
8.94 0.01599598
8.95 0.01751804
8.96 0.01991995
8.97 0.01834319
8.98 0.012883
8.99 0.004866857
9 -0.001666039
9.01 -0.005559504
9.02 -0.00810368
9.03 -0.01034209
9.04 -0.01114452
9.05 -0.01230121
9.06 -0.01602609
9.07 -0.01952215
9.08 -0.02295511
9.09 -0.02482545
9.1 -0.02385102
9.11 -0.02108934
9.12 -0.01799948
9.13 -0.01517715
9.14 -0.01278169
9.15 -0.01015677
9.16 -0.003264781
9.17 0.005435534
9.18 0.01238907
9.19 0.0173984
9.2 0.01986014
9.21 0.01669131
9.22 0.009113365
9.23 7.226682e-05
9.24 -0.01405641
9.25 -0.02668858
9.26 -0.03376779
9.27 -0.03872481
9.28 -0.04184465
9.29 -0.04192253
9.3 -0.04095393
9.31 -0.03829545
9.32 -0.03267142
9.33 -0.02409148
9.34 -0.01235527
9.35 0.00410211
9.36 0.02441119
9.37 0.04595259
9.38 0.0636237
9.39 0.07492603
9.4 0.07953926
9.41 0.07823537
9.42 0.06940782
9.43 0.05242475
9.44 0.02997607
9.45 0.008157783
9.46 -0.009871876
9.47 -0.02172963
9.48 -0.02448274
9.49 -0.0204858
9.5 -0.01311567
9.51 -0.003808567
9.52 0.005079758
9.53 0.00999756
9.54 0.01158399
9.55 0.009888056
9.56 0.004288564
9.57 -0.005279515
9.58 -0.01573105
9.59 -0.02612503
9.6 -0.0365024
9.61 -0.0435963
9.62 -0.04770402
9.63 -0.04817824
9.64 -0.04411842
9.65 -0.03698612
9.66 -0.02810434
9.67 -0.01773418
9.68 -0.006742384
9.69 0.003219641
9.7 0.01050124
9.71 0.01261349
9.72 0.006436978
9.73 -0.004467493
9.74 -0.01536586
9.75 -0.02406152
9.76 -0.02836736
9.77 -0.02845764
9.78 -0.0234346
9.79 -0.01422482
9.8 -0.002323434
9.81 0.008193012
9.82 0.01502334
9.83 0.01826015
9.84 0.01850013
9.85 0.01646005
9.86 0.01350235
9.87 0.01065303
9.88 0.008621046
9.89 0.006802229
9.9 0.005615571
9.91 0.00567038
9.92 0.004977142
9.93 0.004713726
9.94 0.004929483
9.95 0.004399131
9.96 0.002976762
9.97 0.002681936
9.98 0.004282856
9.99 0.007740629
10 0.01365679
10.01 0.02102572
10.02 0.02824781
10.03 0.03300591
10.04 0.03369386
10.05 0.03028823
10.06 0.02184452
10.07 0.009957314
10.08 -0.005952888
10.09 -0.02419428
10.1 -0.03945965
10.11 -0.04764594
10.12 -0.04953052
10.13 -0.04631864
10.14 -0.03943579
10.15 -0.0309089
10.16 -0.02155927
10.17 -0.01349253
10.18 -0.006361055
10.19 0.002107469
10.2 0.01278156
10.21 0.02528038
10.22 0.03836128
10.23 0.04889687
10.24 0.05291337
10.25 0.05344321
10.26 0.05163996
10.27 0.04528407
10.28 0.03480438
10.29 0.02237652
10.3 0.010826
10.31 0.003372651
10.32 -0.0003294403
10.33 -0.002193882
10.34 -0.001800975
10.35 0.0006281023
10.36 0.00544542
10.37 0.01326766
10.38 0.02077899
10.39 0.02563728
10.4 0.02686268
10.41 0.02491605
10.42 0.01910299
10.43 0.01160784
10.44 0.002967244
10.45 -0.007857438
10.46 -0.0199495
10.47 -0.0297677
10.48 -0.03697704
10.49 -0.04134932
10.5 -0.04309784
10.51 -0.04083587
10.52 -0.03475801
10.53 -0.02733072
10.54 -0.02020073
10.55 -0.01525504
10.56 -0.01322061
10.57 -0.01400685
10.58 -0.01628059
10.59 -0.02065621
10.6 -0.02420638
10.61 -0.02526469
10.62 -0.02343902
10.63 -0.01670176
10.64 -0.008363194
10.65 -0.002209082
10.66 0.001460311
10.67 0.002558352
10.68 0.002361246
10.69 0.002914937
10.7 0.004490972
10.71 0.005024748
10.72 0.004880869
10.73 0.004909502
10.74 0.004983905
10.75 0.004936098
10.76 0.003174069
10.77 0.0005844192
10.78 0.0004833978
10.79 0.002713289
10.8 0.005698777
10.81 0.009465507
10.82 0.01484928
10.83 0.02066985
10.84 0.02585156
10.85 0.02890429
10.86 0.02792493
10.87 0.02430754
10.88 0.017236
10.89 0.004670461
10.9 -0.006343707
10.91 -0.01597556
10.92 -0.02598864
10.93 -0.03261098
10.94 -0.03215234
10.95 -0.02403298
10.96 -0.01221991
10.97 -0.0004887173
10.98 0.009293993
10.99 0.01595099
11 0.01889985
11.01 0.01870717
11.02 0.01348141
11.03 0.005060783
11.04 -0.005074566
11.05 -0.01187631
11.06 -0.01398204
11.07 -0.01379885
11.08 -0.01219371
11.09 -0.01043689
11.1 -0.008459296
11.11 -0.00983304
11.12 -0.01381863
11.13 -0.01734311
11.14 -0.02037485
11.15 -0.01991766
11.16 -0.01531183
11.17 -0.009263833
11.18 -0.003468855
11.19 0.001127179
11.2 0.001106229
11.21 -0.001993057
11.22 -0.005345116
11.23 -0.008674067
11.24 -0.01206315
11.25 -0.01439074
11.26 -0.01345676
11.27 -0.01113906
11.28 -0.007176489
11.29 0.0009345307
11.3 0.01091169
11.31 0.01970525
11.32 0.02646023
11.33 0.0310359
11.34 0.03163348
11.35 0.02811546
11.36 0.02271299
11.37 0.01828103
11.38 0.01442496
11.39 0.01096357
11.4 0.008185992
11.41 0.004742439
11.42 0.0006475356
11.43 -0.002311746
11.44 -0.004391285
11.45 -0.004192154
11.46 -0.0005068988
11.47 0.005324912
11.48 0.01213679
11.49 0.01670074
11.5 0.01862862
11.51 0.01904377
11.52 0.01985958
11.53 0.02010898
11.54 0.01849112
11.55 0.01500635
11.56 0.01084109
11.57 0.00593384
11.58 0.001435248
11.59 -0.002330391
11.6 -0.004261494
11.61 -0.005064892
11.62 -0.007739904
11.63 -0.01075274
11.64 -0.01317455
11.65 -0.01461922
11.66 -0.0152817
11.67 -0.01459986
11.68 -0.01206848
11.69 -0.009002195
11.7 -0.005721499
11.71 0.0006021754
11.72 0.008863413
11.73 0.01539096
11.74 0.01959133
11.75 0.02190427
11.76 0.02116783
11.77 0.01756232
11.78 0.01173927
11.79 0.004645647
11.8 -0.002495839
11.81 -0.01032299
11.82 -0.01761036
11.83 -0.02233108
11.84 -0.02668475
11.85 -0.03023058
11.86 -0.0292385
11.87 -0.02499676
11.88 -0.02003373
11.89 -0.01353614
11.9 -0.007090146
11.91 -0.002810284
11.92 0.0002793009
11.93 0.00308601
11.94 0.005292214
11.95 0.005818985
11.96 0.006676433
11.97 0.007742329
11.98 0.006621509
11.99 0.004989805
12 0.003644247
12.01 0.002413218
12.02 0.001552974
12.03 0.00281789
12.04 0.004574809
12.05 0.005303473
12.06 0.00404764
12.07 0.00129113
12.08 -0.001377585
12.09 -0.004116004
12.1 -0.006055415
12.11 -0.007024267
12.12 -0.004803358
12.13 0.0008764322
12.14 0.006861398
12.15 0.01236915
12.16 0.01810953
12.17 0.0225809
12.18 0.02388748
12.19 0.02275815
12.2 0.01873192
12.21 0.0130391
12.22 0.009493909
12.23 0.008156294
12.24 0.006219033
12.25 0.005126173
12.26 0.005308789
12.27 0.004838123
12.28 0.004604317
12.29 0.005859229
12.3 0.007631028
12.31 0.009023565
12.32 0.01039325
12.33 0.01071124
12.34 0.009413537
12.35 0.008014934
12.36 0.007252679
12.37 0.00748261
12.38 0.006841361
12.39 0.006449147
12.4 0.006601637
12.41 0.005832844
12.42 0.002906726
12.43 0.0008623975
12.44 0.0001091562
12.45 0.001591928
12.46 0.004758901
12.47 0.007141095
12.48 0.007520197
12.49 0.007052646
12.5 0.003818099
12.51 -0.004564961
12.52 -0.01354337
12.53 -0.02212145
12.54 -0.03364207
12.55 -0.0420405
12.56 -0.04406091
12.57 -0.04332195
12.58 -0.04256927
12.59 -0.0404934
12.6 -0.03740092
12.61 -0.03428197
12.62 -0.03057588
12.63 -0.02644541
12.64 -0.02208831
12.65 -0.01537098
12.66 -0.00642037
12.67 0.002563126
12.68 0.007502775
12.69 0.009714496
12.7 0.01232375
12.71 0.01432751
12.72 0.01607758
12.73 0.01885657
12.74 0.02181251
12.75 0.02377483
12.76 0.0251229
12.77 0.02619357
12.78 0.02629306
12.79 0.02487751
12.8 0.02020675
12.81 0.01307094
12.82 0.004242858
12.83 -0.003809283
12.84 -0.01049161
12.85 -0.01632283
12.86 -0.02001725
12.87 -0.02228866
12.88 -0.02313087
12.89 -0.02169424
12.9 -0.01982067
12.91 -0.01926432
12.92 -0.0194175
12.93 -0.01933938
12.94 -0.01916313
12.95 -0.01798326
12.96 -0.01336968
12.97 -0.005713684
12.98 0.003665754
12.99 0.01142342
13 0.01646126
13.01 0.01952844
13.02 0.02128805
13.03 0.02243101
13.04 0.02224259
13.05 0.02140311
13.06 0.0207551
13.07 0.01949639
13.08 0.01783391
13.09 0.01415512
13.1 0.009472016
13.11 0.003387644
13.12 -0.00281708
13.13 -0.008069512
13.14 -0.01116195
13.15 -0.01382491
13.16 -0.01730031
13.17 -0.02017329
13.18 -0.02191771
13.19 -0.02318893
13.2 -0.02537069
13.21 -0.02663223
13.22 -0.02594876
13.23 -0.02344432
13.24 -0.02032495
13.25 -0.01692213
13.26 -0.0128801
13.27 -0.009293619
13.28 -0.005729731
13.29 -0.0006754352
13.3 0.003966287
13.31 0.006896389
13.32 0.009522609
13.33 0.01062774
13.34 0.008269819
13.35 0.006825826
13.36 0.004666434
13.37 -3.812126e-05
13.38 -0.002247183
13.39 -0.002392099
13.4 -0.003486596
13.41 -0.00393717
13.42 -0.002958548
13.43 0.001077246
13.44 0.007880657
13.45 0.01643316
13.46 0.02518941
13.47 0.03285297
13.48 0.03731314
13.49 0.03890538
13.5 0.03792335
13.51 0.03407403
13.52 0.0296939
13.53 0.02613677
13.54 0.02499093
13.55 0.02539558
13.56 0.02529522
13.57 0.02255979
13.58 0.01860808
13.59 0.01522513
13.6 0.0121481
13.61 0.0103782
13.62 0.007793221
13.63 0.003207172
13.64 -0.002962562
13.65 -0.009860208
13.66 -0.01568082
13.67 -0.0194732
13.68 -0.02062677
13.69 -0.02033764
13.7 -0.02010248
13.71 -0.02021177
13.72 -0.02219463
13.73 -0.02470388
13.74 -0.02569344
13.75 -0.02800135
13.76 -0.02939497
13.77 -0.02905942
13.78 -0.0287222
13.79 -0.02874304
13.8 -0.02820561
13.81 -0.02668293
13.82 -0.02578056
13.83 -0.02309591
13.84 -0.01745573
13.85 -0.01144031
13.86 -0.005835597
13.87 -0.0001299055
13.88 0.004974372
13.89 0.00866158
13.9 0.009821122
13.91 0.008016382
13.92 0.004913992
13.93 0.001789261
13.94 -0.002597615
13.95 -0.004629661
13.96 -0.003281526
13.97 0.001337239
13.98 0.008387168
13.99 0.01400247
14 0.01760462
14.01 0.01978435
14.02 0.01984234
14.03 0.01695717
14.04 0.01305984
14.05 0.009807339
14.06 0.006582514
14.07 0.003554725
14.08 -0.001247714
14.09 -0.00632377
14.1 -0.007595742
14.11 -0.004699795
14.12 0.001291799
14.13 0.01054611
14.14 0.01940792
14.15 0.0262395
14.16 0.03175811
14.17 0.03445303
14.18 0.03295019
14.19 0.0300691
14.2 0.02571513
14.21 0.02014369
14.22 0.01462497
14.23 0.009292124
14.24 0.003681677
14.25 -0.00183187
14.26 -0.005991821
14.27 -0.008384081
14.28 -0.01066167
14.29 -0.01203497
14.3 -0.01138139
14.31 -0.01036398
14.32 -0.01030201
14.33 -0.01038796
14.34 -0.01024098
14.35 -0.01051983
14.36 -0.0113193
14.37 -0.009591671
14.38 -0.006391995
14.39 -0.004913943
14.4 -0.005025986
14.41 -0.005100537
14.42 -0.005737922
14.43 -0.008036504
14.44 -0.009617334
14.45 -0.009485492
14.46 -0.008696065
14.47 -0.007102308
14.48 -0.003670191
14.49 0.002846099
14.5 0.007975164
14.51 0.0115194
14.52 0.01442509
14.53 0.01483067
14.54 0.0120549
14.55 0.007735112
14.56 0.002155593
14.57 -0.006224981
14.58 -0.01387001
14.59 -0.02005621
14.6 -0.0238857
14.61 -0.02473881
14.62 -0.02373282
14.63 -0.02125286
14.64 -0.01920403
14.65 -0.01762363
14.66 -0.01499178
14.67 -0.01248043
14.68 -0.01186309
14.69 -0.0121382
14.7 -0.01207412
14.71 -0.01223589
14.72 -0.01357503
14.73 -0.0135379
14.74 -0.01058916
14.75 -0.005886592
14.76 -0.0002821021
14.77 0.005619855
14.78 0.01058487
14.79 0.01370508
14.8 0.01696241
14.81 0.02067136
14.82 0.02216835
14.83 0.02182922
14.84 0.01961355
14.85 0.01465028
14.86 0.01043857
14.87 0.008418793
14.88 0.00818069
14.89 0.009432785
14.9 0.01266583
14.91 0.01664638
14.92 0.01786204
14.93 0.01612716
14.94 0.01458021
14.95 0.01360172
14.96 0.01378873
14.97 0.01578915
14.98 0.018201
14.99 0.01886938
15 0.01945818
15.01 0.01964625
15.02 0.0184785
15.03 0.0163899
15.04 0.01441584
15.05 0.014124
15.06 0.01451688
15.07 0.01461569
15.08 0.01417677
15.09 0.01205128
15.1 0.007388075
15.11 0.0006223367
15.12 -0.006701413
15.13 -0.01470047
15.14 -0.02246307
15.15 -0.02764866
15.16 -0.02940516
15.17 -0.0291531
15.18 -0.02855097
15.19 -0.0267336
15.2 -0.0244169
15.21 -0.02378797
15.22 -0.02384605
15.23 -0.02254811
15.24 -0.02088356
15.25 -0.01872718
15.26 -0.01579672
15.27 -0.01221781
15.28 -0.007890755
15.29 -0.002488316
15.3 0.002772828
15.31 0.005951415
15.32 0.00726588
15.33 0.006841465
15.34 0.003585359
15.35 -0.0008140567
15.36 -0.005676761
15.37 -0.009931136
15.38 -0.01145684
15.39 -0.01007567
15.4 -0.00407156
15.41 0.003776016
15.42 0.008665932
15.43 0.0102921
15.44 0.009015943
15.45 0.006988514
15.46 0.004249384
15.47 0.003288157
15.48 0.003724397
15.49 0.00389974
15.5 0.003831465
15.51 0.00397016
15.52 0.004842395
15.53 0.006188175
15.54 0.005460395
15.55 0.004158874
15.56 0.004192555
15.57 0.004510086
15.58 0.004500816
15.59 0.004670933
15.6 0.006031288
15.61 0.007177359
15.62 0.006677461
15.63 0.005035159
15.64 0.0023313
15.65 -0.003642466
15.66 -0.00933785
15.67 -0.01328611
15.68 -0.01572068
15.69 -0.0167823
15.7 -0.01666728
15.71 -0.01436222
15.72 -0.01277812
15.73 -0.01227718
15.74 -0.01022203
15.75 -0.008145263
15.76 -0.007889868
15.77 -0.007785669
15.78 -0.005661354
15.79 -0.002148888
15.8 0.001993532
15.81 0.005684025
15.82 0.008515387
15.83 0.01070906
15.84 0.0114103
15.85 0.01219114
15.86 0.01364243
15.87 0.01397822
15.88 0.01341229
15.89 0.01208707
15.9 0.01138754
15.91 0.009494217
15.92 0.005642997
15.93 0.002929191
15.94 0.001914812
15.95 0.0001104002
15.96 -0.001842767
15.97 -0.002081277
15.98 -0.001725572
15.99 -0.001684861
16 -0.001605263
16.01 -0.000630975
16.02 0.001849671
16.03 0.003534987
16.04 0.003516874
16.05 0.003361767
16.06 0.004234342
16.07 0.00669891
16.08 0.008553408
16.09 0.008654565
16.1 0.00843183
16.11 0.008543346
16.12 0.00870145
16.13 0.008676512
16.14 0.007040741
16.15 0.002975733
16.16 -0.0007318931
16.17 -0.003244741
16.18 -0.004814092
16.19 -0.004953201
16.2 -0.004709576
16.21 -0.00466187
16.22 -0.00464637
16.23 -0.005263068
16.24 -0.005654017
16.25 -0.004390005
16.26 -0.002236956
16.27 8.324914e-05
16.28 0.0007699233
16.29 0.0005561771
16.3 0.0004361133
16.31 -0.0009286869
16.32 -0.004197288
16.33 -0.007871946
16.34 -0.009618485
16.35 -0.01040962
16.36 -0.009437236
16.37 -0.008079046
16.38 -0.007894976
16.39 -0.008052604
16.4 -0.00799418
16.41 -0.00788883
16.42 -0.007833356
16.43 -0.007321356
16.44 -0.005113523
16.45 -0.00203248
16.46 0.0009519076
16.47 0.003754445
16.48 0.006209872
16.49 0.007668465
16.5 0.009757337
16.51 0.01171231
16.52 0.01340512
16.53 0.01578223
16.54 0.01731965
16.55 0.01865468
16.56 0.02018214
16.57 0.02135956
16.58 0.02145628
16.59 0.02140378
16.6 0.02143064
16.61 0.01933943
16.62 0.01402372
16.63 0.008136726
16.64 0.00276387
16.65 -0.002575992
16.66 -0.006203524
16.67 -0.006503414
16.68 -0.005630826
16.69 -0.003026987
16.7 0.001051889
16.71 0.003559729
16.72 0.00367195
16.73 0.003378322
16.74 0.002777998
16.75 -0.0004802842
16.76 -0.00421996
16.77 -0.006974874
16.78 -0.009697224
16.79 -0.01339374
16.8 -0.01527577
16.81 -0.01494992
16.82 -0.01553228
16.83 -0.01799665
16.84 -0.01954138
16.85 -0.01934436
16.86 -0.01846344
16.87 -0.01610945
16.88 -0.01298956
16.89 -0.01016127
16.9 -0.007455292
16.91 -0.005200223
16.92 -0.004699543
16.93 -0.006855739
16.94 -0.009488454
16.95 -0.009686598
16.96 -0.009740209
16.97 -0.0111806
16.98 -0.01088984
16.99 -0.009054416
17 -0.007075561
17.01 -0.004439938
17.02 -0.001509779
17.03 0.0005119143
17.04 0.001797962
17.05 0.002800686
17.06 0.002562182
17.07 0.00168893
17.08 0.002462462
17.09 0.002131109
17.1 0.0007302018
17.11 0.0005468645
17.12 0.0008397904
17.13 0.0008881203
17.14 0.0008991983
17.15 0.0009761993
17.16 0.001050619
17.17 0.001063401
17.18 0.001102266
17.19 0.001159276
17.2 0.001198608
17.21 0.001203524
17.22 0.001245134
17.23 0.001327954
17.24 0.00140404
17.25 0.00145424
17.26 0.001520053
17.27 0.001541096
17.28 0.001579696
17.29 0.001712098
17.3 0.002995254
17.31 0.00554564
17.32 0.006774159
17.33 0.006580033
17.34 0.006439467
17.35 0.00654942
17.36 0.006620128
17.37 0.006647242
17.38 0.006664673
17.39 0.006682531
17.4 0.006732716
17.41 0.006828778
17.42 0.006911262
17.43 0.006920915
17.44 0.006894222
17.45 0.005227507
17.46 0.002492318
17.47 0.001569827
17.48 -0.0006165379
17.49 -0.002446583
17.5 -0.001648235
17.51 0.0002686383
17.52 0.0015802
17.53 0.0009802587
17.54 -0.00140388
17.55 -0.003474514
17.56 -0.00598374
17.57 -0.006863276
17.58 -0.006498185
17.59 -0.005991855
17.6 -0.004095959
17.61 -0.001167008
17.62 0.001741909
17.63 0.004606883
17.64 0.007212477
17.65 0.008570707
17.66 0.00978769
17.67 0.009560425
17.68 0.008068483
17.69 0.007746416
17.7 0.007352703
17.71 0.004014063
17.72 0.0001774118
17.73 -0.003334404
17.74 -0.007185913
17.75 -0.009891162
17.76 -0.01064223
17.77 -0.009795744
17.78 -0.00720504
17.79 -0.003498386
17.8 0.0004999196
17.81 0.003423341
17.82 0.004135911
17.83 0.003871966
17.84 0.003761162
17.85 0.002573772
17.86 -0.0004906685
17.87 -0.004802529
17.88 -0.00835122
17.89 -0.01087653
17.9 -0.01330564
17.91 -0.01464836
17.92 -0.01418969
17.93 -0.01200657
17.94 -0.009004874
17.95 -0.006171573
17.96 -0.004676114
17.97 -0.003935434
17.98 -0.002812941
17.99 -0.001655482
18 -0.001110557
18.01 -0.001008029
18.02 -0.000163394
18.03 0.0001508208
18.04 9.637704e-05
18.05 0.001109022
18.06 0.003620675
18.07 0.005138838
18.08 0.005091768
18.09 0.004888412
18.1 0.004928612
18.11 0.004097146
18.12 0.001307134
18.13 -0.002679712
18.14 -0.004986292
18.15 -0.006612403
18.16 -0.008424785
18.17 -0.007617511
18.18 -0.004790505
18.19 -0.00322607
18.2 -0.001526415
18.21 0.0006321048
18.22 0.001146175
18.23 0.0005355433
18.24 -0.002029063
18.25 -0.003986294
18.26 -0.00380599
18.27 -0.003475824
18.28 -0.003379034
18.29 -0.001881115
18.3 0.0007020182
18.31 0.001612322
18.32 0.001378999
18.33 0.002419299
18.34 0.005123194
18.35 0.006508326
18.36 0.006296136
18.37 0.006166353
18.38 0.006277286
18.39 0.006333545
18.4 0.006372181
18.41 0.006473629
18.42 0.005869234
18.43 0.003399575
18.44 -0.0006038952
18.45 -0.0035626
18.46 -0.006169007
18.47 -0.007573844
18.48 -0.007452012
18.49 -0.009177934
18.5 -0.01186032
18.51 -0.01211216
18.52 -0.01157912
18.53 -0.01158708
18.54 -0.01166929
18.55 -0.01158812
18.56 -0.01150588
18.57 -0.01146948
18.58 -0.0103906
18.59 -0.006742981
18.6 -0.002709736
18.61 0.0002070181
18.62 0.002851109
18.63 0.005734438
18.64 0.007678047
18.65 0.007860614
18.66 0.007658411
18.67 0.007743038
18.68 0.007853625
18.69 0.007860192
18.7 0.007884508
18.71 0.007483093
18.72 0.004887174
18.73 0.003069725
18.74 0.003288083
18.75 0.001705254
18.76 -0.001081899
18.77 -0.001455939
18.78 -0.0009010108
18.79 -0.0001125355
18.8 0.002274465
18.81 0.005440958
18.82 0.008122392
18.83 0.009441186
18.84 0.0113122
18.85 0.01337096
18.86 0.01376865
18.87 0.01374523
18.88 0.01477368
18.89 0.0144703
18.9 0.01450182
18.91 0.01491739
18.92 0.01409012
18.93 0.01338953
18.94 0.01165716
18.95 0.00958451
18.96 0.008998876
18.97 0.007117803
18.98 0.004811504
18.99 0.004657265
19 0.004513023
19.01 0.00394247
19.02 0.004843354
19.03 0.005419249
19.04 0.005292055
19.05 0.004643178
19.06 0.002549262
19.07 0.0008293916
19.08 0.001728365
19.09 0.002234018
19.1 0.002191909
19.11 0.001401332
19.12 0.00078348
19.13 -0.001199872
19.14 -0.003557793
19.15 -0.003644075
19.16 -0.002533317
19.17 -0.0002545801
19.18 0.001606346
19.19 0.001752933
19.2 0.001504168
19.21 0.0004602549
19.22 -0.002323503
19.23 -0.003299734
19.24 -0.002812905
19.25 -0.002663169
19.26 -0.002722256
19.27 -0.00262637
19.28 -0.002464279
19.29 -0.002383763
19.3 -0.002345548
19.31 -0.00231295
19.32 -0.002212386
19.33 -0.001309909
19.34 0.0001675171
19.35 0.0005064287
19.36 -0.0001150183
19.37 -0.001539131
19.38 -0.003610624
19.39 -0.006203511
19.4 -0.006696671
19.41 -0.006245358
19.42 -0.006197555
19.43 -0.006131499
19.44 -0.005155982
19.45 -0.003535846
19.46 -0.001923817
19.47 -0.001006557
19.48 -0.0009893731
19.49 -0.001069586
19.5 -0.0009821149
19.51 -0.0008780819
19.52 -0.001125587
19.53 -0.002488436
19.54 -0.003199686
19.55 -0.002914888
19.56 -0.002681631
19.57 -0.002358223
19.58 -0.0003626718
19.59 0.002805377
19.6 0.005660608
19.61 0.007251003
19.62 0.008598016
19.63 0.009612161
19.64 0.00966869
19.65 0.009569402
19.66 0.009544173
19.67 0.008404293
19.68 0.00688761
19.69 0.005556647
19.7 0.004391241
19.71 0.003101346
19.72 0.001732385
19.73 0.0007713245
19.74 0.0008333471
19.75 0.001124607
19.76 0.0009952298
19.77 -0.001142593
19.78 -0.003760231
19.79 -0.005252676
19.8 -0.006277995
19.81 -0.007556762
19.82 -0.007928669
19.83 -0.007679824
19.84 -0.007581692
19.85 -0.0075043
19.86 -0.007396182
19.87 -0.007316647
19.88 -0.007250917
19.89 -0.007191808
19.9 -0.007134587
19.91 -0.006971119
19.92 -0.006036857
19.93 -0.004561387
19.94 -0.003954995
19.95 -0.002257415
19.96 0.0008344261
19.97 0.00293401
19.98 0.003115467
19.99 0.002887244
20 0.002600107
20.01 0.0007577855
20.02 -0.001480522
20.03 -0.00368729
20.04 -0.005951884
20.05 -0.006207066
20.06 -0.005731975
20.07 -0.004837832
20.08 -0.002490256
20.09 -0.0005539861
20.1 0.000821075
20.11 0.001747496
20.12 0.001811833
20.13 0.001650558
20.14 0.000712298
20.15 -0.000401223
20.16 -0.0004664931
20.17 -0.0007715324
20.18 -0.001353372
20.19 -0.0005376792
20.2 -0.001142776
20.21 -0.00237208
20.22 -0.002959249
20.23 -0.004119959
20.24 -0.004542591
20.25 -0.004280739
20.26 -0.00416529
20.27 -0.005097608
20.28 -0.007271744
20.29 -0.006964335
20.3 -0.006083679
20.31 -0.006092387
20.32 -0.006636272
20.33 -0.007967749
20.34 -0.008494166
20.35 -0.008231386
20.36 -0.008032383
20.37 -0.007990682
20.38 -0.007964711
20.39 -0.007842571
20.4 -0.006682815
20.41 -0.004055616
20.42 -0.002287414
20.43 -0.00100561
20.44 -0.0003122938
20.45 0.0006647351
20.46 0.002172472
20.47 0.004086731
20.48 0.006942834
20.49 0.00923348
20.5 0.01059267
20.51 0.01189941
20.52 0.01342681
20.53 0.01437567
20.54 0.01430107
20.55 0.01333334
20.56 0.01181505
20.57 0.008955216
20.58 0.00522623
20.59 0.002989068
20.6 0.001922774
20.61 -0.0002214996
20.62 -0.002145303
20.63 -0.004664129
20.64 -0.006979901
20.65 -0.009115647
20.66 -0.01065542
20.67 -0.01192706
20.68 -0.01254864
20.69 -0.01159923
20.7 -0.01006905
20.71 -0.009811918
20.72 -0.009999276
20.73 -0.009976039
20.74 -0.010699
20.75 -0.01303392
20.76 -0.01470899
20.77 -0.01458868
20.78 -0.01373059
20.79 -0.01149633
20.8 -0.007527051
20.81 -0.002209786
20.82 0.00245955
20.83 0.00647281
20.84 0.00920567
20.85 0.009601817
20.86 0.009279624
20.87 0.009304711
20.88 0.009433249
20.89 0.008824063
20.9 0.007420062
20.91 0.007035196
20.92 0.007538863
20.93 0.009003753
20.94 0.009892989
20.95 0.01060653
20.96 0.01293181
20.97 0.01474761
20.98 0.01404419
20.99 0.01093437
21 0.008027956
21.01 0.004532967
21.02 0.001546575
21.03 0.0001402222
21.04 -0.001460711
21.05 -0.00360439
21.06 -0.004123297
21.07 -0.003789173
21.08 -0.003995273
21.09 -0.005811786
21.1 -0.008098977
21.11 -0.008613582
21.12 -0.008398177
21.13 -0.009509777
21.14 -0.01066052
21.15 -0.01009238
21.16 -0.008404091
21.17 -0.007823482
21.18 -0.008020657
21.19 -0.008067597
21.2 -0.007968708
21.21 -0.007813382
21.22 -0.006948904
21.23 -0.005418521
21.24 -0.003871738
21.25 -0.002996209
21.26 -0.002993994
21.27 -0.002916486
21.28 -0.001780782
21.29 -0.0002185466
21.3 0.00125418
21.31 0.001947592
21.32 0.00263726
21.33 0.004192531
21.34 0.00584731
21.35 0.007178307
21.36 0.008601423
21.37 0.009303511
21.38 0.01017741
21.39 0.01161867
21.4 0.013151
21.41 0.01402233
21.42 0.01406729
21.43 0.01391754
21.44 0.01303877
21.45 0.01284818
21.46 0.01243263
21.47 0.01171594
21.48 0.01177866
21.49 0.01196037
21.5 0.01193284
21.51 0.01157524
21.52 0.009653021
21.53 0.007496717
21.54 0.007124562
21.55 0.007438712
21.56 0.007493178
21.57 0.007457264
21.58 0.007463825
21.59 0.007539404
21.6 0.007650022
21.61 0.007665005
21.62 0.00723534
21.63 0.00579122
21.64 0.004359691
21.65 0.003207537
21.66 0.002998253
21.67 0.003202594
21.68 0.003245136
21.69 0.003157942
21.7 0.002216657
21.71 -0.0001688057
21.72 -0.001606573
21.73 -0.001438701
21.74 -0.001233326
21.75 -0.001251275
21.76 -0.001173634
21.77 -0.001131491
21.78 -0.001136497
21.79 -0.001062701
21.8 -0.0001853312
21.81 0.002243881
21.82 0.003936271
21.83 0.003510758
21.84 0.00184432
21.85 0.001113157
21.86 0.0004763671
21.87 -0.0007245496
21.88 -0.001015038
21.89 -0.0008026478
21.9 -0.0007285807
21.91 -0.0007603222
21.92 -0.0007628692
21.93 -0.0006604391
21.94 -0.0009400096
21.95 -0.002412077
21.96 -0.003853939
21.97 -0.005048337
21.98 -0.00527057
21.99 -0.005427266
22 -0.007245991
22.01 -0.008924345
22.02 -0.008055838
22.03 -0.00812801
22.04 -0.008048339
22.05 -0.005762942
22.06 -0.004534735
22.07 -0.004830566
22.08 -0.004859619
22.09 -0.003351849
22.1 -0.0008193448
22.11 0.000237452
22.12 -1.186866e-05
22.13 -0.0001433377
22.14 -2.589838e-05
22.15 3.255074e-05
22.16 4.968553e-06
22.17 3.529342e-05
22.18 0.0001557776
22.19 0.0001894702
22.2 0.0001648385
22.21 -0.000432793
22.22 -0.003147942
22.23 -0.004782838
22.24 -0.004656674
22.25 -0.006459573
22.26 -0.009077665
22.27 -0.009304842
22.28 -0.008828296
22.29 -0.008873735
22.3 -0.008949888
22.31 -0.008680594
22.32 -0.00732736
22.33 -0.006313205
22.34 -0.006375316
22.35 -0.005679726
22.36 -0.004121272
22.37 -0.003716707
22.38 -0.00396343
22.39 -0.003409667
22.4 -0.001854003
22.41 -0.001419361
22.42 -0.002770858
22.43 -0.003936187
22.44 -0.00384711
22.45 -0.00366362
22.46 -0.003697626
22.47 -0.003687524
22.48 -0.003668913
22.49 -0.003262866
22.5 -0.001804504
22.51 -0.001017493
22.52 -0.001096822
22.53 -0.001414235
22.54 -0.002692462
22.55 -0.003649591
22.56 -0.004245958
22.57 -0.005480907
22.58 -0.005901991
22.59 -0.005705333
22.6 -0.005143329
22.61 -0.003661342
22.62 -0.003030401
22.63 -0.00323952
22.64 -0.003231925
22.65 -0.0030766
22.66 -0.002458667
22.67 -0.0002342061
22.68 0.001663838
22.69 0.001767473
22.7 0.001248836
22.71 -0.000502779
22.72 -0.002737444
22.73 -0.00411235
22.74 -0.005320431
22.75 -0.006793907
22.76 -0.007222255
22.77 -0.00560216
22.78 -0.003897451
22.79 -0.002591963
22.8 -0.001199126
22.81 0.0001621063
22.82 0.002096264
22.83 0.004221132
22.84 0.005653669
22.85 0.006915924
22.86 0.00838253
22.87 0.009309625
22.88 0.009982224
22.89 0.01131415
22.9 0.01178305
22.91 0.01110011
22.92 0.0082829
22.93 0.006545492
22.94 0.006082063
22.95 0.0039726
22.96 0.002177016
22.97 0.001885979
22.98 0.0003674835
22.99 -0.001981386
23 -0.003353167
23.01 -0.0044996
23.02 -0.005694103
23.03 -0.005236689
23.04 -0.004260796
23.05 -0.00365
23.06 -0.002044826
23.07 0.0001606954
23.08 0.001858189
23.09 0.001265977
23.1 0.001054269
23.11 0.002558374
23.12 0.003375353
23.13 0.004530145
23.14 0.005981684
23.15 0.007465261
23.16 0.00803188
23.17 0.008966051
23.18 0.01018511
23.19 0.01036151
23.2 0.01018238
23.21 0.01018442
23.22 0.01029797
23.23 0.01019662
23.24 0.008868948
23.25 0.007858196
23.26 0.00792481
23.27 0.007144651
23.28 0.004680301
23.29 0.00291203
23.3 0.001340049
23.31 -0.0007095629
23.32 -0.001365881
23.33 -0.001093139
23.34 -0.0009306684
23.35 -0.0005637937
23.36 0.0008696878
23.37 0.0023755
23.38 0.003740679
23.39 0.005115171
23.4 0.006470837
23.41 0.007559874
23.42 0.006358055
23.43 0.004097745
23.44 0.003696087
23.45 0.004070299
23.46 0.003764107
23.47 0.001881104
23.48 -0.0003435764
23.49 -0.0007946947
23.5 -0.001621413
23.51 -0.004120673
23.52 -0.005424299
23.53 -0.005062803
23.54 -0.004818157
23.55 -0.004927629
23.56 -0.004920746
23.57 -0.005106686
23.58 -0.006927003
23.59 -0.009842136
23.6 -0.01260512
23.61 -0.01424866
23.62 -0.0154233
23.63 -0.01640137
23.64 -0.01644292
23.65 -0.01619624
23.66 -0.01694188
23.67 -0.01735983
23.68 -0.01627915
23.69 -0.01549315
23.7 -0.01423206
23.71 -0.01349546
23.72 -0.01343951
23.73 -0.01130452
23.74 -0.008711147
23.75 -0.007600811
23.76 -0.005006832
23.77 -0.003539437
23.78 -0.002670452
23.79 0.0001200053
23.8 0.004251586
23.81 0.006576007
23.82 0.007713923
23.83 0.009087188
23.84 0.01148812
23.85 0.01296485
23.86 0.01294386
23.87 0.01275792
23.88 0.0120315
23.89 0.01075366
23.9 0.01026438
23.91 0.008860497
23.92 0.006528709
23.93 0.005847753
23.94 0.006120643
23.95 0.005162949
23.96 0.003644384
23.97 0.002189696
23.98 0.001613711
23.99 0.00174924
24 0.0009198364
24.01 -0.0003834435
24.02 -0.0008549405
24.03 -0.001999391
24.04 -0.002810723
24.05 -0.002663369
24.06 -0.002419393
24.07 -0.00263815
24.08 -0.003578099
24.09 -0.002977669
24.1 -0.00124046
24.11 0.000212607
24.12 0.0003929903
24.13 0.0005723282
24.14 0.002066927
24.15 0.002898148
24.16 0.001983145
24.17 0.001471692
24.18 0.001355731
24.19 0.0006687288
24.2 0.0005060868
24.21 0.0008028826
24.22 0.002009009
24.23 0.003317299
24.24 0.003436799
24.25 0.003276764
24.26 0.004057896
24.27 0.00474956
24.28 0.003998127
24.29 0.004873082
24.3 0.006146798
24.31 0.006212724
24.32 0.005960565
24.33 0.0050405
24.34 0.003681596
24.35 0.001948849
24.36 -0.0002306879
24.37 -0.001615952
24.38 -0.00271568
24.39 -0.002768482
24.4 -0.001294878
24.41 -0.0001046663
24.42 -0.0001592013
24.43 -0.001110497
24.44 -0.002356177
24.45 -0.002560485
24.46 -0.002329243
24.47 -0.002223085
24.48 -0.002157122
24.49 -0.002110648
24.5 -0.002224503
24.51 -0.003174411
24.52 -0.002817962
24.53 -0.001789508
24.54 -0.001611008
24.55 -0.001735808
24.56 -0.00192595
24.57 -0.002754254
24.58 -0.00217422
24.59 -0.001285099
24.6 -0.001295689
24.61 -0.001190322
24.62 0.0005907612
24.63 0.003138989
24.64 0.004595747
24.65 0.006637251
24.66 0.008617774
24.67 0.00979077
24.68 0.009704283
24.69 0.01022961
24.7 0.01107119
24.71 0.01110898
24.72 0.00994601
24.73 0.008526136
24.74 0.007117992
24.75 0.006475499
24.76 0.004992446
24.77 0.002350973
24.78 0.0017891
24.79 0.002286422
24.8 0.002491166
24.81 0.003265915
24.82 0.004729147
24.83 0.005111155
24.84 0.004953629
24.85 0.004544416
24.86 0.003169728
24.87 0.001756001
24.88 0.0004440264
24.89 -0.0008798959
24.9 -0.001728279
24.91 -0.001591509
24.92 -0.002787479
24.93 -0.005783137
24.94 -0.007621652
24.95 -0.00831827
24.96 -0.008268331
24.97 -0.008137214
24.98 -0.007335283
24.99 -0.005798584
25 -0.005317715
25.01 -0.005512337
25.02 -0.005493466
25.03 -0.005285663
25.04 -0.005209616
25.05 -0.005214326
25.06 -0.005145003
25.07 -0.005065909
25.08 -0.005032387
25.09 -0.004295265
25.1 -0.002666394
25.11 -0.001063985
25.12 -0.0002864368
25.13 -0.001132456
25.14 -0.000614443
25.15 -0.0004847328
25.16 -0.0007742691
25.17 -8.325931e-05
25.18 -0.0006379998
25.19 -0.0002943195
25.2 0.001312327
25.21 0.002963126
25.22 0.004509846
25.23 0.006865414
25.24 0.008484377
25.25 0.009777963
25.26 0.01032013
25.27 0.009204105
25.28 0.006917251
25.29 0.006957027
25.3 0.007807725
25.31 0.006511853
25.32 0.0056114
25.33 0.004735963
25.34 0.002453768
25.35 0.001189004
25.36 0.001439278
25.37 0.001701967
25.38 0.001780398
25.39 0.00289441
25.4 0.004174815
25.41 0.004327428
25.42 0.003573573
25.43 0.002163058
25.44 0.001658639
25.45 0.0007184928
25.46 -0.0002544012
25.47 -0.0002593855
25.48 -0.0008065553
25.49 -0.002150357
25.5 -0.002478743
25.51 -0.002575417
25.52 -0.003897002
25.53 -0.005357365
25.54 -0.006603299
25.55 -0.006804362
25.56 -0.006558297
25.57 -0.006469969
25.58 -0.006470705
25.59 -0.006452964
25.6 -0.006347807
25.61 -0.006228533
25.62 -0.006201592
25.63 -0.005610611
25.64 -0.00409394
25.65 -0.003516547
25.66 -0.00367903
25.67 -0.004052751
25.68 -0.004802446
25.69 -0.0047448
25.7 -0.005488792
25.71 -0.00589149
25.72 -0.005662647
25.73 -0.005568347
25.74 -0.005562097
25.75 -0.004641362
25.76 -0.003168828
25.77 -0.002893588
25.78 -0.003093001
25.79 -0.00297154
25.8 -0.002848354
25.81 -0.002862604
25.82 -0.002827147
25.83 -0.002758936
25.84 -0.002205327
25.85 -0.0007602297
25.86 -0.0009305245
25.87 -0.001294045
25.88 -0.0003074336
25.89 4.228474e-05
25.9 -0.0001315775
25.91 -0.0001041871
25.92 1.443218e-05
25.93 7.068048e-05
25.94 0.0001204495
25.95 0.0001541745
25.96 0.000106638
25.97 -0.0008149747
25.98 -0.002071118
25.99 -0.002208295
26 -0.001927144
26.01 -0.001182304
26.02 0.0001714175
26.03 -0.0004613049
26.04 -0.001526637
26.05 -0.0006574696
26.06 -0.0004164609
26.07 0.0002322605
26.08 0.0009528434
26.09 0.002217521
26.1 0.0032347
26.11 0.00380697
26.12 0.005144716
26.13 0.005861313
26.14 0.00692955
26.15 0.008092762
26.16 0.008191082
26.17 0.007333351
26.18 0.005972101
26.19 0.005644537
26.2 0.005857461
26.21 0.005457924
26.22 0.003919267
26.23 0.003249231
26.24 0.002518938
26.25 0.00132974
26.26 0.0007975427
26.27 -0.0009774964
26.28 -0.003163047
26.29 -0.003666312
26.3 -0.004491409
26.31 -0.005571809
26.32 -0.005604647
26.33 -0.005305072
26.34 -0.005291958
26.35 -0.005356447
26.36 -0.00563947
26.37 -0.006573556
26.38 -0.006532871
26.39 -0.00703214
26.4 -0.006502589
26.41 -0.004908751
26.42 -0.003347167
26.43 -0.002624586
26.44 -0.002662917
26.45 -0.001790079
26.46 -0.0003567039
26.47 0.0001306036
26.48 0.0008682455
26.49 0.0004136123
26.5 0.0005763387
26.51 0.002036535
26.52 0.002204252
26.53 0.0006659038
26.54 -0.00028883
26.55 -0.0001185359
26.56 6.070268e-05
26.57 -0.0001679953
26.58 -0.001395879
26.59 -0.002402944
26.6 -0.002378971
26.61 -0.002209333
26.62 -0.002206614
26.63 -0.002193837
26.64 -0.002158202
26.65 -0.00215081
26.66 -0.002119833
26.67 -0.002028084
26.68 -0.0009337806
26.69 0.0005769191
26.7 0.001662551
26.71 0.001509378
26.72 0.001382451
26.73 0.0006044888
26.74 0.0002748454
26.75 0.0003940309
26.76 -1.917763e-05
26.77 -0.001469199
26.78 -0.002088686
26.79 -0.001860878
26.8 -0.001753712
26.81 -0.001840013
26.82 -0.002380858
26.83 -0.003754911
26.84 -0.004306967
26.85 -0.004088823
26.86 -0.00432914
26.87 -0.005805629
26.88 -0.006562161
26.89 -0.006361301
26.9 -0.006272635
26.91 -0.006315342
26.92 -0.006295892
26.93 -0.005703176
26.94 -0.00418389
26.95 -0.002576665
26.96 -0.0002836579
26.97 0.001350203
26.98 0.002640964
26.99 0.003307726
27 0.003303896
27.01 0.00322359
27.02 0.003269128
27.03 0.003395558
27.04 0.003455877
27.05 0.003437393
27.06 0.003463025
27.07 0.003511944
27.08 0.003507392
27.09 0.003517275
27.1 0.002905638
27.11 0.001374156
27.12 -0.0001154112
27.13 -0.001100203
27.14 -0.001101146
27.15 -0.000841583
27.16 -0.0008157318
27.17 -0.0008603225
27.18 -0.0008092861
27.19 -0.001102381
27.2 -0.002500176
27.21 -0.003971935
27.22 -0.005109461
27.23 -0.005211771
27.24 -0.005012338
27.25 -0.004993064
27.26 -0.005594238
27.27 -0.006892716
27.28 -0.006218454
27.29 -0.004471496
27.3 -0.002909362
27.31 -0.001616464
27.32 -0.0001791677
27.33 0.001338377
27.34 0.003684054
27.35 0.005269801
27.36 0.006475262
27.37 0.007039912
27.38 0.007268271
27.39 0.008063677
27.4 0.008962343
27.41 0.009179761
27.42 0.008440308
27.43 0.007070069
27.44 0.006643114
27.45 0.006798941
27.46 0.006856486
27.47 0.007376637
27.48 0.008753234
27.49 0.0101267
27.5 0.01104057
27.51 0.01139228
27.52 0.01251975
27.53 0.01250347
27.54 0.01175125
27.55 0.0113603
27.56 0.01028704
27.57 0.008716985
27.58 0.008080064
27.59 0.007287847
27.6 0.0050723
27.61 0.00369295
27.62 0.003409568
27.63 0.002807151
27.64 0.003406351
27.65 0.003917932
27.66 0.003836858
27.67 0.003748168
27.68 0.003711846
27.69 0.003601672
27.7 0.002551761
27.71 0.0003924479
27.72 -0.0006759486
27.73 -0.0005076502
27.74 -0.001025573
27.75 -0.00231266
27.76 -0.002540898
27.77 -0.00223963
27.78 -0.002215547
27.79 -0.002257385
27.8 -0.002124952
27.81 -0.001317878
27.82 -0.00113351
27.83 -0.0008265768
27.84 -0.0007207375
27.85 -0.001779842
27.86 -0.002202232
27.87 -0.001975326
27.88 -0.001572988
27.89 -0.0004707317
27.9 8.037448e-05
27.91 -9.772682e-06
27.92 -2.979662e-05
27.93 0.0002811545
27.94 0.001394175
27.95 0.002540879
27.96 0.003434482
27.97 0.003551722
27.98 0.003362909
27.99 0.002883641
28 0.001275428
28.01 -0.0002466785
28.02 -0.0003823024
28.03 -0.0003577258
28.04 -0.001355227
28.05 -0.002017178
28.06 -0.001904033
28.07 -0.001770386
28.08 -0.001961711
28.09 -0.00293889
28.1 -0.003457703
28.11 -0.003278326
28.12 -0.003238444
28.13 -0.004021401
28.14 -0.004701848
28.15 -0.004948568
28.16 -0.005217012
28.17 -0.004541615
28.18 -0.004083986
28.19 -0.004043067
28.2 -0.003971218
28.21 -0.003868547
28.22 -0.003774608
28.23 -0.003670689
28.24 -0.003582385
28.25 -0.003466495
28.26 -0.00331488
28.27 -0.002704648
28.28 -0.001793607
28.29 -0.001591767
28.3 -0.001677642
28.31 -0.00157569
28.32 -0.001470477
28.33 -0.001512934
28.34 -0.002130299
28.35 -0.0027312
28.36 -0.002648153
28.37 -0.002000641
28.38 -0.001115307
28.39 -0.0009002816
28.4 -0.0008202197
28.41 -0.000279029
28.42 -0.0005354666
28.43 -0.0004453067
28.44 0.0003269086
28.45 0.0005252044
28.46 0.0004350767
28.47 0.0004338426
28.48 0.0001012098
28.49 -1.854502e-06
28.5 0.0004876406
28.51 0.0004200719
28.52 -0.0003602047
28.53 -0.0006873394
28.54 -0.0005514174
28.55 -0.0004413815
28.56 -0.0004132444
28.57 -0.0004014502
28.58 -0.0003686139
28.59 -0.0003080672
28.6 -0.0002648325
28.61 -0.0002504339
28.62 -0.0004447162
28.63 -0.001036282
28.64 -0.001568893
28.65 -0.001923103
28.66 -0.002011754
28.67 -0.002192212
28.68 -0.002061087
28.69 -0.002181402
28.7 -0.001782068
28.71 -0.0007367212
28.72 -8.101923e-05
28.73 0.000361995
28.74 0.0005601917
28.75 0.0008342979
28.76 0.000824557
28.77 0.0005226353
28.78 0.0004753898
28.79 0.0007875531
28.8 0.001205757
28.81 0.001247196
28.82 0.001136819
28.83 0.001091297
28.84 0.001081264
28.85 0.001100457
28.86 0.001378405
28.87 0.001603449
28.88 0.001524539
28.89 0.001414462
28.9 0.001352654
28.91 0.001241246
28.92 0.0008933442
28.93 0.0006319709
28.94 0.0006098469
28.95 0.0004546177
28.96 0.0003646342
28.97 0.0005258998
28.98 0.0004690483
28.99 0.0002581366
29 0.0003716441
29.01 0.0004613281
29.02 0.0004088879
29.03 0.0003501379
29.04 0.0003198141
29.05 0.0002792178
29.06 8.897048e-05
29.07 -9.959288e-05
29.08 -0.0001785638
29.09 -0.0003471421
29.1 -0.0004111202
29.11 -0.0003748954
29.12 -0.0003556038
29.13 -0.0003479892
29.14 -0.0003366849
29.15 -0.0003240342
29.16 -0.0003073933
29.17 -0.0002727537
29.18 -0.0001466113
29.19 -6.972354e-05
29.2 -9.142241e-05
29.21 -0.0001095139
29.22 -0.0001085446
29.23 -0.0001434749
29.24 -0.0002890155
29.25 -0.0004268381
29.26 -0.0004317579
29.27 -0.0004692402
29.28 -0.0005803692
29.29 -0.0005974029
29.3 -0.0005379292
29.31 -0.000530273
29.32 -0.0005502206
29.33 -0.0005067631
29.34 -0.0004459702
29.35 -0.0004010374
29.36 -0.0003575357
29.37 -0.0003120499
29.38 -0.0002724203
29.39 -0.0002360229
29.4 -0.0001995977
29.41 -0.0001660507
29.42 -0.0001351499
29.43 -0.0001037562
29.44 -7.455429e-05
29.45 -3.747799e-05
29.46 1.368939e-05
29.47 5.737237e-05
29.48 8.577027e-05
29.49 9.490049e-05
29.5 0.0001078667
29.51 0.000131884
29.52 0.0001392882
29.53 0.0001389471
29.54 0.0001516569
29.55 0.0001593349
29.56 0.0001542409
29.57 0.0001482801
29.58 0.0001461096
29.59 0.0001504952
29.6 0.000147228
29.61 0.0001333402
29.62 0.0001263191
29.63 0.000124113
29.64 0.0001208605
29.65 0.000117277
29.66 0.0001121065
29.67 0.0001057464
29.68 0.0001027208
29.69 9.915223e-05
29.7 9.641165e-05
29.71 9.651601e-05
29.72 9.621414e-05
29.73 9.442162e-05
29.74 9.318299e-05
29.75 9.115837e-05
29.76 8.861378e-05
29.77 8.612892e-05
29.78 8.369064e-05
29.79 8.117704e-05
29.8 7.856826e-05
29.81 7.592588e-05
29.82 7.326447e-05
29.83 7.055567e-05
29.84 6.778063e-05
29.85 6.49113e-05
29.86 6.211014e-05
29.87 5.935361e-05
29.88 5.654197e-05
29.89 5.367157e-05
29.9 5.076252e-05
29.91 4.782046e-05
29.92 4.484829e-05
29.93 4.185138e-05
29.94 3.883475e-05
29.95 3.580249e-05
29.96 3.275881e-05
29.97 2.970876e-05
29.98 2.665616e-05
