0 0.0003822122
0.01 0.0003798579
0.02 0.0003672875
0.03 0.0003641725
0.04 0.0003429223
0.05 0.0002778474
0.06 0.0002580618
0.07 0.0003312058
0.08 0.0003522379
0.09 6.12632e-05
0.1 -0.0003366493
0.11 -9.216236e-05
0.12 0.0009807933
0.13 0.001720274
0.14 0.001532292
0.15 0.000925286
0.16 0.0004604064
0.17 0.0002299697
0.18 0.000318753
0.19 0.0006547646
0.2 0.001171443
0.21 0.001766173
0.22 0.002109785
0.23 0.001915453
0.24 0.0009435428
0.25 -0.0001929243
0.26 -0.0008604136
0.27 -0.001681891
0.28 -0.002463287
0.29 -0.001065633
0.3 0.001393927
0.31 0.001176713
0.32 -0.001346515
0.33 -0.002728349
0.34 -0.001498246
0.35 0.0009245776
0.36 0.003418097
0.37 0.0056069
0.38 0.006435807
0.39 0.003949813
0.4 -0.0007600606
0.41 -0.00406357
0.42 -0.003889199
0.43 0.0001415836
0.44 0.00502066
0.45 0.007078154
0.46 0.003782026
0.47 -0.005329724
0.48 -0.01480066
0.49 -0.01877545
0.5 -0.01381816
0.51 -0.000340032
0.52 0.01421007
0.53 0.0206912
0.54 0.01377514
0.55 -0.0007433416
0.56 -0.01511336
0.57 -0.02294428
0.58 -0.01772998
0.59 -0.003514241
0.6 0.01179969
0.61 0.02359026
0.62 0.02871552
0.63 0.02269079
0.64 0.006321534
0.65 -0.0124163
0.66 -0.02499412
0.67 -0.01862212
0.68 -0.001245643
0.69 0.006041641
0.7 0.009665241
0.71 0.02245622
0.72 0.0347404
0.73 0.03375179
0.74 0.01774031
0.75 -0.007776409
0.76 -0.04090626
0.77 -0.06318035
0.78 -0.05799203
0.79 -0.02269614
0.8 0.0189469
0.81 0.03623308
0.82 0.03077931
0.83 0.01597008
0.84 0.001481458
0.85 -0.005730204
0.86 -0.003251152
0.87 0.01375825
0.88 0.03044138
0.89 0.0255887
0.9 0.004531012
0.91 -0.009691434
0.92 -0.0111869
0.93 -0.008261885
0.94 -0.005141058
0.95 -0.01182459
0.96 -0.03298765
0.97 -0.04739473
0.98 -0.0413141
0.99 -0.007897573
1 0.04238063
1.01 0.06330973
1.02 0.03220244
1.03 -0.01981823
1.04 -0.04916636
1.05 -0.04734011
1.06 -0.03481287
1.07 -0.01271124
1.08 0.02210744
1.09 0.05265944
1.1 0.05669529
1.11 0.03646276
1.12 0.005506016
1.13 -0.01715579
1.14 -0.01808029
1.15 -0.0007483075
1.16 0.01523666
1.17 0.01891286
1.18 0.01235496
1.19 0.002988071
1.2 -0.005372674
1.21 -0.01084937
1.22 -0.009677893
1.23 -0.009652955
1.24 -0.01930315
1.25 -0.02952302
1.26 -0.02333436
1.27 0.001518264
1.28 0.01981525
1.29 0.01561964
1.3 -0.001023292
1.31 -0.01130464
1.32 -0.007613445
1.33 -0.0014012
1.34 -0.004029953
1.35 -0.008625996
1.36 0.0005165915
1.37 0.03163117
1.38 0.05257964
1.39 0.02260746
1.4 -0.03010536
1.41 -0.06981728
1.42 -0.06120972
1.43 0.01516041
1.44 0.06789038
1.45 0.04358716
1.46 -0.003080968
1.47 -0.02678287
1.48 -0.01453343
1.49 0.00324357
1.5 -0.01197754
1.51 -0.04940446
1.52 -0.06863516
1.53 -0.03772972
1.54 0.01755732
1.55 0.05183543
1.56 0.04433366
1.57 0.01048094
1.58 -0.02223397
1.59 -0.0292018
1.6 -0.002979169
1.61 0.03429041
1.62 0.05343537
1.63 0.05381721
1.64 0.04211023
1.65 0.02148437
1.66 0.005455497
1.67 0.004047611
1.68 0.01300847
1.69 0.009282089
1.7 -0.02787548
1.71 -0.07607897
1.72 -0.08285947
1.73 -0.03262598
1.74 0.008001534
1.75 0.003343387
1.76 -0.01253474
1.77 -0.001512851
1.78 0.0335116
1.79 0.05309192
1.8 0.03042446
1.81 -0.002705167
1.82 -0.005584595
1.83 0.01916814
1.84 0.05314645
1.85 0.07030301
1.86 0.05695422
1.87 0.01685205
1.88 -0.02718649
1.89 -0.04737012
1.9 -0.04564544
1.91 -0.03322328
1.92 -0.01672141
1.93 -0.009081426
1.94 -0.01848001
1.95 -0.02288322
1.96 0.00145144
1.97 0.06096221
1.98 0.08689047
1.99 0.03412653
2 -0.03516409
2.01 -0.06915805
2.02 -0.04117003
2.03 0.002544509
2.04 0.01110934
2.05 -0.001797094
2.06 -0.01424885
2.07 -0.01343961
2.08 -0.002011114
2.09 0.00579455
2.1 0.006033853
2.11 0.007662156
2.12 0.01296907
2.13 0.01957813
2.14 0.02227909
2.15 0.01805946
2.16 0.004920068
2.17 -0.01249675
2.18 -0.02867489
2.19 -0.037832
2.2 -0.02937956
2.21 -0.02226538
2.22 -0.03892694
2.23 -0.07439341
2.24 -0.09261844
2.25 -0.08164013
2.26 -0.06863802
2.27 -0.06715895
2.28 -0.06713778
2.29 -0.05126604
2.3 0.01808342
2.31 0.1018251
2.32 0.1013079
2.33 0.0324398
2.34 -0.03565746
2.35 -0.07407161
2.36 -0.07314433
2.37 -0.01573611
2.38 0.05160551
2.39 0.06882536
2.4 0.05359139
2.41 0.03474077
2.42 0.01671898
2.43 0.004931008
2.44 0.01705798
2.45 0.07158313
2.46 0.1296133
2.47 0.130799
2.48 0.0941528
2.49 0.05891139
2.5 0.0230444
2.51 -0.02283353
2.52 -0.067569
2.53 -0.09187997
2.54 -0.0962165
2.55 -0.09175262
2.56 -0.06863505
2.57 -0.03311874
2.58 -0.01991471
2.59 -0.03319283
2.6 -0.06314639
2.61 -0.101735
2.62 -0.1378141
2.63 -0.1624362
2.64 -0.166146
2.65 -0.1161775
2.66 -0.01344091
2.67 0.07660977
2.68 0.08396764
2.69 0.03353911
2.7 -0.01862607
2.71 -0.03811641
2.72 -0.02218183
2.73 0.02007841
2.74 0.05480027
2.75 0.06271122
2.76 0.05183829
2.77 0.03899471
2.78 0.04147777
2.79 0.05804503
2.8 0.07842478
2.81 0.09910889
2.82 0.1245937
2.83 0.1572019
2.84 0.1711287
2.85 0.1502403
2.86 0.1067915
2.87 0.06531137
2.88 0.04401914
2.89 0.03711204
2.9 0.0220649
2.91 -0.02219938
2.92 -0.08007877
2.93 -0.1180529
2.94 -0.1379612
2.95 -0.1315231
2.96 -0.1008665
2.97 -0.07297254
2.98 -0.05261489
2.99 -0.0499646
3 -0.065684
3.01 -0.08259079
3.02 -0.09394694
3.03 -0.1018821
3.04 -0.1014557
3.05 -0.0850184
3.06 -0.03622876
3.07 0.02264445
3.08 0.06386529
3.09 0.1020973
3.1 0.1445579
3.11 0.1673885
3.12 0.163154
3.13 0.1292821
3.14 0.06754904
3.15 0.002022163
3.16 -0.0601337
3.17 -0.1207514
3.18 -0.1701863
3.19 -0.1717794
3.2 -0.1367861
3.21 -0.0984675
3.22 -0.06803909
3.23 -0.04841058
3.24 -0.04515157
3.25 -0.05655464
3.26 -0.07274261
3.27 -0.07118501
3.28 -0.04313121
3.29 -0.01512236
3.3 0.01226053
3.31 0.06085568
3.32 0.1150114
3.33 0.131484
3.34 0.137716
3.35 0.1751256
3.36 0.2373723
3.37 0.292462
3.38 0.3152201
3.39 0.3141624
3.4 0.3040596
3.41 0.2707466
3.42 0.2186632
3.43 0.1682778
3.44 0.1272559
3.45 0.08867515
3.46 0.04271508
3.47 -0.007552504
3.48 -0.05588489
3.49 -0.1030773
3.5 -0.1412903
3.51 -0.1579908
3.52 -0.1597199
3.53 -0.1409606
3.54 -0.09772651
3.55 -0.05035645
3.56 -0.00666204
3.57 0.03637226
3.58 0.06777681
3.59 0.07568474
3.6 0.07010478
3.61 0.04441472
3.62 -0.01555332
3.63 -0.08755214
3.64 -0.150671
3.65 -0.1882279
3.66 -0.1995986
3.67 -0.2004326
3.68 -0.1885694
3.69 -0.1594791
3.7 -0.1334863
3.71 -0.1178226
3.72 -0.09391699
3.73 -0.06244489
3.74 -0.03562915
3.75 -0.01186546
3.76 0.006484194
3.77 0.01461527
3.78 0.01449819
3.79 0.02998393
3.8 0.06365607
3.81 0.09004161
3.82 0.1048044
3.83 0.1188896
3.84 0.1402321
3.85 0.1606254
3.86 0.1474579
3.87 0.09823773
3.88 0.03981395
3.89 -0.01906592
3.9 -0.06800843
3.91 -0.09423784
3.92 -0.08758578
3.93 -0.04650483
3.94 0.01936738
3.95 0.06382972
3.96 0.06248883
3.97 0.03456676
3.98 0.0004271422
3.99 -0.04062319
4 -0.08456264
4.01 -0.1245854
4.02 -0.1589896
4.03 -0.1870769
4.04 -0.192232
4.05 -0.1695478
4.06 -0.1403546
4.07 -0.1233586
4.08 -0.105547
4.09 -0.06039881
4.1 0.04610632
4.11 0.1795965
4.12 0.2563275
4.13 0.2867832
4.14 0.3119313
4.15 0.3215915
4.16 0.3064139
4.17 0.2742348
4.18 0.2344641
4.19 0.1826688
4.2 0.1184498
4.21 0.03410105
4.22 -0.06428769
4.23 -0.1602577
4.24 -0.2488523
4.25 -0.3326826
4.26 -0.3899791
4.27 -0.424132
4.28 -0.4445876
4.29 -0.4499068
4.3 -0.4446524
4.31 -0.4329898
4.32 -0.3968348
4.33 -0.3086167
4.34 -0.1661379
4.35 0.01384799
4.36 0.180749
4.37 0.2732718
4.38 0.3251937
4.39 0.368127
4.4 0.3883314
4.41 0.3854708
4.42 0.3642015
4.43 0.33239
4.44 0.2866374
4.45 0.2287289
4.46 0.1546183
4.47 0.07316827
4.48 0.005380683
4.49 -0.04347041
4.5 -0.07572105
4.51 -0.09180851
4.52 -0.08681351
4.53 -0.05741278
4.54 -0.03549366
4.55 -0.03055539
4.56 -0.01257089
4.57 0.02606636
4.58 0.0592426
4.59 0.06168165
4.6 0.03743908
4.61 0.004672439
4.62 -0.03652549
4.63 -0.08659237
4.64 -0.1196256
4.65 -0.1165578
4.66 -0.07708745
4.67 -0.02025447
4.68 0.002930063
4.69 -0.02020223
4.7 -0.0597873
4.71 -0.08307949
4.72 -0.09640307
4.73 -0.1201745
4.74 -0.1547251
4.75 -0.1807677
4.76 -0.1747891
4.77 -0.1018251
4.78 0.001552173
4.79 0.06761679
4.8 0.1067674
4.81 0.12283
4.82 0.1063769
4.83 0.06418607
4.84 0.01698402
4.85 -0.03969285
4.86 -0.09876498
4.87 -0.1305607
4.88 -0.1232348
4.89 -0.06146298
4.9 0.04391575
4.91 0.1256725
4.92 0.1982797
4.93 0.2718251
4.94 0.314199
4.95 0.3415217
4.96 0.3668706
4.97 0.3707426
4.98 0.3297107
4.99 0.2392497
5 0.1388238
5.01 0.05124649
5.02 -0.03314306
5.03 -0.1095031
5.04 -0.1744376
5.05 -0.2439352
5.06 -0.3129676
5.07 -0.3362644
5.08 -0.3166078
5.09 -0.2622259
5.1 -0.1976734
5.11 -0.1655235
5.12 -0.1366324
5.13 -0.07529917
5.14 0.01331042
5.15 0.07377423
5.16 0.09760286
5.17 0.1010053
5.18 0.09297443
5.19 0.0782206
5.2 0.07159958
5.21 0.08143087
5.22 0.1010452
5.23 0.1106089
5.24 0.1073877
5.25 0.102001
5.26 0.09783919
5.27 0.08922136
5.28 0.06835887
5.29 0.04297417
5.3 0.01582256
5.31 -0.01225547
5.32 -0.04593479
5.33 -0.08663617
5.34 -0.1342837
5.35 -0.1732698
5.36 -0.184597
5.37 -0.1794716
5.38 -0.1655876
5.39 -0.1366064
5.4 -0.1227613
5.41 -0.1080251
5.42 -0.0609979
5.43 -0.003329311
5.44 0.0437367
5.45 0.05880457
5.46 0.039625
5.47 -0.0001078966
5.48 -0.04267022
5.49 -0.06851086
5.5 -0.05822141
5.51 -0.03099262
5.52 -0.005400665
5.53 0.03593835
5.54 0.0730926
5.55 0.08432394
5.56 0.08425148
5.57 0.0858594
5.58 0.09287792
5.59 0.1088809
5.6 0.1216237
5.61 0.1231881
5.62 0.1166949
5.63 0.1040838
5.64 0.08415574
5.65 0.06322253
5.66 0.04270924
5.67 0.02502152
5.68 0.01724506
5.69 0.02387132
5.7 0.05034029
5.71 0.08965751
5.72 0.1061278
5.73 0.0776328
5.74 0.02365369
5.75 -0.03302412
5.76 -0.07747724
5.77 -0.1045155
5.78 -0.1285738
5.79 -0.1625998
5.8 -0.1842315
5.81 -0.1843622
5.82 -0.1586075
5.83 -0.09770159
5.84 -0.02416789
5.85 0.0346484
5.86 0.06548743
5.87 0.06691843
5.88 0.05055581
5.89 0.01991482
5.9 -0.0106558
5.91 -0.0295039
5.92 -0.05500718
5.93 -0.0927616
5.94 -0.123982
5.95 -0.1393175
5.96 -0.1304656
5.97 -0.08683653
5.98 -0.03035372
5.99 0.006115655
6 0.02538733
6.01 0.04451587
6.02 0.05870915
6.03 0.06862715
6.04 0.07719821
6.05 0.06936733
6.06 0.04471459
6.07 0.01938412
6.08 -0.0007020748
6.09 -0.01754912
6.1 -0.0276903
6.11 -0.02387978
6.12 0.001955575
6.13 0.06931684
6.14 0.1278106
6.15 0.1241336
6.16 0.07450295
6.17 0.01657161
6.18 -0.01718429
6.19 -0.02893736
6.2 -0.0267133
6.21 -0.01200061
6.22 0.002869861
6.23 0.00813715
6.24 0.001880135
6.25 -0.0230931
6.26 -0.05570689
6.27 -0.0737591
6.28 -0.07381713
6.29 -0.06193043
6.3 -0.05037012
6.31 -0.04048001
6.32 -0.02172042
6.33 0.01328257
6.34 0.04161781
6.35 0.04799955
6.36 0.03763647
6.37 0.02144517
6.38 0.01300447
6.39 0.01005005
6.4 -0.001383453
6.41 -0.03123006
6.42 -0.06575464
6.43 -0.07734861
6.44 -0.06364198
6.45 -0.03675685
6.46 -0.01664508
6.47 -0.01479862
6.48 -0.02357372
6.49 -0.03662182
6.5 -0.04635258
6.51 -0.05246581
6.52 -0.06067927
6.53 -0.07008455
6.54 -0.07166809
6.55 -0.06021444
6.56 -0.03557728
6.57 0.004655951
6.58 0.05364757
6.59 0.0887813
6.6 0.0974489
6.61 0.08642633
6.62 0.05807038
6.63 0.03469568
6.64 0.04306246
6.65 0.09311404
6.66 0.1663039
6.67 0.210739
6.68 0.212401
6.69 0.1934074
6.7 0.1534292
6.71 0.09064391
6.72 0.02387578
6.73 -0.03303408
6.74 -0.06885419
6.75 -0.0752829
6.76 -0.04982459
6.77 -0.01391845
6.78 -0.003925215
6.79 -0.01238274
6.8 -0.02326024
6.81 -0.03366863
6.82 -0.04557815
6.83 -0.05832346
6.84 -0.07768477
6.85 -0.1000881
6.86 -0.1237303
6.87 -0.151913
6.88 -0.1744265
6.89 -0.1550929
6.9 -0.07719611
6.91 0.02906265
6.92 0.1653173
6.93 0.2646553
6.94 0.2454041
6.95 0.1572132
6.96 0.07158584
6.97 -0.005004385
6.98 -0.06408683
6.99 -0.09419328
7 -0.1076068
7.01 -0.1209722
7.02 -0.1390969
7.03 -0.1600995
7.04 -0.1671832
7.05 -0.1385597
7.06 -0.08270485
7.07 -0.006595871
7.08 0.1147131
7.09 0.2255812
7.1 0.2631599
7.11 0.2595791
7.12 0.2541208
7.13 0.2520466
7.14 0.2439426
7.15 0.2230826
7.16 0.183279
7.17 0.1284245
7.18 0.06586546
7.19 0.001842468
7.2 -0.05774988
7.21 -0.1026647
7.22 -0.1339933
7.23 -0.1472859
7.24 -0.1398883
7.25 -0.136551
7.26 -0.1532528
7.27 -0.1797703
7.28 -0.2210315
7.29 -0.2659396
7.3 -0.2812601
7.31 -0.2576296
7.32 -0.195315
7.33 -0.1140389
7.34 -0.03548813
7.35 0.03208278
7.36 0.06922636
7.37 0.07350252
7.38 0.06308545
7.39 0.06132499
7.4 0.07531266
7.41 0.09520073
7.42 0.1090099
7.43 0.1120796
7.44 0.1098783
7.45 0.1087777
7.46 0.1047
7.47 0.0849708
7.48 0.04124117
7.49 -0.02246302
7.5 -0.09307691
7.51 -0.154144
7.52 -0.2005912
7.53 -0.243434
7.54 -0.2609452
7.55 -0.2540537
7.56 -0.2521712
7.57 -0.258843
7.58 -0.2611331
7.59 -0.2525597
7.6 -0.2235763
7.61 -0.1866272
7.62 -0.1585964
7.63 -0.1409175
7.64 -0.1296679
7.65 -0.1221113
7.66 -0.1114861
7.67 -0.08812847
7.68 -0.04436466
7.69 0.01241043
7.7 0.09644446
7.71 0.1999026
7.72 0.270476
7.73 0.3150418
7.74 0.3389663
7.75 0.3488646
7.76 0.3546779
7.77 0.3553415
7.78 0.3516507
7.79 0.3434563
7.8 0.3234574
7.81 0.2895675
7.82 0.2506398
7.83 0.210231
7.84 0.1670892
7.85 0.1221462
7.86 0.07967499
7.87 0.04452802
7.88 0.02254047
7.89 0.01145875
7.9 0.005996528
7.91 -0.004577356
7.92 -0.02667891
7.93 -0.0562498
7.94 -0.07594043
7.95 -0.07839085
7.96 -0.07195033
7.97 -0.06155663
7.98 -0.03962777
7.99 -0.01123517
8 0.005253011
8.01 -0.002090892
8.02 -0.03232415
8.03 -0.06867219
8.04 -0.0991469
8.05 -0.1254014
8.06 -0.1525798
8.07 -0.1806277
8.08 -0.2095414
8.09 -0.231231
8.1 -0.2272546
8.11 -0.1976798
8.12 -0.1587858
8.13 -0.115771
8.14 -0.07229199
8.15 -0.02927205
8.16 0.01422686
8.17 0.05450002
8.18 0.08460104
8.19 0.1108691
8.2 0.1421432
8.21 0.1641784
8.22 0.1673087
8.23 0.1568837
8.24 0.1268658
8.25 0.07866208
8.26 0.0292591
8.27 -0.01719292
8.28 -0.05314164
8.29 -0.06016698
8.3 -0.04094339
8.31 -0.004792484
8.32 0.02951623
8.33 0.04854995
8.34 0.05426402
8.35 0.04509869
8.36 0.01374141
8.37 -0.03040591
8.38 -0.07176358
8.39 -0.09504066
8.4 -0.09382344
8.41 -0.06601772
8.42 -0.01895931
8.43 0.02880147
8.44 0.08040945
8.45 0.1358139
8.46 0.187419
8.47 0.2215171
8.48 0.2288265
8.49 0.2189239
8.5 0.1908549
8.51 0.1306538
8.52 0.06258961
8.53 0.01258463
8.54 -0.03260671
8.55 -0.08037614
8.56 -0.1226311
8.57 -0.1386211
8.58 -0.1263411
8.59 -0.09747444
8.6 -0.060027
8.61 -0.02693739
8.62 -0.0005383117
8.63 0.03371508
8.64 0.07943303
8.65 0.1141565
8.66 0.1195878
8.67 0.1023829
8.68 0.07057172
8.69 0.03712948
8.7 0.008614424
8.71 -0.01707767
8.72 -0.03964095
8.73 -0.05908668
8.74 -0.06904379
8.75 -0.06884599
8.76 -0.06626689
8.77 -0.06167197
8.78 -0.05192561
8.79 -0.03148078
8.8 -0.001008123
8.81 0.02881112
8.82 0.05152446
8.83 0.06416096
8.84 0.06653521
8.85 0.05884977
8.86 0.0361563
8.87 0.001375746
8.88 -0.03264286
8.89 -0.06256837
8.9 -0.07860814
8.91 -0.07821417
8.92 -0.05804028
8.93 -0.01526594
8.94 0.02984604
8.95 0.0549123
8.96 0.0587574
8.97 0.0566652
8.98 0.05749834
8.99 0.06228355
9 0.06438394
9.01 0.05589165
9.02 0.0288399
9.03 -0.01122232
9.04 -0.05887536
9.05 -0.1086564
9.06 -0.1475536
9.07 -0.1744215
9.08 -0.184322
9.09 -0.1828985
9.1 -0.1765258
9.11 -0.1522091
9.12 -0.1058664
9.13 -0.04937153
9.14 0.009002789
9.15 0.05071804
9.16 0.05542014
9.17 0.02762649
9.18 -0.0250739
9.19 -0.08010993
9.2 -0.1222829
9.21 -0.1539215
9.22 -0.1771059
9.23 -0.1817213
9.24 -0.1711302
9.25 -0.1436235
9.26 -0.1090936
9.27 -0.07816051
9.28 -0.05285303
9.29 -0.03615501
9.3 -0.02560094
9.31 -0.01378564
9.32 0.007448035
9.33 0.03556327
9.34 0.06339175
9.35 0.09007234
9.36 0.1158529
9.37 0.1329686
9.38 0.1449455
9.39 0.1603573
9.4 0.175057
9.41 0.1848825
9.42 0.1875944
9.43 0.1773546
9.44 0.1553445
9.45 0.1307498
9.46 0.1119808
9.47 0.1017243
9.48 0.09067056
9.49 0.07688277
9.5 0.06196925
9.51 0.04206807
9.52 0.02004711
9.53 -0.004459516
9.54 -0.03468092
9.55 -0.06692872
9.56 -0.1028035
9.57 -0.1398221
9.58 -0.177386
9.59 -0.2164342
9.6 -0.2469265
9.61 -0.25345
9.62 -0.2417506
9.63 -0.2081089
9.64 -0.1643636
9.65 -0.1269549
9.66 -0.09236298
9.67 -0.05834111
9.68 -0.03342499
9.69 -0.006972653
9.7 0.02466418
9.71 0.05643198
9.72 0.08709917
9.73 0.1149369
9.74 0.1287909
9.75 0.1244975
9.76 0.1078451
9.77 0.08200028
9.78 0.05334539
9.79 0.03349886
9.8 0.01867656
9.81 -0.001146717
9.82 -0.01577653
9.83 -0.0202705
9.84 -0.02017066
9.85 -0.01895829
9.86 -0.01661721
9.87 -0.01384745
9.88 -0.008300979
9.89 0.005670833
9.9 0.02559873
9.91 0.04851642
9.92 0.06680058
9.93 0.07226509
9.94 0.06786734
9.95 0.05556871
9.96 0.03444031
9.97 0.01028889
9.98 -0.01147076
9.99 -0.03020096
10 -0.04591587
10.01 -0.05684842
10.02 -0.06260226
10.03 -0.05751576
10.04 -0.03368167
10.05 0.004125583
10.06 0.04162431
10.07 0.07802643
10.08 0.1145036
10.09 0.1472674
10.1 0.1627625
10.11 0.1613697
10.12 0.1464891
10.13 0.1181977
10.14 0.08319722
10.15 0.049843
10.16 0.01744895
10.17 -0.01450272
10.18 -0.04092421
10.19 -0.06121182
10.2 -0.07769168
10.21 -0.08495957
10.22 -0.08108928
10.23 -0.0692711
10.24 -0.05597986
10.25 -0.04769693
10.26 -0.0444863
10.27 -0.0471542
10.28 -0.05460833
10.29 -0.06693111
10.3 -0.08289989
10.31 -0.09761032
10.32 -0.1091367
10.33 -0.1133879
10.34 -0.1019152
10.35 -0.07503011
10.36 -0.04428816
10.37 -0.02165207
10.38 -0.002722361
10.39 0.02045179
10.4 0.05107479
10.41 0.08569663
10.42 0.1119777
10.43 0.1213515
10.44 0.1188199
10.45 0.1105068
10.46 0.09982396
10.47 0.08721505
10.48 0.0743722
10.49 0.06175293
10.5 0.04907718
10.51 0.04063344
10.52 0.03719716
10.53 0.03632649
10.54 0.03680594
10.55 0.04003977
10.56 0.04552334
10.57 0.0494333
10.58 0.04859978
10.59 0.04536006
10.6 0.04292174
10.61 0.0411661
10.62 0.03618034
10.63 0.02603723
10.64 0.01403137
10.65 0.002531049
10.66 -0.007985096
10.67 -0.01841633
10.68 -0.02795869
10.69 -0.03551005
10.7 -0.04187321
10.71 -0.04904335
10.72 -0.05580518
10.73 -0.05777899
10.74 -0.05284706
10.75 -0.03803408
10.76 -0.01741345
10.77 0.0005967386
10.78 0.009208914
10.79 0.01086838
10.8 0.009869201
10.81 0.007117545
10.82 0.008277315
10.83 0.0185706
10.84 0.03173319
10.85 0.04107232
10.86 0.04580088
10.87 0.04385035
10.88 0.03937287
10.89 0.03579102
10.9 0.03187302
10.91 0.02849205
10.92 0.02744107
10.93 0.027686
10.94 0.02773954
10.95 0.0275891
10.96 0.02734238
10.97 0.02333512
10.98 0.009046008
10.99 -0.01314935
11 -0.03541222
11.01 -0.05662269
11.02 -0.07616381
11.03 -0.08551335
11.04 -0.08341456
11.05 -0.07760332
11.06 -0.07359989
11.07 -0.07435059
11.08 -0.07839019
11.09 -0.08187024
11.1 -0.08087556
11.11 -0.07574489
11.12 -0.07060722
11.13 -0.06473825
11.14 -0.05729019
11.15 -0.05053454
11.16 -0.04709258
11.17 -0.03968934
11.18 -0.02335348
11.19 -0.004028784
11.2 0.01386017
11.21 0.02808099
11.22 0.03173274
11.23 0.02479549
11.24 0.01484302
11.25 0.0104338
11.26 0.01335546
11.27 0.02220445
11.28 0.03601116
11.29 0.05017689
11.3 0.05898021
11.31 0.06250629
11.32 0.06815627
11.33 0.07594445
11.34 0.07962829
11.35 0.07838784
11.36 0.07195317
11.37 0.06127543
11.38 0.05024785
11.39 0.03969692
11.4 0.02788163
11.41 0.01483853
11.42 0.005343444
11.43 -0.0001201897
11.44 -0.004762612
11.45 -0.00823175
11.46 -0.008832282
11.47 -0.00869528
11.48 -0.01103757
11.49 -0.01333033
11.5 -0.01190563
11.51 -0.002844692
11.52 0.01388352
11.53 0.02940653
11.54 0.03466871
11.55 0.02995479
11.56 0.02052833
11.57 0.01118259
11.58 0.004804669
11.59 -0.0001982055
11.6 -0.006072519
11.61 -0.01457454
11.62 -0.02503059
11.63 -0.03432715
11.64 -0.04039398
11.65 -0.04411633
11.66 -0.05070026
11.67 -0.06244353
11.68 -0.07596825
11.69 -0.08346862
11.7 -0.08197417
11.71 -0.07058289
11.72 -0.05102675
11.73 -0.03122258
11.74 -0.01405954
11.75 -0.006470097
11.76 -0.007780336
11.77 -0.01225625
11.78 -0.01751107
11.79 -0.02122808
11.8 -0.02123255
11.81 -0.01363437
11.82 0.002819944
11.83 0.02125252
11.84 0.03841333
11.85 0.05425798
11.86 0.06282
11.87 0.06336666
11.88 0.05718912
11.89 0.04178907
11.9 0.02267617
11.91 0.004806452
11.92 -0.01315076
11.93 -0.03066269
11.94 -0.04278811
11.95 -0.04293494
11.96 -0.03251421
11.97 -0.01972612
11.98 -0.01227083
11.99 -0.008542648
12 -0.007871554
12.01 -0.01236269
12.02 -0.01954302
12.03 -0.02477212
12.04 -0.02536713
12.05 -0.02397396
12.06 -0.02266555
12.07 -0.02331927
12.08 -0.0282263
12.09 -0.03743648
12.1 -0.05064865
12.11 -0.06474243
12.12 -0.07233198
12.13 -0.06779304
12.14 -0.049687
12.15 -0.02716832
12.16 -0.006288719
12.17 0.01461807
12.18 0.03364495
12.19 0.04126407
12.2 0.0372357
12.21 0.02672276
12.22 0.01648201
12.23 0.01414068
12.24 0.02168598
12.25 0.03585145
12.26 0.04746357
12.27 0.05248217
12.28 0.05057012
12.29 0.0415357
12.3 0.02655525
12.31 0.01486026
12.32 0.01158189
12.33 0.01143961
12.34 0.009915984
12.35 0.007096544
12.36 0.003587072
12.37 0.0006879938
12.38 0.002189423
12.39 0.007339358
12.4 0.009070654
12.41 0.003525202
12.42 -0.009583731
12.43 -0.02621525
12.44 -0.03767285
12.45 -0.03955575
12.46 -0.03537608
12.47 -0.02632592
12.48 -0.01356683
12.49 -0.003001194
12.5 0.001584584
12.51 -0.001449115
12.52 -0.01172332
12.53 -0.02162114
12.54 -0.0252388
12.55 -0.02013986
12.56 -0.004755638
12.57 0.01698445
12.58 0.03823702
12.59 0.0533923
12.6 0.0552883
12.61 0.04655548
12.62 0.03333031
12.63 0.02242566
12.64 0.0147173
12.65 0.005263195
12.66 -0.005060062
12.67 -0.01278701
12.68 -0.01801843
12.69 -0.02212607
12.7 -0.02369554
12.71 -0.02059854
12.72 -0.01313275
12.73 -0.006818567
12.74 -9.941624e-05
12.75 0.01115811
12.76 0.0251538
12.77 0.03866182
12.78 0.04841388
12.79 0.05182298
12.8 0.05188618
12.81 0.0516367
12.82 0.05103809
12.83 0.04845737
12.84 0.04457718
12.85 0.04109281
12.86 0.03801788
12.87 0.03260374
12.88 0.02261905
12.89 0.007452686
12.9 -0.009517574
12.91 -0.0257379
12.92 -0.04168223
12.93 -0.05512623
12.94 -0.06052116
12.95 -0.05680861
12.96 -0.04767624
12.97 -0.03499235
12.98 -0.02055585
12.99 -0.005406446
13 0.009236607
13.01 0.02385046
13.02 0.03858001
13.03 0.05233432
13.04 0.06101567
13.05 0.06193273
13.06 0.05369382
13.07 0.03971557
13.08 0.02554224
13.09 0.01226353
13.1 -0.001200849
13.11 -0.01303936
13.12 -0.02081667
13.13 -0.02385561
13.14 -0.02494341
13.15 -0.02479698
13.16 -0.02218305
13.17 -0.0158111
13.18 -0.007536311
13.19 -0.001598191
13.2 -0.00188687
13.21 -0.009841845
13.22 -0.01945758
13.23 -0.02748473
13.24 -0.03415421
13.25 -0.0374891
13.26 -0.03955675
13.27 -0.04556196
13.28 -0.05400263
13.29 -0.0635055
13.3 -0.07062379
13.31 -0.07015913
13.32 -0.05984795
13.33 -0.04189488
13.34 -0.02211847
13.35 -0.003089489
13.36 0.01543413
13.37 0.03003759
13.38 0.03493905
13.39 0.03397797
13.4 0.03186786
13.41 0.02541127
13.42 0.01486922
13.43 0.003929423
13.44 -0.007531611
13.45 -0.01775368
13.46 -0.02427688
13.47 -0.0309362
13.48 -0.04117526
13.49 -0.05240579
13.5 -0.05959783
13.51 -0.05999837
13.52 -0.05451287
13.53 -0.04683072
13.54 -0.03879862
13.55 -0.03137745
13.56 -0.02300296
13.57 -0.01078853
13.58 0.002506611
13.59 0.01357438
13.6 0.01982836
13.61 0.0219426
13.62 0.02187786
13.63 0.02333845
13.64 0.02625257
13.65 0.02866691
13.66 0.0283628
13.67 0.02372319
13.68 0.01562586
13.69 0.007078313
13.7 0.0004086978
13.71 -0.002861515
13.72 -0.002415387
13.73 0.001090861
13.74 0.006162377
13.75 0.01159418
13.76 0.01590213
13.77 0.01643918
13.78 0.01162547
13.79 0.003035051
13.8 -0.007984186
13.81 -0.01898525
13.82 -0.02989352
13.83 -0.0426249
13.84 -0.05455107
13.85 -0.06138451
13.86 -0.0622374
13.87 -0.05762449
13.88 -0.04720962
13.89 -0.03244903
13.9 -0.0162694
13.91 -0.0005602204
13.92 0.0149975
13.93 0.03074229
13.94 0.04620784
13.95 0.0588434
13.96 0.06626609
13.97 0.07071885
13.98 0.07085915
13.99 0.0653225
14 0.05631961
14.01 0.04586661
14.02 0.0353334
14.03 0.02593396
14.04 0.01707396
14.05 0.009876239
14.06 0.004719228
14.07 0.0008925425
14.08 -0.003997132
14.09 -0.00811575
14.1 -0.009623988
14.11 -0.008474137
14.12 -0.00720731
14.13 -0.00690033
14.14 -0.004188518
14.15 0.005796939
14.16 0.02061394
14.17 0.03537766
14.18 0.04806324
14.19 0.05390044
14.2 0.05368711
14.21 0.04828137
14.22 0.03713378
14.23 0.02331171
14.24 0.009674375
14.25 -0.00131639
14.26 -0.008209007
14.27 -0.01371015
14.28 -0.01857184
14.29 -0.02211804
14.3 -0.02509534
14.31 -0.02780977
14.32 -0.03042426
14.33 -0.03313839
14.34 -0.03520068
14.35 -0.03541843
14.36 -0.03377016
14.37 -0.02829666
14.38 -0.0194623
14.39 -0.01037672
14.4 -0.003857875
14.41 -0.002666808
14.42 -0.005015609
14.43 -0.006701854
14.44 -0.003938322
14.45 0.004312752
14.46 0.01629708
14.47 0.02715972
14.48 0.03292144
14.49 0.03518188
14.5 0.03555288
14.51 0.03533999
14.52 0.0357494
14.53 0.0392006
14.54 0.04361064
14.55 0.04453275
14.56 0.04322723
14.57 0.04144519
14.58 0.03977762
14.59 0.03915439
14.6 0.03827627
14.61 0.03531222
14.62 0.03054567
14.63 0.02303496
14.64 0.01113234
14.65 -0.002258546
14.66 -0.01453967
14.67 -0.02109227
14.68 -0.02046808
14.69 -0.01523234
14.7 -0.008397263
14.71 -0.002258615
14.72 0.0005059022
14.73 -0.000921303
14.74 -0.00279509
14.75 -0.003723695
14.76 -0.002141565
14.77 0.0008678691
14.78 0.002817858
14.79 0.002875472
14.8 0.003116335
14.81 0.005059843
14.82 0.01095387
14.83 0.02069047
14.84 0.03004671
14.85 0.03586779
14.86 0.03670261
14.87 0.03311161
14.88 0.02803291
14.89 0.02468984
14.9 0.02260095
14.91 0.02181292
14.92 0.02006419
14.93 0.0162216
14.94 0.01008042
14.95 0.0007341711
14.96 -0.01195075
14.97 -0.02575451
14.98 -0.03704828
14.99 -0.04365014
15 -0.04747032
15.01 -0.04935814
15.02 -0.04696103
15.03 -0.04280703
15.04 -0.0385415
15.05 -0.0327207
15.06 -0.02403785
15.07 -0.01353591
15.08 -0.007592513
15.09 -0.008157969
15.1 -0.01166074
15.11 -0.01467915
15.12 -0.01642021
15.13 -0.0181969
15.14 -0.02142924
15.15 -0.02575449
15.16 -0.02816868
15.17 -0.02541909
15.18 -0.01319988
15.19 0.002764917
15.2 0.01750766
15.21 0.03165522
15.22 0.04487518
15.23 0.05397877
15.24 0.060575
15.25 0.06779709
15.26 0.07362973
15.27 0.07548758
15.28 0.07175586
15.29 0.05891597
15.3 0.04049134
15.31 0.02244764
15.32 0.005309505
15.33 -0.01203164
15.34 -0.02465512
15.35 -0.0291092
15.36 -0.02564872
15.37 -0.01512607
15.38 -0.003315826
15.39 0.003149203
15.4 0.004318685
15.41 0.003374825
15.42 0.001261077
15.43 -0.004422955
15.44 -0.01367402
15.45 -0.02285617
15.46 -0.03090495
15.47 -0.03613064
15.48 -0.03853299
15.49 -0.03898159
15.5 -0.03882544
15.51 -0.03892785
15.52 -0.04011509
15.53 -0.04141358
15.54 -0.04148496
15.55 -0.04056765
15.56 -0.0367563
15.57 -0.03123824
15.58 -0.02797116
15.59 -0.02831786
15.6 -0.03136405
15.61 -0.03450404
15.62 -0.03404091
15.63 -0.02907984
15.64 -0.02108439
15.65 -0.01126235
15.66 -0.004454195
15.67 -0.003532066
15.68 -0.005930345
15.69 -0.01072621
15.7 -0.01542833
15.71 -0.01772268
15.72 -0.0175321
15.73 -0.01382093
15.74 -0.005820427
15.75 0.004973084
15.76 0.01482188
15.77 0.02078716
15.78 0.0231314
15.79 0.02294202
15.8 0.01969943
15.81 0.01439964
15.82 0.00937608
15.83 0.006471594
15.84 0.004830533
15.85 0.002435182
15.86 -0.001009568
15.87 -0.003376451
15.88 -0.002734251
15.89 0.001679814
15.9 0.0086029
15.91 0.01393373
15.92 0.01463745
15.93 0.01091584
15.94 0.005086024
15.95 -0.001780488
15.96 -0.008517507
15.97 -0.01396219
15.98 -0.0178998
15.99 -0.01965577
16 -0.01953372
16.01 -0.01890601
16.02 -0.01508162
16.03 -0.006878191
16.04 0.004305132
16.05 0.01597091
16.06 0.02466105
16.07 0.02840409
16.08 0.02923249
16.09 0.02896255
16.1 0.02727516
16.11 0.02355023
16.12 0.02004662
16.13 0.01695683
16.14 0.01336997
16.15 0.008486139
16.16 0.002872713
16.17 -0.003103296
16.18 -0.007811926
16.19 -0.01095763
16.2 -0.01203494
16.21 -0.01183984
16.22 -0.01179186
16.23 -0.01273754
16.24 -0.01688524
16.25 -0.02293188
16.26 -0.02858655
16.27 -0.03049689
16.28 -0.02997775
16.29 -0.02824045
16.3 -0.02405641
16.31 -0.0159493
16.32 -0.007262432
16.33 -0.001202364
16.34 0.004987776
16.35 0.01074304
16.36 0.01615355
16.37 0.02318926
16.38 0.03163212
16.39 0.03838038
16.4 0.04042501
16.41 0.037024
16.42 0.02870453
16.43 0.01714403
16.44 0.007821135
16.45 0.002815106
16.46 0.0004852174
16.47 0.002215756
16.48 0.006784493
16.49 0.01151928
16.5 0.0159722
16.51 0.01970387
16.52 0.02214248
16.53 0.02236841
16.54 0.02168741
16.55 0.01866266
16.56 0.01205022
16.57 0.002571134
16.58 -0.008195321
16.59 -0.01827647
16.6 -0.02597893
16.61 -0.03276481
16.62 -0.03671461
16.63 -0.03626027
16.64 -0.03230732
16.65 -0.0236764
16.66 -0.01172024
16.67 -0.0009477451
16.68 0.006550915
16.69 0.009668632
16.7 0.008601565
16.71 0.006844172
16.72 0.005562707
16.73 0.006480818
16.74 0.01046285
16.75 0.01533438
16.76 0.01976416
16.77 0.02281678
16.78 0.0251804
16.79 0.02839085
16.8 0.03103638
16.81 0.02935992
16.82 0.02195393
16.83 0.01229447
16.84 0.001247638
16.85 -0.01106519
16.86 -0.01996395
16.87 -0.02405395
16.88 -0.02440615
16.89 -0.02242464
16.9 -0.02004629
16.91 -0.01738368
16.92 -0.01248642
16.93 -0.004858823
16.94 0.005490655
16.95 0.01771205
16.96 0.02960891
16.97 0.03636833
16.98 0.03557038
16.99 0.02636349
17 0.01261553
17.01 0.001403339
17.02 -0.003321464
17.03 -0.002266499
17.04 -0.0005148415
17.05 -0.001779197
17.06 -0.006442193
17.07 -0.01124263
17.08 -0.01253269
17.09 -0.01034072
17.1 -0.00435537
17.11 0.001903253
17.12 0.003314463
17.13 0.0002744304
17.14 -0.004207092
17.15 -0.007542971
17.16 -0.009772493
17.17 -0.01059524
17.18 -0.01030148
17.19 -0.009253442
17.2 -0.009868869
17.21 -0.01077023
17.22 -0.01044569
17.23 -0.008773528
17.24 -0.006649688
17.25 -0.00462241
17.26 -0.005091596
17.27 -0.005745536
17.28 -0.00352835
17.29 0.002552768
17.3 0.008805486
17.31 0.01298482
17.32 0.01358527
17.33 0.01013391
17.34 0.002563545
17.35 -0.007307286
17.36 -0.01634812
17.37 -0.02198888
17.38 -0.02627669
17.39 -0.02757347
17.4 -0.0271614
17.41 -0.02674396
17.42 -0.02436889
17.43 -0.01966171
17.44 -0.01414588
17.45 -0.00937129
17.46 -0.005921079
17.47 -0.004990778
17.48 -0.005386881
17.49 -0.005537099
17.5 -0.006509456
17.51 -0.009072066
17.52 -0.01197804
17.53 -0.01499377
17.54 -0.01805014
17.55 -0.02023228
17.56 -0.02135842
17.57 -0.02127488
17.58 -0.01945789
17.59 -0.01507683
17.6 -0.009012689
17.61 -0.003266565
17.62 0.003008547
17.63 0.009613502
17.64 0.01358501
17.65 0.01108011
17.66 0.00311102
17.67 -0.007135124
17.68 -0.01634654
17.69 -0.02293269
17.7 -0.02654677
17.71 -0.02891775
17.72 -0.03070485
17.73 -0.03082683
17.74 -0.02761261
17.75 -0.02110962
17.76 -0.009915488
17.77 0.001612029
17.78 0.0119563
17.79 0.02248729
17.8 0.03054269
17.81 0.03343577
17.82 0.03271526
17.83 0.02869654
17.84 0.01866089
17.85 0.006875058
17.86 -0.003180051
17.87 -0.01071635
17.88 -0.01500072
17.89 -0.0167264
17.9 -0.01672069
17.91 -0.01659668
17.92 -0.01605784
17.93 -0.01326051
17.94 -0.009450745
17.95 -0.005961398
17.96 -0.002848608
17.97 -0.002232759
17.98 -0.003649564
17.99 -0.003700893
18 -0.0009174232
18.01 0.00475726
18.02 0.01197956
18.03 0.01770557
18.04 0.01823345
18.05 0.0110865
18.06 -0.001017863
18.07 -0.0115709
18.08 -0.01829585
18.09 -0.02191488
18.1 -0.01985695
18.11 -0.01346543
18.12 -0.007644738
18.13 -0.003393506
18.14 -0.0003073883
18.15 0.00286826
18.16 0.006269504
18.17 0.00838516
18.18 0.00860257
18.19 0.007851594
18.2 0.005717975
18.21 0.003353901
18.22 0.002118077
18.23 0.00340513
18.24 0.00735761
18.25 0.01193846
18.26 0.01482034
18.27 0.01706254
18.28 0.01976172
18.29 0.02230675
18.3 0.02532473
18.31 0.02875388
18.32 0.02976704
18.33 0.02678751
18.34 0.02118412
18.35 0.01277044
18.36 0.003073857
18.37 -0.004641957
18.38 -0.006959805
18.39 -0.006279868
18.4 -0.006128133
18.41 -0.005104734
18.42 -0.002235027
18.43 0.001138763
18.44 0.00677652
18.45 0.01398456
18.46 0.01934085
18.47 0.02048421
18.48 0.01845322
18.49 0.01333827
18.5 0.006925825
18.51 0.002288064
18.52 0.001702538
18.53 0.003770709
18.54 0.005674011
18.55 0.00626141
18.56 0.006024574
18.57 0.005525721
18.58 0.002874907
18.59 -0.0009919917
18.6 -0.003747957
18.61 -0.005739675
18.62 -0.007643306
18.63 -0.009391462
18.64 -0.01211304
18.65 -0.01393169
18.66 -0.01305974
18.67 -0.009489051
18.68 -0.003661571
18.69 0.003829031
18.7 0.01312235
18.71 0.02227763
18.72 0.02974502
18.73 0.03702587
18.74 0.04395955
18.75 0.04388732
18.76 0.03610613
18.77 0.02217048
18.78 0.005815908
18.79 -0.0095679
18.8 -0.02452151
18.81 -0.0370409
18.82 -0.04141993
18.83 -0.0394213
18.84 -0.03455714
18.85 -0.02835397
18.86 -0.02111003
18.87 -0.01057974
18.88 0.002781168
18.89 0.01590916
18.9 0.02387589
18.91 0.02407485
18.92 0.01798538
18.93 0.01091768
18.94 0.005879444
18.95 0.003447533
18.96 0.004602917
18.97 0.009135658
18.98 0.0132048
18.99 0.01458295
19 0.01433297
19.01 0.01411577
19.02 0.01309167
19.03 0.01036217
19.04 0.007679075
19.05 0.005375696
19.06 0.002758751
19.07 0.0004740262
19.08 -0.001426997
19.09 8.117724e-05
19.1 0.004698214
19.11 0.009837536
19.12 0.01402963
19.13 0.01687616
19.14 0.01798246
19.15 0.01830533
19.16 0.01798708
19.17 0.01632306
19.18 0.01516527
19.19 0.01454888
19.2 0.01189347
19.21 0.009796753
19.22 0.00733039
19.23 0.003660875
19.24 0.000928622
19.25 -0.0005206053
19.26 -0.0008331448
19.27 0.0002699744
19.28 0.002345813
19.29 0.005112461
19.3 0.00645859
19.31 0.006217069
19.32 0.004134996
19.33 -0.0004845491
19.34 -0.005949276
19.35 -0.008475009
19.36 -0.006847901
19.37 -0.0009838627
19.38 0.006357635
19.39 0.01195374
19.4 0.01434803
19.41 0.01388552
19.42 0.0107926
19.43 0.00632918
19.44 0.001859734
19.45 -0.003325217
19.46 -0.008050223
19.47 -0.0111337
19.48 -0.01439687
19.49 -0.01975049
19.5 -0.0266992
19.51 -0.03162569
19.52 -0.03183874
19.53 -0.02944493
19.54 -0.02322022
19.55 -0.01637207
19.56 -0.01113888
19.57 -0.008997435
19.58 -0.008725131
19.59 -0.00756304
19.6 -0.006618247
19.61 -0.004793784
19.62 -0.002088188
19.63 -0.0005441885
19.64 -0.0004756484
19.65 0.0008947186
19.66 0.003850575
19.67 0.007127115
19.68 0.009042557
19.69 0.008654329
19.7 0.005068955
19.71 -0.000621367
19.72 -0.007134956
19.73 -0.01301584
19.74 -0.01636332
19.75 -0.01583695
19.76 -0.01230224
19.77 -0.009041194
19.78 -0.008287639
19.79 -0.01052883
19.8 -0.01425867
19.81 -0.01711073
19.82 -0.01741131
19.83 -0.01496226
19.84 -0.01050953
19.85 -0.005122617
19.86 -0.001057532
19.87 0.001708303
19.88 0.002418913
19.89 0.001852965
19.9 0.0003193541
19.91 -0.0006873347
19.92 -0.001811336
19.93 -0.002724431
19.94 -0.002588295
19.95 -8.679667e-05
19.96 0.004771983
19.97 0.009206719
19.98 0.0120401
19.99 0.01382413
20 0.01233757
20.01 0.008179359
20.02 0.003549928
20.03 -0.001316579
20.04 -0.006202926
20.05 -0.008331252
20.06 -0.007988233
20.07 -0.006331324
20.08 -0.003594725
20.09 -0.0008703748
20.1 0.002186872
20.11 0.005096388
20.12 0.008664959
20.13 0.01166532
20.14 0.01406742
20.15 0.01615432
20.16 0.01823857
20.17 0.01987452
20.18 0.02010981
20.19 0.01711796
20.2 0.01124238
20.21 0.00296495
20.22 -0.006067933
20.23 -0.01361769
20.24 -0.02020975
20.25 -0.02624275
20.26 -0.03071375
20.27 -0.03300803
20.28 -0.03378159
20.29 -0.03281759
20.3 -0.03061259
20.31 -0.02620027
20.32 -0.02082699
20.33 -0.01619632
20.34 -0.01256202
20.35 -0.009369602
20.36 -0.007373734
20.37 -0.007274388
20.38 -0.00761513
20.39 -0.008470838
20.4 -0.009870621
20.41 -0.01018506
20.42 -0.009693679
20.43 -0.008288424
20.44 -0.00766942
20.45 -0.007938607
20.46 -0.00809418
20.47 -0.008090891
20.48 -0.008136353
20.49 -0.008217238
20.5 -0.008249775
20.51 -0.007347954
20.52 -0.006070102
20.53 -0.005687202
20.54 -0.004526562
20.55 -0.002613883
20.56 0.0001377729
20.57 0.005034143
20.58 0.01149077
20.59 0.01803068
20.6 0.02293663
20.61 0.02488113
20.62 0.02375869
20.63 0.01981811
20.64 0.01561258
20.65 0.01323336
20.66 0.01273389
20.67 0.01152291
20.68 0.008904013
20.69 0.004912135
20.7 0.0003103211
20.71 -0.002929769
20.72 -0.003864401
20.73 -0.002714254
20.74 -0.0001976161
20.75 0.003707719
20.76 0.006199031
20.77 0.005820722
20.78 0.002883516
20.79 -0.001973261
20.8 -0.005229843
20.81 -0.005868346
20.82 -0.004406063
20.83 -0.001678002
20.84 0.000577347
20.85 0.001029673
20.86 0.0007056109
20.87 0.0005337203
20.88 -0.001265576
20.89 -0.004248488
20.9 -0.007119569
20.91 -0.009328856
20.92 -0.01040344
20.93 -0.007914953
20.94 0.0003194019
20.95 0.01128511
20.96 0.01885649
20.97 0.02401979
20.98 0.0269808
20.99 0.02619389
21 0.02288004
21.01 0.01840589
21.02 0.01119776
21.03 0.004242479
21.04 -0.0005189389
21.05 -0.002670406
21.06 -0.002726556
21.07 -0.002025945
21.08 0.0003436123
21.09 0.003507907
21.1 0.004277617
21.11 0.00262724
21.12 -0.000887543
21.13 -0.004410849
21.14 -0.005693148
21.15 -0.005417291
21.16 -0.005119976
21.17 -0.003870782
21.18 -0.002551101
21.19 -0.001362682
21.2 -0.001090059
21.21 -0.0007019005
21.22 0.001498685
21.23 0.003318037
21.24 0.004106875
21.25 0.006899339
21.26 0.01060975
21.27 0.01212329
21.28 0.01172947
21.29 0.01131968
21.3 0.009332189
21.31 0.004900193
21.32 -0.001136829
21.33 -0.007143171
21.34 -0.0109876
21.35 -0.01328228
21.36 -0.01546435
21.37 -0.01575909
21.38 -0.01400832
21.39 -0.01089551
21.4 -0.006323137
21.41 -0.0014954
21.42 0.002234548
21.43 0.005330561
21.44 0.006667088
21.45 0.005882179
21.46 0.002832759
21.47 -0.0001584503
21.48 -0.0004559067
21.49 -0.0006304313
21.5 -0.004666089
21.51 -0.01020615
21.52 -0.01461481
21.53 -0.01667511
21.54 -0.01716491
21.55 -0.01810817
21.56 -0.01684629
21.57 -0.0128891
21.58 -0.008588203
21.59 -0.003793387
21.6 0.001017528
21.61 0.006330684
21.62 0.01027968
21.63 0.01285048
21.64 0.01349367
21.65 0.01209747
21.66 0.01106416
21.67 0.01249829
21.68 0.01342855
21.69 0.01280656
21.7 0.0106065
21.71 0.00708233
21.72 0.004241143
21.73 0.003682873
21.74 0.004172381
21.75 0.005508771
21.76 0.005577814
21.77 0.002691453
21.78 0.0005932755
21.79 0.001380047
21.8 0.005684429
21.81 0.01209572
21.82 0.01507001
21.83 0.01437948
21.84 0.01264943
21.85 0.01031051
21.86 0.009190142
21.87 0.009818611
21.88 0.0120542
21.89 0.01489665
21.9 0.01730976
21.91 0.01749621
21.92 0.01554879
21.93 0.01150562
21.94 0.006125688
21.95 -0.0009282154
21.96 -0.008831898
21.97 -0.01515622
21.98 -0.01746472
21.99 -0.01698139
22 -0.01659598
22.01 -0.01647658
22.02 -0.01486753
22.03 -0.01244771
22.04 -0.01102809
22.05 -0.008692466
22.06 -0.005440528
22.07 -0.0003347425
22.08 0.006824867
22.09 0.01359086
22.1 0.01940711
22.11 0.02394162
22.12 0.02857122
22.13 0.03204389
22.14 0.0335862
22.15 0.03307616
22.16 0.03122388
22.17 0.0277792
22.18 0.02424497
22.19 0.0223605
22.2 0.01983199
22.21 0.0155199
22.22 0.01111362
22.23 0.005179938
22.24 -0.003279644
22.25 -0.01003064
22.26 -0.01504288
22.27 -0.02007715
22.28 -0.02278429
22.29 -0.02233263
22.3 -0.0199622
22.31 -0.01440568
22.32 -0.008036548
22.33 -0.0006838256
22.34 0.007455407
22.35 0.01504261
22.36 0.02093076
22.37 0.02452196
22.38 0.02475159
22.39 0.02358445
22.4 0.0226166
22.41 0.01990805
22.42 0.01537626
22.43 0.01092598
22.44 0.006046961
22.45 0.001279224
22.46 -0.003803324
22.47 -0.00795615
22.48 -0.01047574
22.49 -0.01186048
22.5 -0.01125284
22.51 -0.009724747
22.52 -0.008701838
22.53 -0.008664714
22.54 -0.008801175
22.55 -0.00878735
22.56 -0.008753729
22.57 -0.008902111
22.58 -0.01001867
22.59 -0.01141298
22.6 -0.01205252
22.61 -0.01250972
22.62 -0.01248553
22.63 -0.01223923
22.64 -0.01239267
22.65 -0.01307946
22.66 -0.01318079
22.67 -0.01351315
22.68 -0.01462014
22.69 -0.01542029
22.7 -0.01591834
22.71 -0.0164893
22.72 -0.01703306
22.73 -0.01748833
22.74 -0.01727843
22.75 -0.01536737
22.76 -0.01242887
22.77 -0.008719085
22.78 -0.005435164
22.79 -0.00330249
22.8 -0.001868871
22.81 -0.0007851852
22.82 -0.0002510069
22.83 0.0004139808
22.84 0.00123772
22.85 0.001280077
22.86 0.0007015982
22.87 -0.0007893431
22.88 -0.002824622
22.89 -0.004864212
22.9 -0.006863089
22.91 -0.00798067
22.92 -0.007879973
22.93 -0.007536664
22.94 -0.007907038
22.95 -0.008442684
22.96 -0.008747469
22.97 -0.00903001
22.98 -0.008772702
22.99 -0.007910065
23 -0.00661046
23.01 -0.005208985
23.02 -0.004078265
23.03 -0.003345443
23.04 -0.003166592
23.05 -0.002964284
23.06 -0.002534299
23.07 -0.001959249
23.08 -0.001445986
23.09 -0.0009289031
23.1 -0.0006572674
23.11 -0.0005603546
23.12 -0.0004771584
23.13 -0.000623493
23.14 -0.0005295858
23.15 0.0001227022
23.16 0.0007851637
23.17 0.001435932
23.18 0.002080216
23.19 0.002570115
23.2 0.003005963
23.21 0.003313894
23.22 0.003377068
23.23 0.003217337
23.24 0.003166586
23.25 0.003185158
23.26 0.002932066
23.27 0.002470728
23.28 0.00189054
23.29 0.001290457
23.3 0.0007341103
23.31 0.0003684645
23.32 0.0001676814
23.33 0.0001099411
23.34 0.0001072956
23.35 0.0001285565
23.36 0.0002921686
23.37 0.0005606937
23.38 0.0008276927
23.39 0.001157127
23.4 0.001485143
23.41 0.001697474
23.42 0.001788326
23.43 0.001817701
23.44 0.001809766
23.45 0.00182361
23.46 0.001806553
23.47 0.001802494
23.48 0.001812503
23.49 0.001805451
23.5 0.001782597
23.51 0.00174556
23.52 0.001675628
23.53 0.001595775
23.54 0.001517665
23.55 0.001404154
23.56 0.001268572
23.57 0.001151123
23.58 0.001081549
23.59 0.001078232
23.6 0.001103253
23.61 0.001104467
23.62 0.001097121
23.63 0.001081717
23.64 0.001069549
23.65 0.001054917
23.66 0.001031461
23.67 0.001004106
23.68 0.0009752117
23.69 0.0009478331
23.7 0.0009232571
23.71 0.0009056763
23.72 0.0008975108
23.73 0.00088971
23.74 0.0008779756
23.75 0.0008627692
23.76 0.0008440374
23.77 0.000822842
23.78 0.0008012123
23.79 0.0007799256
23.8 0.0007579009
23.81 0.0007352745
23.82 0.0007126601
23.83 0.000690857
23.84 0.0006700024
23.85 0.0006503364
23.86 0.0006316644
23.87 0.0006130804
23.88 0.0005941117
23.89 0.000574782
23.9 0.0005552622
23.91 0.0005354952
23.92 0.0005154311
23.93 0.0004950877
23.94 0.0004745127
23.95 0.0004537416
23.96 0.0004327893
23.97 0.000411657
