0 -0.0004393325
0.01 -0.0004407417
0.02 -0.0004425855
0.03 -0.0004435785
0.04 -0.000444441
0.05 -0.0004462042
0.06 -0.0004515643
0.07 -0.0004605437
0.08 -0.0004582338
0.09 -0.0004508622
0.1 -0.0004524783
0.11 -0.0004564375
0.12 -0.0004574602
0.13 -0.0004584272
0.14 -0.0004603886
0.15 -0.0004626088
0.16 -0.000466303
0.17 -0.0004705925
0.18 -0.0004732341
0.19 -0.0004751993
0.2 -0.0004775976
0.21 -0.0004801472
0.22 -0.0004826036
0.23 -0.0004851035
0.24 -0.0004876792
0.25 -0.000490303
0.26 -0.0004949822
0.27 -0.0005054218
0.28 -0.0005128558
0.29 -0.0005155156
0.3 -0.0005186456
0.31 -0.0005228425
0.32 -0.0005267901
0.33 -0.000530592
0.34 -0.0005345713
0.35 -0.0005401237
0.36 -0.0005556706
0.37 -0.0005698887
0.38 -0.0005015862
0.39 -0.0003083106
0.4 -0.0002307645
0.41 -0.0002798339
0.42 -0.0004298148
0.43 -0.0003666977
0.44 -0.0002187744
0.45 -0.0002077925
0.46 -0.0002263116
0.47 -0.0002124766
0.48 -0.0002060445
0.49 -0.0002060629
0.5 -0.0002051412
0.51 -0.0003876117
0.52 -0.0006886786
0.53 -0.0007496227
0.54 -0.0007055592
0.55 -0.0007117662
0.56 -0.0005478491
0.57 -0.0002134524
0.58 -0.000378738
0.59 -0.0004873706
0.6 -0.0006276631
0.61 -0.0008157616
0.62 -0.0008318292
0.63 -0.0007568372
0.64 -0.0004767713
0.65 -0.0006049596
0.66 -0.0007330521
0.67 -0.0002426063
0.68 1.065824e-05
0.69 -6.678672e-05
0.7 -9.152917e-05
0.71 -5.312508e-05
0.72 -5.917583e-05
0.73 -0.000103559
0.74 -0.000109096
0.75 -9.017806e-05
0.76 9.643497e-05
0.77 0.0004860579
0.78 0.0001645042
0.79 -0.0001403114
0.8 -0.0001644669
0.81 -0.0007282226
0.82 -0.001055255
0.83 -0.0006541432
0.84 -0.0008720805
0.85 -0.0002544354
0.86 0.0004510612
0.87 -0.0001734396
0.88 -0.0005662662
0.89 0.0007528101
0.9 0.001479811
0.91 0.001285679
0.92 0.001212723
0.93 0.001309238
0.94 0.000960764
0.95 7.46181e-05
0.96 -0.0002045861
0.97 -8.483358e-05
0.98 0.0001783994
0.99 0.001051007
1 0.001529177
1.01 0.001450098
1.02 0.001542899
1.03 0.002509387
1.04 0.00295143
1.05 0.001887392
1.06 0.001224054
1.07 -2.765178e-05
1.08 -0.0008392839
1.09 6.54324e-05
1.1 0.001338327
1.11 0.001702882
1.12 0.001566778
1.13 0.001271838
1.14 -0.0006845279
1.15 -0.002320929
1.16 -0.002222262
1.17 -0.001243418
1.18 -8.090471e-05
1.19 0.001017775
1.2 0.001385631
1.21 0.0006936175
1.22 0.000577444
1.23 0.0007881406
1.24 0.001595517
1.25 0.001851124
1.26 0.00173234
1.27 0.001693135
1.28 0.0009443872
1.29 -0.0001260824
1.3 0.0004930975
1.31 0.0004116969
1.32 8.552176e-05
1.33 0.0005997806
1.34 0.0008774883
1.35 0.001618697
1.36 0.001880642
1.37 0.001752709
1.38 0.001685943
1.39 0.001714393
1.4 0.001738824
1.41 0.001748619
1.42 0.001762722
1.43 0.00177816
1.44 0.001759562
1.45 0.001474934
1.46 -0.0004005878
1.47 9.181263e-05
1.48 0.001847147
1.49 0.001927576
1.5 0.001594097
1.51 0.001654174
1.52 0.001739786
1.53 0.001714645
1.54 0.0009808228
1.55 -0.0006006663
1.56 -0.001953904
1.57 -0.001447743
1.58 0.0009681522
1.59 0.001951586
1.6 0.001624158
1.61 0.001516511
1.62 0.001627943
1.63 0.001646393
1.64 0.001628521
1.65 0.001594117
1.66 0.0006519911
1.67 -0.000786444
1.68 -0.001026431
1.69 -0.0007853424
1.7 -0.0008328895
1.71 -0.0009261227
1.72 0.0001536628
1.73 0.001550406
1.74 0.001684258
1.75 0.001457999
1.76 0.001480167
1.77 0.001454006
1.78 0.001332063
1.79 0.00130778
1.8 0.0007674888
1.81 -0.0007801052
1.82 -0.00129553
1.83 0.0001051675
1.84 0.001509225
1.85 0.001515535
1.86 0.0006393305
1.87 8.257226e-06
1.88 0.001003665
1.89 0.001507133
1.9 0.001320165
1.91 0.001229401
1.92 0.0005075091
1.93 1.343488e-05
1.94 0.0008203775
1.95 -0.0005411368
1.96 -0.003359299
1.97 -0.004140669
1.98 -0.003719625
1.99 -0.003646955
2 -0.003418261
2.01 -0.001970979
2.02 -0.001060865
2.03 -0.0003155017
2.04 0.001052799
2.05 0.001412581
2.06 0.001159565
2.07 0.001015245
2.08 0.001019569
2.09 0.001038898
2.1 0.001041109
2.11 0.001046044
2.12 0.001054861
2.13 0.00106242
2.14 0.001069311
2.15 0.0008935508
2.16 -0.0007146473
2.17 -0.003337444
2.18 -0.004272854
2.19 -0.003996932
2.2 -0.003910716
2.21 -0.003988437
2.22 -0.003138303
2.23 -0.0001046434
2.24 0.002937782
2.25 0.004477909
2.26 0.003298864
2.27 0.001738367
2.28 0.002954215
2.29 0.003966545
2.3 0.001390315
2.31 0.0001820446
2.32 0.0006691279
2.33 0.0008408656
2.34 0.0007033115
2.35 0.0006199324
2.36 0.0005480313
2.37 0.0005337942
2.38 0.0005408016
2.39 -0.000167925
2.4 -0.002569
2.41 -0.004662767
2.42 -0.006309546
2.43 -0.007801086
2.44 -0.005782639
2.45 -0.003073604
2.46 -0.0007717655
2.47 0.0009895222
2.48 0.003768664
2.49 0.005590635
2.5 0.005363942
2.51 0.003962099
2.52 0.001398895
2.53 7.038467e-05
2.54 0.0002899128
2.55 0.0004697818
2.56 0.001306135
2.57 0.002476813
2.58 0.001310088
2.59 -4.81967e-06
2.6 5.468397e-05
2.61 0.0002281209
2.62 0.0001570886
2.63 0.0001325402
2.64 0.0001443242
2.65 3.66286e-05
2.66 -0.0009676781
2.67 -0.003510677
2.68 -0.004823502
2.69 -0.003293946
2.7 -0.001555238
2.71 -4.243794e-05
2.72 0.002457744
2.73 0.004921833
2.74 0.004260649
2.75 0.0008079736
2.76 -0.0006596555
2.77 -0.0001774385
2.78 1.423501e-05
2.79 -0.0001399255
2.8 -0.0002104919
2.81 -0.0001966893
2.82 -0.0001830012
2.83 -0.0001869094
2.84 -0.0002488393
2.85 -0.0003428144
2.86 -0.0003664491
2.87 -0.0003450233
2.88 -0.0006850972
2.89 -0.003260647
2.9 -0.005524162
2.91 -0.005532604
2.92 -0.005112319
2.93 -0.003953772
2.94 -0.001456464
2.95 -0.0001687275
2.96 -0.0003883334
2.97 -0.0005533968
2.98 -0.000460861
2.99 -0.000476183
3 -0.0005379528
3.01 1.41933e-05
3.02 0.001486168
3.03 0.001145832
3.04 -0.0003441261
3.05 0.0006474914
3.06 0.002030507
3.07 0.001982267
3.08 0.001745393
3.09 0.001798931
3.1 0.001747555
3.11 0.001635177
3.12 0.001032996
3.13 -0.001233292
3.14 -0.00221894
3.15 -0.0009947763
3.16 -0.0009293899
3.17 -0.002125677
3.18 -0.002234965
3.19 -0.001952835
3.2 -0.00100213
3.21 -0.0007117139
3.22 -0.0008666022
3.23 -0.0009462214
3.24 -0.001019817
3.25 -0.0008625556
3.26 0.0004933727
3.27 0.001647769
3.28 0.001608904
3.29 0.0014289
3.3 0.001401682
3.31 0.001140648
3.32 -0.0005248672
3.33 -0.00306161
3.34 -0.003860678
3.35 -0.002669289
3.36 -0.001145032
3.37 -0.0007144574
3.38 4.236648e-05
3.39 6.360366e-05
3.4 0.0007005206
3.41 0.001222868
3.42 3.660567e-05
3.43 -0.00143789
3.44 -0.001564957
3.45 -0.001296534
3.46 -0.0004777752
3.47 0.0009837295
3.48 0.00158196
3.49 0.002287671
3.5 0.002237086
3.51 0.002234606
3.52 0.00219896
3.53 0.00200658
3.54 0.001075087
3.55 0.0008354228
3.56 0.0009892233
3.57 0.0009030484
3.58 -0.0003130954
3.59 -0.002735687
3.6 -0.002761754
3.61 -0.001025829
3.62 0.0004827554
3.63 -0.0008676043
3.64 -0.003911129
3.65 -0.004052394
3.66 -0.0007896499
3.67 0.001232073
3.68 0.0001786141
3.69 -0.000804748
3.7 0.0003019705
3.71 0.0008501109
3.72 0.0006053454
3.73 0.0004765211
3.74 0.0005207655
3.75 0.0005409545
3.76 0.0003285782
3.77 -0.001405778
3.78 -0.003967284
3.79 -0.003564867
3.8 -0.0002207519
3.81 0.0009061938
3.82 0.0003639895
3.83 0.0002520027
3.84 -0.0001125671
3.85 -0.002432899
3.86 -0.004713445
3.87 -0.005065613
3.88 -0.005862408
3.89 -0.006812678
3.9 -0.005501931
3.91 -0.00368454
3.92 -0.001432383
3.93 0.002262026
3.94 0.005165938
3.95 0.005259307
3.96 0.004339032
3.97 0.002844183
3.98 0.002259806
3.99 0.002450051
4 0.002476882
4.01 0.001708165
4.02 -0.001206983
4.03 -0.002995461
4.04 -0.002738417
4.05 -0.002471832
4.06 -0.00257855
4.07 -0.00262923
4.08 -0.002626892
4.09 -0.001332061
4.1 0.0008628745
4.11 0.0003188457
4.12 -0.0005385717
4.13 -0.000439014
4.14 -0.0002867598
4.15 -0.0003658271
4.16 -0.001285116
4.17 -0.002754451
4.18 -0.003036982
4.19 -0.002804744
4.2 -0.002367253
4.21 -0.0002545409
4.22 0.001956892
4.23 0.002208164
4.24 0.001831574
4.25 0.00183087
4.26 0.001870613
4.27 0.002483074
4.28 0.003959077
4.29 0.004310647
4.3 0.002788852
4.31 0.001139858
4.32 -0.0003105267
4.33 -0.0009249406
4.34 -0.0007107782
4.35 0.0006312439
4.36 0.003393846
4.37 0.006364041
4.38 0.007453501
4.39 0.004860142
4.4 0.002378412
4.41 0.0001738569
4.42 -0.001183541
4.43 -0.001148765
4.44 -0.0003290819
4.45 0.001125106
4.46 0.001514888
4.47 0.001476006
4.48 0.002491423
4.49 0.002138982
4.5 0.0004881608
4.51 -0.001112897
4.52 -0.001353618
4.53 -0.0001407851
4.54 0.0004217483
4.55 0.002202986
4.56 0.003713798
4.57 0.00190199
4.58 -0.001229942
4.59 -0.00181769
4.6 -0.001381535
4.61 -0.0002882829
4.62 0.002593086
4.63 0.003780984
4.64 0.003191732
4.65 0.001439901
4.66 -0.001451654
4.67 -0.004418772
4.68 -0.006434433
4.69 -0.006750531
4.7 -0.00633214
4.71 -0.005055431
4.72 -0.004073499
4.73 -0.00414243
4.74 -0.004281231
4.75 -0.00325262
4.76 -0.001611106
4.77 -0.0001195179
4.78 0.0006380936
4.79 0.001197494
4.8 0.001741229
4.81 0.000783189
4.82 0.0002771659
4.83 0.001307842
4.84 0.004331733
4.85 0.00567945
4.86 0.004260202
4.87 0.002444173
4.88 0.0006587366
4.89 -0.001676391
4.9 -0.003151611
4.91 -0.003527247
4.92 -0.002525831
4.93 -0.002113635
4.94 -0.001950727
4.95 -0.001114535
4.96 -0.001737062
4.97 -0.00246945
4.98 -0.002651107
4.99 -0.003644717
5 -0.003350405
5.01 -0.001731683
5.02 -0.000123082
5.03 0.001220327
5.04 0.002314004
5.05 0.002373708
5.06 0.002180703
5.07 0.002948801
5.08 0.004385779
5.09 0.003944022
5.1 0.004738879
5.11 0.004921679
5.12 0.002611719
5.13 0.001517019
5.14 -0.0001466881
5.15 -0.002819982
5.16 -0.004030155
5.17 -0.006054497
5.18 -0.005437655
5.19 -0.003137878
5.2 -0.002735346
5.21 -0.002880379
5.22 -0.001448164
5.23 0.0001686669
5.24 0.001512506
5.25 0.001832899
5.26 0.001615897
5.27 0.001577747
5.28 0.001631041
5.29 0.001630201
5.3 0.001536323
5.31 0.0004289471
5.32 -0.000979807
5.33 -0.000789374
5.34 0.0008531877
5.35 0.000731393
5.36 -0.001024768
5.37 -0.00146514
5.38 -0.00114712
5.39 -0.001106311
5.4 -0.0005221153
5.41 0.001802808
5.42 0.003759952
5.43 0.003828181
5.44 0.003519521
5.45 0.003508777
5.46 0.003491029
5.47 0.002422925
5.48 -0.0002018806
5.49 -0.001765723
5.5 -0.001607408
5.51 -0.001415511
5.52 -0.001562101
5.53 -0.001624435
5.54 -0.001650766
5.55 -0.001750601
5.56 -0.001801264
5.57 -0.00178975
5.58 -0.001783546
5.59 -0.00178843
5.6 -0.001790085
5.61 -0.001792759
5.62 -0.0006339376
5.63 0.002352391
5.64 0.002380975
5.65 0.0004429697
5.66 -0.0002850231
5.67 -0.001437708
5.68 -0.001500053
5.69 0.0001434665
5.7 0.0005887954
5.71 0.0001830514
5.72 -0.0003174171
5.73 -0.002941184
5.74 -0.006801911
5.75 -0.007726836
5.76 -0.006961688
5.77 -0.005617744
5.78 -0.004261142
5.79 -0.00190713
5.8 0.002128613
5.81 0.006212198
5.82 0.007860246
5.83 0.008978805
5.84 0.009150143
5.85 0.006718312
5.86 0.004302237
5.87 0.001830957
5.88 -0.0003283078
5.89 -0.0009778072
5.9 -0.00292729
5.91 -0.00415605
5.92 -0.001890453
5.93 -7.001349e-05
5.94 -0.0002687035
5.95 6.015472e-06
5.96 0.001608007
5.97 0.001916706
5.98 -0.0009591101
5.99 -0.004897148
6 -0.005999297
6.01 -0.005468995
6.02 -0.004462349
6.03 -0.003070995
6.04 -0.001559555
6.05 -0.0002291143
6.06 0.001849529
6.07 0.004777263
6.08 0.006593526
6.09 0.00660961
6.1 0.006296468
6.11 0.006233573
6.12 0.00551069
6.13 0.00301982
6.14 0.0001942045
6.15 0.0001297884
6.16 0.0009385246
6.17 0.0001400092
6.18 0.000628127
6.19 0.001303814
6.2 0.001217414
6.21 0.001083124
6.22 0.0005664379
6.23 -0.0002128945
6.24 0.000680203
6.25 0.001068092
6.26 8.943537e-05
6.27 0.001754715
6.28 0.003673289
6.29 0.003548114
6.3 0.003206184
6.31 0.003296581
6.32 0.003322563
6.33 0.002627933
6.34 0.0003638289
6.35 -0.001764698
6.36 -0.002016354
6.37 -0.001718881
6.38 -0.002188651
6.39 -0.004445138
6.4 -0.007634383
6.41 -0.01047994
6.42 -0.01192428
6.43 -0.01196284
6.44 -0.01183655
6.45 -0.01183861
6.46 -0.01090387
6.47 -0.009089257
6.48 -0.006270947
6.49 -0.003474234
6.5 -0.0005844011
6.51 0.001402161
6.52 0.002648896
6.53 0.003753273
6.54 0.003468247
6.55 0.002937414
6.56 0.005053472
6.57 0.007348073
6.58 0.007295046
6.59 0.004400548
6.6 0.002050702
6.61 0.002693606
6.62 0.005290311
6.63 0.008311322
6.64 0.01095685
6.65 0.0121807
6.66 0.01252923
6.67 0.01451429
6.68 0.01682111
6.69 0.01805959
6.7 0.01778181
6.71 0.01671403
6.72 0.01642794
6.73 0.01421578
6.74 0.006474463
6.75 -0.004209501
6.76 -0.01361416
6.77 -0.01833296
6.78 -0.02057588
6.79 -0.02165638
6.8 -0.02061261
6.81 -0.01960597
6.82 -0.01647363
6.83 -0.01160042
6.84 -0.01000121
6.85 -0.01063166
6.86 -0.01106137
6.87 -0.01421295
6.88 -0.02159232
6.89 -0.02756151
6.9 -0.02684598
6.91 -0.01968662
6.92 -0.005482934
6.93 0.01305788
6.94 0.0226171
6.95 0.02274393
6.96 0.01848736
6.97 0.01150696
6.98 0.005481931
6.99 0.002559026
7 -5.258594e-05
7.01 -0.002915215
7.02 -0.005995296
7.03 -0.008873654
7.04 -0.01128181
7.05 -0.01153152
7.06 -0.01004185
7.07 -0.00497743
7.08 0.003511753
7.09 0.01241584
7.1 0.01892398
7.11 0.02011186
7.12 0.01539396
7.13 0.008222514
7.14 8.837284e-05
7.15 -0.005710963
7.16 -0.005208529
7.17 0.0002614359
7.18 0.006347054
7.19 0.01101604
7.2 0.01307172
7.21 0.013893
7.22 0.01356551
7.23 0.01264267
7.24 0.01108936
7.25 0.007001072
7.26 0.001045304
7.27 -0.005323198
7.28 -0.00812256
7.29 -0.009081333
7.3 -0.009627621
7.31 -0.009561389
7.32 -0.008326432
7.33 -0.00554339
7.34 -0.00283256
7.35 -0.002157567
7.36 -0.003186967
7.37 -0.003817399
7.38 -0.002774411
7.39 -0.002078249
7.4 -0.0008223547
7.41 0.0006498057
7.42 0.002913273
7.43 0.005814827
7.44 0.008502329
7.45 0.009999235
7.46 0.01217967
7.47 0.01715147
7.48 0.0207882
7.49 0.01969238
7.5 0.01683852
7.51 0.01074204
7.52 0.002761326
7.53 -0.001737626
7.54 -0.003739937
7.55 -0.004228918
7.56 -0.003223467
7.57 -0.002916689
7.58 -0.004287743
7.59 -0.008139042
7.6 -0.01184077
7.61 -0.01424156
7.62 -0.01397586
7.63 -0.01098645
7.64 -0.007228114
7.65 -0.002194563
7.66 0.003509561
7.67 0.005323005
7.68 0.002022744
7.69 -0.002968636
7.7 -0.006650579
7.71 -0.009224492
7.72 -0.0108511
7.73 -0.01105133
7.74 -0.01090583
7.75 -0.01138448
7.76 -0.01290364
7.77 -0.01362806
7.78 -0.01239706
7.79 -0.00968406
7.8 -0.008318674
7.81 -0.009495889
7.82 -0.01337246
7.83 -0.01712414
7.84 -0.01874642
7.85 -0.01856093
7.86 -0.01601012
7.87 -0.009274978
7.88 0.0007703197
7.89 0.01172679
7.9 0.01871173
7.91 0.02332901
7.92 0.02555782
7.93 0.02537341
7.94 0.02441401
7.95 0.02288033
7.96 0.0202199
7.97 0.01594802
7.98 0.01102815
7.99 0.005878863
8 0.002196935
8.01 -0.0003423964
8.02 -0.001863024
8.03 -0.0004154642
8.04 0.004152909
8.05 0.009539236
8.06 0.01721237
8.07 0.0236134
8.08 0.0265462
8.09 0.02866964
8.1 0.02988186
8.11 0.02835733
8.12 0.02130655
8.13 0.007503159
8.14 -0.01381194
8.15 -0.03083577
8.16 -0.03792629
8.17 -0.03918917
8.18 -0.03884866
8.19 -0.03882008
8.2 -0.03869309
8.21 -0.03590875
8.22 -0.03111383
8.23 -0.02381173
8.24 -0.01341907
8.25 -0.004125343
8.26 0.0005736866
8.27 0.0006854128
8.28 0.001406038
8.29 0.002157478
8.3 0.001311782
8.31 0.002025354
8.32 0.003823659
8.33 0.00472756
8.34 0.002892263
8.35 0.0002881897
8.36 -0.0003173927
8.37 4.689178e-05
8.38 0.001201769
8.39 0.004235998
8.4 0.009919291
8.41 0.02048677
8.42 0.03250366
8.43 0.04045484
8.44 0.04512697
8.45 0.04631532
8.46 0.04466706
8.47 0.04237226
8.48 0.03942819
8.49 0.03636864
8.5 0.03120057
8.51 0.02478998
8.52 0.01709168
8.53 0.009012485
8.54 0.003442378
8.55 0.0007562366
8.56 -0.0004218236
8.57 -0.0005615984
8.58 0.0004056207
8.59 0.003435344
8.6 0.003943202
8.61 -0.001367357
8.62 -0.01052198
8.63 -0.02089579
8.64 -0.02994768
8.65 -0.03545745
8.66 -0.03558712
8.67 -0.02898848
8.68 -0.01759341
8.69 -0.00756125
8.7 -0.001006515
8.71 0.00353558
8.72 0.003721925
8.73 0.001716085
8.74 0.001270077
8.75 0.001304702
8.76 -0.0001172638
8.77 -0.002496853
8.78 -0.006335004
8.79 -0.009672554
8.8 -0.01092391
8.81 -0.010402
8.82 -0.008725563
8.83 -0.006436381
8.84 -0.001589418
8.85 0.004627103
8.86 0.01043927
8.87 0.01512751
8.88 0.01651914
8.89 0.01511151
8.9 0.01112072
8.91 0.004146888
8.92 -0.003143332
8.93 -0.008864576
8.94 -0.01307586
8.95 -0.01569504
8.96 -0.01832891
8.97 -0.02143584
8.98 -0.02468311
8.99 -0.03026765
9 -0.03616484
9.01 -0.03928917
9.02 -0.03891304
9.03 -0.03450259
9.04 -0.02749773
9.05 -0.01738423
9.06 -0.006426794
9.07 0.0001762027
9.08 0.001796403
9.09 0.003861156
9.1 0.006020211
9.11 0.006006398
9.12 0.00382874
9.13 -8.000407e-05
9.14 -0.001735272
9.15 0.0005544162
9.16 0.006212806
9.17 0.0136893
9.18 0.01821755
9.19 0.01823958
9.2 0.01587343
9.21 0.01117654
9.22 0.005751051
9.23 0.003702821
9.24 0.005282206
9.25 0.007288914
9.26 0.009821583
9.27 0.01275579
9.28 0.01506615
9.29 0.01706947
9.3 0.01771846
9.31 0.01557956
9.32 0.01516305
9.33 0.01745421
9.34 0.01988813
9.35 0.02030931
9.36 0.01969236
9.37 0.01723293
9.38 0.01415135
9.39 0.01018023
9.4 0.004335552
9.41 -0.001696307
9.42 -0.007256715
9.43 -0.01170059
9.44 -0.01552625
9.45 -0.01771217
9.46 -0.01975753
9.47 -0.0226812
9.48 -0.02461643
9.49 -0.02562799
9.5 -0.024604
9.51 -0.02157679
9.52 -0.01858469
9.53 -0.01681575
9.54 -0.01669636
9.55 -0.01693365
9.56 -0.01696796
9.57 -0.01696462
9.58 -0.01688065
9.59 -0.01473252
9.6 -0.01031378
9.61 -0.005287012
9.62 0.0002654613
9.63 0.005254342
9.64 0.008518329
9.65 0.009913662
9.66 0.008762325
9.67 0.007320071
9.68 0.007300333
9.69 0.007563874
9.7 0.00749196
9.71 0.006087133
9.72 0.001904315
9.73 -0.003125456
9.74 -0.01003702
9.75 -0.01733276
9.76 -0.02115759
9.77 -0.02326044
9.78 -0.02421159
9.79 -0.02141916
9.8 -0.01182575
9.81 0.005490018
9.82 0.02307552
9.83 0.03536838
9.84 0.04023834
9.85 0.04106649
9.86 0.04152126
9.87 0.04154779
9.88 0.03943296
9.89 0.03412316
9.9 0.02923295
9.91 0.02506046
9.92 0.02088993
9.93 0.016554
9.94 0.01442753
9.95 0.01586733
9.96 0.01870174
9.97 0.0197842
9.98 0.01888537
9.99 0.01705021
10 0.01332295
10.01 0.006199151
10.02 -0.003238746
10.03 -0.01330518
10.04 -0.0228201
10.05 -0.02949471
10.06 -0.03492588
10.07 -0.04161522
10.08 -0.04753506
10.09 -0.05253096
10.1 -0.05377448
10.11 -0.04976327
10.12 -0.04111227
10.13 -0.02657857
10.14 -0.0100762
10.15 0.0009832122
10.16 0.009418645
10.17 0.01928809
10.18 0.02730119
10.19 0.03103546
10.2 0.03199014
10.21 0.03375896
10.22 0.03483416
10.23 0.03125838
10.24 0.02563618
10.25 0.0152735
10.26 -0.00079607
10.27 -0.01615582
10.28 -0.02630951
10.29 -0.03113734
10.3 -0.03219999
10.31 -0.03013913
10.32 -0.02516133
10.33 -0.01798972
10.34 -0.0108044
10.35 -0.00839468
10.36 -0.00941842
10.37 -0.01224028
10.38 -0.01477433
10.39 -0.01536682
10.4 -0.01429117
10.41 -0.01281402
10.42 -0.01256342
10.43 -0.01314698
10.44 -0.01465525
10.45 -0.01548839
10.46 -0.01530923
10.47 -0.0148856
10.48 -0.01219924
10.49 -0.007788286
10.5 -0.002407203
10.51 0.004186012
10.52 0.009872943
10.53 0.01395508
10.54 0.01448656
10.55 0.01391789
10.56 0.01283242
10.57 0.009875095
10.58 0.006659965
10.59 0.003172048
10.6 0.002842674
10.61 0.005134461
10.62 0.01020442
10.63 0.01851314
10.64 0.02630052
10.65 0.03292424
10.66 0.03786181
10.67 0.03932342
10.68 0.03900262
10.69 0.03571447
10.7 0.0318577
10.71 0.02768017
10.72 0.0223041
10.73 0.01779004
10.74 0.01291315
10.75 0.007121729
10.76 0.002445447
10.77 -0.0004036247
10.78 -0.002705289
10.79 -0.004192548
10.8 -0.005519561
10.81 -0.004985857
10.82 -0.001935433
10.83 0.003757733
10.84 0.009361726
10.85 0.01363554
10.86 0.0167865
10.87 0.01641806
10.88 0.00975979
10.89 -0.0001301263
10.9 -0.01230313
10.91 -0.02347677
10.92 -0.03099657
10.93 -0.03766359
10.94 -0.0448944
10.95 -0.05185277
10.96 -0.05710251
10.97 -0.05972382
10.98 -0.05898737
10.99 -0.05591333
11 -0.05105516
11.01 -0.04433909
11.02 -0.03913769
11.03 -0.03584202
11.04 -0.0368949
11.05 -0.04125666
11.06 -0.04292275
11.07 -0.03957525
11.08 -0.03058961
11.09 -0.01759871
11.1 0.001021532
11.11 0.02081345
11.12 0.03597658
11.13 0.04422414
11.14 0.04714357
11.15 0.04949794
11.16 0.04943866
11.17 0.04528913
11.18 0.04072447
11.19 0.03741435
11.2 0.03397085
11.21 0.03190693
11.22 0.02972488
11.23 0.02694136
11.24 0.02529167
11.25 0.02401916
11.26 0.02264583
11.27 0.02113399
11.28 0.02046241
11.29 0.01806635
11.3 0.01359564
11.31 0.008976241
11.32 0.006120567
11.33 0.005029312
11.34 0.004018431
11.35 0.004618161
11.36 0.004681214
11.37 0.003722275
11.38 0.003542285
11.39 0.003647448
11.4 0.002410244
11.41 -0.0007373045
11.42 -0.005574373
11.43 -0.01146133
11.44 -0.01791495
11.45 -0.02694722
11.46 -0.0387535
11.47 -0.04827009
11.48 -0.05098745
11.49 -0.04899127
11.5 -0.04247192
11.51 -0.02947269
11.52 -0.01470437
11.53 -0.005191013
11.54 -0.002195538
11.55 9.576085e-05
11.56 0.003196661
11.57 0.009163311
11.58 0.01830215
11.59 0.02976697
11.6 0.03935981
11.61 0.04192035
11.62 0.03633153
11.63 0.02506603
11.64 0.01009174
11.65 -0.001177237
11.66 -0.005650218
11.67 -0.005006117
11.68 0.0008663651
11.69 0.008585235
11.7 0.01685035
11.71 0.02512605
11.72 0.0325051
11.73 0.03818472
11.74 0.04135727
11.75 0.04145357
11.76 0.03672889
11.77 0.02475019
11.78 0.005935306
11.79 -0.01486249
11.8 -0.03028814
11.81 -0.03769711
11.82 -0.04056281
11.83 -0.04026664
11.84 -0.0384924
11.85 -0.03786293
11.86 -0.04013326
11.87 -0.04587948
11.88 -0.053115
11.89 -0.0580439
11.9 -0.05983942
11.91 -0.05841545
11.92 -0.05508624
11.93 -0.05161512
11.94 -0.04593513
11.95 -0.03685097
11.96 -0.01936603
11.97 0.005920676
11.98 0.02823585
11.99 0.04820113
12 0.06525975
12.01 0.07568454
12.02 0.0820139
12.03 0.08536464
12.04 0.08406905
12.05 0.07376098
12.06 0.05727809
12.07 0.0357015
12.08 0.01328193
12.09 0.0004023158
12.1 -0.001651869
12.11 0.002630005
12.12 0.01063495
12.13 0.01886895
12.14 0.02342431
12.15 0.02451489
12.16 0.02377871
12.17 0.01905712
12.18 0.009414602
12.19 -0.004895914
12.2 -0.01686827
12.21 -0.02244692
12.22 -0.02007981
12.23 -0.01155143
12.24 0.0007692591
12.25 0.01535944
12.26 0.02593793
12.27 0.02959883
12.28 0.02708673
12.29 0.01964252
12.3 0.007112425
12.31 -0.0087672
12.32 -0.02724598
12.33 -0.0493078
12.34 -0.07143935
12.35 -0.08607603
12.36 -0.09099271
12.37 -0.0858796
12.38 -0.06430748
12.39 -0.02521893
12.4 0.01266884
12.41 0.02977551
12.42 0.02913136
12.43 0.0194833
12.44 0.005985396
12.45 -0.00175843
12.46 -0.0009733828
12.47 0.005851271
12.48 0.01764565
12.49 0.02960927
12.5 0.03450465
12.51 0.02908903
12.52 0.0152349
12.53 -0.003382329
12.54 -0.02014198
12.55 -0.03096418
12.56 -0.03402197
12.57 -0.03177275
12.58 -0.02336644
12.59 -0.008252772
12.6 0.01072354
12.61 0.03050281
12.62 0.0463648
12.63 0.05564919
12.64 0.06109168
12.65 0.06356665
12.66 0.06184928
12.67 0.05504848
12.68 0.04378631
12.69 0.02775124
12.7 0.007058405
12.71 -0.0124662
12.72 -0.02683238
12.73 -0.03844611
12.74 -0.04545535
12.75 -0.04617655
12.76 -0.04534958
12.77 -0.04542441
12.78 -0.04534249
12.79 -0.04431186
12.8 -0.04554918
12.81 -0.05052409
12.82 -0.0586224
12.83 -0.0646666
12.84 -0.06532517
12.85 -0.06127529
12.86 -0.05076929
12.87 -0.03701042
12.88 -0.02471974
12.89 -0.0113143
12.9 0.005600032
12.91 0.02290263
12.92 0.04162135
12.93 0.05569841
12.94 0.06146403
12.95 0.0604248
12.96 0.055697
12.97 0.0505116
12.98 0.04334539
12.99 0.03639205
13 0.03292105
13.01 0.02882336
13.02 0.02095431
13.03 0.01118706
13.04 0.001041675
13.05 -0.006613936
13.06 -0.00943165
13.07 -0.007944141
13.08 -0.001708703
13.09 0.00719889
13.1 0.01497449
13.11 0.01847935
13.12 0.01747509
13.13 0.01207125
13.14 0.005136193
13.15 -0.0005336447
13.16 -0.002953916
13.17 -0.0007399459
13.18 0.001445025
13.19 0.003597839
13.2 0.007892469
13.21 0.01085442
13.22 0.009885509
13.23 0.007644135
13.24 0.004143497
13.25 -0.002343967
13.26 -0.01128511
13.27 -0.02006996
13.28 -0.02837146
13.29 -0.03464005
13.3 -0.04006664
13.31 -0.04578227
13.32 -0.05085902
13.33 -0.05220539
13.34 -0.04923213
13.35 -0.04213258
13.36 -0.02901002
13.37 -0.01593993
13.38 -0.007551912
13.39 -0.003105604
13.4 -0.001229259
13.41 0.001530425
13.42 0.006538433
13.43 0.01636315
13.44 0.03210073
13.45 0.04664111
13.46 0.05662006
13.47 0.06279173
13.48 0.06494097
13.49 0.06350911
13.5 0.05663676
13.51 0.04210535
13.52 0.02322605
13.53 0.005897454
13.54 -0.007139174
13.55 -0.01492738
13.56 -0.01925354
13.57 -0.01979317
13.58 -0.009914138
13.59 0.01183057
13.6 0.03404995
13.61 0.05000007
13.62 0.05802622
13.63 0.05840093
13.64 0.04792379
13.65 0.02419138
13.66 -0.003210277
13.67 -0.02163653
13.68 -0.0278178
13.69 -0.02746279
13.7 -0.0259472
13.71 -0.02614655
13.72 -0.02879008
13.73 -0.03458705
13.74 -0.04218817
13.75 -0.04829632
13.76 -0.05055412
13.77 -0.04591076
13.78 -0.03370004
13.79 -0.01847149
13.8 -0.004028304
13.81 0.008804632
13.82 0.01835877
13.83 0.02317244
13.84 0.02491239
13.85 0.02529217
13.86 0.02526051
13.87 0.0249925
13.88 0.02167993
13.89 0.01351495
13.9 0.002063951
13.91 -0.008359818
13.92 -0.01543327
13.93 -0.0195633
13.94 -0.02236285
13.95 -0.02392837
13.96 -0.02247306
13.97 -0.018211
13.98 -0.01334147
13.99 -0.006717083
14 0.001672835
14.01 0.00806221
14.02 0.01121045
14.03 0.01361798
14.04 0.01526214
14.05 0.01365758
14.06 0.009019384
14.07 0.005506692
14.08 0.004387601
14.09 0.003220733
14.1 0.001623951
14.11 -0.0003626737
14.12 -0.005620983
14.13 -0.01259392
14.14 -0.01923372
14.15 -0.02521804
14.16 -0.02952504
14.17 -0.03149869
14.18 -0.0304494
14.19 -0.0264522
14.2 -0.02366544
14.21 -0.0224648
14.22 -0.01997288
14.23 -0.01640819
14.24 -0.01201015
14.25 -0.007664819
14.26 -0.003396867
14.27 -6.623117e-05
14.28 0.004310576
14.29 0.01131839
14.3 0.01722099
14.31 0.01902226
14.32 0.01878001
14.33 0.01729132
14.34 0.01381801
14.35 0.008813791
14.36 0.007096592
14.37 0.008665654
14.38 0.01270872
14.39 0.01958043
14.4 0.02675649
14.41 0.03146512
14.42 0.0324393
14.43 0.03020152
14.44 0.02575713
14.45 0.01941629
14.46 0.01123836
14.47 0.004372165
14.48 -0.0003458286
14.49 -0.003326472
14.5 -0.004650943
14.51 -0.004995361
14.52 -0.006301392
14.53 -0.007220316
14.54 -0.007176932
14.55 -0.00820525
14.56 -0.01106847
14.57 -0.01425297
14.58 -0.0166438
14.59 -0.01788012
14.6 -0.01912317
14.61 -0.01946585
14.62 -0.01798157
14.63 -0.01593838
14.64 -0.01193003
14.65 -0.006673906
14.66 -0.002288093
14.67 0.001626021
14.68 0.004417709
14.69 0.005262201
14.7 0.005046138
14.71 0.004971049
14.72 0.004863231
14.73 0.002572321
14.74 -0.0006374779
14.75 -0.004595996
14.76 -0.00904351
14.77 -0.01192303
14.78 -0.01436687
14.79 -0.01455696
14.8 -0.01114165
14.81 -0.00600701
14.82 0.0006663824
14.83 0.007668482
14.84 0.01348075
14.85 0.01670026
14.86 0.01887769
14.87 0.0197389
14.88 0.02024898
14.89 0.02257582
14.9 0.02458092
14.91 0.02419463
14.92 0.02114229
14.93 0.01710494
14.94 0.008295918
14.95 -0.004723617
14.96 -0.01663836
14.97 -0.02364686
14.98 -0.02704834
14.99 -0.02851135
15 -0.02604091
15.01 -0.02111739
15.02 -0.01644593
15.03 -0.01109574
15.04 -0.005422009
15.05 0.0003410712
15.06 0.006121823
15.07 0.01168286
15.08 0.01477848
15.09 0.0150262
15.1 0.01557692
15.11 0.01399399
15.12 0.009347475
15.13 0.004519168
15.14 -0.001625373
15.15 -0.006214888
15.16 -0.008994723
15.17 -0.01033597
15.18 -0.009381948
15.19 -0.006421402
15.2 -0.001773861
15.21 0.005340658
15.22 0.01378762
15.23 0.02036899
15.24 0.02490957
15.25 0.02806665
15.26 0.03155177
15.27 0.03229406
15.28 0.02873857
15.29 0.02380047
15.3 0.02020969
15.31 0.01519823
15.32 0.006692569
15.33 -0.002077161
15.34 -0.008067762
15.35 -0.01192955
15.36 -0.01712875
15.37 -0.02416894
15.38 -0.02999807
15.39 -0.03418311
15.4 -0.03696911
15.41 -0.03733979
15.42 -0.03474456
15.43 -0.02899604
15.44 -0.02188582
15.45 -0.01661684
15.46 -0.01323962
15.47 -0.01240894
15.48 -0.01288219
15.49 -0.01437177
15.5 -0.01694245
15.51 -0.01864836
15.52 -0.01993635
15.53 -0.0203182
15.54 -0.01907515
15.55 -0.01713127
15.56 -0.0138897
15.57 -0.01008319
15.58 -0.00633313
15.59 -0.0001541364
15.6 0.007288355
15.61 0.01303892
15.62 0.01657173
15.63 0.01857984
15.64 0.01821617
15.65 0.01538046
15.66 0.0115453
15.67 0.004296245
15.68 -0.003658472
15.69 -0.008698157
15.7 -0.0106349
15.71 -0.01065583
15.72 -0.009999784
15.73 -0.006549213
15.74 7.039983e-05
15.75 0.006880495
15.76 0.01169538
15.77 0.0177597
15.78 0.02398259
15.79 0.02987273
15.8 0.03469597
15.81 0.03788994
15.82 0.03623625
15.83 0.02960924
15.84 0.01859263
15.85 0.006428253
15.86 -0.00160881
15.87 -0.004683948
15.88 -0.005706585
15.89 -0.005933268
15.9 -0.005936714
15.91 -0.005932987
15.92 -0.005937288
15.93 -0.00593692
15.94 -0.005729689
15.95 -0.004004039
15.96 -0.001478533
15.97 -0.0007455675
15.98 -0.002125959
15.99 -0.006073579
16 -0.01256264
16.01 -0.0220766
16.02 -0.03110569
16.03 -0.03640224
16.04 -0.03791548
16.05 -0.03615901
16.06 -0.03140396
16.07 -0.02494235
16.08 -0.0168932
16.09 -0.009045059
16.1 -0.003030624
16.11 0.002477601
16.12 0.008202897
16.13 0.01399609
16.14 0.01831624
16.15 0.02084223
16.16 0.02345535
16.17 0.02654176
16.18 0.0280027
16.19 0.0257329
16.2 0.02303685
16.21 0.02064294
16.22 0.01674658
16.23 0.01373982
16.24 0.01309996
16.25 0.01344711
16.26 0.01452108
16.27 0.01697416
16.28 0.01849774
16.29 0.01839693
16.3 0.01818728
16.31 0.01825905
16.32 0.01840504
16.33 0.01971021
16.34 0.02294703
16.35 0.0279582
16.36 0.0324721
16.37 0.03413443
16.38 0.0339325
16.39 0.03235974
16.4 0.02862013
16.41 0.02247288
16.42 0.01463368
16.43 0.006024943
16.44 -0.000346827
16.45 -0.005685803
16.46 -0.01236804
16.47 -0.02140435
16.48 -0.03047184
16.49 -0.04154236
16.5 -0.05322725
16.51 -0.06292989
16.52 -0.07056302
16.53 -0.07507197
16.54 -0.07620595
16.55 -0.0740242
16.56 -0.06634129
16.57 -0.05423086
16.58 -0.03801886
16.59 -0.02232593
16.6 -0.01287768
16.61 -0.009697212
16.62 -0.01012895
16.63 -0.01032236
16.64 -0.01088227
16.65 -0.00959368
16.66 -0.006314281
16.67 -0.002601795
16.68 0.002461585
16.69 0.006993979
16.7 0.01107175
16.71 0.0131767
16.72 0.01288539
16.73 0.01094226
16.74 0.008495546
16.75 0.007802143
16.76 0.008117704
16.77 0.008171927
16.78 0.008309653
16.79 0.009305931
16.8 0.008127218
16.81 0.004874723
16.82 0.001911825
16.83 0.0005428833
16.84 0.0002764942
16.85 -0.0006141202
16.86 -1.67006e-05
16.87 0.0008405044
16.88 0.0006225957
16.89 -0.0007230669
16.9 -0.001900137
16.91 -0.001478889
16.92 0.0003082196
16.93 0.002718106
16.94 0.005642144
16.95 0.008880639
16.96 0.01262417
16.97 0.01511683
16.98 0.01548795
16.99 0.01501619
17 0.01277556
17.01 0.01030607
17.02 0.01014356
17.03 0.01057746
17.04 0.01139767
17.05 0.01485354
17.06 0.01922145
17.07 0.02062246
17.08 0.02017265
17.09 0.01998102
17.1 0.01816805
17.11 0.01307456
17.12 0.009354729
17.13 0.006753039
17.14 0.004579889
17.15 0.002379592
17.16 0.0004909043
17.17 -0.001070227
17.18 -0.00374828
17.19 -0.006443499
17.2 -0.006485203
17.21 -0.003670907
17.22 0.001251441
17.23 0.00705686
17.24 0.01193983
17.25 0.01649557
17.26 0.01812305
17.27 0.01760409
17.28 0.01627395
17.29 0.01366818
17.3 0.01060806
17.31 0.007682734
17.32 0.004767108
17.33 0.00110592
17.34 -0.002271334
17.35 -0.005636574
17.36 -0.01115889
17.37 -0.01730706
17.38 -0.02223154
17.39 -0.02522043
17.4 -0.02653862
17.41 -0.02632338
17.42 -0.02478692
17.43 -0.02212992
17.44 -0.01543467
17.45 -0.006084428
17.46 0.003107295
17.47 0.01248195
17.48 0.02029689
17.49 0.02521852
17.5 0.02828331
17.51 0.03090355
17.52 0.03353143
17.53 0.03426891
17.54 0.03081484
17.55 0.02537486
17.56 0.01778377
17.57 0.008970805
17.58 0.001591953
17.59 -0.003340318
17.6 -0.00540091
17.61 -0.005885872
17.62 -0.00391333
17.63 -0.0006633977
17.64 0.002256546
17.65 0.004598855
17.66 0.004305336
17.67 0.0003705492
17.68 -0.003444871
17.69 -0.00714752
17.7 -0.01121249
17.71 -0.01395292
17.72 -0.01459145
17.73 -0.0143025
17.74 -0.01333747
17.75 -0.01201019
17.76 -0.01149143
17.77 -0.01021228
17.78 -0.009224891
17.79 -0.008374613
17.8 -0.005734119
17.81 -0.001060805
17.82 0.00438147
17.83 0.008185654
17.84 0.01063199
17.85 0.01123382
17.86 0.008521729
17.87 0.003813043
17.88 -0.0006104723
17.89 -0.004839105
17.9 -0.00817077
17.91 -0.009549986
17.92 -0.007924841
17.93 -0.005153803
17.94 -0.003052719
17.95 0.0005899913
17.96 0.00526606
17.97 0.01045593
17.98 0.01374823
17.99 0.01700407
18 0.02051645
18.01 0.02345797
18.02 0.02605916
18.03 0.0273459
18.04 0.02724931
18.05 0.02770716
18.06 0.02935509
18.07 0.03091017
18.08 0.03254557
18.09 0.03539806
18.1 0.03720649
18.11 0.03693974
18.12 0.03473721
18.13 0.03047463
18.14 0.02527569
18.15 0.01911794
18.16 0.01176682
18.17 0.005309189
18.18 -0.0002052982
18.19 -0.00593433
18.2 -0.01154396
18.21 -0.01523176
18.22 -0.01862872
18.23 -0.02277234
18.24 -0.02469001
18.25 -0.02440129
18.26 -0.02415768
18.27 -0.02432483
18.28 -0.02539697
18.29 -0.02678658
18.3 -0.02695322
18.31 -0.02672107
18.32 -0.02675692
18.33 -0.02686765
18.34 -0.0268724
18.35 -0.0268496
18.36 -0.02684926
18.37 -0.0267883
18.38 -0.0250248
18.39 -0.02209903
18.4 -0.02127852
18.41 -0.01995681
18.42 -0.01679981
18.43 -0.01282918
18.44 -0.009631549
18.45 -0.007899196
18.46 -0.005323394
18.47 -0.002092241
18.48 0.000730353
18.49 0.002496748
18.5 0.00266833
18.51 0.002752958
18.52 0.004203546
18.53 0.00579213
18.54 0.006372418
18.55 0.006176619
18.56 0.005700302
18.57 0.004468839
18.58 0.0022615
18.59 3.256914e-05
18.6 -0.001557597
18.61 -0.003868386
18.62 -0.005218019
18.63 -0.005116095
18.64 -0.005697067
18.65 -0.007115138
18.66 -0.006360793
18.67 -0.004526968
18.68 -0.002987262
18.69 -0.001566796
18.7 0.001843979
18.71 0.006366425
18.72 0.009472692
18.73 0.01209171
18.74 0.01439152
18.75 0.01467005
18.76 0.01218383
18.77 0.009057621
18.78 0.005717547
18.79 0.002042242
18.8 -0.0009087251
18.81 -0.002803514
18.82 -0.005188945
18.83 -0.007827855
18.84 -0.009500543
18.85 -0.01010386
18.86 -0.01084578
18.87 -0.01326657
18.88 -0.01506748
18.89 -0.01501345
18.9 -0.01474193
18.91 -0.01484329
18.92 -0.01579137
18.93 -0.01738812
18.94 -0.01924599
18.95 -0.02172111
18.96 -0.02319226
18.97 -0.02508792
18.98 -0.02700286
18.99 -0.02596645
19 -0.02299438
19.01 -0.02182018
19.02 -0.02098639
19.03 -0.01811236
19.04 -0.01672352
19.05 -0.01477631
19.06 -0.01243553
19.07 -0.0122173
19.08 -0.01256937
19.09 -0.01170261
19.1 -0.01135391
19.11 -0.0124659
19.12 -0.01283849
19.13 -0.0131957
19.14 -0.01466548
19.15 -0.01534436
19.16 -0.01515272
19.17 -0.01471818
19.18 -0.0132539
19.19 -0.01165548
19.2 -0.009454004
19.21 -0.007526374
19.22 -0.005902983
19.23 -0.002833404
19.24 0.001734684
19.25 0.005394004
19.26 0.008038153
19.27 0.01053545
19.28 0.01191209
19.29 0.01188369
19.3 0.01170558
19.31 0.01175415
19.32 0.01178619
19.33 0.01176762
19.34 0.01176161
19.35 0.01175817
19.36 0.01110615
19.37 0.0087039
19.38 0.00665354
19.39 0.00634217
19.4 0.004959195
19.41 0.002371181
19.42 0.001503291
19.43 0.001849896
19.44 0.002056129
19.45 0.003174891
19.46 0.004771384
19.47 0.006776464
19.48 0.009651048
19.49 0.01267991
19.5 0.01647899
19.51 0.01965016
19.52 0.0224197
19.53 0.02399225
19.54 0.02382947
19.55 0.02275933
19.56 0.02254436
19.57 0.02346085
19.58 0.0227362
19.59 0.02293749
19.6 0.023111
19.61 0.02254106
19.62 0.02330867
19.63 0.02379319
19.64 0.02364015
19.65 0.02356202
19.66 0.0235071
19.67 0.02143431
19.68 0.01837353
19.69 0.01639445
19.7 0.01337
19.71 0.007979845
19.72 0.002099354
19.73 -0.003508494
19.74 -0.009065613
19.75 -0.01326344
19.76 -0.01558143
19.77 -0.01602212
19.78 -0.01571471
19.79 -0.01435589
19.8 -0.01152653
19.81 -0.008014312
19.82 -0.004303278
19.83 -0.001431454
19.84 0.002930931
19.85 0.006278537
19.86 0.006392841
19.87 0.005884126
19.88 0.005247793
19.89 0.002968222
19.9 0.0009788277
19.91 0.0008172192
19.92 0.001095213
19.93 0.00163905
19.94 0.0038999
19.95 0.006974835
19.96 0.008767414
19.97 0.0101949
19.98 0.01208427
19.99 0.01153042
20 0.01043967
20.01 0.009356716
20.02 0.006790788
20.03 0.004001074
20.04 0.002577485
20.05 0.001242835
20.06 -0.0002447256
20.07 -0.001735688
20.08 -0.003486958
20.09 -0.005894065
20.1 -0.006930592
20.11 -0.006672255
20.12 -0.005507518
20.13 -0.002699693
20.14 0.001685535
20.15 0.005697038
20.16 0.008430758
20.17 0.01019127
20.18 0.0104812
20.19 0.01005476
20.2 0.00864872
20.21 0.007153889
20.22 0.005715987
20.23 0.005123834
20.24 0.005367771
20.25 0.006968082
20.26 0.009511176
20.27 0.01104988
20.28 0.01303622
20.29 0.01498266
20.3 0.01500838
20.31 0.01317906
20.32 0.01015408
20.33 0.007003497
20.34 0.004129644
20.35 0.001412232
20.36 -0.0002451796
20.37 -0.001591733
20.38 -0.002453709
20.39 -0.003174005
20.4 -0.004607094
20.41 -0.005057506
20.42 -0.004835445
20.43 -0.004373131
20.44 -0.002998093
20.45 -0.003254183
20.46 -0.00611626
20.47 -0.009367081
20.48 -0.01184674
20.49 -0.01371959
20.5 -0.01659242
20.51 -0.01961155
20.52 -0.02233379
20.53 -0.02429917
20.54 -0.02649795
20.55 -0.02614233
20.56 -0.0219718
20.57 -0.01710743
20.58 -0.01148864
20.59 -0.004273267
20.6 0.001097793
20.61 0.001347901
20.62 -0.0005726735
20.63 -0.005366458
20.64 -0.01003952
20.65 -0.01240824
20.66 -0.01412138
20.67 -0.01692127
20.68 -0.01595533
20.69 -0.01280109
20.7 -0.01168082
20.71 -0.009332608
20.72 -0.007565139
20.73 -0.006781079
20.74 -0.004561901
20.75 -0.002930123
20.76 -0.002249084
20.77 0.00163799
20.78 0.006404305
20.79 0.008328488
20.8 0.01023375
20.81 0.01163735
20.82 0.01247088
20.83 0.01535176
20.84 0.01770866
20.85 0.01984446
20.86 0.02150569
20.87 0.02321277
20.88 0.02547136
20.89 0.0262298
20.9 0.02574944
20.91 0.0233212
20.92 0.02074793
20.93 0.019726
20.94 0.01594086
20.95 0.01120014
20.96 0.008387712
20.97 0.005800962
20.98 0.001871018
20.99 -0.004026302
21 -0.01007595
21.01 -0.01559847
21.02 -0.01888726
21.03 -0.02048706
21.04 -0.02266819
21.05 -0.02305749
21.06 -0.02048533
21.07 -0.01825804
21.08 -0.01690736
21.09 -0.01428132
21.1 -0.01112197
21.11 -0.008216733
21.12 -0.005453311
21.13 -0.003911623
21.14 -0.003940235
21.15 -0.004657392
21.16 -0.006761977
21.17 -0.008925948
21.18 -0.009336028
21.19 -0.009145242
21.2 -0.009169421
21.21 -0.008258361
21.22 -0.004442699
21.23 -0.0005108381
21.24 0.003259913
21.25 0.007189089
21.26 0.01057915
21.27 0.01532162
21.28 0.01972276
21.29 0.02134237
21.3 0.02101978
21.31 0.019383
21.32 0.01502637
21.33 0.007455491
21.34 -0.001239142
21.35 -0.008562495
21.36 -0.01212161
21.37 -0.01574322
21.38 -0.01969147
21.39 -0.02187679
21.4 -0.02203634
21.41 -0.02180195
21.42 -0.02159094
21.43 -0.01983972
21.44 -0.01741069
21.45 -0.01678787
21.46 -0.01702126
21.47 -0.0157483
21.48 -0.0127722
21.49 -0.009233283
21.5 -0.004219463
21.51 0.0007460233
21.52 0.003837758
21.53 0.00618774
21.54 0.007277627
21.55 0.007106328
21.56 0.006947088
21.57 0.007003498
21.58 0.007155771
21.59 0.008679991
21.6 0.01123018
21.61 0.01146361
21.62 0.008764201
21.63 0.006436787
21.64 0.003594008
21.65 -0.00132479
21.66 -0.003605318
21.67 -0.004476712
21.68 -0.007280482
21.69 -0.008440951
21.7 -0.008011997
21.71 -0.007871816
21.72 -0.008008343
21.73 -0.008173952
21.74 -0.01002921
21.75 -0.01155552
21.76 -0.009184865
21.77 -0.005657173
21.78 -0.002714094
21.79 0.0008078217
21.8 0.004733907
21.81 0.006695441
21.82 0.006482485
21.83 0.005221253
21.84 0.001447657
21.85 -0.002168782
21.86 -0.002604056
21.87 -0.001220559
21.88 -0.0009640249
21.89 -0.001262846
21.9 -0.002028161
21.91 -0.003612893
21.92 -0.005559215
21.93 -0.009778173
21.94 -0.01542399
21.95 -0.0192045
21.96 -0.02088202
21.97 -0.02119486
21.98 -0.02226405
21.99 -0.02354795
22 -0.02365656
22.01 -0.02482193
22.02 -0.02794241
22.03 -0.02871473
22.04 -0.0252442
22.05 -0.01962061
22.06 -0.01484616
22.07 -0.008606795
22.08 -0.002065182
22.09 0.003417244
22.1 0.006026097
22.11 0.005868304
22.12 0.006075468
22.13 0.008368977
22.14 0.01053273
22.15 0.01069321
22.16 0.01008577
22.17 0.008624215
22.18 0.007107772
22.19 0.005709544
22.2 0.006141456
22.21 0.006509971
22.22 0.005511865
22.23 0.006069087
22.24 0.009979282
22.25 0.01207226
22.26 0.01176461
22.27 0.01362656
22.28 0.01529514
22.29 0.0151343
22.3 0.01479096
22.31 0.01484752
22.32 0.01490303
22.33 0.01487321
22.34 0.01485953
22.35 0.01486248
22.36 0.01482648
22.37 0.01476066
22.38 0.01474319
22.39 0.01473771
22.4 0.01517739
22.41 0.01740105
22.42 0.01962102
22.43 0.01979929
22.44 0.01936102
22.45 0.01936657
22.46 0.01944238
22.47 0.01866487
22.48 0.01699761
22.49 0.01525579
22.5 0.01267463
22.51 0.01008539
22.52 0.00926114
22.53 0.007881159
22.54 0.004707305
22.55 0.001531861
22.56 -0.0008622991
22.57 -0.00299044
22.58 -0.005084249
22.59 -0.005567182
22.6 -0.005284004
22.61 -0.00525466
22.62 -0.005322519
22.63 -0.004692442
22.64 -0.002289953
22.65 0.0008800425
22.66 0.003751914
22.67 0.006185081
22.68 0.007588592
22.69 0.008903783
22.7 0.009363514
22.71 0.008112637
22.72 0.006432449
22.73 0.004574642
22.74 0.002369603
22.75 0.001625337
22.76 0.001780199
22.77 0.001814203
22.78 0.001754386
22.79 0.00175431
22.8 0.001767737
22.81 0.001764704
22.82 0.001761196
22.83 0.001763139
22.84 0.002442259
22.85 0.005374397
22.86 0.007100414
22.87 0.006785664
22.88 0.006348657
22.89 0.004855742
22.9 0.002264369
22.91 0.001313295
22.92 0.001640443
22.93 0.001747949
22.94 0.001648739
22.95 0.0009481042
22.96 -0.002019318
22.97 -0.003814308
22.98 -0.004477266
22.99 -0.006811603
23 -0.008586069
23.01 -0.008508615
23.02 -0.008181905
23.03 -0.006653735
23.04 -0.003813402
23.05 -0.003114591
23.06 -0.00357125
23.07 -0.003619837
23.08 -0.00350194
23.09 -0.003509297
23.1 -0.003534406
23.11 -0.003536548
23.12 -0.003586766
23.13 -0.003628623
23.14 -0.003623778
23.15 -0.003794436
23.16 -0.006086376
23.17 -0.008680077
23.18 -0.008841931
23.19 -0.007817163
23.2 -0.005437599
23.21 -0.003489631
23.22 -0.003214829
23.23 -0.002192474
23.24 -0.001705598
23.25 -0.003225388
23.26 -0.003982499
23.27 -0.003906712
23.28 -0.005136424
23.29 -0.00591432
23.3 -0.004345472
23.31 -0.003398825
23.32 -0.002719264
23.33 -0.00125409
23.34 0.0007498771
23.35 0.003072263
23.36 0.004484342
23.37 0.005774836
23.38 0.007229469
23.39 0.008390877
23.4 0.00847404
23.41 0.008303786
23.42 0.008327806
23.43 0.008368172
23.44 0.008352734
23.45 0.008573315
23.46 0.01002269
23.47 0.01098785
23.48 0.01080031
23.49 0.009616544
23.5 0.008048243
23.51 0.006164038
23.52 0.003790811
23.53 0.002287799
23.54 0.00019558
23.55 -0.001936481
23.56 -0.004677448
23.57 -0.006826482
23.58 -0.00679674
23.59 -0.004974305
23.6 -0.001994107
23.61 -0.0009035559
23.62 0.001210211
23.63 0.004236259
23.64 0.007350581
23.65 0.009228707
23.66 0.009351745
23.67 0.007948069
23.68 0.005917222
23.69 0.003623117
23.7 0.002883412
23.71 0.003030891
23.72 0.002106567
23.73 0.00175942
23.74 0.001296695
23.75 -1.68729e-05
23.76 -0.001566424
23.77 -0.002216489
23.78 -0.004312247
23.79 -0.007096487
23.8 -0.008775917
23.81 -0.009308612
23.82 -0.00919957
23.83 -0.009031834
23.84 -0.007942007
23.85 -0.007095242
23.86 -0.008427341
23.87 -0.01011178
23.88 -0.01147491
23.89 -0.01179805
23.9 -0.01164736
23.91 -0.01173214
23.92 -0.01185238
23.93 -0.01180476
23.94 -0.01080068
23.95 -0.008118172
23.96 -0.005221287
23.97 -0.003755836
23.98 -0.001998039
23.99 0.0009912054
24 0.003994249
24.01 0.005482351
24.02 0.005980874
24.03 0.008723357
24.04 0.01066535
24.05 0.01037014
24.06 0.009110343
24.07 0.007602016
24.08 0.006076374
24.09 0.005140222
24.1 0.005185586
24.11 0.005328205
24.12 0.005295892
24.13 0.005276474
24.14 0.005295921
24.15 0.005305607
24.16 0.005306366
24.17 0.005197923
24.18 0.003957501
24.19 0.001399325
24.2 0.0001147449
24.21 -0.0002186576
24.22 -0.001595947
24.23 -0.002368412
24.24 -0.003266896
24.25 -0.004770449
24.26 -0.006769534
24.27 -0.00963393
24.28 -0.011776
24.29 -0.01194979
24.3 -0.01059181
24.31 -0.00938267
24.32 -0.00891907
24.33 -0.00696562
24.34 -0.004662081
24.35 -0.004408935
24.36 -0.00617382
24.37 -0.008826939
24.38 -0.00987305
24.39 -0.009593244
24.4 -0.009464974
24.41 -0.009548947
24.42 -0.009554422
24.43 -0.00884554
24.44 -0.005895724
24.45 -0.003480645
24.46 -0.002247224
24.47 -0.002050489
24.48 -0.002450619
24.49 -0.003841211
24.5 -0.005324821
24.51 -0.007461357
24.52 -0.009500469
24.53 -0.009813441
24.54 -0.009504917
24.55 -0.009437288
24.56 -0.008921403
24.57 -0.006678479
24.58 -0.003537396
24.59 -0.000771636
24.6 0.000473307
24.61 0.000366502
24.62 0.0007664814
24.63 0.001440714
24.64 0.0004657626
24.65 -0.000115103
24.66 -0.0001895171
24.67 -0.001082385
24.68 -0.0004919593
24.69 0.001231104
24.7 0.002738166
24.71 0.004035145
24.72 0.005089972
24.73 0.004679099
24.74 0.002946235
24.75 0.0022914
24.76 0.002560337
24.77 0.002693943
24.78 0.00229532
24.79 0.001287944
24.8 0.001915582
24.81 0.002665064
24.82 0.00257797
24.83 0.002453916
24.84 0.003384559
24.85 0.00766758
24.86 0.01230531
24.87 0.01497387
24.88 0.01713439
24.89 0.01749874
24.9 0.01712723
24.91 0.01705768
24.92 0.01623776
24.93 0.01376135
24.94 0.01212058
24.95 0.01222683
24.96 0.01241242
24.97 0.01147821
24.98 0.009001593
24.99 0.007224975
25 0.006672923
25.01 0.003957833
25.02 0.002015269
25.03 0.003147391
25.04 0.005970034
25.05 0.007579777
25.06 0.008119942
25.07 0.0108039
25.08 0.01264253
25.09 0.01240297
25.1 0.01212528
25.11 0.01199439
25.12 0.01022576
25.13 0.006416385
25.14 0.002582758
25.15 0.0007590911
25.16 -0.001301238
25.17 -0.002707496
25.18 -0.002646704
25.19 -0.002428338
25.2 -0.002399344
25.21 -0.001330113
25.22 3.494635e-05
25.23 -0.0002929836
25.24 -0.002023846
25.25 -0.003501488
25.26 -0.004999923
25.27 -0.00765327
25.28 -0.01065096
25.29 -0.01364326
25.3 -0.01573895
25.31 -0.01790575
25.32 -0.0198716
25.33 -0.02108705
25.34 -0.02068117
25.35 -0.01868911
25.36 -0.01549743
25.37 -0.01338051
25.38 -0.0112844
25.39 -0.01011518
25.4 -0.01152826
25.41 -0.0132452
25.42 -0.01458243
25.43 -0.01503116
25.44 -0.01472322
25.45 -0.01333275
25.46 -0.01222506
25.47 -0.0122974
25.48 -0.01335177
25.49 -0.01596429
25.5 -0.01892438
25.51 -0.02013491
25.52 -0.0199204
25.53 -0.01977748
25.54 -0.01977697
25.55 -0.01873147
25.56 -0.01715171
25.57 -0.0156022
25.58 -0.01478154
25.59 -0.01412142
25.6 -0.01183774
25.61 -0.009790537
25.62 -0.007913657
25.63 -0.003705848
25.64 0.0002919199
25.65 0.00294412
25.66 0.004488687
25.67 0.004644498
25.68 0.004452345
25.69 0.004471152
25.7 0.004517128
25.71 0.004508756
25.72 0.004503511
25.73 0.004777283
25.74 0.006209828
25.75 0.007132202
25.76 0.006994037
25.77 0.006857564
25.78 0.006716044
25.79 0.005693069
25.8 0.005594782
25.81 0.0049805
25.82 0.004321063
25.83 0.004231418
25.84 0.00280545
25.85 0.0001359648
25.86 -0.0008945102
25.87 -0.000579047
25.88 -0.0004578048
25.89 -0.0005458641
25.9 -0.0004993415
25.91 -2.016585e-05
25.92 0.001420233
25.93 0.002939849
25.94 0.004267124
25.95 0.00447754
25.96 0.004247264
25.97 0.004727529
25.98 0.006359581
25.99 0.007033874
26 0.006801149
26.01 0.006947304
26.02 0.008328875
26.03 0.009333307
26.04 0.01010383
26.05 0.01240699
26.06 0.01420389
26.07 0.01417897
26.08 0.01437813
26.09 0.01595881
26.1 0.01666517
26.11 0.01642779
26.12 0.0163374
26.13 0.01641229
26.14 0.0164229
26.15 0.01640552
26.16 0.01631649
26.17 0.01497002
26.18 0.01230765
26.19 0.01063992
26.2 0.008793082
26.21 0.006686645
26.22 0.006167616
26.23 0.006440915
26.24 0.00581192
26.25 0.002854873
26.26 0.0003691694
26.27 -0.001995547
26.28 -0.005852886
26.29 -0.008788119
26.3 -0.01019189
26.31 -0.01072916
26.32 -0.009883951
26.33 -0.008366558
26.34 -0.007849167
26.35 -0.006381146
26.36 -0.003927696
26.37 -0.00309268
26.38 -0.002370945
26.39 0.0001223398
26.4 0.001730722
26.41 0.00157192
26.42 0.001365735
26.43 0.002333394
26.44 0.004836082
26.45 0.006472009
26.46 0.006377292
26.47 0.005596225
26.48 0.004131767
26.49 0.002722025
26.5 0.00263305
26.51 0.003777768
26.52 0.004435647
26.53 0.005051313
26.54 0.004226733
26.55 0.00361447
26.56 0.005000692
26.57 0.005958879
26.58 0.004390046
26.59 0.003412333
26.6 0.003679734
26.61 0.003828841
26.62 0.003738854
26.63 0.003683477
26.64 0.003555679
26.65 0.002669533
26.66 0.001174477
26.67 -0.0006302941
26.68 -0.003051262
26.69 -0.004054937
26.7 -0.003807274
26.71 -0.003597286
26.72 -0.002558731
26.73 -0.001301462
26.74 -0.0007139785
26.75 0.0006614355
26.76 0.001677688
26.77 0.00257524
26.78 0.004699758
26.79 0.007122883
26.8 0.007790358
26.81 0.007593694
26.82 0.007569915
26.83 0.007576982
26.84 0.007525737
26.85 0.007513455
26.86 0.007522941
26.87 0.007532956
26.88 0.007384575
26.89 0.005668789
26.9 0.002547596
26.91 -0.0004310072
26.92 -0.002145005
26.93 -0.002160013
26.94 -0.001916258
26.95 -0.001966449
26.96 -0.002016108
26.97 -0.001997589
26.98 -0.001858532
26.99 -0.0003204539
27 0.002318063
27.01 0.003328844
27.02 0.003023368
27.03 0.002783077
27.04 0.001559061
27.05 -0.001000597
27.06 -0.003079133
27.07 -0.005808395
27.08 -0.00721101
27.09 -0.007909306
27.1 -0.008833714
27.11 -0.007699286
27.12 -0.006419679
27.13 -0.006486316
27.14 -0.00670937
27.15 -0.006654245
27.16 -0.006603739
27.17 -0.006567776
27.18 -0.006538661
27.19 -0.00649086
27.2 -0.005576971
27.21 -0.005370517
27.22 -0.006467483
27.23 -0.006753585
27.24 -0.006509646
27.25 -0.006429988
27.26 -0.006468837
27.27 -0.006476129
27.28 -0.006078355
27.29 -0.003979674
27.3 -0.00161215
27.31 -0.001101054
27.32 -9.979914e-05
27.33 0.002230612
27.34 0.002063773
27.35 0.001489122
27.36 0.003026358
27.37 0.003804357
27.38 0.003525797
27.39 0.003412647
27.4 0.003481852
27.41 0.002796916
27.42 0.000390859
27.43 -0.001560229
27.44 -0.001519553
27.45 -0.001519537
27.46 -0.003109753
27.47 -0.004007877
27.48 -0.003796698
27.49 -0.003448509
27.5 -0.002189413
27.51 -0.0010942
27.52 -0.00106694
27.53 -0.001215105
27.54 -0.001185045
27.55 -0.001158723
27.56 -0.0004836313
27.57 0.002499721
27.58 0.004260694
27.59 0.003854068
27.6 0.002357672
27.61 -0.000129211
27.62 -0.001783317
27.63 -0.003642187
27.64 -0.00572662
27.65 -0.006187976
27.66 -0.005895304
27.67 -0.005874377
27.68 -0.005936748
27.69 -0.005873207
27.7 -0.005881738
27.71 -0.006938926
27.72 -0.008568011
27.73 -0.01002333
27.74 -0.01077928
27.75 -0.01000322
27.76 -0.007461979
27.77 -0.005525659
27.78 -0.005504853
27.79 -0.005848757
27.8 -0.005825441
27.81 -0.005059833
27.82 -0.004482855
27.83 -0.005452245
27.84 -0.006086329
27.85 -0.007666336
27.86 -0.01012205
27.87 -0.0108704
27.88 -0.01054055
27.89 -0.01047632
27.9 -0.01057384
27.91 -0.0101318
27.92 -0.007956958
27.93 -0.005645035
27.94 -0.005306463
27.95 -0.005651495
27.96 -0.00564995
27.97 -0.005075032
27.98 -0.002832314
27.99 -0.0006319958
28 -0.0003679064
28.01 -0.0006953049
28.02 -0.0006558673
28.03 0.0005894822
28.04 0.003689702
28.05 0.005903833
28.06 0.008077184
28.07 0.009499986
28.08 0.009445916
28.09 0.009166522
28.1 0.009181154
28.11 0.009222192
28.12 0.009214868
28.13 0.008617339
28.14 0.005710229
28.15 0.003963966
28.16 0.004324529
28.17 0.004599878
28.18 0.004460659
28.19 0.004404772
28.2 0.003923731
28.21 0.003144063
28.22 0.003113864
28.23 0.002539758
28.24 0.003484474
28.25 0.004745092
28.26 0.004724969
28.27 0.0045329
28.28 0.006624173
28.29 0.009528016
28.3 0.01051526
28.31 0.0128935
28.32 0.01463376
28.33 0.01448897
28.34 0.01422596
28.35 0.01484004
28.36 0.01773403
28.37 0.01956305
28.38 0.01932957
28.39 0.01929822
28.4 0.02174233
28.41 0.02420839
28.42 0.02424878
28.43 0.02252617
28.44 0.01940214
28.45 0.01634308
28.46 0.01358913
28.47 0.01065791
28.48 0.007891322
28.49 0.004997729
28.5 0.004030033
28.51 0.004160891
28.52 0.002694454
28.53 4.21628e-05
28.54 -0.0008573899
28.55 -0.0005136542
28.56 -0.001448169
28.57 -0.003045358
28.58 -0.003282746
28.59 -0.003001921
28.6 -0.002999936
28.61 -0.003915497
28.62 -0.004383726
28.63 -0.004641508
28.64 -0.005468602
28.65 -0.006241258
28.66 -0.008430215
28.67 -0.01042687
28.68 -0.01078252
28.69 -0.01221728
28.7 -0.01478838
28.71 -0.01562606
28.72 -0.01528821
28.73 -0.01521401
28.74 -0.01533014
28.75 -0.01500696
28.76 -0.01287806
28.77 -0.01050197
28.78 -0.01003286
28.79 -0.008979309
28.8 -0.006377838
28.81 -0.005213717
28.82 -0.005523996
28.83 -0.005682666
28.84 -0.00559626
28.85 -0.005639509
28.86 -0.005689523
28.87 -0.00554432
28.88 -0.003905578
28.89 -0.001009036
28.9 -0.0003670832
28.91 -0.0007803624
28.92 -0.0002854501
28.93 0.001963837
28.94 0.004186143
28.95 0.005740802
28.96 0.008033404
28.97 0.009259968
28.98 0.009066601
28.99 0.008836094
29 0.007788918
29.01 0.005215199
29.02 0.002997127
29.03 0.0001539119
29.04 -0.002028565
29.05 -0.004213076
29.06 -0.005868473
29.07 -0.006250593
29.08 -0.007454438
29.09 -0.009036687
29.1 -0.01048773
29.11 -0.01082447
29.12 -0.01063333
29.13 -0.01061339
29.14 -0.01010362
29.15 -0.008539975
29.16 -0.007031228
29.17 -0.005834696
29.18 -0.005664769
29.19 -0.005835015
29.2 -0.005244669
29.21 -0.003711712
29.22 -0.003073121
29.23 -0.002019002
29.24 -0.0008568115
29.25 -0.0002561008
29.26 0.001685363
29.27 0.003015671
29.28 0.002801079
29.29 0.002242633
29.3 0.001409715
29.31 0.001324288
29.32 0.0007369987
29.33 -0.0008388438
29.34 -0.001326798
29.35 -0.001299744
29.36 -0.00269205
29.37 -0.0043571
29.38 -0.005702564
29.39 -0.006045152
29.4 -0.005942852
29.41 -0.00597719
29.42 -0.006029863
29.43 -0.006028296
29.44 -0.006026144
29.45 -0.005996698
29.46 -0.005949405
29.47 -0.005965185
29.48 -0.006533037
29.49 -0.008150382
29.5 -0.00868228
29.51 -0.007327182
29.52 -0.00596672
29.53 -0.005888952
29.54 -0.006071368
29.55 -0.006044691
29.56 -0.006051128
29.57 -0.006133651
29.58 -0.006159769
29.59 -0.006137995
29.6 -0.006083368
29.61 -0.006062024
29.62 -0.006076905
29.63 -0.006088558
29.64 -0.005549741
29.65 -0.002641017
29.66 -0.0007416186
29.67 -0.0002026281
29.68 0.001010092
29.69 0.001671653
29.7 0.002804983
29.71 0.003784132
29.72 0.003755332
29.73 0.003586514
29.74 0.003503159
29.75 0.002356108
29.76 0.0007714189
29.77 -0.0007996292
29.78 -0.00154478
29.79 -0.001384931
29.8 -0.0012169
29.81 -0.001297181
29.82 -0.001344862
29.83 -0.001330507
29.84 -0.001300878
29.85 -0.0004516104
29.86 0.001090699
29.87 0.002584217
29.88 0.003610545
29.89 0.003661796
29.9 0.004853919
29.91 0.007900239
29.92 0.008880213
29.93 0.008398956
29.94 0.008291593
29.95 0.008396565
29.96 0.008331443
29.97 0.008335696
29.98 0.00841883
29.99 0.008392179
30 0.008355431
30.01 0.007874105
30.02 0.005672401
30.03 0.003468578
30.04 0.002929222
30.05 0.000699853
30.06 -0.001715177
30.07 -0.002713013
30.08 -0.00474365
30.09 -0.005422778
30.1 -0.004972476
30.11 -0.003704595
30.12 -0.002138855
30.13 -0.0008442724
30.14 0.0006544857
30.15 0.002116546
30.16 0.003421983
30.17 0.003586714
30.18 0.003343558
30.19 0.003336442
30.2 0.00338686
30.21 0.003409823
30.22 0.003454322
30.23 0.003467596
30.24 0.004193292
30.25 0.007130059
30.26 0.008731071
30.27 0.00843445
30.28 0.008223546
30.29 0.008325174
30.3 0.008291833
30.31 0.008163207
30.32 0.006560239
30.33 0.003642493
30.34 0.002907132
30.35 0.00309231
30.36 0.002140512
30.37 0.001390469
30.38 -0.0008353133
30.39 -0.001912176
30.4 -0.001759502
30.41 -0.003323133
30.42 -0.005960504
30.43 -0.006746209
30.44 -0.006392191
30.45 -0.00606348
30.46 -0.003618637
30.47 -0.00122996
30.48 -0.001233794
30.49 -0.001382955
30.5 -0.0004654672
30.51 0.0005973637
30.52 0.001254792
30.53 0.002660123
30.54 0.003579793
30.55 0.003411899
30.56 0.002270995
30.57 0.0009538741
30.58 0.0004646331
30.59 -0.0008402427
30.6 -0.001796462
30.61 -0.001642329
30.62 -0.001417596
30.63 -0.001498076
30.64 -0.001165695
30.65 0.0003909236
30.66 0.001215665
30.67 0.0009850834
30.68 0.0009933065
30.69 0.00239067
30.7 0.004006305
30.71 0.006078419
30.72 0.008151868
30.73 0.008650234
30.74 0.009574962
30.75 0.01117903
30.76 0.01276137
30.77 0.01270592
30.78 0.01189044
30.79 0.01270455
30.8 0.01207545
30.81 0.01067684
30.82 0.01058789
30.83 0.01085344
30.84 0.01090392
30.85 0.01177629
30.86 0.01180204
30.87 0.01073384
30.88 0.01057753
30.89 0.01007298
30.9 0.008518824
30.91 0.008055691
30.92 0.008329728
30.93 0.008436059
30.94 0.008406652
30.95 0.008371558
30.96 0.008206602
30.97 0.006786748
30.98 0.004233675
30.99 0.003120822
31 0.002702559
31.01 0.0004832698
31.02 -0.001720797
31.03 -0.003260366
31.04 -0.005493437
31.05 -0.006623196
31.06 -0.007068534
31.07 -0.008463384
31.08 -0.01021162
31.09 -0.01133829
31.1 -0.01166354
31.11 -0.01297589
31.12 -0.01312002
31.13 -0.01237542
31.14 -0.01327134
31.15 -0.01404517
31.16 -0.01529911
31.17 -0.01617068
31.18 -0.01608438
31.19 -0.0159377
31.2 -0.01592991
31.21 -0.01589856
31.22 -0.0158538
31.23 -0.01450514
31.24 -0.0113947
31.25 -0.009195432
31.26 -0.006994665
31.27 -0.005731792
31.28 -0.005269323
31.29 -0.00388964
31.3 -0.003132145
31.31 -0.00221573
31.32 -0.0009435872
31.33 -0.0007470316
31.34 -0.0009320974
31.35 -0.0008618455
31.36 -0.000700451
31.37 0.0003917484
31.38 0.001972474
31.39 0.003458332
31.4 0.004846539
31.41 0.007027096
31.42 0.009115707
31.43 0.01059089
31.44 0.01296045
31.45 0.01470935
31.46 0.01553113
31.47 0.01607216
31.48 0.01751413
31.49 0.016908
31.5 0.01552117
31.51 0.01546715
31.52 0.01512122
31.53 0.01439803
31.54 0.01434707
31.55 0.01446479
31.56 0.01394134
31.57 0.01110441
31.58 0.009081806
31.59 0.009322049
31.6 0.009544068
31.61 0.007114059
31.62 0.004428709
31.63 0.004324554
31.64 0.004744143
31.65 0.004642835
31.66 0.004521493
31.67 0.004175498
31.68 0.001612875
31.69 -0.0005960783
31.7 -0.0005477312
31.71 -0.0009786284
31.72 -0.003511341
31.73 -0.0053931
31.74 -0.005262938
31.75 -0.004901459
31.76 -0.004976948
31.77 -0.005046144
31.78 -0.005103773
31.79 -0.006372206
31.8 -0.008929
31.81 -0.01010256
31.82 -0.009826867
31.83 -0.009643782
31.84 -0.009624597
31.85 -0.009503578
31.86 -0.009769167
31.87 -0.01119032
31.88 -0.01133661
31.89 -0.009635371
31.9 -0.008996951
31.91 -0.009053979
31.92 -0.007456307
31.93 -0.004899202
31.94 -0.004102769
31.95 -0.004405304
31.96 -0.004367814
31.97 -0.004145859
31.98 -0.004109646
31.99 -0.004122337
32 -0.004089775
32.01 -0.00405285
32.02 -0.004191671
32.03 -0.005370018
32.04 -0.006716941
32.05 -0.008058796
32.06 -0.008539942
32.07 -0.008225737
32.08 -0.00838318
32.09 -0.01080517
32.1 -0.01279327
32.11 -0.01255976
32.12 -0.01134913
32.13 -0.009842953
32.14 -0.008372528
32.15 -0.007316138
32.16 -0.00674768
32.17 -0.004780507
32.18 -0.002707847
32.19 -0.002254914
32.2 -0.001254739
32.21 0.001125454
32.22 0.002217012
32.23 0.002010419
32.24 0.002697504
32.25 0.004180868
32.26 0.00551776
32.27 0.006283985
32.28 0.006290921
32.29 0.006960285
32.3 0.009084777
32.31 0.01053031
32.32 0.01037874
32.33 0.01009595
32.34 0.01017042
32.35 0.01015843
32.36 0.01001897
32.37 0.009902639
32.38 0.009807151
32.39 0.009700203
32.4 0.009648439
32.41 0.01028397
32.42 0.01039736
32.43 0.009401727
32.44 0.009029692
32.45 0.009083293
32.46 0.008981719
32.47 0.008712244
32.48 0.007419402
32.49 0.005264077
32.5 0.004380014
32.51 0.004579128
32.52 0.00461191
32.53 0.004447999
32.54 0.004349519
32.55 0.003620057
32.56 0.001237099
32.57 2.014622e-05
32.58 -0.0005823616
32.59 -0.002443959
32.6 -0.003632152
32.61 -0.003484821
32.62 -0.003244411
32.63 -0.003194213
32.64 -0.003173771
32.65 -0.00314652
32.66 -0.003124322
32.67 -0.003123371
32.68 -0.00366578
32.69 -0.004732958
32.7 -0.005803907
32.71 -0.006490364
32.72 -0.006405445
32.73 -0.006615707
32.74 -0.007548589
32.75 -0.007132496
32.76 -0.00664224
32.77 -0.006518833
32.78 -0.006880435
32.79 -0.007246385
32.8 -0.007767352
32.81 -0.008554295
32.82 -0.008585783
32.83 -0.008237295
32.84 -0.007995611
32.85 -0.007281685
32.86 -0.00551526
32.87 -0.004246256
32.88 -0.004151269
32.89 -0.004223462
32.9 -0.004100438
32.91 -0.004031504
32.92 -0.004603853
32.93 -0.005297778
32.94 -0.00524595
32.95 -0.004642438
32.96 -0.003583978
32.97 -0.003149498
32.98 -0.003196422
32.99 -0.00315021
33 -0.003026884
33.01 -0.002920037
33.02 -0.002313202
33.03 -0.001360502
33.04 -0.001100298
33.05 -0.001354959
33.06 -0.002162404
33.07 -0.002526533
33.08 -0.002339571
33.09 -0.002144347
33.1 -0.002039641
33.11 -0.001969145
33.12 -0.002231134
33.13 -0.002964372
33.14 -0.002590243
33.15 -0.00160149
33.16 -0.00138567
33.17 -0.001402894
33.18 -0.0009407975
33.19 -2.179965e-05
33.2 0.0008206788
33.21 0.001395611
33.22 0.001656175
33.23 0.002615814
33.24 0.00375038
33.25 0.003916896
33.26 0.003728722
33.27 0.003708164
33.28 0.003685227
33.29 0.003603781
33.3 0.003506666
33.31 0.003003684
33.32 0.002259731
33.33 0.001527427
33.34 0.001128726
33.35 0.00115958
33.36 0.001227759
33.37 0.001249529
33.38 0.001262666
33.39 0.001259758
33.4 0.001255328
33.41 0.001554538
33.42 0.002196253
33.43 0.002777925
33.44 0.003131297
33.45 0.00306911
33.46 0.002920484
33.47 0.002565523
33.48 0.00200137
33.49 0.0018326
33.5 0.00186677
33.51 0.002000024
33.52 0.002469985
33.53 0.002626557
33.54 0.002472625
33.55 0.002369395
33.56 0.002207999
33.57 0.001666642
33.58 0.001129761
33.59 0.0007300153
33.6 0.0005885372
33.61 0.0002143237
33.62 -9.667157e-05
33.63 -0.0002451316
33.64 -0.0005407548
33.65 -0.0003354479
33.66 0.0001056641
33.67 0.0001664118
33.68 0.0001042222
33.69 0.0001308464
33.7 0.0003912608
33.71 0.0007313384
33.72 0.0008308244
33.73 0.001091635
33.74 0.001259392
33.75 0.001022424
33.76 0.0006561582
33.77 0.0005785482
33.78 0.0006105047
33.79 0.0005013851
33.8 0.0001955124
33.81 8.110036e-05
33.82 0.0001057406
33.83 -8.693581e-05
33.84 -0.0002137553
33.85 6.267296e-05
33.86 0.0003744466
33.87 0.0005604427
33.88 0.000578821
33.89 0.0005981287
33.9 0.0007151624
33.91 0.0005891636
33.92 0.0004503411
33.93 0.0004422464
33.94 0.0004435849
33.95 0.000430901
33.96 0.000418034
33.97 0.0004861725
33.98 0.0006344167
33.99 0.0006403612
34 0.000536056
34.01 0.0003437156
34.02 0.0002451385
34.03 0.0002549639
34.04 0.0002505383
34.05 0.0002463373
34.06 0.0003137491
34.07 0.0002489218
34.08 0.0002125071
34.09 0.0002507346
34.1 0.0002495526
34.11 0.0002790298
34.12 0.0002377273
34.13 0.0001072505
34.14 4.666493e-05
34.15 4.815546e-05
34.16 2.810814e-05
34.17 -6.205827e-05
34.18 -0.0001215106
34.19 -0.0001134103
34.2 -0.0001090233
34.21 -0.000164219
34.22 -0.0002166112
34.23 -0.0002079318
34.24 -0.0001637644
34.25 -0.0001304149
34.26 -0.0001635765
34.27 -0.0001747678
34.28 -0.0001585529
34.29 -0.0001630396
34.3 -0.000200557
34.31 -0.000207663
34.32 -0.0002142363
34.33 -0.0002272093
34.34 -0.0002108852
34.35 -0.0001865063
34.36 -0.0001682901
34.37 -0.000134386
34.38 -9.437304e-05
34.39 -7.975419e-05
34.4 -7.450537e-05
34.41 -7.478456e-05
34.42 -8.658655e-05
34.43 -8.255635e-05
34.44 -6.76799e-05
34.45 -5.577252e-05
34.46 -4.622116e-05
34.47 -3.702742e-05
34.48 -2.857671e-05
34.49 -2.085035e-05
34.5 -1.363402e-05
34.51 -6.704423e-06
34.52 2.507079e-07
34.53 6.442129e-06
34.54 1.608339e-05
34.55 2.20585e-05
34.56 2.621351e-05
34.57 3.207777e-05
34.58 3.424056e-05
34.59 3.491058e-05
34.6 3.605361e-05
34.61 3.74123e-05
34.62 3.928087e-05
34.63 4.293304e-05
34.64 4.549809e-05
34.65 4.661157e-05
34.66 4.535677e-05
34.67 4.344391e-05
34.68 4.244936e-05
34.69 4.252039e-05
34.7 4.126446e-05
34.71 3.925774e-05
34.72 3.843022e-05
34.73 3.816548e-05
34.74 3.669414e-05
34.75 3.464394e-05
34.76 3.296243e-05
34.77 3.163365e-05
34.78 3.040781e-05
34.79 2.903679e-05
34.8 2.822432e-05
34.81 2.787041e-05
34.82 2.778217e-05
34.83 2.79843e-05
34.84 2.828871e-05
34.85 2.861672e-05
34.86 2.898578e-05
34.87 2.941347e-05
34.88 2.988064e-05
34.89 3.036618e-05
34.9 3.090062e-05
34.91 3.148099e-05
34.92 3.210943e-05
34.93 3.278986e-05
34.94 3.351796e-05
34.95 3.429424e-05
34.96 3.511789e-05
34.97 3.59862e-05
34.98 3.689731e-05
