0 -0.0003918091
0.01 -0.0003955998
0.02 -0.0004015848
0.03 -0.0004076726
0.04 -0.0004087818
0.05 -0.000407758
0.06 -0.0004068003
0.07 -0.0004030892
0.08 -0.0003956538
0.09 -0.0003835222
0.1 -0.0003778644
0.11 -0.000391889
0.12 -0.0004110004
0.13 -0.0004207405
0.14 -0.0004313245
0.15 -0.0004350764
0.16 -0.0004207163
0.17 -0.0004165838
0.18 -0.0004199642
0.19 -0.0004169259
0.2 -0.0003967426
0.21 -0.0003127706
0.22 -0.0002836085
0.23 -0.0004385016
0.24 -0.0007591947
0.25 -0.001011679
0.26 -0.0008817704
0.27 -0.0004818042
0.28 -4.017929e-05
0.29 0.0001125067
0.3 -0.0003905496
0.31 -0.001566471
0.32 -0.002180143
0.33 -0.001227625
0.34 0.0004434089
0.35 0.0007780291
0.36 -0.0003640319
0.37 -0.001152705
0.38 -0.0003895753
0.39 0.001013957
0.4 0.001964156
0.41 0.002719861
0.42 0.002832737
0.43 0.001989662
0.44 0.0006366459
0.45 -0.0004989659
0.46 -0.0006582813
0.47 0.0001597523
0.48 0.0005950026
0.49 -3.002431e-05
0.5 -0.001093937
0.51 -0.0009884523
0.52 -0.0001298566
0.53 -0.0001021534
0.54 -0.001142196
0.55 -0.002001562
0.56 -0.001875318
0.57 -0.002130672
0.58 -0.003235613
0.59 -0.004020448
0.6 -0.003769677
0.61 -0.002655495
0.62 0.0002415593
0.63 0.005704553
0.64 0.009412338
0.65 0.008594754
0.66 0.002952626
0.67 -0.005929853
0.68 -0.008324477
0.69 -0.0001882085
0.7 0.007794672
0.71 0.007730879
0.72 0.002008452
0.73 -0.002717562
0.74 -0.002073668
0.75 8.005093e-05
0.76 -0.0008607597
0.77 -0.002783314
0.78 -0.002031837
0.79 6.703934e-05
0.8 0.0008380001
0.81 0.002285874
0.82 0.006829925
0.83 0.009849582
0.84 0.006168825
0.85 -0.0004438108
0.86 -0.003025131
0.87 -0.001548369
0.88 -0.001805137
0.89 -0.005883346
0.9 -0.008524755
0.91 -0.0057187
0.92 -0.000588304
0.93 0.001395802
0.94 0.0009934427
0.95 0.001412177
0.96 0.004028407
0.97 0.006874448
0.98 0.006811514
0.99 0.002207165
1 -0.004040056
1.01 -0.007606676
1.02 -0.006560661
1.03 0.000864544
1.04 0.01023946
1.05 0.01454717
1.06 0.0122629
1.07 0.003463619
1.08 -0.006301446
1.09 -0.007727646
1.1 -0.003097325
1.11 -0.002560616
1.12 -0.007497838
1.13 -0.01270229
1.14 -0.01354485
1.15 -0.008716608
1.16 -0.001424638
1.17 0.00639796
1.18 0.01426803
1.19 0.01822366
1.2 0.01662618
1.21 0.009958746
1.22 0.00373175
1.23 0.004011563
1.24 0.00809682
1.25 0.008563043
1.26 0.004766163
1.27 0.002727443
1.28 0.003612378
1.29 0.007072437
1.3 0.01195706
1.31 0.009914651
1.32 -0.004562165
1.33 -0.02384863
1.34 -0.03390877
1.35 -0.02057315
1.36 0.005422235
1.37 0.02182131
1.38 0.02246797
1.39 0.01437636
1.4 0.003008687
1.41 -0.007983619
1.42 -0.01589399
1.43 -0.01904839
1.44 -0.0187185
1.45 -0.01594207
1.46 -0.006917038
1.47 0.00677842
1.48 0.0157581
1.49 0.01209342
1.5 -0.00420274
1.51 -0.02588939
1.52 -0.03190801
1.53 -0.01498256
1.54 0.003035386
1.55 0.006386332
1.56 0.004194012
1.57 0.004339864
1.58 0.007390427
1.59 0.01132033
1.6 0.0135727
1.61 0.0134621
1.62 0.009858261
1.63 -0.001580232
1.64 -0.01819675
1.65 -0.02151082
1.66 -0.003542447
1.67 0.01430102
1.68 0.01749889
1.69 0.01138178
1.7 0.0001241738
1.71 -0.01406907
1.72 -0.02205633
1.73 -0.01938042
1.74 -0.01129357
1.75 -0.0031567
1.76 0.0008747825
1.77 0.001805571
1.78 0.003230257
1.79 0.004437696
1.8 0.006151077
1.81 0.009804849
1.82 0.01215248
1.83 0.010693
1.84 0.006655136
1.85 0.003257107
1.86 0.00151719
1.87 0.002095606
1.88 0.004747526
1.89 0.006011924
1.9 0.004016183
1.91 -0.001112664
1.92 -0.006816291
1.93 -0.004444214
1.94 0.00475675
1.95 0.009581599
1.96 0.005837009
1.97 -0.001317817
1.98 -0.002753909
1.99 0.001629998
2 0.006031842
2.01 0.007802119
2.02 0.008381542
2.03 0.01001569
2.04 0.008509062
2.05 0.0004160801
2.06 -0.01228807
2.07 -0.01887137
2.08 -0.0171916
2.09 -0.01129185
2.1 -0.007042079
2.11 -0.00726436
2.12 -0.007649938
2.13 0.0004717683
2.14 0.013229
2.15 0.01487271
2.16 0.00390924
2.17 -0.008591486
2.18 -0.0158907
2.19 -0.01919492
2.2 -0.01372575
2.21 0.005454314
2.22 0.02125333
2.23 0.02539315
2.24 0.02050198
2.25 0.01116333
2.26 0.007196718
2.27 0.00672731
2.28 -0.004392383
2.29 -0.02849173
2.3 -0.04114483
2.31 -0.03677221
2.32 -0.01799022
2.33 0.01165589
2.34 0.03390802
2.35 0.03831214
2.36 0.02180924
2.37 -0.008199005
2.38 -0.03226695
2.39 -0.03861024
2.4 -0.03359265
2.41 -0.02399305
2.42 -0.00480379
2.43 0.01864455
2.44 0.0334274
2.45 0.03392306
2.46 0.02617367
2.47 0.01676483
2.48 -0.002081831
2.49 -0.02936961
2.5 -0.04545719
2.51 -0.03743677
2.52 -0.009451477
2.53 0.01313521
2.54 0.01453314
2.55 -0.001678582
2.56 -0.01425081
2.57 -0.006567726
2.58 0.009219871
2.59 0.01435497
2.6 0.007518818
2.61 -0.001290749
2.62 -0.008578503
2.63 -0.01020376
2.64 0.0009068094
2.65 0.01623987
2.66 0.02165947
2.67 0.01728737
2.68 0.01001396
2.69 0.003155136
2.7 0.001082791
2.71 0.004729256
2.72 0.00918603
2.73 0.01044559
2.74 0.003255346
2.75 -0.01180405
2.76 -0.02247012
2.77 -0.02215515
2.78 -0.01212744
2.79 0.001923195
2.8 0.01224563
2.81 0.01106317
2.82 0.002909681
2.83 -0.002215431
2.84 0.002771491
2.85 0.01182869
2.86 0.01418724
2.87 0.008260044
2.88 0.0008286654
2.89 -0.0008816797
2.9 0.003315665
2.91 0.008509291
2.92 0.009967485
2.93 0.009287061
2.94 0.008208329
2.95 0.001062386
2.96 -0.01523835
2.97 -0.02673633
2.98 -0.02317052
2.99 -0.006809825
3 0.01014198
3.01 0.01503695
3.02 0.01162245
3.03 0.0009257213
3.04 -0.01089859
3.05 -0.01095351
3.06 -0.001473406
3.07 0.003024245
3.08 -0.002326976
3.09 -0.00899475
3.1 -0.008613143
3.11 -0.002646449
3.12 0.004240287
3.13 0.01065513
3.14 0.01441113
3.15 0.01358175
3.16 0.006408802
3.17 -0.009415391
3.18 -0.01784302
3.19 -0.0110403
3.2 -0.00195313
3.21 -0.003755155
3.22 -0.01283567
3.23 -0.01652801
3.24 -0.01311961
3.25 -0.01035529
3.26 -0.01086281
3.27 -0.01237471
3.28 -0.01358525
3.29 -0.01146394
3.3 -0.004701939
3.31 0.009392837
3.32 0.02580186
3.33 0.03409492
3.34 0.03416762
3.35 0.02658853
3.36 0.009556134
3.37 -0.01519553
3.38 -0.02774733
3.39 -0.02057727
3.4 -0.0079471
3.41 -0.006348583
3.42 -0.01163735
3.43 -0.009702032
3.44 0.009347946
3.45 0.02931881
3.46 0.03818916
3.47 0.03630496
3.48 0.02250621
3.49 0.0004863925
3.5 -0.01792233
3.51 -0.01716778
3.52 -0.001269776
3.53 0.01568916
3.54 0.02208535
3.55 0.01338639
3.56 -0.002992611
3.57 -0.01298656
3.58 -0.005850116
3.59 0.00688657
3.6 0.009437061
3.61 -0.002387404
3.62 -0.02625213
3.63 -0.04687389
3.64 -0.04824699
3.65 -0.01737706
3.66 0.02800111
3.67 0.05167527
3.68 0.03220979
3.69 -0.005728401
3.7 -0.02649896
3.71 -0.02199282
3.72 -0.006612603
3.73 0.005342369
3.74 0.006605568
3.75 -0.001114578
3.76 -0.007496629
3.77 -0.006882992
3.78 -0.001749382
3.79 0.006098056
3.8 0.01106107
3.81 0.003720443
3.82 -0.01606853
3.83 -0.02902237
3.84 -0.02215877
3.85 -0.004459238
3.86 0.004353164
3.87 0.002435347
3.88 -0.002675189
3.89 -0.004345868
3.9 0.002566959
3.91 0.01332721
3.92 0.01611926
3.93 0.008032499
3.94 -0.006918678
3.95 -0.0157557
3.96 -0.0104846
3.97 0.005588727
3.98 0.01881777
3.99 0.02233962
4 0.01915418
4.01 0.01116474
4.02 -0.008001168
4.03 -0.02917071
4.04 -0.03816167
4.05 -0.03276697
4.06 -0.01803885
4.07 -0.002077167
4.08 0.007121889
4.09 0.01262333
4.1 0.01797352
4.11 0.02052377
4.12 0.01856258
4.13 0.00978023
4.14 -0.009490058
4.15 -0.02849987
4.16 -0.03221207
4.17 -0.01747079
4.18 0.002502206
4.19 0.01048255
4.2 0.009885452
4.21 0.01160354
4.22 0.0151988
4.23 0.01361498
4.24 0.001614615
4.25 -0.01864648
4.26 -0.03803445
4.27 -0.04647497
4.28 -0.03691452
4.29 0.0008949564
4.3 0.03328307
4.31 0.03536087
4.32 0.02155716
4.33 0.007107912
4.34 0.005188024
4.35 0.01639227
4.36 0.02723133
4.37 0.02501244
4.38 0.01371465
4.39 0.01183736
4.4 0.02663384
4.41 0.05160563
4.42 0.07394569
4.43 0.08223104
4.44 0.08042719
4.45 0.0819456
4.46 0.09617086
4.47 0.1108155
4.48 0.1091709
4.49 0.08999991
4.5 0.05671283
4.51 0.01721395
4.52 -0.02197911
4.53 -0.06087985
4.54 -0.09569481
4.55 -0.1207439
4.56 -0.1388992
4.57 -0.1520237
4.58 -0.1574822
4.59 -0.1530332
4.6 -0.1402369
4.61 -0.1173519
4.62 -0.08500935
4.63 -0.04901692
4.64 -0.01471313
4.65 0.01628975
4.66 0.04417196
4.67 0.05723569
4.68 0.05666898
4.69 0.05505189
4.7 0.05182771
4.71 0.04121977
4.72 0.02885116
4.73 0.01802713
4.74 0.0111495
4.75 0.01698169
4.76 0.03573487
4.77 0.05211217
4.78 0.04028141
4.79 -0.0001106321
4.8 -0.03987513
4.81 -0.06021521
4.82 -0.06711467
4.83 -0.07146569
4.84 -0.06293469
4.85 -0.02087248
4.86 0.02868873
4.87 0.04725157
4.88 0.03264703
4.89 0.009284442
4.9 -0.003089849
4.91 0.0029168
4.92 0.0147023
4.93 0.01606164
4.94 0.001632804
4.95 -0.01996652
4.96 -0.03675377
4.97 -0.05053784
4.98 -0.07115844
4.99 -0.09523149
5 -0.1017282
5.01 -0.07334986
5.02 -0.005767153
5.03 0.0695212
5.04 0.1220487
5.05 0.1269836
5.06 0.09590263
5.07 0.05582628
5.08 0.03464201
5.09 0.02905719
5.1 0.02482766
5.11 0.01479278
5.12 -0.001574765
5.13 -0.005391678
5.14 0.003550409
5.15 0.01188168
5.16 0.01194946
5.17 -0.00193661
5.18 -0.02289401
5.19 -0.04376726
5.2 -0.06043952
5.21 -0.06823858
5.22 -0.06394482
5.23 -0.04978181
5.24 -0.02888554
5.25 -0.003419218
5.26 0.02194894
5.27 0.04710983
5.28 0.07082551
5.29 0.09060565
5.3 0.1090989
5.31 0.1244149
5.32 0.132765
5.33 0.1301571
5.34 0.1221978
5.35 0.1184381
5.36 0.1128848
5.37 0.08106031
5.38 0.02237506
5.39 -0.03851851
5.4 -0.09446759
5.41 -0.1286584
5.42 -0.1371161
5.43 -0.1399685
5.44 -0.1467762
5.45 -0.1577604
5.46 -0.1682876
5.47 -0.1637609
5.48 -0.1230075
5.49 -0.06180769
5.5 -0.001911345
5.51 0.05238672
5.52 0.09482138
5.53 0.1142914
5.54 0.1078005
5.55 0.076424
5.56 0.03803655
5.57 0.01941705
5.58 0.01775574
5.59 0.02462418
5.6 0.03877726
5.61 0.05185745
5.62 0.04833043
5.63 0.03384822
5.64 0.02484419
5.65 0.02427816
5.66 0.02849056
5.67 0.02275028
5.68 0.001760589
5.69 -0.02125981
5.7 -0.03118903
5.71 -0.02742252
5.72 -0.01284807
5.73 0.004141581
5.74 0.007281897
5.75 -0.01096908
5.76 -0.04258379
5.77 -0.07198413
5.78 -0.0977332
5.79 -0.1155269
5.8 -0.1289233
5.81 -0.1428575
5.82 -0.1483159
5.83 -0.1310687
5.84 -0.08257767
5.85 -0.01856927
5.86 0.03597946
5.87 0.0811286
5.88 0.09864029
5.89 0.08526376
5.9 0.0656493
5.91 0.04990348
5.92 0.03587616
5.93 0.02835468
5.94 0.02499477
5.95 0.01588738
5.96 -0.006410867
5.97 -0.02775277
5.98 -0.0262854
5.99 -0.004797735
6 0.009471857
6.01 0.01009912
6.02 0.001313698
6.03 -0.01617532
6.04 -0.04084463
6.05 -0.05677721
6.06 -0.05617311
6.07 -0.04263938
6.08 -0.02917542
6.09 -0.02389597
6.1 -0.02263613
6.11 -0.02026279
6.12 -0.01397483
6.13 -0.002730633
6.14 0.0164362
6.15 0.04525525
6.16 0.07697984
6.17 0.1127298
6.18 0.1440895
6.19 0.1519753
6.2 0.1385805
6.21 0.1059734
6.22 0.07231366
6.23 0.05207266
6.24 0.04092361
6.25 0.03211105
6.26 0.01776895
6.27 -0.01704686
6.28 -0.06655786
6.29 -0.09028433
6.3 -0.08032598
6.31 -0.05210471
6.32 -0.02726789
6.33 -0.02204019
6.34 -0.02542245
6.35 -0.02430382
6.36 -0.01622809
6.37 -0.004044434
6.38 0.01359491
6.39 0.03517884
6.4 0.05051209
6.41 0.04980379
6.42 0.03129066
6.43 0.01833315
6.44 0.02528405
6.45 0.04339041
6.46 0.0623805
6.47 0.07972674
6.48 0.08806281
6.49 0.08745847
6.5 0.08005774
6.51 0.05937623
6.52 0.02153084
6.53 -0.02271024
6.54 -0.06721641
6.55 -0.09771152
6.56 -0.1089637
6.57 -0.1095491
6.58 -0.1008425
6.59 -0.07656383
6.6 -0.05069985
6.61 -0.03613379
6.62 -0.02850218
6.63 -0.02424948
6.64 -0.01930322
6.65 -0.007612339
6.66 0.009214026
6.67 0.02678085
6.68 0.04009829
6.69 0.05139005
6.7 0.04704146
6.71 0.01788881
6.72 -0.01786425
6.73 -0.05291435
6.74 -0.08525015
6.75 -0.09869818
6.76 -0.09128978
6.77 -0.06032672
6.78 -0.009229894
6.79 0.02812233
6.8 0.03959355
6.81 0.03859486
6.82 0.03381989
6.83 0.03305466
6.84 0.04292178
6.85 0.03510587
6.86 -0.006518125
6.87 -0.05894331
6.88 -0.09027854
6.89 -0.09808502
6.9 -0.09348064
6.91 -0.07229147
6.92 -0.03653691
6.93 -0.01002931
6.94 0.0003231341
6.95 0.00445027
6.96 0.008658577
6.97 0.01369009
6.98 0.02149546
6.99 0.04030625
7 0.06716089
7.01 0.07512764
7.02 0.0571392
7.03 0.02772512
7.04 -0.003992767
7.05 -0.02489829
7.06 -0.02477113
7.07 -0.007711525
7.08 0.01149852
7.09 0.02539579
7.1 0.03161766
7.11 0.03451182
7.12 0.03735598
7.13 0.04027034
7.14 0.04135202
7.15 0.03809402
7.16 0.03378431
7.17 0.03400235
7.18 0.03723271
7.19 0.03334828
7.2 0.008002527
7.21 -0.02956816
7.22 -0.06485667
7.23 -0.08172776
7.24 -0.08149557
7.25 -0.06292024
7.26 -0.02094115
7.27 0.02009253
7.28 0.0348811
7.29 0.01493952
7.3 -0.02142335
7.31 -0.04006686
7.32 -0.0315279
7.33 -0.007090305
7.34 0.01496881
7.35 0.02421961
7.36 0.02401823
7.37 0.01480806
7.38 0.001402781
7.39 -0.008733168
7.4 -0.01670388
7.41 -0.02219351
7.42 -0.02171334
7.43 -0.01204765
7.44 0.002729258
7.45 0.01011778
7.46 0.007491945
7.47 -0.00331463
7.48 -0.02237876
7.49 -0.03876886
7.5 -0.03154622
7.51 -0.001048336
7.52 0.03200827
7.53 0.0577906
7.54 0.06809604
7.55 0.06258611
7.56 0.05297855
7.57 0.04172962
7.58 0.02663929
7.59 0.003930661
7.6 -0.02125275
7.61 -0.03432923
7.62 -0.03542591
7.63 -0.03483245
7.64 -0.03662321
7.65 -0.03785332
7.66 -0.03246785
7.67 -0.01410404
7.68 0.01245908
7.69 0.0314662
7.7 0.03500396
7.71 0.02252065
7.72 -0.0005579724
7.73 -0.0167776
7.74 -0.01573931
7.75 -0.007389887
7.76 -0.008315457
7.77 -0.02255688
7.78 -0.04200922
7.79 -0.05522295
7.8 -0.05672797
7.81 -0.04877125
7.82 -0.03376745
7.83 -0.01922038
7.84 -0.01000913
7.85 -0.005119159
7.86 0.001369838
7.87 0.01102526
7.88 0.0252768
7.89 0.04860709
7.9 0.06817748
7.91 0.06920543
7.92 0.05871496
7.93 0.04777663
7.94 0.04697807
7.95 0.05528557
7.96 0.0641469
7.97 0.05897644
7.98 0.03382415
7.99 0.002100185
8 -0.02738886
8.01 -0.05120538
8.02 -0.05855091
8.03 -0.04197233
8.04 0.0005424731
8.05 0.05192554
8.06 0.08826516
8.07 0.09670152
8.08 0.08803579
8.09 0.0733469
8.1 0.04861653
8.11 0.01480109
8.12 -0.01811417
8.13 -0.04200254
8.14 -0.05137018
8.15 -0.04978215
8.16 -0.04364359
8.17 -0.03603546
8.18 -0.02401006
8.19 -0.008576936
8.2 0.0002846708
8.21 -0.006417422
8.22 -0.02441778
8.23 -0.03707955
8.24 -0.03743755
8.25 -0.02882771
8.26 -0.01365224
8.27 -0.000950383
8.28 0.004646785
8.29 0.008081513
8.3 0.01205719
8.31 0.0143688
8.32 0.01293202
8.33 -0.002585527
8.34 -0.03357109
8.35 -0.05920907
8.36 -0.06922495
8.37 -0.06255562
8.38 -0.03987148
8.39 -0.0155402
8.4 -0.008372161
8.41 -0.01843235
8.42 -0.03224133
8.43 -0.03777087
8.44 -0.03661572
8.45 -0.03491396
8.46 -0.03199729
8.47 -0.02776776
8.48 -0.02381256
8.49 -0.02442781
8.5 -0.03178793
8.51 -0.04004719
8.52 -0.04054396
8.53 -0.0318888
8.54 -0.01260022
8.55 0.01473074
8.56 0.03609054
8.57 0.05376308
8.58 0.07450621
8.59 0.0812272
8.6 0.0571936
8.61 0.01850858
8.62 -0.01046462
8.63 -0.02716907
8.64 -0.02419352
8.65 -0.005375685
8.66 0.01430299
8.67 0.03235241
8.68 0.05135734
8.69 0.06688833
8.7 0.06968551
8.71 0.06226878
8.72 0.04871958
8.73 0.03291312
8.74 0.01690031
8.75 0.0009295126
8.76 -0.002347257
8.77 0.01533068
8.78 0.0389743
8.79 0.05180485
8.8 0.04999526
8.81 0.03697739
8.82 0.02355808
8.83 0.01335367
8.84 0.003061547
8.85 -0.009108322
8.86 -0.02202642
8.87 -0.04198517
8.88 -0.06204378
8.89 -0.067143
8.9 -0.0535054
8.91 -0.02052172
8.92 0.01615607
8.93 0.03456335
8.94 0.0312993
8.95 0.02984058
8.96 0.03897518
8.97 0.04582281
8.98 0.0445938
8.99 0.0373605
9 0.02684742
9.01 0.02403208
9.02 0.03932612
9.03 0.05362465
9.04 0.05086299
9.05 0.03459681
9.06 0.0001225586
9.07 -0.0461784
9.08 -0.07274509
9.09 -0.06797793
9.1 -0.05403297
9.11 -0.0496665
9.12 -0.05900414
9.13 -0.07554707
9.14 -0.08941942
9.15 -0.09368117
9.16 -0.0810139
9.17 -0.04202771
9.18 0.001890567
9.19 0.02103271
9.2 0.02113306
9.21 0.01549227
9.22 0.007010171
9.23 -0.007333153
9.24 -0.03283514
9.25 -0.05922818
9.26 -0.06760559
9.27 -0.05579154
9.28 -0.02365078
9.29 0.01997823
9.3 0.06102513
9.31 0.08976151
9.32 0.1015588
9.33 0.1076508
9.34 0.1109267
9.35 0.1006843
9.36 0.06708727
9.37 0.02046349
9.38 -0.02574957
9.39 -0.06752662
9.4 -0.09057243
9.41 -0.08267436
9.42 -0.04434919
9.43 0.006106946
9.44 0.03421918
9.45 0.03700265
9.46 0.02697395
9.47 0.01194424
9.48 0.0018696
9.49 0.002162728
9.5 0.007754699
9.51 0.01029143
9.52 0.007189672
9.53 0.000678811
9.54 -0.000716165
9.55 0.005594396
9.56 0.008361124
9.57 -0.0006789834
9.58 -0.0215057
9.59 -0.05254985
9.6 -0.07933696
9.61 -0.09010925
9.62 -0.08969647
9.63 -0.08601762
9.64 -0.07834067
9.65 -0.06103229
9.66 -0.0262589
9.67 0.01756784
9.68 0.05842744
9.69 0.09088524
9.7 0.1086851
9.71 0.1064961
9.72 0.08224496
9.73 0.03989089
9.74 -0.006848861
9.75 -0.04998625
9.76 -0.07929332
9.77 -0.08635551
9.78 -0.07299391
9.79 -0.03450178
9.8 0.01119064
9.81 0.05151669
9.82 0.08336623
9.83 0.08964371
9.84 0.06924866
9.85 0.03293663
9.86 -0.01037724
9.87 -0.03104919
9.88 -0.01835597
9.89 0.008499765
9.9 0.02962281
9.91 0.03962088
9.92 0.04049947
9.93 0.02706638
9.94 0.0002268079
9.95 -0.02993476
9.96 -0.05788892
9.97 -0.08493655
9.98 -0.1061146
9.99 -0.1167746
10 -0.1205547
10.01 -0.1203504
10.02 -0.1053529
10.03 -0.0445657
10.04 0.03897889
10.05 0.07705439
10.06 0.08471141
10.07 0.08625195
10.08 0.07974752
10.09 0.06017186
10.1 0.03350782
10.11 0.01884202
10.12 0.01440723
10.13 0.008598302
10.14 -0.002137431
10.15 -0.01882784
10.16 -0.03798635
10.17 -0.05451907
10.18 -0.06272137
10.19 -0.05235815
10.2 -0.01681818
10.21 0.0224421
10.22 0.04267599
10.23 0.04147179
10.24 0.02737555
10.25 0.02426524
10.26 0.03537283
10.27 0.04470054
10.28 0.04441319
10.29 0.03752739
10.3 0.02930647
10.31 0.0261165
10.32 0.03440243
10.33 0.04277896
10.34 0.0273236
10.35 -0.004459035
10.36 -0.0341252
10.37 -0.06050793
10.38 -0.0843941
10.39 -0.1005035
10.4 -0.101046
10.41 -0.0740558
10.42 -0.01240075
10.43 0.04325846
10.44 0.07693992
10.45 0.0973756
10.46 0.09689025
10.47 0.07131798
10.48 0.03631126
10.49 0.001820575
10.5 -0.02948409
10.51 -0.04802975
10.52 -0.04183798
10.53 -0.01458131
10.54 0.01471564
10.55 0.03338917
10.56 0.03102819
10.57 0.01068974
10.58 -0.01714335
10.59 -0.04257289
10.6 -0.06075576
10.61 -0.06984169
10.62 -0.06383611
10.63 -0.04676819
10.64 -0.0287885
10.65 -0.01572268
10.66 -0.008061369
10.67 -0.0007807555
10.68 0.004662386
10.69 0.00931403
10.7 0.02108543
10.71 0.04305161
10.72 0.07980561
10.73 0.1324457
10.74 0.1624259
10.75 0.1617689
10.76 0.147201
10.77 0.1161212
10.78 0.06969425
10.79 0.01617957
10.8 -0.03847556
10.81 -0.09250363
10.82 -0.1328618
10.83 -0.1458145
10.84 -0.1324988
10.85 -0.09205864
10.86 -0.03480823
10.87 0.01321196
10.88 0.0479129
10.89 0.06189231
10.9 0.05363425
10.91 0.0338481
10.92 0.005467452
10.93 -0.03912902
10.94 -0.07064461
10.95 -0.06844371
10.96 -0.03763796
10.97 -2.060001e-05
10.98 0.02439293
10.99 0.02696374
11 0.007188267
11.01 -0.02180887
11.02 -0.04664774
11.03 -0.05659558
11.04 -0.0498984
11.05 -0.02189538
11.06 0.01676029
11.07 0.04310069
11.08 0.04900178
11.09 0.03851002
11.1 0.01974645
11.11 0.001166205
11.12 -0.006451691
11.13 0.0003471344
11.14 0.009973187
11.15 0.01315694
11.16 0.01391092
11.17 0.02214494
11.18 0.03631017
11.19 0.04619788
11.2 0.04598559
11.21 0.03857239
11.22 0.03026859
11.23 0.02249339
11.24 0.00699787
11.25 -0.02337498
11.26 -0.05796437
11.27 -0.07700179
11.28 -0.07850715
11.29 -0.06871723
11.3 -0.04727861
11.31 -0.01567132
11.32 0.02025186
11.33 0.05610182
11.34 0.08394859
11.35 0.0950104
11.36 0.08580717
11.37 0.05901187
11.38 0.03019407
11.39 0.009789158
11.4 -0.003635305
11.41 -0.01411689
11.42 -0.02259782
11.43 -0.03264934
11.44 -0.04421517
11.45 -0.05347806
11.46 -0.05508025
11.47 -0.0527005
11.48 -0.05698666
11.49 -0.07084923
11.5 -0.08802169
11.51 -0.1043316
11.52 -0.1041553
11.53 -0.07820754
11.54 -0.02743428
11.55 0.01607113
11.56 0.03720548
11.57 0.0345299
11.58 0.01603834
11.59 -0.003251242
11.6 -0.008608798
11.61 0.00426981
11.62 0.02054257
11.63 0.03154394
11.64 0.03556411
11.65 0.03161854
11.66 0.01850906
11.67 0.0007247309
11.68 -0.01535477
11.69 -0.02440231
11.7 -0.01692963
11.71 0.006841927
11.72 0.04048041
11.73 0.07464055
11.74 0.08765156
11.75 0.0799217
11.76 0.06636824
11.77 0.05227512
11.78 0.03415886
11.79 0.01351605
11.8 -0.006334865
11.81 -0.02567727
11.82 -0.04113003
11.83 -0.04937714
11.84 -0.05307056
11.85 -0.05430403
11.86 -0.04982019
11.87 -0.03769476
11.88 -0.01712003
11.89 0.00478184
11.9 0.01747822
11.91 0.02031418
11.92 0.01666978
11.93 0.008463338
11.94 -0.002597458
11.95 -0.01281596
11.96 -0.01608494
11.97 -0.007769086
11.98 0.001523598
11.99 0.0039929
12 0.004634457
12.01 0.01125609
12.02 0.02429566
12.03 0.03939479
12.04 0.05347582
12.05 0.06289298
12.06 0.05975187
12.07 0.0378021
12.08 0.01297208
12.09 -0.001903021
12.1 -0.01352197
12.11 -0.0271365
12.12 -0.03897175
12.13 -0.04896868
12.14 -0.05601853
12.15 -0.05825289
12.16 -0.05521299
12.17 -0.04675667
12.18 -0.03092381
12.19 -0.007762526
12.2 0.008391843
12.21 0.01547192
12.22 0.02011459
12.23 0.02811039
12.24 0.03585969
12.25 0.03714656
12.26 0.03400615
12.27 0.02987445
12.28 0.02476042
12.29 0.01785196
12.3 0.008716727
12.31 -0.003612514
12.32 -0.01775852
12.33 -0.02976088
12.34 -0.03822787
12.35 -0.03980717
12.36 -0.03376901
12.37 -0.02604339
12.38 -0.01831152
12.39 -0.01268645
12.4 -0.009256656
12.41 -0.007022517
12.42 -0.00398382
12.43 0.002016223
12.44 0.01083736
12.45 0.01833603
12.46 0.0184162
12.47 0.01335442
12.48 0.009967353
12.49 0.01275366
12.5 0.0211405
12.51 0.03285014
12.52 0.04010059
12.53 0.03724674
12.54 0.0270226
12.55 0.01265524
12.56 6.661124e-05
12.57 -0.006215032
12.58 -0.008964502
12.59 -0.01225622
12.6 -0.01808016
12.61 -0.02510465
12.62 -0.0259129
12.63 -0.01838727
12.64 -0.006250839
12.65 0.006942777
12.66 0.01998641
12.67 0.02740774
12.68 0.02694009
12.69 0.01980378
12.7 0.007116288
12.71 -0.004139124
12.72 -0.009272399
12.73 -0.004830362
12.74 0.004112944
12.75 0.01105341
12.76 0.0154217
12.77 0.01658717
12.78 0.01407637
12.79 0.009653169
12.8 0.005237289
12.81 0.001593773
12.82 -0.0008568631
12.83 -0.001123769
12.84 -0.001781625
12.85 -0.002399514
12.86 0.001744366
12.87 0.01091169
12.88 0.0206843
12.89 0.02625135
12.9 0.02388205
12.91 0.01676383
12.92 0.01114908
12.93 0.010159
12.94 0.0142722
12.95 0.01796378
12.96 0.01434355
12.97 0.001777292
12.98 -0.01057748
12.99 -0.01622525
13 -0.01867016
13.01 -0.02182505
13.02 -0.02362372
13.03 -0.02189671
13.04 -0.01399707
13.05 0.00214617
13.06 0.01842375
13.07 0.0290524
13.08 0.03393873
13.09 0.02735758
13.1 0.009694284
13.11 -0.01410896
13.12 -0.03420969
13.13 -0.04402188
13.14 -0.04953994
13.15 -0.05313737
13.16 -0.05101976
13.17 -0.04098632
13.18 -0.02574474
13.19 -0.01234805
13.2 -0.005273709
13.21 -0.003099568
13.22 -0.002640076
13.23 0.002059301
13.24 0.01052038
13.25 0.01633824
13.26 0.009308812
13.27 -0.01977376
13.28 -0.04313725
13.29 -0.04328272
13.3 -0.03136933
13.31 -0.01741108
13.32 -0.005929348
13.33 0.001875634
13.34 0.004548201
13.35 0.001801509
13.36 -0.002933455
13.37 -0.009773074
13.38 -0.01870306
13.39 -0.02262552
13.4 -0.01533124
13.41 0.0009772817
13.42 0.01985373
13.43 0.02931837
13.44 0.01867227
13.45 -0.002243599
13.46 -0.01702053
13.47 -0.0205907
13.48 -0.01561746
13.49 -0.008408666
13.5 -0.004285149
13.51 -0.009329346
13.52 -0.01847352
13.53 -0.01932435
13.54 -0.01068386
13.55 -0.002599917
13.56 0.0007630844
13.57 0.002923669
13.58 0.003891103
13.59 0.002776829
13.6 0.001507687
13.61 0.001202978
13.62 0.00394467
13.63 0.01049565
13.64 0.01899461
13.65 0.02847246
13.66 0.03888747
13.67 0.04352272
13.68 0.0358262
13.69 0.01382675
13.7 -0.01291186
13.71 -0.02472323
13.72 -0.01686553
13.73 -0.00108715
13.74 0.0116452
13.75 0.01792087
13.76 0.02245235
13.77 0.02832846
13.78 0.03102774
13.79 0.02649168
13.8 0.01839285
13.81 0.01008854
13.82 0.001901642
13.83 -0.005278967
13.84 -0.01185984
13.85 -0.01853883
13.86 -0.02538708
13.87 -0.03065841
13.88 -0.03140535
13.89 -0.02845464
13.9 -0.02419917
13.91 -0.01933535
13.92 -0.01337587
13.93 -0.00575467
13.94 0.001381894
13.95 0.007928821
13.96 0.01600103
13.97 0.02394931
13.98 0.02751904
13.99 0.02550362
14 0.02015893
14.01 0.0120185
14.02 -0.0006301274
14.03 -0.01772792
14.04 -0.03173837
14.05 -0.03562345
14.06 -0.02930212
14.07 -0.01488336
14.08 0.004747095
14.09 0.02121591
14.1 0.03082376
14.11 0.03622028
14.12 0.03824978
14.13 0.03653549
14.14 0.02857095
14.15 0.01791696
14.16 0.01183641
14.17 0.006983359
14.18 0.001591297
14.19 -0.001997178
14.2 -0.003894943
14.21 -0.003850617
14.22 -0.001027328
14.23 0.004288706
14.24 0.01081935
14.25 0.01560761
14.26 0.01643241
14.27 0.01432405
14.28 0.01245948
14.29 0.01394461
14.3 0.02033815
14.31 0.02636043
14.32 0.02551366
14.33 0.01458072
14.34 -0.004868391
14.35 -0.02233767
14.36 -0.03351635
14.37 -0.03861896
14.38 -0.03998874
14.39 -0.03807517
14.4 -0.03491261
14.41 -0.03102532
14.42 -0.0268875
14.43 -0.02203374
14.44 -0.01790291
14.45 -0.0130948
14.46 -0.007295535
14.47 -0.001009966
14.48 0.003221865
14.49 0.002420169
14.5 0.0007881416
14.51 0.00635135
14.52 0.01605275
14.53 0.0234021
14.54 0.02937226
14.55 0.03017178
14.56 0.02221797
14.57 0.01120012
14.58 0.001117233
14.59 -0.008867776
14.6 -0.01959895
14.61 -0.0291764
14.62 -0.03118802
14.63 -0.02161364
14.64 -0.0002436218
14.65 0.02135771
14.66 0.03276029
14.67 0.03501465
14.68 0.03218748
14.69 0.02462452
14.7 0.01473663
14.71 0.006302045
14.72 -0.001387359
14.73 -0.009232113
14.74 -0.01581093
14.75 -0.01955006
14.76 -0.01919181
14.77 -0.01228192
14.78 0.0001279286
14.79 0.01068931
14.8 0.01675792
14.81 0.01644347
14.82 0.01187619
14.83 0.00667626
14.84 0.004377572
14.85 0.006033247
14.86 0.002976987
14.87 -0.008158712
14.88 -0.01712904
14.89 -0.01624492
14.9 -0.006324104
14.91 0.006648575
14.92 0.0188085
14.93 0.02810686
14.94 0.03130791
14.95 0.02882479
14.96 0.02419316
14.97 0.01758221
14.98 0.007143985
14.99 -0.0005437602
15 -0.004312017
15.01 -0.004876562
15.02 -0.002924727
15.03 -0.003518265
15.04 -0.007704989
15.05 -0.009003905
15.06 -0.00412707
15.07 0.001720154
15.08 0.005291253
15.09 0.006882299
15.1 0.00517454
15.11 0.003395849
15.12 0.005575794
15.13 0.006965386
15.14 0.002985364
15.15 -0.005241202
15.16 -0.01929583
15.17 -0.03638494
15.18 -0.04810399
15.19 -0.05146364
15.2 -0.04981461
15.21 -0.04111658
15.22 -0.02383383
15.23 -0.006670898
15.24 0.0007030474
15.25 0.0002957288
15.26 -0.004007392
15.27 -0.005538313
15.28 -0.001551432
15.29 0.004484938
15.3 0.009081486
15.31 0.01187304
15.32 0.01258907
15.33 0.0109009
15.34 0.008119467
15.35 0.005534514
15.36 0.004912046
15.37 0.007560454
15.38 0.01190589
15.39 0.01418448
15.4 0.01269534
15.41 0.007900337
15.42 0.001181314
15.43 -0.005109543
15.44 -0.01122243
15.45 -0.0184717
15.46 -0.02530807
15.47 -0.03004734
15.48 -0.02988133
15.49 -0.02408165
15.5 -0.01554742
15.51 -0.009217823
15.52 -0.002574416
15.53 0.004355175
15.54 0.01014785
15.55 0.01447472
15.56 0.01694399
15.57 0.01659612
15.58 0.01261374
15.59 0.006153625
15.6 -0.0007183865
15.61 -0.008255241
15.62 -0.0153365
15.63 -0.02181197
15.64 -0.03014795
15.65 -0.0328123
15.66 -0.02281272
15.67 -0.001162103
15.68 0.01513587
15.69 0.01723728
15.7 0.01483228
15.71 0.01466385
15.72 0.01708197
15.73 0.01719778
15.74 0.01160896
15.75 0.003506013
15.76 -0.005416483
15.77 -0.01722588
15.78 -0.02657317
15.79 -0.02978047
15.8 -0.02868448
15.81 -0.0279699
15.82 -0.02888169
15.83 -0.02903521
15.84 -0.02382838
15.85 -0.007041758
15.86 0.01441351
15.87 0.03022268
15.88 0.04010148
15.89 0.04380537
15.9 0.0337462
15.91 0.0183849
15.92 0.006549407
15.93 -0.003325068
15.94 -0.01215841
15.95 -0.01720798
15.96 -0.01667662
15.97 -0.009100474
15.98 0.004964798
15.99 0.01969052
16 0.03006806
16.01 0.03526265
16.02 0.03627752
16.03 0.03459919
16.04 0.03003062
16.05 0.02207343
16.06 0.01383814
16.07 0.006917926
16.08 0.00138276
16.09 0.001219746
16.1 0.004918087
16.11 0.006339209
16.12 0.003588892
16.13 -0.003074346
16.14 -0.009314919
16.15 -0.01015467
16.16 -0.01073798
16.17 -0.01368619
16.18 -0.01781829
16.19 -0.02154148
16.2 -0.02120935
16.21 -0.01569339
16.22 -0.004469513
16.23 0.007551776
16.24 0.01437477
16.25 0.01513491
16.26 0.01381266
16.27 0.01553945
16.28 0.01969273
16.29 0.02385311
16.3 0.0265161
16.31 0.02578453
16.32 0.0220691
16.33 0.01697735
16.34 0.01181881
16.35 0.005382669
16.36 -0.0004440698
16.37 -0.00197221
16.38 1.676468e-05
16.39 -0.0002017868
16.4 -0.005118771
16.41 -0.008194766
16.42 -0.008519187
16.43 -0.01054326
16.44 -0.01672776
16.45 -0.02614821
16.46 -0.0355132
16.47 -0.04087534
16.48 -0.04239176
16.49 -0.03804069
16.5 -0.02902723
16.51 -0.01999251
16.52 -0.01042162
16.53 -0.0006361511
16.54 0.00681818
16.55 0.01169867
16.56 0.01512694
16.57 0.01777914
16.58 0.01939348
16.59 0.0173368
16.6 0.008962925
16.61 -0.005978824
16.62 -0.01679145
16.63 -0.01773744
16.64 -0.0126466
16.65 -0.004614859
16.66 0.005408806
16.67 0.009517091
16.68 0.01054105
16.69 0.01249889
16.7 0.01231057
16.71 0.01114872
16.72 0.01251608
16.73 0.01550798
16.74 0.01849762
16.75 0.0190065
16.76 0.017242
16.77 0.01367981
16.78 0.009754301
16.79 0.006751633
16.8 0.003411898
16.81 -5.489971e-05
16.82 -0.002006484
16.83 -0.0009628688
16.84 0.002304309
16.85 0.005901563
16.86 0.01003246
16.87 0.009872829
16.88 0.003260842
16.89 -0.007274621
16.9 -0.01864613
16.91 -0.02737263
16.92 -0.03203998
16.93 -0.03251215
16.94 -0.02869994
16.95 -0.01862895
16.96 -0.002713313
16.97 0.01096794
16.98 0.01653212
16.99 0.0158329
17 0.01350204
17.01 0.01158017
17.02 0.01071973
17.03 0.007827754
17.04 -0.0004487182
17.05 -0.01202554
17.06 -0.02043003
17.07 -0.02202038
17.08 -0.01841624
17.09 -0.01154725
17.1 -0.003374307
17.11 0.004377464
17.12 0.01153068
17.13 0.0155643
17.14 0.01642829
17.15 0.0157165
17.16 0.01218444
17.17 0.005309547
17.18 -0.003027907
17.19 -0.01022328
17.2 -0.0139755
17.21 -0.01315709
17.22 -0.008263799
17.23 0.0008112139
17.24 0.01044968
17.25 0.01684059
17.26 0.02149571
17.27 0.02564135
17.28 0.02662953
17.29 0.0214532
17.3 0.01214804
17.31 0.0009441663
17.32 -0.01134857
17.33 -0.02248856
17.34 -0.02932857
17.35 -0.03095986
17.36 -0.02822512
17.37 -0.02153392
17.38 -0.01253573
17.39 -0.003741838
17.4 0.002336994
17.41 0.006263592
17.42 0.005737958
17.43 0.003323025
17.44 -8.491623e-05
17.45 -0.0002663089
17.46 0.003891321
17.47 0.008565465
17.48 0.01055302
17.49 0.007998918
17.5 0.001236947
17.51 -0.005964581
17.52 -0.01048531
17.53 -0.01190692
17.54 -0.01138085
17.55 -0.007794343
17.56 -0.0005016032
17.57 0.006703081
17.58 0.0086764
17.59 0.006880984
17.6 0.003230835
17.61 -0.001329898
17.62 -0.002866257
17.63 -0.003510207
17.64 -0.006087336
17.65 -0.01108217
17.66 -0.01367902
17.67 -0.01183802
17.68 -0.007553503
17.69 -0.003308799
17.7 -0.0006460767
17.71 -0.001166117
17.72 -0.004130321
17.73 -0.006383317
17.74 -0.00482839
17.75 -0.003568509
17.76 -0.005542219
17.77 -0.01193158
17.78 -0.02059525
17.79 -0.02601682
17.8 -0.02357403
17.81 -0.01149277
17.82 0.00385267
17.83 0.01416564
17.84 0.01654455
17.85 0.0144133
17.86 0.01304033
17.87 0.01475687
17.88 0.01861797
17.89 0.02239327
17.9 0.02467285
17.91 0.02387567
17.92 0.018915
17.93 0.009544423
17.94 -0.002494121
17.95 -0.01201657
17.96 -0.01712724
17.97 -0.01781383
17.98 -0.01438065
17.99 -0.0101932
18 -0.008210452
18.01 -0.008454961
18.02 -0.01071376
18.03 -0.0131931
18.04 -0.01463237
18.05 -0.01541579
18.06 -0.01575334
18.07 -0.01511641
18.08 -0.01028889
18.09 0.0004529078
18.1 0.0102578
18.11 0.01510533
18.12 0.01666647
18.13 0.01702885
18.14 0.01567059
18.15 0.01302879
18.16 0.01215485
18.17 0.01244216
18.18 0.01147203
18.19 0.008812312
18.2 0.003325545
18.21 -0.002055037
18.22 -0.006220446
18.23 -0.00920564
18.24 -0.008877178
18.25 -0.005852774
18.26 -0.0004736406
18.27 0.005895027
18.28 0.01109483
18.29 0.01329844
18.3 0.01396234
18.31 0.01384275
18.32 0.01296186
18.33 0.01176927
18.34 0.01120268
18.35 0.01132551
18.36 0.01259901
18.37 0.0149067
18.38 0.01523391
18.39 0.01322605
18.4 0.01011669
18.41 0.005816099
18.42 0.0009412106
18.43 -0.001983188
18.44 -0.00334875
18.45 -0.004078887
18.46 -0.003574396
18.47 -0.001279452
18.48 0.001576228
18.49 0.003699666
18.5 0.004571712
18.51 0.004875155
18.52 0.004618446
18.53 0.00308832
18.54 0.002174119
18.55 0.003556532
18.56 0.006476776
18.57 0.007079411
18.58 0.004148851
18.59 -0.003748716
18.6 -0.01049016
18.61 -0.01160684
18.62 -0.008747736
18.63 -0.004958402
18.64 -0.001366035
18.65 0.003100524
18.66 0.007539251
18.67 0.008520258
18.68 0.004922459
18.69 -0.001047421
18.7 -0.009289514
18.71 -0.01550034
18.72 -0.01678561
18.73 -0.01467206
18.74 -0.01155618
18.75 -0.007986853
18.76 -0.003631567
18.77 0.0009149255
18.78 0.001993141
18.79 0.0009811158
18.8 -0.0009866696
18.81 -0.002380075
18.82 -0.003205873
18.83 -0.003216906
18.84 -0.003039551
18.85 -0.003450758
18.86 -0.003622441
18.87 -0.003016908
18.88 -0.002084076
18.89 -0.002794131
18.9 -0.006574106
18.91 -0.01124193
18.92 -0.01404801
18.93 -0.01421496
18.94 -0.01309835
18.95 -0.01025169
18.96 -0.005455768
18.97 -0.0003729112
18.98 0.0003954411
18.99 -0.002915927
19 -0.006180633
19.01 -0.006796273
19.02 -0.004836796
19.03 -0.00104042
19.04 0.002245129
19.05 0.004468115
19.06 0.004287661
19.07 0.002114043
19.08 -0.004827472
19.09 -0.0145429
19.1 -0.02155627
19.11 -0.02172359
19.12 -0.01432279
19.13 0.0009215972
19.14 0.01450102
19.15 0.02025385
19.16 0.02200166
19.17 0.02148228
19.18 0.01594842
19.19 0.003681385
19.2 -0.011212
19.21 -0.0216507
19.22 -0.0279295
19.23 -0.03105529
19.24 -0.02885106
19.25 -0.02132605
19.26 -0.008079395
19.27 0.003586818
19.28 0.00812287
19.29 0.008011655
19.3 0.00788756
19.31 0.009043378
19.32 0.01023085
19.33 0.008433524
19.34 0.004999643
19.35 0.003297686
19.36 0.004541551
19.37 0.008400894
19.38 0.0122345
19.39 0.01588034
19.4 0.01907356
19.41 0.02046986
19.42 0.02125218
19.43 0.02246801
19.44 0.0201024
19.45 0.01328064
19.46 0.005436556
19.47 -0.0006655339
19.48 -0.001750671
19.49 0.000485473
19.5 -0.0001384918
19.51 -0.00543795
19.52 -0.0098189
19.53 -0.007755584
19.54 0.0004979436
19.55 0.009985595
19.56 0.01381023
19.57 0.01243608
19.58 0.007770665
19.59 0.002435826
19.6 0.001075297
19.61 0.0004924773
19.62 0.001526824
19.63 0.004833523
19.64 0.007046241
19.65 0.008541799
19.66 0.009141776
19.67 0.008298144
19.68 0.003173913
19.69 -0.00411332
19.7 -0.008960495
19.71 -0.01182839
19.72 -0.01206323
19.73 -0.007446616
19.74 -0.002673251
19.75 -0.00154249
19.76 -0.002147154
19.77 -0.001447648
19.78 0.0003588219
19.79 0.002934452
19.8 0.003279381
19.81 0.000542034
19.82 -0.004971993
19.83 -0.01044423
19.84 -0.01310298
19.85 -0.01109174
19.86 -0.005629501
19.87 -0.0008269365
19.88 0.001331845
19.89 0.003153466
19.9 0.006162583
19.91 0.01113786
19.92 0.01687699
19.93 0.02030761
19.94 0.02065578
19.95 0.01831275
19.96 0.01478858
19.97 0.009773995
19.98 0.00227475
19.99 -0.007019095
20 -0.01596394
20.01 -0.02220927
20.02 -0.02426449
20.03 -0.02036104
20.04 -0.01247793
20.05 -0.006115544
20.06 -0.003766128
20.07 -0.004037024
20.08 -0.003027898
20.09 -0.000635446
20.1 -0.000240591
20.11 -0.0006493367
20.12 0.001202396
20.13 0.003390964
20.14 0.004198744
20.15 0.005431897
20.16 0.004902283
20.17 0.002567742
20.18 0.001004055
20.19 0.00301278
20.2 0.008068967
20.21 0.01290374
20.22 0.0155531
20.23 0.01802845
20.24 0.01730101
20.25 0.01425178
20.26 0.01037763
20.27 0.005146504
20.28 -0.001975274
20.29 -0.009703791
20.3 -0.01624621
20.31 -0.01955114
20.32 -0.01924553
20.33 -0.01522346
20.34 -0.009941725
20.35 -0.004998609
20.36 -0.001888466
20.37 -0.001093892
20.38 -0.001054787
20.39 -0.002581516
20.4 -0.005913563
20.41 -0.01045288
20.42 -0.01356329
20.43 -0.01606387
20.44 -0.01731969
20.45 -0.01726113
20.46 -0.01555489
20.47 -0.01343091
20.48 -0.01180545
20.49 -0.01037106
20.5 -0.008925304
20.51 -0.006985146
20.52 -0.002966885
20.53 0.002404053
20.54 0.00643657
20.55 0.01016603
20.56 0.01099667
20.57 0.01021844
20.58 0.009309448
20.59 0.006983915
20.6 0.002173
20.61 -0.004709205
20.62 -0.009463933
20.63 -0.008703107
20.64 -0.005953784
20.65 -0.003467028
20.66 -0.0005470787
20.67 0.00253976
20.68 0.004121783
20.69 0.004864247
20.7 0.005153132
20.71 0.003859502
20.72 0.00200516
20.73 0.00106528
20.74 0.0004260221
20.75 6.795406e-05
20.76 0.0005721522
20.77 -0.001010701
20.78 -0.005286749
20.79 -0.009640681
20.8 -0.01254684
20.81 -0.01318975
20.82 -0.0110511
20.83 -0.006945991
20.84 -0.003968824
20.85 -0.004794837
20.86 -0.007444534
20.87 -0.007531788
20.88 -0.002896045
20.89 0.002814972
20.9 0.00645774
20.91 0.007386272
20.92 0.005347632
20.93 0.002406741
20.94 0.0008170857
20.95 0.002266954
20.96 0.006023808
20.97 0.007736947
20.98 0.005596599
20.99 0.003931415
21 0.007040475
21.01 0.01377971
21.02 0.01895144
21.03 0.01747461
21.04 0.011541
21.05 0.005324151
21.06 -0.0003530577
21.07 -0.00645619
21.08 -0.01341839
21.09 -0.0195477
21.1 -0.02210405
21.11 -0.02120011
21.12 -0.01403459
21.13 -0.001471705
21.14 0.01281523
21.15 0.02410712
21.16 0.03019261
21.17 0.03068195
21.18 0.02626952
21.19 0.0181663
21.2 0.007215776
21.21 -0.002544592
21.22 -0.005564224
21.23 -0.002508968
21.24 0.0006428397
21.25 0.001643425
21.26 0.001618101
21.27 0.003510795
21.28 0.006147745
21.29 0.00875293
21.3 0.01018379
21.31 0.009064823
21.32 0.004796792
21.33 -0.001277447
21.34 -0.006840017
21.35 -0.0102207
21.36 -0.01171059
21.37 -0.01082936
21.38 -0.008024958
21.39 -0.002419047
21.4 0.008399705
21.41 0.0203098
21.42 0.02677666
21.43 0.02773417
21.44 0.02548343
21.45 0.02114529
21.46 0.01506422
21.47 0.009858681
21.48 0.007821313
21.49 0.006005254
21.5 0.002627096
21.51 -0.001319973
21.52 -0.005050123
21.53 -0.006264336
21.54 -0.004780518
21.55 -0.003327571
21.56 -0.003986465
21.57 -0.005292727
21.58 -0.005607043
21.59 -0.004331068
21.6 -0.001412696
21.61 0.0001025694
21.62 0.0004322531
21.63 -0.0004114549
21.64 -0.002259915
21.65 -0.002461982
21.66 -0.002067378
21.67 -0.003914148
21.68 -0.005994145
21.69 -0.006297691
21.7 -0.005811097
21.71 -0.003432959
21.72 0.0009771247
21.73 0.004320188
21.74 0.003804268
21.75 -0.0007725422
21.76 -0.005091725
21.77 -0.007041631
21.78 -0.008186075
21.79 -0.0090363
21.8 -0.009880005
21.81 -0.0110296
21.82 -0.01143437
21.83 -0.01187237
21.84 -0.01176271
21.85 -0.009947989
21.86 -0.00857527
21.87 -0.008876576
21.88 -0.01020304
21.89 -0.0121606
21.9 -0.01361928
21.91 -0.01337062
21.92 -0.01018535
21.93 -0.006230519
21.94 -0.002181823
21.95 -0.0006199641
21.96 -0.0006921453
21.97 -0.0003416934
21.98 -0.0001607387
21.99 0.0001925121
22 0.00186031
22.01 0.003628284
22.02 0.003824337
22.03 0.002034832
22.04 -0.0001044851
22.05 -0.001012342
22.06 -0.0003207623
22.07 0.001301207
22.08 0.002943973
22.09 0.004400446
22.1 0.005848922
22.11 0.006654109
22.12 0.006600704
22.13 0.005974036
22.14 0.00350554
22.15 0.001566948
22.16 0.001339256
22.17 -0.0003990096
22.18 -0.004417512
22.19 -0.005792082
22.2 -0.002751349
22.21 0.00179243
22.22 0.003439816
22.23 0.001567647
22.24 -0.002184994
22.25 -0.004907406
22.26 -0.002919433
22.27 0.003331408
22.28 0.008893805
22.29 0.00964928
22.3 0.008079172
22.31 0.006591313
22.32 0.006448121
22.33 0.006587951
22.34 0.005821742
22.35 0.005026862
22.36 0.001383086
22.37 -0.00592627
22.38 -0.011415
22.39 -0.01163142
22.4 -0.008328711
22.41 -0.003867131
22.42 -0.000270598
22.43 2.139258e-05
22.44 -0.001920596
22.45 -0.00129334
22.46 0.0009488029
22.47 0.004543796
22.48 0.006279149
22.49 0.005860528
22.5 0.003498016
22.51 -0.001816563
22.52 -0.004909971
22.53 -0.00522775
22.54 -0.006723414
22.55 -0.009322843
22.56 -0.009618599
22.57 -0.006652779
22.58 -0.0004842726
22.59 0.004739083
22.6 0.004130218
22.61 -0.0005910077
22.62 -0.005324346
22.63 -0.008884414
22.64 -0.009969806
22.65 -0.008575083
22.66 -0.004408689
22.67 0.001396256
22.68 0.005605728
22.69 0.006186301
22.7 0.005625244
22.71 0.004812838
22.72 0.002753601
22.73 0.0002469955
22.74 -0.003431877
22.75 -0.006980296
22.76 -0.009648376
22.77 -0.01092805
22.78 -0.01064285
22.79 -0.007646376
22.8 -0.004492386
22.81 -0.003352517
22.82 -0.003869787
22.83 -0.004656565
22.84 -0.00508565
22.85 -0.00633956
22.86 -0.006880643
22.87 -0.005779789
22.88 -0.004263254
22.89 -0.00309165
22.9 -0.003604705
22.91 -0.004113803
22.92 -0.003349569
22.93 -0.001465385
22.94 0.0001420317
22.95 0.002133659
22.96 0.005479806
22.97 0.006848397
22.98 0.005543259
22.99 0.001360315
23 -0.004288306
23.01 -0.007392251
23.02 -0.006571068
23.03 -0.001922194
23.04 0.002720442
23.05 0.007471943
23.06 0.01165696
23.07 0.0134965
23.08 0.01314103
23.09 0.01343192
23.1 0.01388743
23.11 0.01476153
23.12 0.0161694
23.13 0.0151038
23.14 0.01216856
23.15 0.00723683
23.16 0.001920594
23.17 -0.0005389456
23.18 -0.0003701012
23.19 0.001074451
23.2 0.002159776
23.21 0.001516032
23.22 -0.0002085484
23.23 -0.001905244
23.24 -0.003251633
23.25 -0.002645191
23.26 0.001728045
23.27 0.006082336
23.28 0.006822244
23.29 0.004212102
23.3 -7.028081e-05
23.31 -0.002754785
23.32 -0.002777801
23.33 -0.0005061102
23.34 0.003430156
23.35 0.008333471
23.36 0.01430812
23.37 0.0193178
23.38 0.020483
23.39 0.0161489
23.4 0.00854265
23.41 0.0003129095
23.42 -0.007130987
23.43 -0.01190699
23.44 -0.01329095
23.45 -0.01141184
23.46 -0.008676395
23.47 -0.006741498
23.48 -0.006658547
23.49 -0.007181778
23.5 -0.005696323
23.51 -0.002836564
23.52 0.0003969819
23.53 0.003066857
23.54 0.005146874
23.55 0.007091302
23.56 0.009068001
23.57 0.009063685
23.58 0.007173828
23.59 0.004364701
23.6 -0.0001474315
23.61 -0.004278569
23.62 -0.006485524
23.63 -0.007701835
23.64 -0.007806866
23.65 -0.006631234
23.66 -0.00522682
23.67 -0.003591815
23.68 -0.00224275
23.69 -0.001295387
23.7 0.0003363348
23.71 0.002690568
23.72 0.004270889
23.73 0.005090005
23.74 0.005285914
23.75 0.004835056
23.76 0.004484772
23.77 0.002133977
23.78 -0.00358999
23.79 -0.009193059
23.8 -0.01222022
23.81 -0.01151172
23.82 -0.009026047
23.83 -0.006675686
23.84 -0.003599916
23.85 -0.0007157403
23.86 0.002841698
23.87 0.007224051
23.88 0.009242905
23.89 0.008259712
23.9 0.005339665
23.91 0.001260876
23.92 -0.001630259
23.93 -0.002516096
23.94 -0.002641022
23.95 -0.001961013
23.96 0.0010718
23.97 0.005460538
23.98 0.008722228
23.99 0.01006709
24 0.008878941
24.01 0.004192221
24.02 -0.001003582
24.03 -0.003718137
24.04 -0.002948474
24.05 -0.002531563
24.06 -0.003573394
24.07 -0.004386539
24.08 -0.005151911
24.09 -0.004964555
24.1 -0.004567423
24.11 -0.004549691
24.12 -0.002439954
24.13 -0.0004559775
24.14 0.0003461941
24.15 0.002175071
24.16 0.004109769
24.17 0.004091769
24.18 0.002266898
24.19 0.001505471
24.2 0.001011676
24.21 0.0009235397
24.22 0.001745052
24.23 0.001917753
24.24 -0.0005619227
24.25 -0.003354129
24.26 -0.003701484
24.27 -0.0008622005
24.28 0.001694456
24.29 0.00308558
24.3 0.003200241
24.31 0.001443787
24.32 -0.0005791617
24.33 -0.002354478
24.34 -0.004857196
24.35 -0.007223712
24.36 -0.009427102
24.37 -0.01048388
24.38 -0.00974485
24.39 -0.006469645
24.4 -0.001540065
24.41 0.004893658
24.42 0.009445556
24.43 0.01045181
24.44 0.009948724
24.45 0.008071351
24.46 0.006596723
24.47 0.006640345
24.48 0.006339175
24.49 0.004653793
24.5 0.002820813
24.51 -0.0002421611
24.52 -0.002348674
24.53 -0.002320308
24.54 -0.002048473
24.55 -0.002289474
24.56 -0.004061701
24.57 -0.006900866
24.58 -0.007754397
24.59 -0.007801663
24.6 -0.007227052
24.61 -0.003023131
24.62 0.002444292
24.63 0.00594119
24.64 0.008032623
24.65 0.008431847
24.66 0.00950866
24.67 0.01279742
24.68 0.01691934
24.69 0.01437366
24.7 0.006137852
24.71 0.000170021
24.72 -0.00420997
24.73 -0.008490089
24.74 -0.01081426
24.75 -0.01169342
24.76 -0.00942172
24.77 -0.005167962
24.78 -0.002823206
24.79 -0.003613858
24.8 -0.006308996
24.81 -0.008096513
24.82 -0.007783762
24.83 -0.005826079
24.84 -0.004036566
24.85 -0.002568472
24.86 -0.002254703
24.87 -0.003014946
24.88 -0.004858514
24.89 -0.007406057
24.9 -0.009276691
24.91 -0.009224061
24.92 -0.005673741
24.93 -0.0007038369
24.94 0.00230041
24.95 0.002241338
24.96 0.001051674
24.97 -0.0006447464
24.98 -0.001160736
24.99 -0.0004135323
25 0.0002722186
25.01 0.001481913
25.02 0.002567834
25.03 0.003179257
25.04 0.004780943
25.05 0.006235833
25.06 0.007410038
25.07 0.007370886
25.08 0.005283567
25.09 0.002720663
25.1 -0.001059656
25.11 -0.005221404
25.12 -0.006235281
25.13 -0.00823581
25.14 -0.01013198
25.15 -0.007356479
25.16 -0.002214538
25.17 0.00276166
25.18 0.005849541
25.19 0.006253977
25.2 0.005000906
25.21 0.002914989
25.22 0.0017424
25.23 0.001567383
25.24 -0.001966232
25.25 -0.00755615
25.26 -0.01075914
25.27 -0.01067344
25.28 -0.008152874
25.29 -0.004300807
25.3 9.559673e-08
25.31 0.004345118
25.32 0.007973872
25.33 0.01081074
25.34 0.01338985
25.35 0.01491573
25.36 0.0136051
25.37 0.009975087
25.38 0.006279684
25.39 0.004515697
25.4 0.00486782
25.41 0.004687212
25.42 0.001228244
25.43 -0.003368385
25.44 -0.008571141
25.45 -0.01239424
25.46 -0.01550212
25.47 -0.01461383
25.48 -0.009185331
25.49 -0.002874539
25.5 0.003440928
25.51 0.007440241
25.52 0.008947002
25.53 0.00782101
25.54 0.004841279
25.55 0.002161514
25.56 0.001279349
25.57 0.003527757
25.58 0.006533787
25.59 0.005996627
25.6 0.002693461
25.61 -0.0003468996
25.62 -0.000921052
25.63 -0.001138318
25.64 -0.002813503
25.65 -0.005377612
25.66 -0.007142953
25.67 -0.005212975
25.68 -0.002671045
25.69 -0.0001362481
25.7 0.002656198
25.71 0.003452749
25.72 0.001298805
25.73 -0.0009516201
25.74 -0.001748409
25.75 -0.00178872
25.76 -0.0008337263
25.77 0.001105587
25.78 0.001852286
25.79 0.0004459039
25.8 -0.002131166
25.81 -0.005031794
25.82 -0.005934467
25.83 -0.00498007
25.84 -0.003159567
25.85 -0.0007307635
25.86 0.0007476318
25.87 0.0003496731
25.88 -0.0001876366
25.89 -3.071307e-05
25.9 0.0002332917
25.91 0.001332666
25.92 0.00230215
25.93 0.002458002
25.94 0.001169325
25.95 -0.001090167
25.96 -0.001948927
25.97 -0.001504961
25.98 -0.001094717
25.99 -0.001367713
26 -0.001977542
26.01 -0.0006942557
26.02 0.002946395
26.03 0.007091859
26.04 0.008071542
26.05 0.007427851
26.06 0.006062824
26.07 0.001491093
26.08 -0.003566549
26.09 -0.00530178
26.1 -0.006496532
26.11 -0.007704503
26.12 -0.00788256
26.13 -0.007630246
26.14 -0.007692672
26.15 -0.007280299
26.16 -0.005052625
26.17 -0.001063386
26.18 0.002887825
26.19 0.005292957
26.2 0.006040037
26.21 0.005719657
26.22 0.004899207
26.23 0.003672972
26.24 0.002409703
26.25 0.001838145
26.26 0.002483301
26.27 0.003484975
26.28 0.004864103
26.29 0.004403918
26.3 0.002091589
26.31 0.000270873
26.32 0.0002594292
26.33 0.002747118
26.34 0.005015005
26.35 0.005416358
26.36 0.004720782
26.37 0.00420039
26.38 0.004330998
26.39 0.004584094
26.4 0.004479501
26.41 0.004191792
26.42 0.004013309
26.43 0.003472733
26.44 0.00315712
26.45 0.003025498
26.46 0.002373758
26.47 0.001093843
26.48 -0.0005289202
26.49 -0.002290646
26.5 -0.002466409
26.51 -0.001568681
26.52 -0.0006142863
26.53 -0.0001620363
26.54 -0.001413416
26.55 -0.003958092
26.56 -0.006568873
26.57 -0.007571217
26.58 -0.007495429
26.59 -0.007652424
26.6 -0.007300653
26.61 -0.006537351
26.62 -0.004266748
26.63 -0.001617099
26.64 -0.001239318
26.65 -0.003374942
26.66 -0.005960365
26.67 -0.007448444
26.68 -0.00687944
26.69 -0.003497367
26.7 0.0008848347
26.71 0.003992912
26.72 0.005559651
26.73 0.006870344
26.74 0.008032997
26.75 0.008067591
26.76 0.007839127
26.77 0.006912579
26.78 0.00487383
26.79 0.002909199
26.8 0.001521552
26.81 -0.0005349815
26.82 -0.003036238
26.83 -0.005403459
26.84 -0.006874658
26.85 -0.008279793
26.86 -0.008497107
26.87 -0.006204914
26.88 -0.001641872
26.89 0.002434715
26.9 0.003515335
26.91 0.002410311
26.92 -0.0001736551
26.93 -0.001802975
26.94 -0.001679099
26.95 -0.001464663
26.96 -0.001565556
26.97 -0.00161154
26.98 -0.001095671
26.99 0.0001268544
27 0.0008602895
27.01 -0.0009478361
27.02 -0.004267234
27.03 -0.006915328
27.04 -0.007862493
27.05 -0.007498039
27.06 -0.007010073
27.07 -0.00703179
27.08 -0.007177062
27.09 -0.007181734
27.1 -0.007320884
27.11 -0.007457971
27.12 -0.006817019
27.13 -0.005013883
27.14 -0.003463542
27.15 -0.002241663
27.16 -0.001204803
27.17 -0.0006001044
27.18 -0.0004556249
27.19 0.001837708
27.2 0.005187315
27.21 0.006857974
27.22 0.008438236
27.23 0.008974494
27.24 0.006286928
27.25 0.003020402
27.26 1.463433e-05
27.27 -0.00148567
27.28 -0.004288793
27.29 -0.00882826
27.3 -0.0111202
27.31 -0.01078618
27.32 -0.009461082
27.33 -0.005577386
27.34 -0.001379802
27.35 0.0009618355
27.36 0.003050684
27.37 0.003164949
27.38 0.00190092
27.39 0.001076069
27.4 0.0009362527
27.41 0.0009790411
27.42 0.002342339
27.43 0.003941487
27.44 0.004376877
27.45 0.00421374
27.46 0.004112302
27.47 0.003643952
27.48 0.002285088
27.49 0.0002027666
27.5 -0.0008222393
27.51 -0.0006485679
27.52 -0.0003834756
27.53 0.001577049
27.54 0.004225434
27.55 0.005900406
27.56 0.006833047
27.57 0.006669952
27.58 0.005970044
27.59 0.005939055
27.6 0.005056199
27.61 0.003572746
27.62 0.003284902
27.63 0.004056053
27.64 0.003899147
27.65 0.00352502
27.66 0.003630122
27.67 0.004091517
27.68 0.004519417
27.69 0.004096825
27.7 0.003457111
27.71 0.002624017
27.72 0.001437576
27.73 0.001140147
27.74 0.0005581352
27.75 -0.0004928564
27.76 -0.0004243339
27.77 0.003559844
27.78 0.009372627
27.79 0.01420263
27.8 0.01651789
27.81 0.01539828
27.82 0.01217588
27.83 0.008577717
27.84 0.005118856
27.85 0.001358308
27.86 -0.0003436479
27.87 0.0002960544
27.88 0.00120218
27.89 0.001395953
27.9 -0.0001728712
27.91 -0.001902967
27.92 -0.003612483
27.93 -0.004797328
27.94 -0.004835385
27.95 -0.004602138
27.96 -0.004389687
27.97 -0.004089068
27.98 -0.003677436
27.99 -0.002636047
28 -0.001116725
28.01 0.0006772713
28.02 0.002170862
28.03 0.002279931
28.04 0.0006759
28.05 -0.001286271
28.06 -0.001947931
28.07 -0.001050814
28.08 0.0007076198
28.09 0.001865313
28.1 0.001147252
28.11 -0.0007143345
28.12 -0.001800022
28.13 -0.00213674
28.14 -0.002292862
28.15 -0.001789429
28.16 -0.0005435327
28.17 0.000287661
28.18 -0.0007027407
28.19 -0.002112262
28.2 -0.00231839
28.21 -0.00205554
28.22 -0.001972608
28.23 -0.001604197
28.24 -0.0003524276
28.25 0.001059763
28.26 0.002030428
28.27 0.002556218
28.28 0.002619441
28.29 0.002361658
28.3 0.001671867
28.31 0.001355455
28.32 0.001558458
28.33 0.000721948
28.34 -0.0003466889
28.35 -0.001213752
28.36 -0.001926298
28.37 -0.00168901
28.38 -0.001503527
28.39 -0.002471873
28.4 -0.004370444
28.41 -0.005916663
28.42 -0.006691988
28.43 -0.006661824
28.44 -0.005822335
28.45 -0.005280098
28.46 -0.004918058
28.47 -0.003904173
28.48 -0.00214432
28.49 -0.0006031409
28.5 -0.00014969
28.51 -0.0004224391
28.52 -0.0009633187
28.53 -0.001661247
28.54 -0.002091833
28.55 -0.001963951
28.56 -0.00145069
28.57 -0.001136539
28.58 -0.000870615
28.59 -0.0006822986
28.6 -0.0008798258
28.61 -0.001102778
28.62 -0.0004199611
28.63 0.0005591151
28.64 0.000921438
28.65 0.0003296227
28.66 -0.0004625021
28.67 -0.0009653938
28.68 -0.00155367
28.69 -0.002145509
28.7 -0.002843003
28.71 -0.003173178
28.72 -0.003332129
28.73 -0.002740848
28.74 -0.001606221
28.75 -0.0003048251
28.76 0.001512999
28.77 0.00284121
28.78 0.002812651
28.79 0.002103877
28.8 0.001081483
28.81 7.475895e-05
28.82 7.688734e-05
28.83 0.0009297698
28.84 0.001633708
28.85 0.001539059
28.86 0.001281197
28.87 0.00127408
28.88 0.001327156
28.89 0.001563432
28.9 0.001592584
28.91 0.001435539
28.92 0.0009211805
28.93 0.000113943
28.94 -0.0005817851
28.95 -0.001005754
28.96 -0.001213497
28.97 -0.001242674
28.98 -0.001208436
28.99 -0.00105746
29 -0.0006624631
29.01 -0.0002732617
29.02 -0.0001898749
29.03 -0.0003077815
29.04 -0.000471948
29.05 -0.0005238356
29.06 -0.0003683241
29.07 -0.0001745424
29.08 0.0001089808
29.09 0.0004126135
29.1 0.0006040178
29.11 0.0006220494
29.12 0.0005410915
29.13 0.0004583404
29.14 0.0003504488
29.15 0.0003443081
29.16 0.0004276177
29.17 0.0005044784
29.18 0.0005960343
29.19 0.0006331787
29.2 0.0006442297
29.21 0.0006176373
29.22 0.000571832
29.23 0.0005786476
29.24 0.0005120264
29.25 0.0003086963
29.26 0.0001174533
29.27 -3.928605e-05
29.28 -0.0002077361
29.29 -0.0004766986
29.3 -0.0006890681
29.31 -0.0007529814
29.32 -0.0006840156
29.33 -0.0004877278
29.34 -0.0003372581
29.35 -0.0002154588
29.36 -9.89491e-05
29.37 -6.216066e-05
29.38 -4.909729e-05
29.39 -3.18699e-05
29.4 2.60579e-06
29.41 9.286968e-05
29.42 0.0001349374
29.43 7.923336e-05
29.44 2.31627e-05
29.45 2.831709e-05
29.46 5.982805e-05
29.47 9.203626e-05
29.48 0.0001127337
29.49 8.820147e-05
29.5 6.214835e-05
29.51 6.715365e-05
29.52 8.963775e-05
29.53 0.0001283532
29.54 0.0001392061
29.55 0.0001307757
29.56 0.0001198833
29.57 9.445467e-05
29.58 8.116564e-05
29.59 8.107856e-05
29.6 7.781813e-05
29.61 8.293634e-05
29.62 0.0001031794
29.63 0.000118201
29.64 0.0001269329
29.65 0.00013029
29.66 0.0001235242
29.67 0.0001079301
29.68 9.523141e-05
29.69 8.817425e-05
29.7 8.346934e-05
29.71 8.369921e-05
29.72 8.741212e-05
29.73 8.7547e-05
29.74 8.370356e-05
29.75 7.841199e-05
29.76 7.501823e-05
29.77 7.252316e-05
29.78 7.160448e-05
29.79 7.199808e-05
29.8 7.131368e-05
29.81 6.949523e-05
29.82 6.781431e-05
29.83 6.614744e-05
29.84 6.401559e-05
29.85 6.185002e-05
29.86 5.97773e-05
29.87 5.782675e-05
29.88 5.596462e-05
29.89 5.414422e-05
29.9 5.232616e-05
29.91 5.051499e-05
29.92 4.870973e-05
29.93 4.693144e-05
29.94 4.520167e-05
29.95 4.353237e-05
29.96 4.192887e-05
29.97 4.03921e-05
29.98 3.892256e-05
