0 -8.655976e-05
0.01 -8.969961e-05
0.02 -9.272698e-05
0.03 -9.455269e-05
0.04 -9.791283e-05
0.05 -0.0001032219
0.06 -0.0001067294
0.07 -0.0001095487
0.08 -0.0001133556
0.09 -0.0001172947
0.1 -0.0001209539
0.11 -0.0001247366
0.12 -0.0001287137
0.13 -0.0001327096
0.14 -0.0001417545
0.15 -0.0001770417
0.16 -0.0002072987
0.17 -0.0001898879
0.18 -0.0001198576
0.19 -7.656433e-05
0.2 -0.0001382696
0.21 -0.0002459754
0.22 -0.000285367
0.23 -0.0002805326
0.24 -0.0002907655
0.25 -0.0003099007
0.26 -0.0003002144
0.27 -0.0001842201
0.28 -3.477492e-05
0.29 -1.41707e-06
0.3 -3.348209e-05
0.31 -0.0001346219
0.32 -0.000176897
0.33 -3.708335e-05
0.34 4.497849e-05
0.35 2.896614e-05
0.36 -3.159709e-05
0.37 -0.0003431003
0.38 -0.0005730803
0.39 -0.0005615755
0.4 -0.000544769
0.41 -0.0005794909
0.42 -0.0006059242
0.43 -0.000620986
0.44 -0.0006403922
0.45 -0.0006564348
0.46 -0.0006674844
0.47 -0.0006839289
0.48 -0.0006189903
0.49 -0.0003460555
0.5 -3.661103e-05
0.51 0.0002038929
0.52 -1.465759e-05
0.53 -0.0002314345
0.54 -1.400196e-05
0.55 -0.0001334678
0.56 -0.0005550142
0.57 -0.0008851699
0.58 -0.0009133586
0.59 -0.0008835594
0.6 -0.0007285099
0.61 -0.0003244934
0.62 -0.0001478055
0.63 0.0001532198
0.64 0.0004992775
0.65 0.0003552782
0.66 8.424925e-05
0.67 0.0003661121
0.68 0.000260614
0.69 0.0001624812
0.7 -2.672043e-05
0.71 -0.0002912633
0.72 -0.0003398205
0.73 -0.0007372038
0.74 -0.001158849
0.75 -0.0006109122
0.76 -0.000373446
0.77 -0.0007447199
0.78 2.333919e-05
0.79 0.0008555421
0.8 0.0002691527
0.81 -0.0003662572
0.82 4.695582e-05
0.83 0.000851831
0.84 0.000557356
0.85 0.0004359181
0.86 0.0009720367
0.87 0.001117823
0.88 0.00102748
0.89 0.0009059328
0.9 -0.0003980811
0.91 -0.001687142
0.92 -0.001660589
0.93 -0.001023515
0.94 -0.0002066622
0.95 9.476452e-05
0.96 0.0005631493
0.97 0.000611607
0.98 0.001028977
0.99 0.00147352
1 0.001478603
1.01 0.001252829
1.02 0.0003446267
1.03 -0.0002518342
1.04 -0.0001959013
1.05 -0.0007904231
1.06 -0.001795662
1.07 -0.001947619
1.08 -0.001755891
1.09 -0.001187342
1.1 -8.529105e-05
1.11 0.001026475
1.12 0.00162561
1.13 0.000597204
1.14 -0.000238826
1.15 -0.0007523642
1.16 -0.001700236
1.17 -0.001802607
1.18 -0.0006064857
1.19 0.0006220362
1.2 0.001692546
1.21 0.001315901
1.22 0.0001569135
1.23 -5.839396e-06
1.24 0.0002128579
1.25 0.0002110092
1.26 0.0001648902
1.27 0.0001794046
1.28 0.0001948214
1.29 0.0005139319
1.3 0.001338191
1.31 0.0007209386
1.32 4.394894e-05
1.33 0.0001407054
1.34 0.000265941
1.35 0.0002258638
1.36 0.0002085594
1.37 0.0002267892
1.38 0.0002334949
1.39 0.0002335327
1.4 0.0002373855
1.41 0.0002421508
1.42 0.0002218373
1.43 -0.0004845805
1.44 -0.001771417
1.45 -0.002077861
1.46 -0.001876014
1.47 -0.001863091
1.48 -0.001893099
1.49 -0.001071659
1.5 0.000346353
1.51 0.0008939823
1.52 0.001989196
1.53 0.002932014
1.54 0.002905492
1.55 0.002680819
1.56 0.001682623
1.57 0.0005296663
1.58 0.0004478904
1.59 0.0006444237
1.6 0.0006269318
1.61 0.0005885818
1.62 0.000604303
1.63 0.0006155433
1.64 0.0006027958
1.65 -4.743673e-05
1.66 -0.0006874273
1.67 0.0003134185
1.68 0.0005944706
1.69 -0.001016982
1.7 -0.002092713
1.71 -0.001868521
1.72 -0.001588239
1.73 -0.000544106
1.74 0.0009557694
1.75 0.002536466
1.76 0.003412017
1.77 0.004039352
1.78 0.004422524
1.79 0.002260329
1.8 0.0004757204
1.81 0.0006490494
1.82 0.000973251
1.83 0.0008856785
1.84 0.0008301257
1.85 0.0008642135
1.86 0.0008753564
1.87 0.0008690848
1.88 0.0008711811
1.89 0.0008312268
1.9 -0.0001271227
1.91 -0.001573995
1.92 -0.001813993
1.93 -0.001115238
1.94 0.0004869903
1.95 0.001220241
1.96 0.001030325
1.97 0.0009376159
1.98 0.0007269122
1.99 -0.0007463363
2 -0.001691001
2.01 -0.000706269
2.02 0.0009518805
2.03 0.001241423
2.04 0.0007129534
2.05 -0.0002912614
2.06 0.0003296135
2.07 0.001189637
2.08 0.001132591
2.09 0.0009812753
2.1 0.001026205
2.11 0.0006530705
2.12 -0.0007432202
2.13 -0.0006054068
2.14 0.0009951169
2.15 0.0002745547
2.16 -0.001347563
2.17 -0.001022793
2.18 0.0002188206
2.19 0.0002145415
2.2 0.0008293398
2.21 0.0001655867
2.22 -0.001259176
2.23 -0.001416364
2.24 -0.001154657
2.25 -0.001166397
2.26 -0.001033873
2.27 0.001368735
2.28 0.00408105
2.29 0.003340496
2.3 -0.0002375397
2.31 -0.001714314
2.32 -0.001141698
2.33 -0.0008413782
2.34 -0.0009690687
2.35 -0.001000563
2.36 -0.0009453097
2.37 -0.000257156
2.38 0.000306609
2.39 -0.0006871185
2.4 -0.001156273
2.41 -0.0009568009
2.42 -0.0008891733
2.43 -0.0009426792
2.44 -0.0009442014
2.45 -0.0009259877
2.46 -0.000665386
2.47 0.001131344
2.48 0.003139566
2.49 0.003030601
2.5 0.003441843
2.51 0.003021813
2.52 0.001518096
2.53 -9.832368e-05
2.54 -0.0009459779
2.55 -0.0008586307
2.56 -0.000738974
2.57 -0.0007796868
2.58 -0.0007955772
2.59 -0.0007781361
2.6 -0.0007575615
2.61 0.0004880458
2.62 0.003571651
2.63 0.003510583
2.64 0.0002586955
2.65 -0.002862993
2.66 -0.005160346
2.67 -0.005867124
2.68 -0.004850189
2.69 -0.002220319
2.7 -0.0001975611
2.71 0.001292155
2.72 0.003561973
2.73 0.00465332
2.74 0.004389399
2.75 0.003323899
2.76 0.001833785
2.77 0.0002836855
2.78 -0.0006575888
2.79 -0.001180706
2.8 -0.0025976
2.81 -0.003160249
2.82 -0.001853642
2.83 -0.0001568804
2.84 0.001332786
2.85 0.002140758
2.86 0.002862117
2.87 0.004370174
2.88 0.004698
2.89 0.002622813
2.9 -0.001483807
2.91 -0.003994841
2.92 -0.005828241
2.93 -0.007645961
2.94 -0.006812058
2.95 -0.003338454
2.96 0.000869834
2.97 0.0025729
2.98 0.002192019
2.99 0.001991665
3 0.002125048
3.01 0.001912268
3.02 0.0005134564
3.03 -1.562965e-07
3.04 0.001621862
3.05 0.002461613
3.06 0.002252393
3.07 0.001907268
3.08 0.0005577007
3.09 -0.0009476208
3.1 -0.002441426
3.11 -0.002960452
3.12 -0.002788326
3.13 -0.002730047
3.14 -0.002781783
3.15 -0.002736222
3.16 -0.001936788
3.17 -0.0003202633
3.18 0.001230583
3.19 0.002356652
3.2 0.002442955
3.21 0.002279655
3.22 0.002267909
3.23 0.001466926
3.24 -0.0001634414
3.25 -0.001691681
3.26 -0.002664124
3.27 -0.002674072
3.28 -0.001882429
3.29 -0.001182918
3.3 -0.001111329
3.31 -0.0002680105
3.32 0.0004813716
3.33 0.001800191
3.34 0.002585878
3.35 0.004560733
3.36 0.007167423
3.37 0.005842773
3.38 0.002829577
3.39 0.001351727
3.4 -0.0006575473
3.41 -0.002589672
3.42 -0.002760518
3.43 -0.00207873
3.44 -0.0005920886
3.45 -0.0005967301
3.46 -0.002283128
3.47 -0.002741956
3.48 -0.002160389
3.49 -0.0006994448
3.5 0.0001350174
3.51 -5.479334e-06
3.52 -0.0001314915
3.53 -8.134164e-05
3.54 -0.0004002464
3.55 -0.001851129
3.56 -0.003356419
3.57 -0.004697832
3.58 -0.003946746
3.59 -0.002356467
3.6 -0.002187407
3.61 -0.001906162
3.62 -0.0003377468
3.63 0.0004145836
3.64 0.001290421
3.65 0.002203669
3.66 0.001340139
3.67 0.00170954
3.68 0.002588272
3.69 0.001520503
3.7 -0.0003555632
3.71 -0.001906733
3.72 -0.002718081
3.73 -0.002670339
3.74 -0.00238525
3.75 -9.106842e-05
3.76 0.002528731
3.77 0.002689664
3.78 0.002221007
3.79 0.002202788
3.8 0.002005523
3.81 -0.0005676397
3.82 -0.002981295
3.83 -0.002953552
3.84 -0.002569072
3.85 -0.002558192
3.86 -0.00131769
3.87 0.001266456
3.88 0.00239976
3.89 0.002107835
3.9 0.001954607
3.91 0.002040095
3.92 0.002046865
3.93 0.001991153
3.94 0.001855452
3.95 6.429611e-05
3.96 -0.002860618
3.97 -0.003438963
3.98 -0.002958265
3.99 -0.001703301
4 0.001300298
4.01 0.002392356
4.02 0.001684145
4.03 -0.0002763332
4.04 -0.002778793
4.05 -0.00353254
4.06 -0.003224752
4.07 -0.002961975
4.08 -0.001323559
4.09 0.001249089
4.1 0.002057952
4.11 0.001708994
4.12 0.001608389
4.13 0.001358465
4.14 -0.0006562011
4.15 -0.003163058
4.16 -0.003670282
4.17 -0.003187798
4.18 -0.001883039
4.19 -0.0003435982
4.2 0.00108876
4.21 0.001609075
4.22 0.002602925
4.23 0.005313088
4.24 0.006774217
4.25 0.006448457
4.26 0.00609267
4.27 0.004111946
4.28 0.001121199
4.29 -0.0009730053
4.3 -0.00314395
4.31 -0.003217244
4.32 -0.0004845838
4.33 0.001464622
4.34 0.001368973
4.35 0.001072783
4.36 0.001140594
4.37 0.001177703
4.38 0.0009433399
4.39 -0.0007376319
4.4 -0.003360679
4.41 -0.004220089
4.42 -0.002962548
4.43 -0.0003516094
4.44 0.001177006
4.45 0.00142692
4.46 0.00210837
4.47 0.001386065
4.48 0.0004904422
4.49 -0.0009370319
4.5 -0.003408565
4.51 -0.003909486
4.52 -0.002100732
4.53 -0.001378041
4.54 -0.001708016
4.55 -0.00149366
4.56 -4.265324e-05
4.57 0.0007584723
4.58 0.0006104023
4.59 0.0005353682
4.6 0.0003136906
4.61 -0.001195528
4.62 -0.002904452
4.63 -0.004378859
4.64 -0.004752796
4.65 -0.004585436
4.66 -0.004126865
4.67 -0.002032706
4.68 0.0002746898
4.69 0.0007513551
4.7 0.001957037
4.71 0.004591041
4.72 0.005503749
4.73 0.003462374
4.74 0.0003225342
4.75 -0.000688218
4.76 -0.002190009
4.77 -0.001321035
4.78 0.0003064056
4.79 0.0002819958
4.8 -4.873138e-05
4.81 -5.984678e-05
4.82 -6.025448e-05
4.83 -9.980781e-05
4.84 -0.0001198239
4.85 -0.0003908929
4.86 -0.002951296
4.87 -0.004606691
4.88 -0.001613004
4.89 0.0003709103
4.9 3.819126e-06
4.91 -0.0002802421
4.92 -0.0001650717
4.93 -0.0002018368
4.94 -0.0002949082
4.95 -0.0003075234
4.96 -0.0003085134
4.97 -0.0003284022
4.98 -0.0003476987
4.99 -0.0003637001
5 -0.0004631546
5.01 -0.001461793
5.02 -0.001700207
5.03 -0.0006113378
5.04 -0.0003564405
5.05 -0.001351781
5.06 -0.002980689
5.07 -0.00340759
5.08 -0.002908209
5.09 -0.0009044496
5.1 0.002241968
5.11 0.004306599
5.12 0.004424
5.13 0.004143465
5.14 0.003762538
5.15 0.001652387
5.16 1.777949e-05
5.17 0.002171635
5.18 0.004345089
5.19 0.004255451
5.2 0.002923303
5.21 -0.0001822791
5.22 -0.003316199
5.23 -0.0059277
5.24 -0.00607503
5.25 -0.003794789
5.26 -0.001257616
5.27 0.0008538162
5.28 0.003287048
5.29 0.002505146
5.3 -0.0004967533
5.31 -0.001651992
5.32 -0.001282382
5.33 -0.001204597
5.34 -0.001134416
5.35 0.001376405
5.36 0.003792576
5.37 0.003735061
5.38 0.002596878
5.39 0.001177043
5.4 0.0006207349
5.41 -0.0005769233
5.42 -0.00171593
5.43 -0.001754726
5.44 -0.002433247
5.45 -0.005009151
5.46 -0.006672659
5.47 -0.004888073
5.48 -0.001596376
5.49 0.001377566
5.5 0.004109057
5.51 0.005936821
5.52 0.006744028
5.53 0.004815054
5.54 0.001659986
5.55 -0.001428299
5.56 -0.004246328
5.57 -0.00685438
5.58 -0.007286055
5.59 -0.006903882
5.6 -0.006258226
5.61 -0.003908155
5.62 -0.0008131109
5.63 0.0007374551
5.64 0.0005765269
5.65 -0.0001677236
5.66 -0.001022172
5.67 -0.0001261707
5.68 0.0005570363
5.69 0.0001358779
5.7 -0.001469324
5.71 -0.003035045
5.72 -0.004411735
5.73 -0.004852845
5.74 -0.004703599
5.75 -0.004408424
5.76 -0.002650932
5.77 -0.0002137985
5.78 0.001246717
5.79 0.002416127
5.8 0.00271114
5.81 0.002550298
5.82 0.002506317
5.83 0.001825813
5.84 0.0002131386
5.85 -0.0004359992
5.86 -0.001439057
5.87 -0.002201705
5.88 -0.0002799959
5.89 0.002214198
5.9 0.002621123
5.91 0.002245324
5.92 0.002241782
5.93 0.002333117
5.94 0.00288421
5.95 0.004369922
5.96 0.003802187
5.97 -0.0004038008
5.98 -0.004934739
5.99 -0.007366759
6 -0.007842735
6.01 -0.006835241
6.02 -0.00422839
6.03 2.280515e-05
6.04 0.004247342
6.05 0.007187583
6.06 0.009852941
6.07 0.01189302
6.08 0.01207813
6.09 0.01042076
6.1 0.007754991
6.11 0.005669376
6.12 0.002105196
6.13 -0.001607791
6.14 -0.004288971
6.15 -0.005321143
6.16 -0.003490927
6.17 -0.000264058
6.18 0.001929581
6.19 0.002168904
6.2 0.001861365
6.21 0.001830219
6.22 0.001879424
6.23 0.001326674
6.24 -0.0001759952
6.25 -0.0006692356
6.26 0.0006263931
6.27 0.002192921
6.28 0.003684799
6.29 0.003856759
6.3 0.001474943
6.31 -0.0007291728
6.32 -0.0008955475
6.33 -0.0006139991
6.34 -0.0002214777
6.35 0.00128439
6.36 0.002918778
6.37 0.005341976
6.38 0.008218111
6.39 0.009493698
6.4 0.009273082
6.41 0.008438541
6.42 0.006928977
6.43 0.006419554
6.44 0.006444394
6.45 0.004804504
6.46 0.001185615
6.47 -0.002767984
6.48 -0.004529438
6.49 -0.004470157
6.5 -0.003125123
6.51 -0.00155924
6.52 -0.0007600971
6.53 -0.000818375
6.54 -0.0007783148
6.55 0.000469875
6.56 0.003215044
6.57 0.006324007
6.58 0.009176277
6.59 0.01130669
6.6 0.01077014
6.61 0.007961643
6.62 0.005857392
6.63 0.003223573
6.64 0.001458624
6.65 0.001610884
6.66 0.001894215
6.67 0.001941998
6.68 0.003394842
6.69 0.006031317
6.7 0.007615014
6.71 0.008120046
6.72 0.006969009
6.73 0.005054594
6.74 0.002353764
6.75 -0.0006663177
6.76 -0.002945834
6.77 -0.004932877
6.78 -0.008785141
6.79 -0.01213787
6.8 -0.01353916
6.81 -0.01439646
6.82 -0.01368164
6.83 -0.01281236
6.84 -0.01286476
6.85 -0.01301547
6.86 -0.01302065
6.87 -0.01349003
6.88 -0.01565875
6.89 -0.01787742
6.9 -0.01804964
6.91 -0.01649574
6.92 -0.01522824
6.93 -0.01427575
6.94 -0.0105576
6.95 -0.004664796
6.96 0.003663666
6.97 0.01405335
6.98 0.02364232
6.99 0.02960841
7 0.03255688
7.01 0.03310133
7.02 0.03055534
7.03 0.02688216
7.04 0.02207803
7.05 0.01749331
7.06 0.01565272
7.07 0.0146794
7.08 0.01417822
7.09 0.01272379
7.1 0.009319623
7.11 0.004695462
7.12 0.001079118
7.13 -0.0006059778
7.14 -0.001968746
7.15 -0.004399319
7.16 -0.005079657
7.17 -0.003306292
7.18 -0.004460053
7.19 -0.01154458
7.2 -0.02314274
7.21 -0.03576356
7.22 -0.04397018
7.23 -0.04464889
7.24 -0.03853082
7.25 -0.02828613
7.26 -0.01788679
7.27 -0.009324477
7.28 -0.0006952232
7.29 0.006363146
7.3 0.01178475
7.31 0.01726914
7.32 0.02147663
7.33 0.02175916
7.34 0.01716263
7.35 0.01090668
7.36 0.00331136
7.37 -0.007749101
7.38 -0.01876154
7.39 -0.02136651
7.4 -0.01560772
7.41 -0.005032886
7.42 0.007795067
7.43 0.01803475
7.44 0.02340461
7.45 0.02461689
7.46 0.02111038
7.47 0.01165805
7.48 -0.001527705
7.49 -0.01066563
7.5 -0.01246469
7.51 -0.0074673
7.52 0.001929958
7.53 0.009448314
7.54 0.01365973
7.55 0.01516155
7.56 0.01481947
7.57 0.01242024
7.58 0.006133512
7.59 -0.00305888
7.6 -0.01004316
7.61 -0.01500177
7.62 -0.01911608
7.63 -0.02208764
7.64 -0.02370265
7.65 -0.02265779
7.66 -0.01964827
7.67 -0.01287574
7.68 -0.004545311
7.69 -0.001332425
7.7 -0.003319141
7.71 -0.009857185
7.72 -0.01797357
7.73 -0.02150867
7.74 -0.02042169
7.75 -0.01616804
7.76 -0.006891325
7.77 0.005264569
7.78 0.01513522
7.79 0.02034156
7.8 0.01927788
7.81 0.01136924
7.82 -0.004289538
7.83 -0.01933158
7.84 -0.02731842
7.85 -0.02941378
7.86 -0.02622614
7.87 -0.01966011
7.88 -0.009687531
7.89 0.004185243
7.9 0.0159332
7.91 0.0232937
7.92 0.02853625
7.93 0.03244558
7.94 0.03466005
7.95 0.0343893
7.96 0.03155429
7.97 0.02565514
7.98 0.01420005
7.99 0.001388735
8 -0.006925115
8.01 -0.009072822
8.02 -0.007277203
8.03 -0.004370604
8.04 -0.001987598
8.05 -0.002505335
8.06 -0.006811215
8.07 -0.01162033
8.08 -0.01255219
8.09 -0.01175943
8.1 -0.01050676
8.11 -0.009043529
8.12 -0.007419426
8.13 -0.00673873
8.14 -0.008873542
8.15 -0.01440823
8.16 -0.02000296
8.17 -0.02222414
8.18 -0.02132031
8.19 -0.01728477
8.2 -0.008775497
8.21 0.0006558417
8.22 0.006782544
8.23 0.009641359
8.24 0.008449322
8.25 0.005751455
8.26 0.005171075
8.27 0.005593191
8.28 0.005420012
8.29 0.003295961
8.3 -0.001161105
8.31 -0.004332129
8.32 -0.003481058
8.33 0.0008550577
8.34 0.007034834
8.35 0.01361398
8.36 0.01681216
8.37 0.01774849
8.38 0.01690684
8.39 0.0115043
8.4 -0.0009959586
8.41 -0.01930217
8.42 -0.03756416
8.43 -0.05017218
8.44 -0.05638773
8.45 -0.05985067
8.46 -0.0610552
8.47 -0.05834525
8.48 -0.04911724
8.49 -0.03209003
8.5 -0.01155874
8.51 0.003384629
8.52 0.007914199
8.53 0.004511906
8.54 0.0002018472
8.55 -0.002330221
8.56 -0.001719382
8.57 0.00510066
8.58 0.01640921
8.59 0.02937857
8.6 0.03914971
8.61 0.04679548
8.62 0.05717805
8.63 0.06639085
8.64 0.07083173
8.65 0.07447852
8.66 0.07811782
8.67 0.080136
8.68 0.07900604
8.69 0.07372394
8.7 0.06118601
8.71 0.04562432
8.72 0.03216321
8.73 0.0210621
8.74 0.01533336
8.75 0.01430209
8.76 0.01544524
8.77 0.0182873
8.78 0.02139749
8.79 0.02315209
8.8 0.02052948
8.81 0.01055014
8.82 -0.004890572
8.83 -0.02181959
8.84 -0.03644219
8.85 -0.04281983
8.86 -0.04351424
8.87 -0.04208796
8.88 -0.04119895
8.89 -0.04272334
8.9 -0.04382656
8.91 -0.0435259
8.92 -0.0411238
8.93 -0.03691855
8.94 -0.03330884
8.95 -0.02968746
8.96 -0.02681475
8.97 -0.02377909
8.98 -0.01935487
8.99 -0.01127248
9 -0.0003314127
9.01 0.0104696
9.02 0.01629117
9.03 0.01657388
9.04 0.01566421
9.05 0.01310588
9.06 0.007980308
9.07 -0.0001415866
9.08 -0.007691368
9.09 -0.01222648
9.1 -0.01381537
9.11 -0.01370647
9.12 -0.0132103
9.13 -0.01131517
9.14 -0.00888281
9.15 -0.006384068
9.16 -0.001263358
9.17 0.005245505
9.18 0.01284391
9.19 0.02112585
9.2 0.02679384
9.21 0.02855498
9.22 0.02722126
9.23 0.0239862
9.24 0.01916204
9.25 0.01270494
9.26 0.006854073
9.27 0.005635389
9.28 0.006394549
9.29 0.006450414
9.3 0.006255497
9.31 0.006272632
9.32 0.006249668
9.33 0.004393918
9.34 0.000223606
9.35 -0.003005555
9.36 -0.004628042
9.37 -0.007409596
9.38 -0.01105269
9.39 -0.01734189
9.4 -0.02514946
9.41 -0.03378812
9.42 -0.04260339
9.43 -0.0513074
9.44 -0.0583488
9.45 -0.06195296
9.46 -0.06556264
9.47 -0.07090158
9.48 -0.07343755
9.49 -0.07177419
9.5 -0.06685907
9.51 -0.05884151
9.52 -0.04633699
9.53 -0.02907853
9.54 -0.0005217435
9.55 0.02587421
9.56 0.03400458
9.57 0.0322788
9.58 0.02681445
9.59 0.01533068
9.6 0.0006009442
9.61 -0.01219969
9.62 -0.02096368
9.63 -0.02351408
9.64 -0.02041364
9.65 -0.01237085
9.66 0.00191442
9.67 0.02415676
9.68 0.04507213
9.69 0.05785489
9.7 0.0649847
9.71 0.07303667
9.72 0.08095623
9.73 0.08726213
9.74 0.0934244
9.75 0.09630097
9.76 0.09456238
9.77 0.08970195
9.78 0.08324735
9.79 0.07541767
9.8 0.06593179
9.81 0.05463394
9.82 0.04395604
9.83 0.03352351
9.84 0.02103011
9.85 0.007069095
9.86 -0.007585818
9.87 -0.02007003
9.88 -0.0294829
9.89 -0.03666341
9.9 -0.0444988
9.91 -0.05547821
9.92 -0.06722161
9.93 -0.07845803
9.94 -0.08868797
9.95 -0.09550531
9.96 -0.09772233
9.97 -0.09817049
9.98 -0.09719237
9.99 -0.0944031
10 -0.08628974
10.01 -0.06943504
10.02 -0.04477317
10.03 -0.0107251
10.04 0.02830711
10.05 0.06385422
10.06 0.08737847
10.07 0.09930613
10.08 0.1062067
10.09 0.110686
10.1 0.1111172
10.11 0.1080815
10.12 0.1022251
10.13 0.09135488
10.14 0.07354704
10.15 0.04986582
10.16 0.0267471
10.17 0.01047514
10.18 -0.001966241
10.19 -0.0158842
10.2 -0.03309753
10.21 -0.04788729
10.22 -0.05761653
10.23 -0.06182637
10.24 -0.06210507
10.25 -0.06404327
10.26 -0.06731385
10.27 -0.07040991
10.28 -0.0716787
10.29 -0.07130734
10.3 -0.06883156
10.31 -0.06294699
10.32 -0.05428132
10.33 -0.04540455
10.34 -0.03529714
10.35 -0.02256413
10.36 -0.009674327
10.37 0.0003439325
10.38 0.005384432
10.39 0.005543558
10.4 0.003570015
10.41 0.002863072
10.42 0.003171715
10.43 0.003844611
10.44 0.00826935
10.45 0.01523686
10.46 0.02084999
10.47 0.02411085
10.48 0.02662889
10.49 0.02849205
10.5 0.0316213
10.51 0.03671443
10.52 0.03996844
10.53 0.04404398
10.54 0.04991502
10.55 0.0521894
10.56 0.04870788
10.57 0.04067896
10.58 0.02620175
10.59 0.009343297
10.6 -0.003330619
10.61 -0.01282055
10.62 -0.01975093
10.63 -0.02462957
10.64 -0.02632989
10.65 -0.02594415
10.66 -0.02574278
10.67 -0.02585283
10.68 -0.02581243
10.69 -0.02571169
10.7 -0.02481142
10.71 -0.01987571
10.72 -0.01113954
10.73 -0.002944762
10.74 0.004084256
10.75 0.01063629
10.76 0.01606006
10.77 0.01893461
10.78 0.01832882
10.79 0.014065
10.8 0.005898751
10.81 -0.000509931
10.82 -0.0008192488
10.83 0.002833376
10.84 0.008415558
10.85 0.01428423
10.86 0.01847788
10.87 0.01922537
10.88 0.01647944
10.89 0.01038861
10.9 0.001824437
10.91 -0.007102568
10.92 -0.01539933
10.93 -0.02327855
10.94 -0.02862145
10.95 -0.03260991
10.96 -0.03500518
10.97 -0.03497909
10.98 -0.03281421
10.99 -0.02844469
11 -0.02497527
11.01 -0.02451825
11.02 -0.02493889
11.03 -0.02485535
11.04 -0.02419555
11.05 -0.01945902
11.06 -0.006942004
11.07 0.007779548
11.08 0.01870357
11.09 0.02423339
11.1 0.02531671
11.11 0.02495068
11.12 0.02492994
11.13 0.02503223
11.14 0.02400847
11.15 0.02116544
11.16 0.01803803
11.17 0.0156481
11.18 0.01557513
11.19 0.01819893
11.2 0.02046414
11.21 0.02040403
11.22 0.0184744
11.23 0.01548344
11.24 0.01252721
11.25 0.009674476
11.26 0.007028947
11.27 0.006742313
11.28 0.008043401
11.29 0.007813985
11.3 0.005306212
11.31 0.001282594
11.32 -0.003066472
11.33 -0.00616421
11.34 -0.008419933
11.35 -0.009209674
11.36 -0.008148284
11.37 -0.006357276
11.38 -0.004663551
11.39 -0.002302748
11.4 -0.001643344
11.41 -0.004140245
11.42 -0.009528376
11.43 -0.02008218
11.44 -0.03295801
11.45 -0.04093782
11.46 -0.04330344
11.47 -0.04086805
11.48 -0.03061935
11.49 -0.01115987
11.5 0.01466454
11.51 0.03517195
11.52 0.0434766
11.53 0.04567731
11.54 0.04606514
11.55 0.04550947
11.56 0.04231349
11.57 0.03764964
11.58 0.03154287
11.59 0.02116485
11.6 0.008068799
11.61 -0.002431271
11.62 -0.009793711
11.63 -0.01384881
11.64 -0.01466783
11.65 -0.0129649
11.66 -0.007779691
11.67 0.004191445
11.68 0.01749876
11.69 0.02676397
11.7 0.03360847
11.71 0.03642626
11.72 0.03149817
11.73 0.02016922
11.74 0.001849402
11.75 -0.02146822
11.76 -0.03918322
11.77 -0.04390862
11.78 -0.04109057
11.79 -0.03324259
11.8 -0.02186411
11.81 -0.007106133
11.82 0.009255108
11.83 0.02385904
11.84 0.03486009
11.85 0.0432003
11.86 0.05080013
11.87 0.05578809
11.88 0.0571548
11.89 0.05649606
11.9 0.05392615
11.91 0.04853192
11.92 0.03887633
11.93 0.02708911
11.94 0.01893793
11.95 0.01320609
11.96 0.009514573
11.97 0.0084148
11.98 0.00978029
11.99 0.01003831
12 0.005959166
12.01 -0.004272005
12.02 -0.01758075
12.03 -0.02991823
12.04 -0.04033564
12.05 -0.05121566
12.06 -0.0608365
12.07 -0.06630508
12.08 -0.06856605
12.09 -0.07206855
12.1 -0.07581767
12.11 -0.07963992
12.12 -0.08157878
12.13 -0.08130038
12.14 -0.08092145
12.15 -0.07829233
12.16 -0.06642715
12.17 -0.04300721
12.18 -0.01850747
12.19 -0.003082022
12.2 0.00738188
12.21 0.01611507
12.22 0.02171433
12.23 0.02339166
12.24 0.0224216
12.25 0.02161579
12.26 0.02536804
12.27 0.03630387
12.28 0.05373251
12.29 0.06686903
12.3 0.06807963
12.31 0.06114607
12.32 0.04990112
12.33 0.03785324
12.34 0.02555308
12.35 0.01092442
12.36 -0.001301341
12.37 -0.008612241
12.38 -0.01203375
12.39 -0.01494031
12.4 -0.01882744
12.41 -0.02136282
12.42 -0.02165447
12.43 -0.02224245
12.44 -0.02391978
12.45 -0.02586913
12.46 -0.02995452
12.47 -0.03944093
12.48 -0.05017278
12.49 -0.05635549
12.5 -0.05738995
12.51 -0.05467005
12.52 -0.04545711
12.53 -0.02859535
12.54 -0.01053809
12.55 0.00193275
12.56 0.007285529
12.57 0.008666072
12.58 0.008495359
12.59 0.009139145
12.6 0.0107603
12.61 0.01117702
12.62 0.01035684
12.63 0.006523193
12.64 0.001610549
12.65 -0.0003249044
12.66 0.001040124
12.67 0.005208552
12.68 0.009945923
12.69 0.01318038
12.7 0.01366296
12.71 0.01215587
12.72 0.006737021
12.73 -0.00511877
12.74 -0.02063976
12.75 -0.03753985
12.76 -0.05418836
12.77 -0.06707563
12.78 -0.07428357
12.79 -0.07767462
12.8 -0.07802621
12.81 -0.07361847
12.82 -0.0613569
12.83 -0.04491187
12.84 -0.03116983
12.85 -0.02029201
12.86 -0.01042461
12.87 -0.0006944703
12.88 0.008335379
12.89 0.01923067
12.9 0.03186283
12.91 0.04656425
12.92 0.05990649
12.93 0.07119092
12.94 0.08052723
12.95 0.08905064
12.96 0.09731758
12.97 0.1051812
12.98 0.1132963
12.99 0.1197115
13 0.1225496
13.01 0.1224325
13.02 0.1216433
13.03 0.1188728
13.04 0.1116203
13.05 0.1001691
13.06 0.08795093
13.07 0.07566769
13.08 0.05925643
13.09 0.03602221
13.1 0.01027486
13.11 -0.01608328
13.12 -0.04584715
13.13 -0.07434246
13.14 -0.09825759
13.15 -0.1183674
13.16 -0.131875
13.17 -0.1387506
13.18 -0.1421766
13.19 -0.1426784
13.2 -0.1408081
13.21 -0.138112
13.22 -0.1308611
13.23 -0.11876
13.24 -0.1041306
13.25 -0.0846872
13.26 -0.05844778
13.27 -0.02972376
13.28 -0.001928231
13.29 0.02420058
13.3 0.04287151
13.31 0.05360696
13.32 0.06745831
13.33 0.08518345
13.34 0.09724367
13.35 0.103429
13.36 0.1062495
13.37 0.1022056
13.38 0.09263104
13.39 0.07957756
13.4 0.05630888
13.41 0.02628811
13.42 0.0008471268
13.43 -0.01588205
13.44 -0.02469268
13.45 -0.02536301
13.46 -0.01886064
13.47 -0.005002526
13.48 0.0147245
13.49 0.03468783
13.5 0.05192294
13.51 0.06489801
13.52 0.06854038
13.53 0.06653344
13.54 0.06264568
13.55 0.05574627
13.56 0.04500255
13.57 0.03087216
13.58 0.0133313
13.59 -0.005806976
13.6 -0.02165437
13.61 -0.03064633
13.62 -0.03540493
13.63 -0.03820008
13.64 -0.04185263
13.65 -0.04636801
13.66 -0.05064553
13.67 -0.05371148
13.68 -0.05607284
13.69 -0.05694514
13.7 -0.05672494
13.71 -0.05559451
13.72 -0.05306105
13.73 -0.0509792
13.74 -0.04822369
13.75 -0.04658545
13.76 -0.04640577
13.77 -0.04023815
13.78 -0.02170419
13.79 0.007544144
13.8 0.04017035
13.81 0.06341957
13.82 0.07684542
13.83 0.08236376
13.84 0.08173433
13.85 0.07809428
13.86 0.06988841
13.87 0.05629111
13.88 0.04033853
13.89 0.02841989
13.9 0.02054752
13.91 0.01283474
13.92 0.003737048
13.93 -0.003066058
13.94 -0.007014301
13.95 -0.009395604
13.96 -0.0097005
13.97 -0.005757654
13.98 0.003278399
13.99 0.01276936
14 0.01868266
14.01 0.02132987
14.02 0.01912572
14.03 0.0131919
14.04 0.006690469
14.05 -0.001833014
14.06 -0.01248073
14.07 -0.01906552
14.08 -0.02279364
14.09 -0.02601461
14.1 -0.02896482
14.11 -0.03166307
14.12 -0.0319024
14.13 -0.02661536
14.14 -0.0161143
14.15 -0.005311068
14.16 0.0007418496
14.17 0.002080629
14.18 -0.0006789149
14.19 -0.006217326
14.2 -0.0122553
14.21 -0.01680802
14.22 -0.01783607
14.23 -0.01561704
14.24 -0.01304731
14.25 -0.01258489
14.26 -0.01429212
14.27 -0.01992972
14.28 -0.02898972
14.29 -0.03761169
14.3 -0.04319489
14.31 -0.04410427
14.32 -0.03880346
14.33 -0.02792844
14.34 -0.01523774
14.35 -0.007880031
14.36 -0.006572187
14.37 -0.005014119
14.38 -0.004448874
14.39 -0.00695714
14.4 -0.008442859
14.41 -0.008141898
14.42 -0.007948986
14.43 -0.008084548
14.44 -0.007645991
14.45 -0.00368877
14.46 0.00458177
14.47 0.01449162
14.48 0.02363784
14.49 0.02858207
14.5 0.03039684
14.51 0.02865425
14.52 0.02239055
14.53 0.01179871
14.54 -0.001335811
14.55 -0.0127824
14.56 -0.01831781
14.57 -0.01790579
14.58 -0.01432917
14.59 -0.0107392
14.6 -0.009262087
14.61 -0.0103498
14.62 -0.01480993
14.63 -0.01827788
14.64 -0.01755143
14.65 -0.0122385
14.66 -0.00472749
14.67 0.002801099
14.68 0.007918547
14.69 0.006583928
14.7 0.00145685
14.71 -0.006611946
14.72 -0.01501711
14.73 -0.02008231
14.74 -0.02044709
14.75 -0.01588212
14.76 -0.007445083
14.77 0.001686898
14.78 0.009739757
14.79 0.01436655
14.8 0.01608485
14.81 0.01646796
14.82 0.01839027
14.83 0.02158347
14.84 0.02545526
14.85 0.03012619
14.86 0.03169177
14.87 0.0309602
14.88 0.02835468
14.89 0.02256097
14.9 0.0145395
14.91 0.004493217
14.92 -0.007378341
14.93 -0.01634054
14.94 -0.02320362
14.95 -0.03122882
14.96 -0.03740358
14.97 -0.0388034
14.98 -0.0380027
14.99 -0.03373411
15 -0.02261792
15.01 -0.008388133
15.02 0.005822937
15.03 0.0181343
15.04 0.02932963
15.05 0.03734489
15.06 0.03876953
15.07 0.03350811
15.08 0.0203686
15.09 -0.0001042586
15.1 -0.01945154
15.11 -0.03144889
15.12 -0.03797614
15.13 -0.04185347
15.14 -0.04444953
15.15 -0.04728669
15.16 -0.04649678
15.17 -0.04080211
15.18 -0.03435201
15.19 -0.02946085
15.2 -0.02736643
15.21 -0.02612801
15.22 -0.0246846
15.23 -0.02298522
15.24 -0.01964157
15.25 -0.01376446
15.26 -0.00625275
15.27 0.005160213
15.28 0.01862784
15.29 0.028888
15.3 0.03336601
15.31 0.03337688
15.32 0.03165204
15.33 0.03191236
15.34 0.03614871
15.35 0.04480314
15.36 0.05468195
15.37 0.06061506
15.38 0.06141465
15.39 0.05969303
15.4 0.054528
15.41 0.04600071
15.42 0.03829536
15.43 0.03130002
15.44 0.02491706
15.45 0.0191523
15.46 0.01343855
15.47 0.008109696
15.48 0.006485783
15.49 0.009188342
15.5 0.01342252
15.51 0.01633455
15.52 0.01386139
15.53 0.006888109
15.54 -0.003234084
15.55 -0.01585351
15.56 -0.0291633
15.57 -0.04077119
15.58 -0.04764382
15.59 -0.05044631
15.6 -0.04714958
15.61 -0.03368973
15.62 -0.009816763
15.63 0.01456466
15.64 0.03206886
15.65 0.04172859
15.66 0.04636425
15.67 0.04878691
15.68 0.05109376
15.69 0.04918919
15.7 0.04390569
15.71 0.03410783
15.72 0.01662463
15.73 -0.004882805
15.74 -0.02292701
15.75 -0.0337881
15.76 -0.03792732
15.77 -0.04002503
15.78 -0.03699812
15.79 -0.02938493
15.8 -0.02034246
15.81 -0.01049712
15.82 -0.002421149
15.83 0.002023247
15.84 0.00279539
15.85 0.001277383
15.86 -0.001510775
15.87 -0.004433135
15.88 -0.00682035
15.89 -0.007390689
15.9 -0.004172539
15.91 0.003867186
15.92 0.01173555
15.93 0.0167031
15.94 0.01922203
15.95 0.02191194
15.96 0.02299959
15.97 0.02273424
15.98 0.02266303
15.99 0.02233328
16 0.02016316
16.01 0.01625718
16.02 0.01299645
16.03 0.01266226
16.04 0.01314266
16.05 0.01311081
16.06 0.01227172
16.07 0.008528136
16.08 -0.002174459
16.09 -0.01927742
16.1 -0.03393355
16.11 -0.04433448
16.12 -0.05064696
16.13 -0.04941244
16.14 -0.04124147
16.15 -0.02609529
16.16 -0.000954742
16.17 0.02456943
16.18 0.03934623
16.19 0.04588153
16.2 0.04940085
16.21 0.04830818
16.22 0.04015257
16.23 0.02476251
16.24 0.005809441
16.25 -0.009863322
16.26 -0.02081848
16.27 -0.02794525
16.28 -0.03088376
16.29 -0.03093805
16.3 -0.0283419
16.31 -0.01938316
16.32 -0.001140572
16.33 0.02036974
16.34 0.03459588
16.35 0.03906016
16.36 0.03658084
16.37 0.02767663
16.38 0.01226231
16.39 -0.007173372
16.4 -0.02372052
16.41 -0.03263846
16.42 -0.03547446
16.43 -0.03492543
16.44 -0.03152625
16.45 -0.02696189
16.46 -0.02248399
16.47 -0.02006129
16.48 -0.02009077
16.49 -0.02178331
16.5 -0.02508273
16.51 -0.02958752
16.52 -0.03332337
16.53 -0.03674476
16.54 -0.03967102
16.55 -0.04003469
16.56 -0.03957027
16.57 -0.03841089
16.58 -0.03307429
16.59 -0.02382037
16.6 -0.01065226
16.61 0.006675717
16.62 0.02390452
16.63 0.03501019
16.64 0.03792957
16.65 0.0362225
16.66 0.03176844
16.67 0.02430524
16.68 0.01436496
16.69 0.001967044
16.7 -0.007857173
16.71 -0.01006412
16.72 -0.006189471
16.73 0.002756326
16.74 0.01822769
16.75 0.03657672
16.76 0.04971911
16.77 0.05657383
16.78 0.05753309
16.79 0.05294484
16.8 0.04134416
16.81 0.02232233
16.82 0.002742858
16.83 -0.01224724
16.84 -0.02345803
16.85 -0.03264064
16.86 -0.03928342
16.87 -0.04338727
16.88 -0.04403364
16.89 -0.04101376
16.9 -0.03250996
16.91 -0.01964921
16.92 -0.003674624
16.93 0.01406201
16.94 0.02976277
16.95 0.0415231
16.96 0.04965291
16.97 0.05452709
16.98 0.05591403
16.99 0.05555464
17 0.05528525
17.01 0.0529884
17.02 0.04706297
17.03 0.03881838
17.04 0.02834917
17.05 0.01506661
17.06 -0.001503857
17.07 -0.01681788
17.08 -0.02650453
17.09 -0.03203852
17.1 -0.03367108
17.11 -0.03255965
17.12 -0.02976176
17.13 -0.02434809
17.14 -0.01741237
17.15 -0.01275402
17.16 -0.008867519
17.17 -0.006028924
17.18 -0.007524001
17.19 -0.01323731
17.2 -0.01983559
17.21 -0.02654295
17.22 -0.03104693
17.23 -0.03433387
17.24 -0.0393611
17.25 -0.04335326
17.26 -0.04552024
17.27 -0.04417584
17.28 -0.04012581
17.29 -0.03631206
17.3 -0.0321943
17.31 -0.02885987
17.32 -0.0275868
17.33 -0.02775803
17.34 -0.02902526
17.35 -0.03202716
17.36 -0.03315472
17.37 -0.03269474
17.38 -0.03250034
17.39 -0.03257491
17.4 -0.03256719
17.41 -0.03184361
17.42 -0.02921809
17.43 -0.02359212
17.44 -0.01511384
17.45 -0.008193787
17.46 -0.004709414
17.47 -0.002201529
17.48 -0.001255291
17.49 -0.002801723
17.5 -0.006123536
17.51 -0.01005161
17.52 -0.01251187
17.53 -0.01281561
17.54 -0.01043657
17.55 -0.0047852
17.56 0.004455251
17.57 0.01592342
17.58 0.02695573
17.59 0.039208
17.6 0.05148413
17.61 0.06134855
17.62 0.06673706
17.63 0.06836891
17.64 0.06566591
17.65 0.05772793
17.66 0.04633602
17.67 0.03339788
17.68 0.02112167
17.69 0.007359319
17.7 -0.006810186
17.71 -0.01906913
17.72 -0.02830796
17.73 -0.03461439
17.74 -0.03470543
17.75 -0.0304183
17.76 -0.02232584
17.77 -0.01189485
17.78 -0.001698715
17.79 0.004596146
17.8 0.00702932
17.81 0.007699092
17.82 0.007001345
17.83 0.004481987
17.84 0.002430231
17.85 0.002707596
17.86 0.006278015
17.87 0.01148888
17.88 0.01451293
17.89 0.01788542
17.9 0.02128174
17.91 0.02319189
17.92 0.02576361
17.93 0.02773239
17.94 0.02895289
17.95 0.03348993
17.96 0.03881944
17.97 0.04231594
17.98 0.04794268
17.99 0.05458636
18 0.05828728
18.01 0.05957131
18.02 0.05853933
18.03 0.05550109
18.04 0.05067586
18.05 0.04519329
18.06 0.04018264
18.07 0.03357312
18.08 0.02673707
18.09 0.01753059
18.1 0.002583318
18.11 -0.01454955
18.12 -0.02924014
18.13 -0.03990756
18.14 -0.04832129
18.15 -0.05539882
18.16 -0.06043818
18.17 -0.06249592
18.18 -0.06434434
18.19 -0.06647418
18.2 -0.06894382
18.21 -0.07156697
18.22 -0.07368814
18.23 -0.07589789
18.24 -0.07504127
18.25 -0.06942034
18.26 -0.06029463
18.27 -0.04875651
18.28 -0.0368363
18.29 -0.02652594
18.3 -0.01976901
18.31 -0.01466991
18.32 -0.009040199
18.33 -0.003033168
18.34 0.002830664
18.35 0.007965388
18.36 0.01305142
18.37 0.0200463
18.38 0.02906957
18.39 0.03897709
18.4 0.04730629
18.41 0.05219789
18.42 0.05363835
18.43 0.05437903
18.44 0.0534357
18.45 0.05136198
18.46 0.04653066
18.47 0.03897157
18.48 0.03081406
18.49 0.02348772
18.5 0.01879901
18.51 0.01529853
18.52 0.01284561
18.53 0.0122771
18.54 0.01253786
18.55 0.01239205
18.56 0.01047287
18.57 0.005967017
18.58 0.002002669
18.59 0.0002202721
18.6 0.001368627
18.61 0.005966664
18.62 0.01373561
18.63 0.02209356
18.64 0.02717668
18.65 0.02693257
18.66 0.02365147
18.67 0.02029531
18.68 0.01581002
18.69 0.009876026
18.7 0.003867657
18.71 -0.0007504245
18.72 -0.001390062
18.73 0.0013897
18.74 0.003271066
18.75 0.005045414
18.76 0.007977716
18.77 0.0109643
18.78 0.01248418
18.79 0.01243752
18.8 0.01175943
18.81 0.009572917
18.82 0.006345225
18.83 0.00225079
18.84 -0.002236534
18.85 -0.007071461
18.86 -0.01173939
18.87 -0.01536604
18.88 -0.02189039
18.89 -0.02950532
18.9 -0.03362645
18.91 -0.03663124
18.92 -0.04021102
18.93 -0.04230623
18.94 -0.04220275
18.95 -0.04034916
18.96 -0.03693645
18.97 -0.03111912
18.98 -0.02268229
18.99 -0.01453307
19 -0.00668469
19.01 -0.001340336
19.02 0.002639487
19.03 0.006703059
19.04 0.007631095
19.05 0.005711026
19.06 0.002691334
19.07 -0.0002616241
19.08 -0.002535223
19.09 -0.004834026
19.1 -0.007439869
19.11 -0.006421499
19.12 -0.003024461
19.13 0.0001092373
19.14 0.003580923
19.15 0.006943984
19.16 0.00750459
19.17 0.006638459
19.18 0.00460068
19.19 0.001594966
19.2 -0.001574442
19.21 -0.0055588
19.22 -0.008183716
19.23 -0.008123865
19.24 -0.007074553
19.25 -0.003930107
19.26 0.0007821974
19.27 0.005476279
19.28 0.008536633
19.29 0.007205207
19.3 0.003669803
19.31 -0.0004919265
19.32 -0.005118449
19.33 -0.01142466
19.34 -0.01793379
19.35 -0.02153981
19.36 -0.0248434
19.37 -0.02792143
19.38 -0.02830941
19.39 -0.02784979
19.4 -0.02787836
19.41 -0.0280185
19.42 -0.0289114
19.43 -0.02885866
19.44 -0.02681919
19.45 -0.02284407
19.46 -0.01919983
19.47 -0.01527516
19.48 -0.009511532
19.49 -0.004102747
19.5 -0.002659575
19.51 -0.003253411
19.52 -0.003193236
19.53 -0.001524079
19.54 0.001805174
19.55 0.006419244
19.56 0.01028106
19.57 0.01507619
19.58 0.02086301
19.59 0.02521428
19.6 0.02680396
19.61 0.02650203
19.62 0.02608269
19.63 0.02378958
19.64 0.02130269
19.65 0.02114061
19.66 0.02298213
19.67 0.0261455
19.68 0.02914778
19.69 0.03126647
19.7 0.03134961
19.71 0.03033575
19.72 0.02783123
19.73 0.02362376
19.74 0.01841701
19.75 0.009544764
19.76 -0.003691043
19.77 -0.01790753
19.78 -0.02655868
19.79 -0.03030478
19.8 -0.03294131
19.81 -0.03486776
19.82 -0.03313834
19.83 -0.02766379
19.84 -0.02005646
19.85 -0.01129016
19.86 -0.003446684
19.87 0.003474201
19.88 0.01127604
19.89 0.01551035
19.9 0.01620431
19.91 0.01595574
19.92 0.01595406
19.93 0.01610759
19.94 0.01816187
19.95 0.02139611
19.96 0.02481436
19.97 0.02843047
19.98 0.03067782
19.99 0.03092803
20 0.03029503
20.01 0.02740947
20.02 0.02245391
20.03 0.01568414
20.04 0.009027918
20.05 0.00345422
20.06 -0.0008567779
20.07 -0.004190551
20.08 -0.008890799
20.09 -0.01515179
20.1 -0.02116133
20.11 -0.02457564
20.12 -0.0271342
20.13 -0.02900881
20.14 -0.0290443
20.15 -0.02876387
20.16 -0.02883362
20.17 -0.02895352
20.18 -0.02858436
20.19 -0.02643906
20.2 -0.02253776
20.21 -0.01676886
20.22 -0.007986878
20.23 0.004094108
20.24 0.01562544
20.25 0.02475994
20.26 0.03040512
20.27 0.03322235
20.28 0.03526738
20.29 0.03516691
20.3 0.03273053
20.31 0.03028921
20.32 0.02979234
20.33 0.02785049
20.34 0.02515333
20.35 0.02400566
20.36 0.02019688
20.37 0.01463391
20.38 0.009884722
20.39 0.00318909
20.4 -0.005136613
20.41 -0.0107066
20.42 -0.01464709
20.43 -0.01787876
20.44 -0.01949368
20.45 -0.01899086
20.46 -0.01600943
20.47 -0.01349223
20.48 -0.01218379
20.49 -0.01197311
20.5 -0.01330827
20.51 -0.01526219
20.52 -0.01825284
20.53 -0.02113446
20.54 -0.02401036
20.55 -0.02600986
20.56 -0.02835611
20.57 -0.02977531
20.58 -0.02969117
20.59 -0.02949728
20.6 -0.02957035
20.61 -0.02961488
20.62 -0.02960087
20.63 -0.02922669
20.64 -0.02825613
20.65 -0.02884989
20.66 -0.02774162
20.67 -0.02440766
20.68 -0.02072128
20.69 -0.01672468
20.7 -0.01111943
20.71 -0.003397068
20.72 0.003206075
20.73 0.008646646
20.74 0.0140107
20.75 0.01789504
20.76 0.01973446
20.77 0.01983312
20.78 0.0183323
20.79 0.01540051
20.8 0.01225907
20.81 0.01008898
20.82 0.01113996
20.83 0.01442153
20.84 0.01523255
20.85 0.01495059
20.86 0.01593414
20.87 0.01549042
20.88 0.0145366
20.89 0.01425615
20.9 0.01201983
20.91 0.00950352
20.92 0.009353175
20.93 0.008417223
20.94 0.005407195
20.95 0.005589985
20.96 0.008685884
20.97 0.01087197
20.98 0.01469879
20.99 0.02077322
21 0.02668164
21.01 0.03008274
21.02 0.03265316
21.03 0.0345113
21.04 0.0344708
21.05 0.03254093
21.06 0.02940987
21.07 0.02638703
21.08 0.02364231
21.09 0.02002587
21.1 0.01487496
21.11 0.007099779
21.12 -0.0009865627
21.13 -0.008275377
21.14 -0.0145384
21.15 -0.01822989
21.16 -0.01989083
21.17 -0.01813538
21.18 -0.01266304
21.19 -0.006913661
21.2 -0.004760712
21.21 -0.004019572
21.22 -0.001187848
21.23 -0.0001908431
21.24 -0.003021458
21.25 -0.005926198
21.26 -0.007785093
21.27 -0.01123558
21.28 -0.0150965
21.29 -0.01797808
21.3 -0.02016358
21.31 -0.01963048
21.32 -0.01568617
21.33 -0.01182012
21.34 -0.01012495
21.35 -0.01032313
21.36 -0.01206336
21.37 -0.01546261
21.38 -0.02001013
21.39 -0.02358892
21.4 -0.02516077
21.41 -0.02515924
21.42 -0.02422312
21.43 -0.02117965
21.44 -0.01800079
21.45 -0.01320546
21.46 -0.007082228
21.47 -0.001170837
21.48 0.004630266
21.49 0.01039188
21.5 0.01454467
21.51 0.01715936
21.52 0.01949868
21.53 0.01986556
21.54 0.01950997
21.55 0.01954375
21.56 0.02063889
21.57 0.02333209
21.58 0.02650221
21.59 0.02999574
21.6 0.03373846
21.61 0.03494729
21.62 0.03450725
21.63 0.0343856
21.64 0.03383969
21.65 0.03089465
21.66 0.02779193
21.67 0.02508837
21.68 0.02412812
21.69 0.0218214
21.7 0.01863667
21.71 0.01499721
21.72 0.0114387
21.73 0.007538135
21.74 0.001918416
21.75 -0.004424593
21.76 -0.01018481
21.77 -0.01445832
21.78 -0.01733415
21.79 -0.02211597
21.8 -0.02730229
21.81 -0.03129658
21.82 -0.03481041
21.83 -0.03708345
21.84 -0.03640031
21.85 -0.03429569
21.86 -0.03086946
21.87 -0.02587605
21.88 -0.02276233
21.89 -0.02017426
21.9 -0.01723906
21.91 -0.01425414
21.92 -0.01087697
21.93 -0.007046489
21.94 -0.004761191
21.95 -0.002644667
21.96 7.138045e-05
21.97 0.0006184915
21.98 -0.0002678512
21.99 -0.002480382
22 -0.005509219
22.01 -0.008527836
22.02 -0.01138249
22.03 -0.01458651
22.04 -0.01847307
22.05 -0.02137285
22.06 -0.02424895
22.07 -0.02721592
22.08 -0.02975005
22.09 -0.03161477
22.1 -0.03379561
22.11 -0.03452892
22.12 -0.03309725
22.13 -0.03039267
22.14 -0.02872338
22.15 -0.02740417
22.16 -0.02596038
22.17 -0.02441645
22.18 -0.0240003
22.19 -0.02419375
22.2 -0.02421227
22.21 -0.024129
22.22 -0.0233175
22.23 -0.02065569
22.24 -0.01614022
22.25 -0.01058935
22.26 -0.006513116
22.27 -0.003198486
22.28 0.001973585
22.29 0.006062889
22.3 0.008789139
22.31 0.01246235
22.32 0.0161864
22.33 0.02110959
22.34 0.02720231
22.35 0.03400272
22.36 0.04227574
22.37 0.04964787
22.38 0.05451385
22.39 0.0570256
22.4 0.05971731
22.41 0.06169688
22.42 0.06288508
22.43 0.06275346
22.44 0.06106619
22.45 0.05895215
22.46 0.05454083
22.47 0.04836682
22.48 0.04240513
22.49 0.03678577
22.5 0.03102727
22.51 0.02639205
22.52 0.02381558
22.53 0.01926724
22.54 0.01336902
22.55 0.01011887
22.56 0.007288732
22.57 0.003525231
22.58 0.001185379
22.59 -0.0009698962
22.6 -0.005726994
22.61 -0.00943561
22.62 -0.01204762
22.63 -0.01358805
22.64 -0.01501426
22.65 -0.01787456
22.66 -0.01873006
22.67 -0.01800911
22.68 -0.01616203
22.69 -0.01486215
22.7 -0.01716285
22.71 -0.01879769
22.72 -0.0205664
22.73 -0.02297915
22.74 -0.02368165
22.75 -0.02473286
22.76 -0.02490169
22.77 -0.0231894
22.78 -0.02135239
22.79 -0.01887544
22.8 -0.0157957
22.81 -0.01325327
22.82 -0.01120876
22.83 -0.006689734
22.84 -0.0006802948
22.85 0.002955414
22.86 0.00548981
22.87 0.007213227
22.88 0.007167796
22.89 0.006898383
22.9 0.006904797
22.91 0.005721742
22.92 0.003114453
22.93 0.001872246
22.94 0.002153813
22.95 0.002302139
22.96 0.0012748
22.97 -0.0003450836
22.98 -0.001581539
22.99 -0.0006626424
23 0.001920123
23.01 0.00278945
23.02 0.002526253
23.03 0.003706562
23.04 0.006498099
23.05 0.007875846
23.06 0.00763916
23.07 0.007490878
23.08 0.007618537
23.09 0.007671628
23.1 0.007672643
23.11 0.007700335
23.12 0.007736246
23.13 0.007764578
23.14 0.007792311
23.15 0.007590962
23.16 0.004857214
23.17 -0.0005967997
23.18 -0.00531711
23.19 -0.01070862
23.2 -0.01816111
23.21 -0.02424896
23.22 -0.02728702
23.23 -0.02980744
23.24 -0.03209874
23.25 -0.03361269
23.26 -0.03405059
23.27 -0.03293441
23.28 -0.03139987
23.29 -0.03116337
23.3 -0.03050412
23.31 -0.026804
23.32 -0.02273705
23.33 -0.0186587
23.34 -0.01166456
23.35 -0.002509538
23.36 0.006386812
23.37 0.01429302
23.38 0.02046282
23.39 0.02485998
23.4 0.02758026
23.41 0.02859514
23.42 0.02848287
23.43 0.02837249
23.44 0.02839844
23.45 0.02825907
23.46 0.02679442
23.47 0.02428284
23.48 0.02214341
23.49 0.0178908
23.5 0.01356476
23.51 0.01047696
23.52 0.005910745
23.53 0.003433378
23.54 0.002577644
23.55 -0.0001152708
23.56 -0.001301574
23.57 -0.0008606015
23.58 1.156406e-05
23.59 0.002872116
23.6 0.005960654
23.61 0.008901327
23.62 0.01201723
23.63 0.0155148
23.64 0.01548381
23.65 0.01348328
23.66 0.01117644
23.67 0.007531709
23.68 0.002964124
23.69 -0.001533073
23.7 -0.005715826
23.71 -0.009544206
23.72 -0.01066491
23.73 -0.008252128
23.74 -0.004908838
23.75 -0.001365403
23.76 0.003899192
23.77 0.00798487
23.78 0.01138679
23.79 0.01472863
23.8 0.01772013
23.81 0.01983475
23.82 0.01994299
23.83 0.01966351
23.84 0.01974148
23.85 0.01983279
23.86 0.01983637
23.87 0.01910062
23.88 0.01613278
23.89 0.01455709
23.9 0.014759
23.91 0.0126295
23.92 0.009848174
23.93 0.008896063
23.94 0.005694845
23.95 0.0008412125
23.96 -0.004652395
23.97 -0.01065374
23.98 -0.01720176
23.99 -0.02110246
24 -0.02372167
24.01 -0.02473761
24.02 -0.02422237
24.03 -0.02098197
24.04 -0.01541735
24.05 -0.01129872
24.06 -0.007996794
24.07 -0.004726852
24.08 -0.004065787
24.09 -0.004572377
24.1 -0.005013022
24.11 -0.006999401
24.12 -0.009405664
24.13 -0.01186232
24.14 -0.01435174
24.15 -0.01519513
24.16 -0.01707702
24.17 -0.01632146
24.18 -0.0146415
24.19 -0.01467172
24.2 -0.01510692
24.21 -0.01624484
24.22 -0.01780974
24.23 -0.01933901
24.24 -0.01996248
24.25 -0.01980353
24.26 -0.01982794
24.27 -0.02111121
24.28 -0.02271049
24.29 -0.0242337
24.3 -0.02492452
24.31 -0.02667874
24.32 -0.02947859
24.33 -0.02999559
24.34 -0.0295097
24.35 -0.0294382
24.36 -0.02783959
24.37 -0.02360602
24.38 -0.02028802
24.39 -0.01871921
24.4 -0.01493041
24.41 -0.008735659
24.42 -0.004391532
24.43 -0.00183422
24.44 0.001845535
24.45 0.00484221
24.46 0.005546822
24.47 0.005213584
24.48 0.004106142
24.49 0.001394063
24.5 -0.001733559
24.51 -0.004183059
24.52 -0.005450143
24.53 -0.006731147
24.54 -0.00618578
24.55 -0.004364242
24.56 -0.002382383
24.57 0.0008622079
24.58 0.005495618
24.59 0.009153492
24.6 0.01293431
24.61 0.01713182
24.62 0.01983329
24.63 0.02039923
24.64 0.02015212
24.65 0.02014399
24.66 0.02027406
24.67 0.02033584
24.68 0.02033075
24.69 0.01969278
24.7 0.01808355
24.71 0.01752797
24.72 0.01773792
24.73 0.01743084
24.74 0.01593708
24.75 0.01511094
24.76 0.01529417
24.77 0.01516235
24.78 0.01251513
24.79 0.01005923
24.8 0.009002621
24.81 0.00636717
24.82 0.004966393
24.83 0.003937622
24.84 0.00151045
24.85 0.0002243824
24.86 -0.0007704523
24.87 -0.003811197
24.88 -0.007258215
24.89 -0.01208654
24.9 -0.01553277
24.91 -0.01821112
24.92 -0.01956629
24.93 -0.01944338
24.94 -0.01913299
24.95 -0.01764463
24.96 -0.01463121
24.97 -0.0114834
24.98 -0.007862814
24.99 -0.002402064
25 0.003542332
25.01 0.007748689
25.02 0.01090511
25.03 0.01460856
25.04 0.01689749
25.05 0.01899699
25.06 0.02044081
25.07 0.02080809
25.08 0.02213737
25.09 0.02376937
25.1 0.02528023
25.11 0.02672946
25.12 0.02786641
25.13 0.02748196
25.14 0.02566375
25.15 0.02326996
25.16 0.02045092
25.17 0.01848375
25.18 0.01622115
25.19 0.01412366
25.2 0.011221
25.21 0.009935574
25.22 0.009012182
25.23 0.006544942
25.24 0.004742527
25.25 0.002831237
25.26 0.0006915548
25.27 0.0002121765
25.28 0.0005219012
25.29 6.027834e-05
25.3 -0.00286421
25.31 -0.005489481
25.32 -0.007544111
25.33 -0.009329875
25.34 -0.009656276
25.35 -0.00944706
25.36 -0.00944601
25.37 -0.009440321
25.38 -0.007692158
25.39 -0.002648671
25.4 0.0008823929
25.41 0.0006983541
25.42 0.0001355403
25.43 0.000282884
25.44 0.0003400146
25.45 -0.0007150773
25.46 -0.002148787
25.47 -0.002002551
25.48 -0.0002662705
25.49 0.001272916
25.5 0.003378479
25.51 0.005199502
25.52 0.00534613
25.53 0.005087149
25.54 0.005176779
25.55 0.005238298
25.56 0.004964063
25.57 0.002560517
25.58 -0.0002726638
25.59 -0.002202348
25.6 -0.004386579
25.61 -0.005175823
25.62 -0.004854871
25.63 -0.004781336
25.64 -0.004888488
25.65 -0.004903904
25.66 -0.004292055
25.67 -0.001961371
25.68 0.0001457128
25.69 0.00146791
25.7 0.002785017
25.71 0.004350412
25.72 0.004993859
25.73 0.004010541
25.74 0.00247249
25.75 0.001978687
25.76 0.000769848
25.77 -0.0003614856
25.78 -0.0003644002
25.79 -0.0003356539
25.8 -0.002535636
25.81 -0.005328413
25.82 -0.005651707
25.83 -0.005213096
25.84 -0.00523498
25.85 -0.006275101
25.86 -0.007760086
25.87 -0.008047271
25.88 -0.008186925
25.89 -0.009129068
25.9 -0.00848727
25.91 -0.007753959
25.92 -0.00903675
25.93 -0.01054071
25.94 -0.010634
25.95 -0.0104569
25.96 -0.01125672
25.97 -0.01178671
25.98 -0.01070865
25.99 -0.01026998
26 -0.01051255
26.01 -0.009931947
26.02 -0.007539449
26.03 -0.005614109
26.04 -0.005552327
26.05 -0.005824917
26.06 -0.005259207
26.07 -0.003034887
26.08 -0.0009016583
26.09 -0.0006421646
26.1 -0.0009668037
26.11 -0.001014609
26.12 -0.0009704347
26.13 -0.0009281313
26.14 -0.001106079
26.15 -0.003496899
26.16 -0.006073965
26.17 -0.00563152
26.18 -0.004239052
26.19 -0.002862342
26.2 -0.001319431
26.21 -0.0009740419
26.22 -0.001222777
26.23 -0.001278891
26.24 -0.001169971
26.25 -0.001230135
26.26 -0.002205328
26.27 -0.002428789
26.28 -0.001389164
26.29 -0.00116053
26.3 -0.001389028
26.31 -0.0014472
26.32 -0.001462597
26.33 -0.001489468
26.34 -0.001485374
26.35 -0.001417553
26.36 -0.0006991967
26.37 0.0006248364
26.38 -0.0001353887
26.39 -0.002201099
26.4 -0.006173467
26.41 -0.01098378
26.42 -0.01394096
26.43 -0.01641459
26.44 -0.01838361
26.45 -0.02004139
26.46 -0.01813637
26.47 -0.01551783
26.48 -0.01326988
26.49 -0.01054985
26.5 -0.009037341
26.51 -0.00959204
26.52 -0.011389
26.53 -0.01362301
26.54 -0.01663918
26.55 -0.01852455
26.56 -0.01936945
26.57 -0.01940526
26.58 -0.01873034
26.59 -0.01637558
26.6 -0.01310275
26.61 -0.008975495
26.62 -0.005901701
26.63 -0.001995003
26.64 0.002470135
26.65 0.005312081
26.66 0.007472856
26.67 0.008110978
26.68 0.009718203
26.69 0.01219241
26.7 0.01286278
26.71 0.01245937
26.72 0.01233389
26.73 0.01204808
26.74 0.01001667
26.75 0.007553874
26.76 0.007141932
26.77 0.008722018
26.78 0.01138686
26.79 0.01262083
26.8 0.01231996
26.81 0.01211469
26.82 0.01219538
26.83 0.01216488
26.84 0.01207185
26.85 0.01158522
26.86 0.01004328
26.87 0.008445136
26.88 0.007094626
26.89 0.006865946
26.9 0.007028521
26.91 0.006958459
26.92 0.006827015
26.93 0.005816994
26.94 0.003259793
26.95 0.001673835
26.96 0.001777663
26.97 0.00142621
26.98 -0.0002280705
26.99 -0.0007198632
27 0.001077675
27.01 0.004161478
27.02 0.007724566
27.03 0.01287343
27.04 0.0188585
27.05 0.02338496
27.06 0.02618303
27.07 0.02890485
27.08 0.03125382
27.09 0.03177234
27.1 0.03147157
27.11 0.03142114
27.12 0.03142971
27.13 0.03134651
27.14 0.02997338
27.15 0.02685208
27.16 0.02450299
27.17 0.02205574
27.18 0.01903097
27.19 0.01603808
27.2 0.01306106
27.21 0.009179564
27.22 0.006059403
27.23 0.004268898
27.24 0.001628207
27.25 -0.001560042
27.26 -0.003602322
27.27 -0.00484124
27.28 -0.006208574
27.29 -0.00774936
27.3 -0.00859327
27.31 -0.008568627
27.32 -0.008399059
27.33 -0.00727704
27.34 -0.005701307
27.35 -0.004126116
27.36 -0.002771632
27.37 -0.001289863
27.38 0.0001386955
27.39 0.001262263
27.4 0.001053848
27.41 -0.001003279
27.42 -0.003448268
27.43 -0.004084271
27.44 -0.004769818
27.45 -0.00612201
27.46 -0.00643702
27.47 -0.006255138
27.48 -0.006254086
27.49 -0.006391408
27.5 -0.007322658
27.51 -0.007329502
27.52 -0.006645441
27.53 -0.008049837
27.54 -0.00912768
27.55 -0.008947897
27.56 -0.008601787
27.57 -0.007638048
27.58 -0.008037965
27.59 -0.008369569
27.6 -0.006906058
27.61 -0.006232876
27.62 -0.006449435
27.63 -0.006498136
27.64 -0.006429165
27.65 -0.006406771
27.66 -0.005536415
27.67 -0.004051648
27.68 -0.003776179
27.69 -0.004087873
27.7 -0.004148899
27.71 -0.004138778
27.72 -0.005106387
27.73 -0.006532875
27.74 -0.007019061
27.75 -0.008331677
27.76 -0.009345679
27.77 -0.009257339
27.78 -0.009103175
27.79 -0.009172951
27.8 -0.009241813
27.81 -0.009159646
27.82 -0.00911083
27.83 -0.009191361
27.84 -0.009235327
27.85 -0.009433961
27.86 -0.01048442
27.87 -0.01010954
27.88 -0.009219551
27.89 -0.009241987
27.9 -0.009291669
27.91 -0.007719393
27.92 -0.005038513
27.93 -0.002932147
27.94 -0.0001118781
27.95 0.002972968
27.96 0.006863507
27.97 0.01009724
27.98 0.01282421
27.99 0.01505879
28 0.01559734
28.01 0.01531951
28.02 0.01482116
28.03 0.01210098
28.04 0.009451812
28.05 0.007357579
28.06 0.005525594
28.07 0.005258873
28.08 0.006985885
28.09 0.009961793
28.1 0.01298744
28.11 0.01586128
28.12 0.01865899
28.13 0.02024671
28.14 0.020275
28.15 0.01962925
28.16 0.01807853
28.17 0.01647114
28.18 0.01403528
28.19 0.0107049
28.2 0.005643447
28.21 -0.001650624
28.22 -0.007675461
28.23 -0.01171111
28.24 -0.0157452
28.25 -0.01882654
28.26 -0.01987312
28.27 -0.02019478
28.28 -0.02171703
28.29 -0.02331015
28.3 -0.02479025
28.31 -0.02633526
28.32 -0.02724557
28.33 -0.0271672
28.34 -0.02703835
28.35 -0.02709538
28.36 -0.02695966
28.37 -0.02523205
28.38 -0.02220565
28.39 -0.0191217
28.4 -0.01622997
28.41 -0.01336107
28.42 -0.01043057
28.43 -0.007821239
28.44 -0.006383163
28.45 -0.004272251
28.46 -0.00231576
28.47 -0.002050135
28.48 -0.002324482
28.49 -0.002319409
28.5 -0.002295079
28.51 -0.003321984
28.52 -0.005911456
28.53 -0.007517329
28.54 -0.007816247
28.55 -0.00913642
28.56 -0.009986558
28.57 -0.008883786
28.58 -0.007298723
28.59 -0.006828528
28.6 -0.005054869
28.61 -0.002406594
28.62 1.498204e-05
28.63 0.003781576
28.64 0.007457666
28.65 0.01121456
28.66 0.0135371
28.67 0.01558743
28.68 0.01757937
28.69 0.01788352
28.7 0.01752518
28.71 0.01706223
28.72 0.01504244
28.73 0.01182786
28.74 0.008785335
28.75 0.006108932
28.76 0.004636932
28.77 0.003367991
28.78 0.001904658
28.79 0.0004297524
28.8 -5.258666e-05
28.81 -0.0008902485
28.82 -0.0005999738
28.83 -0.0001887539
28.84 -0.001589024
28.85 -0.001406772
28.86 -0.0009510128
28.87 -0.001945395
28.88 -0.002777713
28.89 -0.004115711
28.9 -0.005703173
28.91 -0.008096725
28.92 -0.009858752
28.93 -0.01158138
28.94 -0.01386338
28.95 -0.01461103
28.96 -0.0142222
28.97 -0.01297492
28.98 -0.01146859
28.99 -0.00952416
29 -0.007237375
29.01 -0.005761886
29.02 -0.004548216
29.03 -0.004254912
29.04 -0.004416722
29.05 -0.0044387
29.06 -0.004363844
29.07 -0.003467339
29.08 -0.00198508
29.09 -0.001690126
29.1 -0.001540432
29.11 0.0005884738
29.12 0.003883346
29.13 0.006892071
29.14 0.00968365
29.15 0.01260386
29.16 0.01556484
29.17 0.01781516
29.18 0.01910774
29.19 0.02024679
29.2 0.01940697
29.21 0.01801387
29.22 0.01745488
29.23 0.01609659
29.24 0.01452564
29.25 0.01313605
29.26 0.01166512
29.27 0.01024992
29.28 0.008210162
29.29 0.005278774
29.3 0.003301513
29.31 0.00325983
29.32 0.003548201
29.33 0.003506399
29.34 0.004103764
29.35 0.006548137
29.36 0.009591613
29.37 0.01132084
29.38 0.01259738
29.39 0.01350048
29.4 0.01349766
29.41 0.01336219
29.42 0.01339757
29.43 0.01342975
29.44 0.01305462
29.45 0.01157156
29.46 0.01003922
29.47 0.008672789
29.48 0.008427288
29.49 0.008673699
29.5 0.00870064
29.51 0.008650889
29.52 0.00861788
29.53 0.007675917
29.54 0.006032359
29.55 0.004107103
29.56 0.001379567
29.57 -0.001511551
29.58 -0.00352635
29.59 -0.003788971
29.6 -0.003525696
29.61 -0.003181239
29.62 -0.001724625
29.63 -0.0001353798
29.64 0.00134923
29.65 0.002814162
29.66 0.004006048
29.67 0.004113964
29.68 0.003943573
29.69 0.003925566
29.7 0.003049551
29.71 0.001655487
29.72 0.001421582
29.73 0.001653724
29.74 0.001070399
29.75 0.0002927261
29.76 0.0013893
29.77 0.003215068
29.78 0.004304546
29.79 0.004267296
29.8 0.004126017
29.81 0.003488912
29.82 0.003099494
29.83 0.004118397
29.84 0.004530278
29.85 0.004404842
29.86 0.005061154
29.87 0.008373176
29.88 0.01297392
29.89 0.01487707
29.9 0.01455326
29.91 0.01437432
29.92 0.01454475
29.93 0.0137423
29.94 0.01203409
29.95 0.01034821
29.96 0.008061458
29.97 0.006955673
29.98 0.006544692
29.99 0.00436505
30 0.002155678
30.01 0.0008514163
30.02 -3.364147e-05
30.03 -9.024488e-05
30.04 0.0001109624
30.05 0.0001406339
30.06 0.0001140523
30.07 -6.995762e-05
30.08 -0.001389695
30.09 -0.002435166
30.1 -0.002972227
30.11 -0.004361436
30.12 -0.004946725
30.13 -0.004919337
30.14 -0.00611562
30.15 -0.007660818
30.16 -0.009132233
30.17 -0.008791995
30.18 -0.006985828
30.19 -0.005352652
30.2 -0.0043553
30.21 -0.004266892
30.22 -0.004382691
30.23 -0.005154202
30.24 -0.006568425
30.25 -0.007108097
30.26 -0.008262679
30.27 -0.009311076
30.28 -0.008654636
30.29 -0.006818916
30.3 -0.005205564
30.31 -0.004025685
30.32 -0.004164231
30.33 -0.005749828
30.34 -0.00664751
30.35 -0.006473496
30.36 -0.007177781
30.37 -0.007512767
30.38 -0.006409808
30.39 -0.006053702
30.4 -0.00626625
30.41 -0.006291229
30.42 -0.006223811
30.43 -0.006384765
30.44 -0.007620912
30.45 -0.009058722
30.46 -0.0105899
30.47 -0.01197297
30.48 -0.01424375
30.49 -0.0161234
30.5 -0.01766767
30.51 -0.01999173
30.52 -0.02103988
30.53 -0.02079031
30.54 -0.02072228
30.55 -0.02185274
30.56 -0.02291257
30.57 -0.02122707
30.58 -0.01845519
30.59 -0.017651
30.6 -0.017984
30.61 -0.01799549
30.62 -0.01783616
30.63 -0.01782404
30.64 -0.017859
30.65 -0.01850538
30.66 -0.01919988
30.67 -0.01817582
30.68 -0.01758237
30.69 -0.01774443
30.7 -0.01770349
30.71 -0.01755792
30.72 -0.01750811
30.73 -0.01660133
30.74 -0.01497405
30.75 -0.01338784
30.76 -0.01250201
30.77 -0.01187104
30.78 -0.009520537
30.79 -0.00740272
30.8 -0.00705587
30.81 -0.00557012
30.82 -0.002881253
30.83 -0.001383003
30.84 0.0005999728
30.85 0.00267202
30.86 0.004172236
30.87 0.004840949
30.88 0.003395862
30.89 0.002465298
30.9 0.002713352
30.91 0.002869598
30.92 0.002589747
30.93 0.000853009
30.94 -0.001169843
30.95 -0.0003565466
30.96 0.0008260572
30.97 0.001790742
30.98 0.002911883
30.99 0.003119562
31 0.003031092
31.01 0.003098785
31.02 0.002235931
31.03 0.0005896703
31.04 -0.001153532
31.05 -0.003478631
31.06 -0.005014278
31.07 -0.005497261
31.08 -0.003492271
31.09 -0.001148001
31.1 0.001566049
31.11 0.004485436
31.12 0.007575871
31.13 0.01024362
31.14 0.01305039
31.15 0.01383513
31.16 0.01401973
31.17 0.01687531
31.18 0.01886252
31.19 0.01858124
31.2 0.01828996
31.21 0.0183394
31.22 0.01716165
31.23 0.01599261
31.24 0.01602233
31.25 0.01622671
31.26 0.01619079
31.27 0.01616079
31.28 0.01621262
31.29 0.01590596
31.3 0.01441554
31.31 0.01277129
31.32 0.01058423
31.33 0.01024994
31.34 0.01192207
31.35 0.01365072
31.36 0.01426166
31.37 0.0140852
31.38 0.01295066
31.39 0.01164126
31.4 0.01153813
31.41 0.01182087
31.42 0.0118164
31.43 0.01090967
31.44 0.009494558
31.45 0.009245915
31.46 0.009542611
31.47 0.0096003
31.48 0.009549332
31.49 0.009559779
31.5 0.009999199
31.51 0.01009517
31.52 0.01017552
31.53 0.009595358
31.54 0.00797178
31.55 0.006433651
31.56 0.005257974
31.57 0.004833932
31.58 0.003208124
31.59 0.0007614029
31.6 6.423133e-05
31.61 0.0002989685
31.62 -0.0006346848
31.63 -0.0007195574
31.64 0.0003323631
31.65 0.0005405675
31.66 0.0003776379
31.67 0.0003875533
31.68 0.0004334305
31.69 0.0005180445
31.7 0.0005892577
31.71 0.0005781974
31.72 0.0005533861
31.73 0.0005443484
31.74 0.0005351966
31.75 0.0005221317
31.76 0.0005270052
31.77 0.0005755335
31.78 0.0005926651
31.79 0.000581332
31.8 0.0006597888
31.81 0.0007479767
31.82 0.0007378253
31.83 0.0007341385
31.84 0.001534798
31.85 0.002988425
31.86 0.003163503
31.87 0.001879045
31.88 0.001758761
31.89 0.001284744
31.9 -0.0002542113
31.91 -0.002677414
31.92 -0.004628815
31.93 -0.007199615
31.94 -0.008995224
31.95 -0.008839003
31.96 -0.008458124
31.97 -0.008363353
31.98 -0.007021147
31.99 -0.004384833
32 -0.003240449
32.01 -0.003509896
32.02 -0.003632568
32.03 -0.003409336
32.04 -0.002424381
32.05 -0.002219122
32.06 -0.001730898
32.07 -0.0009827901
32.08 -0.0008992108
32.09 -6.575233e-05
32.1 0.001311089
32.11 0.001530797
32.12 0.001736772
32.13 0.003159829
32.14 0.003758595
32.15 0.002634772
32.16 0.001319221
32.17 0.001221051
32.18 0.001408744
32.19 0.001358727
32.2 0.001291715
32.21 0.001287094
32.22 0.001314622
32.23 0.001033052
32.24 -0.0006988866
32.25 -0.002854067
32.26 -0.003301263
32.27 -0.003178342
32.28 -0.0052295
32.29 -0.007421804
32.3 -0.007393425
32.31 -0.008096424
32.32 -0.01070129
32.33 -0.01149772
32.34 -0.01095266
32.35 -0.01071762
32.36 -0.01060738
32.37 -0.009871586
32.38 -0.008348904
32.39 -0.005974181
32.4 -0.003560678
32.41 -0.002134578
32.42 -0.0006621237
32.43 0.001279771
32.44 0.001771518
32.45 0.002251009
32.46 0.002506656
32.47 0.002761019
32.48 0.003922367
32.49 0.005195877
32.5 0.007056405
32.51 0.008366734
32.52 0.008068733
32.53 0.006930133
32.54 0.006896701
32.55 0.00638503
32.56 0.005744099
32.57 0.004640581
32.58 0.002624332
32.59 0.001655538
32.6 0.001824685
32.61 0.001287606
32.62 -5.179258e-05
32.63 -0.001237363
32.64 -0.001949007
32.65 -0.001952409
32.66 -0.001825041
32.67 -0.001750923
32.68 -0.00106739
32.69 -0.0009165073
32.7 -0.00171671
32.71 -0.001913176
32.72 -0.001704128
32.73 -0.001592183
32.74 -0.001596892
32.75 -0.001745648
32.76 -0.002943274
32.77 -0.00467634
32.78 -0.00514669
32.79 -0.004904518
32.8 -0.005621096
32.81 -0.007319854
32.82 -0.008076187
32.83 -0.007773573
32.84 -0.007523817
32.85 -0.007453586
32.86 -0.00733565
32.87 -0.006908219
32.88 -0.00492198
32.89 -0.00339103
32.9 -0.003431021
32.91 -0.003534991
32.92 -0.002620207
32.93 -0.0009170065
32.94 -6.926304e-06
32.95 -0.0003818188
32.96 -0.001897568
32.97 -0.003211443
32.98 -0.00324028
32.99 -0.003035805
33 -0.003807675
33.01 -0.004419195
33.02 -0.004235027
33.03 -0.003489483
33.04 -0.002539945
33.05 -0.002145857
33.06 -0.00119316
33.07 0.000284269
33.08 0.001155949
33.09 0.002315779
33.1 0.003350567
33.11 0.003377786
33.12 0.003153886
33.13 0.00313653
33.14 0.003106725
33.15 0.002506748
33.16 0.001116241
33.17 0.0002912078
33.18 0.0003584676
33.19 0.0004673708
33.2 0.0004232343
33.21 0.0004007415
33.22 0.0004099532
33.23 0.0005371739
33.24 0.001445528
33.25 0.002683415
33.26 0.002961475
33.27 0.002715844
33.28 0.002615205
33.29 0.002360051
33.3 0.0009970532
33.31 -0.0001948566
33.32 -0.001124366
33.33 -0.002355223
33.34 -0.003583303
33.35 -0.004031648
33.36 -0.003793118
33.37 -0.003583106
33.38 -0.00348728
33.39 -0.003363871
33.4 -0.003170674
33.41 -0.002455607
33.42 -0.001257951
33.43 -0.0007194546
33.44 -0.0007764481
33.45 -0.0007533132
33.46 -0.0002186922
33.47 0.0007996532
33.48 0.001306387
33.49 0.001237136
33.5 0.001206977
33.51 0.001245763
33.52 0.001237267
33.53 0.001144884
33.54 0.0006732387
33.55 0.0003294136
33.56 0.0003955149
33.57 0.0005117224
33.58 0.0005622389
33.59 0.0009200244
33.6 0.00129342
33.61 0.001437426
33.62 0.001976754
33.63 0.002613567
33.64 0.00293692
33.65 0.003129617
33.66 0.003063814
33.67 0.00291323
33.68 0.002798323
33.69 0.002509636
33.7 0.002045806
33.71 0.00155822
33.72 0.0008961687
33.73 0.0001785868
33.74 -0.0003270992
33.75 -0.000573112
33.76 -0.0009905331
33.77 -0.001273583
33.78 -0.001109023
33.79 -0.0006713585
33.8 -0.0004381054
33.81 -0.0002571103
33.82 5.899747e-05
33.83 0.0002441024
33.84 0.0007177315
33.85 0.001080694
33.86 0.001038166
33.87 0.0009572569
33.88 0.0009505988
33.89 0.0009694188
33.9 0.001143452
33.91 0.001331476
33.92 0.001500305
33.93 0.001636908
33.94 0.001866185
33.95 0.001993674
33.96 0.002002409
33.97 0.001807655
33.98 0.00161785
33.99 0.001532182
34 0.001449196
34.01 0.001348468
34.02 0.001253353
34.03 0.001164467
34.04 0.001076574
34.05 0.0009762179
34.06 0.0007088801
34.07 0.0004064153
34.08 0.0001999202
34.09 1.168773e-05
34.1 -0.0001648725
34.11 -0.0003726077
34.12 -0.0004989851
34.13 -0.0006161451
34.14 -0.0006770889
34.15 -0.0007488185
34.16 -0.0008164355
34.17 -0.0007802078
34.18 -0.0007036358
34.19 -0.00064456
34.2 -0.0005905099
34.21 -0.0005358969
34.22 -0.0004853771
34.23 -0.0004304203
34.24 -0.0002930625
34.25 -0.0001599259
34.26 -0.0001328429
34.27 -0.0001280863
34.28 -0.0001088181
34.29 -0.0001246886
34.3 -0.0001795111
34.31 -0.0001868599
34.32 -0.0001487176
34.33 -0.0001145027
34.34 -9.01958e-05
34.35 -6.651726e-05
34.36 -4.317964e-05
34.37 -1.333757e-05
34.38 4.407577e-05
34.39 9.55082e-05
34.4 0.0001089807
34.41 0.0001278605
34.42 0.0001466541
34.43 0.0001455236
34.44 0.0001398122
34.45 0.0001273325
34.46 0.0001099985
34.47 9.513645e-05
34.48 8.534935e-05
34.49 7.698896e-05
34.5 7.733794e-05
34.51 9.060473e-05
34.52 0.0001098891
34.53 0.0001163829
34.54 0.0001116222
34.55 0.000107114
34.56 0.0001039719
34.57 9.966265e-05
34.58 9.558737e-05
34.59 9.660757e-05
34.6 9.739302e-05
34.61 9.081115e-05
34.62 8.4157e-05
34.63 8.105459e-05
34.64 7.408397e-05
34.65 6.328668e-05
34.66 5.300734e-05
34.67 4.371152e-05
34.68 3.470796e-05
34.69 2.602816e-05
34.7 1.780154e-05
34.71 1.003287e-05
34.72 2.629646e-06
34.73 -4.454606e-06
34.74 -1.116679e-05
34.75 -1.748507e-05
34.76 -2.342751e-05
34.77 -2.918025e-05
34.78 -3.465312e-05
34.79 -3.941061e-05
34.8 -4.385236e-05
34.81 -4.789714e-05
34.82 -5.155438e-05
34.83 -5.497548e-05
34.84 -5.784057e-05
34.85 -6.038139e-05
34.86 -6.27878e-05
34.87 -6.495923e-05
34.88 -6.685778e-05
34.89 -6.848958e-05
34.9 -6.987101e-05
34.91 -7.100628e-05
34.92 -7.188187e-05
34.93 -7.249859e-05
34.94 -7.286222e-05
34.95 -7.297922e-05
34.96 -7.285441e-05
34.97 -7.249332e-05
34.98 -7.190341e-05
