0 0.0001117122
0.01 0.0001126572
0.02 0.0001141153
0.03 0.0001159263
0.04 0.0001163605
0.05 0.0001175026
0.06 0.0001179566
0.07 0.0001198344
0.08 0.0001244727
0.09 0.0001268588
0.1 0.0001295387
0.11 0.0001314761
0.12 0.0001276301
0.13 0.0001188219
0.14 0.0001162737
0.15 0.0001207029
0.16 0.0001275549
0.17 0.000130197
0.18 0.0001316525
0.19 0.0001331866
0.2 0.0001243432
0.21 9.595579e-05
0.22 8.228344e-05
0.23 8.364972e-05
0.24 8.194644e-05
0.25 7.708269e-05
0.26 7.34761e-05
0.27 7.125763e-05
0.28 6.63467e-05
0.29 4.215462e-05
0.3 5.398254e-05
0.31 6.709294e-05
0.32 5.991728e-05
0.33 5.255358e-05
0.34 4.988566e-05
0.35 4.761838e-05
0.36 4.954411e-05
0.37 4.903989e-05
0.38 2.688995e-05
0.39 -8.561791e-07
0.4 2.72364e-05
0.41 3.889984e-05
0.42 2.68747e-05
0.43 2.881935e-05
0.44 0.0001133844
0.45 0.0001203649
0.46 0.0001159167
0.47 0.0002948416
0.48 0.0003844207
0.49 0.0004424184
0.5 0.0004129094
0.51 0.0001294147
0.52 -3.195894e-05
0.53 9.077734e-07
0.54 -0.0001399883
0.55 -0.0003844947
0.56 -0.00039332
0.57 -5.675854e-05
0.58 5.587755e-05
0.59 5.519772e-05
0.6 0.0001909025
0.61 0.0003049613
0.62 0.0001310437
0.63 -3.519943e-05
0.64 -2.112078e-05
0.65 2.937642e-06
0.66 -2.554964e-05
0.67 -3.416774e-05
0.68 7.050978e-06
0.69 1.896661e-05
0.7 8.934936e-05
0.71 0.0003515514
0.72 0.0008211249
0.73 0.0009784088
0.74 0.0009247909
0.75 0.001032258
0.76 0.001086068
0.77 0.0007497905
0.78 6.829768e-05
0.79 -0.0005738818
0.8 -0.001093432
0.81 -0.001132933
0.82 -0.001066069
0.83 -0.000755284
0.84 -4.138023e-05
0.85 0.0001644527
0.86 0.0005333029
0.87 0.0009582795
0.88 0.000579438
0.89 -3.142254e-05
0.9 -0.0002189962
0.91 -0.0006385504
0.92 -0.0009512744
0.93 -0.001192154
0.94 -0.001350041
0.95 -0.001331433
0.96 -0.001025907
0.97 -0.0004002294
0.98 -6.820415e-05
0.99 6.149688e-05
1 0.0001220936
1.01 0.0005413593
1.02 0.001383799
1.03 0.001750983
1.04 0.001662894
1.05 0.001459453
1.06 0.001411035
1.07 0.001697321
1.08 0.001739866
1.09 0.001664096
1.1 0.001573741
1.11 0.001782301
1.12 0.001913753
1.13 0.001528579
1.14 0.0007841766
1.15 -1.244014e-05
1.16 -0.0008946783
1.17 -0.001379084
1.18 -0.00144246
1.19 -0.001571206
1.2 -0.001138454
1.21 -0.0006264143
1.22 -0.0002226052
1.23 0.0002127928
1.24 0.0002876941
1.25 0.0002979953
1.26 0.0003062963
1.27 -8.551431e-05
1.28 -0.0006755627
1.29 -0.000862309
1.3 -0.0007875668
1.31 -0.0007770329
1.32 -0.0008068651
1.33 -0.0007880175
1.34 -0.0005859898
1.35 9.545416e-05
1.36 0.0004336871
1.37 0.0003726762
1.38 0.0008997185
1.39 0.001734356
1.4 0.001449088
1.41 -0.0003916732
1.42 -0.001200996
1.43 -0.0007210523
1.44 -0.0005756155
1.45 -0.000667187
1.46 -8.303298e-05
1.47 0.0005581548
1.48 0.0008630951
1.49 0.00104237
1.5 0.001354399
1.51 0.00162846
1.52 0.001503292
1.53 0.0006635284
1.54 -0.0003624608
1.55 -0.0008368262
1.56 -0.0009403532
1.57 -0.0009054095
1.58 -0.0006481742
1.59 -0.0005920922
1.6 -0.000411101
1.61 -0.000720309
1.62 -0.0009575647
1.63 -0.0009827734
1.64 -0.0006913664
1.65 -9.096179e-05
1.66 0.001148988
1.67 0.002605484
1.68 0.00344089
1.69 0.003288441
1.7 0.002849315
1.71 0.001629663
1.72 0.0005124676
1.73 0.000142664
1.74 -0.0001974786
1.75 0.0001472486
1.76 0.001409767
1.77 0.002281985
1.78 0.002271769
1.79 0.001485174
1.8 0.00066457
1.81 -9.719512e-05
1.82 -0.001009549
1.83 -0.001450969
1.84 -0.001237731
1.85 -0.000890841
1.86 -0.0003877605
1.87 -0.000291292
1.88 -0.0003582592
1.89 -0.0006395339
1.9 -0.001583635
1.91 -0.002260504
1.92 -0.001564505
1.93 -0.0002821027
1.94 0.0009205658
1.95 0.001594151
1.96 0.001946413
1.97 0.001894497
1.98 0.001174632
1.99 0.0009077829
2 0.000939854
2.01 0.000695223
2.02 0.00115888
2.03 0.001646083
2.04 0.001946102
2.05 0.00169729
2.06 0.0005898132
2.07 -0.000930383
2.08 -0.001766904
2.09 -0.003047127
2.1 -0.003830867
2.11 -0.003740727
2.12 -0.0035988
2.13 -0.003516769
2.14 -0.003471053
2.15 -0.003200154
2.16 -0.002829085
2.17 -0.003344516
2.18 -0.003903351
2.19 -0.004170568
2.2 -0.003574779
2.21 -0.003245017
2.22 -0.002632219
2.23 -0.001238673
2.24 0.0003046173
2.25 0.001387671
2.26 0.001877385
2.27 0.001624713
2.28 0.001443434
2.29 0.001526176
2.3 0.002161129
2.31 0.003189599
2.32 0.003229499
2.33 0.002087207
2.34 0.001410468
2.35 0.001554606
2.36 0.001656554
2.37 0.001435738
2.38 0.0006086934
2.39 0.0001605159
2.4 0.0006508283
2.41 0.001422602
2.42 0.002441056
2.43 0.003875983
2.44 0.004134748
2.45 0.002836118
2.46 0.0008679152
2.47 -0.0006147543
2.48 -0.001089241
2.49 -0.001562641
2.5 -0.001803678
2.51 -0.001313781
2.52 -0.0006904759
2.53 -0.001591204
2.54 -0.002971182
2.55 -0.003107219
2.56 -0.00316039
2.57 -0.003233474
2.58 -0.0029545
2.59 -0.002597218
2.6 -0.002032137
2.61 -0.001200055
2.62 -0.000950219
2.63 -0.001214946
2.64 -0.0008756166
2.65 -0.0002278605
2.66 0.0004832679
2.67 0.001140119
2.68 0.002103413
2.69 0.003599219
2.7 0.004535739
2.71 0.00490988
2.72 0.004829894
2.73 0.00378564
2.74 0.002216455
2.75 0.00110154
2.76 0.0007066757
2.77 0.0008183659
2.78 0.0005536265
2.79 1.813972e-06
2.8 -0.0008866423
2.81 -0.001308758
2.82 -0.002029205
2.83 -0.002815769
2.84 -0.002789943
2.85 -0.002583652
2.86 -0.00264721
2.87 -0.003164275
2.88 -0.003952035
2.89 -0.003729655
2.9 -0.002776788
2.91 -0.001484987
2.92 -0.0002254369
2.93 0.0005277067
2.94 0.001155604
2.95 0.001932424
2.96 0.002099819
2.97 0.001920906
2.98 0.002032098
2.99 0.001894393
3 0.001447819
3.01 0.001048002
3.02 0.001056227
3.03 0.0007249912
3.04 -0.000254854
3.05 -0.001201555
3.06 -0.001532593
3.07 -0.002817582
3.08 -0.00465445
3.09 -0.005874379
3.1 -0.006112312
3.11 -0.005559535
3.12 -0.004811871
3.13 -0.004687353
3.14 -0.0044265
3.15 -0.0028064
3.16 -0.0006982862
3.17 0.0002111423
3.18 3.499679e-05
3.19 3.559081e-05
3.2 0.0004164065
3.21 0.001038876
3.22 0.002069082
3.23 0.002428875
3.24 0.002804764
3.25 0.004053966
3.26 0.004992404
3.27 0.004948245
3.28 0.004740487
3.29 0.004043254
3.3 0.002828877
3.31 0.002794268
3.32 0.002953654
3.33 0.002744308
3.34 0.002514618
3.35 0.002315919
3.36 0.002225082
3.37 0.001240352
3.38 0.0001247324
3.39 -0.0006849947
3.4 -0.001576563
3.41 -0.002689375
3.42 -0.002754488
3.43 -0.002062344
3.44 -0.001638855
3.45 -0.002072009
3.46 -0.003313307
3.47 -0.00368805
3.48 -0.003134528
3.49 -0.003308393
3.5 -0.003808926
3.51 -0.00435909
3.52 -0.004598813
3.53 -0.004290919
3.54 -0.001862885
3.55 -0.0009564995
3.56 -0.0009198587
3.57 5.436538e-05
3.58 0.001427776
3.59 0.002198033
3.6 0.002207056
3.61 0.00181986
3.62 0.001580783
3.63 0.001084638
3.64 0.001416001
3.65 0.002946791
3.66 0.003627242
3.67 0.003350443
3.68 0.002265434
3.69 0.0002323184
3.7 -0.001575175
3.71 -0.002308047
3.72 -0.00231176
3.73 -0.002223768
3.74 -0.001814113
3.75 -0.001412606
3.76 -0.0007243534
3.77 -0.0004537494
3.78 -0.001330651
3.79 -0.002710799
3.8 -0.003829974
3.81 -0.00353948
3.82 -0.002480951
3.83 -0.001182749
3.84 0.0004110436
3.85 0.001914337
3.86 0.003066334
3.87 0.003761498
3.88 0.003780279
3.89 0.002792039
3.9 0.001098099
3.91 -0.000781547
3.92 -0.001714355
3.93 -0.001232632
3.94 -0.0003509192
3.95 -0.0002808588
3.96 -0.0004479829
3.97 -0.0004463679
3.98 -2.980242e-05
3.99 0.001872978
4 0.00363271
4.01 0.004883577
4.02 0.005258307
4.03 0.005090863
4.04 0.004183545
4.05 0.002541188
4.06 0.001298045
4.07 -0.0001799444
4.08 -0.001620758
4.09 -0.001861477
4.1 -0.001710911
4.11 -0.002297079
4.12 -0.003036948
4.13 -0.003875987
4.14 -0.004651319
4.15 -0.004528336
4.16 -0.003520634
4.17 -0.002194837
4.18 -0.001147219
4.19 -0.0006231848
4.2 -0.0006934692
4.21 -0.0007908326
4.22 -0.0005208464
4.23 0.0008825897
4.24 0.002114141
4.25 0.002761143
4.26 0.00267765
4.27 0.001824663
4.28 0.0005564182
4.29 -0.0006249009
4.3 9.139748e-05
4.31 0.0013139
4.32 0.001796914
4.33 0.002144668
4.34 0.002089681
4.35 0.001818826
4.36 0.001484643
4.37 0.0009188576
4.38 -0.001977789
4.39 -0.005016857
4.4 -0.005990886
4.41 -0.005624343
4.42 -0.004805344
4.43 -0.00357174
4.44 -0.002108888
4.45 -0.001155057
4.46 -0.0008967574
4.47 -0.0008741986
4.48 -0.0003942946
4.49 0.0008450209
4.5 0.002047
4.51 0.003262641
4.52 0.003869322
4.53 0.00344238
4.54 0.001890354
4.55 0.0009787633
4.56 0.001146096
4.57 0.001419686
4.58 0.002048921
4.59 0.002898649
4.6 0.004312664
4.61 0.00465228
4.62 0.002871612
4.63 -0.0001549859
4.64 -0.002317076
4.65 -0.003044875
4.66 -0.003816501
4.67 -0.005143496
4.68 -0.006375135
4.69 -0.005691053
4.7 -0.00339383
4.71 -0.002285732
4.72 -0.002473024
4.73 -0.002577633
4.74 -0.002545947
4.75 -0.003130452
4.76 -0.003486525
4.77 -0.003244347
4.78 -0.003213656
4.79 -0.002776619
4.8 -0.002469882
4.81 -0.002504036
4.82 -0.002581325
4.83 -0.002900595
4.84 -0.002832935
4.85 -0.00260581
4.86 -0.002529011
4.87 -0.002158805
4.88 -0.002112569
4.89 -0.002437811
4.9 -0.001913726
4.91 -0.001305033
4.92 -0.0006981165
4.93 0.0003980374
4.94 0.001951382
4.95 0.003115973
4.96 0.003738901
4.97 0.003613069
4.98 0.00326067
4.99 0.002836945
5 0.002174568
5.01 0.0007863489
5.02 -0.0008837301
5.03 -0.001626621
5.04 -0.001261826
5.05 -0.0009581322
5.06 -0.0004238979
5.07 -0.0005722013
5.08 -0.001911914
5.09 -0.002959464
5.1 -0.002897974
5.11 -0.002732578
5.12 -0.002729384
5.13 -0.002727538
5.14 -0.002778817
5.15 -0.002815136
5.16 -0.002810839
5.17 -0.00280802
5.18 -0.002848444
5.19 -0.002880215
5.2 -0.002908763
5.21 -0.004040406
5.22 -0.005531928
5.23 -0.00605482
5.24 -0.005367994
5.25 -0.003247492
5.26 0.0003595171
5.27 0.003270133
5.28 0.004904012
5.29 0.00556152
5.3 0.004676759
5.31 0.001630053
5.32 -0.001237399
5.33 -0.002543221
5.34 -0.002969469
5.35 -0.003363084
5.36 -0.003327605
5.37 -0.001926816
5.38 -0.0003691474
5.39 0.000956455
5.4 0.002400781
5.41 0.003199941
5.42 0.003013894
5.43 0.001620167
5.44 0.0003435564
5.45 -0.0003785062
5.46 -0.0007009851
5.47 -0.001354177
5.48 -0.00185077
5.49 -0.001061109
5.5 0.001473163
5.51 0.004571684
5.52 0.007198451
5.53 0.008144963
5.54 0.006958985
5.55 0.004241896
5.56 0.001123099
5.57 -0.0007378394
5.58 -0.00162272
5.59 -0.002034796
5.6 -0.00335802
5.61 -0.004822248
5.62 -0.005975769
5.63 -0.005567095
5.64 -0.004112813
5.65 -0.002040943
5.66 0.0002645335
5.67 0.002144049
5.68 0.003052132
5.69 0.003923593
5.7 0.005179596
5.71 0.005617049
5.72 0.004726572
5.73 0.002847915
5.74 0.0007125537
5.75 -0.001200125
5.76 -0.00187895
5.77 -0.001657349
5.78 -0.0005629773
5.79 0.001061892
5.8 0.00271751
5.81 0.002524039
5.82 0.001324241
5.83 0.0008322704
5.84 0.001867094
5.85 0.00386847
5.86 0.007544577
5.87 0.01138555
5.88 0.01399955
5.89 0.01493085
5.9 0.01409819
5.91 0.01316476
5.92 0.01203855
5.93 0.01169448
5.94 0.01196533
5.95 0.01291593
5.96 0.01441057
5.97 0.01585135
5.98 0.01721061
5.99 0.01841073
6 0.01880287
6.01 0.01744317
6.02 0.01385576
6.03 0.01046497
6.04 0.007738321
6.05 0.004558015
6.06 0.0005637344
6.07 -0.003778799
6.08 -0.007302298
6.09 -0.009340032
6.1 -0.01060147
6.11 -0.01002762
6.12 -0.01002376
6.13 -0.01338494
6.14 -0.01823242
6.15 -0.02151307
6.16 -0.02276134
6.17 -0.02129696
6.18 -0.01885137
6.19 -0.01641983
6.2 -0.01445489
6.21 -0.01166402
6.22 -0.007997315
6.23 -0.004775336
6.24 -0.002055204
6.25 0.0004021382
6.26 0.003697682
6.27 0.007371304
6.28 0.01220739
6.29 0.01796699
6.3 0.0212489
6.31 0.02190786
6.32 0.02197161
6.33 0.02103219
6.34 0.01959317
6.35 0.01728494
6.36 0.01446439
6.37 0.01249036
6.38 0.01104578
6.39 0.008813498
6.4 0.004163457
6.41 -0.003410891
6.42 -0.01217339
6.43 -0.01858467
6.44 -0.02029941
6.45 -0.01798879
6.46 -0.01441977
6.47 -0.01141545
6.48 -0.008778865
6.49 -0.006664798
6.5 -0.006735848
6.51 -0.008719767
6.52 -0.01055746
6.53 -0.0111496
6.54 -0.008048869
6.55 0.0005396005
6.56 0.01144641
6.57 0.01870378
6.58 0.02043639
6.59 0.01924787
6.6 0.01744438
6.61 0.0151106
6.62 0.01055717
6.63 0.003560458
6.64 -0.004064585
6.65 -0.008476281
6.66 -0.008825071
6.67 -0.007373645
6.68 -0.005046632
6.69 -0.002135345
6.7 -0.0003077855
6.71 -1.225468e-06
6.72 -0.0008406879
6.73 -0.002246643
6.74 -0.001989021
6.75 0.0001084066
6.76 0.002484572
6.77 0.003686873
6.78 0.003144727
6.79 0.001435261
6.8 -0.0006233718
6.81 -0.003050631
6.82 -0.005168036
6.83 -0.007519663
6.84 -0.009104752
6.85 -0.009376674
6.86 -0.007441718
6.87 -0.003617054
6.88 0.0007896215
6.89 0.002657574
6.9 0.001898804
6.91 -0.001052467
6.92 -0.004945033
6.93 -0.007925435
6.94 -0.008691481
6.95 -0.008993614
6.96 -0.01036425
6.97 -0.01089312
6.98 -0.009941137
6.99 -0.00791588
7 -0.004724302
7.01 -0.000382402
7.02 0.004716286
7.03 0.01037667
7.04 0.01551292
7.05 0.02003909
7.06 0.02445382
7.07 0.02698053
7.08 0.02563873
7.09 0.01909919
7.1 0.008595403
7.11 -0.002326214
7.12 -0.01001474
7.13 -0.01200998
7.14 -0.00913204
7.15 -0.003486724
7.16 0.001888693
7.17 0.006215767
7.18 0.009302092
7.19 0.01053711
7.2 0.01027845
7.21 0.008689368
7.22 0.005749867
7.23 0.002144727
7.24 -0.001106804
7.25 -0.003812887
7.26 -0.00584724
7.27 -0.006562846
7.28 -0.007710279
7.29 -0.0103309
7.3 -0.01296357
7.31 -0.01464108
7.32 -0.0137681
7.33 -0.009220989
7.34 -0.003888497
7.35 -0.0009794831
7.36 -0.0008936021
7.37 -0.002058823
7.38 -0.003809268
7.39 -0.005514833
7.4 -0.007464136
7.41 -0.01163301
7.42 -0.01650441
7.43 -0.0196004
7.44 -0.01988551
7.45 -0.01799817
7.46 -0.01636129
7.47 -0.01575157
7.48 -0.01432646
7.49 -0.01179671
7.5 -0.007839525
7.51 -0.003080067
7.52 0.0008757135
7.53 0.005039703
7.54 0.008653287
7.55 0.01071682
7.56 0.01084498
7.57 0.0103537
7.58 0.01032641
7.59 0.0104281
7.6 0.01023308
7.61 0.008151051
7.62 0.001905792
7.63 -0.007141953
7.64 -0.01362168
7.65 -0.01383612
7.66 -0.009310773
7.67 -0.004482656
7.68 -0.001516704
7.69 -0.0001543255
7.7 0.000666323
7.71 0.002089814
7.72 0.002510006
7.73 0.002079733
7.74 0.002066513
7.75 0.003293124
7.76 0.007053
7.77 0.01180428
7.78 0.01458641
7.79 0.01478913
7.8 0.01386668
7.81 0.01122732
7.82 0.006980493
7.83 0.00215481
7.84 -0.00298695
7.85 -0.00849733
7.86 -0.01304249
7.87 -0.01494542
7.88 -0.01369542
7.89 -0.008540396
7.9 -0.002178714
7.91 0.00326924
7.92 0.005181195
7.93 0.00351698
7.94 0.001162863
7.95 0.0006590104
7.96 0.002346622
7.97 0.003215519
7.98 0.001841736
7.99 -0.0007417137
8 -0.004559361
8.01 -0.009043285
8.02 -0.01040874
8.03 -0.008335434
8.04 -0.004173416
8.05 0.0006062713
8.06 0.004812416
8.07 0.008199482
8.08 0.01102852
8.09 0.01288025
8.1 0.01321622
8.11 0.01187222
8.12 0.009041698
8.13 0.006101062
8.14 0.003356339
8.15 0.0005359489
8.16 -0.0009094857
8.17 -0.001140805
8.18 -0.0009940849
8.19 -0.0002287897
8.2 0.001921107
8.21 0.004738343
8.22 0.00769214
8.23 0.01004452
8.24 0.01130806
8.25 0.01258369
8.26 0.01275627
8.27 0.009808386
8.28 0.003460156
8.29 -0.004485625
8.3 -0.009783191
8.31 -0.01183235
8.32 -0.01150704
8.33 -0.01051187
8.34 -0.01134906
8.35 -0.01316759
8.36 -0.01254048
8.37 -0.008825915
8.38 -0.003083577
8.39 0.001228003
8.4 0.002154451
8.41 0.0006264508
8.42 -0.0006859646
8.43 -0.001021183
8.44 -0.001188123
8.45 -0.001188348
8.46 -0.00175124
8.47 -0.003232896
8.48 -0.00530831
8.49 -0.007576146
8.5 -0.009751702
8.51 -0.0101725
8.52 -0.008243683
8.53 -0.003687627
8.54 0.00115369
8.55 0.004105624
8.56 0.00404466
8.57 0.0008413042
8.58 -0.004397287
8.59 -0.01005012
8.6 -0.01388323
8.61 -0.01392743
8.62 -0.01209177
8.63 -0.01172798
8.64 -0.01205022
8.65 -0.0107867
8.66 -0.005538206
8.67 0.001265043
8.68 0.006678017
8.69 0.01116826
8.7 0.01554753
8.71 0.02013686
8.72 0.02363786
8.73 0.02377294
8.74 0.02084491
8.75 0.0151871
8.76 0.00851744
8.77 0.001805816
8.78 -0.003456661
8.79 -0.005902995
8.8 -0.006043814
8.81 -0.003864151
8.82 -0.001921393
8.83 -0.001844832
8.84 -0.002302536
8.85 -0.00321589
8.86 -0.004726417
8.87 -0.006473787
8.88 -0.006398944
8.89 -0.003740642
8.9 0.0006479981
8.91 0.006439044
8.92 0.01191412
8.93 0.01543731
8.94 0.01522875
8.95 0.01154468
8.96 0.0065306
8.97 0.003129095
8.98 0.0005464953
8.99 -0.003035763
9 -0.00820066
9.01 -0.0129616
9.02 -0.01543814
9.03 -0.0169555
9.04 -0.01903185
9.05 -0.02103087
9.06 -0.01973411
9.07 -0.01446903
9.08 -0.00960769
9.09 -0.009032898
9.1 -0.01251383
9.11 -0.01893127
9.12 -0.02607076
9.13 -0.03089448
9.14 -0.03011971
9.15 -0.02322728
9.16 -0.0102567
9.17 0.006125306
9.18 0.01928115
9.19 0.02569893
9.2 0.02628223
9.21 0.02351542
9.22 0.02012892
9.23 0.01710195
9.24 0.01540793
9.25 0.01362702
9.26 0.01231068
9.27 0.01149166
9.28 0.009457873
9.29 0.006810779
9.3 0.003811541
9.31 -0.001551241
9.32 -0.01184838
9.33 -0.02276347
9.34 -0.02689639
9.35 -0.02431921
9.36 -0.01864595
9.37 -0.01070036
9.38 -0.001755757
9.39 0.005976553
9.4 0.009843293
9.41 0.009801662
9.42 0.008303143
9.43 0.007558839
9.44 0.00790247
9.45 0.009138107
9.46 0.009376929
9.47 0.008110296
9.48 0.004916854
9.49 0.002004352
9.5 0.00141091
9.51 0.004215918
9.52 0.0108859
9.53 0.01807597
9.54 0.02243413
9.55 0.02306152
9.56 0.02181184
9.57 0.01927609
9.58 0.014459
9.59 0.008137417
9.6 7.294653e-05
9.61 -0.008750602
9.62 -0.01534137
9.63 -0.01742144
9.64 -0.01477428
9.65 -0.008761626
9.66 -0.003626615
9.67 -0.003383504
9.68 -0.007444379
9.69 -0.01231527
9.7 -0.01369624
9.71 -0.01004006
9.72 -0.003943429
9.73 0.001272307
9.74 0.004785349
9.75 0.006268764
9.76 0.004413352
9.77 -0.0003284618
9.78 -0.005950689
9.79 -0.01100899
9.8 -0.01428881
9.81 -0.01386089
9.82 -0.007569249
9.83 0.001555357
9.84 0.008903186
9.85 0.01137412
9.86 0.009442648
9.87 0.004992901
9.88 0.0003157085
9.89 -0.002408405
9.9 -0.002604164
9.91 -0.001850114
9.92 -0.0008563539
9.93 0.0004173628
9.94 0.001472761
9.95 0.005439867
9.96 0.01444418
9.97 0.02360095
9.98 0.02608873
9.99 0.02003766
10 0.009538605
10.01 -7.05146e-05
10.02 -0.004752864
10.03 -0.006104142
10.04 -0.007531325
10.05 -0.008745921
10.06 -0.009594656
10.07 -0.01029883
10.08 -0.01046664
10.09 -0.01026879
10.1 -0.00901459
10.11 -0.006166691
10.12 -0.001388408
10.13 0.003395675
10.14 0.007718589
10.15 0.01100157
10.16 0.01196456
10.17 0.01063451
10.18 0.006550713
10.19 0.001043319
10.2 -0.002445202
10.21 -0.003537604
10.22 -0.004472821
10.23 -0.006204973
10.24 -0.006586152
10.25 -0.002993599
10.26 0.003917871
10.27 0.009677035
10.28 0.0119897
10.29 0.01156524
10.3 0.01006889
10.31 0.008472619
10.32 0.006912967
10.33 0.00618626
10.34 0.005885181
10.35 0.007663955
10.36 0.01240175
10.37 0.01906738
10.38 0.02230897
10.39 0.02233248
10.4 0.02128245
10.41 0.02018134
10.42 0.01914231
10.43 0.01632269
10.44 0.01088539
10.45 0.002993186
10.46 -0.004662173
10.47 -0.01107684
10.48 -0.01637736
10.49 -0.0200738
10.5 -0.02239765
10.51 -0.02227083
10.52 -0.01932882
10.53 -0.01345077
10.54 -0.006939647
10.55 -0.002694962
10.56 -0.001997985
10.57 -0.004480027
10.58 -0.008320799
10.59 -0.01053223
10.6 -0.009125238
10.61 -0.004928294
10.62 -0.0007471381
10.63 0.0007359149
10.64 0.0003780328
10.65 0.0002710544
10.66 0.0008311135
10.67 0.003616031
10.68 0.008164252
10.69 0.01205898
10.7 0.0137553
10.71 0.01312436
10.72 0.01009026
10.73 0.003533498
10.74 -0.006111005
10.75 -0.01801169
10.76 -0.03015955
10.77 -0.03848184
10.78 -0.038884
10.79 -0.02828591
10.8 -0.005053752
10.81 0.02391893
10.82 0.04234316
10.83 0.04535241
10.84 0.03855814
10.85 0.02545161
10.86 0.01031597
10.87 0.001026203
10.88 -0.002378009
10.89 -0.003916113
10.9 -0.005605766
10.91 -0.006271974
10.92 -0.006700708
10.93 -0.008050059
10.94 -0.009630389
10.95 -0.0106528
10.96 -0.01000509
10.97 -0.008428365
10.98 -0.009222482
10.99 -0.01379291
11 -0.02114159
11.01 -0.02644768
11.02 -0.02763535
11.03 -0.02547249
11.04 -0.02131065
11.05 -0.01486181
11.06 -0.006362919
11.07 0.004558167
11.08 0.01734603
11.09 0.03157142
11.1 0.04204878
11.11 0.04698793
11.12 0.04745099
11.13 0.04595945
11.14 0.04412255
11.15 0.04413896
11.16 0.04537745
11.17 0.04841145
11.18 0.05287512
11.19 0.05575055
11.2 0.05680028
11.21 0.05574504
11.22 0.05214638
11.23 0.04616395
11.24 0.03974054
11.25 0.03617414
11.26 0.03500542
11.27 0.03348046
11.28 0.02890812
11.29 0.01728684
11.3 -0.000489794
11.31 -0.01912938
11.32 -0.03426118
11.33 -0.04377451
11.34 -0.04902995
11.35 -0.05215998
11.36 -0.05395331
11.37 -0.0535658
11.38 -0.05228017
11.39 -0.05230491
11.4 -0.05675798
11.41 -0.0664447
11.42 -0.0807272
11.43 -0.09258331
11.44 -0.09723053
11.45 -0.09583551
11.46 -0.08943932
11.47 -0.08015172
11.48 -0.0706402
11.49 -0.06138415
11.5 -0.04856095
11.51 -0.02870831
11.52 0.001028285
11.53 0.03338253
11.54 0.05517809
11.55 0.05996358
11.56 0.05314873
11.57 0.04286405
11.58 0.03357204
11.59 0.02791984
11.6 0.02465843
11.61 0.02067867
11.62 0.01622757
11.63 0.01284639
11.64 0.01126813
11.65 0.01018205
11.66 0.008430354
11.67 0.005599656
11.68 0.003246139
11.69 0.002597972
11.7 0.003840475
11.71 0.005237461
11.72 0.004756062
11.73 0.00112863
11.74 -0.003449346
11.75 -0.004751931
11.76 -0.002218092
11.77 0.0001365377
11.78 0.0001352035
11.79 -0.001807222
11.8 -0.002941946
11.81 -0.002115687
11.82 0.0002527284
11.83 0.003469852
11.84 0.007966888
11.85 0.01336288
11.86 0.01744977
11.87 0.01959165
11.88 0.02003944
11.89 0.01862011
11.9 0.01424452
11.91 0.008016166
11.92 0.002222585
11.93 -0.0025472
11.94 -0.006998408
11.95 -0.0116943
11.96 -0.0174911
11.97 -0.02333194
11.98 -0.02614808
11.99 -0.02116231
12 -0.004064249
12.01 0.02572991
12.02 0.05822844
12.03 0.07824335
12.04 0.08072155
12.05 0.07097051
12.06 0.04936485
12.07 0.02121967
12.08 -0.004306192
12.09 -0.02253418
12.1 -0.03214649
12.11 -0.03593332
12.12 -0.03727515
12.13 -0.04016538
12.14 -0.04319668
12.15 -0.0410883
12.16 -0.03485308
12.17 -0.03015473
12.18 -0.0283592
12.19 -0.02452892
12.2 -0.01727325
12.21 -0.01415609
12.22 -0.02165042
12.23 -0.03072618
12.24 -0.03214515
12.25 -0.02708124
12.26 -0.02049407
12.27 -0.01644011
12.28 -0.01428954
12.29 -0.01056906
12.3 -0.00440649
12.31 0.0002498228
12.32 -0.0001049333
12.33 -0.00409174
12.34 -0.007569445
12.35 -0.00829011
12.36 -0.007823674
12.37 -0.007444611
12.38 -0.007698709
12.39 -0.00793972
12.4 -0.007142136
12.41 -0.002988061
12.42 0.004812041
12.43 0.01155311
12.44 0.01329351
12.45 0.009915999
12.46 0.004172535
12.47 -0.001218686
12.48 -0.003492237
12.49 -0.003378014
12.5 -0.002302891
12.51 -0.001043319
12.52 -0.001236857
12.53 -0.003610685
12.54 -0.005481059
12.55 -0.004154788
12.56 0.001804371
12.57 0.01266769
12.58 0.02588203
12.59 0.03834085
12.6 0.04685684
12.61 0.0489301
12.62 0.04426472
12.63 0.03222641
12.64 0.01628571
12.65 0.003139457
12.66 -0.005386463
12.67 -0.01010231
12.68 -0.01149793
12.69 -0.01230517
12.7 -0.01419518
12.71 -0.01840235
12.72 -0.02416902
12.73 -0.02951455
12.74 -0.03122513
12.75 -0.02831543
12.76 -0.02248513
12.77 -0.01577709
12.78 -0.01045539
12.79 -0.004980054
12.8 0.0001468722
12.81 0.002619034
12.82 0.0002706367
12.83 -0.007160491
12.84 -0.01616097
12.85 -0.02149812
12.86 -0.02214326
12.87 -0.01942225
12.88 -0.01269319
12.89 -4.773204e-05
12.9 0.01619605
12.91 0.02704454
12.92 0.02861773
12.93 0.02360988
12.94 0.01447274
12.95 0.006137969
12.96 0.001988397
12.97 0.0009939926
12.98 0.0002008504
12.99 -0.002106579
13 -0.005460086
13.01 -0.007532554
13.02 -0.004077887
13.03 0.006575853
13.04 0.01865055
13.05 0.02414318
13.06 0.02301378
13.07 0.01656955
13.08 0.005561005
13.09 -0.007665339
13.1 -0.0181494
13.11 -0.02369438
13.12 -0.02489555
13.13 -0.02269108
13.14 -0.01839795
13.15 -0.01414998
13.16 -0.01119747
13.17 -0.00767506
13.18 -0.0007240054
13.19 0.008454409
13.2 0.01744232
13.21 0.022902
13.22 0.02530945
13.23 0.02677792
13.24 0.02649385
13.25 0.0229492
13.26 0.011316
13.27 -0.007986877
13.28 -0.0221837
13.29 -0.02421205
13.3 -0.01759989
13.31 -0.007629477
13.32 -0.000107423
13.33 0.00415842
13.34 0.006733064
13.35 0.008303105
13.36 0.009600155
13.37 0.01125372
13.38 0.01238791
13.39 0.01315219
13.4 0.01317323
13.41 0.01228608
13.42 0.01066594
13.43 0.008041731
13.44 0.005783878
13.45 0.006089867
13.46 0.01071481
13.47 0.01695329
13.48 0.02028738
13.49 0.01899259
13.5 0.01431828
13.51 0.00921878
13.52 0.008534593
13.53 0.01183036
13.54 0.01632763
13.55 0.01866216
13.56 0.01774277
13.57 0.01562441
13.58 0.01198344
13.59 0.006698038
13.6 0.0007252697
13.61 -0.00274155
13.62 -0.004820189
13.63 -0.01000347
13.64 -0.0176445
13.65 -0.02285538
13.66 -0.0239133
13.67 -0.02067923
13.68 -0.01486092
13.69 -0.009021766
13.7 -0.006728817
13.71 -0.009353602
13.72 -0.0153702
13.73 -0.02260736
13.74 -0.02744759
13.75 -0.02972923
13.76 -0.02657193
13.77 -0.01508192
13.78 0.005741867
13.79 0.02547839
13.8 0.0337024
13.81 0.03025594
13.82 0.022197
13.83 0.01492366
13.84 0.00976124
13.85 0.005615756
13.86 0.0002417827
13.87 -0.006370856
13.88 -0.0130291
13.89 -0.01998466
13.9 -0.02651736
13.91 -0.03161104
13.92 -0.03437085
13.93 -0.03466281
13.94 -0.03192386
13.95 -0.02287866
13.96 -0.003565586
13.97 0.01908427
13.98 0.03494349
13.99 0.04123205
14 0.04014574
14.01 0.03302144
14.02 0.02405696
14.03 0.01841354
14.04 0.01773821
14.05 0.01782482
14.06 0.01331587
14.07 0.003205012
14.08 -0.006845496
14.09 -0.01087211
14.1 -0.008904186
14.11 -0.005675127
14.12 -0.003472764
14.13 -0.001631128
14.14 0.001418493
14.15 0.006427857
14.16 0.01056872
14.17 0.0123007
14.18 0.01025026
14.19 0.004409531
14.2 -0.002233119
14.21 -0.006649078
14.22 -0.009511274
14.23 -0.01223687
14.24 -0.01466501
14.25 -0.01645997
14.26 -0.01754854
14.27 -0.01825
14.28 -0.01801056
14.29 -0.01626649
14.3 -0.01352863
14.31 -0.009414782
14.32 -0.005028055
14.33 -0.004159428
14.34 -0.007153169
14.35 -0.009979775
14.36 -0.009648656
14.37 -0.00619634
14.38 0.0007672995
14.39 0.008519264
14.4 0.01445967
14.41 0.01761878
14.42 0.01828785
14.43 0.01642037
14.44 0.01270523
14.45 0.006377106
14.46 -0.0003014552
14.47 -0.00518389
14.48 -0.008349263
14.49 -0.009500478
14.5 -0.007572011
14.51 -0.001348484
14.52 0.008347889
14.53 0.01836671
14.54 0.02250399
14.55 0.01981259
14.56 0.01365734
14.57 0.007561978
14.58 0.003818289
14.59 0.001396014
14.6 -0.0009438402
14.61 -0.002136736
14.62 0.0005628296
14.63 0.007150254
14.64 0.01588438
14.65 0.02383942
14.66 0.02828764
14.67 0.03074097
14.68 0.0318025
14.69 0.03183014
14.7 0.0318787
14.71 0.03300985
14.72 0.03450779
14.73 0.03551516
14.74 0.03561125
14.75 0.03352194
14.76 0.02797913
14.77 0.01933029
14.78 0.01175077
14.79 0.008348703
14.8 0.006396338
14.81 0.004163768
14.82 0.0006519605
14.83 -0.004787468
14.84 -0.01216151
14.85 -0.01913202
14.86 -0.02384312
14.87 -0.02503469
14.88 -0.02313984
14.89 -0.0201547
14.9 -0.01804522
14.91 -0.01734876
14.92 -0.01561286
14.93 -0.01276641
14.94 -0.01073452
14.95 -0.01149278
14.96 -0.0152848
14.97 -0.02167318
14.98 -0.02755707
14.99 -0.03054693
15 -0.02902879
15.01 -0.02409102
15.02 -0.01643998
15.03 -0.008148553
15.04 -0.0006137275
15.05 0.003962105
15.06 0.00434336
15.07 0.003967462
15.08 0.004278491
15.09 0.005990925
15.1 0.01059753
15.11 0.01908838
15.12 0.0296159
15.13 0.03767841
15.14 0.04189006
15.15 0.04234589
15.16 0.03814423
15.17 0.02959109
15.18 0.01799207
15.19 0.006668749
15.2 -0.001522979
15.21 -0.005520293
15.22 -0.007172032
15.23 -0.007591529
15.24 -0.005791418
15.25 -0.002404598
15.26 0.001127576
15.27 0.004365746
15.28 0.009392633
15.29 0.01555309
15.3 0.01976644
15.31 0.01977837
15.32 0.01408959
15.33 0.003124899
15.34 -0.007293456
15.35 -0.01114346
15.36 -0.009622623
15.37 -0.006189633
15.38 -0.003346705
15.39 -0.002923179
15.4 -0.003949151
15.41 -0.003705211
15.42 -0.001214659
15.43 0.001344589
15.44 0.002753943
15.45 0.001685959
15.46 -0.003569436
15.47 -0.009914209
15.48 -0.01546801
15.49 -0.01966378
15.5 -0.02289331
15.51 -0.02571663
15.52 -0.02813534
15.53 -0.02947101
15.54 -0.02860876
15.55 -0.02413384
15.56 -0.01630639
15.57 -0.006027275
15.58 0.005408968
15.59 0.01333086
15.6 0.01652002
15.61 0.01703589
15.62 0.01542983
15.63 0.01176068
15.64 0.005699762
15.65 -0.001184082
15.66 -0.007082651
15.67 -0.01146593
15.68 -0.01360065
15.69 -0.01460617
15.7 -0.01518783
15.71 -0.01449256
15.72 -0.01268877
15.73 -0.008883516
15.74 -0.001979855
15.75 0.002878919
15.76 0.002031417
15.77 -0.004466434
15.78 -0.01348367
15.79 -0.01930313
15.8 -0.02224696
15.81 -0.02426852
15.82 -0.02588958
15.83 -0.02611103
15.84 -0.02440372
15.85 -0.02088007
15.86 -0.0174262
15.87 -0.01369571
15.88 -0.01035952
15.89 -0.007162576
15.9 -0.004024133
15.91 -0.001998426
15.92 -0.001784665
15.93 -0.003299943
15.94 -0.003958493
15.95 -0.002764101
15.96 -0.001613171
15.97 -0.003362147
15.98 -0.007420958
15.99 -0.01000202
16 -0.008237985
16.01 -0.002284391
16.02 0.005601957
16.03 0.0122718
16.04 0.01680726
16.05 0.01963453
16.06 0.02133645
16.07 0.02269168
16.08 0.02204527
16.09 0.02055998
16.1 0.01756913
16.11 0.01390186
16.12 0.009981177
16.13 0.005614583
16.14 0.002836615
16.15 0.002031059
16.16 0.00188424
16.17 0.002478747
16.18 0.003612947
16.19 0.004038275
16.2 0.003036441
16.21 0.0005741723
16.22 -0.002677619
16.23 -0.004900621
16.24 -0.005121803
16.25 -0.002874124
16.26 0.0002292962
16.27 0.001583452
16.28 -0.0008737043
16.29 -0.005722753
16.3 -0.01030557
16.31 -0.01300319
16.32 -0.01367855
16.33 -0.01306352
16.34 -0.01251903
16.35 -0.01220997
16.36 -0.01134235
16.37 -0.009415655
16.38 -0.006954042
16.39 -0.0025761
16.4 0.00322069
16.41 0.007992182
16.42 0.01037127
16.43 0.009748508
16.44 0.007835816
16.45 0.006737203
16.46 0.006317313
16.47 0.005610137
16.48 0.005289057
16.49 0.005189198
16.5 0.005145919
16.51 0.005955288
16.52 0.007231751
16.53 0.007101257
16.54 0.006257552
16.55 0.006849654
16.56 0.0081241
16.57 0.008708814
16.58 0.007393536
16.59 0.004711465
16.6 0.002939114
16.61 0.003181772
16.62 0.004251099
16.63 0.004333724
16.64 0.003186539
16.65 0.002361429
16.66 0.001170113
16.67 0.0001910029
16.68 -0.001033409
16.69 -0.003231351
16.7 -0.006026172
16.71 -0.01075489
16.72 -0.01793455
16.73 -0.02428315
16.74 -0.026586
16.75 -0.02631968
16.76 -0.02512959
16.77 -0.02450655
16.78 -0.02382995
16.79 -0.02253213
16.8 -0.02016541
16.81 -0.01721815
16.82 -0.01546877
16.83 -0.01619946
16.84 -0.01984778
16.85 -0.0261561
16.86 -0.03223274
16.87 -0.03650116
16.88 -0.03649055
16.89 -0.03117419
16.9 -0.0215545
16.91 -0.009467879
16.92 0.001610278
16.93 0.01123732
16.94 0.01815045
16.95 0.02221348
16.96 0.0225832
16.97 0.01892217
16.98 0.01349352
16.99 0.008169891
17 0.004287747
17.01 0.001695468
17.02 0.00118939
17.03 0.00293963
17.04 0.007050264
17.05 0.01275146
17.06 0.01976833
17.07 0.02649205
17.08 0.0329822
17.09 0.03684464
17.1 0.03565728
17.11 0.02970869
17.12 0.02160108
17.13 0.01446977
17.14 0.01183908
17.15 0.01395557
17.16 0.01759611
17.17 0.01966145
17.18 0.01870109
17.19 0.01452787
17.2 0.008946573
17.21 0.004823062
17.22 0.003612987
17.23 0.003904897
17.24 0.003088909
17.25 -0.0005888565
17.26 -0.007107143
17.27 -0.0147593
17.28 -0.01925621
17.29 -0.01730379
17.3 -0.01040139
17.31 -0.001826323
17.32 0.005504482
17.33 0.01002798
17.34 0.01122219
17.35 0.009607522
17.36 0.005706323
17.37 0.0002361555
17.38 -0.005322209
17.39 -0.008528736
17.4 -0.009954994
17.41 -0.01001621
17.42 -0.008616818
17.43 -0.00652935
17.44 -0.003235261
17.45 0.0003332632
17.46 0.003332953
17.47 0.004720056
17.48 0.00385099
17.49 0.001073696
17.5 -0.003270883
17.51 -0.007766454
17.52 -0.01147892
17.53 -0.01284593
17.54 -0.01298897
17.55 -0.01464838
17.56 -0.01842446
17.57 -0.02301619
17.58 -0.02761239
17.59 -0.03190539
17.6 -0.03486047
17.61 -0.03649167
17.62 -0.03690019
17.63 -0.03666323
17.64 -0.03488045
17.65 -0.03183592
17.66 -0.02747368
17.67 -0.02066336
17.68 -0.01030579
17.69 0.001638097
17.7 0.01243721
17.71 0.02115507
17.72 0.0273908
17.73 0.03059921
17.74 0.03215931
17.75 0.03238435
17.76 0.03056018
17.77 0.0279787
17.78 0.02534593
17.79 0.02320885
17.8 0.02112997
17.81 0.01683282
17.82 0.009268373
17.83 0.0008762522
17.84 -0.005307619
17.85 -0.007354483
17.86 -0.005346175
17.87 -0.003064815
17.88 -0.003854352
17.89 -0.007946168
17.9 -0.01536607
17.91 -0.02249187
17.92 -0.02642363
17.93 -0.02707343
17.94 -0.02662363
17.95 -0.02507742
17.96 -0.02001946
17.97 -0.01034311
17.98 0.003665585
17.99 0.01442958
18 0.01911647
18.01 0.02122751
18.02 0.02288264
18.03 0.02361275
18.04 0.02338098
18.05 0.02164554
18.06 0.01800289
18.07 0.01390689
18.08 0.01128874
18.09 0.01101769
18.1 0.01108547
18.11 0.0108434
18.12 0.01073651
18.13 0.01044318
18.14 0.01094101
18.15 0.01164754
18.16 0.0112745
18.17 0.008630931
18.18 0.004024442
18.19 -0.002788836
18.2 -0.01220396
18.21 -0.02341846
18.22 -0.03228543
18.23 -0.03487058
18.24 -0.02999395
18.25 -0.01848104
18.26 -0.00382339
18.27 0.008058854
18.28 0.01451897
18.29 0.01787395
18.3 0.01882679
18.31 0.0186721
18.32 0.01707982
18.33 0.01391213
18.34 0.009948151
18.35 0.005944684
18.36 0.002847534
18.37 0.001763202
18.38 0.001849111
18.39 0.0008739441
18.4 -0.0007603761
18.41 -0.001801309
18.42 -0.0009799429
18.43 0.00232808
18.44 0.006969353
18.45 0.0106089
18.46 0.01107187
18.47 0.008402951
18.48 0.004749583
18.49 0.002284108
18.5 0.00173366
18.51 0.002604321
18.52 0.004590634
18.53 0.007505983
18.54 0.0110847
18.55 0.01509317
18.56 0.01750904
18.57 0.0165884
18.58 0.01401697
18.59 0.01164971
18.6 0.01115505
18.61 0.01141055
18.62 0.01050299
18.63 0.009063033
18.64 0.009358156
18.65 0.01249877
18.66 0.01681974
18.67 0.02063366
18.68 0.02294807
18.69 0.02351915
18.7 0.02232205
18.71 0.01946548
18.72 0.01538117
18.73 0.009721636
18.74 0.003195569
18.75 -0.001238032
18.76 -0.003697642
18.77 -0.005410707
18.78 -0.006852896
18.79 -0.007206089
18.8 -0.005631015
18.81 -0.003151829
18.82 -0.0007392601
18.83 0.001061632
18.84 0.001967182
18.85 0.001986548
18.86 0.001860189
18.87 0.00208769
18.88 0.003634467
18.89 0.005727906
18.9 0.007473635
18.91 0.009062211
18.92 0.01040208
18.93 0.01089548
18.94 0.01037843
18.95 0.008840421
18.96 0.007571819
18.97 0.00829174
18.98 0.01024989
18.99 0.01032616
19 0.007617801
19.01 0.004362911
19.02 0.0009575858
19.03 -0.00161552
19.04 -0.003176768
19.05 -0.004818354
19.06 -0.006211975
19.07 -0.00756467
19.08 -0.007887759
19.09 -0.007355465
19.1 -0.007539764
19.11 -0.008657727
19.12 -0.01128221
19.13 -0.01494389
19.14 -0.01683493
19.15 -0.01635721
19.16 -0.0159201
19.17 -0.01614988
19.18 -0.0177828
19.19 -0.02055544
19.2 -0.02226934
19.21 -0.02308174
19.22 -0.0235695
19.23 -0.02264092
19.24 -0.02107545
19.25 -0.01864686
19.26 -0.01540525
19.27 -0.01255135
19.28 -0.01067184
19.29 -0.008664299
19.3 -0.007746519
19.31 -0.008565004
19.32 -0.01076307
19.33 -0.01319358
19.34 -0.01617182
19.35 -0.01906663
19.36 -0.02102036
19.37 -0.02028118
19.38 -0.0175049
19.39 -0.01448507
19.4 -0.01121587
19.41 -0.007274748
19.42 -0.002867449
19.43 0.0009900287
19.44 0.003903428
19.45 0.006678881
19.46 0.009313626
19.47 0.01205417
19.48 0.01432478
19.49 0.01586569
19.5 0.01647064
19.51 0.01627193
19.52 0.01483113
19.53 0.01242693
19.54 0.01013489
19.55 0.008221426
19.56 0.00678424
19.57 0.005993072
19.58 0.005140833
19.59 0.003672018
19.6 0.001009171
19.61 -0.002104683
19.62 -0.005103217
19.63 -0.007640649
19.64 -0.009642082
19.65 -0.009776631
19.66 -0.008331182
19.67 -0.006041518
19.68 -0.002304659
19.69 0.002657215
19.7 0.007398215
19.71 0.01061589
19.72 0.01212892
19.73 0.01194262
19.74 0.009938326
19.75 0.006572575
19.76 0.003020481
19.77 -0.0007783447
19.78 -0.005559292
19.79 -0.008792398
19.8 -0.009864547
19.81 -0.009779923
19.82 -0.009597243
19.83 -0.008385023
19.84 -0.005612268
19.85 -0.002649293
19.86 -0.001178108
19.87 -0.001469167
19.88 -0.003274574
19.89 -0.006520128
19.9 -0.01061929
19.91 -0.01475599
19.92 -0.01800418
19.93 -0.01940955
19.94 -0.01925084
19.95 -0.01903489
19.96 -0.01850816
19.97 -0.01699695
19.98 -0.01454866
19.99 -0.01178738
20 -0.008692828
20.01 -0.006423945
20.02 -0.006135984
20.03 -0.007201902
20.04 -0.008734157
20.05 -0.009877828
20.06 -0.00982463
20.07 -0.008186542
20.08 -0.005093608
20.09 -0.001353123
20.1 0.002797083
20.11 0.006929738
20.12 0.009706796
20.13 0.01027635
20.14 0.009742168
20.15 0.009034459
20.16 0.007521915
20.17 0.004830865
20.18 0.00192865
20.19 7.659157e-05
20.2 -0.0005891307
20.21 -0.001777789
20.22 -0.00227765
20.23 -0.001711471
20.24 -0.001041036
20.25 -0.000210363
20.26 0.0005178864
20.27 0.001834835
20.28 0.003201923
20.29 0.003880935
20.3 0.003840989
20.31 0.003110768
20.32 0.001942048
20.33 0.0002500291
20.34 -0.00126754
20.35 -0.002100212
20.36 -0.002033045
20.37 -0.001054195
20.38 0.0009087056
20.39 0.002735555
20.4 0.002950825
20.41 0.002620196
20.42 0.001414933
20.43 -0.0006243379
20.44 -0.003236074
20.45 -0.006301741
20.46 -0.008796763
20.47 -0.008880602
20.48 -0.006580098
20.49 -0.002170538
20.5 0.003546163
20.51 0.00851458
20.52 0.01029946
20.53 0.009513459
20.54 0.008106231
20.55 0.005605688
20.56 0.002812386
20.57 0.0006613983
20.58 -0.001963841
20.59 -0.004520716
20.6 -0.006249421
20.61 -0.007979131
20.62 -0.01134094
20.63 -0.01585948
20.64 -0.0185902
20.65 -0.01866183
20.66 -0.01723548
20.67 -0.01396525
20.68 -0.008960299
20.69 -0.003187564
20.7 0.002642687
20.71 0.008187343
20.72 0.01252552
20.73 0.01565429
20.74 0.01761853
20.75 0.01858853
20.76 0.0183154
20.77 0.01668857
20.78 0.01502193
20.79 0.01366198
20.8 0.0127906
20.81 0.01340615
20.82 0.01435519
20.83 0.01476143
20.84 0.01570636
20.85 0.01813112
20.86 0.02138503
20.87 0.02494225
20.88 0.02728904
20.89 0.02843456
20.9 0.02972147
20.91 0.03088523
20.92 0.03107737
20.93 0.02945502
20.94 0.02679674
20.95 0.02323429
20.96 0.01810808
20.97 0.01231013
20.98 0.007173443
20.99 0.00222073
21 -0.002446006
21.01 -0.008047363
21.02 -0.01385817
21.03 -0.01819519
21.04 -0.02011105
21.05 -0.01905671
21.06 -0.01484619
21.07 -0.008963405
21.08 -0.003480238
21.09 -1.398653e-05
21.1 0.001190778
21.11 0.001590976
21.12 0.002174176
21.13 0.00307189
21.14 0.004014169
21.15 0.005338854
21.16 0.006223433
21.17 0.00528382
21.18 0.002465023
21.19 -0.0007242853
21.2 -0.003825648
21.21 -0.00588676
21.22 -0.006493223
21.23 -0.005851283
21.24 -0.004851859
21.25 -0.002820789
21.26 -0.0006892428
21.27 0.0004746788
21.28 0.0004620266
21.29 -9.696123e-05
21.3 -0.001472467
21.31 -0.003650702
21.32 -0.007213105
21.33 -0.0113783
21.34 -0.01439519
21.35 -0.01483539
21.36 -0.01192023
21.37 -0.005871401
21.38 0.001247466
21.39 0.006986049
21.4 0.009474469
21.41 0.009712932
21.42 0.009387346
21.43 0.009131804
21.44 0.009147396
21.45 0.0084876
21.46 0.007106192
21.47 0.0065469
21.48 0.006816649
21.49 0.006676826
21.5 0.005837805
21.51 0.004161362
21.52 0.001582022
21.53 -0.0004907401
21.54 -0.001782344
21.55 -0.002964133
21.56 -0.005125286
21.57 -0.008473207
21.58 -0.01135019
21.59 -0.0122246
21.6 -0.01154468
21.61 -0.009715626
21.62 -0.006987903
21.63 -0.003914492
21.64 -0.001572654
21.65 0.0002591173
21.66 0.0005614464
21.67 -0.000729436
21.68 -0.002995665
21.69 -0.004490342
21.7 -0.004169466
21.71 -0.003131803
21.72 -0.002579775
21.73 -0.002230352
21.74 -0.001647985
21.75 0.0003658269
21.76 0.002651208
21.77 0.003649622
21.78 0.004234293
21.79 0.00415603
21.8 0.003133711
21.81 0.002285788
21.82 0.001858148
21.83 0.001322242
21.84 0.001249193
21.85 0.002021493
21.86 0.003214129
21.87 0.004903869
21.88 0.006587649
21.89 0.007317225
21.9 0.007407268
21.91 0.006138672
21.92 0.004588384
21.93 0.0023146
21.94 -0.0009418681
21.95 -0.005031551
21.96 -0.01027677
21.97 -0.01446957
21.98 -0.0166256
21.99 -0.01766644
22 -0.01720762
22.01 -0.01566319
22.02 -0.01368113
22.03 -0.01086214
22.04 -0.00739975
22.05 -0.0044664
22.06 -0.002348462
22.07 -0.0001426925
22.08 0.001956437
22.09 0.004108958
22.1 0.006080076
22.11 0.006132242
22.12 0.002929723
22.13 -0.002458149
22.14 -0.007264506
22.15 -0.01015937
22.16 -0.0111215
22.17 -0.0102848
22.18 -0.008290975
22.19 -0.005772428
22.2 -0.002302449
22.21 0.000450182
22.22 0.001851754
22.23 0.002340498
22.24 0.001632699
22.25 0.0008420097
22.26 -0.0001833338
22.27 -0.0007686372
22.28 -0.0007084449
22.29 -0.001745018
22.3 -0.003110847
22.31 -0.003029728
22.32 -0.001708657
22.33 0.0003931955
22.34 0.002107732
22.35 0.003455857
22.36 0.004959965
22.37 0.006527355
22.38 0.007499776
22.39 0.008306681
22.4 0.008571815
22.41 0.00870357
22.42 0.009289378
22.43 0.009621852
22.44 0.01054711
22.45 0.01176075
22.46 0.01232266
22.47 0.01244203
22.48 0.01235017
22.49 0.01204832
22.5 0.01128661
22.51 0.009757996
22.52 0.008265902
22.53 0.006846632
22.54 0.004554938
22.55 0.0014839
22.56 -0.002404041
22.57 -0.006574495
22.58 -0.01009343
22.59 -0.01265235
22.6 -0.01431474
22.61 -0.01495335
22.62 -0.01414473
22.63 -0.01280268
22.64 -0.01050744
22.65 -0.007591697
22.66 -0.006103186
22.67 -0.005604662
22.68 -0.005348309
22.69 -0.005314256
22.7 -0.004994201
22.71 -0.004652027
22.72 -0.003655214
22.73 -0.002165
22.74 -0.00139749
22.75 -0.001348776
22.76 -0.000972265
22.77 -0.0003382576
22.78 -0.0001351697
22.79 -0.0001731599
22.8 -0.0002483898
22.81 -0.0009859209
22.82 -0.002363453
22.83 -0.004741971
22.84 -0.007605006
22.85 -0.01101569
22.86 -0.01335623
22.87 -0.01463984
22.88 -0.01535544
22.89 -0.01414639
22.9 -0.01151731
22.91 -0.009605396
22.92 -0.006936921
22.93 -0.003360148
22.94 0.0001742342
22.95 0.003987876
22.96 0.007608945
22.97 0.009853393
22.98 0.01048567
22.99 0.009510179
23 0.00871911
23.01 0.008829585
23.02 0.009571911
23.03 0.01100775
23.04 0.0130788
23.05 0.0152864
23.06 0.01754435
23.07 0.02008928
23.08 0.02126983
23.09 0.02079834
23.1 0.01921055
23.11 0.01840115
23.12 0.01748371
23.13 0.01553341
23.14 0.01328631
23.15 0.01161981
23.16 0.01002434
23.17 0.008842312
23.18 0.007736176
23.19 0.006950276
23.2 0.00647528
23.21 0.005090519
23.22 0.004438884
23.23 0.004624636
23.24 0.004216545
23.25 0.002829993
23.26 0.0007212743
23.27 -0.00341672
23.28 -0.009489617
23.29 -0.01530129
23.3 -0.01968236
23.31 -0.02257619
23.32 -0.0237062
23.33 -0.02280393
23.34 -0.02121303
23.35 -0.01933139
23.36 -0.01773809
23.37 -0.01739705
23.38 -0.01754294
23.39 -0.01720561
23.4 -0.01739726
23.41 -0.01805395
23.42 -0.01789333
23.43 -0.01676062
23.44 -0.0150065
23.45 -0.01366315
23.46 -0.01278439
23.47 -0.01204664
23.48 -0.01119661
23.49 -0.009363066
23.5 -0.006322641
23.51 -0.002818039
23.52 -0.0004733945
23.53 -0.0001788833
23.54 -0.0008274854
23.55 -0.001523086
23.56 -0.001486968
23.57 -0.0004675872
23.58 0.000786871
23.59 0.001415253
23.6 0.001797602
23.61 0.002168873
23.62 0.001816567
23.63 0.0002886429
23.64 -0.0008015663
23.65 -0.0008881534
23.66 -0.001043914
23.67 -0.0008306575
23.68 0.001307734
23.69 0.004459801
23.7 0.0077131
23.71 0.01081322
23.72 0.01263062
23.73 0.01283451
23.74 0.01198701
23.75 0.01095466
23.76 0.009629747
23.77 0.007389477
23.78 0.005808896
23.79 0.004974439
23.8 0.005096946
23.81 0.006195716
23.82 0.008011758
23.83 0.00981465
23.84 0.01146371
23.85 0.01292099
23.86 0.01445797
23.87 0.01512367
23.88 0.01446205
23.89 0.01406184
23.9 0.01451198
23.91 0.01578579
23.92 0.0170673
23.93 0.01826429
23.94 0.01887023
23.95 0.0188471
23.96 0.0187739
23.97 0.01880026
23.98 0.01875112
23.99 0.01777556
24 0.01649104
24.01 0.01576842
24.02 0.01442469
24.03 0.01397007
24.04 0.0148811
24.05 0.01557269
24.06 0.01541045
24.07 0.01454246
24.08 0.01272138
24.09 0.01016177
24.1 0.007112906
24.11 0.003872593
24.12 0.000335595
24.13 -0.003982996
24.14 -0.008067631
24.15 -0.01219765
24.16 -0.01631382
24.17 -0.01958705
24.18 -0.02142245
24.19 -0.02175701
24.2 -0.02127464
24.21 -0.02049332
24.22 -0.01917051
24.23 -0.01845276
24.24 -0.01799278
24.25 -0.01643783
24.26 -0.01494749
24.27 -0.01506556
24.28 -0.01577532
24.29 -0.016208
24.3 -0.01670493
24.31 -0.01699154
24.32 -0.01720403
24.33 -0.01710769
24.34 -0.01660299
24.35 -0.01556591
24.36 -0.01356628
24.37 -0.01153309
24.38 -0.009931739
24.39 -0.008480757
24.4 -0.007267394
24.41 -0.006418836
24.42 -0.006053032
24.43 -0.005321949
24.44 -0.003976122
24.45 -0.002416271
24.46 -0.001352711
24.47 -0.0004006777
24.48 0.001026074
24.49 0.00259593
24.5 0.003899616
24.51 0.004060758
24.52 0.003737669
24.53 0.004638473
24.54 0.006063688
24.55 0.006494604
24.56 0.00727192
24.57 0.008537908
24.58 0.009332471
24.59 0.009945091
24.6 0.01030027
24.61 0.01021793
24.62 0.009051362
24.63 0.006399406
24.64 0.003941244
24.65 0.001816202
24.66 -0.0004329166
24.67 -0.001960255
24.68 -0.003864913
24.69 -0.006486517
24.7 -0.009153474
24.71 -0.0114871
24.72 -0.01335258
24.73 -0.01439969
24.74 -0.01453065
24.75 -0.0148751
24.76 -0.01493647
24.77 -0.01493215
24.78 -0.01479901
24.79 -0.01589321
24.8 -0.01572852
24.81 -0.01420887
24.82 -0.01298953
24.83 -0.01219707
24.84 -0.01317939
24.85 -0.01432361
24.86 -0.01430404
24.87 -0.01406577
24.88 -0.01347319
24.89 -0.01084745
24.9 -0.007668972
24.91 -0.005006026
24.92 -0.002444474
24.93 -0.0007287059
24.94 -0.00101306
24.95 -0.002346843
24.96 -0.00396756
24.97 -0.005864625
24.98 -0.006973997
24.99 -0.00719483
25 -0.007077132
25.01 -0.005640827
25.02 -0.003293569
25.03 -0.0008643191
25.04 0.001355315
25.05 0.002695178
25.06 0.002527211
25.07 0.0007968123
25.08 -0.001550484
25.09 -0.003610616
25.1 -0.005659802
25.11 -0.006881803
25.12 -0.007098805
25.13 -0.006981461
25.14 -0.005679158
25.15 -0.004326808
25.16 -0.003331206
25.17 -0.001693367
25.18 0.0001528788
25.19 0.002005744
25.2 0.003943612
25.21 0.005277369
25.22 0.005355269
25.23 0.005050741
25.24 0.004045005
25.25 0.003008564
25.26 0.002409127
25.27 0.002661501
25.28 0.002973571
25.29 0.004094185
25.3 0.006157438
25.31 0.009046894
25.32 0.01175635
25.33 0.01394777
25.34 0.01545775
25.35 0.01613316
25.36 0.0158302
25.37 0.01411504
25.38 0.01152768
25.39 0.009000356
25.4 0.007461884
25.41 0.007323847
25.42 0.007971621
25.43 0.009537011
25.44 0.01217
25.45 0.01481711
25.46 0.01740092
25.47 0.01950365
25.48 0.0213644
25.49 0.02265737
25.5 0.02293663
25.51 0.02327146
25.52 0.02413597
25.53 0.02436141
25.54 0.02304746
25.55 0.0209606
25.56 0.01901069
25.57 0.01725371
25.58 0.01580431
25.59 0.0142914
25.6 0.01271073
25.61 0.01111851
25.62 0.00905474
25.63 0.008211718
25.64 0.008756461
25.65 0.00950565
25.66 0.01011492
25.67 0.01161189
25.68 0.01304431
25.69 0.01352907
25.7 0.01279103
25.71 0.01187718
25.72 0.01011341
25.73 0.00770955
25.74 0.005889613
25.75 0.004451902
25.76 0.002302051
25.77 -0.0004950804
25.78 -0.003304744
25.79 -0.005971411
25.8 -0.008063519
25.81 -0.00935592
25.82 -0.01049568
25.83 -0.01162635
25.84 -0.01074925
25.85 -0.008567961
25.86 -0.006074049
25.87 -0.00347467
25.88 -0.0003016369
25.89 0.00187283
25.9 0.002723484
25.91 0.002645134
25.92 0.00240404
25.93 0.001926325
25.94 0.002369839
25.95 0.004006506
25.96 0.005557227
25.97 0.007150278
25.98 0.009020369
25.99 0.01009742
26 0.01070249
26.01 0.0104404
26.02 0.009576338
26.03 0.00906847
26.04 0.008003484
26.05 0.007125861
26.06 0.007009001
26.07 0.006250704
26.08 0.005028588
26.09 0.003692783
26.1 0.002115522
26.11 -0.0008714245
26.12 -0.006058688
26.13 -0.01201665
26.14 -0.01595933
26.15 -0.01829101
26.16 -0.02082441
26.17 -0.02318422
26.18 -0.02429806
26.19 -0.02421389
26.2 -0.02387486
26.21 -0.02259893
26.22 -0.02102897
26.23 -0.01881531
26.24 -0.01506632
26.25 -0.0118359
26.26 -0.01015149
26.27 -0.009822975
26.28 -0.009994748
26.29 -0.009937751
26.3 -0.009094471
26.31 -0.00783118
26.32 -0.007434539
26.33 -0.007423723
26.34 -0.00624046
26.35 -0.005501612
26.36 -0.005668636
26.37 -0.006947324
26.38 -0.008832171
26.39 -0.01174155
26.4 -0.0152145
26.41 -0.01758676
26.42 -0.01852382
26.43 -0.01940972
26.44 -0.02006331
26.45 -0.0198763
26.46 -0.01838286
26.47 -0.01664934
26.48 -0.01458147
26.49 -0.01137053
26.5 -0.007832416
26.51 -0.005034391
26.52 -0.003154585
26.53 -0.001714536
26.54 -0.0008880037
26.55 -0.0006750606
26.56 -0.0006626765
26.57 -0.000847113
26.58 -0.001154478
26.59 -0.001188551
26.6 -0.00111327
26.61 -0.0008846921
26.62 -0.001072309
26.63 -0.0006242277
26.64 0.000836443
26.65 0.001541459
26.66 0.002084198
26.67 0.003173138
26.68 0.003476158
26.69 0.00328816
26.7 0.003254171
26.71 0.003277953
26.72 0.003219463
26.73 0.004038235
26.74 0.005828219
26.75 0.007453141
26.76 0.008025293
26.77 0.008288959
26.78 0.008972448
26.79 0.00996343
26.8 0.0102928
26.81 0.01013331
26.82 0.01008863
26.83 0.01011589
26.84 0.0100891
26.85 0.01093929
26.86 0.01235727
26.87 0.01259734
26.88 0.01185211
26.89 0.01026487
26.9 0.009648761
26.91 0.009757157
26.92 0.009585133
26.93 0.009702836
26.94 0.009960171
26.95 0.01039793
26.96 0.009885816
26.97 0.008523555
26.98 0.006171733
26.99 0.003742333
27 0.001207912
27.01 -0.00188675
27.02 -0.004596839
27.03 -0.006320315
27.04 -0.007003006
27.05 -0.007324175
27.06 -0.007631206
27.07 -0.0085407
27.08 -0.009570655
27.09 -0.009853919
27.1 -0.009573875
27.11 -0.008649739
27.12 -0.008242424
27.13 -0.008457461
27.14 -0.008155391
27.15 -0.007799137
27.16 -0.008948592
27.17 -0.01005068
27.18 -0.009997078
27.19 -0.009655417
27.2 -0.009146094
27.21 -0.007022266
27.22 -0.004684245
27.23 -0.0032019
27.24 -0.002016109
27.25 -0.0007427569
27.26 -0.0004524628
27.27 -0.000645635
27.28 -0.0007009291
27.29 -0.0007232424
27.3 -0.0007480352
27.31 -0.0009732447
27.32 -0.002437007
27.33 -0.004271213
27.34 -0.005872735
27.35 -0.007552678
27.36 -0.008891999
27.37 -0.0102143
27.38 -0.01047302
27.39 -0.009054015
27.4 -0.006891536
27.41 -0.003057216
27.42 0.0009457611
27.43 0.004354337
27.44 0.00684018
27.45 0.009280976
27.46 0.01107977
27.47 0.0117367
27.48 0.01107823
27.49 0.01071253
27.5 0.01083913
27.51 0.01130947
27.52 0.01251705
27.53 0.01324666
27.54 0.01309654
27.55 0.01296352
27.56 0.01299839
27.57 0.01247274
27.58 0.011189
27.59 0.01046414
27.6 0.009941149
27.61 0.008270351
27.62 0.005759519
27.63 0.003623355
27.64 0.003005625
27.65 0.00202519
27.66 0.001108367
27.67 0.0009879071
27.68 0.001172261
27.69 0.0009888162
27.7 0.001055945
27.71 0.0003913643
27.72 -0.0007790638
27.73 -0.001708762
27.74 -0.001871559
27.75 -0.001534561
27.76 -0.001427755
27.77 -0.001217364
27.78 -0.000825919
27.79 -0.001212673
27.8 -0.002218414
27.81 -0.004501021
27.82 -0.006256689
27.83 -0.007313316
27.84 -0.00843985
27.85 -0.009151385
27.86 -0.009092612
27.87 -0.008989484
27.88 -0.009032263
27.89 -0.009103333
27.9 -0.009150204
27.91 -0.009153542
27.92 -0.008911915
27.93 -0.008088871
27.94 -0.007094407
27.95 -0.0066265
27.96 -0.005656651
27.97 -0.004595102
27.98 -0.004406135
27.99 -0.004602516
28 -0.00462205
28.01 -0.004581416
28.02 -0.00470464
28.03 -0.00549168
28.04 -0.006665277
28.05 -0.008243096
28.06 -0.008770763
28.07 -0.008877035
28.08 -0.009417546
28.09 -0.009608548
28.1 -0.009527556
28.11 -0.009525216
28.12 -0.01009991
28.13 -0.01055719
28.14 -0.009798977
28.15 -0.009509748
28.16 -0.01039034
28.17 -0.01124473
28.18 -0.01189326
28.19 -0.01221239
28.2 -0.01218828
28.21 -0.01194718
28.22 -0.01085281
28.23 -0.009127463
28.24 -0.00700996
28.25 -0.005086827
28.26 -0.00349765
28.27 -0.001941519
28.28 -0.0006130668
28.29 0.001036793
28.3 0.002241787
28.31 0.002817835
28.32 0.00332528
28.33 0.003455619
28.34 0.002688329
28.35 0.001961879
28.36 0.001145144
28.37 2.101276e-05
28.38 -0.0003479513
28.39 -0.000462646
28.4 -5.579807e-05
28.41 0.001036201
28.42 0.002073483
28.43 0.003311872
28.44 0.003978036
28.45 0.003888165
28.46 0.003218061
28.47 0.002462621
28.48 0.001975099
28.49 0.001297948
28.5 0.0009985819
28.51 0.0009112315
28.52 0.001537904
28.53 0.003041849
28.54 0.004967492
28.55 0.006507923
28.56 0.007929981
28.57 0.009517676
28.58 0.01121294
28.59 0.01269275
28.6 0.01314754
28.61 0.01229957
28.62 0.01081385
28.63 0.009131758
28.64 0.00806316
28.65 0.006633765
28.66 0.00550474
28.67 0.004197667
28.68 0.003307166
28.69 0.002925006
28.7 0.003023464
28.71 0.002997526
28.72 0.003072077
28.73 0.003467838
28.74 0.004021457
28.75 0.003833706
28.76 0.002568269
28.77 0.001297993
28.78 0.0002823073
28.79 -0.0004245663
28.8 0.0001577807
28.81 0.001096061
28.82 0.002351259
28.83 0.004286315
28.84 0.006760259
28.85 0.008467589
28.86 0.01023493
28.87 0.011828
28.88 0.01242748
28.89 0.01248112
28.9 0.01311859
28.91 0.01340192
28.92 0.01309499
28.93 0.0133382
28.94 0.01395346
28.95 0.01450388
28.96 0.01498989
28.97 0.01538916
28.98 0.0149525
28.99 0.01393416
29 0.0131718
29.01 0.01243929
29.02 0.01249988
29.03 0.01311989
29.04 0.01373779
29.05 0.01413429
29.06 0.01370655
29.07 0.0138199
29.08 0.01376193
29.09 0.01317681
29.1 0.01215104
29.11 0.01138233
29.12 0.01095398
29.13 0.01037871
29.14 0.01032324
29.15 0.01021917
29.16 0.009670242
29.17 0.008661729
29.18 0.008423049
29.19 0.008588083
29.2 0.008467048
29.21 0.008236322
29.22 0.008410396
29.23 0.007716235
29.24 0.006604014
29.25 0.006354366
29.26 0.005559334
29.27 0.004069456
29.28 0.003660549
29.29 0.003728008
29.3 0.00298897
29.31 0.002539214
29.32 0.002614511
29.33 0.002323931
29.34 0.001791091
29.35 0.001478081
29.36 0.0005891997
29.37 -0.0009274016
29.38 -0.002137832
29.39 -0.003421486
29.4 -0.004840947
29.41 -0.005866425
29.42 -0.00655735
29.43 -0.006687555
29.44 -0.006334191
29.45 -0.00561135
29.46 -0.005355888
29.47 -0.005327179
29.48 -0.004381844
29.49 -0.003315603
29.5 -0.002928362
29.51 -0.002921306
29.52 -0.002907727
29.53 -0.002369289
29.54 -0.001653693
29.55 -0.001164899
29.56 -0.001351833
29.57 -0.001427204
29.58 -0.001642043
29.59 -0.001674458
29.6 -0.001011069
29.61 -0.0005731914
29.62 -0.0006916338
29.63 -0.0009253753
29.64 -0.001361247
29.65 -0.001639305
29.66 -0.001812861
29.67 -0.002822367
29.68 -0.004383427
29.69 -0.005535849
29.7 -0.006906401
29.71 -0.007726338
29.72 -0.00762529
29.73 -0.007342464
29.74 -0.006385558
29.75 -0.004511343
29.76 -0.002834317
29.77 -0.002378789
29.78 -0.002474104
29.79 -0.002216982
29.8 -0.002384647
29.81 -0.002588731
29.82 -0.00271719
29.83 -0.003935427
29.84 -0.005443991
29.85 -0.006596772
29.86 -0.007420983
29.87 -0.008658168
29.88 -0.009956871
29.89 -0.01077364
29.9 -0.01149274
29.91 -0.01197572
29.92 -0.01198178
29.93 -0.01185739
29.94 -0.01085398
29.95 -0.009872638
29.96 -0.009887192
29.97 -0.009507133
29.98 -0.009309599
29.99 -0.009377532
30 -0.00940318
30.01 -0.009475083
30.02 -0.009978296
30.03 -0.01107859
30.04 -0.01189028
30.05 -0.0118476
30.06 -0.01171832
30.07 -0.01175007
30.08 -0.0117327
30.09 -0.01121919
30.1 -0.009914865
30.11 -0.009079049
30.12 -0.009085843
30.13 -0.008119957
30.14 -0.006529343
30.15 -0.004953798
30.16 -0.004260932
30.17 -0.004385945
30.18 -0.004470503
30.19 -0.004592186
30.2 -0.004999658
30.21 -0.004979755
30.22 -0.005879241
30.23 -0.005931572
30.24 -0.004475835
30.25 -0.003627212
30.26 -0.002818744
30.27 -0.002089153
30.28 -0.0008991826
30.29 0.0002908417
30.3 0.001270513
30.31 0.002705215
30.32 0.003233757
30.33 0.003046485
30.34 0.002989255
30.35 0.002944531
30.36 0.002273965
30.37 0.001763071
30.38 0.001109076
30.39 0.0001132745
30.4 -0.000806445
30.41 -0.001558361
30.42 -0.001714891
30.43 -0.001480301
30.44 -0.0003490037
30.45 0.0009077253
30.46 0.001673342
30.47 0.001662662
30.48 0.0008232116
30.49 -0.0003701511
30.5 -0.002440657
30.51 -0.004157491
30.52 -0.005707601
30.53 -0.007286025
30.54 -0.00891501
30.55 -0.01048571
30.56 -0.01117239
30.57 -0.01188917
30.58 -0.01297155
30.59 -0.01288101
30.6 -0.01133323
30.61 -0.009918562
30.62 -0.009043082
30.63 -0.007870468
30.64 -0.006177312
30.65 -0.004467291
30.66 -0.003403532
30.67 -0.002351291
30.68 -0.001149274
30.69 -0.0003634403
30.7 0.0004451148
30.71 0.001400621
30.72 0.00305606
30.73 0.005251264
30.74 0.008333851
30.75 0.01132546
30.76 0.0132831
30.77 0.01342623
30.78 0.01316533
30.79 0.01334985
30.8 0.01365924
30.81 0.01396212
30.82 0.01459439
30.83 0.01524783
30.84 0.01551529
30.85 0.01557973
30.86 0.015571
30.87 0.01557147
30.88 0.01553735
30.89 0.01495355
30.9 0.01438481
30.91 0.01381353
30.92 0.01254154
30.93 0.01143642
30.94 0.01040913
30.95 0.01017154
30.96 0.009771054
30.97 0.009020908
30.98 0.008469673
30.99 0.008476117
31 0.008517589
31.01 0.007756658
31.02 0.006435848
31.03 0.00542062
31.04 0.004572278
31.05 0.003880635
31.06 0.003783474
31.07 0.003993868
31.08 0.004677732
31.09 0.005396879
31.1 0.006392618
31.11 0.00799943
31.12 0.008502201
31.13 0.00846324
31.14 0.008588349
31.15 0.008638635
31.16 0.008614972
31.17 0.008614075
31.18 0.00862653
31.19 0.008631515
31.2 0.008634703
31.21 0.00867968
31.22 0.009377352
31.23 0.0108847
31.24 0.01137855
31.25 0.01112956
31.26 0.01024588
31.27 0.008847004
31.28 0.007585142
31.29 0.006450008
31.3 0.005856963
31.31 0.004904933
31.32 0.00420456
31.33 0.003820299
31.34 0.002516976
31.35 0.001432353
31.36 0.0009023497
31.37 -0.0003482897
31.38 -0.001619346
31.39 -0.003990833
31.4 -0.006253598
31.41 -0.007815355
31.42 -0.009346424
31.43 -0.01054328
31.44 -0.01189777
31.45 -0.01261088
31.46 -0.01238239
31.47 -0.01253608
31.48 -0.01263143
31.49 -0.01227825
31.5 -0.01266241
31.51 -0.01291903
31.52 -0.01290377
31.53 -0.01286998
31.54 -0.01289238
31.55 -0.01290506
31.56 -0.01290187
31.57 -0.0128993
31.58 -0.01289605
31.59 -0.01288853
31.6 -0.01287755
31.61 -0.01289051
31.62 -0.01315867
31.63 -0.01298267
31.64 -0.01236745
31.65 -0.01237682
31.66 -0.01268985
31.67 -0.01267085
31.68 -0.01311452
31.69 -0.01456593
31.7 -0.01501835
31.71 -0.01472661
31.72 -0.01461969
31.73 -0.01458504
31.74 -0.01357379
31.75 -0.01128749
31.76 -0.00964307
31.77 -0.00923735
31.78 -0.007916439
31.79 -0.005611034
31.8 -0.003822304
31.81 -0.002502367
31.82 -0.001323321
31.83 -3.717317e-05
31.84 0.0006975706
31.85 0.001576558
31.86 0.003124679
31.87 0.00404586
31.88 0.004555277
31.89 0.004700375
31.9 0.005012196
31.91 0.006466948
31.92 0.007302272
31.93 0.007914379
31.94 0.009072362
31.95 0.009353657
31.96 0.009123658
31.97 0.009060822
31.98 0.009070685
31.99 0.008798203
32 0.008714933
32.01 0.008935651
32.02 0.008921163
32.03 0.008340378
32.04 0.007382705
32.05 0.006618051
32.06 0.006470457
32.07 0.006434784
32.08 0.00611157
32.09 0.006283855
32.1 0.006630451
32.11 0.007599844
32.12 0.008359182
32.13 0.008619246
32.14 0.009857342
32.15 0.01066626
32.16 0.01082633
32.17 0.01101922
32.18 0.009530018
32.19 0.007277577
32.2 0.005496926
32.21 0.003956476
32.22 0.002461873
32.23 0.001196562
32.24 0.0006238497
32.25 -0.000286184
32.26 -0.001004123
32.27 -0.001948102
32.28 -0.00294496
32.29 -0.003019036
32.3 -0.00286585
32.31 -0.003488799
32.32 -0.004028307
32.33 -0.004664579
32.34 -0.005674496
32.35 -0.006571449
32.36 -0.006338737
32.37 -0.00561344
32.38 -0.005479237
32.39 -0.004899283
32.4 -0.004459258
32.41 -0.004276907
32.42 -0.003372144
32.43 -0.002069877
32.44 -0.0008768969
32.45 -0.0002232151
32.46 -0.0002345527
32.47 -0.0003739769
32.48 -0.001287027
32.49 -0.002445719
32.5 -0.003510668
32.51 -0.004517382
32.52 -0.005719451
32.53 -0.007187903
32.54 -0.007844618
32.55 -0.007581945
32.56 -0.007347301
32.57 -0.00730489
32.58 -0.007463241
32.59 -0.007287635
32.6 -0.00694792
32.61 -0.006664263
32.62 -0.005744498
32.63 -0.004748159
32.64 -0.004214185
32.65 -0.003879955
32.66 -0.004085946
32.67 -0.004488688
32.68 -0.004435734
32.69 -0.004511851
32.7 -0.004381841
32.71 -0.004051686
32.72 -0.003725101
32.73 -0.002579966
32.74 -0.0004618626
32.75 0.001347117
32.76 0.002046431
32.77 0.002823953
32.78 0.003059442
32.79 0.002911104
32.8 0.002851075
32.81 0.002852933
32.82 0.002962628
32.83 0.003845773
32.84 0.004684001
32.85 0.005578022
32.86 0.006421418
32.87 0.007118693
32.88 0.00731862
32.89 0.007342239
32.9 0.007068607
32.91 0.007294303
32.92 0.007975616
32.93 0.008069041
32.94 0.007635477
32.95 0.00733743
32.96 0.007573812
32.97 0.007564339
32.98 0.007645686
32.99 0.007648134
33 0.007425939
33.01 0.006838706
33.02 0.006017826
33.03 0.004985744
33.04 0.004271663
33.05 0.003718069
33.06 0.003301552
33.07 0.00284898
33.08 0.002021163
33.09 0.001320015
33.1 0.0005936845
33.11 -9.790842e-05
33.12 -0.001031647
33.13 -0.002081524
33.14 -0.002739299
33.15 -0.003250342
33.16 -0.004237608
33.17 -0.005333763
33.18 -0.006453807
33.19 -0.007605071
33.2 -0.008460703
33.21 -0.008775247
33.22 -0.00887017
33.23 -0.008736464
33.24 -0.008485749
33.25 -0.008134549
33.26 -0.007921463
33.27 -0.007809048
33.28 -0.007599878
33.29 -0.007361976
33.3 -0.007146343
33.31 -0.006932381
33.32 -0.006712265
33.33 -0.006492173
33.34 -0.006264933
33.35 -0.005978213
33.36 -0.005508092
33.37 -0.004913803
33.38 -0.004345438
33.39 -0.004024396
33.4 -0.003333566
33.41 -0.002711368
33.42 -0.002087176
33.43 -0.001292669
33.44 -0.0005486395
33.45 -0.0001580728
33.46 0.0003937112
33.47 0.001068816
33.48 0.001498912
33.49 0.00152475
33.5 0.001835451
33.51 0.002364331
33.52 0.002770138
33.53 0.003212014
33.54 0.003714681
33.55 0.003812045
33.56 0.003903931
33.57 0.003965839
33.58 0.004036207
33.59 0.004047696
33.6 0.003968499
33.61 0.003834163
33.62 0.003708177
33.63 0.003591378
33.64 0.003472417
33.65 0.003361212
33.66 0.003260527
33.67 0.00304551
33.68 0.002540938
33.69 0.002259115
33.7 0.002198362
33.71 0.00180295
33.72 0.001453166
33.73 0.001240092
33.74 0.001056174
33.75 0.001021879
33.76 0.000915803
33.77 0.0007841481
33.78 0.00054833
33.79 0.0003100029
33.8 0.0001010951
33.81 -0.0001558845
33.82 -0.0004295416
33.83 -0.0006905508
33.84 -0.001007226
33.85 -0.001342534
33.86 -0.001692314
33.87 -0.001789492
33.88 -0.001724501
33.89 -0.001567007
33.9 -0.00129116
33.91 -0.001054845
33.92 -0.0008265907
33.93 -0.0005560819
33.94 -0.0001934357
33.95 0.0001992739
33.96 0.0004954137
33.97 0.000776606
33.98 0.0009923577
33.99 0.001162876
34 0.001302423
34.01 0.001493792
34.02 0.001629782
34.03 0.001748691
34.04 0.001836962
34.05 0.001919069
34.06 0.001955925
34.07 0.001995569
34.08 0.002009849
34.09 0.001975354
34.1 0.001900438
34.11 0.001792419
34.12 0.001659203
34.13 0.00151759
34.14 0.001416703
34.15 0.00126716
34.16 0.001083637
34.17 0.0009593302
34.18 0.0008729396
34.19 0.000811406
34.2 0.0007463492
34.21 0.0006739779
34.22 0.0005852732
34.23 0.0005331782
34.24 0.0004955059
34.25 0.0004484117
34.26 0.000390309
34.27 0.0003373828
34.28 0.0002738097
34.29 0.0002244272
34.3 0.0002113593
34.31 0.0001991087
34.32 0.0001907398
34.33 0.0001903126
34.34 0.000191697
34.35 0.000175259
34.36 0.0001519609
34.37 0.000133266
34.38 0.0001116583
34.39 8.488881e-05
34.4 5.850691e-05
34.41 2.831855e-05
34.42 -1.204776e-06
34.43 -1.455465e-05
34.44 -1.762023e-05
34.45 -2.5231e-05
34.46 -3.267716e-05
34.47 -3.996491e-05
34.48 -4.403972e-05
34.49 -4.517856e-05
34.5 -5.053569e-05
34.51 -5.247995e-05
34.52 -5.377412e-05
34.53 -5.77905e-05
34.54 -6.677017e-05
34.55 -7.586209e-05
34.56 -8.125478e-05
34.57 -8.780596e-05
34.58 -9.236762e-05
34.59 -9.47217e-05
34.6 -9.708422e-05
34.61 -9.959295e-05
34.62 -0.000102363
34.63 -0.0001059251
34.64 -0.0001082925
34.65 -0.0001107027
34.66 -0.0001132023
34.67 -0.0001148808
34.68 -0.0001159451
34.69 -0.0001169525
34.7 -0.0001174097
34.71 -0.0001168635
34.72 -0.0001165487
34.73 -0.0001168559
34.74 -0.0001161308
34.75 -0.0001152525
34.76 -0.0001151108
34.77 -0.0001152384
34.78 -0.0001152697
34.79 -0.0001150482
34.8 -0.0001146867
34.81 -0.0001143797
34.82 -0.0001141665
34.83 -0.0001140074
34.84 -0.0001138654
34.85 -0.0001137829
34.86 -0.000113741
34.87 -0.0001136771
34.88 -0.0001135734
34.89 -0.0001134341
34.9 -0.000113249
34.91 -0.0001130113
34.92 -0.0001127153
34.93 -0.0001123578
34.94 -0.0001119313
34.95 -0.0001114325
34.96 -0.0001108603
34.97 -0.0001102144
34.98 -0.000109495
