0 -0.0009396324
0.01 -0.000941859
0.02 -0.0009473886
0.03 -0.0009580631
0.04 -0.0009766475
0.05 -0.001009341
0.06 -0.001036399
0.07 -0.001017149
0.08 -0.0009995137
0.09 -0.001050374
0.1 -0.001093993
0.11 -0.001020555
0.12 -0.0008965224
0.13 -0.0008095861
0.14 -0.0007353954
0.15 -0.000653478
0.16 -0.0006765528
0.17 -0.0009814586
0.18 -0.001481933
0.19 -0.001769134
0.2 -0.00165821
0.21 -0.001290053
0.22 -0.0008918856
0.23 -0.0005911108
0.24 -0.0006337349
0.25 -0.0008473218
0.26 -0.000740622
0.27 -0.0006436456
0.28 -0.001138496
0.29 -0.001905801
0.3 -0.002529171
0.31 -0.002724124
0.32 -0.002390392
0.33 -0.001576584
0.34 -0.0006708139
0.35 -0.0003162932
0.36 -0.001023211
0.37 -0.002288308
0.38 -0.002982989
0.39 -0.002636383
0.4 -0.002064484
0.41 -0.001662473
0.42 -0.0009645767
0.43 6.476444e-05
0.44 0.001037167
0.45 0.00193421
0.46 0.003058728
0.47 0.004502899
0.48 0.006148652
0.49 0.007115636
0.5 0.005698933
0.51 0.0002426729
0.52 -0.007078714
0.53 -0.0111871
0.54 -0.01052853
0.55 -0.007316735
0.56 -0.003503813
0.57 -9.38234e-05
0.58 0.002931606
0.59 0.005738506
0.6 0.005518845
0.61 8.47905e-05
0.62 -0.00565195
0.63 -0.007659895
0.64 -0.007891535
0.65 -0.006995142
0.66 -0.003650254
0.67 0.004667106
0.68 0.01283834
0.69 0.01461864
0.7 0.01235429
0.71 0.00950482
0.72 0.002116694
0.73 -0.01011934
0.74 -0.02229949
0.75 -0.02845644
0.76 -0.02543066
0.77 -0.01720938
0.78 -0.008236214
0.79 0.001084959
0.8 0.01060453
0.81 0.01567446
0.82 0.0133632
0.83 0.008215499
0.84 0.003400466
0.85 -0.002510539
0.86 -0.007180681
0.87 -0.006967201
0.88 -0.001875853
0.89 0.004862583
0.9 0.009326676
0.91 0.01037773
0.92 0.008168676
0.93 0.002158154
0.94 -0.003760913
0.95 -0.005928141
0.96 -0.003545231
0.97 -0.001789932
0.98 -0.003739488
0.99 -0.002894992
1 -0.001410365
1.01 -0.003080867
1.02 -0.002663228
1.03 0.0005287601
1.04 0.002900324
1.05 0.005291966
1.06 0.006163929
1.07 0.001053514
1.08 -0.006242143
1.09 -0.009002044
1.1 -0.007615972
1.11 -0.004283011
1.12 0.001038396
1.13 0.01068026
1.14 0.01737947
1.15 0.0179932
1.16 0.01600489
1.17 0.01026093
1.18 -0.0006325996
1.19 -0.01357866
1.2 -0.02101052
1.21 -0.02390423
1.22 -0.02303264
1.23 -0.01064068
1.24 0.009458899
1.25 0.02054234
1.26 0.02230655
1.27 0.02553493
1.28 0.02577406
1.29 0.01425805
1.3 -0.00523874
1.31 -0.01824406
1.32 -0.0170413
1.33 -0.002379274
1.34 0.02058828
1.35 0.03437479
1.36 0.02921529
1.37 0.0139493
1.38 0.00255552
1.39 -0.004896519
1.4 -0.01577482
1.41 -0.02780662
1.42 -0.03123886
1.43 -0.02433999
1.44 -0.01623415
1.45 -0.008296744
1.46 0.002742457
1.47 0.01423215
1.48 0.0186537
1.49 0.01934149
1.5 0.02007491
1.51 0.01694776
1.52 0.004614437
1.53 -0.01508948
1.54 -0.01810994
1.55 -0.001130487
1.56 0.01642365
1.57 0.02581838
1.58 0.03056958
1.59 0.03201118
1.6 0.02865068
1.61 0.02105774
1.62 0.008420432
1.63 -0.007794255
1.64 -0.02315364
1.65 -0.03062152
1.66 -0.03077825
1.67 -0.02801474
1.68 -0.02164455
1.69 -0.01493931
1.7 -0.0105575
1.71 -0.008781056
1.72 -0.009705255
1.73 -0.009591627
1.74 -0.006852404
1.75 -0.005220286
1.76 -0.00622284
1.77 -0.00677514
1.78 1.363593e-05
1.79 0.01824997
1.8 0.02807873
1.81 0.02185653
1.82 0.01387624
1.83 0.00910472
1.84 0.00179323
1.85 -0.01010354
1.86 -0.01625165
1.87 -0.01179409
1.88 0.002116421
1.89 0.01843161
1.9 0.03019987
1.91 0.03255473
1.92 0.02291714
1.93 0.00712286
1.94 -0.00573872
1.95 -0.01095152
1.96 -0.01111193
1.97 -0.01098316
1.98 -0.008549573
1.99 -0.001587184
2 0.003406278
2.01 0.004504648
2.02 0.004073068
2.03 0.001666203
2.04 -0.001490808
2.05 -0.005467997
2.06 -0.00850681
2.07 -0.009367861
2.08 -0.007374074
2.09 -0.001478129
2.1 0.00558123
2.11 0.007589579
2.12 0.0023121
2.13 -0.006492181
2.14 -0.009773183
2.15 -0.008666505
2.16 -0.007846526
2.17 -0.004521325
2.18 0.005052969
2.19 0.0187465
2.2 0.02812281
2.21 0.03189706
2.22 0.0328557
2.23 0.02994485
2.24 0.0214773
2.25 0.01118762
2.26 -0.001291686
2.27 -0.01725917
2.28 -0.0290374
2.29 -0.02643048
2.3 -0.01275952
2.31 -0.002286244
2.32 -0.006888723
2.33 -0.02642273
2.34 -0.03841086
2.35 -0.03798525
2.36 -0.03399685
2.37 -0.02701639
2.38 -0.01027966
2.39 0.01597859
2.4 0.03482631
2.41 0.03664448
2.42 0.03032678
2.43 0.02611793
2.44 0.02359541
2.45 0.01490318
2.46 -0.002160695
2.47 -0.01830353
2.48 -0.02182365
2.49 -0.01462566
2.5 -0.005568632
2.51 0.003652472
2.52 0.01461288
2.53 0.02448689
2.54 0.02526925
2.55 0.01070207
2.56 -0.01367198
2.57 -0.0325425
2.58 -0.04011102
2.59 -0.03916847
2.6 -0.03361669
2.61 -0.015952
2.62 0.01541278
2.63 0.03266408
2.64 0.03097868
2.65 0.02206432
2.66 0.008423604
2.67 -0.005652864
2.68 -0.01284668
2.69 -0.01102221
2.7 -0.003127916
2.71 0.005931714
2.72 0.01332833
2.73 0.02533938
2.74 0.0437083
2.75 0.05843813
2.76 0.06540344
2.77 0.06324145
2.78 0.05104713
2.79 0.03475259
2.8 0.02602253
2.81 0.02561089
2.82 0.02855606
2.83 0.03600178
2.84 0.04979991
2.85 0.06088194
2.86 0.06220761
2.87 0.0565281
2.88 0.05069411
2.89 0.04788764
2.9 0.04708971
2.91 0.04978167
2.92 0.05309058
2.93 0.05311128
2.94 0.04446852
2.95 0.02356999
2.96 0.004660644
2.97 -0.005316934
2.98 -0.01431052
2.99 -0.03044089
3 -0.04801364
3.01 -0.05907601
3.02 -0.06321947
3.03 -0.06595191
3.04 -0.07096973
3.05 -0.07844686
3.06 -0.08730196
3.07 -0.09871089
3.08 -0.1117047
3.09 -0.1255114
3.1 -0.1271772
3.11 -0.1086023
3.12 -0.09035624
3.13 -0.08062348
3.14 -0.06822086
3.15 -0.05147587
3.16 -0.04828912
3.17 -0.05342327
3.18 -0.04656311
3.19 -0.03421535
3.2 -0.01930377
3.21 -0.002945046
3.22 0.02340929
3.23 0.06202321
3.24 0.09942967
3.25 0.1249167
3.26 0.1323331
3.27 0.1331816
3.28 0.1297902
3.29 0.1135538
3.3 0.07563005
3.31 0.03694481
3.32 0.02215788
3.33 0.02057546
3.34 0.02124757
3.35 0.01430978
3.36 0.01433578
3.37 0.01562063
3.38 0.003023469
3.39 -0.00943087
3.4 -0.004294294
3.41 0.01385173
3.42 0.02380402
3.43 0.01580206
3.44 0.0029536
3.45 -0.0126198
3.46 -0.03674198
3.47 -0.06255358
3.48 -0.07440102
3.49 -0.06977418
3.5 -0.05845579
3.51 -0.04594694
3.52 -0.03304251
3.53 -0.01897273
3.54 -0.004160844
3.55 0.003204373
3.56 -0.0003537781
3.57 -0.001420415
3.58 0.004988558
3.59 0.00625086
3.6 -0.002290202
3.61 -0.01265663
3.62 -0.01593871
3.63 -0.009606124
3.64 0.0008144229
3.65 0.01103614
3.66 0.02132962
3.67 0.0317872
3.68 0.03550732
3.69 0.02725138
3.7 0.01359333
3.71 -0.001206273
3.72 -0.008268783
3.73 -0.002493201
3.74 0.00279308
3.75 -0.003633354
3.76 -0.02595996
3.77 -0.05380407
3.78 -0.06396727
3.79 -0.06608623
3.8 -0.07946502
3.81 -0.09532572
3.82 -0.1064609
3.83 -0.1160196
3.84 -0.124149
3.85 -0.1258272
3.86 -0.1157028
3.87 -0.09423212
3.88 -0.06494245
3.89 -0.02776703
3.9 0.005062972
3.91 0.02069188
3.92 0.02455014
3.93 0.0301197
3.94 0.04062969
3.95 0.04982413
3.96 0.05253703
3.97 0.04771849
3.98 0.03757579
3.99 0.0287247
4 0.02599726
4.01 0.03186136
4.02 0.04137155
4.03 0.04293533
4.04 0.03182219
4.05 0.01353052
4.06 -0.005380736
4.07 -0.02414508
4.08 -0.0429894
4.09 -0.06192367
4.1 -0.0803183
4.11 -0.09843277
4.12 -0.1131599
4.13 -0.1207825
4.14 -0.1136216
4.15 -0.09032697
4.16 -0.06546373
4.17 -0.04831546
4.18 -0.03528588
4.19 -0.0165834
4.2 0.0112306
4.21 0.03826629
4.22 0.06079208
4.23 0.07789229
4.24 0.09098911
4.25 0.0993686
4.26 0.09933323
4.27 0.09204144
4.28 0.08222286
4.29 0.07265743
4.3 0.06475711
4.31 0.06146642
4.32 0.06606345
4.33 0.07927865
4.34 0.09445651
4.35 0.1047587
4.36 0.1104226
4.37 0.1118087
4.38 0.1031347
4.39 0.0841797
4.4 0.0628719
4.41 0.04274685
4.42 0.02065954
4.43 -0.003538309
4.44 -0.02564241
4.45 -0.04621588
4.46 -0.05719647
4.47 -0.05148641
4.48 -0.03726696
4.49 -0.0244582
4.5 -0.009950728
4.51 0.008050574
4.52 0.01777381
4.53 0.02091323
4.54 0.02468635
4.55 0.02907296
4.56 0.03070687
4.57 0.02921524
4.58 0.02513206
4.59 0.01803326
4.6 0.004548632
4.61 -0.01585557
4.62 -0.02990192
4.63 -0.03612486
4.64 -0.04479011
4.65 -0.05600937
4.66 -0.05875545
4.67 -0.05093788
4.68 -0.03587141
4.69 -0.01728541
4.7 0.00135734
4.71 0.01663586
4.72 0.02479359
4.73 0.01706397
4.74 -0.003829503
4.75 -0.01753853
4.76 -0.01104492
4.77 -0.004503954
4.78 -0.0190174
4.79 -0.02890821
4.8 -0.01355317
4.81 0.0008616623
4.82 -0.0004378881
4.83 0.002399422
4.84 0.01712509
4.85 0.03457268
4.86 0.04385628
4.87 0.037418
4.88 0.01565575
4.89 0.005365174
4.9 0.01158825
4.91 0.01555187
4.92 0.01207098
4.93 0.001989741
4.94 -0.01250931
4.95 -0.02875006
4.96 -0.04695651
4.97 -0.06331748
4.98 -0.07481874
4.99 -0.08576661
5 -0.09672634
5.01 -0.1010759
5.02 -0.09323261
5.03 -0.07187817
5.04 -0.04822467
5.05 -0.03326588
5.06 -0.03689626
5.07 -0.04453029
5.08 -0.03771486
5.09 -0.03660736
5.1 -0.04764482
5.11 -0.0511336
5.12 -0.03667609
5.13 -0.0225701
5.14 -0.02168655
5.15 -0.01796838
5.16 -0.002970737
5.17 0.01638405
5.18 0.03519406
5.19 0.05704598
5.2 0.07896801
5.21 0.09677271
5.22 0.1161436
5.23 0.1349123
5.24 0.1479877
5.25 0.1544303
5.26 0.155852
5.27 0.1540307
5.28 0.14069
5.29 0.09654311
5.3 0.04075189
5.31 0.01129074
5.32 0.003755098
5.33 0.01011505
5.34 0.02432898
5.35 0.02888467
5.36 0.01220325
5.37 0.002539923
5.38 0.006787024
5.39 0.003369449
5.4 -0.01860175
5.41 -0.05237546
5.42 -0.08687415
5.43 -0.1158851
5.44 -0.1320529
5.45 -0.1295479
5.46 -0.1096183
5.47 -0.08883233
5.48 -0.0883942
5.49 -0.1008451
5.5 -0.09180158
5.51 -0.07038063
5.52 -0.05363302
5.53 -0.03434263
5.54 -0.01296068
5.55 -0.0005559214
5.56 0.005904645
5.57 0.01245266
5.58 0.0220348
5.59 0.04096161
5.6 0.06713167
5.61 0.08813361
5.62 0.1056322
5.63 0.1266492
5.64 0.1416108
5.65 0.1395135
5.66 0.1196507
5.67 0.08685675
5.68 0.0532148
5.69 0.02625072
5.7 -0.001069157
5.71 -0.02507215
5.72 -0.03109319
5.73 -0.02575014
5.74 -0.0295651
5.75 -0.04169675
5.76 -0.04719414
5.77 -0.04532025
5.78 -0.0496787
5.79 -0.06439778
5.8 -0.08459015
5.81 -0.1010143
5.82 -0.1030599
5.83 -0.09307389
5.84 -0.07849063
5.85 -0.06652349
5.86 -0.05946053
5.87 -0.05665002
5.88 -0.05087812
5.89 -0.03336873
5.9 -0.007992701
5.91 0.02974262
5.92 0.06918994
5.93 0.1047449
5.94 0.1289081
5.95 0.1386183
5.96 0.135558
5.97 0.1210416
5.98 0.0875956
5.99 0.03592282
6 -0.01596296
6.01 -0.04902626
6.02 -0.06927979
6.03 -0.0846349
6.04 -0.09637389
6.05 -0.1013027
6.06 -0.09552074
6.07 -0.0862364
6.08 -0.07770317
6.09 -0.0734556
6.1 -0.06961154
6.11 -0.06316951
6.12 -0.04940151
6.13 -0.02948514
6.14 -0.01551893
6.15 -0.01020294
6.16 0.0001175859
6.17 0.02041971
6.18 0.04161852
6.19 0.05234154
6.2 0.05372599
6.21 0.05276047
6.22 0.05481901
6.23 0.06182106
6.24 0.07279883
6.25 0.0919206
6.26 0.1171913
6.27 0.1404385
6.28 0.1481113
6.29 0.1327429
6.3 0.1034116
6.31 0.07707867
6.32 0.05976655
6.33 0.04111982
6.34 0.01828396
6.35 0.004763535
6.36 0.0004878557
6.37 -0.001170521
6.38 0.0002971789
6.39 0.003034816
6.4 0.003095798
6.41 -0.001306363
6.42 -0.01274116
6.43 -0.02986441
6.44 -0.04735797
6.45 -0.0633304
6.46 -0.07243077
6.47 -0.07120046
6.48 -0.06837951
6.49 -0.06854303
6.5 -0.07009914
6.51 -0.07276858
6.52 -0.07569128
6.53 -0.07785387
6.54 -0.07929822
6.55 -0.07792572
6.56 -0.07092473
6.57 -0.06049851
6.58 -0.05154009
6.59 -0.04593709
6.6 -0.04171684
6.61 -0.03244625
6.62 -0.0176297
6.63 -0.00325408
6.64 0.008766918
6.65 0.02140425
6.66 0.0365613
6.67 0.05140134
6.68 0.05909072
6.69 0.06018875
6.7 0.0573489
6.71 0.04906949
6.72 0.03557548
6.73 0.0196511
6.74 0.004039151
6.75 -0.01177734
6.76 -0.02515174
6.77 -0.02764192
6.78 -0.01686479
6.79 0.002062309
6.8 0.0208619
6.81 0.03799518
6.82 0.04521265
6.83 0.03712305
6.84 0.02625643
6.85 0.02027705
6.86 0.01498639
6.87 0.004778695
6.88 -0.007633771
6.89 -0.01030584
6.9 -0.001609351
6.91 0.01078556
6.92 0.02638143
6.93 0.04245602
6.94 0.06400958
6.95 0.09057245
6.96 0.1093375
6.97 0.1141512
6.98 0.1111417
6.99 0.1045424
7 0.09464621
7.01 0.08324829
7.02 0.07540341
7.03 0.06592238
7.04 0.04305967
7.05 0.01371694
7.06 -0.00502336
7.07 -0.01331826
7.08 -0.02056299
7.09 -0.03308889
7.1 -0.0479068
7.11 -0.05801475
7.12 -0.05255877
7.13 -0.03288678
7.14 -0.02059161
7.15 -0.02374044
7.16 -0.03222346
7.17 -0.0405321
7.18 -0.05412726
7.19 -0.079572
7.2 -0.1119542
7.21 -0.1408175
7.22 -0.1535051
7.23 -0.1484751
7.24 -0.1334752
7.25 -0.1160431
7.26 -0.09485172
7.27 -0.07124231
7.28 -0.04479252
7.29 -0.0205368
7.3 -0.004439363
7.31 0.006571809
7.32 0.01617431
7.33 0.02160421
7.34 0.01671206
7.35 0.004421035
7.36 -0.0103486
7.37 -0.02612784
7.38 -0.04104716
7.39 -0.04943906
7.4 -0.05019752
7.41 -0.04430762
7.42 -0.03387554
7.43 -0.02024857
7.44 -0.001518309
7.45 0.01824022
7.46 0.04076263
7.47 0.06198292
7.48 0.08089603
7.49 0.09434151
7.5 0.1007326
7.51 0.1028675
7.52 0.1042853
7.53 0.1065978
7.54 0.1122633
7.55 0.1232979
7.56 0.1383638
7.57 0.1541998
7.58 0.1651634
7.59 0.1682961
7.6 0.1662483
7.61 0.1566615
7.62 0.1316476
7.63 0.08994533
7.64 0.05549943
7.65 0.0386394
7.66 0.02803751
7.67 0.01040468
7.68 -0.009156645
7.69 -0.01709799
7.7 -0.01486494
7.71 -0.0129716
7.72 -0.01525527
7.73 -0.02339976
7.74 -0.03527704
7.75 -0.04430762
7.76 -0.04328897
7.77 -0.02863975
7.78 -0.000404475
7.79 0.03424359
7.8 0.05983026
7.81 0.07326534
7.82 0.083403
7.83 0.09640575
7.84 0.1042869
7.85 0.1039331
7.86 0.09597021
7.87 0.07823776
7.88 0.0362586
7.89 -0.03665814
7.9 -0.1047337
7.91 -0.1515681
7.92 -0.1838249
7.93 -0.2052754
7.94 -0.215308
7.95 -0.2125444
7.96 -0.1926056
7.97 -0.1478742
7.98 -0.1048591
7.99 -0.08120253
8 -0.06281461
8.01 -0.04014033
8.02 -0.02290211
8.03 -0.01863663
8.04 -0.03052849
8.05 -0.05828435
8.06 -0.08937759
8.07 -0.1176673
8.08 -0.1352474
8.09 -0.1298226
8.1 -0.1068129
8.11 -0.07479762
8.12 -0.0478515
8.13 -0.03158909
8.14 -0.01948343
8.15 -0.01267133
8.16 -0.0120133
8.17 -0.01394423
8.18 -0.01539053
8.19 -0.01098048
8.2 -0.001447947
8.21 0.008229652
8.22 0.01888859
8.23 0.03689092
8.24 0.06226176
8.25 0.08578197
8.26 0.09965167
8.27 0.09835284
8.28 0.07976405
8.29 0.04768693
8.3 0.02126419
8.31 0.00179864
8.32 -0.02087811
8.33 -0.04837115
8.34 -0.06802763
8.35 -0.07463819
8.36 -0.07049026
8.37 -0.0542223
8.38 -0.02166063
8.39 0.005325965
8.4 0.01156301
8.41 0.004212378
8.42 -0.007427494
8.43 -0.02181945
8.44 -0.04325736
8.45 -0.06843019
8.46 -0.08977945
8.47 -0.1060561
8.48 -0.1182693
8.49 -0.1269796
8.5 -0.1309619
8.51 -0.1274909
8.52 -0.1174657
8.53 -0.09985231
8.54 -0.06761425
8.55 -0.03346756
8.56 -0.01071246
8.57 0.009009824
8.58 0.02942424
8.59 0.04341374
8.6 0.04999618
8.61 0.05396914
8.62 0.05698375
8.63 0.06066676
8.64 0.06565339
8.65 0.07313859
8.66 0.08418439
8.67 0.1036445
8.68 0.1230575
8.69 0.1395764
8.7 0.1505237
8.71 0.1534898
8.72 0.150934
8.73 0.1434273
8.74 0.1302741
8.75 0.1090169
8.76 0.08534522
8.77 0.06305587
8.78 0.04171151
8.79 0.02352315
8.8 0.01051206
8.81 0.001275683
8.82 -0.006763002
8.83 -0.01454213
8.84 -0.02249203
8.85 -0.03286684
8.86 -0.04788163
8.87 -0.06675188
8.88 -0.08504125
8.89 -0.1006127
8.9 -0.1089983
8.91 -0.1115159
8.92 -0.1108439
8.93 -0.1082725
8.94 -0.1044024
8.95 -0.09903744
8.96 -0.09601831
8.97 -0.09683303
8.98 -0.09493107
8.99 -0.08311841
9 -0.06710757
9.01 -0.05249925
9.02 -0.03420271
9.03 -0.01355308
9.04 0.007208105
9.05 0.02730735
9.06 0.04726589
9.07 0.06508826
9.08 0.07665752
9.09 0.08723772
9.1 0.09446421
9.11 0.09816405
9.12 0.1031528
9.13 0.1102553
9.14 0.1193886
9.15 0.1300054
9.16 0.1424012
9.17 0.1538526
9.18 0.1621842
9.19 0.1656074
9.2 0.1638151
9.21 0.1552209
9.22 0.1414167
9.23 0.1197553
9.24 0.08854439
9.25 0.05108167
9.26 0.01676389
9.27 -0.00723869
9.28 -0.01922042
9.29 -0.02414464
9.3 -0.0228804
9.31 -0.01527447
9.32 -0.004473323
9.33 0.006447042
9.34 0.01654485
9.35 0.02497109
9.36 0.03179689
9.37 0.03455135
9.38 0.02906118
9.39 0.0190981
9.4 0.009343882
9.41 0.0002562976
9.42 -0.008677479
9.43 -0.01706245
9.44 -0.02243166
9.45 -0.02316334
9.46 -0.01887161
9.47 -0.01298163
9.48 -0.008677501
9.49 -0.006022187
9.5 -0.00490805
9.51 -0.004963201
9.52 -0.005395557
9.53 -0.00889849
9.54 -0.0137029
9.55 -0.01774563
9.56 -0.02090925
9.57 -0.02408238
9.58 -0.02652975
9.59 -0.02594812
9.6 -0.02130053
9.61 -0.00973769
9.62 0.004935053
9.63 0.01293451
9.64 0.01316485
9.65 0.008844031
9.66 0.003323291
9.67 -0.003447059
9.68 -0.01117841
9.69 -0.01727626
9.7 -0.01874149
9.71 -0.01688115
9.72 -0.01558587
9.73 -0.01463627
9.74 -0.01135233
9.75 -0.006529517
9.76 -0.003677559
9.77 -0.005721214
9.78 -0.012943
9.79 -0.02146149
9.8 -0.02673489
9.81 -0.03052151
9.82 -0.03436578
9.83 -0.0359194
9.84 -0.03326361
9.85 -0.03103979
9.86 -0.03192312
9.87 -0.03653359
9.88 -0.04487763
9.89 -0.05568991
9.9 -0.06710918
9.91 -0.07795028
9.92 -0.08701521
9.93 -0.09408616
9.94 -0.09803424
9.95 -0.09969266
9.96 -0.09877602
9.97 -0.0932749
9.98 -0.08357581
9.99 -0.0688272
10 -0.04701126
10.01 -0.02494491
10.02 -0.007781779
10.03 0.004927779
10.04 0.01373596
10.05 0.02148296
10.06 0.02839204
10.07 0.03433375
10.08 0.03937804
10.09 0.04219132
10.1 0.0426405
10.11 0.04299152
10.12 0.0453714
10.13 0.04866263
10.14 0.05072666
10.15 0.0490189
10.16 0.04465542
10.17 0.03944364
10.18 0.03039819
10.19 0.01838027
10.2 0.006982319
10.21 -0.003239261
10.22 -0.009665745
10.23 -0.01102024
10.24 -0.00914705
10.25 -0.00787434
10.26 -0.008182885
10.27 -0.00775666
10.28 -0.007812776
10.29 -0.00833937
10.3 -0.00810605
10.31 -0.007407129
10.32 -0.006584846
10.33 -0.005895821
10.34 -0.004125189
10.35 -0.002003509
10.36 -0.0001399906
10.37 0.0004785863
10.38 -0.001425021
10.39 -0.005203602
10.4 -0.01032324
10.41 -0.02040398
10.42 -0.03369317
10.43 -0.04639237
10.44 -0.05675464
10.45 -0.06265764
10.46 -0.06199153
10.47 -0.0544705
10.48 -0.04290733
10.49 -0.03303548
10.5 -0.02659672
10.51 -0.0213929
10.52 -0.01590144
10.53 -0.01238215
10.54 -0.01078825
10.55 -0.009075873
10.56 -0.007791255
10.57 -0.006961683
10.58 -0.004891445
10.59 -0.002552954
10.6 4.696324e-05
10.61 0.002139017
10.62 0.002912265
10.63 0.00414313
10.64 0.006721972
10.65 0.01294476
10.66 0.02083756
10.67 0.02536163
10.68 0.02850163
10.69 0.03127557
10.7 0.03246202
10.71 0.02918736
10.72 0.02238272
10.73 0.01598122
10.74 0.01086633
10.75 0.007632697
10.76 0.004803528
10.77 0.001630653
10.78 -0.002302658
10.79 -0.004189776
10.8 -0.003111804
10.81 1.123227e-05
10.82 0.005980671
10.83 0.01369118
10.84 0.02080709
10.85 0.02642855
10.86 0.03087354
10.87 0.03467433
10.88 0.03852599
10.89 0.03989306
10.9 0.0392511
10.91 0.03756664
10.92 0.03381523
10.93 0.02540592
10.94 0.01436286
10.95 0.007064095
10.96 0.002925459
10.97 -0.001074959
10.98 -0.003062403
10.99 -0.001131217
11 0.005337492
11.01 0.01523244
11.02 0.02323012
11.03 0.02531503
11.04 0.02204255
11.05 0.01460002
11.06 0.002427103
11.07 -0.01129401
11.08 -0.02476811
11.09 -0.03621273
11.1 -0.04174539
11.11 -0.03934891
11.12 -0.03145417
11.13 -0.01998378
11.14 -0.007311139
11.15 0.00398564
11.16 0.009804171
11.17 0.008010243
11.18 0.0009954806
11.19 -0.008436545
11.2 -0.01825069
11.21 -0.0254508
11.22 -0.03239416
11.23 -0.03927026
11.24 -0.04351713
11.25 -0.043478
11.26 -0.03901399
11.27 -0.03243363
11.28 -0.02579952
11.29 -0.01957016
11.3 -0.01368271
11.31 -0.009905632
11.32 -0.0085922
11.33 -0.006599421
11.34 -0.003537197
11.35 -0.001258312
11.36 0.002051939
11.37 0.006374715
11.38 0.01140761
11.39 0.01837579
11.4 0.02449163
11.41 0.02825909
11.42 0.03296993
11.43 0.03873888
11.44 0.04544726
11.45 0.05239644
11.46 0.05882335
11.47 0.06326708
11.48 0.06431439
11.49 0.06399639
11.5 0.06207601
11.51 0.05911656
11.52 0.05732103
11.53 0.05686065
11.54 0.0572575
11.55 0.05716998
11.56 0.05601465
11.57 0.05287024
11.58 0.04604837
11.59 0.03539534
11.6 0.02038365
11.61 0.005479976
11.62 -0.009535685
11.63 -0.02555636
11.64 -0.03951267
11.65 -0.04703998
11.66 -0.0490243
11.67 -0.04921769
11.68 -0.04847668
11.69 -0.04801305
11.7 -0.04854646
11.71 -0.04870179
11.72 -0.04752534
11.73 -0.04475689
11.74 -0.04142625
11.75 -0.03959255
11.76 -0.03931483
11.77 -0.03999249
11.78 -0.04273137
11.79 -0.0456779
11.8 -0.04765761
11.81 -0.04788515
11.82 -0.04312932
11.83 -0.03634549
11.84 -0.02925872
11.85 -0.02059637
11.86 -0.01150875
11.87 -0.002385498
11.88 0.004810967
11.89 0.008835641
11.9 0.01083
11.91 0.01522542
11.92 0.02243948
11.93 0.02917879
11.94 0.03441693
11.95 0.03912207
11.96 0.04439836
11.97 0.05064477
11.98 0.05706673
11.99 0.06241229
12 0.06807331
12.01 0.0722632
12.02 0.0726061
12.03 0.06974279
12.04 0.06374428
12.05 0.0544719
12.06 0.04442952
12.07 0.03509184
12.08 0.02631555
12.09 0.01908498
12.1 0.01440458
12.11 0.011816
12.12 0.01220983
12.13 0.01444871
12.14 0.01710471
12.15 0.02023728
12.16 0.02426566
12.17 0.02605763
12.18 0.02403545
12.19 0.01584714
12.2 0.003328467
12.21 -0.003849199
12.22 -0.00702052
12.23 -0.008862841
12.24 -0.01087004
12.25 -0.01388915
12.26 -0.01496914
12.27 -0.01428323
12.28 -0.01412006
12.29 -0.01525769
12.3 -0.01665381
12.31 -0.01680478
12.32 -0.0166708
12.33 -0.01850532
12.34 -0.02343066
12.35 -0.03045163
12.36 -0.03730015
12.37 -0.04165235
12.38 -0.04358381
12.39 -0.04396762
12.4 -0.04198716
12.41 -0.03884683
12.42 -0.03589563
12.43 -0.03346809
12.44 -0.03112137
12.45 -0.02975147
12.46 -0.02813787
12.47 -0.02444059
12.48 -0.01909488
12.49 -0.01423906
12.5 -0.01044913
12.51 -0.007715536
12.52 -0.007090155
12.53 -0.007693842
12.54 -0.009142299
12.55 -0.01194187
12.56 -0.01333251
12.57 -0.01153117
12.58 -0.009006094
12.59 -0.006139728
12.6 -0.001439946
12.61 0.004458565
12.62 0.00968085
12.63 0.01429192
12.64 0.01917158
12.65 0.02319083
12.66 0.02629816
12.67 0.02633842
12.68 0.02280891
12.69 0.01834122
12.7 0.01434831
12.71 0.01216761
12.72 0.01044354
12.73 0.008266573
12.74 0.007406154
12.75 0.007766308
12.76 0.008845724
12.77 0.009543697
12.78 0.008152929
12.79 0.00407936
12.8 -0.001087021
12.81 -0.005640414
12.82 -0.009584673
12.83 -0.01346404
12.84 -0.01677198
12.85 -0.01909546
12.86 -0.01859958
12.87 -0.01731631
12.88 -0.01677435
12.89 -0.01614312
12.9 -0.01631821
12.91 -0.01735143
12.92 -0.01777612
12.93 -0.0154493
12.94 -0.01118627
12.95 -0.007283745
12.96 -0.005933648
12.97 -0.006024826
12.98 -0.006340144
12.99 -0.00733177
13 -0.009077513
13.01 -0.009890618
13.02 -0.01001009
13.03 -0.009657143
13.04 -0.00908106
13.05 -0.005877639
13.06 -0.0006073656
13.07 0.006683228
13.08 0.01401859
13.09 0.02012196
13.1 0.02196218
13.11 0.01867113
13.12 0.01058766
13.13 0.0003009232
13.14 -0.0098176
13.15 -0.01930454
13.16 -0.02800092
13.17 -0.03477871
13.18 -0.03682192
13.19 -0.0347103
13.2 -0.02984321
13.21 -0.02088483
13.22 -0.01052414
13.23 -0.0007043622
13.24 0.00584436
13.25 0.005513385
13.26 0.00318288
13.27 -0.000267815
13.28 -0.005638658
13.29 -0.01003691
13.3 -0.01216494
13.31 -0.01187005
13.32 -0.009212905
13.33 -0.005813167
13.34 -0.0003923672
13.35 0.005607996
13.36 0.009787427
13.37 0.0116091
13.38 0.01095084
13.39 0.007244715
13.4 0.001121178
13.41 -0.005311195
13.42 -0.01248419
13.43 -0.01805835
13.44 -0.01958684
13.45 -0.01928555
13.46 -0.01838645
13.47 -0.01472213
13.48 -0.008550304
13.49 -0.001334663
13.5 0.005068539
13.51 0.009248111
13.52 0.0095326
13.53 0.006084381
13.54 -0.00104154
13.55 -0.008924956
13.56 -0.01367286
13.57 -0.01487835
13.58 -0.01201048
13.59 -0.005466152
13.6 0.003032764
13.61 0.01197396
13.62 0.01778416
13.63 0.02363582
13.64 0.02630799
13.65 0.02590109
13.66 0.02484508
13.67 0.02302928
13.68 0.02041091
13.69 0.01826555
13.7 0.01598971
13.71 0.01494323
13.72 0.01488411
13.73 0.01333451
13.74 0.01053845
13.75 0.009058814
13.76 0.009441908
13.77 0.009636948
13.78 0.009090305
13.79 0.009253986
13.8 0.01055284
13.81 0.01248748
13.82 0.01494785
13.83 0.01632402
13.84 0.01749313
13.85 0.01918135
13.86 0.01930187
13.87 0.01981509
13.88 0.02060109
13.89 0.02142183
13.9 0.02252326
13.91 0.02183968
13.92 0.02005165
13.93 0.01770011
13.94 0.01268168
13.95 0.007206154
13.96 0.002302933
13.97 -0.0009454682
13.98 -0.002902141
13.99 -0.003151299
14 -0.001758326
14.01 0.0003232489
14.02 0.003970234
14.03 0.009058914
14.04 0.01222251
14.05 0.01390107
14.06 0.01567724
14.07 0.01810098
14.08 0.02144514
14.09 0.02494413
14.1 0.02658345
14.11 0.02713124
14.12 0.02691704
14.13 0.02276968
14.14 0.01494474
14.15 0.009270034
14.16 0.003932441
14.17 -0.003447729
14.18 -0.01006144
14.19 -0.01317068
14.2 -0.01353882
14.21 -0.0132575
14.22 -0.01189437
14.23 -0.01051784
14.24 -0.01055027
14.25 -0.01122607
14.26 -0.01134405
14.27 -0.01146824
14.28 -0.01228471
14.29 -0.01311693
14.3 -0.01204527
14.31 -0.009470836
14.32 -0.006931041
14.33 -0.005885971
14.34 -0.005814358
14.35 -0.006155327
14.36 -0.007039942
14.37 -0.008673742
14.38 -0.01036482
14.39 -0.01092162
14.4 -0.009956249
14.41 -0.006285885
14.42 -0.002434947
14.43 0.003318211
14.44 0.00999376
14.45 0.01527007
14.46 0.019168
14.47 0.02296416
14.48 0.0249577
14.49 0.02476164
14.5 0.02313498
14.51 0.02054541
14.52 0.01675017
14.53 0.01368131
14.54 0.01020716
14.55 0.006360292
14.56 0.003780319
14.57 0.002497513
14.58 0.001741282
14.59 0.001205251
14.6 7.482405e-05
14.61 -0.0008546385
14.62 -0.003026614
14.63 -0.006358301
14.64 -0.009463004
14.65 -0.01069308
14.66 -0.01094412
14.67 -0.01160937
14.68 -0.01071159
14.69 -0.00835907
14.7 -0.005053959
14.71 -0.001829085
14.72 0.0006886482
14.73 0.003755129
14.74 0.00492605
14.75 0.004578093
14.76 0.004315104
14.77 0.003302303
14.78 0.0001074549
14.79 -0.004028288
14.8 -0.005250865
14.81 -0.004502112
14.82 -0.00264167
14.83 0.0006587127
14.84 0.004208202
14.85 0.007438606
14.86 0.009445415
14.87 0.009418183
14.88 0.008654106
14.89 0.006529897
14.9 0.004384061
14.91 0.001150847
14.92 -0.002646676
14.93 -0.007655638
14.94 -0.01319653
14.95 -0.01769464
14.96 -0.02126639
14.97 -0.02465356
14.98 -0.02832385
14.99 -0.03108976
15 -0.03251222
15.01 -0.03391339
15.02 -0.03561014
15.03 -0.03675798
15.04 -0.03695934
15.05 -0.03698755
15.06 -0.03801793
15.07 -0.03912643
15.08 -0.03882501
15.09 -0.03816474
15.1 -0.03914341
15.11 -0.04043267
15.12 -0.04071022
15.13 -0.04098615
15.14 -0.04184022
15.15 -0.04067748
15.16 -0.03704024
15.17 -0.03239134
15.18 -0.02450268
15.19 -0.01551273
15.2 -0.007183155
15.21 0.0008055945
15.22 0.00928671
15.23 0.01701243
15.24 0.02145749
15.25 0.02661595
15.26 0.03111057
15.27 0.03198211
15.28 0.03093753
15.29 0.02913126
15.3 0.02630403
15.31 0.02338134
15.32 0.02086317
15.33 0.02005765
15.34 0.02063418
15.35 0.02121262
15.36 0.02107876
15.37 0.01950953
15.38 0.01666053
15.39 0.0126171
15.4 0.007298407
15.41 0.001845535
15.42 -0.00351318
15.43 -0.008303664
15.44 -0.01113415
15.45 -0.01289661
15.46 -0.01427247
15.47 -0.01451672
15.48 -0.01462546
15.49 -0.01544794
15.5 -0.01715546
15.51 -0.01872578
15.52 -0.02056236
15.53 -0.02272318
15.54 -0.02503171
15.55 -0.02579491
15.56 -0.02507706
15.57 -0.02236588
15.58 -0.01526462
15.59 -0.005669026
15.6 0.003617704
15.61 0.01092664
15.62 0.01407002
15.63 0.01610946
15.64 0.01754454
15.65 0.01754215
15.66 0.01665322
15.67 0.01464696
15.68 0.01207193
15.69 0.008856691
15.7 0.006237503
15.71 0.003782738
15.72 0.001068279
15.73 -0.002170086
15.74 -0.005473479
15.75 -0.007237701
15.76 -0.007629178
15.77 -0.007595348
15.78 -0.008611819
15.79 -0.01007525
15.8 -0.01044021
15.81 -0.009791317
15.82 -0.00861665
15.83 -0.006614589
15.84 -0.004244227
15.85 -0.001935914
15.86 -0.0008356797
15.87 -0.0005911511
15.88 -0.0006412727
15.89 -0.001075703
15.9 -0.003591419
15.91 -0.007087955
15.92 -0.009702864
15.93 -0.01166648
15.94 -0.01288837
15.95 -0.01369845
15.96 -0.01309995
15.97 -0.01033801
15.98 -0.00567544
15.99 0.001087182
16 0.006175415
16.01 0.01053188
16.02 0.01388114
16.03 0.01472681
16.04 0.01516751
16.05 0.01642189
16.06 0.01821192
16.07 0.01911024
16.08 0.01927711
16.09 0.02062942
16.1 0.0222095
16.11 0.02444539
16.12 0.0271414
16.13 0.03050853
16.14 0.03340312
16.15 0.03483725
16.16 0.03586534
16.17 0.03649742
16.18 0.03552631
16.19 0.03180936
16.2 0.02652085
16.21 0.02290649
16.22 0.01892758
16.23 0.01374209
16.24 0.007485939
16.25 0.002338921
16.26 -0.0006542303
16.27 -0.001057933
16.28 -0.0008757062
16.29 -0.0012433
16.3 -0.000943516
16.31 -0.0008765681
16.32 -0.002344649
16.33 -0.004352585
16.34 -0.006085948
16.35 -0.00783406
16.36 -0.008999416
16.37 -0.008415396
16.38 -0.00648863
16.39 -0.003535739
16.4 -0.0006423519
16.41 0.001469615
16.42 0.002839193
16.43 0.003744716
16.44 0.005110629
16.45 0.006086552
16.46 0.006045749
16.47 0.006701136
16.48 0.009541968
16.49 0.01279873
16.5 0.01526321
16.51 0.01574304
16.52 0.01545807
16.53 0.01537009
16.54 0.01468113
16.55 0.01329812
16.56 0.01186476
16.57 0.01089635
16.58 0.01070872
16.59 0.01172127
16.6 0.0133157
16.61 0.01426816
16.62 0.01514746
16.63 0.01517015
16.64 0.01525203
16.65 0.01574409
16.66 0.01687844
16.67 0.01778414
16.68 0.01847548
16.69 0.01778533
16.7 0.01456226
16.71 0.01008697
16.72 0.004776547
16.73 -0.0004611983
16.74 -0.003779723
16.75 -0.006296346
16.76 -0.0073201
16.77 -0.006949358
16.78 -0.006052139
16.79 -0.003412678
16.8 0.0009232931
16.81 0.005010628
16.82 0.00636449
16.83 0.003238131
16.84 -0.002496052
16.85 -0.009009914
16.86 -0.01530628
16.87 -0.02070364
16.88 -0.02420659
16.89 -0.02532984
16.9 -0.02449443
16.91 -0.02192858
16.92 -0.01886148
16.93 -0.01555316
16.94 -0.01275425
16.95 -0.009471744
16.96 -0.007534445
16.97 -0.008109287
16.98 -0.009453665
16.99 -0.01111686
17 -0.013655
17.01 -0.01534051
17.02 -0.0155636
17.03 -0.01410431
17.04 -0.01175243
17.05 -0.008129738
17.06 -0.004079319
17.07 -0.002139409
17.08 -0.002040309
17.09 -0.001696674
17.1 -0.001304127
17.11 -0.0006354532
17.12 -4.278992e-05
17.13 -5.604968e-05
17.14 -0.0007892855
17.15 0.0003669698
17.16 0.00295508
17.17 0.005400418
17.18 0.007271733
17.19 0.008986342
17.2 0.01081543
17.21 0.01168498
17.22 0.01022726
17.23 0.006914592
17.24 0.004367745
17.25 0.001626175
17.26 -0.001621758
17.27 -0.002549154
17.28 -0.002113454
17.29 -0.001654199
17.3 0.001182548
17.31 0.005377755
17.32 0.008694378
17.33 0.01133681
17.34 0.01285142
17.35 0.01288912
17.36 0.01094048
17.37 0.007482493
17.38 0.003695944
17.39 -0.0002404976
17.4 -0.004111792
17.41 -0.006518634
17.42 -0.008254894
17.43 -0.01008561
17.44 -0.01189577
17.45 -0.0129972
17.46 -0.0133771
17.47 -0.01292857
17.48 -0.01254489
17.49 -0.01253781
17.5 -0.01252649
17.51 -0.01234202
17.52 -0.01239135
17.53 -0.01201293
17.54 -0.01129683
17.55 -0.009811303
17.56 -0.00770323
17.57 -0.006421698
17.58 -0.005962789
17.59 -0.00633905
17.6 -0.00620024
17.61 -0.006565792
17.62 -0.007548444
17.63 -0.008823055
17.64 -0.008867129
17.65 -0.006629325
17.66 -0.0032944
17.67 -0.0001931129
17.68 0.002629403
17.69 0.005191922
17.7 0.007226436
17.71 0.007740196
17.72 0.006988382
17.73 0.004101476
17.74 0.0006062171
17.75 -0.00267799
17.76 -0.005625564
17.77 -0.00761797
17.78 -0.009758512
17.79 -0.01223245
17.8 -0.01203373
17.81 -0.009209251
17.82 -0.005238722
17.83 -0.001129261
17.84 0.003616707
17.85 0.007552266
17.86 0.01032843
17.87 0.01106071
17.88 0.009484077
17.89 0.007141427
17.9 0.004894251
17.91 0.00314833
17.92 0.0008745306
17.93 -0.0004542026
17.94 0.0001147051
17.95 0.00186181
17.96 0.003628591
17.97 0.006147362
17.98 0.007304256
17.99 0.007323545
18 0.007550326
18.01 0.006940945
18.02 0.005761197
18.03 0.005056378
18.04 0.004239268
18.05 0.003032692
18.06 0.00221259
18.07 0.002696468
18.08 0.004704848
18.09 0.007149996
18.1 0.008475606
18.11 0.009128465
18.12 0.009270648
18.13 0.007254298
18.14 0.003748937
18.15 0.001464912
18.16 -0.0001210915
18.17 -0.001783395
18.18 -0.003535567
18.19 -0.005620221
18.2 -0.006370833
18.21 -0.004693922
18.22 -0.002684846
18.23 -0.0008027018
18.24 0.002019973
18.25 0.005273739
18.26 0.006959168
18.27 0.004897743
18.28 0.0003198195
18.29 -0.004267876
18.3 -0.009599333
18.31 -0.01484219
18.32 -0.01817115
18.33 -0.02011541
18.34 -0.02185365
18.35 -0.02292831
18.36 -0.02319767
18.37 -0.02326639
18.38 -0.02335125
18.39 -0.02375371
18.4 -0.02459044
18.41 -0.02403102
18.42 -0.02242422
18.43 -0.02090758
18.44 -0.01732297
18.45 -0.0126912
18.46 -0.008171856
18.47 -0.003757193
18.48 -0.001210639
18.49 0.0003430648
18.5 0.001520567
18.51 0.001844405
18.52 0.002230523
18.53 0.003566795
18.54 0.005085228
18.55 0.006198602
18.56 0.006765926
18.57 0.007250037
18.58 0.007591401
18.59 0.007352529
18.6 0.00602835
18.61 0.003775288
18.62 0.001861105
18.63 0.001529631
18.64 0.001860643
18.65 0.002864548
18.66 0.005724788
18.67 0.008501489
18.68 0.009637443
18.69 0.009470483
18.7 0.008115043
18.71 0.006140692
18.72 0.004574746
18.73 0.002278059
18.74 -0.0007508233
18.75 -0.003439037
18.76 -0.005549994
18.77 -0.00715185
18.78 -0.009065037
18.79 -0.01028695
18.8 -0.01002825
18.81 -0.01002976
18.82 -0.009787347
18.83 -0.009055004
18.84 -0.00720941
18.85 -0.005055231
18.86 -0.003943794
18.87 -0.004570282
18.88 -0.007301614
18.89 -0.009638959
18.9 -0.0117141
18.91 -0.01428406
18.92 -0.01496031
18.93 -0.01545789
18.94 -0.01588277
18.95 -0.01552258
18.96 -0.01506601
18.97 -0.01498525
18.98 -0.01444412
18.99 -0.01403488
19 -0.01382128
19.01 -0.0133444
19.02 -0.01131368
19.03 -0.008356464
19.04 -0.005126423
19.05 -0.001573713
19.06 0.002169221
19.07 0.006007788
19.08 0.01150676
19.09 0.01763549
19.1 0.02106752
19.11 0.02269618
19.12 0.02259315
19.13 0.02094493
19.14 0.01811436
19.15 0.0155118
19.16 0.0151926
19.17 0.01553279
19.18 0.0147259
19.19 0.01370015
19.2 0.01320933
19.21 0.01254669
19.22 0.01124184
19.23 0.008593883
19.24 0.00600994
19.25 0.003664771
19.26 0.002420953
19.27 0.001211943
19.28 -0.0005230948
19.29 -0.002505837
19.3 -0.003402203
19.31 -0.002870779
19.32 -0.002283178
19.33 -0.002429413
19.34 -0.002769447
19.35 -0.003285076
19.36 -0.003408037
19.37 -0.00250567
19.38 -0.001075288
19.39 0.0004827159
19.4 0.001939745
19.41 0.003485604
19.42 0.005517139
19.43 0.007497126
19.44 0.009426777
19.45 0.01091565
19.46 0.01207926
19.47 0.01284492
19.48 0.01252202
19.49 0.01252852
19.5 0.0123817
19.51 0.01256849
19.52 0.01274242
19.53 0.01164434
19.54 0.009497524
19.55 0.007678975
19.56 0.005764571
19.57 0.003420649
19.58 0.002025865
19.59 0.0003836216
19.6 -0.001292995
19.61 -0.00228505
19.62 -0.001772458
19.63 -0.0007112958
19.64 0.0005072766
19.65 0.002526562
19.66 0.004096606
19.67 0.004678863
19.68 0.003356443
19.69 0.001846577
19.7 -0.0003326385
19.71 -0.002709715
19.72 -0.004278967
19.73 -0.005805826
19.74 -0.007361714
19.75 -0.008503183
19.76 -0.008712175
19.77 -0.009880406
19.78 -0.01183155
19.79 -0.01263788
19.8 -0.01275515
19.81 -0.01284114
19.82 -0.01177416
19.83 -0.009537685
19.84 -0.007637036
19.85 -0.006859507
19.86 -0.006586702
19.87 -0.00683047
19.88 -0.006529945
19.89 -0.006525739
19.9 -0.007004972
19.91 -0.007554404
19.92 -0.007287056
19.93 -0.007225957
19.94 -0.006969308
19.95 -0.005656114
19.96 -0.004027574
19.97 -0.00378315
19.98 -0.003647224
19.99 -0.003290583
20 -0.002082835
20.01 0.0002577497
20.02 0.002508929
20.03 0.005217998
20.04 0.008532633
20.05 0.01055906
20.06 0.01057162
20.07 0.009827853
20.08 0.01034869
20.09 0.01095341
20.1 0.01084331
20.11 0.01073773
20.12 0.01127693
20.13 0.01165674
20.14 0.01239009
20.15 0.01397358
20.16 0.01589402
20.17 0.01783062
20.18 0.01950639
20.19 0.02020036
20.2 0.01964785
20.21 0.0184166
20.22 0.0168807
20.23 0.01416336
20.24 0.0109536
20.25 0.008744683
20.26 0.006763562
20.27 0.006544039
20.28 0.005937701
20.29 0.004353997
20.3 0.003016225
20.31 0.002885595
20.32 0.002298216
20.33 0.0004053314
20.34 -0.0007017988
20.35 -0.001203476
20.36 -0.00174172
20.37 -0.002170156
20.38 -0.003417235
20.39 -0.005144574
20.4 -0.007617121
20.41 -0.009736933
20.42 -0.01127208
20.43 -0.01261269
20.44 -0.01258369
20.45 -0.01115573
20.46 -0.00875626
20.47 -0.005370588
20.48 -0.001465854
20.49 0.0006467044
20.5 0.0004566803
20.51 0.0001350932
20.52 -0.0003188705
20.53 -0.002097787
20.54 -0.00314266
20.55 -0.003400481
20.56 -0.002831592
20.57 -0.002191815
20.58 -0.001425917
20.59 -0.0003132358
20.6 0.001169789
20.61 0.003106307
20.62 0.004704985
20.63 0.00560791
20.64 0.006630734
20.65 0.006629977
20.66 0.007231498
20.67 0.008009123
20.68 0.007627067
20.69 0.005466949
20.7 0.003353033
20.71 0.001590208
20.72 -4.339766e-05
20.73 -0.0003389001
20.74 0.0003941748
20.75 0.002885552
20.76 0.006547578
20.77 0.009089624
20.78 0.009450745
20.79 0.008293026
20.8 0.006218778
20.81 0.002183621
20.82 -0.001740896
20.83 -0.004162868
20.84 -0.00556766
20.85 -0.006858667
20.86 -0.007463357
20.87 -0.006808706
20.88 -0.00524411
20.89 -0.004420627
20.9 -0.003705787
20.91 -0.003420055
20.92 -0.003453796
20.93 -0.005066299
20.94 -0.007806725
20.95 -0.00939119
20.96 -0.00981361
20.97 -0.00987713
20.98 -0.009669899
20.99 -0.009416953
21 -0.008879481
21.01 -0.008988133
21.02 -0.009620222
21.03 -0.01060445
21.04 -0.01175269
21.05 -0.01217443
21.06 -0.0124753
21.07 -0.01292159
21.08 -0.0129647
21.09 -0.0133168
21.1 -0.01265787
21.11 -0.01118871
21.12 -0.01009969
21.13 -0.008657981
21.14 -0.006770431
21.15 -0.003452638
21.16 -0.0003379961
21.17 0.001314993
21.18 0.002853098
21.19 0.002969167
21.2 0.003220407
21.21 0.002773373
21.22 0.002382573
21.23 0.002346715
21.24 0.003392371
21.25 0.004350945
21.26 0.00556631
21.27 0.007994143
21.28 0.009029709
21.29 0.008972589
21.3 0.008893698
21.31 0.008712099
21.32 0.007209484
21.33 0.004764763
21.34 0.002981571
21.35 0.002027967
21.36 0.001240101
21.37 0.0004872268
21.38 0.000479659
21.39 0.002114062
21.4 0.004122674
21.41 0.00442662
21.42 0.004344614
21.43 0.004229883
21.44 0.003644378
21.45 0.003115224
21.46 0.0023865
21.47 0.001914227
21.48 0.002013906
21.49 0.003141477
21.5 0.004330912
21.51 0.005954234
21.52 0.008105992
21.53 0.009052828
21.54 0.009147029
21.55 0.009020381
21.56 0.008283819
21.57 0.007766717
21.58 0.008520866
21.59 0.009557158
21.6 0.01036162
21.61 0.0106739
21.62 0.009603242
21.63 0.008497808
21.64 0.005686525
21.65 0.002177236
21.66 -9.403877e-05
21.67 -0.001585312
21.68 -0.003381456
21.69 -0.005065418
21.7 -0.005876771
21.71 -0.005154309
21.72 -0.003806742
21.73 -0.002751475
21.74 -0.002543119
21.75 -0.002644508
21.76 -0.0023199
21.77 -0.001910215
21.78 -0.00284288
21.79 -0.004328224
21.8 -0.004644071
21.81 -0.003865212
21.82 -0.002106776
21.83 -0.0005791428
21.84 0.000732961
21.85 0.003028664
21.86 0.004851129
21.87 0.005639584
21.88 0.006132787
21.89 0.007042008
21.9 0.007473114
21.91 0.007132448
21.92 0.00657119
21.93 0.005208917
21.94 0.004281869
21.95 0.003330343
21.96 0.001705847
21.97 0.0003741356
21.98 -0.0002939458
21.99 -0.0005189745
22 -7.729265e-05
22.01 -5.351228e-05
22.02 0.0001229964
22.03 0.0008469743
22.04 0.001748998
22.05 0.00237886
22.06 0.002779312
22.07 0.002698825
22.08 0.001751865
22.09 0.000928686
22.1 0.0004556023
22.11 -0.0005168192
22.12 -0.001464737
22.13 -0.001913955
22.14 -0.002459624
22.15 -0.002702725
22.16 -0.001654807
22.17 -0.0004327327
22.18 -0.0006333001
22.19 -0.001207334
22.2 -0.001491476
22.21 -0.002168556
22.22 -0.003224658
22.23 -0.003889743
22.24 -0.003547202
22.25 -0.003651309
22.26 -0.003295437
22.27 -0.002042834
22.28 -0.002303013
22.29 -0.002778821
22.3 -0.002119259
22.31 -0.002267416
22.32 -0.002707297
22.33 -0.003387415
22.34 -0.004228955
22.35 -0.005204984
22.36 -0.006251754
22.37 -0.006694542
22.38 -0.006795763
22.39 -0.006230622
22.4 -0.005032027
22.41 -0.003037545
22.42 -0.0007814299
22.43 0.001039062
22.44 0.001550869
22.45 0.001985764
22.46 0.002697666
22.47 0.003375238
22.48 0.002624738
22.49 0.002109791
22.5 0.002538042
22.51 0.002680018
22.52 0.0020856
22.53 0.00128557
22.54 0.0006333243
22.55 0.0003444017
22.56 -0.001058221
22.57 -0.002653238
22.58 -0.003126288
22.59 -0.003077216
22.6 -0.003028486
22.61 -0.002472187
22.62 -0.0014972
22.63 0.0007478653
22.64 0.002045117
22.65 0.002341427
22.66 0.002783598
22.67 0.002445231
22.68 4.702133e-05
22.69 -0.002926157
22.7 -0.005062619
22.71 -0.007120095
22.72 -0.008316148
22.73 -0.008097429
22.74 -0.007981087
22.75 -0.007477162
22.76 -0.006481804
22.77 -0.005104995
22.78 -0.004929843
22.79 -0.005050827
22.8 -0.004773055
22.81 -0.005792174
22.82 -0.007107601
22.83 -0.007819673
22.84 -0.008384483
22.85 -0.008738519
22.86 -0.008226988
22.87 -0.006616878
22.88 -0.003633059
22.89 -0.0006921981
22.9 0.00160034
22.91 0.002407851
22.92 0.002180745
22.93 0.002921091
22.94 0.003663153
22.95 0.004204651
22.96 0.004344627
22.97 0.003733073
22.98 0.0031212
22.99 0.002604999
23 0.001797331
23.01 0.001352474
23.02 0.0009817369
23.03 0.0003960471
23.04 0.0002462245
23.05 0.0009382949
23.06 0.002434526
23.07 0.00304397
23.08 0.003610235
23.09 0.005661567
23.1 0.006806587
23.11 0.005920096
23.12 0.004075014
23.13 0.002457002
23.14 -0.0001338102
23.15 -0.002767934
23.16 -0.004601368
23.17 -0.006376963
23.18 -0.007897097
23.19 -0.009656752
23.2 -0.01082668
23.21 -0.009806675
23.22 -0.008471272
23.23 -0.007030611
23.24 -0.005933152
23.25 -0.005546851
23.26 -0.004504385
23.27 -0.002366812
23.28 -0.002303955
23.29 -0.003103259
23.3 -0.002820904
23.31 -0.001832092
23.32 -0.000704981
23.33 0.001056734
23.34 0.002530055
23.35 0.003647964
23.36 0.004308753
23.37 0.004934473
23.38 0.005643484
23.39 0.00552905
23.4 0.004390887
23.41 0.004262336
23.42 0.004495803
23.43 0.004896273
23.44 0.00432661
23.45 0.003892119
23.46 0.004420406
23.47 0.005660394
23.48 0.007867276
23.49 0.009355084
23.5 0.009455449
23.51 0.008983905
23.52 0.008955978
23.53 0.008808664
23.54 0.00842969
23.55 0.008133679
23.56 0.008137665
23.57 0.007357762
23.58 0.006571935
23.59 0.006371955
23.6 0.005170989
23.61 0.004119185
23.62 0.003698983
23.63 0.003317864
23.64 0.003018798
23.65 0.003292446
23.66 0.003740904
23.67 0.004413089
23.68 0.005665828
23.69 0.006432075
23.7 0.006971234
23.71 0.007805089
23.72 0.008374263
23.73 0.007032124
23.74 0.005209841
23.75 0.004824472
23.76 0.00470145
23.77 0.004814152
23.78 0.004748966
23.79 0.004947119
23.8 0.004956997
23.81 0.004744074
23.82 0.005210282
23.83 0.007162036
23.84 0.009263811
23.85 0.009952036
23.86 0.01064234
23.87 0.01060889
23.88 0.009255464
23.89 0.007004619
23.9 0.004332666
23.91 0.002233093
23.92 0.0007845658
23.93 0.000214157
23.94 0.0002516221
23.95 0.0004653037
23.96 0.0009330517
23.97 0.002028912
23.98 0.002743185
23.99 0.002103434
24 0.0007160898
24.01 -0.001679582
24.02 -0.00431112
24.03 -0.005969242
24.04 -0.008097728
24.05 -0.009440283
24.06 -0.01023305
24.07 -0.01098618
24.08 -0.01008654
24.09 -0.009153643
24.1 -0.008839131
24.11 -0.007701475
24.12 -0.005985087
24.13 -0.005128636
24.14 -0.005198027
24.15 -0.005505806
24.16 -0.005786104
24.17 -0.005976115
24.18 -0.00683571
24.19 -0.007357975
24.2 -0.006378741
24.21 -0.004782992
24.22 -0.003460286
24.23 -0.001848589
24.24 0.001065253
24.25 0.003480742
24.26 0.005308984
24.27 0.006007477
24.28 0.005829781
24.29 0.00475302
24.3 0.002004767
24.31 0.0002408631
24.32 -0.0002133357
24.33 -0.00123884
24.34 -0.00193616
24.35 -0.002372513
24.36 -0.00286811
24.37 -0.003135932
24.38 -0.003644958
24.39 -0.00437037
24.4 -0.00535376
24.41 -0.007518055
24.42 -0.009494564
24.43 -0.01165741
24.44 -0.01347507
24.45 -0.01537067
24.46 -0.01742002
24.47 -0.01735955
24.48 -0.01593071
24.49 -0.01499905
24.5 -0.01371691
24.51 -0.01222624
24.52 -0.01074887
24.53 -0.009340721
24.54 -0.00831437
24.55 -0.007689738
24.56 -0.006816898
24.57 -0.005484538
24.58 -0.004280353
24.59 -0.004139231
24.6 -0.004839084
24.61 -0.00465056
24.62 -0.004000118
24.63 -0.004710176
24.64 -0.004444465
24.65 -0.003396668
24.66 -0.001990111
24.67 0.0006040919
24.68 0.001767314
24.69 0.001471776
24.7 0.0009225094
24.71 0.0001186246
24.72 -0.0007834044
24.73 -0.001683872
24.74 -0.002153234
24.75 -0.001991522
24.76 -0.001576975
24.77 -0.0004102
24.78 0.0005686569
24.79 -0.001017197
24.8 -0.00259251
24.81 -0.002857167
24.82 -0.003705965
24.83 -0.00468944
24.84 -0.00549636
24.85 -0.006178196
24.86 -0.006132481
24.87 -0.005932725
24.88 -0.006678363
24.89 -0.007051615
24.9 -0.006641041
24.91 -0.006549957
24.92 -0.007462341
24.93 -0.008138639
24.94 -0.00817023
24.95 -0.008373479
24.96 -0.008246895
24.97 -0.007871082
24.98 -0.006952555
24.99 -0.0051595
25 -0.003855762
25.01 -0.003725029
25.02 -0.003412572
25.03 -0.003232156
25.04 -0.00377788
25.05 -0.004341502
25.06 -0.004747903
25.07 -0.003658991
25.08 -0.002706107
25.09 -0.001409762
25.1 0.0001504579
25.11 0.002915531
25.12 0.005742844
25.13 0.006957401
25.14 0.007088417
25.15 0.007065877
25.16 0.007835679
25.17 0.00712762
25.18 0.005509639
25.19 0.00497679
25.2 0.004450852
25.21 0.003299276
25.22 0.00248603
25.23 0.001500886
25.24 0.0003226027
25.25 5.760956e-06
25.26 0.0008934213
25.27 0.003084344
25.28 0.005928003
25.29 0.006922327
25.3 0.008429151
25.31 0.01082297
25.32 0.01049266
25.33 0.00840196
25.34 0.006477694
25.35 0.005067668
25.36 0.00307299
25.37 0.0009829321
25.38 -0.001113507
25.39 -0.002993839
25.4 -0.004967763
25.41 -0.00642853
25.42 -0.007095227
25.43 -0.007365217
25.44 -0.006717653
25.45 -0.005927991
25.46 -0.004680256
25.47 -0.003494078
25.48 -0.002531427
25.49 -0.001766078
25.5 -0.001958752
25.51 -0.002362878
25.52 -0.002623303
25.53 -0.002862891
25.54 -0.002388719
25.55 2.417168e-05
25.56 0.002427767
25.57 0.004670882
25.58 0.006343427
25.59 0.006724057
25.6 0.007218027
25.61 0.007831939
25.62 0.007556424
25.63 0.006105813
25.64 0.004563014
25.65 0.004084128
25.66 0.004807772
25.67 0.005962044
25.68 0.005945519
25.69 0.005839672
25.7 0.006320044
25.71 0.006557018
25.72 0.006469317
25.73 0.006431864
25.74 0.006490114
25.75 0.006206309
25.76 0.006120014
25.77 0.006263177
25.78 0.005146028
25.79 0.003113637
25.8 0.002138108
25.81 0.0023963
25.82 0.002647902
25.83 0.004430464
25.84 0.006487013
25.85 0.006942793
25.86 0.007197453
25.87 0.00769327
25.88 0.007828801
25.89 0.007609696
25.9 0.006895273
25.91 0.006546698
25.92 0.006662016
25.93 0.007162805
25.94 0.007499901
25.95 0.008338832
25.96 0.01014414
25.97 0.01130653
25.98 0.01231013
25.99 0.01429503
26 0.01503484
26.01 0.01460679
26.02 0.01292161
26.03 0.01082293
26.04 0.008717475
26.05 0.005514332
26.06 0.00299554
26.07 0.001941514
26.08 0.0009166222
26.09 -0.0002067789
26.1 -0.0009548136
26.11 -0.001580552
26.12 -0.002020642
26.13 -0.002060656
26.14 -0.002331535
26.15 -0.002750285
26.16 -0.002841762
26.17 -0.003360392
26.18 -0.004101199
26.19 -0.00542191
26.2 -0.006396639
26.21 -0.006349552
26.22 -0.005618529
26.23 -0.003708349
26.24 -0.00226584
26.25 -0.001203679
26.26 0.0001403021
26.27 0.00163405
26.28 0.002372904
26.29 0.002440749
26.3 0.002473289
26.31 0.002261345
26.32 0.002270564
26.33 0.003056331
26.34 0.002898373
26.35 0.002497106
26.36 0.002896277
26.37 0.003087163
26.38 0.002830125
26.39 0.002894058
26.4 0.00302886
26.41 0.003142847
26.42 0.003130998
26.43 0.00295427
26.44 0.002550353
26.45 0.002508238
26.46 0.001797531
26.47 0.001543982
26.48 0.000474264
26.49 -0.001904602
26.5 -0.003464333
26.51 -0.00527302
26.52 -0.006972135
26.53 -0.007343009
26.54 -0.00706809
26.55 -0.00701606
26.56 -0.007033063
26.57 -0.006734074
26.58 -0.006444557
26.59 -0.005906494
26.6 -0.005041434
26.61 -0.004251707
26.62 -0.004157517
26.63 -0.004282315
26.64 -0.004563992
26.65 -0.004451094
26.66 -0.003593464
26.67 -0.003189
26.68 -0.00299629
26.69 -0.003172082
26.7 -0.003824778
26.71 -0.004576963
26.72 -0.005459013
26.73 -0.005666869
26.74 -0.006509519
26.75 -0.007046278
26.76 -0.00641265
26.77 -0.004125205
26.78 -0.002305378
26.79 -0.002259723
26.8 -0.002533768
26.81 -0.002637455
26.82 -0.003363508
26.83 -0.003315174
26.84 -0.002556418
26.85 -0.003156663
26.86 -0.003763507
26.87 -0.003103581
26.88 -0.00219226
26.89 -0.002161922
26.9 -0.002326599
26.91 -0.002052459
26.92 -0.001954254
26.93 -0.001971423
26.94 -0.001843218
26.95 -0.001766352
26.96 -0.001779257
26.97 -0.001789339
26.98 -0.002205998
26.99 -0.002936214
27 -0.00315213
27.01 -0.003407685
27.02 -0.003677695
27.03 -0.003133788
27.04 -0.002698876
27.05 -0.003422669
27.06 -0.004125902
27.07 -0.005119452
27.08 -0.005515286
27.09 -0.005484679
27.1 -0.005430797
27.11 -0.005460756
27.12 -0.005145046
27.13 -0.003794772
27.14 -0.003029122
27.15 -0.002709235
27.16 -0.001712187
27.17 -0.001270418
27.18 -0.0006252883
27.19 -0.0008183945
27.2 -0.001646754
27.21 -0.001793446
27.22 -0.001357225
27.23 -0.001253924
27.24 -0.0009455177
27.25 0.0001026025
27.26 0.001417902
27.27 0.00230633
27.28 0.002037994
27.29 0.001008673
27.3 0.0009454828
27.31 0.001632546
27.32 0.001637214
27.33 0.002439011
27.34 0.003040321
27.35 0.003129831
27.36 0.003127837
27.37 0.003209654
27.38 0.003549326
27.39 0.003144417
27.4 0.00150744
27.41 5.131254e-05
27.42 -0.0003510282
27.43 0.0001076958
27.44 0.001322056
27.45 0.003201425
27.46 0.004178037
27.47 0.004678653
27.48 0.004506075
27.49 0.004287829
27.5 0.004170845
27.51 0.003733894
27.52 0.00278932
27.53 0.001921427
27.54 0.0009706159
27.55 0.0005558047
27.56 0.001978087
27.57 0.003439969
27.58 0.004352571
27.59 0.005402919
27.6 0.006688685
27.61 0.00800422
27.62 0.008203465
27.63 0.008159794
27.64 0.008375266
27.65 0.008524655
27.66 0.008891749
27.67 0.009221592
27.68 0.009333811
27.69 0.009819066
27.7 0.01013539
27.71 0.009941824
27.72 0.009304892
27.73 0.009334181
27.74 0.009811806
27.75 0.01066
27.76 0.01108514
27.77 0.01012615
27.78 0.008619394
27.79 0.006807474
27.8 0.004961553
27.81 0.0044663
27.82 0.004003041
27.83 0.00320773
27.84 0.001364491
27.85 -0.0004573816
27.86 -0.001336186
27.87 -0.00168258
27.88 -0.001976962
27.89 -0.001869576
27.9 -0.000976437
27.91 -0.0005166449
27.92 -0.0002874798
27.93 -0.001412673
27.94 -0.004046483
27.95 -0.006154161
27.96 -0.007161606
27.97 -0.007537169
27.98 -0.006001239
27.99 -0.00420612
28 -0.003084638
28.01 -0.0009989983
28.02 0.001302989
28.03 0.002585146
28.04 0.003754495
28.05 0.004629047
28.06 0.005188233
28.07 0.005280351
28.08 0.004822801
28.09 0.004473758
28.1 0.00383555
28.11 0.002564089
28.12 0.001151982
28.13 0.000371929
28.14 -0.001638341
28.15 -0.003771594
28.16 -0.003537299
28.17 -0.003151617
28.18 -0.003374184
28.19 -0.003090112
28.2 -0.002276254
28.21 -0.002058781
28.22 -0.002929042
28.23 -0.002923945
28.24 -0.002555149
28.25 -0.001066842
28.26 0.0004630106
28.27 0.001161861
28.28 0.0009538857
28.29 0.0008823951
28.3 0.001473926
28.31 0.002158242
28.32 0.002475749
28.33 0.001797812
28.34 0.0007298471
28.35 -0.0005695301
28.36 -0.002308019
28.37 -0.003455558
28.38 -0.003529261
28.39 -0.003312995
28.4 -0.00307244
28.41 -0.001855127
28.42 -0.0002303548
28.43 0.0003233581
28.44 -0.0002750824
28.45 -0.0007424815
28.46 -0.001112687
28.47 -0.002045739
28.48 -0.002847499
28.49 -0.003496309
28.5 -0.004175874
28.51 -0.005775059
28.52 -0.007283847
28.53 -0.007385138
28.54 -0.007453645
28.55 -0.007900331
28.56 -0.007915086
28.57 -0.007584305
28.58 -0.006767373
28.59 -0.005494146
28.6 -0.00331255
28.61 -0.001905339
28.62 -0.001231958
28.63 -0.0005786806
28.64 -0.0007655597
28.65 -0.001775763
28.66 -0.001513291
28.67 0.0002267987
28.68 0.001311241
28.69 0.001370605
28.7 0.001833637
28.71 0.002646701
28.72 0.003441026
28.73 0.004101364
28.74 0.004475691
28.75 0.004467057
28.76 0.005053681
28.77 0.005600409
28.78 0.00514986
28.79 0.004063915
28.8 0.003013092
28.81 0.002578104
28.82 0.002218971
28.83 0.001668006
28.84 0.0009519911
28.85 0.0004191666
28.86 -0.0006513541
28.87 -0.001994174
28.88 -0.003311175
28.89 -0.005362851
28.9 -0.007075308
28.91 -0.008291702
28.92 -0.008868472
28.93 -0.008747515
28.94 -0.008009764
28.95 -0.006853975
28.96 -0.005651479
28.97 -0.004079267
28.98 -0.00210024
28.99 -0.0008198419
29 -0.0003466908
29.01 0.0001180254
29.02 0.0007194796
29.03 0.001266171
29.04 0.001735298
29.05 0.002035717
29.06 0.002622909
29.07 0.002792795
29.08 0.002791995
29.09 0.003362978
29.1 0.004103738
29.11 0.004782653
29.12 0.005226673
29.13 0.005386997
29.14 0.005074433
29.15 0.004928595
29.16 0.005459147
29.17 0.005668007
29.18 0.005106202
29.19 0.004426965
29.2 0.003532544
29.21 0.002023373
29.22 0.0009994252
29.23 0.0006013523
29.24 -0.0007537718
29.25 -0.002042203
29.26 -0.002095976
29.27 -0.002043124
29.28 -0.002407507
29.29 -0.003362669
29.3 -0.003868659
29.31 -0.003497587
29.32 -0.003193406
29.33 -0.002484435
29.34 -0.001731882
29.35 -0.001514522
29.36 -0.00141708
29.37 -0.001497982
29.38 -0.001829448
29.39 -0.001874018
29.4 -0.001862285
29.41 -0.002303997
29.42 -0.00286456
29.43 -0.003309824
29.44 -0.003748119
29.45 -0.003671638
29.46 -0.003402275
29.47 -0.003101333
29.48 -0.00272189
29.49 -0.002165673
29.5 -0.001628473
29.51 -0.001293329
29.52 -0.001051777
29.53 -0.0008211801
29.54 -0.0009861423
29.55 -0.001105531
29.56 -0.001072076
29.57 -0.0009267216
29.58 -0.0008628536
29.59 -0.0008152921
29.6 -0.0007759111
29.61 -0.0008399903
29.62 -0.001193047
29.63 -0.001777291
29.64 -0.002440367
29.65 -0.002671741
29.66 -0.002524468
29.67 -0.002281119
29.68 -0.00217447
29.69 -0.002179257
29.7 -0.002087547
29.71 -0.00204742
29.72 -0.002013905
29.73 -0.00190759
29.74 -0.001811769
29.75 -0.001736762
29.76 -0.001621705
29.77 -0.00129789
29.78 -0.000984862
29.79 -0.001012729
29.8 -0.001095448
29.81 -0.0009377004
29.82 -0.0008680146
29.83 -0.0009278284
29.84 -0.001076167
29.85 -0.001101626
29.86 -0.001102376
29.87 -0.001044441
29.88 -0.001217568
29.89 -0.001474081
29.9 -0.001372097
29.91 -0.001193534
29.92 -0.001217164
29.93 -0.001036908
29.94 -0.0007617099
29.95 -0.0005865971
29.96 -0.0003281771
29.97 -6.467713e-05
29.98 8.655022e-05
29.99 0.0004054017
30 0.0007070339
30.01 0.000729165
30.02 0.0005865553
30.03 0.0005203202
30.04 0.0005366117
30.05 0.0005074912
30.06 0.0005132091
30.07 0.0006484542
30.08 0.0007907744
30.09 0.000950117
30.1 0.0009353461
30.11 0.0008229911
30.12 0.0007791305
30.13 0.0006324877
30.14 0.0004736991
30.15 0.0003892342
30.16 0.0003984607
30.17 0.0004989738
30.18 0.0005340266
30.19 0.000577794
30.2 0.000594424
30.21 0.0006521048
30.22 0.0006844611
30.23 0.0007193138
30.24 0.0008049486
30.25 0.0008428492
30.26 0.0008662354
30.27 0.0009184257
30.28 0.0009383536
30.29 0.0009378493
30.3 0.0009329198
30.31 0.0009478937
30.32 0.0009204928
30.33 0.0008840392
30.34 0.000886033
30.35 0.0008948115
30.36 0.0008964038
30.37 0.0009075735
30.38 0.0009018107
30.39 0.0008926894
30.4 0.0008903725
30.41 0.0008859967
30.42 0.0008597312
30.43 0.0008332959
30.44 0.000815633
30.45 0.0008072031
30.46 0.0008155095
30.47 0.0008402171
30.48 0.0008631374
30.49 0.0008584213
30.5 0.0008672117
30.51 0.0008881439
30.52 0.000880975
30.53 0.0008613118
30.54 0.0008361936
30.55 0.0008032161
30.56 0.0007665897
30.57 0.00073399
30.58 0.0007143403
30.59 0.0006929729
30.6 0.0006627133
30.61 0.0006388294
30.62 0.0006200686
30.63 0.0005962668
30.64 0.000564352
30.65 0.0005335468
30.66 0.0005064447
30.67 0.0004851526
30.68 0.0004648043
30.69 0.0004439321
30.7 0.0004256204
30.71 0.0004109485
30.72 0.0003957848
30.73 0.0003802348
30.74 0.0003657368
30.75 0.0003520545
30.76 0.0003357379
30.77 0.0003181782
30.78 0.0003020217
30.79 0.0002850449
30.8 0.0002676729
30.81 0.0002511364
30.82 0.0002351384
30.83 0.00021898
30.84 0.0002041393
30.85 0.0001904317
30.86 0.000176859
30.87 0.0001631033
30.88 0.000149327
30.89 0.0001360702
30.9 0.0001230013
30.91 0.0001100279
30.92 9.74909e-05
30.93 8.543595e-05
30.94 7.385234e-05
30.95 6.273903e-05
30.96 5.212796e-05
30.97 4.206247e-05
30.98 3.253356e-05
30.99 2.353869e-05
31 1.506621e-05
31.01 7.099888e-06
31.02 -3.686917e-07
31.03 -7.34324e-06
31.04 -1.382873e-05
31.05 -1.982891e-05
31.06 -2.534693e-05
