0 0.0001550901
0.01 0.0001564437
0.02 0.0001565116
0.03 0.0001560645
0.04 0.0001561549
0.05 0.0001575943
0.06 0.0001592094
0.07 0.0001549514
0.08 0.0001589307
0.09 0.0001717708
0.1 0.0001880387
0.11 0.0001981196
0.12 0.000188739
0.13 0.0001703071
0.14 0.0001689523
0.15 0.0001742249
0.16 0.0001747281
0.17 0.0001722561
0.18 0.0001435535
0.19 0.0001040748
0.2 9.487617e-05
0.21 9.501255e-05
0.22 8.710545e-05
0.23 7.785863e-05
0.24 7.0598e-05
0.25 6.28926e-05
0.26 8.12195e-05
0.27 0.0001661724
0.28 0.0002046978
0.29 0.0001901299
0.3 0.0001854062
0.31 0.0001913765
0.32 0.000192684
0.33 0.0001919636
0.34 0.0001928289
0.35 0.0001938556
0.36 0.0001605815
0.37 6.332794e-06
0.38 -0.0001649801
0.39 -0.000326833
0.4 -0.0002637875
0.41 -6.113945e-05
0.42 7.906112e-05
0.43 -3.774783e-05
0.44 -0.0001674805
0.45 -0.0001666036
0.46 -0.0001274263
0.47 7.502713e-05
0.48 0.0002480141
0.49 0.0002390951
0.5 0.0002104942
0.51 0.0001955877
0.52 -4.882088e-05
0.53 -0.0003042114
0.54 -0.000319076
0.55 -0.0002926461
0.56 -0.0003182734
0.57 -0.0002972627
0.58 1.841148e-05
0.59 0.0002781492
0.6 0.0002591066
0.61 0.0002164613
0.62 0.0002314552
0.63 0.0001765792
0.64 -0.0002089703
0.65 -0.0005029455
0.66 -0.0004772694
0.67 -0.0001824062
0.68 -8.374193e-05
0.69 9.513692e-06
0.7 -4.24609e-05
0.71 -0.001045671
0.72 -0.001286371
0.73 -0.0006437941
0.74 -0.0004838379
0.75 -0.0006364238
0.76 -0.000232529
0.77 0.00100844
0.78 0.001506507
0.79 0.001342067
0.8 0.001160023
0.81 0.0005850192
0.82 -8.253863e-05
0.83 -0.0006800081
0.84 -0.0008800915
0.85 -0.001285268
0.86 -0.001210241
0.87 -0.0005214354
0.88 0.0002161514
0.89 0.0004028889
0.9 0.0003117289
0.91 0.0001909989
0.92 -0.0005092114
0.93 -0.001015875
0.94 -0.0009692887
0.95 -0.0008377729
0.96 -0.0001866778
0.97 0.000459575
0.98 0.0004650144
0.99 0.0003581834
1 0.0003827012
1.01 0.0004078695
1.02 0.0004027611
1.03 0.000905529
1.04 0.001993234
1.05 0.001051419
1.06 9.050888e-05
1.07 -0.0005242569
1.08 -0.0008837177
1.09 -1.596144e-05
1.1 0.0005872035
1.11 0.0005287566
1.12 0.001212067
1.13 0.002157644
1.14 0.001961043
1.15 0.0007895313
1.16 -0.0002648582
1.17 -0.001063443
1.18 -0.0003459205
1.19 0.000901888
1.2 0.001964328
1.21 0.002398239
1.22 0.002373521
1.23 0.002359972
1.24 0.002195627
1.25 0.001090806
1.26 -0.0001097253
1.27 -0.001198267
1.28 -0.001511312
1.29 -0.001507619
1.3 -0.002540894
1.31 -0.003457146
1.32 -0.003390452
1.33 -0.002427308
1.34 -0.0004176597
1.35 0.0007789212
1.36 0.001386418
1.37 0.003749903
1.38 0.00500595
1.39 0.003047142
1.4 0.0005314436
1.41 6.303924e-05
1.42 -0.001214183
1.43 -0.003416963
1.44 -0.003923741
1.45 -0.00349582
1.46 -0.00322226
1.47 -0.001727851
1.48 0.0004056613
1.49 0.0009701094
1.5 0.0006752353
1.51 0.0006340124
1.52 0.0007157375
1.53 0.0007042772
1.54 0.0001015423
1.55 -0.001135908
1.56 -0.0005512236
1.57 0.0007867132
1.58 0.0009048502
1.59 0.00125086
1.6 0.003451306
1.61 0.005372616
1.62 0.005284067
1.63 0.003434269
1.64 0.0002721357
1.65 -0.003307976
1.66 -0.004298343
1.67 -0.003743173
1.68 -0.00330793
1.69 -0.00211466
1.7 -0.0007160596
1.71 0.000626003
1.72 0.0009976937
1.73 0.001017378
1.74 0.00226553
1.75 0.002853187
1.76 0.0007229688
1.77 -0.001429446
1.78 -0.001601161
1.79 -0.001517731
1.8 -0.002551104
1.81 -0.002133952
1.82 -0.00122778
1.83 -0.001238567
1.84 -0.001409193
1.85 -0.001055207
1.86 0.0003672281
1.87 0.001769902
1.88 0.00297606
1.89 0.003296332
1.9 0.00297158
1.91 0.0016866
1.92 0.0007699995
1.93 0.0001303744
1.94 -0.001221901
1.95 -0.001661467
1.96 -0.001444543
1.97 -0.001357609
1.98 -0.001289773
1.99 -0.001235505
2 -0.001238421
2.01 -0.001246842
2.02 -0.001237858
2.03 -0.0007214795
2.04 0.001341248
2.05 0.003305961
2.06 0.003484981
2.07 0.002886069
2.08 0.00159825
2.09 0.0008578969
2.1 0.0001198936
2.11 -0.001331329
2.12 -0.0028434
2.13 -0.003688222
2.14 -0.003608376
2.15 -0.003444581
2.16 -0.002721885
2.17 -0.002496153
2.18 -0.003429748
2.19 -0.0032724
2.2 -0.001669768
2.21 -0.0009852236
2.22 -0.001209964
2.23 -0.001293168
2.24 -0.001223031
2.25 -0.001214795
2.26 -0.001232231
2.27 -0.001146389
2.28 9.495202e-05
2.29 0.00248957
2.3 0.003566582
2.31 0.003327561
2.32 0.003192659
2.33 0.00327752
2.34 0.003295071
2.35 0.0032814
2.36 0.00278323
2.37 0.0006346868
2.38 -0.001385982
2.39 -0.001552079
2.4 -0.001492377
2.41 -0.002833957
2.42 -0.003770434
2.43 -0.004422435
2.44 -0.005726557
2.45 -0.005894955
2.46 -0.004007301
2.47 -0.001552237
2.48 -0.0009160916
2.49 -0.00124314
2.5 -0.001336754
2.51 -0.001303089
2.52 -0.001309964
2.53 -0.001320868
2.54 -0.001317427
2.55 -0.001314925
2.56 -0.001315638
2.57 -0.001309566
2.58 -0.0007842752
2.59 0.0006460236
2.6 0.0012051
2.61 0.001167335
2.62 0.002330067
2.63 0.003036441
2.64 0.001588798
2.65 0.0007555214
2.66 0.002044718
2.67 0.004611056
2.68 0.005859219
2.69 0.005651471
2.7 0.004755093
2.71 0.002484116
2.72 0.0007401062
2.73 0.0004683612
2.74 -0.0005844673
2.75 -0.00147985
2.76 -0.001401548
2.77 -0.001251795
2.78 -0.001298512
2.79 -0.001656348
2.8 -0.002627859
2.81 -0.003222051
2.82 -0.005177524
2.83 -0.004927656
2.84 -0.002239853
2.85 -0.001018035
2.86 -0.000754307
2.87 0.0005173813
2.88 0.0001371699
2.89 -0.001351861
2.9 -0.001535083
2.91 -0.0008164498
2.92 0.0005877298
2.93 0.001946124
2.94 0.0031357
2.95 0.003339877
2.96 0.003170164
2.97 0.003166223
2.98 0.003116266
2.99 0.001238508
3 -0.001339833
3.01 -0.001661011
3.02 -0.001289793
3.03 -0.00134749
3.04 -0.001438243
3.05 -0.001288449
3.06 0.0001610205
3.07 0.002638887
3.08 0.003607906
3.09 0.003329046
3.1 0.003212264
3.11 0.002883165
3.12 0.0003358989
3.13 -0.001638811
3.14 -0.0008483236
3.15 0.001651301
3.16 0.003353271
3.17 0.003355313
3.18 0.002761921
3.19 0.0009056869
3.2 -0.001246211
3.21 -0.002754207
3.22 -0.00467921
3.23 -0.004705448
3.24 -0.003176002
3.25 -0.0009842492
3.26 0.0009179059
3.27 0.00215967
3.28 0.002972668
3.29 0.001470978
3.3 -0.001064677
3.31 -0.001730855
3.32 -0.001372221
3.33 -0.001330187
3.34 -0.001480453
3.35 -0.001479764
3.36 -0.001328236
3.37 -0.001271513
3.38 -0.001301018
3.39 -0.001140587
3.4 0.0004378604
3.41 0.002800285
3.42 0.002738174
3.43 8.149073e-05
3.44 -0.001650164
3.45 -0.001536622
3.46 -0.001308005
3.47 -0.002077918
3.48 -0.004321102
3.49 -0.004974624
3.5 -0.00255382
3.51 -0.001003446
3.52 -0.0002195283
3.53 0.002414969
3.54 0.003640418
3.55 0.003262312
3.56 0.002828655
3.57 0.001131838
3.58 -0.001121642
3.59 -0.001752375
3.6 -0.002456515
3.61 -0.003670006
3.62 -0.004231217
3.63 -0.004930085
3.64 -0.003527546
3.65 -0.001302354
3.66 0.0002155025
3.67 0.002257788
3.68 0.003343565
3.69 0.002636624
3.7 0.001106349
3.71 0.0006907829
3.72 0.0006444562
3.73 -0.0003268759
3.74 7.826606e-05
3.75 0.001017661
3.76 0.002736134
3.77 0.005357969
3.78 0.007104334
3.79 0.007747322
3.8 0.007625457
3.81 0.006770567
3.82 0.00441485
3.83 0.001453158
3.84 -0.0009458162
3.85 -0.001708688
3.86 -0.001541189
3.87 -0.002350024
3.88 -0.003748398
3.89 -0.003977357
3.9 -0.003329485
3.91 -0.001342505
3.92 0.0007382379
3.93 0.00106959
3.94 0.0007685216
3.95 0.0007697321
3.96 0.000816993
3.97 -0.0005858192
3.98 -0.003459932
3.99 -0.004206612
4 -0.003742956
4.01 -0.003677683
4.02 -0.003222772
4.03 -0.001070087
4.04 0.0008212575
4.05 0.0009286201
4.06 0.000647736
4.07 0.0006885245
4.08 0.0007206218
4.09 0.000639026
4.1 0.0007847574
4.11 0.002341025
4.12 0.004816686
4.13 0.006226095
4.14 0.007355306
4.15 0.007768663
4.16 0.007444425
4.17 0.005738163
4.18 0.003333604
4.19 0.001340074
4.2 -0.001269423
4.21 -0.003069357
4.22 -0.004171418
4.23 -0.005563547
4.24 -0.006345927
4.25 -0.006232624
4.26 -0.006046149
4.27 -0.004980715
4.28 -0.003466982
4.29 -0.001140039
4.3 0.002310687
4.31 0.003411229
4.32 0.002895271
4.33 0.002338682
4.34 0.001570916
4.35 0.0008219667
4.36 0.0006456985
4.37 0.0006992741
4.38 0.0006536076
4.39 0.0006224353
4.4 0.000634128
4.41 0.0006103546
4.42 -0.0001438283
4.43 -0.0006269983
4.44 -0.0008884061
4.45 -0.001709471
4.46 -0.001344656
4.47 0.0003002122
4.48 0.0008527767
4.49 0.0009282776
4.5 0.003474641
4.51 0.005604106
4.52 0.005454669
4.53 0.005032568
4.54 0.0039535
4.55 0.001515771
4.56 -0.0001082345
4.57 -0.001783057
4.58 -0.003820203
4.59 -0.00449251
4.6 -0.006116012
4.61 -0.007175541
4.62 -0.005508126
4.63 -0.002288549
4.64 0.0003643436
4.65 0.002807475
4.66 0.004663326
4.67 0.006747354
4.68 0.007673895
4.69 0.006721883
4.7 0.004262687
4.71 0.002495167
4.72 0.001061874
4.73 -0.001107303
4.74 -0.00266813
4.75 -0.003934028
4.76 -0.005288165
4.77 -0.006212626
4.78 -0.004623393
4.79 -0.001545582
4.8 0.001163035
4.81 0.002766311
4.82 0.002900551
4.83 0.002956094
4.84 0.004347327
4.85 0.005243351
4.86 0.004266028
4.87 0.002591611
4.88 0.001189205
4.89 0.0003651513
4.9 0.0009370517
4.91 0.003181892
4.92 0.005041969
4.93 0.005323538
4.94 0.006072086
4.95 0.00579113
4.96 0.004373949
4.97 0.002909765
4.98 0.002576477
4.99 0.00276926
5 0.002420886
5.01 0.0009004643
5.02 7.909427e-05
5.03 -0.0005774678
5.04 -0.001743773
5.05 -0.00202531
5.06 -0.002236569
5.07 -0.003629667
5.08 -0.004374525
5.09 -0.004196456
5.1 -0.004123282
5.11 -0.00449407
5.12 -0.005893719
5.13 -0.006660622
5.14 -0.006497621
5.15 -0.006387609
5.16 -0.006444354
5.17 -0.005648231
5.18 -0.002780597
5.19 -0.001281084
5.2 -0.0005978406
5.21 0.001580802
5.22 0.003018869
5.23 0.003327347
5.24 0.004564484
5.25 0.005181896
5.26 0.003937442
5.27 0.002114986
5.28 -0.0005840055
5.29 -0.002717057
5.3 -0.004732086
5.31 -0.006360791
5.32 -0.006536285
5.33 -0.006300159
5.34 -0.006327285
5.35 -0.007041345
5.36 -0.009158624
5.37 -0.01004113
5.38 -0.01009729
5.39 -0.0107685
5.4 -0.01039805
5.41 -0.008073066
5.42 -0.005119746
5.43 -0.002187582
5.44 0.001740738
5.45 0.005378888
5.46 0.007328168
5.47 0.008278281
5.48 0.008438975
5.49 0.007525682
5.5 0.007275203
5.51 0.007483623
5.52 0.008332981
5.53 0.01166901
5.54 0.01592574
5.55 0.01876254
5.56 0.02069894
5.57 0.02066474
5.58 0.01819904
5.59 0.01522764
5.6 0.01252757
5.61 0.009899666
5.62 0.007743017
5.63 0.007157157
5.64 0.006379997
5.65 0.003843865
5.66 0.0004949445
5.67 -0.003978293
5.68 -0.009450354
5.69 -0.01421738
5.7 -0.01906501
5.71 -0.02424136
5.72 -0.02779641
5.73 -0.02765369
5.74 -0.02521137
5.75 -0.02228457
5.76 -0.01965756
5.77 -0.01767901
5.78 -0.01755388
5.79 -0.01779571
5.8 -0.01763936
5.81 -0.01758294
5.82 -0.01767658
5.83 -0.01735408
5.84 -0.01541482
5.85 -0.01180097
5.86 -0.007533379
5.87 -0.002835112
5.88 0.005751158
5.89 0.01649524
5.9 0.02537718
5.91 0.03135312
5.92 0.03522111
5.93 0.03735452
5.94 0.0373981
5.95 0.0360719
5.96 0.03259165
5.97 0.02910677
5.98 0.02545584
5.99 0.02154507
6 0.01910631
6.01 0.01740781
6.02 0.01381177
6.03 0.008156545
6.04 0.0002421261
6.05 -0.007742724
6.06 -0.01382509
6.07 -0.0181917
6.08 -0.02185528
6.09 -0.02345183
6.1 -0.02215486
6.11 -0.01990302
6.12 -0.01728422
6.13 -0.01461476
6.14 -0.01302992
6.15 -0.01297686
6.16 -0.01317723
6.17 -0.01260242
6.18 -0.01040736
6.19 -0.008374971
6.2 -0.008197639
6.21 -0.008501727
6.22 -0.008472811
6.23 -0.008408412
6.24 -0.008382553
6.25 -0.007201387
6.26 -0.003316605
6.27 0.001063822
6.28 0.00566279
6.29 0.01175151
6.3 0.01852844
6.31 0.02192306
6.32 0.02292398
6.33 0.02319913
6.34 0.02123901
6.35 0.01740787
6.36 0.01325634
6.37 0.01018405
6.38 0.00679247
6.39 0.004404382
6.4 0.002432269
6.41 -0.0002300295
6.42 -0.003051715
6.43 -0.005691338
6.44 -0.007975899
6.45 -0.008091435
6.46 -0.005622601
6.47 -0.00363025
6.48 -0.00231975
6.49 0.0002265093
6.5 0.002765406
6.51 0.00270679
6.52 0.001743401
6.53 0.001446111
6.54 -0.0005010847
6.55 -0.001844258
6.56 -0.002110347
6.57 -0.002512412
6.58 -0.001724707
6.59 -0.001051771
6.6 -0.0002704297
6.61 -0.000728727
6.62 -0.002796371
6.63 -0.005604595
6.64 -0.006464237
6.65 -0.007278427
6.66 -0.00828112
6.67 -0.008350966
6.68 -0.008128918
6.69 -0.007047948
6.7 -0.004635451
6.71 -0.00298503
6.72 -0.001798012
6.73 -0.0005731177
6.74 -0.0001693544
6.75 -0.003446337
6.76 -0.008946251
6.77 -0.01289718
6.78 -0.01539969
6.79 -0.01862605
6.8 -0.02075147
6.81 -0.01969969
6.82 -0.01776074
6.83 -0.01603944
6.84 -0.01202291
6.85 -0.006227076
6.86 -0.0005275039
6.87 0.005991803
6.88 0.01242836
6.89 0.01728298
6.9 0.01963759
6.91 0.01970977
6.92 0.01944097
6.93 0.01887172
6.94 0.01620681
6.95 0.0133571
6.96 0.01077719
6.97 0.008955081
6.98 0.006766166
6.99 0.005564465
7 0.005206634
7.01 0.003958342
7.02 0.002292497
7.03 7.315548e-05
7.04 -0.001436646
7.05 -0.002701866
7.06 -0.003986609
7.07 -0.005325903
7.08 -0.005800994
7.09 -0.006767608
7.1 -0.008503967
7.11 -0.01131104
7.12 -0.01330558
7.13 -0.01443209
7.14 -0.01446965
7.15 -0.01311604
7.16 -0.0120382
7.17 -0.0108451
7.18 -0.008018061
7.19 -0.004758241
7.2 0.0001749584
7.21 0.005435224
7.22 0.008964776
7.23 0.01202708
7.24 0.01418931
7.25 0.01220432
7.26 0.008524731
7.27 0.004001506
7.28 -0.001582964
7.29 -0.007918064
7.3 -0.01360806
7.31 -0.01750036
7.32 -0.01917604
7.33 -0.01896585
7.34 -0.01724101
7.35 -0.01157158
7.36 -0.003338239
7.37 0.004241951
7.38 0.01349454
7.39 0.02129717
7.4 0.02567937
7.41 0.0280871
7.42 0.02783432
7.43 0.02502659
7.44 0.02151876
7.45 0.01674417
7.46 0.01016513
7.47 0.002728749
7.48 -0.001480191
7.49 -0.004699019
7.5 -0.009964488
7.51 -0.01489634
7.52 -0.01684613
7.53 -0.01772591
7.54 -0.01835463
7.55 -0.01652337
7.56 -0.01266842
7.57 -0.007489884
7.58 -0.002288343
7.59 0.0003641417
7.6 0.001513437
7.61 0.002186736
7.62 0.003677108
7.63 0.006290714
7.64 0.007322918
7.65 0.009162042
7.66 0.009225559
7.67 0.006994803
7.68 0.006272258
7.69 0.006666872
7.7 0.006789713
7.71 0.006728529
7.72 0.006775733
7.73 0.007634586
7.74 0.01014544
7.75 0.01394623
7.76 0.01617005
7.77 0.01602747
7.78 0.01442213
7.79 0.01149194
7.8 0.008484676
7.81 0.00479898
7.82 0.0009795935
7.83 -0.001047573
7.84 -0.002913515
7.85 -0.005752096
7.86 -0.009879207
7.87 -0.01492582
7.88 -0.0190827
7.89 -0.02300578
7.9 -0.02690027
7.91 -0.02965872
7.92 -0.02939028
7.93 -0.02549592
7.94 -0.0203489
7.95 -0.01696039
7.96 -0.01248778
7.97 -0.004800863
7.98 0.002251956
7.99 0.007031981
8 0.01136472
8.01 0.01685455
8.02 0.02162814
8.03 0.0249157
8.04 0.0257706
8.05 0.02542249
8.06 0.02380631
8.07 0.0198978
8.08 0.01441398
8.09 0.009040262
8.1 0.002747609
8.11 -0.00544132
8.12 -0.01283085
8.13 -0.01818975
8.14 -0.02167251
8.15 -0.02222372
8.16 -0.01944382
8.17 -0.01427057
8.18 -0.008205339
8.19 -0.0003131375
8.2 0.008863164
8.21 0.01623684
8.22 0.02057181
8.23 0.02328122
8.24 0.02380591
8.25 0.02167485
8.26 0.01517432
8.27 0.004742296
8.28 -0.005069534
8.29 -0.01471979
8.3 -0.02719614
8.31 -0.03766525
8.32 -0.04437854
8.33 -0.04732837
8.34 -0.04807786
8.35 -0.04780854
8.36 -0.04385356
8.37 -0.03527118
8.38 -0.0209726
8.39 -0.004233127
8.4 0.01121739
8.41 0.02559637
8.42 0.03834438
8.43 0.04557865
8.44 0.0495422
8.45 0.05241462
8.46 0.05382476
8.47 0.05246887
8.48 0.04883433
8.49 0.04268125
8.5 0.03498547
8.51 0.02493499
8.52 0.01382082
8.53 0.003026869
8.54 -0.007241764
8.55 -0.01531788
8.56 -0.02017933
8.57 -0.02284063
8.58 -0.0251016
8.59 -0.02654419
8.6 -0.02776519
8.61 -0.02903208
8.62 -0.03019091
8.63 -0.02829125
8.64 -0.02484304
8.65 -0.01976016
8.66 -0.01327647
8.67 -0.006280455
8.68 0.0008698986
8.69 0.006466138
8.7 0.01170863
8.71 0.01599394
8.72 0.01855726
8.73 0.01998087
8.74 0.01915201
8.75 0.01779965
8.76 0.01812277
8.77 0.01975961
8.78 0.02051654
8.79 0.02033877
8.8 0.02001657
8.81 0.0184166
8.82 0.01607396
8.83 0.01531688
8.84 0.01373908
8.85 0.008580556
8.86 0.001218247
8.87 -0.007343948
8.88 -0.01738484
8.89 -0.02679035
8.9 -0.03359958
8.91 -0.03856742
8.92 -0.0422941
8.93 -0.04295602
8.94 -0.03962457
8.95 -0.0343069
8.96 -0.02455744
8.97 -0.01333502
8.98 -0.004226547
8.99 0.002859319
9 0.007754264
9.01 0.009551645
9.02 0.009576265
9.03 0.01068023
9.04 0.0117881
9.05 0.01184356
9.06 0.0126508
9.07 0.01539519
9.08 0.01907785
9.09 0.02009877
9.1 0.02037266
9.11 0.02100245
9.12 0.02088879
9.13 0.01857209
9.14 0.01629066
9.15 0.01623853
9.16 0.01660724
9.17 0.01671009
9.18 0.0189547
9.19 0.02264985
9.2 0.02387622
9.21 0.02348575
9.22 0.02335308
9.23 0.02245383
9.24 0.0195072
9.25 0.01272905
9.26 0.001245527
9.27 -0.01074801
9.28 -0.0211167
9.29 -0.02836576
9.3 -0.0321716
9.31 -0.03332503
9.32 -0.03110975
9.33 -0.02550559
9.34 -0.01547121
9.35 -0.004284581
9.36 0.004226099
9.37 0.008358402
9.38 0.0099283
9.39 0.01024975
9.4 0.01006602
9.41 0.008607833
9.42 0.006262675
9.43 0.0053856
9.44 0.004811291
9.45 0.002512081
9.46 0.0006798789
9.47 -0.0008105843
9.48 -0.00384984
9.49 -0.00753721
9.5 -0.00938941
9.51 -0.01135592
9.52 -0.01416692
9.53 -0.01660132
9.54 -0.01725719
9.55 -0.01698726
9.56 -0.01709944
9.57 -0.01950631
9.58 -0.0234856
9.59 -0.02594732
9.6 -0.02625681
9.61 -0.02496187
9.62 -0.02006579
9.63 -0.01041888
9.64 0.0008239912
9.65 0.01164616
9.66 0.02082818
9.67 0.0268034
9.68 0.02922122
9.69 0.02943586
9.7 0.03053638
9.71 0.03080681
9.72 0.02761214
9.73 0.02301148
9.74 0.01844962
9.75 0.01164281
9.76 0.003718079
9.77 -0.003737555
9.78 -0.01338655
9.79 -0.02320993
9.8 -0.02987045
9.81 -0.03358836
9.82 -0.03281398
9.83 -0.02940176
9.84 -0.02660154
9.85 -0.02505912
9.86 -0.02249039
9.87 -0.02066123
9.88 -0.02005026
9.89 -0.0169942
9.9 -0.01138014
9.91 -0.005721408
9.92 -0.0003782889
9.93 0.004959629
9.94 0.009754749
9.95 0.01368279
9.96 0.01575979
9.97 0.01407937
9.98 0.01134464
9.99 0.009313168
10 0.005087888
10.01 0.0006947432
10.02 -0.0008527556
10.03 -0.001349642
10.04 -0.0007056006
10.05 0.000823275
10.06 0.00432449
10.07 0.010045
10.08 0.01503052
10.09 0.0169465
10.1 0.01718354
10.11 0.01501801
10.12 0.008197053
10.13 -0.003577449
10.14 -0.01373455
10.15 -0.01990889
10.16 -0.02452032
10.17 -0.02646071
10.18 -0.02607491
10.19 -0.02494299
10.2 -0.02392653
10.21 -0.02052402
10.22 -0.01691148
10.23 -0.01538137
10.24 -0.01437521
10.25 -0.01302657
10.26 -0.01038545
10.27 -0.006081477
10.28 -0.0007408286
10.29 0.005627949
10.3 0.01134185
10.31 0.01654329
10.32 0.02139876
10.33 0.02557484
10.34 0.03024819
10.35 0.03282623
10.36 0.03182161
10.37 0.02805075
10.38 0.02302777
10.39 0.01758487
10.4 0.01185128
10.41 0.004321007
10.42 -0.002268551
10.43 -0.006767108
10.44 -0.009398613
10.45 -0.008096269
10.46 -0.001283995
10.47 0.007455302
10.48 0.01609772
10.49 0.02468865
10.5 0.03067323
10.51 0.03307814
10.52 0.03231526
10.53 0.02838394
10.54 0.02266143
10.55 0.01724299
10.56 0.01298483
10.57 0.009325157
10.58 0.006990224
10.59 0.005731323
10.6 0.005300984
10.61 0.005500577
10.62 0.006720319
10.63 0.007906578
10.64 0.007922067
10.65 0.006432171
10.66 0.001849628
10.67 -0.004018438
10.68 -0.009624238
10.69 -0.01613171
10.7 -0.02191995
10.71 -0.02511672
10.72 -0.02858563
10.73 -0.03392743
10.74 -0.03959224
10.75 -0.04489426
10.76 -0.04954453
10.77 -0.05251622
10.78 -0.05366736
10.79 -0.05229577
10.8 -0.04901665
10.81 -0.04423916
10.82 -0.03939583
10.83 -0.03546555
10.84 -0.03148674
10.85 -0.02686483
10.86 -0.02150688
10.87 -0.01457329
10.88 -0.001835397
10.89 0.01775796
10.9 0.03671936
10.91 0.04903297
10.92 0.05660443
10.93 0.0600276
10.94 0.0590129
10.95 0.0577942
10.96 0.05459768
10.97 0.04727393
10.98 0.03865423
10.99 0.0315877
11 0.02715152
11.01 0.02341579
11.02 0.01943789
11.03 0.01524482
11.04 0.01119594
11.05 0.005504147
11.06 -0.0004934545
11.07 -0.00643633
11.08 -0.01387983
11.09 -0.01971018
11.1 -0.02341554
11.11 -0.02597541
11.12 -0.02609033
11.13 -0.02407146
11.14 -0.02122522
11.15 -0.01931915
11.16 -0.02009986
11.17 -0.02410108
11.18 -0.02970034
11.19 -0.03478251
11.2 -0.03859696
11.21 -0.04159122
11.22 -0.04039859
11.23 -0.03737777
11.24 -0.03630431
11.25 -0.03402684
11.26 -0.03245336
11.27 -0.03173874
11.28 -0.02924758
11.29 -0.02468653
11.3 -0.01747144
11.31 -0.002820181
11.32 0.01937059
11.33 0.04112338
11.34 0.06068269
11.35 0.07780457
11.36 0.08954173
11.37 0.09742275
11.38 0.1031168
11.39 0.1047412
11.4 0.1023805
11.41 0.09424889
11.42 0.07546278
11.43 0.0489387
11.44 0.02560679
11.45 0.006727582
11.46 -0.00804389
11.47 -0.01808151
11.48 -0.02714611
11.49 -0.03490916
11.5 -0.03914878
11.51 -0.04144543
11.52 -0.04355764
11.53 -0.04493303
11.54 -0.04694907
11.55 -0.04869085
11.56 -0.04770971
11.57 -0.04621498
11.58 -0.04619506
11.59 -0.0464574
11.6 -0.04641065
11.61 -0.04635827
11.62 -0.04638127
11.63 -0.04677998
11.64 -0.04810151
11.65 -0.04793974
11.66 -0.04420837
11.67 -0.03668952
11.68 -0.02296155
11.69 -0.002237857
11.7 0.02270548
11.71 0.04375354
11.72 0.05398448
11.73 0.05922865
11.74 0.06311614
11.75 0.06276045
11.76 0.05778866
11.77 0.05184817
11.78 0.04621986
11.79 0.03840938
11.8 0.03007206
11.81 0.02120498
11.82 0.01075001
11.83 -0.002994736
11.84 -0.01503326
11.85 -0.02134261
11.86 -0.0243181
11.87 -0.02316372
11.88 -0.01967357
11.89 -0.01447361
11.9 -0.00863972
11.91 -0.006641746
11.92 -0.006659043
11.93 -0.006273481
11.94 -0.007008153
11.95 -0.007478857
11.96 -0.007354001
11.97 -0.007795787
11.98 -0.009903448
11.99 -0.01187841
12 -0.01204533
12.01 -0.01143106
12.02 -0.009633119
12.03 -0.006120233
12.04 -8.297705e-05
12.05 0.007998681
12.06 0.0163308
12.07 0.02395691
12.08 0.030137
12.09 0.03379896
12.1 0.03232395
12.11 0.02886376
12.12 0.02538304
12.13 0.02032111
12.14 0.01467713
12.15 0.01024809
12.16 0.008465365
12.17 0.007696284
12.18 0.008046587
12.19 0.008377475
12.2 0.006263675
12.21 0.002116677
12.22 -0.004470276
12.23 -0.01267061
12.24 -0.02104087
12.25 -0.0279836
12.26 -0.03213456
12.27 -0.03446309
12.28 -0.03289686
12.29 -0.02647239
12.3 -0.018874
12.31 -0.01355477
12.32 -0.007788206
12.33 -0.002962897
12.34 0.0006336982
12.35 0.002366627
12.36 0.002879218
12.37 0.004116213
12.38 0.005641183
12.39 0.006771546
12.4 0.00791493
12.41 0.01195163
12.42 0.0156676
12.43 0.01999358
12.44 0.02557409
12.45 0.03063339
12.46 0.03283955
12.47 0.03248349
12.48 0.0273318
12.49 0.01725266
12.5 0.001001672
12.51 -0.01642472
12.52 -0.02646975
12.53 -0.03114682
12.54 -0.03417015
12.55 -0.03436949
12.56 -0.03124779
12.57 -0.02735526
12.58 -0.02410152
12.59 -0.02014095
12.6 -0.01679375
12.61 -0.01334453
12.62 -0.0111024
12.63 -0.01113683
12.64 -0.01142426
12.65 -0.01049641
12.66 -0.008950809
12.67 -0.007266174
12.68 -0.004240809
12.69 0.0006260636
12.7 0.006272407
12.71 0.01164145
12.72 0.01676208
12.73 0.02028226
12.74 0.02154698
12.75 0.02259316
12.76 0.02321482
12.77 0.02440657
12.78 0.02679344
12.79 0.02794615
12.8 0.02768874
12.81 0.02667891
12.82 0.02329124
12.83 0.01761659
12.84 0.01010436
12.85 0.0006170159
12.86 -0.008375282
12.87 -0.01553187
12.88 -0.02333055
12.89 -0.03103266
12.9 -0.03651655
12.91 -0.04090548
12.92 -0.04328043
12.93 -0.0433484
12.94 -0.0428744
12.95 -0.0410539
12.96 -0.03643495
12.97 -0.03063606
12.98 -0.02518848
12.99 -0.0200052
13 -0.01557782
13.01 -0.01194193
13.02 -0.00798166
13.03 -0.003642045
13.04 -0.0005980465
13.05 0.0008029137
13.06 0.00200604
13.07 0.002876917
13.08 0.002883095
13.09 0.00361455
13.1 0.006020037
13.11 0.007865626
13.12 0.009557093
13.13 0.01334328
13.14 0.01838988
13.15 0.02160502
13.16 0.02481166
13.17 0.02779819
13.18 0.03081593
13.19 0.0342075
13.2 0.03536106
13.21 0.03600807
13.22 0.03662106
13.23 0.03409435
13.24 0.03153571
13.25 0.02962446
13.26 0.02811602
13.27 0.02790622
13.28 0.02812269
13.29 0.02813115
13.3 0.0287715
13.31 0.03105523
13.32 0.03273011
13.33 0.03161281
13.34 0.02990321
13.35 0.02799746
13.36 0.02462424
13.37 0.01922176
13.38 0.01389561
13.39 0.01080017
13.4 0.006121455
13.41 -0.0009779113
13.42 -0.008875096
13.43 -0.01698331
13.44 -0.0261967
13.45 -0.03539087
13.46 -0.04190598
13.47 -0.04251603
13.48 -0.03833237
13.49 -0.03118837
13.5 -0.02038833
13.51 -0.007632602
13.52 0.005010866
13.53 0.01434642
13.54 0.0195127
13.55 0.02015816
13.56 0.01693823
13.57 0.01194426
13.58 0.00648796
13.59 0.0003146194
13.6 -0.005492768
13.61 -0.01085322
13.62 -0.01519342
13.63 -0.01839368
13.64 -0.02145579
13.65 -0.02212606
13.66 -0.02029839
13.67 -0.01712329
13.68 -0.01238749
13.69 -0.006811511
13.7 -0.001261371
13.71 0.004829432
13.72 0.008689044
13.73 0.0103006
13.74 0.0114863
13.75 0.009017444
13.76 0.003422745
13.77 -0.0009068059
13.78 -0.003296337
13.79 -0.005210299
13.8 -0.005809318
13.81 -0.00467615
13.82 -0.002881016
13.83 -0.0002845106
13.84 0.002411094
13.85 0.005288941
13.86 0.007964434
13.87 0.01053458
13.88 0.01181146
13.89 0.00965835
13.9 0.005287745
13.91 0.0009600732
13.92 -0.004765622
13.93 -0.01282282
13.94 -0.02128787
13.95 -0.02794522
13.96 -0.03179651
13.97 -0.03613285
13.98 -0.0394746
13.99 -0.03821231
14 -0.03334501
14.01 -0.02861503
14.02 -0.02594451
14.03 -0.02183309
14.04 -0.01818952
14.05 -0.01555649
14.06 -0.01391618
14.07 -0.01505786
14.08 -0.01817856
14.09 -0.01912596
14.1 -0.01863907
14.11 -0.01789565
14.12 -0.01519948
14.13 -0.01285088
14.14 -0.01076254
14.15 -0.007977418
14.16 -0.004833056
14.17 -0.001193458
14.18 0.001458802
14.19 0.004099659
14.2 0.00696112
14.21 0.01040561
14.22 0.01184048
14.23 0.01244759
14.24 0.01523815
14.25 0.01838436
14.26 0.0232086
14.27 0.02896458
14.28 0.03404911
14.29 0.03731802
14.3 0.03896206
14.31 0.03814058
14.32 0.03518828
14.33 0.03035208
14.34 0.02263138
14.35 0.01222524
14.36 0.002910115
14.37 -0.003649443
14.38 -0.008536169
14.39 -0.01226762
14.4 -0.01370161
14.41 -0.01331695
14.42 -0.01216142
14.43 -0.01075799
14.44 -0.009284285
14.45 -0.008435417
14.46 -0.009160795
14.47 -0.01182435
14.48 -0.01798156
14.49 -0.0271754
14.5 -0.03567481
14.51 -0.04242415
14.52 -0.04607132
14.53 -0.04721198
14.54 -0.04543808
14.55 -0.03775804
14.56 -0.02501787
14.57 -0.00828405
14.58 0.007896617
14.59 0.02127565
14.6 0.03250118
14.61 0.03923952
14.62 0.040338
14.63 0.03954009
14.64 0.03639313
14.65 0.02864948
14.66 0.01866878
14.67 0.009192071
14.68 -0.0001332539
14.69 -0.007674864
14.7 -0.01183957
14.71 -0.01286649
14.72 -0.01187413
14.73 -0.008903481
14.74 -0.00670779
14.75 -0.004691828
14.76 -0.001924743
14.77 0.0007369862
14.78 0.002046712
14.79 0.003779988
14.8 0.004082379
14.81 0.0006980344
14.82 -0.001591965
14.83 -0.00248786
14.84 -0.003607678
14.85 -0.005047867
14.86 -0.004626699
14.87 -0.003090665
14.88 -0.002804959
14.89 -0.003016912
14.9 -0.002979055
14.91 -0.002916926
14.92 -0.002686464
14.93 0.0001522797
14.94 0.006442363
14.95 0.01605569
14.96 0.02845558
14.97 0.04032268
14.98 0.04649422
14.99 0.04921713
15 0.04913245
15.01 0.04468862
15.02 0.03520585
15.03 0.0197975
15.04 0.003285716
15.05 -0.009357822
15.06 -0.01847857
15.07 -0.02387435
15.08 -0.02462163
15.09 -0.02141191
15.1 -0.01442895
15.11 -0.006851194
15.12 -0.001482008
15.13 0.002727353
15.14 0.00557499
15.15 0.005213042
15.16 0.001039186
15.17 -0.003420087
15.18 -0.006624424
15.19 -0.008996483
15.2 -0.01124732
15.21 -0.01165212
15.22 -0.01131304
15.23 -0.01122241
15.24 -0.0096879
15.25 -0.005836179
15.26 -0.002135943
15.27 0.003670271
15.28 0.01171761
15.29 0.01722296
15.3 0.0198019
15.31 0.02234347
15.32 0.02609517
15.33 0.02817011
15.34 0.02800079
15.35 0.02765937
15.36 0.02564295
15.37 0.02048555
15.38 0.01434565
15.39 0.007242244
15.4 -0.0008950726
15.41 -0.007278996
15.42 -0.01018983
15.43 -0.01067178
15.44 -0.009261716
15.45 -0.007145604
15.46 -0.002769863
15.47 0.003179305
15.48 0.0113001
15.49 0.02150656
15.5 0.02847324
15.51 0.03064734
15.52 0.03056249
15.53 0.03009804
15.54 0.02776835
15.55 0.02490753
15.56 0.02093922
15.57 0.01471346
15.58 0.008727533
15.59 0.004439386
15.6 -0.0002413475
15.61 -0.00445927
15.62 -0.008455722
15.63 -0.01332043
15.64 -0.01960379
15.65 -0.02394148
15.66 -0.02593477
15.67 -0.02648742
15.68 -0.02629802
15.69 -0.02422479
15.7 -0.02031068
15.71 -0.01717472
15.72 -0.0151394
15.73 -0.01454715
15.74 -0.01474789
15.75 -0.0159602
15.76 -0.0186335
15.77 -0.02148775
15.78 -0.02411669
15.79 -0.026707
15.8 -0.02851632
15.81 -0.02975664
15.82 -0.0306944
15.83 -0.03075293
15.84 -0.02991948
15.85 -0.02740045
15.86 -0.02241529
15.87 -0.01691829
15.88 -0.01273087
15.89 -0.009997627
15.9 -0.00947998
15.91 -0.009785983
15.92 -0.009435967
15.93 -0.00683468
15.94 -0.003920475
15.95 -0.001061825
15.96 0.001699758
15.97 0.006079758
15.98 0.009446397
15.99 0.01199534
16 0.01346836
16.01 0.01195104
16.02 0.006944742
16.03 0.0008423039
16.04 -0.006899578
16.05 -0.01437583
16.06 -0.01983758
16.07 -0.02312867
16.08 -0.02331619
16.09 -0.02003192
16.1 -0.01411412
16.11 -0.006547071
16.12 0.001670641
16.13 0.009725745
16.14 0.01655609
16.15 0.02147342
16.16 0.02318292
16.17 0.02346656
16.18 0.02481708
16.19 0.02646286
16.2 0.02752797
16.21 0.02755785
16.22 0.0274331
16.23 0.02752268
16.24 0.02749196
16.25 0.02623388
16.26 0.02330304
16.27 0.01782679
16.28 0.008911697
16.29 -0.0008837653
16.3 -0.009151987
16.31 -0.014725
16.32 -0.01807728
16.33 -0.01951107
16.34 -0.01779075
16.35 -0.01384544
16.36 -0.01079553
16.37 -0.009410875
16.38 -0.008332368
16.39 -0.006949234
16.4 -0.006345074
16.41 -0.006439303
16.42 -0.006268631
16.43 -0.00459892
16.44 -0.002210782
16.45 -0.0007846937
16.46 0.001314716
16.47 0.004176543
16.48 0.007239712
16.49 0.01127911
16.5 0.01547375
16.51 0.02104885
16.52 0.02799608
16.53 0.03358014
16.54 0.03611296
16.55 0.03849144
16.56 0.03848773
16.57 0.03545402
16.58 0.03416319
16.59 0.03229232
16.6 0.02989241
16.61 0.02720265
16.62 0.02317752
16.63 0.01981987
16.64 0.01593377
16.65 0.009289399
16.66 0.002142513
16.67 -0.004592032
16.68 -0.01036662
16.69 -0.01566475
16.7 -0.01961488
16.71 -0.02176628
16.72 -0.02171291
16.73 -0.02000909
16.74 -0.01745149
16.75 -0.01378295
16.76 -0.0107705
16.77 -0.008777992
16.78 -0.008193601
16.79 -0.008260604
16.8 -0.008518998
16.81 -0.01092975
16.82 -0.0136162
16.83 -0.01497616
16.84 -0.01603539
16.85 -0.01733355
16.86 -0.0176416
16.87 -0.01744703
16.88 -0.01742899
16.89 -0.01751036
16.9 -0.01829983
16.91 -0.01973121
16.92 -0.0212397
16.93 -0.02220068
16.94 -0.02215236
16.95 -0.02116871
16.96 -0.01859375
16.97 -0.01477781
16.98 -0.01159992
16.99 -0.006254843
17 0.001572085
17.01 0.00933889
17.02 0.01709446
17.03 0.02297304
17.04 0.02722027
17.05 0.02929873
17.06 0.03122355
17.07 0.03296823
17.08 0.03298268
17.09 0.03112512
17.1 0.02787341
17.11 0.02290886
17.12 0.01568162
17.13 0.007515478
17.14 0.001645813
17.15 -0.003305616
17.16 -0.00865865
17.17 -0.01264996
17.18 -0.01423657
17.19 -0.01616164
17.2 -0.01757474
17.21 -0.01799941
17.22 -0.01986961
17.23 -0.02204536
17.24 -0.0234336
17.25 -0.02577224
17.26 -0.02862849
17.27 -0.03027959
17.28 -0.02930184
17.29 -0.02840579
17.3 -0.02743529
17.31 -0.02465293
17.32 -0.01973311
17.33 -0.01439014
17.34 -0.01053388
17.35 -0.007176482
17.36 -0.002868313
17.37 0.0009350849
17.38 0.00295846
17.39 0.003342611
17.4 0.003104539
17.41 0.0007701385
17.42 -0.00313321
17.43 -0.006463983
17.44 -0.009700706
17.45 -0.0116038
17.46 -0.01162459
17.47 -0.01047644
17.48 -0.009540122
17.49 -0.006978498
17.5 -0.004100353
17.51 -0.001463839
17.52 -0.0009160184
17.53 -0.001285333
17.54 -0.001319742
17.55 -0.001176714
17.56 0.0004246463
17.57 0.003332196
17.58 0.006298366
17.59 0.008840535
17.6 0.01156817
17.61 0.01412812
17.62 0.01666331
17.63 0.01748258
17.64 0.018348
17.65 0.01889981
17.66 0.01764116
17.67 0.01684166
17.68 0.01702258
17.69 0.01713728
17.7 0.01705949
17.71 0.01648981
17.72 0.01501099
17.73 0.01434287
17.74 0.01351956
17.75 0.01266456
17.76 0.01384344
17.77 0.01549303
17.78 0.01762012
17.79 0.01935149
17.8 0.01950558
17.81 0.0196019
17.82 0.02100538
17.83 0.02037864
17.84 0.01639477
17.85 0.01262383
17.86 0.007249708
17.87 -0.0009955147
17.88 -0.009440203
17.89 -0.01653954
17.9 -0.02104922
17.91 -0.02359277
17.92 -0.02574466
17.93 -0.02666406
17.94 -0.02523278
17.95 -0.02210724
17.96 -0.01912852
17.97 -0.01664845
17.98 -0.01307397
17.99 -0.008723962
18 -0.006743706
18.01 -0.005037731
18.02 -0.00352498
18.03 -0.003110063
18.04 -0.001509748
18.05 0.0008637893
18.06 0.002167973
18.07 0.003065721
18.08 0.003536723
18.09 0.005256048
18.1 0.008141592
18.11 0.01020531
18.12 0.01129531
18.13 0.01228594
18.14 0.01215656
18.15 0.01069213
18.16 0.01056665
18.17 0.01295032
18.18 0.01481453
18.19 0.01454031
18.2 0.01294418
18.21 0.01153918
18.22 0.009401681
18.23 0.006460174
18.24 0.002419726
18.25 -0.002381784
18.26 -0.005242555
18.27 -0.00831969
18.28 -0.01160357
18.29 -0.01429935
18.3 -0.01671329
18.31 -0.0174325
18.32 -0.01586394
18.33 -0.01493353
18.34 -0.01400661
18.35 -0.01024307
18.36 -0.004482183
18.37 0.001046383
18.38 0.006887757
18.39 0.01362594
18.4 0.01843898
18.41 0.02047988
18.42 0.01955968
18.43 0.01655625
18.44 0.0129645
18.45 0.009681661
18.46 0.006639768
18.47 0.00227354
18.48 -0.0006944276
18.49 -0.003302906
18.5 -0.005966381
18.51 -0.008446266
18.52 -0.008857784
18.53 -0.008498573
18.54 -0.008498134
18.55 -0.00858836
18.56 -0.008578197
18.57 -0.008395524
18.58 -0.006919551
18.59 -0.004507383
18.6 -0.00363908
18.61 -0.003081464
18.62 -0.0008482301
18.63 0.0009823841
18.64 0.00224326
18.65 0.003484342
18.66 0.005579095
18.67 0.007420546
18.68 0.007547788
18.69 0.00723923
18.7 0.006894249
18.71 0.004831207
18.72 0.001074241
18.73 -0.002170326
18.74 -0.00519915
18.75 -0.009981584
18.76 -0.01381193
18.77 -0.01554658
18.78 -0.01654206
18.79 -0.01766899
18.8 -0.01767369
18.81 -0.01582009
18.82 -0.01293202
18.83 -0.01020132
18.84 -0.008439113
18.85 -0.005999758
18.86 -0.003947871
18.87 -0.003941706
18.88 -0.004273621
18.89 -0.004294922
18.9 -0.005468449
18.91 -0.007903984
18.92 -0.009067751
18.93 -0.009981472
18.94 -0.01265869
18.95 -0.01383414
18.96 -0.01440251
18.97 -0.01380954
18.98 -0.01104322
18.99 -0.008007404
19 -0.004449068
19.01 0.0005915478
19.02 0.004493386
19.03 0.00525445
19.04 0.004815012
19.05 0.004007044
19.06 0.001679202
19.07 -0.001316361
19.08 -0.003685134
19.09 -0.004418638
19.1 -0.003484111
19.11 -0.00105381
19.12 0.00177733
19.13 0.004448352
19.14 0.006663772
19.15 0.007894525
19.16 0.009059765
19.17 0.008581575
19.18 0.007173291
19.19 0.006966949
19.2 0.006770034
19.21 0.005312614
19.22 0.0046247
19.23 0.004794373
19.24 0.005355123
19.25 0.008080422
19.26 0.009881715
19.27 0.009622116
19.28 0.009345841
19.29 0.009459068
19.3 0.009170021
19.31 0.007267142
19.32 0.004969507
19.33 0.002847528
19.34 0.0003652694
19.35 -0.0001664616
19.36 0.0002285565
19.37 0.001428804
19.38 0.004292438
19.39 0.006367097
19.4 0.008373229
19.41 0.009529392
19.42 0.00852038
19.43 0.005451985
19.44 0.003390913
19.45 0.001241184
19.46 -0.002474744
19.47 -0.004733932
19.48 -0.00450751
19.49 -0.004178106
19.5 -0.004297259
19.51 -0.00435195
19.52 -0.004312137
19.53 -0.004315029
19.54 -0.004984432
19.55 -0.006465438
19.56 -0.006929516
19.57 -0.006918329
19.58 -0.007783743
19.59 -0.007386701
19.6 -0.005830967
19.61 -0.003408965
19.62 -0.001443997
19.63 0.001351147
19.64 0.004943111
19.65 0.007816874
19.66 0.01024062
19.67 0.01190639
19.68 0.01341387
19.69 0.01563582
19.7 0.01659972
19.71 0.01636828
19.72 0.01624954
19.73 0.01633072
19.74 0.0160276
19.75 0.01415112
19.76 0.01119528
19.77 0.008514339
19.78 0.006810411
19.79 0.00444175
19.8 0.00242227
19.81 0.001364751
19.82 -0.001169109
19.83 -0.00234722
19.84 -0.001995497
19.85 -0.001831274
19.86 -0.001939191
19.87 -0.001896994
19.88 -0.0002481012
19.89 0.002688038
19.9 0.005650677
19.91 0.008211252
19.92 0.01199907
19.93 0.01613007
19.94 0.01717573
19.95 0.0187036
19.96 0.02077708
19.97 0.01918675
19.98 0.01517933
19.99 0.010964
20 0.007033849
20.01 0.003070478
20.02 -0.0006390439
20.03 -0.002158493
20.04 -0.002578642
20.05 -0.003883543
20.06 -0.00438048
20.07 -0.004404715
20.08 -0.006053511
20.09 -0.008367464
20.1 -0.008933411
20.11 -0.008606599
20.12 -0.008334375
20.13 -0.006408361
20.14 -0.002147041
20.15 0.00207703
20.16 0.005184575
20.17 0.007724741
20.18 0.009782102
20.19 0.009945326
20.2 0.009634834
20.21 0.009625983
20.22 0.008625473
20.23 0.005916264
20.24 0.002946553
20.25 -0.0002426416
20.26 -0.004330084
20.27 -0.008406712
20.28 -0.01114403
20.29 -0.01253188
20.3 -0.01357745
20.31 -0.01438451
20.32 -0.0134646
20.33 -0.01164958
20.34 -0.008287943
20.35 -0.005908407
20.36 -0.005952859
20.37 -0.004941629
20.38 -0.002045826
20.39 -0.001237345
20.4 -0.001194551
20.41 0.001545154
20.42 0.004054295
20.43 0.00592339
20.44 0.007489808
20.45 0.007731926
20.46 0.007205388
20.47 0.005443932
20.48 0.00319444
20.49 0.0009395003
20.5 -0.001412778
20.51 -0.002083024
20.52 -0.003087911
20.53 -0.003953262
20.54 -0.003897978
20.55 -0.003849302
20.56 -0.005152427
20.57 -0.007629651
20.58 -0.009577071
20.59 -0.01220281
20.6 -0.01493806
20.61 -0.0173628
20.62 -0.01774908
20.63 -0.01699761
20.64 -0.01501249
20.65 -0.01210878
20.66 -0.009329319
20.67 -0.00673431
20.68 -0.003718819
20.69 0.0003877533
20.7 0.003946541
20.71 0.007328043
20.72 0.01128574
20.73 0.01404959
20.74 0.01482547
20.75 0.0140785
20.76 0.01264355
20.77 0.01201803
20.78 0.00980206
20.79 0.00560438
20.8 0.0008437447
20.81 -0.003907048
20.82 -0.007970067
20.83 -0.01302772
20.84 -0.01934618
20.85 -0.02325651
20.86 -0.02558652
20.87 -0.02662009
20.88 -0.02647084
20.89 -0.0259535
20.9 -0.02317838
20.91 -0.01893541
20.92 -0.01522529
20.93 -0.01278308
20.94 -0.01030219
20.95 -0.007485036
20.96 -0.005602535
20.97 -0.005126844
20.98 -0.003928153
20.99 -0.002407831
21 -0.001024809
21.01 0.0007562713
21.02 0.003421107
21.03 0.006218879
21.04 0.0080719
21.05 0.009104147
21.06 0.008943809
21.07 0.007642345
21.08 0.006029545
21.09 0.004721734
21.1 0.002565151
21.11 -0.0001266601
21.12 -0.001077545
21.13 0.000923875
21.14 0.003351157
21.15 0.003758693
21.16 0.003415581
21.17 0.003866631
21.18 0.006515478
21.19 0.008378956
21.2 0.009602106
21.21 0.01237891
21.22 0.01551814
21.23 0.01876042
21.24 0.02075929
21.25 0.02327567
21.26 0.02438592
21.27 0.02397461
21.28 0.02245099
21.29 0.01941874
21.3 0.01516293
21.31 0.01104094
21.32 0.006346021
21.33 0.003148953
21.34 0.001827105
21.35 0.00116219
21.36 0.001719269
21.37 0.003320412
21.38 0.003832852
21.39 0.003539334
21.4 0.003438058
21.41 0.002975238
21.42 0.0008937932
21.43 -0.001045579
21.44 -0.001192945
21.45 -0.0008962412
21.46 -0.0009248534
21.47 -0.0009807405
21.48 -0.0002183235
21.49 0.001221787
21.5 0.001326917
21.51 -0.0006036396
21.52 -0.002954444
21.53 -0.003513535
21.54 -0.00319811
21.55 -0.003157616
21.56 -0.00323682
21.57 -0.004055562
21.58 -0.006944798
21.59 -0.009147473
21.6 -0.01106726
21.61 -0.01253661
21.62 -0.01265073
21.63 -0.01244602
21.64 -0.01317111
21.65 -0.01538007
21.66 -0.01597985
21.67 -0.01475408
21.68 -0.01443544
21.69 -0.01468944
21.7 -0.01470704
21.71 -0.01463861
21.72 -0.01464008
21.73 -0.01433191
21.74 -0.01292671
21.75 -0.0108713
21.76 -0.007984235
21.77 -0.003827645
21.78 0.001192757
21.79 0.005484701
21.8 0.008680021
21.81 0.01057139
21.82 0.01164779
21.83 0.01157936
21.84 0.01053404
21.85 0.0103235
21.86 0.0104683
21.87 0.008863367
21.88 0.006464056
21.89 0.008358622
21.9 0.01086749
21.91 0.01080717
21.92 0.01037107
21.93 0.01047427
21.94 0.0105549
21.95 0.01046317
21.96 0.01040898
21.97 0.01048122
21.98 0.01061232
21.99 0.01060447
22 0.01053239
22.01 0.01052704
22.02 0.01051738
22.03 0.009702384
22.04 0.007214452
22.05 0.004262671
22.06 0.001619376
22.07 -0.0009503453
22.08 -0.003673593
22.09 -0.006344636
22.1 -0.007865883
22.11 -0.007875257
22.12 -0.007322231
22.13 -0.005956623
22.14 -0.005195739
22.15 -0.004431713
22.16 -0.003455242
22.17 -0.004472937
22.18 -0.005625873
22.19 -0.005558278
22.2 -0.005358545
22.21 -0.005538714
22.22 -0.007040214
22.23 -0.009795323
22.24 -0.01209954
22.25 -0.01330134
22.26 -0.01468953
22.27 -0.01716401
22.28 -0.01937364
22.29 -0.0194766
22.3 -0.01915632
22.31 -0.01911587
22.32 -0.01713118
22.33 -0.01409391
22.34 -0.01126545
22.35 -0.008767332
22.36 -0.005288917
22.37 -0.002086028
22.38 -0.0007397991
22.39 -0.0008431183
22.4 -0.001459463
22.41 -0.00291097
22.42 -0.003464893
22.43 -0.002131862
22.44 0.0006228217
22.45 0.003115117
22.46 0.004319799
22.47 0.004778209
22.48 0.003883571
22.49 0.003396884
22.5 0.00354117
22.51 0.003099629
22.52 0.00153237
22.53 0.00011492
22.54 -0.0009788973
22.55 -0.001210235
22.56 -0.001106306
22.57 -0.0005901695
22.58 0.001444548
22.59 0.003411576
22.6 0.003594953
22.61 0.002786334
22.62 6.1712e-05
22.63 -0.002787461
22.64 -0.00624621
22.65 -0.01041572
22.66 -0.0144695
22.67 -0.01691002
22.68 -0.01796227
22.69 -0.01922325
22.7 -0.01981918
22.71 -0.01968575
22.72 -0.0191068
22.73 -0.01645392
22.74 -0.01409127
22.75 -0.0116946
22.76 -0.007727903
22.77 -0.003741105
22.78 -0.001132222
22.79 0.00305888
22.8 0.006593048
22.81 0.00946254
22.82 0.01192654
22.83 0.01251109
22.84 0.01424771
22.85 0.01416233
22.86 0.01146551
22.87 0.01001326
22.88 0.009136387
22.89 0.005636752
22.9 0.002109923
22.91 -0.0004222967
22.92 -0.003017945
22.93 -0.005744828
22.94 -0.007871048
22.95 -0.009020407
22.96 -0.009120344
22.97 -0.008124512
22.98 -0.007136006
22.99 -0.003935298
23 -0.0002194689
23.01 0.003229642
23.02 0.005962599
23.03 0.007709023
23.04 0.01016287
23.05 0.01302431
23.06 0.01485767
23.07 0.01599225
23.08 0.01701271
23.09 0.01710087
23.1 0.0168947
23.11 0.01689644
23.12 0.01693582
23.13 0.01692169
23.14 0.01660218
23.15 0.014814
23.16 0.01249444
23.17 0.01118842
23.18 0.01007267
23.19 0.008594531
23.2 0.007545619
23.21 0.007082303
23.22 0.00649314
23.23 0.00643208
23.24 0.005632137
23.25 0.004899306
23.26 0.003640342
23.27 0.002856016
23.28 0.002825968
23.29 0.001941767
23.3 0.0007020009
23.31 0.0005679557
23.32 0.0007723707
23.33 0.0007505332
23.34 0.000575826
23.35 -0.0005515206
23.36 -0.001775086
23.37 -0.001847192
23.38 -0.001655622
23.39 -0.002413151
23.4 -0.002978818
23.41 -0.003202539
23.42 -0.003977907
23.43 -0.004715485
23.44 -0.006040263
23.45 -0.006553731
23.46 -0.006363442
23.47 -0.006061892
23.48 -0.004822306
23.49 -0.00450824
23.5 -0.005109091
23.51 -0.003379702
23.52 -0.001433627
23.53 -0.0001698238
23.54 0.000463179
23.55 0.0003674659
23.56 0.0002452147
23.57 0.0004418913
23.58 0.001941286
23.59 0.004356086
23.6 0.006334142
23.61 0.008922143
23.62 0.01088626
23.63 0.01308464
23.64 0.01459916
23.65 0.01628555
23.66 0.01837192
23.67 0.0205898
23.68 0.02324253
23.69 0.02610158
23.7 0.02784318
23.71 0.02772043
23.72 0.02661487
23.73 0.02407233
23.74 0.01985981
23.75 0.01599894
23.76 0.01288277
23.77 0.009624109
23.78 0.007797308
23.79 0.006668728
23.8 0.005294864
23.81 0.004382469
23.82 0.004397903
23.83 0.003712631
23.84 0.001324355
23.85 -0.0007204527
23.86 -0.003202217
23.87 -0.005832183
23.88 -0.008730055
23.89 -0.01067756
23.9 -0.01270213
23.91 -0.0140807
23.92 -0.01409975
23.93 -0.01391135
23.94 -0.01391474
23.95 -0.01300455
23.96 -0.01168207
23.97 -0.01152333
23.98 -0.01130464
23.99 -0.009851783
24 -0.009184159
24.01 -0.009408866
24.02 -0.009250729
24.03 -0.007434232
24.04 -0.005174078
24.05 -0.004562503
24.06 -0.003938196
24.07 -0.002540219
24.08 -0.001039224
24.09 -0.0002595286
24.1 -0.0003492182
24.11 -0.0004648837
24.12 -0.0005481428
24.13 -0.001949245
24.14 -0.004884148
24.15 -0.007790104
24.16 -0.01035284
24.17 -0.01200523
24.18 -0.01214041
24.19 -0.01161042
24.2 -0.009786888
24.21 -0.00691385
24.22 -0.00492776
24.23 -0.002815309
24.24 -7.275638e-05
24.25 0.002437192
24.26 0.003103313
24.27 0.003582615
24.28 0.004018007
24.29 0.004033625
24.3 0.003996472
24.31 0.003549609
24.32 0.002694372
24.33 0.003510502
24.34 0.004178068
24.35 0.003975326
24.36 0.003810767
24.37 0.00438083
24.38 0.005827314
24.39 0.006359807
24.4 0.006141281
24.41 0.006069734
24.42 0.006111078
24.43 0.005471837
24.44 0.003990928
24.45 0.003475373
24.46 0.003695541
24.47 0.00383887
24.48 0.003790894
24.49 0.003738676
24.5 0.003739025
24.51 0.003737256
24.52 0.003723097
24.53 0.00323198
24.54 0.001046426
24.55 -0.002625045
24.56 -0.005714593
24.57 -0.007162273
24.58 -0.008219453
24.59 -0.009658172
24.6 -0.009634251
24.61 -0.007972244
24.62 -0.006440919
24.63 -0.005516699
24.64 -0.005494939
24.65 -0.005631085
24.66 -0.005617477
24.67 -0.005601014
24.68 -0.005620277
24.69 -0.005649284
24.7 -0.005716623
24.71 -0.005797487
24.72 -0.006645607
24.73 -0.007925334
24.74 -0.008152064
24.75 -0.007953222
24.76 -0.007959846
24.77 -0.008018482
24.78 -0.008146988
24.79 -0.009392957
24.8 -0.01091416
24.81 -0.01225893
24.82 -0.01279601
24.83 -0.01268435
24.84 -0.01262911
24.85 -0.01242285
24.86 -0.01068307
24.87 -0.008395131
24.88 -0.006338379
24.89 -0.003646454
24.9 -0.0007080245
24.91 0.001110881
24.92 0.001052648
24.93 0.002197461
24.94 0.005233096
24.95 0.007267626
24.96 0.009202561
24.97 0.01102597
24.98 0.01374863
24.99 0.01572283
25 0.01685974
25.01 0.01796817
25.02 0.01771238
25.03 0.01622863
25.04 0.01392502
25.05 0.0110611
25.06 0.007238999
25.07 0.003110892
25.08 -0.0009660345
25.09 -0.003807177
25.1 -0.004970597
25.11 -0.006129126
25.12 -0.007543751
25.13 -0.008537291
25.14 -0.008608004
25.15 -0.008509369
25.16 -0.008458169
25.17 -0.007413877
25.18 -0.005950682
25.19 -0.004538914
25.2 -0.003836167
25.21 -0.004764803
25.22 -0.007241433
25.23 -0.009072258
25.24 -0.01059173
25.25 -0.01271097
25.26 -0.01351975
25.27 -0.01327088
25.28 -0.01284791
25.29 -0.01047281
25.3 -0.008388119
25.31 -0.008456249
25.32 -0.008803033
25.33 -0.008837174
25.34 -0.01008239
25.35 -0.01251347
25.36 -0.01353155
25.37 -0.01326823
25.38 -0.01315384
25.39 -0.01301165
25.4 -0.01069528
25.41 -0.008484874
25.42 -0.008494709
25.43 -0.00805101
25.44 -0.005595172
25.45 -0.003838831
25.46 -0.003935413
25.47 -0.004204023
25.48 -0.004134255
25.49 -0.004093668
25.5 -0.004127905
25.51 -0.004359396
25.52 -0.005259171
25.53 -0.003674528
25.54 7.165047e-06
25.55 0.001190612
25.56 0.002793182
25.57 0.005642252
25.58 0.008681564
25.59 0.009948642
25.6 0.009664746
25.61 0.009499621
25.62 0.009589917
25.63 0.009602972
25.64 0.009569579
25.65 0.009562632
25.66 0.009562478
25.67 0.009555771
25.68 0.009866778
25.69 0.01122666
25.7 0.01139783
25.71 0.00982309
25.72 0.009249317
25.73 0.009528408
25.74 0.009636233
25.75 0.009057559
25.76 0.006890511
25.77 0.004846073
25.78 0.004653872
25.79 0.004980677
25.8 0.005065569
25.81 0.005063586
25.82 0.00506395
25.83 0.005061036
25.84 0.005499697
25.85 0.008053816
25.86 0.009896164
25.87 0.009707142
25.88 0.009250386
25.89 0.007240747
25.9 0.00463573
25.91 0.002597209
25.92 0.0006720596
25.93 0.0001692542
25.94 0.0004170432
25.95 0.0004536186
25.96 0.0003821753
25.97 0.0003800153
25.98 0.0003913773
25.99 0.0003839836
26 0.0003766106
26.01 0.0003737655
26.02 0.0003637353
26.03 -0.0002180852
26.04 -0.002425338
26.05 -0.004523522
26.06 -0.006975609
26.07 -0.008951302
26.08 -0.009500981
26.09 -0.01058283
26.1 -0.01032044
26.11 -0.008846186
26.12 -0.008532285
26.13 -0.00879726
26.14 -0.008242034
26.15 -0.006690542
26.16 -0.005202696
26.17 -0.004067233
26.18 -0.003955324
26.19 -0.004122861
26.2 -0.004032344
26.21 -0.002265259
26.22 0.0003780964
26.23 0.0008614901
26.24 0.0004454745
26.25 0.001007256
26.26 0.003285106
26.27 0.005187135
26.28 0.005241963
26.29 0.00491109
26.3 0.004974044
26.31 0.006459648
26.32 0.009358254
26.33 0.01011333
26.34 0.009648413
26.35 0.009580624
26.36 0.009101355
26.37 0.006918926
26.38 0.004952113
26.39 0.003516457
26.4 0.001345182
26.41 -0.0001646172
26.42 -0.002097285
26.43 -0.004011551
26.44 -0.004260886
26.45 -0.003958978
26.46 -0.003910911
26.47 -0.003966512
26.48 -0.004759349
26.49 -0.006305308
26.5 -0.007380142
26.51 -0.005695728
26.52 -0.003667192
26.53 -0.003657585
26.54 -0.003100779
26.55 -0.0006259526
26.56 0.0008790966
26.57 0.001523595
26.58 0.004197728
26.59 0.005708792
26.6 0.005162281
26.61 0.002698013
26.62 0.0004871122
26.63 0.0008796381
26.64 0.003249457
26.65 0.005378005
26.66 0.007758651
26.67 0.009984115
26.68 0.01095529
26.69 0.01336843
26.7 0.01476732
26.71 0.01439183
26.72 0.01311193
26.73 0.01178279
26.74 0.01037866
26.75 0.008484553
26.76 0.0058233
26.77 0.005037194
26.78 0.005420751
26.79 0.005498599
26.8 0.005397793
26.81 0.005401092
26.82 0.005428684
26.83 0.005246377
26.84 0.003699593
26.85 0.001369512
26.86 0.0006346693
26.87 0.0009369507
26.88 0.001012359
26.89 0.0009308104
26.9 0.0009384054
26.91 0.001500142
26.92 0.003656315
26.93 0.005706358
26.94 0.006086998
26.95 0.007370696
26.96 0.009722861
26.97 0.01049479
26.98 0.01003364
26.99 0.007972141
27 0.005399462
27.01 0.003196587
27.02 -0.0007261516
27.03 -0.004999787
27.04 -0.008918844
27.05 -0.01185576
27.06 -0.01448742
27.07 -0.01670468
27.08 -0.01731579
27.09 -0.0170667
27.1 -0.01700794
27.11 -0.01707119
27.12 -0.01706626
27.13 -0.01704439
27.14 -0.01704165
27.15 -0.01686767
27.16 -0.01466293
27.17 -0.01216691
27.18 -0.01155233
27.19 -0.009902443
27.2 -0.007860203
27.21 -0.00754308
27.22 -0.007852525
27.23 -0.007467993
27.24 -0.005392295
27.25 -0.003142797
27.26 -0.001806378
27.27 0.0004254594
27.28 0.003105519
27.29 0.004546757
27.3 0.006343015
27.31 0.009222715
27.32 0.01096787
27.33 0.01092163
27.34 0.01139419
27.35 0.01376316
27.36 0.01389013
27.37 0.01289318
27.38 0.01185728
27.39 0.01089439
27.4 0.01079414
27.41 0.01035531
27.42 0.008177552
27.43 0.00632596
27.44 0.00625197
27.45 0.006534427
27.46 0.006496642
27.47 0.006447029
27.48 0.006391086
27.49 0.005501574
27.5 0.005515924
27.51 0.006500663
27.52 0.006671531
27.53 0.006484782
27.54 0.006601282
27.55 0.007587883
27.56 0.007472428
27.57 0.006510017
27.58 0.006365623
27.59 0.005634812
27.6 0.003281415
27.61 0.001314005
27.62 -0.001209496
27.63 -0.002715465
27.64 -0.002475513
27.65 -0.00118092
27.66 0.001135255
27.67 0.002742271
27.68 0.004428949
27.69 0.006555555
27.7 0.0072234
27.71 0.008008066
27.72 0.008930935
27.73 0.008128378
27.74 0.008463704
27.75 0.009263993
27.76 0.00831746
27.77 0.006849981
27.78 0.006742909
27.79 0.007064064
27.8 0.007054967
27.81 0.006091549
27.82 0.00366307
27.83 0.002199993
27.84 0.002374264
27.85 0.002653072
27.86 0.002520308
27.87 0.000572695
27.88 -0.002024545
27.89 -0.00232606
27.9 -0.001864896
27.91 -0.001815928
27.92 -0.001877709
27.93 -0.00197738
27.94 -0.003147122
27.95 -0.004272218
27.96 -0.004800476
27.97 -0.005983743
27.98 -0.006493589
27.99 -0.006312882
28 -0.006235388
28.01 -0.00627916
28.02 -0.006277187
28.03 -0.006254529
28.04 -0.006124215
28.05 -0.004913296
28.06 -0.003402317
28.07 -0.002027723
28.08 -0.000642102
28.09 0.001608622
28.1 0.003183794
28.11 0.003164869
28.12 0.002492445
28.13 0.001079352
28.14 -0.0002822352
28.15 -0.001401244
28.16 -0.001336897
28.17 0.0005331248
28.18 0.002877362
28.19 0.003517725
28.2 0.0040699
28.21 0.004457919
28.22 0.004526495
28.23 0.003973206
28.24 0.003345717
28.25 0.00328725
28.26 0.002273391
28.27 -0.0001351095
28.28 -0.00133904
28.29 -0.001100929
28.3 -0.000971666
28.31 -0.001849859
28.32 -0.00231096
28.33 -0.002871439
28.34 -0.00488964
28.35 -0.005785919
28.36 -0.005466756
28.37 -0.005280928
28.38 -0.005347706
28.39 -0.005361624
28.4 -0.00533066
28.41 -0.005361843
28.42 -0.006323738
28.43 -0.008676925
28.44 -0.01031343
28.45 -0.01191322
28.46 -0.01394429
28.47 -0.01469263
28.48 -0.016444
28.49 -0.01888106
28.5 -0.0191685
28.51 -0.01868574
28.52 -0.01866007
28.53 -0.01863458
28.54 -0.01735556
28.55 -0.01491921
28.56 -0.01337814
28.57 -0.0115596
28.58 -0.009453284
28.59 -0.008075211
28.6 -0.007386929
28.61 -0.008195502
28.62 -0.007855951
28.63 -0.007591867
28.64 -0.007958137
28.65 -0.006115327
28.66 -0.004472985
28.67 -0.004533057
28.68 -0.00470174
28.69 -0.003823101
28.7 -0.002261901
28.71 -0.0007158513
28.72 0.0005871955
28.73 0.001988719
28.74 0.003282258
28.75 0.004598977
28.76 0.005000265
28.77 0.004853945
28.78 0.004817088
28.79 0.004294667
28.8 0.002862409
28.81 0.002254293
28.82 0.001407317
28.83 0.000356342
28.84 0.0002716311
28.85 -0.0002051078
28.86 -0.001756942
28.87 -0.003173854
28.88 -0.004031411
28.89 -0.004049195
28.9 -0.003924566
28.91 -0.003940279
28.92 -0.003957721
28.93 -0.0041307
28.94 -0.005402133
28.95 -0.006400932
28.96 -0.006320783
28.97 -0.006067365
28.98 -0.005149173
28.99 -0.004834931
29 -0.00443277
29.01 -0.003723732
29.02 -0.002816111
29.03 -0.0005338146
29.04 0.001132078
29.05 0.001092349
29.06 0.001320655
29.07 0.002932067
29.08 0.00442631
29.09 0.005505715
29.1 0.005675871
29.11 0.005574025
29.12 0.005701845
29.13 0.00580087
29.14 0.005784381
29.15 0.005773414
29.16 0.005467376
29.17 0.004087572
29.18 0.00264501
29.19 0.0006124269
29.2 -0.001185864
29.21 -0.002237396
29.22 -0.001736037
29.23 -0.0008388943
29.24 -3.818885e-05
29.25 0.001253608
29.26 0.001625622
29.27 0.001761518
29.28 0.00316824
29.29 0.004071248
29.3 0.003919948
29.31 0.003665131
29.32 0.002536962
29.33 0.001440549
29.34 0.001442136
29.35 0.001694298
29.36 0.001669496
29.37 0.0005023401
29.38 -0.0006596685
29.39 -0.0006509555
29.4 -0.0004218041
29.41 0.0003677013
29.42 0.001703685
29.43 0.002000647
29.44 0.001842603
29.45 0.001872509
29.46 0.001925551
29.47 0.001916314
29.48 0.001729212
29.49 0.0005107199
29.5 -0.0004539069
29.51 -0.001014084
29.52 -0.002280253
29.53 -0.002772451
29.54 -0.002569719
29.55 -0.002449268
29.56 -0.002461165
29.57 -0.002467282
29.58 -0.002453404
29.59 -0.00240313
29.6 -0.002335922
29.61 -0.002270476
29.62 -0.00224124
29.63 -0.002172774
29.64 -0.001202064
29.65 1.878912e-05
29.66 0.0002478354
29.67 0.0001336206
29.68 0.000145937
29.69 0.0002978861
29.7 0.001379576
29.71 0.002560695
29.72 0.002703961
29.73 0.002615336
29.74 0.002664449
29.75 0.002569778
29.76 0.001362399
29.77 0.0002326795
29.78 -0.0002492276
29.79 -0.001401492
29.8 -0.001913946
29.81 -0.001734694
29.82 -0.001661599
29.83 -0.001284324
29.84 0.0007322364
29.85 0.002925935
29.86 0.004239831
29.87 0.005460198
29.88 0.006599712
29.89 0.006512176
29.9 0.00639489
29.91 0.005504373
29.92 0.004093798
29.93 0.003104025
29.94 0.003100909
29.95 0.003245985
29.96 0.003217353
29.97 0.003353261
29.98 0.004835887
29.99 0.007221495
30 0.00809634
30.01 0.00649698
30.02 0.003604076
30.03 0.002985348
30.04 0.003215482
30.05 0.001532499
30.06 -0.0008415097
30.07 -0.001439084
30.08 -0.002129605
30.09 -0.004474776
30.1 -0.005862817
30.11 -0.005625514
30.12 -0.005393187
30.13 -0.005483559
30.14 -0.005520822
30.15 -0.005481763
30.16 -0.005418208
30.17 -0.005387385
30.18 -0.005344873
30.19 -0.004242623
30.2 -0.001748244
30.21 -0.0004146449
30.22 -0.0001211993
30.23 0.001920445
30.24 0.005028579
30.25 0.007668322
30.26 0.0087916
30.27 0.008677523
30.28 0.009143067
30.29 0.01074864
30.3 0.01220551
30.31 0.01323256
30.32 0.01343574
30.33 0.01338113
30.34 0.013397
30.35 0.01344821
30.36 0.01348426
30.37 0.01349729
30.38 0.01349527
30.39 0.01346705
30.4 0.01269906
30.41 0.01121448
30.42 0.009866958
30.43 0.008704228
30.44 0.006867098
30.45 0.00415344
30.46 0.002184282
30.47 0.0008938317
30.48 -0.001254966
30.49 -0.002482935
30.5 -0.002890105
30.51 -0.004156664
30.52 -0.004732546
30.53 -0.00453562
30.54 -0.004401856
30.55 -0.003955593
30.56 -0.00185708
30.57 0.000257222
30.58 0.0006475325
30.59 0.001584118
30.6 0.003107373
30.61 0.004485398
30.62 0.004310898
30.63 0.003848329
30.64 0.0048515
30.65 0.005271157
30.66 0.00460419
30.67 0.002466812
30.68 0.0005164735
30.69 0.0003787747
30.7 0.000499466
30.71 -0.0008314554
30.72 -0.001850897
30.73 -0.001739869
30.74 -0.00158014
30.75 -0.001639359
30.76 -0.00165627
30.77 -0.002010708
30.78 -0.003389998
30.79 -0.004897847
30.8 -0.007051586
30.81 -0.008437134
30.82 -0.008371077
30.83 -0.008112494
30.84 -0.008136891
30.85 -0.008182743
30.86 -0.008169154
30.87 -0.008162455
30.88 -0.00814933
30.89 -0.008088927
30.9 -0.008061966
30.91 -0.008072412
30.92 -0.008077755
30.93 -0.008061153
30.94 -0.007988833
30.95 -0.007263176
30.96 -0.005754516
30.97 -0.004261988
30.98 -0.002952874
30.99 -0.001048734
31 0.001106272
31.01 0.001662763
31.02 0.002416458
31.03 0.003692836
31.04 0.003891514
31.05 0.003667053
31.06 0.003626967
31.07 0.002835672
31.08 0.001596378
31.09 0.001420481
31.1 0.001222579
31.11 -0.0007451814
31.12 -0.002869636
31.13 -0.00328312
31.14 -0.003937783
31.15 -0.003770184
31.16 -0.003410692
31.17 -0.004694071
31.18 -0.004504297
31.19 -0.00307482
31.2 -0.004008788
31.21 -0.005344398
31.22 -0.005255721
31.23 -0.004951582
31.24 -0.005113563
31.25 -0.006365931
31.26 -0.007469198
31.27 -0.00744605
31.28 -0.007198781
31.29 -0.006380124
31.3 -0.005973476
31.31 -0.005730731
31.32 -0.004960647
31.33 -0.004206591
31.34 -0.002848621
31.35 -0.002118226
31.36 -6.780182e-05
31.37 0.002554735
31.38 0.004114658
31.39 0.00521485
31.4 0.006582021
31.41 0.00677837
31.42 0.005341118
31.43 0.004250924
31.44 0.003795341
31.45 0.002537004
31.46 0.0009407558
31.47 -0.001268083
31.48 -0.002472195
31.49 -0.002360233
31.5 -0.002997742
31.51 -0.005366838
31.52 -0.007042013
31.53 -0.00716722
31.54 -0.008276361
31.55 -0.00865836
31.56 -0.007055226
31.57 -0.006350866
31.58 -0.006611916
31.59 -0.006680153
31.6 -0.006558309
31.61 -0.006466358
31.62 -0.006351948
31.63 -0.00526296
31.64 -0.004024305
31.65 -0.003506134
31.66 -0.002218421
31.67 -0.001450498
31.68 -0.001357091
31.69 0.0007753779
31.7 0.003154692
31.71 0.003261958
31.72 0.002876798
31.73 0.002944137
31.74 0.003033711
31.75 0.003012358
31.76 0.003038292
31.77 0.003173473
31.78 0.003239091
31.79 0.003224645
31.8 0.003227133
31.81 0.003290705
31.82 0.003765204
31.83 0.004555911
31.84 0.00376767
31.85 0.003130689
31.86 0.003263817
31.87 0.003365423
31.88 0.003335332
31.89 0.003420136
31.9 0.004268115
31.91 0.004614973
31.92 0.004552262
31.93 0.003931866
31.94 0.003319292
31.95 0.003363108
31.96 0.002532167
31.97 0.001292825
31.98 0.001149738
31.99 0.0008642853
32 -0.0004701654
32.01 -0.0009747708
32.02 -0.0007386715
32.03 -0.0006487848
32.04 -0.00064193
32.05 -0.0005992362
32.06 -0.0005061528
32.07 0.000446734
32.08 0.001624331
32.09 0.002098709
32.1 0.003185196
32.11 0.003883998
32.12 0.004561437
32.13 0.005833668
32.14 0.007268288
32.15 0.007985507
32.16 0.007838233
32.17 0.007603449
32.18 0.006674146
32.19 0.005600145
32.2 0.005189598
32.21 0.004028302
32.22 0.003318176
32.23 0.003428929
32.24 0.003499292
32.25 0.003412496
32.26 0.003361784
32.27 0.003367463
32.28 0.004020826
32.29 0.004441381
32.3 0.004395343
32.31 0.003926617
32.32 0.003256951
32.33 0.003157307
32.34 0.002487091
32.35 0.001265811
32.36 0.001019602
32.37 0.0009132896
32.38 -0.0006912442
32.39 -0.002517415
32.4 -0.002874251
32.41 -0.00375802
32.42 -0.005698749
32.43 -0.006436323
32.44 -0.006126325
32.45 -0.005960794
32.46 -0.005964467
32.47 -0.00568279
32.48 -0.004105415
32.49 -0.002170199
32.5 -0.001664768
32.51 -0.001164316
32.52 -0.0001739024
32.53 0.0003069334
32.54 0.001293352
32.55 0.001887193
32.56 0.001762818
32.57 0.001645201
32.58 0.001660198
32.59 0.001350696
32.6 0.0002814194
32.61 -0.0001964265
32.62 0.0006956552
32.63 0.001787297
32.64 0.001838617
32.65 0.001628363
32.66 0.001620561
32.67 0.001630136
32.68 0.001589031
32.69 0.001553111
32.7 0.001835065
32.71 0.00286774
32.72 0.003335732
32.73 0.00313941
32.74 0.003008583
32.75 0.003218377
32.76 0.004129991
32.77 0.004572763
32.78 0.003762946
32.79 0.002681913
32.8 0.002335915
32.81 0.001544962
32.82 0.0009178638
32.83 0.0009037258
32.84 0.0003225539
32.85 -0.0006056432
32.86 -0.0007352995
32.87 -0.0008695742
32.88 -0.001763894
32.89 -0.001658118
32.9 -0.0006555858
32.91 -0.0003727494
32.92 -0.0005038875
32.93 -0.0005264839
32.94 -0.0005005492
32.95 -0.0005118919
32.96 -0.0005288907
32.97 -0.0007313514
32.98 -0.001573138
32.99 -0.002050145
33 -0.001936911
33.01 -0.0018427
33.02 -0.001848586
33.03 -0.00180183
33.04 -0.001746932
33.05 -0.001708657
33.06 -0.001658621
33.07 -0.001628307
33.08 -0.001612939
33.09 -0.001856979
33.1 -0.00267014
33.11 -0.002979999
33.12 -0.002715355
33.13 -0.001940293
33.14 -0.001335228
33.15 -0.001318169
33.16 -0.0009796349
33.17 -0.0002166237
33.18 -1.476717e-05
33.19 -0.0001243201
33.2 -0.0001464193
33.21 -0.0001296222
33.22 -0.0001776555
33.23 -0.0006767045
33.24 -0.001261641
33.25 -0.001295216
33.26 -0.001172072
33.27 -0.0008501903
33.28 -0.0006355916
33.29 -0.001065173
33.3 -0.001224141
33.31 -0.001115845
33.32 -0.00107366
33.33 -0.001076785
33.34 -0.001056866
33.35 -0.001025915
33.36 -0.0009811543
33.37 -0.0009447162
33.38 -0.0009258156
33.39 -0.0008926546
33.4 -0.0007745145
33.41 -0.0002562468
33.42 0.0001220234
33.43 7.855978e-05
33.44 8.783167e-06
33.45 4.859888e-05
33.46 8.61827e-05
33.47 6.62393e-05
33.48 -0.0001497385
33.49 -0.0006720394
33.5 -0.0008569676
33.51 -0.0007653373
33.52 -0.0007252082
33.53 -0.0007294901
33.54 -0.0007142178
33.55 -0.000692202
33.56 -0.0007134461
33.57 -0.001129191
33.58 -0.001830884
33.59 -0.002045864
33.6 -0.001885337
33.61 -0.001801577
33.62 -0.002000986
33.63 -0.001910745
33.64 -0.001541184
33.65 -0.001556034
33.66 -0.00171193
33.67 -0.001390584
33.68 -0.001164272
33.69 -0.001145294
33.7 -0.001100332
33.71 -0.0008555126
33.72 -0.000464476
33.73 -0.00030869
33.74 -6.768777e-05
33.75 0.0001714504
33.76 0.0002086923
33.77 0.0001919083
33.78 0.0002004133
33.79 0.0002539824
33.8 0.0004957481
33.81 0.0006573845
33.82 0.000637722
33.83 0.0006079758
33.84 0.0005980706
33.85 0.0005802026
33.86 0.0005582448
33.87 0.0005390165
33.88 0.0005206917
33.89 0.0005020442
33.9 0.000456158
33.91 0.0002585456
33.92 0.0001167962
33.93 0.0001355545
33.94 0.0001677825
33.95 0.0001653233
33.96 0.0001314615
33.97 -2.401119e-05
33.98 -0.0001732208
33.99 -0.0002836041
34 -0.0002747328
34.01 -0.0002193606
34.02 -0.0001843896
34.03 -0.0001152718
34.04 4.190571e-05
34.05 0.0001204427
34.06 0.0001256223
34.07 0.0001532706
34.08 0.0002712432
34.09 0.000337792
34.1 0.0003269694
34.11 0.0003848921
34.12 0.0004730331
34.13 0.0004889981
34.14 0.0005395979
34.15 0.0005258896
34.16 0.0004140834
34.17 0.0003567993
34.18 0.0002969326
34.19 0.0002447211
34.2 0.0002126961
34.21 0.0001516131
34.22 0.0001349958
34.23 0.0001506272
34.24 0.0001604346
34.25 0.0001803651
34.26 0.0002331764
34.27 0.0002797953
34.28 0.0003110458
34.29 0.0003044697
34.3 0.0002864256
34.31 0.0002750775
34.32 0.0002851684
34.33 0.0003065056
34.34 0.0002965477
34.35 0.0002737979
34.36 0.0002481777
34.37 0.0002084981
34.38 0.0001878795
34.39 0.0001801129
34.4 0.0001532285
34.41 0.0001293452
34.42 0.0001257584
34.43 0.0001246881
34.44 0.0001202183
34.45 0.0001159561
34.46 0.0001124534
34.47 0.0001092607
34.48 0.00010645
34.49 9.632359e-05
34.5 8.305832e-05
34.51 8.025403e-05
34.52 8.109463e-05
34.53 8.003775e-05
34.54 7.49339e-05
34.55 6.758985e-05
34.56 6.583939e-05
34.57 6.208148e-05
34.58 5.950787e-05
34.59 6.131478e-05
34.6 6.32807e-05
34.61 6.397412e-05
34.62 6.42874e-05
34.63 6.443152e-05
34.64 6.328307e-05
34.65 6.064759e-05
34.66 6.000966e-05
34.67 6.170956e-05
34.68 6.241513e-05
34.69 6.085362e-05
34.7 5.835593e-05
34.71 5.614965e-05
34.72 5.444956e-05
34.73 5.276067e-05
34.74 5.0976e-05
34.75 4.854526e-05
34.76 4.588855e-05
34.77 4.321683e-05
34.78 4.047371e-05
34.79 3.770086e-05
34.8 3.501768e-05
34.81 3.209534e-05
34.82 2.898693e-05
34.83 2.589431e-05
34.84 2.283028e-05
34.85 1.979005e-05
34.86 1.677117e-05
34.87 1.373576e-05
34.88 1.074349e-05
34.89 7.777242e-06
34.9 4.84652e-06
34.91 1.962986e-06
34.92 -8.729265e-07
34.93 -3.660729e-06
34.94 -6.400561e-06
34.95 -9.091455e-06
34.96 -1.173089e-05
34.97 -1.431856e-05
34.98 -1.685482e-05
