0 1.28912e-05
0.01 1.015814e-05
0.02 6.855267e-06
0.03 3.258674e-06
0.04 -2.386101e-07
0.05 -2.679827e-06
0.06 -6.556777e-06
0.07 -1.152809e-05
0.08 -2.194457e-05
0.09 -2.89334e-05
0.1 -2.94149e-05
0.11 -3.143678e-05
0.12 -4.174004e-05
0.13 -4.790256e-05
0.14 -4.792707e-05
0.15 -5.656764e-05
0.16 -6.90538e-05
0.17 -6.706638e-05
0.18 -6.330349e-05
0.19 -7.590282e-05
0.2 -0.0001000032
0.21 -0.0001079236
0.22 -0.0001142108
0.23 -0.0001254859
0.24 -0.000138361
0.25 -0.0001510079
0.26 -0.0001062783
0.27 -7.403808e-05
0.28 -0.0001470051
0.29 -0.0001728348
0.3 -0.0001515578
0.31 -0.0001599958
0.32 -0.0001268299
0.33 -0.000105411
0.34 -0.000128409
0.35 -0.0001650901
0.36 -0.0001804359
0.37 -0.0001912322
0.38 -0.0002160246
0.39 -0.0003868446
0.4 -0.0004351838
0.41 -0.0002720698
0.42 -0.0001677235
0.43 -0.0002580997
0.44 -0.0002545371
0.45 -0.0001185246
0.46 -7.100149e-05
0.47 -5.770434e-05
0.48 -8.243462e-05
0.49 -0.0001123849
0.5 -0.0001128034
0.51 -0.0001058121
0.52 -2.246452e-05
0.53 -4.019123e-05
0.54 -0.0002955534
0.55 -0.0004203891
0.56 -0.0003693208
0.57 -0.0002997368
0.58 -0.0002339154
0.59 -0.0001872372
0.6 -0.0003564484
0.61 -0.0005576242
0.62 -0.0005612682
0.63 -0.0004391458
0.64 -0.0004215689
0.65 -0.0003273397
0.66 -0.0001703746
0.67 -0.000223535
0.68 -0.0001963669
0.69 -7.013558e-05
0.7 0.000147416
0.71 0.0004155535
0.72 0.0005120217
0.73 0.0005087918
0.74 0.0003896494
0.75 0.0005275936
0.76 0.0006300723
0.77 0.0001974527
0.78 -0.0002324946
0.79 -0.0004828165
0.8 -0.0008481058
0.81 -0.0009904139
0.82 -0.00102977
0.83 -0.001050316
0.84 -0.0007937207
0.85 -0.0002781047
0.86 5.978312e-05
0.87 5.096912e-05
0.88 -0.0002291823
0.89 0.0004055693
0.9 0.001358034
0.91 0.001592984
0.92 0.001408274
0.93 0.001398567
0.94 0.001076916
0.95 0.0003784971
0.96 0.0002516741
0.97 0.0003848752
0.98 0.000371117
0.99 1.116988e-05
1 -0.0005796571
1.01 -0.0009371385
1.02 -0.0007857509
1.03 -0.0005670747
1.04 -0.0006204634
1.05 -0.0005495448
1.06 -0.0004869264
1.07 -0.0006265816
1.08 -0.001034718
1.09 -0.001314862
1.1 -0.001124752
1.11 -0.001031679
1.12 -0.0008091221
1.13 -0.0006112864
1.14 -0.0009130327
1.15 -0.001013651
1.16 -0.0006944024
1.17 -0.0005157576
1.18 -0.0008142541
1.19 -0.00119225
1.2 -0.001724658
1.21 -0.001767579
1.22 -0.001095271
1.23 -0.0008012874
1.24 -0.0003748892
1.25 -5.290145e-05
1.26 0.0005312631
1.27 0.0009585929
1.28 0.0001982192
1.29 -0.0005886027
1.3 -0.0002477953
1.31 0.00026436
1.32 0.0007903199
1.33 0.001760557
1.34 0.001729329
1.35 0.001547008
1.36 0.001461958
1.37 0.001769595
1.38 0.001299584
1.39 -0.0004407251
1.4 -0.0008104143
1.41 0.0001677799
1.42 0.0005390846
1.43 0.0003761367
1.44 0.0003074774
1.45 -1.376744e-05
1.46 -0.000804544
1.47 -0.001489608
1.48 -0.001575657
1.49 -0.001329247
1.5 -0.0007396063
1.51 4.198073e-05
1.52 0.0003802328
1.53 0.0002930312
1.54 -0.0004650914
1.55 -0.001159972
1.56 -0.0009756181
1.57 -0.0004990156
1.58 -0.0003736629
1.59 -0.0003406473
1.6 -0.0002022066
1.61 -0.0001778505
1.62 -0.0005871909
1.63 -0.001479336
1.64 -0.001522682
1.65 -0.001606354
1.66 -0.001892316
1.67 -0.002135381
1.68 -0.001600468
1.69 -0.0006475232
1.7 0.001137982
1.71 0.00331213
1.72 0.004358204
1.73 0.003666917
1.74 0.002610954
1.75 0.001813326
1.76 0.001368603
1.77 0.0008664586
1.78 -5.482032e-05
1.79 -0.0006912887
1.8 8.121917e-05
1.81 0.0007512118
1.82 0.001098835
1.83 0.001426146
1.84 0.001447815
1.85 0.001433947
1.86 0.00137836
1.87 0.0001495939
1.88 -0.001879257
1.89 -0.002895792
1.9 -0.001988092
1.91 -0.0004089043
1.92 0.001118964
1.93 0.001646023
1.94 0.0008969465
1.95 -9.522623e-05
1.96 -0.0001989893
1.97 0.0003563448
1.98 0.0006271337
1.99 0.001276118
2 0.00166528
2.01 0.001721377
2.02 0.001748396
2.03 0.0008796798
2.04 -0.0004513522
2.05 -0.001472399
2.06 -0.001490456
2.07 -0.001117933
2.08 -0.0007443078
2.09 0.0001881151
2.1 0.001183484
2.11 0.002097495
2.12 0.003336612
2.13 0.004912429
2.14 0.004768351
2.15 0.003706368
2.16 0.003353042
2.17 0.00314874
2.18 0.002317655
2.19 0.001532567
2.2 0.001148177
2.21 0.0003755323
2.22 -0.0001651587
2.23 -0.0003147075
2.24 -2.363621e-05
2.25 0.0008648734
2.26 0.001795245
2.27 0.0009474248
2.28 -0.0008419604
2.29 -0.002109758
2.3 -0.002328429
2.31 -0.001916413
2.32 -0.001060444
2.33 -0.0008400169
2.34 -0.001043726
2.35 -0.0007761351
2.36 8.850815e-05
2.37 -0.0001104708
2.38 -0.0009897292
2.39 -0.0009012998
2.4 0.0008293893
2.41 0.001938812
2.42 0.002666954
2.43 0.00305655
2.44 0.003256158
2.45 0.002623956
2.46 0.001883776
2.47 0.0004863698
2.48 -0.001817381
2.49 -0.003419257
2.5 -0.003572839
2.51 -0.00348092
2.52 -0.003176882
2.53 -0.002496609
2.54 -0.001237245
2.55 2.940261e-05
2.56 0.001029818
2.57 0.001418748
2.58 0.001792022
2.59 0.0007367626
2.6 -0.0009305359
2.61 -0.001949902
2.62 -0.002092798
2.63 -0.001041852
2.64 -0.0002256896
2.65 0.0002394541
2.66 0.001015299
2.67 0.001435805
2.68 0.0015524
2.69 0.001150843
2.7 0.0006111441
2.71 0.0009719275
2.72 0.001498252
2.73 0.002157263
2.74 0.001808178
2.75 0.0001770239
2.76 -0.0009878096
2.77 -0.001540936
2.78 -0.002286448
2.79 -0.002643578
2.8 -0.002350868
2.81 -0.001654318
2.82 -0.0009041457
2.83 -4.549845e-05
2.84 0.0004061274
2.85 -0.0002074847
2.86 -0.0007187384
2.87 -0.001347198
2.88 -0.002226976
2.89 -0.002129464
2.9 -0.000496896
2.91 0.0001901975
2.92 -0.0002790585
2.93 -0.0007049379
2.94 -0.001665499
2.95 -0.002274045
2.96 -0.001462532
2.97 -3.691185e-05
2.98 0.001880913
2.99 0.003490475
3 0.003617016
3.01 0.003063068
3.02 0.002709426
3.03 0.002045466
3.04 0.0007303644
3.05 -0.0004077086
3.06 -0.0009296763
3.07 -0.001270462
3.08 -0.001759038
3.09 -0.002176474
3.1 -0.001949494
3.11 -0.001868345
3.12 -0.001917763
3.13 -0.002481382
3.14 -0.003078741
3.15 -0.002641736
3.16 -0.001232087
3.17 -0.000426466
3.18 0.0001382908
3.19 -0.0001240663
3.2 -0.0008375144
3.21 -0.001167072
3.22 -0.001292543
3.23 -0.001415859
3.24 -0.001151475
3.25 -0.0004999725
3.26 0.0009980575
3.27 0.002231183
3.28 0.001857282
3.29 0.001449681
3.3 0.002451316
3.31 0.003667861
3.32 0.003785569
3.33 0.003332122
3.34 0.00303404
3.35 0.002841037
3.36 0.002563685
3.37 0.002284574
3.38 0.0007061108
3.39 -0.001186484
3.4 -0.001356728
3.41 -0.00121569
3.42 -0.001671109
3.43 -0.001886439
3.44 -0.001275372
3.45 -0.0005222288
3.46 -0.0003639714
3.47 -0.0002687522
3.48 -0.0007728924
3.49 -0.001407639
3.5 -0.001532658
3.51 -0.00175533
3.52 -0.001189218
3.53 -0.001020865
3.54 -0.001990928
3.55 -0.003036874
3.56 -0.002945928
3.57 -0.002849785
3.58 -0.002892644
3.59 -0.00238596
3.6 -0.001248202
3.61 -0.0001933404
3.62 0.000785883
3.63 0.00227249
3.64 0.003439211
3.65 0.004481188
3.66 0.005462959
3.67 0.006636687
3.68 0.006338747
3.69 0.005060785
3.7 0.004160813
3.71 0.003157737
3.72 0.000733329
3.73 -0.001351131
3.74 -0.002754452
3.75 -0.004437848
3.76 -0.004826982
3.77 -0.004523048
3.78 -0.00499526
3.79 -0.006159806
3.8 -0.00596584
3.81 -0.004802915
3.82 -0.003315313
3.83 -0.001805057
3.84 -0.0007995718
3.85 0.0004602666
3.86 0.001283449
3.87 0.001550642
3.88 0.0008216353
3.89 0.000770695
3.9 0.001393004
3.91 0.002088431
3.92 0.002755184
3.93 0.003348717
3.94 0.003521159
3.95 0.00362707
3.96 0.004265591
3.97 0.004253449
3.98 0.002961981
3.99 0.0009513314
4 -0.0003237634
4.01 -0.0003292852
4.02 3.59234e-05
4.03 0.0008482301
4.04 0.002873248
4.05 0.00440423
4.06 0.004354359
4.07 0.003530528
4.08 0.001657602
4.09 0.0001130489
4.1 -0.0005867155
4.11 -0.0007877849
4.12 -0.0007399665
4.13 -0.001040011
4.14 -0.001385964
4.15 -0.001502035
4.16 -0.001364033
4.17 -0.001508588
4.18 -0.002319126
4.19 -0.003861454
4.2 -0.004485919
4.21 -0.003922866
4.22 -0.002436555
4.23 -0.0004796691
4.24 7.98485e-05
4.25 0.0009461839
4.26 0.002641927
4.27 0.002207287
4.28 0.0005246466
4.29 -0.000306582
4.3 -0.0001159585
4.31 -0.0002865977
4.32 -0.0002855427
4.33 -0.0001000277
4.34 -0.0003364895
4.35 -0.0004838559
4.36 -0.00101212
4.37 -0.001550037
4.38 -0.001959149
4.39 -0.001873042
4.4 -0.0008302056
4.41 0.0004015756
4.42 0.001971551
4.43 0.00332435
4.44 0.003341062
4.45 0.001903767
4.46 0.0008046582
4.47 -0.0004705617
4.48 -0.002141665
4.49 -0.002725105
4.5 -0.002117288
4.51 -0.001178736
4.52 -0.0005089903
4.53 -9.564332e-05
4.54 2.587946e-05
4.55 -0.000432528
4.56 -0.001107567
4.57 -0.001080882
4.58 -0.0005753491
4.59 -2.688296e-05
4.6 0.0002028945
4.61 0.0003929151
4.62 0.0008075473
4.63 0.0004509121
4.64 -3.013095e-05
4.65 -0.0002588684
4.66 0.0002566435
4.67 0.0009408115
4.68 0.00105343
4.69 0.001135574
4.7 0.002151982
4.71 0.003003745
4.72 0.003341349
4.73 0.0028726
4.74 0.001769582
4.75 0.0005532629
4.76 0.0001546513
4.77 -0.0004241437
4.78 -0.0008329245
4.79 -0.0008335969
4.8 -0.0007380226
4.81 0.0001686149
4.82 0.001538343
4.83 0.00199501
4.84 0.001555571
4.85 0.0004346906
4.86 -0.0007286856
4.87 -0.001417598
4.88 -0.003129429
4.89 -0.004812333
4.9 -0.00413126
4.91 -0.003247324
4.92 -0.003080255
4.93 -0.002437815
4.94 -0.001151546
4.95 0.0004907504
4.96 0.002661897
4.97 0.003615781
4.98 0.004382132
4.99 0.005362168
5 0.005270505
5.01 0.003932802
5.02 0.002664072
5.03 0.001470495
5.04 -0.0001292707
5.05 -0.001825404
5.06 -0.003028948
5.07 -0.002672569
5.08 -0.001315218
5.09 0.000692246
5.1 0.002693428
5.11 0.004239185
5.12 0.005539183
5.13 0.005954761
5.14 0.005497571
5.15 0.00463025
5.16 0.003547534
5.17 0.002763703
5.18 0.001542776
5.19 -0.0002344306
5.2 -0.0009718827
5.21 -0.001314034
5.22 -0.001522197
5.23 -0.002161898
5.24 -0.002838045
5.25 -0.002392855
5.26 -0.001148645
5.27 -0.0007454942
5.28 -0.001234111
5.29 -0.0006244809
5.3 0.0005855368
5.31 0.0005414021
5.32 -0.0004508715
5.33 -0.001149856
5.34 -0.001753801
5.35 -0.002579693
5.36 -0.002510807
5.37 -0.001641494
5.38 -0.000743094
5.39 0.0005825195
5.4 0.002593154
5.41 0.003309122
5.42 0.002690075
5.43 0.001162495
5.44 -0.0004509557
5.45 -0.001418329
5.46 -0.002299539
5.47 -0.003671526
5.48 -0.005287553
5.49 -0.004580388
5.5 -0.002350706
5.51 -0.0008111617
5.52 0.0008188811
5.53 0.001844065
5.54 0.001641514
5.55 0.000824977
5.56 5.917908e-06
5.57 -0.0007849238
5.58 -0.001421147
5.59 -0.002060119
5.6 -0.00223038
5.61 -0.00255262
5.62 -0.002863615
5.63 -0.003673395
5.64 -0.004559306
5.65 -0.004796675
5.66 -0.005019188
5.67 -0.005501457
5.68 -0.00529865
5.69 -0.004320784
5.7 -0.002922073
5.71 -0.002118594
5.72 -0.00209043
5.73 -0.001768396
5.74 -0.00176889
5.75 -0.0007697306
5.76 0.001267941
5.77 0.001897398
5.78 0.001370775
5.79 0.001577195
5.8 0.001917566
5.81 0.001878711
5.82 0.001786742
5.83 0.001741043
5.84 0.001686979
5.85 0.00139347
5.86 0.001379832
5.87 0.001487045
5.88 0.001121083
5.89 0.000395258
5.9 0.0005789393
5.91 0.0009732458
5.92 -4.03364e-05
5.93 -0.001262128
5.94 -0.001714161
5.95 -0.001799393
5.96 -0.001847517
5.97 -0.001743013
5.98 -0.001424945
5.99 -0.002032122
6 -0.00315406
6.01 -0.003763938
6.02 -0.003419007
6.03 -0.002360187
6.04 -0.0005337186
6.05 0.001250036
6.06 0.001410705
6.07 0.001119798
6.08 0.001095172
6.09 0.0008327735
6.1 0.0006806793
6.11 0.0006617582
6.12 0.0007798043
6.13 0.001625592
6.14 0.002991543
6.15 0.004057263
6.16 0.004547124
6.17 0.004106683
6.18 0.00305277
6.19 0.001412599
6.2 0.0005520635
6.21 0.0006470784
6.22 0.0004506311
6.23 0.0004550237
6.24 0.0006230481
6.25 0.0003495468
6.26 0.0002238978
6.27 0.0006774109
6.28 -0.0008831127
6.29 -0.002785978
6.3 -0.001709583
6.31 0.0001561556
6.32 0.0009906712
6.33 0.001908562
6.34 0.002785819
6.35 0.003066884
6.36 0.003414939
6.37 0.003395266
6.38 0.00218845
6.39 0.0004783415
6.4 -0.0001319063
6.41 3.636889e-05
6.42 5.679949e-05
6.43 -6.472617e-05
6.44 -8.571175e-05
6.45 -0.0001311207
6.46 -0.0004864202
6.47 -0.0006313452
6.48 -0.0004558348
6.49 0.0003316957
6.5 0.001619836
6.51 0.003397268
6.52 0.005253783
6.53 0.005693867
6.54 0.004799929
6.55 0.003635282
6.56 0.002325984
6.57 0.001646316
6.58 0.0003715251
6.59 -0.0003925166
6.6 -0.001103521
6.61 -0.002058048
6.62 -0.003160183
6.63 -0.004734973
6.64 -0.006209008
6.65 -0.007064538
6.66 -0.007725478
6.67 -0.008094422
6.68 -0.007373812
6.69 -0.006748154
6.7 -0.005955284
6.71 -0.005093692
6.72 -0.00370926
6.73 -0.001804049
6.74 -0.0004831837
6.75 0.001718277
6.76 0.004131238
6.77 0.004866462
6.78 0.004477208
6.79 0.004759052
6.8 0.00490612
6.81 0.004463398
6.82 0.003419906
6.83 0.002655276
6.84 0.002582009
6.85 0.002658451
6.86 0.002691794
6.87 0.002292132
6.88 0.001348871
6.89 -0.0003364665
6.9 -0.0009161791
6.91 -0.001288677
6.92 -0.001833897
6.93 -0.002452517
6.94 -0.003129071
6.95 -0.003285325
6.96 -0.00268555
6.97 -0.001872976
6.98 -0.00128697
6.99 -0.0008348184
7 -0.000308033
7.01 -0.0004686683
7.02 -0.001037498
7.03 -0.001023704
7.04 -0.0005673441
7.05 -0.0005418943
7.06 -0.0004510711
7.07 -0.0005039769
7.08 -0.0008799232
7.09 -0.001168702
7.1 -0.001993945
7.11 -0.002642202
7.12 -0.00265521
7.13 -0.002618095
7.14 -0.002659809
7.15 -0.002532188
7.16 -0.002321811
7.17 -0.0013651
7.18 0.0003932226
7.19 0.001202111
7.2 0.001283807
7.21 0.001289064
7.22 0.001234935
7.23 0.0009239344
7.24 0.0004842752
7.25 -0.0008855011
7.26 -0.002134456
7.27 -0.00265466
7.28 -0.003096377
7.29 -0.003081143
7.3 -0.00147809
7.31 0.0001615271
7.32 0.0004840255
7.33 0.0005423646
7.34 0.0005774686
7.35 0.001009197
7.36 0.002110334
7.37 0.002864854
7.38 0.002706954
7.39 0.0008200725
7.4 -0.001694825
7.41 -0.003328354
7.42 -0.003556445
7.43 -0.003426187
7.44 -0.003084313
7.45 -0.001662528
7.46 -0.0004876661
7.47 -0.0002120049
7.48 -5.222932e-05
7.49 -0.000637194
7.5 -0.001962311
7.51 -0.003195913
7.52 -0.003582413
7.53 -0.002641806
7.54 -0.001331277
7.55 -9.553986e-05
7.56 0.001887204
7.57 0.00356824
7.58 0.004640615
7.59 0.004650318
7.6 0.00392218
7.61 0.003357768
7.62 0.002063673
7.63 0.0004926204
7.64 -0.0002415247
7.65 -0.0007157827
7.66 -0.001476568
7.67 -0.002495293
7.68 -0.003158649
7.69 -0.003018163
7.7 -0.001872618
7.71 -0.0001144212
7.72 0.0006697067
7.73 0.000739482
7.74 0.0002468821
7.75 0.0001745441
7.76 0.001519827
7.77 0.002062829
7.78 0.002760181
7.79 0.004553866
7.8 0.005294627
7.81 0.005888638
7.82 0.006687826
7.83 0.005641302
7.84 0.004522275
7.85 0.004685203
7.86 0.005004363
7.87 0.004764142
7.88 0.004030519
7.89 0.00255477
7.9 0.001143312
7.91 0.001161555
7.92 0.00131439
7.93 0.0007317942
7.94 -0.0009989266
7.95 -0.001285997
7.96 -0.000951735
7.97 -0.001043328
7.98 -0.001504068
7.99 -0.003143566
8 -0.003803439
8.01 -0.003410203
8.02 -0.002941427
8.03 -0.002181188
8.04 -0.001790941
8.05 -0.000967981
8.06 0.0002139284
8.07 0.0003043218
8.08 -0.000321676
8.09 -0.0009706779
8.1 -0.001625369
8.11 -0.002594819
8.12 -0.002613788
8.13 -0.001993517
8.14 -0.00142185
8.15 -0.0009672765
8.16 -0.0001696736
8.17 0.001313417
8.18 0.00326123
8.19 0.005117502
8.2 0.006927167
8.21 0.00700614
8.22 0.005841707
8.23 0.004954527
8.24 0.004336576
8.25 0.004183743
8.26 0.00490908
8.27 0.005343672
8.28 0.004571011
8.29 0.004205728
8.3 0.004917365
8.31 0.005358887
8.32 0.004541266
8.33 0.003363677
8.34 0.002329094
8.35 0.001316318
8.36 0.0005796846
8.37 1.415111e-06
8.38 -8.969087e-05
8.39 -0.0007480143
8.4 -0.0005209142
8.41 -0.0004665176
8.42 -0.0007230838
8.43 -0.001120071
8.44 -0.002502693
8.45 -0.004676779
8.46 -0.005740956
8.47 -0.007110567
8.48 -0.01001928
8.49 -0.01323211
8.5 -0.01574231
8.51 -0.01767946
8.52 -0.0185417
8.53 -0.01851865
8.54 -0.01874498
8.55 -0.01857593
8.56 -0.01800243
8.57 -0.01697544
8.58 -0.01489727
8.59 -0.0124143
8.6 -0.01015376
8.61 -0.006514303
8.62 -0.002351334
8.63 0.001244041
8.64 0.004729181
8.65 0.007626648
8.66 0.009563151
8.67 0.01093883
8.68 0.01196266
8.69 0.01387145
8.7 0.01678659
8.71 0.01971823
8.72 0.02204239
8.73 0.02429013
8.74 0.02633329
8.75 0.02886466
8.76 0.03083124
8.77 0.03158312
8.78 0.03158979
8.79 0.03127768
8.8 0.03046043
8.81 0.02894186
8.82 0.02709956
8.83 0.02332265
8.84 0.01853245
8.85 0.01320717
8.86 0.006630263
8.87 -0.0009390919
8.88 -0.008834541
8.89 -0.01652883
8.9 -0.02228925
8.91 -0.02596222
8.92 -0.02973599
8.93 -0.03450997
8.94 -0.03832165
8.95 -0.04064167
8.96 -0.04182072
8.97 -0.04065771
8.98 -0.03709704
8.99 -0.03262075
9 -0.026674
9.01 -0.01969255
9.02 -0.01183362
9.03 -0.005466959
9.04 -0.001735633
9.05 0.0001050994
9.06 0.0006783218
9.07 6.024234e-05
9.08 -0.001368853
9.09 -0.003149732
9.1 -0.003350337
9.11 -0.000576738
9.12 0.004805684
9.13 0.01185115
9.14 0.02008455
9.15 0.02687658
9.16 0.02927919
9.17 0.03016534
9.18 0.0314358
9.19 0.03188844
9.2 0.03062185
9.21 0.02731376
9.22 0.022818
9.23 0.01740179
9.24 0.01064794
9.25 0.005383728
9.26 0.002992149
9.27 0.001281499
9.28 -0.0009702636
9.29 -0.003186347
9.3 -0.004074539
9.31 -0.004299109
9.32 -0.004092547
9.33 -0.003819844
9.34 -0.003732272
9.35 -0.003141768
9.36 -0.001316158
9.37 0.001437208
9.38 0.003540453
9.39 0.004289269
9.4 0.003463918
9.41 0.00232383
9.42 0.0004226514
9.43 -0.003650224
9.44 -0.008669324
9.45 -0.01267857
9.46 -0.0145758
9.47 -0.01471479
9.48 -0.0138934
9.49 -0.01301718
9.5 -0.01205602
9.51 -0.01172887
9.52 -0.01195496
9.53 -0.01240315
9.54 -0.01302706
9.55 -0.01242629
9.56 -0.01097642
9.57 -0.009467877
9.58 -0.007374931
9.59 -0.006256638
9.6 -0.006560302
9.61 -0.007043554
9.62 -0.005391196
9.63 -0.001996008
9.64 0.002082235
9.65 0.006134909
9.66 0.009442207
9.67 0.01084671
9.68 0.01060907
9.69 0.01034611
9.7 0.009624776
9.71 0.008016885
9.72 0.005746666
9.73 0.003332085
9.74 0.000805316
9.75 -0.001947877
9.76 -0.003416915
9.77 -0.003670991
9.78 -0.003563942
9.79 -0.001812193
9.8 0.003193526
9.81 0.009169972
9.82 0.01327478
9.83 0.01681493
9.84 0.01880468
9.85 0.01710253
9.86 0.01122105
9.87 0.003726836
9.88 -0.004770528
9.89 -0.01223392
9.9 -0.01576936
9.91 -0.01695148
9.92 -0.01669997
9.93 -0.01539325
9.94 -0.01234003
9.95 -0.006683166
9.96 -0.0004039409
9.97 0.006937613
9.98 0.0143866
9.99 0.01810015
10 0.01835666
10.01 0.0161938
10.02 0.01127276
10.03 0.003649357
10.04 -0.002199967
10.05 -0.003468419
10.06 -0.001334125
10.07 0.002361115
10.08 0.005936213
10.09 0.007561752
10.1 0.007009047
10.11 0.00487955
10.12 0.001165851
10.13 -0.003659247
10.14 -0.008506865
10.15 -0.01218687
10.16 -0.01600187
10.17 -0.02046951
10.18 -0.025046
10.19 -0.02913882
10.2 -0.03210602
10.21 -0.0331958
10.22 -0.03163449
10.23 -0.02798925
10.24 -0.0221426
10.25 -0.01520961
10.26 -0.008979336
10.27 -0.004322645
10.28 -0.003946722
10.29 -0.005104271
10.3 -0.006265636
10.31 -0.008782852
10.32 -0.01224603
10.33 -0.01516349
10.34 -0.01649102
10.35 -0.01579643
10.36 -0.01282555
10.37 -0.007830488
10.38 -0.002238297
10.39 0.001862079
10.4 0.003948325
10.41 0.004985475
10.42 0.005492058
10.43 0.006359044
10.44 0.007458584
10.45 0.007924634
10.46 0.008122405
10.47 0.008031345
10.48 0.005609077
10.49 0.001435955
10.5 -0.0009812193
10.51 -0.0002870804
10.52 0.004318285
10.53 0.0119088
10.54 0.0205763
10.55 0.02962013
10.56 0.03621447
10.57 0.03830844
10.58 0.03703414
10.59 0.03366329
10.6 0.02869458
10.61 0.02296104
10.62 0.01706739
10.63 0.01146874
10.64 0.007043979
10.65 0.003452392
10.66 9.598488e-05
10.67 -0.003585429
10.68 -0.007844706
10.69 -0.01168697
10.7 -0.01362515
10.71 -0.01215802
10.72 -0.007995569
10.73 0.001484824
10.74 0.01357432
10.75 0.02175562
10.76 0.02696
10.77 0.02933921
10.78 0.02735696
10.79 0.02319847
10.8 0.01886732
10.81 0.01321712
10.82 0.007920353
10.83 0.003725158
10.84 0.001539166
10.85 0.0006189787
10.86 0.0002809243
10.87 -0.0002911448
10.88 -0.001841309
10.89 -0.004141948
10.9 -0.006058392
10.91 -0.007585028
10.92 -0.01076498
10.93 -0.01575712
10.94 -0.0210129
10.95 -0.02688212
10.96 -0.03262469
10.97 -0.03599272
10.98 -0.03664017
10.99 -0.03522526
11 -0.03204067
11.01 -0.02747137
11.02 -0.02024071
11.03 -0.01225019
11.04 -0.003167683
11.05 0.006528515
11.06 0.01347852
11.07 0.0175729
11.08 0.0205725
11.09 0.02234122
11.1 0.02124355
11.11 0.01684487
11.12 0.009175675
11.13 -0.0005745796
11.14 -0.008118133
11.15 -0.01197036
11.16 -0.01206018
11.17 -0.008625855
11.18 -0.002267854
11.19 0.004264699
11.2 0.007862975
11.21 0.008486799
11.22 0.007018578
11.23 0.005323198
11.24 0.004948677
11.25 0.005235059
11.26 0.00742356
11.27 0.01031849
11.28 0.012897
11.29 0.01571241
11.3 0.01854208
11.31 0.01989219
11.32 0.01937679
11.33 0.01805245
11.34 0.01620778
11.35 0.01427441
11.36 0.01463255
11.37 0.01719951
11.38 0.01881927
11.39 0.01966468
11.4 0.02033873
11.41 0.01964844
11.42 0.01634951
11.43 0.009838471
11.44 -0.0006662573
11.45 -0.01278642
11.46 -0.02413178
11.47 -0.03509698
11.48 -0.04519259
11.49 -0.05138167
11.5 -0.05182875
11.51 -0.04778944
11.52 -0.0408311
11.53 -0.03280112
11.54 -0.02553386
11.55 -0.02122462
11.56 -0.02062392
11.57 -0.02308845
11.58 -0.02591323
11.59 -0.02781205
11.6 -0.02868872
11.61 -0.02806346
11.62 -0.02634514
11.63 -0.0246872
11.64 -0.02356342
11.65 -0.0211887
11.66 -0.01716102
11.67 -0.0106692
11.68 -0.002753129
11.69 0.006478198
11.7 0.01644268
11.71 0.02427043
11.72 0.02765862
11.73 0.02739828
11.74 0.02466926
11.75 0.02013334
11.76 0.01522059
11.77 0.0111723
11.78 0.0095488
11.79 0.01238472
11.8 0.01867084
11.81 0.02468783
11.82 0.02852075
11.83 0.03000836
11.84 0.02839237
11.85 0.02541094
11.86 0.02139873
11.87 0.01847084
11.88 0.0178983
11.89 0.01878613
11.9 0.02158185
11.91 0.02427792
11.92 0.02486677
11.93 0.02186544
11.94 0.0146395
11.95 0.005902389
11.96 -0.002369427
11.97 -0.009394443
11.98 -0.01400861
11.99 -0.01628454
12 -0.0167301
12.01 -0.01618974
12.02 -0.0158541
12.03 -0.01619985
12.04 -0.01681249
12.05 -0.01871024
12.06 -0.02067469
12.07 -0.02104055
12.08 -0.01962106
12.09 -0.01659581
12.1 -0.01151969
12.11 -0.006809087
12.12 -0.00323762
12.13 -0.0007559192
12.14 0.0006440805
12.15 0.001320882
12.16 0.002702338
12.17 0.005633956
12.18 0.008635478
12.19 0.01027668
12.2 0.01033538
12.21 0.008220155
12.22 0.004032032
12.23 0.0007186922
12.24 -0.001074753
12.25 -0.001459544
12.26 -0.0003716258
12.27 0.0004146366
12.28 -0.002246773
12.29 -0.006325435
12.3 -0.009484447
12.31 -0.01220141
12.32 -0.01312955
12.33 -0.01260871
12.34 -0.01054443
12.35 -0.006543823
12.36 -0.001135662
12.37 0.00379647
12.38 0.008759928
12.39 0.01340523
12.4 0.01841522
12.41 0.02351314
12.42 0.02741783
12.43 0.03033025
12.44 0.03219151
12.45 0.03256984
12.46 0.03184711
12.47 0.0287119
12.48 0.02242243
12.49 0.01538503
12.5 0.008686613
12.51 0.002894441
12.52 -0.0008955795
12.53 -0.003129649
12.54 -0.001641537
12.55 0.001191839
12.56 0.002447712
12.57 0.002646811
12.58 0.002425697
12.59 0.001702838
12.6 0.000859105
12.61 0.000589151
12.62 0.00156923
12.63 0.00393072
12.64 0.006304774
12.65 0.007978129
12.66 0.007614982
12.67 0.004387578
12.68 -0.002161871
12.69 -0.01079434
12.7 -0.02032402
12.71 -0.02743994
12.72 -0.0324822
12.73 -0.03397049
12.74 -0.03144873
12.75 -0.02574202
12.76 -0.01780656
12.77 -0.01186001
12.78 -0.008919162
12.79 -0.007222064
12.8 -0.005784786
12.81 -0.005100342
12.82 -0.004752523
12.83 -0.003167326
12.84 0.0005309833
12.85 0.007163094
12.86 0.01378212
12.87 0.01811418
12.88 0.01974498
12.89 0.01872467
12.9 0.01632545
12.91 0.01236643
12.92 0.006361567
12.93 -0.0007798734
12.94 -0.007656463
12.95 -0.01379731
12.96 -0.01966739
12.97 -0.0250463
12.98 -0.02822354
12.99 -0.02922072
13 -0.02900846
13.01 -0.02772919
13.02 -0.02617818
13.03 -0.02443001
13.04 -0.02237459
13.05 -0.01828821
13.06 -0.01297321
13.07 -0.008413148
13.08 -0.005296924
13.09 -0.003819596
13.1 -0.003334278
13.11 -0.00268764
13.12 -0.0007207423
13.13 0.001552842
13.14 0.002582061
13.15 0.00337949
13.16 0.004470729
13.17 0.005377786
13.18 0.007023741
13.19 0.009636193
13.2 0.01195595
13.21 0.01466861
13.22 0.01810313
13.23 0.0220979
13.24 0.026252
13.25 0.03063059
13.26 0.03477528
13.27 0.03618241
13.28 0.03539911
13.29 0.03434289
13.3 0.03294192
13.31 0.0320903
13.32 0.03164936
13.33 0.02961029
13.34 0.02582786
13.35 0.02085341
13.36 0.01508275
13.37 0.00927834
13.38 0.0028788
13.39 -0.003866936
13.4 -0.009069391
13.41 -0.01246839
13.42 -0.01558023
13.43 -0.0182544
13.44 -0.01954677
13.45 -0.01951303
13.46 -0.0185853
13.47 -0.01736547
13.48 -0.0160097
13.49 -0.01435573
13.5 -0.01281024
13.51 -0.01096647
13.52 -0.01020099
13.53 -0.01095416
13.54 -0.01356584
13.55 -0.01692393
13.56 -0.0201811
13.57 -0.02336932
13.58 -0.0258441
13.59 -0.02728888
13.6 -0.02776813
13.61 -0.02631414
13.62 -0.02225348
13.63 -0.01591534
13.64 -0.006673049
13.65 0.006084993
13.66 0.02059497
13.67 0.03461108
13.68 0.04544524
13.69 0.05105767
13.7 0.05191564
13.71 0.04912727
13.72 0.04039917
13.73 0.02630383
13.74 0.01118747
13.75 -0.002434329
13.76 -0.0143922
13.77 -0.02252918
13.78 -0.02881108
13.79 -0.0334416
13.8 -0.03574627
13.81 -0.03596375
13.82 -0.03458829
13.83 -0.03134609
13.84 -0.02810675
13.85 -0.02686388
13.86 -0.02789195
13.87 -0.03039093
13.88 -0.03451612
13.89 -0.03899091
13.9 -0.04154092
13.91 -0.04104111
13.92 -0.03928654
13.93 -0.03732405
13.94 -0.03500671
13.95 -0.03175129
13.96 -0.02744879
13.97 -0.02237307
13.98 -0.01796967
13.99 -0.01285827
14 -0.006605982
14.01 0.002469304
14.02 0.0142424
14.03 0.02725726
14.04 0.039129
14.05 0.04641046
14.06 0.04930767
14.07 0.04967793
14.08 0.04810708
14.09 0.04632931
14.1 0.04467706
14.11 0.04396807
14.12 0.04411037
14.13 0.04380361
14.14 0.04277076
14.15 0.04107357
14.16 0.03933633
14.17 0.03892613
14.18 0.04165717
14.19 0.04501506
14.2 0.04633642
14.21 0.04727605
14.22 0.04841269
14.23 0.04870355
14.24 0.04708106
14.25 0.04248578
14.26 0.0352379
14.27 0.02341906
14.28 0.007913909
14.29 -0.004902863
14.3 -0.01211087
14.31 -0.01620821
14.32 -0.01962931
14.33 -0.02385024
14.34 -0.03001605
14.35 -0.03727946
14.36 -0.04454199
14.37 -0.04966178
14.38 -0.05186549
14.39 -0.05232149
14.4 -0.05205036
14.41 -0.05184869
14.42 -0.05267219
14.43 -0.05584728
14.44 -0.06179102
14.45 -0.0704181
14.46 -0.07913814
14.47 -0.08504052
14.48 -0.0875057
14.49 -0.08395563
14.5 -0.07237927
14.51 -0.05331441
14.52 -0.0306081
14.53 -0.008634769
14.54 0.009133963
14.55 0.02416132
14.56 0.03792624
14.57 0.0499101
14.58 0.05866676
14.59 0.06371441
14.6 0.06565614
14.61 0.06448294
14.62 0.06021224
14.63 0.05395445
14.64 0.04823911
14.65 0.04445056
14.66 0.04226283
14.67 0.04198091
14.68 0.04243262
14.69 0.04327352
14.7 0.0423936
14.71 0.03865246
14.72 0.03148788
14.73 0.02051702
14.74 0.006200088
14.75 -0.006201
14.76 -0.01197269
14.77 -0.01209439
14.78 -0.008207425
14.79 -0.0007106866
14.8 0.00791837
14.81 0.01325531
14.82 0.01359508
14.83 0.009875893
14.84 0.002451725
14.85 -0.007540128
14.86 -0.01762079
14.87 -0.02859248
14.88 -0.04027229
14.89 -0.04994103
14.9 -0.05542824
14.91 -0.05798993
14.92 -0.05874346
14.93 -0.05665302
14.94 -0.05084388
14.95 -0.04075943
14.96 -0.02769357
14.97 -0.016648
14.98 -0.009332661
14.99 -0.005272704
15 -0.002561582
15.01 -0.0005507714
15.02 0.001226702
15.03 0.003654106
15.04 0.006904211
15.05 0.01263613
15.06 0.0218893
15.07 0.03461973
15.08 0.0498056
15.09 0.06573311
15.1 0.07970444
15.11 0.08756171
15.12 0.08950203
15.13 0.08753649
15.14 0.08186089
15.15 0.07287186
15.16 0.06212447
15.17 0.04953586
15.18 0.03511408
15.19 0.01783266
15.2 -0.004432672
15.21 -0.02561167
15.22 -0.0459931
15.23 -0.06806931
15.24 -0.08627204
15.25 -0.09564608
15.26 -0.09759348
15.27 -0.09458091
15.28 -0.08635925
15.29 -0.07239704
15.3 -0.05412128
15.31 -0.03678725
15.32 -0.01935495
15.33 -0.001622506
15.34 0.01018007
15.35 0.01830902
15.36 0.02428835
15.37 0.02755065
15.38 0.02875819
15.39 0.0292902
15.4 0.02962337
15.41 0.02908239
15.42 0.02751426
15.43 0.02346651
15.44 0.01833684
15.45 0.01258519
15.46 0.00684305
15.47 0.001234882
15.48 -0.005673619
15.49 -0.01394855
15.5 -0.02030177
15.51 -0.02354171
15.52 -0.02485274
15.53 -0.02238393
15.54 -0.01512524
15.55 -0.005754808
15.56 0.003928528
15.57 0.01120196
15.58 0.01547063
15.59 0.01767404
15.6 0.01868183
15.61 0.01933434
15.62 0.01993884
15.63 0.02132286
15.64 0.02338423
15.65 0.02414721
15.66 0.02205986
15.67 0.01677399
15.68 0.007701856
15.69 -0.003471364
15.7 -0.01248822
15.71 -0.01794778
15.72 -0.02107895
15.73 -0.02255506
15.74 -0.02228353
15.75 -0.02019589
15.76 -0.01617743
15.77 -0.01153597
15.78 -0.007681999
15.79 -0.004527315
15.8 -0.001130255
15.81 0.002091459
15.82 0.005628299
15.83 0.008594045
15.84 0.01110125
15.85 0.01225154
15.86 0.01124564
15.87 0.006900982
15.88 -0.001676989
15.89 -0.01207164
15.9 -0.02113054
15.91 -0.02678646
15.92 -0.02942786
15.93 -0.02863915
15.94 -0.02265324
15.95 -0.01093903
15.96 0.00345236
15.97 0.0170979
15.98 0.02519218
15.99 0.02727603
16 0.02410772
16.01 0.01483245
16.02 -0.0001310165
16.03 -0.01702369
16.04 -0.0331828
16.05 -0.04694254
16.06 -0.05551944
16.07 -0.05853297
16.08 -0.056805
16.09 -0.05052025
16.1 -0.03777847
16.11 -0.02073779
16.12 -0.001800718
16.13 0.01659802
16.14 0.03018586
16.15 0.03754291
16.16 0.04176019
16.17 0.04218914
16.18 0.03954242
16.19 0.03595878
16.2 0.03141704
16.21 0.02715487
16.22 0.02405151
16.23 0.02155238
16.24 0.0193703
16.25 0.01809004
16.26 0.01720083
16.27 0.01578446
16.28 0.01427666
16.29 0.0138353
16.3 0.01498326
16.31 0.01650524
16.32 0.0173732
16.33 0.01586947
16.34 0.01270644
16.35 0.00935339
16.36 0.005180508
16.37 0.0006328193
16.38 -0.004259921
16.39 -0.008440573
16.4 -0.01055947
16.41 -0.0112825
16.42 -0.01083282
16.43 -0.009628791
16.44 -0.008255265
16.45 -0.007052895
16.46 -0.007607864
16.47 -0.01001919
16.48 -0.01428994
16.49 -0.01887742
16.5 -0.0219252
16.51 -0.02378461
16.52 -0.02334382
16.53 -0.02036053
16.54 -0.01614259
16.55 -0.01189852
16.56 -0.008638519
16.57 -0.007119862
16.58 -0.007274601
16.59 -0.007148017
16.6 -0.007389283
16.61 -0.007407813
16.62 -0.006873332
16.63 -0.006274845
16.64 -0.005045923
16.65 -0.00386364
16.66 -0.003515508
16.67 -0.002434928
16.68 -0.0002247755
16.69 0.002856734
16.7 0.006696051
16.71 0.01081234
16.72 0.01416263
16.73 0.01564181
16.74 0.01534777
16.75 0.01490364
16.76 0.01430759
16.77 0.0124732
16.78 0.008844893
16.79 0.006396844
16.8 0.006133931
16.81 0.006457103
16.82 0.006276368
16.83 0.005522068
16.84 0.00402064
16.85 0.001564406
16.86 -0.0007515989
16.87 -0.002757771
16.88 -0.005243591
16.89 -0.00654726
16.9 -0.005695173
16.91 -0.004261199
16.92 -0.005014528
16.93 -0.007794441
16.94 -0.01099885
16.95 -0.01382689
16.96 -0.01430413
16.97 -0.01261473
16.98 -0.009723916
16.99 -0.00647067
17 -0.002405465
17.01 0.002055012
17.02 0.00568437
17.03 0.008909652
17.04 0.01197785
17.05 0.01385276
17.06 0.01437495
17.07 0.01295541
17.08 0.01073627
17.09 0.01015489
17.1 0.01150821
17.11 0.01327411
17.12 0.01399896
17.13 0.01225169
17.14 0.007988921
17.15 0.0028915
17.16 -0.002085691
17.17 -0.006424784
17.18 -0.008429694
17.19 -0.00918721
17.2 -0.008310617
17.21 -0.006451205
17.22 -0.003589471
17.23 0.0001877309
17.24 0.003208818
17.25 0.004947558
17.26 0.005805893
17.27 0.004063298
17.28 -0.001896616
17.29 -0.009346154
17.3 -0.01626296
17.31 -0.02358035
17.32 -0.03057795
17.33 -0.03501784
17.34 -0.03672536
17.35 -0.03668786
17.36 -0.035317
17.37 -0.03321189
17.38 -0.03089414
17.39 -0.02860225
17.4 -0.02560577
17.41 -0.02140165
17.42 -0.01731867
17.43 -0.01324063
17.44 -0.00802983
17.45 -0.002038254
17.46 0.003134356
17.47 0.007423952
17.48 0.01128838
17.49 0.01407442
17.5 0.01544487
17.51 0.01683764
17.52 0.01925649
17.53 0.02174974
17.54 0.02417675
17.55 0.02764771
17.56 0.02926851
17.57 0.02780391
17.58 0.02534404
17.59 0.02259545
17.6 0.01904983
17.61 0.01537485
17.62 0.01159025
17.63 0.008507304
17.64 0.006250338
17.65 0.004324007
17.66 0.003564899
17.67 0.003761973
17.68 0.004390251
17.69 0.006193636
17.7 0.01009656
17.71 0.01475437
17.72 0.01927493
17.73 0.02356988
17.74 0.02687319
17.75 0.02871282
17.76 0.02831799
17.77 0.02538906
17.78 0.01819053
17.79 0.007738849
17.8 -0.002440169
17.81 -0.01045103
17.82 -0.01680717
17.83 -0.02224648
17.84 -0.0267165
17.85 -0.03045868
17.86 -0.03405385
17.87 -0.03755102
17.88 -0.03975459
17.89 -0.04030327
17.9 -0.03718132
17.91 -0.0314822
17.92 -0.02404771
17.93 -0.01721814
17.94 -0.0115566
17.95 -0.005114883
17.96 0.003271894
17.97 0.01180838
17.98 0.01798816
17.99 0.02122675
18 0.02173569
18.01 0.02005643
18.02 0.016689
18.03 0.01208033
18.04 0.00860098
18.05 0.00627429
18.06 0.00459816
18.07 0.005107588
18.08 0.008692345
18.09 0.01362233
18.1 0.018867
18.11 0.02404683
18.12 0.02798987
18.13 0.02947932
18.14 0.02750473
18.15 0.02348287
18.16 0.01880156
18.17 0.01315732
18.18 0.006853042
18.19 0.001990904
18.2 -0.001211009
18.21 -0.002651811
18.22 -0.001529512
18.23 0.001552262
18.24 0.004942745
18.25 0.007880082
18.26 0.01111964
18.27 0.0138815
18.28 0.01472314
18.29 0.01404475
18.3 0.01298607
18.31 0.01182997
18.32 0.01002219
18.33 0.007017905
18.34 0.003141096
18.35 0.0005644021
18.36 -0.0004860154
18.37 -0.001346439
18.38 -0.0016861
18.39 -0.002262952
18.4 -0.003130406
18.41 -0.004307234
18.42 -0.005736939
18.43 -0.008610189
18.44 -0.01136709
18.45 -0.01351153
18.46 -0.01397076
18.47 -0.01083085
18.48 -0.006367276
18.49 -0.002076521
18.5 0.001727517
18.51 0.004242789
18.52 0.005950468
18.53 0.006705912
18.54 0.005661356
18.55 0.005099667
18.56 0.004815157
18.57 0.004345004
18.58 0.003339389
18.59 0.001960088
18.6 -0.0004675222
18.61 -0.004407423
18.62 -0.008561529
18.63 -0.01134353
18.64 -0.01310085
18.65 -0.01325571
18.66 -0.01256729
18.67 -0.01324698
18.68 -0.01515099
18.69 -0.01902853
18.7 -0.02400037
18.71 -0.030055
18.72 -0.03478529
18.73 -0.03787486
18.74 -0.03879002
18.75 -0.03607508
18.76 -0.03134637
18.77 -0.02626741
18.78 -0.02143361
18.79 -0.0166635
18.8 -0.01054825
18.81 -0.004675464
18.82 0.001301691
18.83 0.006742039
18.84 0.01101118
18.85 0.01384234
18.86 0.01510946
18.87 0.01514983
18.88 0.0135545
18.89 0.01165942
18.9 0.01034159
18.91 0.008757062
18.92 0.006798481
18.93 0.004349752
18.94 0.001385295
18.95 -0.001127363
18.96 -0.003796952
18.97 -0.006859992
18.98 -0.008594559
18.99 -0.009772275
19 -0.009465911
19.01 -0.007174638
19.02 -0.005128702
19.03 -0.003164666
19.04 -0.000926419
19.05 0.001618373
19.06 0.004438678
19.07 0.006765852
19.08 0.008359092
19.09 0.008728273
19.1 0.006739125
19.11 0.003209771
19.12 -0.00167076
19.13 -0.006207717
19.14 -0.008996817
19.15 -0.01005355
19.16 -0.009363487
19.17 -0.005989633
19.18 -0.0005064496
19.19 0.004446885
19.2 0.007607445
19.21 0.01051756
19.22 0.01253761
19.23 0.01251134
19.24 0.01149849
19.25 0.01076028
19.26 0.01002945
19.27 0.008000421
19.28 0.004875248
19.29 0.001845021
19.3 -0.001578867
19.31 -0.005495699
19.32 -0.009223832
19.33 -0.01248629
19.34 -0.01470829
19.35 -0.01414771
19.36 -0.01093374
19.37 -0.007294663
19.38 -0.004140025
19.39 -0.001267036
19.4 0.003488283
19.41 0.007344801
19.42 0.009259287
19.43 0.01054537
19.44 0.01086512
19.45 0.009445445
19.46 0.00709955
19.47 0.003780344
19.48 8.448435e-06
19.49 -0.003005961
19.5 -0.005122346
19.51 -0.00570804
19.52 -0.004606359
19.53 -0.003083638
19.54 -0.0004565417
19.55 0.004152534
19.56 0.008614547
19.57 0.01276938
19.58 0.01643378
19.59 0.01807569
19.6 0.01778686
19.61 0.01632909
19.62 0.01329822
19.63 0.009387782
19.64 0.006118239
19.65 0.003124261
19.66 0.0005239638
19.67 -0.001541852
19.68 -0.003771334
19.69 -0.005283094
19.7 -0.005138102
19.71 -0.004006112
19.72 -0.002205438
19.73 -0.0001710225
19.74 0.001816169
19.75 0.002830594
19.76 0.003256199
19.77 0.003550515
19.78 0.002467937
19.79 -7.018769e-05
19.8 -0.002818146
19.81 -0.005547578
19.82 -0.007612702
19.83 -0.009846199
19.84 -0.01237105
19.85 -0.01401452
19.86 -0.01404809
19.87 -0.01184093
19.88 -0.009616227
19.89 -0.007165915
19.9 -0.004247791
19.91 -0.001332227
19.92 0.0001062263
19.93 -0.000122006
19.94 -0.002762361
19.95 -0.007268171
19.96 -0.01260041
19.97 -0.0177157
19.98 -0.02149607
19.99 -0.02275232
20 -0.02163243
20.01 -0.01846449
20.02 -0.01396688
20.03 -0.009272163
20.04 -0.004425845
20.05 -0.001163868
20.06 0.00138161
20.07 0.003594949
20.08 0.005356949
20.09 0.007341437
20.1 0.009984767
20.11 0.0130749
20.12 0.01522697
20.13 0.0167258
20.14 0.01793602
20.15 0.01760705
20.16 0.01657936
20.17 0.01523277
20.18 0.01420883
20.19 0.01283896
20.2 0.01153627
20.21 0.01114827
20.22 0.0115004
20.23 0.01199709
20.24 0.01201335
20.25 0.01183324
20.26 0.01173991
20.27 0.009788274
20.28 0.006827771
20.29 0.005303569
20.3 0.004325562
20.31 0.003747562
20.32 0.003977664
20.33 0.003578876
20.34 0.002288244
20.35 0.001146941
20.36 0.001322212
20.37 0.001375781
20.38 0.001187917
20.39 0.001555449
20.4 0.002970447
20.41 0.00351736
20.42 0.002992883
20.43 0.002644773
20.44 0.002423859
20.45 0.001813078
20.46 0.001064445
20.47 0.001000502
20.48 0.001000593
20.49 0.0005097661
20.5 -0.000157693
20.51 -0.0006785966
20.52 -0.001399689
20.53 -0.002790271
20.54 -0.005522574
20.55 -0.007883158
20.56 -0.009247972
20.57 -0.009948576
20.58 -0.009918597
20.59 -0.009037983
20.6 -0.007015563
20.61 -0.005680264
20.62 -0.004991546
20.63 -0.003542621
20.64 -0.001824761
20.65 -0.0007346745
20.66 6.939493e-05
20.67 0.0006007953
20.68 0.0004258527
20.69 6.203492e-05
20.7 -0.000186274
20.71 -0.0008324121
20.72 -0.001085187
20.73 -0.001067632
20.74 -0.001490423
20.75 -0.001021286
20.76 0.001080049
20.77 0.003388992
20.78 0.004818332
20.79 0.006226983
20.8 0.007107511
20.81 0.005860259
20.82 0.003902535
20.83 0.0009586831
20.84 -0.002164046
20.85 -0.004912627
20.86 -0.007640855
20.87 -0.009384516
20.88 -0.01016601
20.89 -0.009699459
20.9 -0.008105762
20.91 -0.007507532
20.92 -0.008628716
20.93 -0.01034934
20.94 -0.01249401
20.95 -0.01435006
20.96 -0.01578447
20.97 -0.015618
20.98 -0.01436955
20.99 -0.01357708
21 -0.0124603
21.01 -0.01047016
21.02 -0.008600963
21.03 -0.006881701
21.04 -0.004742558
21.05 -0.002132803
21.06 0.001488408
21.07 0.004613415
21.08 0.007174136
21.09 0.01085302
21.1 0.01463577
21.11 0.01794518
21.12 0.02139219
21.13 0.02504192
21.14 0.02829169
21.15 0.03024165
21.16 0.03151752
21.17 0.03311261
21.18 0.03336792
21.19 0.03247093
21.2 0.0311898
21.21 0.02919847
21.22 0.02630971
21.23 0.02167486
21.24 0.01531256
21.25 0.009222277
21.26 0.004588486
21.27 -0.0002969809
21.28 -0.00622784
21.29 -0.01146621
21.3 -0.01404245
21.31 -0.01442303
21.32 -0.01317934
21.33 -0.01109814
21.34 -0.009549975
21.35 -0.008465299
21.36 -0.007064205
21.37 -0.006479041
21.38 -0.007012458
21.39 -0.008012677
21.4 -0.008596024
21.41 -0.008283557
21.42 -0.008277788
21.43 -0.009786691
21.44 -0.01259277
21.45 -0.01505323
21.46 -0.01744483
21.47 -0.01908571
21.48 -0.01917227
21.49 -0.01863833
21.5 -0.01659497
21.51 -0.01367936
21.52 -0.01218965
21.53 -0.01101004
21.54 -0.01078311
21.55 -0.0123165
21.56 -0.01412644
21.57 -0.01593061
21.58 -0.01757736
21.59 -0.01828772
21.6 -0.01802864
21.61 -0.01726607
21.62 -0.01582342
21.63 -0.01405355
21.64 -0.01251906
21.65 -0.01109441
21.66 -0.008528133
21.67 -0.006086547
21.68 -0.00431226
21.69 -0.00152021
21.7 0.003089837
21.71 0.008432254
21.72 0.0142058
21.73 0.01917057
21.74 0.02233096
21.75 0.02353154
21.76 0.02403613
21.77 0.02228443
21.78 0.01856515
21.79 0.01540057
21.8 0.01347301
21.81 0.01153006
21.82 0.009850604
21.83 0.009140817
21.84 0.008840781
21.85 0.008260122
21.86 0.007225736
21.87 0.006556317
21.88 0.005851555
21.89 0.005084213
21.9 0.006478776
21.91 0.008370969
21.92 0.008656679
21.93 0.008021757
21.94 0.005799861
21.95 0.003133565
21.96 1.174969e-05
21.97 -0.003785361
21.98 -0.007106503
21.99 -0.00871595
22 -0.009148909
22.01 -0.009379922
22.02 -0.009081072
22.03 -0.008148951
22.04 -0.007239944
22.05 -0.006781362
22.06 -0.006752457
22.07 -0.007422639
22.08 -0.008349842
22.09 -0.00848497
22.1 -0.007600151
22.11 -0.008130842
22.12 -0.01022737
22.13 -0.01277893
22.14 -0.01474735
22.15 -0.01576904
22.16 -0.01543035
22.17 -0.01397684
22.18 -0.01124203
22.19 -0.008361323
22.2 -0.005484932
22.21 -0.002200808
22.22 0.0009795054
22.23 0.00332245
22.24 0.006446325
22.25 0.01023248
22.26 0.01370208
22.27 0.01589365
22.28 0.01608511
22.29 0.01550721
22.3 0.01556654
22.31 0.01570365
22.32 0.01570727
22.33 0.01510094
22.34 0.01285389
22.35 0.01080567
22.36 0.01006008
22.37 0.01005916
22.38 0.009518253
22.39 0.00929257
22.4 0.01005621
22.41 0.009323762
22.42 0.006512437
22.43 0.003614154
22.44 0.0008694684
22.45 -0.002196963
22.46 -0.004387728
22.47 -0.006746141
22.48 -0.009859402
22.49 -0.01255235
22.5 -0.01403859
22.51 -0.01465989
22.52 -0.01491949
22.53 -0.01461275
22.54 -0.01391777
22.55 -0.01283079
22.56 -0.01196909
22.57 -0.01109644
22.58 -0.009391732
22.59 -0.008797823
22.6 -0.009937428
22.61 -0.01088757
22.62 -0.0105647
22.63 -0.009321807
22.64 -0.006632549
22.65 -0.003218721
22.66 0.0002280219
22.67 0.00491488
22.68 0.009327176
22.69 0.01358064
22.7 0.01842132
22.71 0.02294913
22.72 0.02697303
22.73 0.02986585
22.74 0.03149794
22.75 0.03162775
22.76 0.03091742
22.77 0.02934564
22.78 0.02550426
22.79 0.02057537
22.8 0.01647186
22.81 0.01303875
22.82 0.009409796
22.83 0.005710968
22.84 0.002544535
22.85 -0.0005566819
22.86 -0.002681076
22.87 -0.004845398
22.88 -0.008608417
22.89 -0.01317285
22.9 -0.01596288
22.91 -0.0173319
22.92 -0.01866496
22.93 -0.01943531
22.94 -0.01976911
22.95 -0.0191829
22.96 -0.01777542
22.97 -0.01628943
22.98 -0.01381516
22.99 -0.01121802
23 -0.008971357
23.01 -0.006976823
23.02 -0.004751587
23.03 -0.003244637
23.04 -0.002046463
23.05 -0.0005840569
23.06 0.0004159056
23.07 0.001148394
23.08 0.001825835
23.09 0.002262037
23.1 0.00355781
23.11 0.005386845
23.12 0.007151641
23.13 0.008905258
23.14 0.009890746
23.15 0.009819756
23.16 0.009754823
23.17 0.00954558
23.18 0.009481396
23.19 0.009670497
23.2 0.00944289
23.21 0.007477426
23.22 0.004598164
23.23 0.0001006342
23.24 -0.005051241
23.25 -0.009299239
23.26 -0.01231548
23.27 -0.0139848
23.28 -0.01560053
23.29 -0.01639835
23.3 -0.01555516
23.31 -0.01425783
23.32 -0.01252424
23.33 -0.01136882
23.34 -0.01045227
23.35 -0.009032816
23.36 -0.006497755
23.37 -0.003470202
23.38 -0.001214106
23.39 0.0001192154
23.4 0.001156552
23.41 0.001770488
23.42 0.001216593
23.43 -6.105426e-05
23.44 -0.0007564196
23.45 -0.001084908
23.46 5.261873e-05
23.47 0.002014428
23.48 0.003018612
23.49 0.003524494
23.5 0.004562663
23.51 0.005153722
23.52 0.005475153
23.53 0.005320246
23.54 0.004656865
23.55 0.004920738
23.56 0.004797855
23.57 0.004293939
23.58 0.003160793
23.59 0.001553678
23.6 -0.0004580733
23.61 -0.002845035
23.62 -0.004782064
23.63 -0.006020552
23.64 -0.007097781
23.65 -0.007146523
23.66 -0.006163867
23.67 -0.005395405
23.68 -0.004142545
23.69 -0.001709932
23.7 0.001597866
23.71 0.0045619
23.72 0.006632329
23.73 0.007538643
23.74 0.00723137
23.75 0.006152297
23.76 0.005173653
23.77 0.003886449
23.78 0.002480313
23.79 0.0009278744
23.8 -0.001254947
23.81 -0.003229618
23.82 -0.004750175
23.83 -0.00597939
23.84 -0.006879481
23.85 -0.007583136
23.86 -0.008409903
23.87 -0.009362269
23.88 -0.01058258
23.89 -0.01038883
23.9 -0.007613299
23.91 -0.003697934
23.92 -0.0001949722
23.93 0.003152821
23.94 0.006137902
23.95 0.007910181
23.96 0.01002211
23.97 0.01192298
23.98 0.01270207
23.99 0.01308005
24 0.01354529
24.01 0.01307675
24.02 0.01135674
24.03 0.009062968
24.04 0.006152118
24.05 0.003321618
24.06 0.0006798749
24.07 -0.003112463
24.08 -0.005888483
24.09 -0.006707156
24.1 -0.007307969
24.11 -0.007602009
24.12 -0.007642749
24.13 -0.007756788
24.14 -0.008247629
24.15 -0.007988891
24.16 -0.008457873
24.17 -0.008774791
24.18 -0.009407676
24.19 -0.01017343
24.2 -0.009869301
24.21 -0.009238629
24.22 -0.007223378
24.23 -0.005145362
24.24 -0.00354628
24.25 -0.001575168
24.26 0.0009463273
24.27 0.002624044
24.28 0.002710478
24.29 0.002771994
24.3 0.004450983
24.31 0.006466913
24.32 0.007722642
24.33 0.008763703
24.34 0.009179399
24.35 0.008851638
24.36 0.008512476
24.37 0.008913525
24.38 0.008794777
24.39 0.008416197
24.4 0.008950731
24.41 0.009700642
24.42 0.009414942
24.43 0.007931431
24.44 0.005452237
24.45 0.002757639
24.46 0.0006945728
24.47 -0.0006954499
24.48 -0.001874159
24.49 -0.001679344
24.5 0.0004391091
24.51 0.003070107
24.52 0.005281236
24.53 0.007141702
24.54 0.008833228
24.55 0.009489983
24.56 0.009603527
24.57 0.009525007
24.58 0.009526284
24.59 0.009445084
24.6 0.007879495
24.61 0.005307385
24.62 0.00229995
24.63 -0.001454424
24.64 -0.004781767
24.65 -0.006875379
24.66 -0.007591362
24.67 -0.007433189
24.68 -0.007008051
24.69 -0.006159201
24.7 -0.004104642
24.71 -0.002083653
24.72 5.300556e-05
24.73 0.001937054
24.74 0.002409878
24.75 0.002879613
24.76 0.004047435
24.77 0.004249533
24.78 0.002299887
24.79 -0.0005095866
24.8 -0.002920037
24.81 -0.004460146
24.82 -0.006594499
24.83 -0.008800748
24.84 -0.01065721
24.85 -0.01180072
24.86 -0.01215655
24.87 -0.01310923
24.88 -0.01443121
24.89 -0.0153901
24.9 -0.01490593
24.91 -0.01365948
24.92 -0.01229902
24.93 -0.01085085
24.94 -0.009127331
24.95 -0.007183572
24.96 -0.004852285
24.97 -0.002324761
24.98 -7.342877e-05
24.99 0.001998516
25 0.003795593
25.01 0.005594794
25.02 0.006331052
25.03 0.00597553
25.04 0.005306692
25.05 0.003716113
25.06 0.00159157
25.07 -0.0002893777
25.08 -0.002554388
25.09 -0.003343961
25.1 -0.003048426
25.11 -0.002761343
25.12 -0.001793513
25.13 -0.000658526
25.14 -0.0006112123
25.15 0.0005119166
25.16 0.002666719
25.17 0.004490442
25.18 0.006265427
25.19 0.008133221
25.2 0.008923892
25.21 0.009020776
25.22 0.008245032
25.23 0.00739395
25.24 0.007546972
25.25 0.008077198
25.26 0.009216645
25.27 0.009993975
25.28 0.01046339
25.29 0.01162479
25.3 0.0131891
25.31 0.01445764
25.32 0.0146244
25.33 0.01370605
25.34 0.0117353
25.35 0.009350305
25.36 0.006685262
25.37 0.003192534
25.38 -0.0009685075
25.39 -0.004840795
25.4 -0.006804408
25.41 -0.008382748
25.42 -0.01046335
25.43 -0.01161084
25.44 -0.01106051
25.45 -0.01034047
25.46 -0.009733394
25.47 -0.008780547
25.48 -0.008047029
25.49 -0.007946176
25.5 -0.007681334
25.51 -0.006850069
25.52 -0.006225815
25.53 -0.005887156
25.54 -0.005559661
25.55 -0.005472529
25.56 -0.005362056
25.57 -0.004663241
25.58 -0.003929634
25.59 -0.003107204
25.6 -0.002331829
25.61 -0.00178771
25.62 -0.0005661617
25.63 0.0009931635
25.64 0.001935047
25.65 0.002668051
25.66 0.003043331
25.67 0.0026396
25.68 0.002135077
25.69 0.002082993
25.7 0.002197293
25.71 0.003009629
25.72 0.004316034
25.73 0.005268985
25.74 0.006200428
25.75 0.006684143
25.76 0.006701897
25.77 0.006397223
25.78 0.005576938
25.79 0.004527073
25.8 0.003242042
25.81 0.002315992
25.82 0.001713941
25.83 0.0005985524
25.84 -0.001040625
25.85 -0.002252997
25.86 -0.003293077
25.87 -0.00491444
25.88 -0.006281476
25.89 -0.006304015
25.9 -0.005110189
25.91 -0.002433557
25.92 1.471383e-05
25.93 0.00212491
25.94 0.00413783
25.95 0.005213874
25.96 0.005247026
25.97 0.003950943
25.98 0.002373754
25.99 0.0005688954
26 -0.0004062082
26.01 0.0004511037
26.02 0.001192799
26.03 0.002447456
26.04 0.00468459
26.05 0.005954435
26.06 0.005282113
26.07 0.004216042
26.08 0.003522416
26.09 0.003719805
26.1 0.004594288
26.11 0.005421956
26.12 0.006833037
26.13 0.007824484
26.14 0.007458236
26.15 0.006755114
26.16 0.006296783
26.17 0.005484808
26.18 0.00446714
26.19 0.003884359
26.2 0.003964566
26.21 0.003566385
26.22 0.0021179
26.23 0.001102159
26.24 -0.0001330563
26.25 -0.0006447755
26.26 -0.0006341261
26.27 -0.001708301
26.28 -0.003984178
26.29 -0.005413135
26.3 -0.006058565
26.31 -0.007056792
26.32 -0.008718106
26.33 -0.01010814
26.34 -0.01175124
26.35 -0.01273798
26.36 -0.01293591
26.37 -0.01165298
26.38 -0.009935989
26.39 -0.008478858
26.4 -0.005868825
26.41 -0.002783882
26.42 -0.0007540017
26.43 0.0008810123
26.44 0.003397198
26.45 0.005471319
26.46 0.006961733
26.47 0.00692742
26.48 0.005476253
26.49 0.004279316
26.5 0.002876556
26.51 0.0004613911
26.52 -0.001625018
26.53 -0.003202764
26.54 -0.00398363
26.55 -0.004076982
26.56 -0.003312411
26.57 -0.002027029
26.58 -0.0005349194
26.59 0.0001594621
26.6 -0.000145779
26.61 -0.000424471
26.62 -0.0008870975
26.63 -0.002096542
26.64 -0.003697528
26.65 -0.004909494
26.66 -0.006747262
26.67 -0.009356949
26.68 -0.01245157
26.69 -0.01470257
26.7 -0.01657417
26.71 -0.01830237
26.72 -0.01882469
26.73 -0.0188343
26.74 -0.01924385
26.75 -0.0186483
26.76 -0.01702922
26.77 -0.01513912
26.78 -0.01411532
26.79 -0.01326182
26.8 -0.01169241
26.81 -0.009802247
26.82 -0.00725849
26.83 -0.00448629
26.84 -0.001963117
26.85 0.0004578116
26.86 0.002999222
26.87 0.004491054
26.88 0.004263603
26.89 0.003287535
26.9 0.003370936
26.91 0.003392252
26.92 0.001535743
26.93 -0.000992101
26.94 -0.002562167
26.95 -0.003729459
26.96 -0.004576149
26.97 -0.005093452
26.98 -0.004955397
26.99 -0.004764004
27 -0.004710581
27.01 -0.003357864
27.02 -0.001361291
27.03 0.0001323943
27.04 0.002579818
27.05 0.004599366
27.06 0.006840405
27.07 0.008992326
27.08 0.01105312
27.09 0.01290675
27.1 0.01483163
27.11 0.01639902
27.12 0.01702605
27.13 0.01710586
27.14 0.01701332
27.15 0.01698433
27.16 0.01630355
27.17 0.01438235
27.18 0.01228748
27.19 0.01041687
27.2 0.008335537
27.21 0.006988019
27.22 0.005996229
27.23 0.004473557
27.24 0.003321102
27.25 0.002567526
27.26 0.001838195
27.27 -2.813741e-05
27.28 -0.003172167
27.29 -0.006143763
27.3 -0.008232445
27.31 -0.01045216
27.32 -0.0130613
27.33 -0.01516104
27.34 -0.01668958
27.35 -0.01737344
27.36 -0.01750638
27.37 -0.01613909
27.38 -0.01424809
27.39 -0.01184973
27.4 -0.008406954
27.41 -0.003133069
27.42 0.001347692
27.43 0.004803372
27.44 0.008071125
27.45 0.01030158
27.46 0.01183451
27.47 0.01290715
27.48 0.0128399
27.49 0.0130824
27.5 0.01412879
27.51 0.014636
27.52 0.01505795
27.53 0.01561257
27.54 0.0156851
27.55 0.01576178
27.56 0.01520946
27.57 0.01453134
27.58 0.0138331
27.59 0.01284008
27.6 0.01170208
27.61 0.011363
27.62 0.01139005
27.63 0.01118812
27.64 0.01061963
27.65 0.009112569
27.66 0.007889387
27.67 0.00658122
27.68 0.004411408
27.69 0.002078708
27.7 0.0007314404
27.71 2.083405e-05
27.72 -0.0004287796
27.73 -0.000200451
27.74 0.0005346411
27.75 0.001698297
27.76 0.002960907
27.77 0.003719859
27.78 0.004033338
27.79 0.003998815
27.8 0.005148081
27.81 0.006275257
27.82 0.006154105
27.83 0.006409636
27.84 0.005984182
27.85 0.004187086
27.86 0.001313954
27.87 -0.002451576
27.88 -0.006664593
27.89 -0.01020048
27.9 -0.01185482
27.91 -0.01361355
27.92 -0.01479542
27.93 -0.01495219
27.94 -0.01482193
27.95 -0.01430588
27.96 -0.01303058
27.97 -0.01075783
27.98 -0.00760299
27.99 -0.004971337
28 -0.002472807
28.01 0.0001046645
28.02 0.001922601
28.03 0.00311624
28.04 0.004079983
28.05 0.004713288
28.06 0.003809632
28.07 0.002624278
28.08 0.001377911
28.09 -0.0003606326
28.1 -0.001708971
28.11 -0.002596209
28.12 -0.004391317
28.13 -0.00622062
28.14 -0.007469615
28.15 -0.008311139
28.16 -0.009055076
28.17 -0.008516287
28.18 -0.00703189
28.19 -0.006132252
28.2 -0.005677424
28.21 -0.004201504
28.22 -0.002099869
28.23 -0.0003430572
28.24 0.001103682
28.25 0.003414421
28.26 0.006534099
28.27 0.007682505
28.28 0.007254177
28.29 0.007519189
28.3 0.009258383
28.31 0.010842
28.32 0.01206146
28.33 0.01351495
28.34 0.01462039
28.35 0.01568442
28.36 0.01626777
28.37 0.01614175
28.38 0.01453931
28.39 0.0121657
28.4 0.01053407
28.41 0.008432441
28.42 0.005952221
28.43 0.00348164
28.44 0.000923727
28.45 -0.001450534
28.46 -0.003338702
28.47 -0.005155485
28.48 -0.006399445
28.49 -0.006581298
28.5 -0.006456203
28.51 -0.006637798
28.52 -0.006351573
28.53 -0.006366551
28.54 -0.006998354
28.55 -0.007172304
28.56 -0.007080269
28.57 -0.006917968
28.58 -0.007086981
28.59 -0.007236268
28.6 -0.007113327
28.61 -0.007792564
28.62 -0.008746634
28.63 -0.009526169
28.64 -0.01026475
28.65 -0.01072979
28.66 -0.01048472
28.67 -0.01048343
28.68 -0.01057971
28.69 -0.01014798
28.7 -0.009158417
28.71 -0.007728089
28.72 -0.006539078
28.73 -0.006618506
28.74 -0.006958268
28.75 -0.006586095
28.76 -0.005419815
28.77 -0.004365071
28.78 -0.003430295
28.79 -0.002707632
28.8 -0.001973156
28.81 -0.001428533
28.82 -0.001528548
28.83 -0.001852956
28.84 -0.00216937
28.85 -0.002459431
28.86 -0.002984529
28.87 -0.00425355
28.88 -0.005234514
28.89 -0.005227836
28.9 -0.003950081
28.91 -0.001474412
28.92 -0.0003302414
28.93 -0.0005998302
28.94 -0.001181362
28.95 -0.002096654
28.96 -0.003927101
28.97 -0.005876665
28.98 -0.006256934
28.99 -0.006560045
29 -0.008764163
29.01 -0.0105887
29.02 -0.01087095
29.03 -0.01085809
29.04 -0.01113283
29.05 -0.0109822
29.06 -0.01017965
29.07 -0.009783705
29.08 -0.00945081
29.09 -0.008616444
29.1 -0.007673069
29.11 -0.006501453
29.12 -0.005126153
29.13 -0.003840477
29.14 -0.002236006
29.15 -0.0002274143
29.16 0.001798333
29.17 0.004410037
29.18 0.007209432
29.19 0.0103875
29.2 0.01255888
29.21 0.01377319
29.22 0.01582908
29.23 0.01740241
29.24 0.01797028
29.25 0.01854174
29.26 0.01833697
29.27 0.01692141
29.28 0.01463383
29.29 0.01263641
29.3 0.01182593
29.31 0.01105595
29.32 0.009807134
29.33 0.008166902
29.34 0.006220417
29.35 0.004303968
29.36 0.003432047
29.37 0.002963155
29.38 0.001171125
29.39 -0.0005247067
29.4 -0.0009618997
29.41 -0.0009853354
29.42 -0.0011145
29.43 -0.001535315
29.44 -0.001989103
29.45 -0.002422467
29.46 -0.003070473
29.47 -0.003926343
29.48 -0.004866442
29.49 -0.005011705
29.5 -0.005149141
29.51 -0.005357958
29.52 -0.005501943
29.53 -0.006565815
29.54 -0.007588833
29.55 -0.007809629
29.56 -0.007130891
29.57 -0.007004631
29.58 -0.007283298
29.59 -0.007671985
29.6 -0.008152659
29.61 -0.008242306
29.62 -0.007771564
29.63 -0.007385828
29.64 -0.006426528
29.65 -0.005364828
29.66 -0.004607027
29.67 -0.003833139
29.68 -0.002463762
29.69 -0.0008714152
29.7 0.0005554027
29.71 0.001786062
29.72 0.003244886
29.73 0.00510855
29.74 0.007164716
29.75 0.008575781
29.76 0.009551911
29.77 0.009672979
29.78 0.009168161
29.79 0.008879643
29.8 0.008833588
29.81 0.009180653
29.82 0.009397375
29.83 0.009358895
29.84 0.00959466
29.85 0.009765572
29.86 0.009730322
29.87 0.009665069
29.88 0.009414303
29.89 0.009651377
29.9 0.01070502
29.91 0.01232481
29.92 0.01303412
29.93 0.01305689
29.94 0.01306412
29.95 0.01312863
29.96 0.01286414
29.97 0.01178921
29.98 0.01023908
29.99 0.008527522
30 0.006912006
30.01 0.005421782
30.02 0.003133439
30.03 0.0006579096
30.04 -0.00106549
30.05 -0.002589447
30.06 -0.003362729
30.07 -0.003785
30.08 -0.004788073
30.09 -0.005489212
30.1 -0.005738749
30.11 -0.005887455
30.12 -0.006622234
30.13 -0.007478592
30.14 -0.007450099
30.15 -0.006808399
30.16 -0.005699765
30.17 -0.00463864
30.18 -0.003506222
30.19 -0.00219609
30.2 -0.002404892
30.21 -0.003204612
30.22 -0.003626973
30.23 -0.004214824
30.24 -0.005155931
30.25 -0.006021607
30.26 -0.005628174
30.27 -0.006175956
30.28 -0.007931882
30.29 -0.008389836
30.3 -0.007269909
30.31 -0.004937628
30.32 -0.003400379
30.33 -0.002469052
30.34 -0.002074683
30.35 -0.001391074
30.36 -0.0005981582
30.37 -0.0005215898
30.38 -0.001066485
30.39 -0.001439797
30.4 -0.0008763505
30.41 0.0009638307
30.42 0.003323379
30.43 0.005170865
30.44 0.006728048
30.45 0.008312452
30.46 0.009377346
30.47 0.009592282
30.48 0.009151842
30.49 0.008559271
30.5 0.008829792
30.51 0.008682004
30.52 0.008211035
30.53 0.007123621
30.54 0.005481324
30.55 0.0037898
30.56 0.00191847
30.57 0.0001938168
30.58 -0.00161214
30.59 -0.003132965
30.6 -0.004193397
30.61 -0.004866844
30.62 -0.00572623
30.63 -0.006187714
30.64 -0.006457878
30.65 -0.00695719
30.66 -0.007615962
30.67 -0.007960619
30.68 -0.008680114
30.69 -0.009217505
30.7 -0.008581581
30.71 -0.007922627
30.72 -0.007576971
30.73 -0.007538794
30.74 -0.007187971
30.75 -0.006448867
30.76 -0.005433558
30.77 -0.004712387
30.78 -0.004909414
30.79 -0.00536526
30.8 -0.005221582
30.81 -0.005256302
30.82 -0.005639953
30.83 -0.005914279
30.84 -0.005255759
30.85 -0.004245955
30.86 -0.003290844
30.87 -0.001920182
30.88 -0.000475115
30.89 0.0001153179
30.9 0.001786489
30.91 0.004377693
30.92 0.006404306
30.93 0.007437322
30.94 0.00791318
30.95 0.008396231
30.96 0.008942673
30.97 0.009965034
30.98 0.01057078
30.99 0.01085074
31 0.01086483
31.01 0.00994528
31.02 0.00840203
31.03 0.007373949
31.04 0.006256108
31.05 0.004958794
31.06 0.00338009
31.07 0.001671705
31.08 0.0004250701
31.09 3.532687e-05
31.1 5.692915e-05
31.11 4.446359e-05
31.12 0.0001420275
31.13 -0.0003933701
31.14 -0.001446295
31.15 -0.001840699
31.16 -0.001153042
31.17 -0.000318178
31.18 0.0003969772
31.19 0.0008535092
31.2 0.001209816
31.21 0.00105115
31.22 0.001485407
31.23 0.001886291
31.24 0.002684689
31.25 0.003869081
31.26 0.004781844
31.27 0.004967891
31.28 0.004325126
31.29 0.003874009
31.3 0.003722171
31.31 0.002993059
31.32 0.002049603
31.33 0.001623096
31.34 0.0008958979
31.35 0.0001438963
31.36 1.294049e-05
31.37 8.367031e-05
31.38 -0.0004114693
31.39 -0.00118047
31.4 -0.0007081166
31.41 -0.000502269
31.42 -0.0009723708
31.43 -0.0009447772
31.44 -0.0001909794
31.45 0.0001257513
31.46 -0.0001531031
31.47 -0.001170875
31.48 -0.002891944
31.49 -0.004229817
31.5 -0.005174613
31.51 -0.006380848
31.52 -0.007643032
31.53 -0.008507044
31.54 -0.009361847
31.55 -0.00975386
31.56 -0.00981978
31.57 -0.009215331
31.58 -0.008763344
31.59 -0.009390439
31.6 -0.009426871
31.61 -0.00879763
31.62 -0.008672644
31.63 -0.008147711
31.64 -0.006914245
31.65 -0.005455499
31.66 -0.004088154
31.67 -0.002674625
31.68 -0.001543724
31.69 0.001002537
31.7 0.004230369
31.71 0.006148898
31.72 0.007486665
31.73 0.00866616
31.74 0.009129359
31.75 0.009198042
31.76 0.00949917
31.77 0.009061494
31.78 0.007345503
31.79 0.005315667
31.8 0.003244786
31.81 0.002095057
31.82 0.0003751819
31.83 -0.001419507
31.84 -0.003013974
31.85 -0.004840321
31.86 -0.006295144
31.87 -0.00754235
31.88 -0.008891935
31.89 -0.009332587
31.9 -0.008541509
31.91 -0.007183069
31.92 -0.006857965
31.93 -0.006783532
31.94 -0.006690459
31.95 -0.006863008
31.96 -0.007160018
31.97 -0.007151101
31.98 -0.007236316
31.99 -0.006970481
32 -0.006742678
32.01 -0.006260207
32.02 -0.005766459
32.03 -0.005205455
32.04 -0.00469871
32.05 -0.004235988
32.06 -0.003387088
32.07 -0.002261818
32.08 -0.001313976
32.09 0.0002517394
32.1 0.002106297
32.11 0.003651575
32.12 0.004944487
32.13 0.005843992
32.14 0.006497483
32.15 0.006535326
32.16 0.006562748
32.17 0.006996394
32.18 0.007149888
32.19 0.007224434
32.2 0.007240085
32.21 0.007366159
32.22 0.007651912
32.23 0.007746165
32.24 0.00839714
32.25 0.009301004
32.26 0.009692563
32.27 0.008711415
32.28 0.00654647
32.29 0.004997275
32.3 0.003712698
32.31 0.002414677
32.32 0.001541482
32.33 0.001013176
32.34 -0.0002789296
32.35 -0.001669076
32.36 -0.001755516
32.37 -0.001724054
32.38 -0.002301161
32.39 -0.003116686
32.4 -0.003908523
32.41 -0.004003593
32.42 -0.004543637
32.43 -0.004965268
32.44 -0.005253815
32.45 -0.005616866
32.46 -0.00576489
32.47 -0.006044145
32.48 -0.006373578
32.49 -0.006352622
32.5 -0.005522016
32.51 -0.004778254
32.52 -0.003365404
32.53 -0.001413651
32.54 0.0004224886
32.55 0.002153092
32.56 0.003168649
32.57 0.004660351
32.58 0.006430376
32.59 0.007375592
32.6 0.007239595
32.61 0.007619726
32.62 0.007866197
32.63 0.007890018
32.64 0.007845824
32.65 0.007893292
32.66 0.007878989
32.67 0.007360962
32.68 0.006593127
32.69 0.006480197
32.7 0.006663258
32.71 0.006235488
32.72 0.005403855
32.73 0.004551946
32.74 0.003188074
32.75 0.001749606
32.76 0.001023545
32.77 -0.0002372559
32.78 -0.002450683
32.79 -0.003993121
32.8 -0.004897843
32.81 -0.005709377
32.82 -0.006312821
32.83 -0.006715495
32.84 -0.007087608
32.85 -0.007263214
32.86 -0.007123134
32.87 -0.007077365
32.88 -0.007095416
32.89 -0.006614829
32.9 -0.005426707
32.91 -0.004411433
32.92 -0.003558789
32.93 -0.002951917
32.94 -0.002898917
32.95 -0.002802508
32.96 -0.002331085
32.97 -0.002351882
32.98 -0.002630971
32.99 -0.002283397
33 -0.002170452
33.01 -0.002146413
33.02 -0.001772959
33.03 -0.001147249
33.04 -0.0004224541
33.05 0.0003443853
33.06 0.001027203
33.07 0.001650934
33.08 0.002074678
33.09 0.002580169
33.1 0.003563685
33.11 0.00464999
33.12 0.004953275
33.13 0.0051897
33.14 0.005449675
33.15 0.005349802
33.16 0.00465521
33.17 0.004185011
33.18 0.003801496
33.19 0.00285277
33.2 0.002090485
33.21 0.001679915
33.22 0.001581398
33.23 0.001465468
33.24 0.001319549
33.25 0.001284252
33.26 0.001309496
33.27 0.001359029
33.28 0.001146324
33.29 0.0004386291
33.3 0.0004564505
33.31 0.001055812
33.32 0.001276586
33.33 0.001107589
33.34 0.0009282146
33.35 0.0005633873
33.36 -7.028616e-05
33.37 -0.0008717963
33.38 -0.001421093
33.39 -0.002111605
33.4 -0.002726351
33.41 -0.002745814
33.42 -0.002574078
33.43 -0.002657867
33.44 -0.002633158
33.45 -0.002458015
33.46 -0.002202941
33.47 -0.001766773
33.48 -0.001192495
33.49 -0.0006852773
33.5 -0.0002719513
33.51 0.0003159049
33.52 0.0009218437
33.53 0.001388082
33.54 0.001766682
33.55 0.001976948
33.56 0.002073648
33.57 0.002080271
33.58 0.002195774
33.59 0.002298728
33.6 0.002280234
33.61 0.002043206
33.62 0.001850948
33.63 0.001645882
33.64 0.001389632
33.65 0.001000536
33.66 0.0006410158
33.67 0.0002393816
33.68 -0.000205859
33.69 -0.0005143514
33.7 -0.0007892918
33.71 -0.0009582945
33.72 -0.001020677
33.73 -0.001033253
33.74 -0.001063927
33.75 -0.001058864
33.76 -0.000697982
33.77 -0.0003528779
33.78 -0.0002514966
33.79 -0.0002939729
33.8 -0.0002805246
33.81 -0.0001059052
33.82 5.478601e-05
33.83 4.490584e-05
33.84 -6.779063e-05
33.85 -0.0001071027
33.86 -0.0002274801
33.87 -0.0003378218
33.88 -0.0004723764
33.89 -0.0006691421
33.9 -0.0006916579
33.91 -0.0004860738
33.92 -0.0003423832
33.93 -0.0004240815
33.94 -0.0005624815
33.95 -0.0005679685
33.96 -0.000515605
33.97 -0.0005224005
33.98 -0.0005859988
33.99 -0.0005952542
34 -0.000590826
34.01 -0.0005739914
34.02 -0.000548942
34.03 -0.0005460587
34.04 -0.0005059334
34.05 -0.0004855899
34.06 -0.0004550248
34.07 -0.0004092683
34.08 -0.0003296947
34.09 -0.0002666137
34.1 -0.0001805605
34.11 -5.34319e-05
34.12 -2.151513e-05
34.13 -5.695625e-05
34.14 -6.17837e-05
34.15 -7.640491e-05
34.16 -0.0001092928
34.17 -9.286986e-05
34.18 -4.091052e-05
34.19 -3.415422e-05
34.2 -3.746254e-05
34.21 -5.101832e-05
34.22 -7.751617e-05
34.23 -0.0001043108
34.24 -0.000109326
34.25 -8.694441e-05
34.26 -8.085391e-05
34.27 -0.0001002288
34.28 -0.0001313186
34.29 -0.0001591436
34.3 -0.0001435483
34.31 -0.0001350964
34.32 -0.0001078205
34.33 -8.989489e-05
34.34 -9.197596e-05
34.35 -8.544657e-05
34.36 -7.316496e-05
34.37 -5.462392e-05
34.38 -3.560235e-05
34.39 -3.075843e-05
34.4 -1.911278e-05
34.41 -4.135782e-06
34.42 6.369568e-06
34.43 9.289297e-06
34.44 1.467528e-05
34.45 2.054145e-05
34.46 3.175448e-05
34.47 4.327844e-05
34.48 5.030275e-05
34.49 6.609761e-05
34.5 8.646367e-05
34.51 9.869242e-05
34.52 0.0001082936
34.53 0.0001121125
34.54 0.0001101881
34.55 0.0001058843
34.56 9.957892e-05
34.57 9.297876e-05
34.58 8.647491e-05
34.59 7.80973e-05
34.6 6.972139e-05
34.61 6.253454e-05
34.62 5.362884e-05
34.63 4.499764e-05
34.64 3.649035e-05
34.65 2.918259e-05
34.66 2.177167e-05
34.67 1.415371e-05
34.68 8.908226e-06
34.69 4.505291e-06
34.7 8.757454e-07
34.71 -1.901783e-06
34.72 -3.999911e-06
34.73 -6.359753e-06
34.74 -8.731799e-06
34.75 -1.072213e-05
34.76 -1.238831e-05
34.77 -1.385227e-05
34.78 -1.522936e-05
34.79 -1.634312e-05
34.8 -1.714483e-05
34.81 -1.768932e-05
34.82 -1.805055e-05
34.83 -1.82882e-05
34.84 -1.838114e-05
34.85 -1.836933e-05
34.86 -1.832373e-05
34.87 -1.825361e-05
34.88 -1.816993e-05
34.89 -1.809974e-05
34.9 -1.804715e-05
34.91 -1.802313e-05
34.92 -1.803369e-05
34.93 -1.807253e-05
34.94 -1.813419e-05
34.95 -1.821806e-05
34.96 -1.8325e-05
34.97 -1.845574e-05
34.98 -1.861046e-05
