0 -0.0003017236
0.01 -0.0003021345
0.02 -0.0003023549
0.03 -0.0003024907
0.04 -0.0003027019
0.05 -0.0003026605
0.06 -0.000302107
0.07 -0.0003016506
0.08 -0.0003013959
0.09 -0.0003043514
0.1 -0.0003187789
0.11 -0.0003299908
0.12 -0.0003318272
0.13 -0.0003330883
0.14 -0.0003310883
0.15 -0.0003078719
0.16 -0.000289043
0.17 -0.0002874735
0.18 -0.0002876038
0.19 -0.0002845226
0.2 -0.0002816512
0.21 -0.0002594964
0.22 -0.0001951571
0.23 -0.0001635709
0.24 -0.0002150553
0.25 -0.0002764039
0.26 -0.0002746173
0.27 -0.0002578175
0.28 -0.000252825
0.29 -0.0002504044
0.3 -0.0002601563
0.31 -0.0003339259
0.32 -0.0003037149
0.33 -0.0002234031
0.34 -0.0002138361
0.35 -0.0002193551
0.36 -0.000210095
0.37 -0.0002019447
0.38 -0.0001951834
0.39 -0.0001821518
0.4 -0.000172223
0.41 -0.000166777
0.42 -0.0001606034
0.43 -0.0001533554
0.44 -0.000146287
0.45 -0.0001392546
0.46 -0.0001319691
0.47 -0.000124516
0.48 -0.0001168689
0.49 -0.0001005878
0.5 -6.814667e-05
0.51 -4.912243e-05
0.52 -8.00735e-05
0.53 -0.0003515242
0.54 -0.0005025188
0.55 -0.0001565918
0.56 6.474298e-05
0.57 1.979288e-05
0.58 -3.226711e-06
0.59 2.756018e-05
0.6 5.360389e-05
0.61 9.391315e-05
0.62 0.0001215254
0.63 0.0001305705
0.64 0.0001410199
0.65 0.0001552278
0.66 0.000168564
0.67 0.0001812971
0.68 0.0002310884
0.69 0.0005680792
0.7 0.0006667798
0.71 0.0007000866
0.72 0.0004461681
0.73 -7.327227e-05
0.74 -0.0005724925
0.75 -0.0006449926
0.76 -0.0004247119
0.77 0.0001811282
0.78 0.0005072693
0.79 0.0004159089
0.8 -1.457706e-05
0.81 2.504446e-05
0.82 0.0004975989
0.83 0.0006390763
0.84 0.001366827
0.85 0.002731861
0.86 0.003074267
0.87 0.002732971
0.88 0.001800401
0.89 0.0007409374
0.9 0.0005298172
0.91 0.000616461
0.92 -3.127342e-06
0.93 -0.0005948461
0.94 -0.0002325665
0.95 0.0007376359
0.96 0.0009671117
0.97 0.0001376663
0.98 -0.0006111427
0.99 -0.0003103636
1 0.0007513201
1.01 0.001147093
1.02 0.00111972
1.03 0.001927829
1.04 0.00271942
1.05 0.002371008
1.06 0.001351701
1.07 0.001081017
1.08 0.001132797
1.09 3.225337e-05
1.1 -0.001672413
1.11 -0.002181412
1.12 -0.001968801
1.13 -0.001849158
1.14 -0.0008426351
1.15 0.001000822
1.16 0.001732619
1.17 0.001560874
1.18 0.001544422
1.19 0.001645506
1.2 0.001666356
1.21 0.00165077
1.22 0.000664198
1.23 -0.00160728
1.24 -0.002345957
1.25 -0.002005589
1.26 -0.001942703
1.27 -0.002052762
1.28 -0.00203916
1.29 -0.001234054
1.3 0.0008425646
1.31 0.00216204
1.32 0.00208332
1.33 0.001938721
1.34 0.002766216
1.35 0.00497885
1.36 0.006509616
1.37 0.006251575
1.38 0.004436177
1.39 0.001912395
1.4 -0.0005431491
1.41 -0.001969122
1.42 -0.002026394
1.43 -0.001849272
1.44 -0.001888717
1.45 -0.001930289
1.46 -0.001846097
1.47 -0.0008440118
1.48 0.0006132505
1.49 0.002034386
1.5 0.002782917
1.51 0.002680731
1.52 0.001629463
1.53 -0.0006557604
1.54 -0.001990862
1.55 -0.001850866
1.56 -0.001663831
1.57 -0.001737243
1.58 -0.001976343
1.59 -0.004108537
1.6 -0.006355239
1.61 -0.00642787
1.62 -0.004787713
1.63 -0.001974327
1.64 -0.001140629
1.65 -0.001551884
1.66 -0.001626504
1.67 -0.001510868
1.68 -0.001508707
1.69 -0.001531602
1.7 -0.001522817
1.71 -0.001047954
1.72 0.001627556
1.73 0.003537735
1.74 0.001991848
1.75 -0.001099537
1.76 -0.001853464
1.77 -0.002353488
1.78 -0.001775189
1.79 0.0005159947
1.8 0.001342623
1.81 0.0001254645
1.82 -0.00117447
1.83 0.000178989
1.84 0.002887703
1.85 0.00379998
1.86 0.003470602
1.87 0.00338571
1.88 0.003250445
1.89 0.0009225587
1.9 -0.001290958
1.91 -0.00125527
1.92 -0.0008854453
1.93 -0.0009609023
1.94 -0.001027129
1.95 -0.0005248376
1.96 0.002165903
1.97 0.004079963
1.98 0.003203314
1.99 0.0006390362
2 -0.00103131
2.01 -0.00100307
2.02 -0.0007695131
2.03 -0.0008452252
2.04 -0.002064845
2.05 -0.003201387
2.06 -0.001373757
2.07 -0.0003282648
2.08 -0.0005741125
2.09 -0.0006988237
2.1 -0.0006038758
2.11 -0.0005046733
2.12 0.0006403876
2.13 0.003032667
2.14 0.004334534
2.15 0.003295232
2.16 0.0008541735
2.17 0.00190345
2.18 0.004213261
2.19 0.004126117
2.2 0.001216153
2.21 -0.000749577
2.22 -0.0005140315
2.23 -0.0002133247
2.24 -0.0005395303
2.25 -0.002828324
2.26 -0.005120088
2.27 -0.005191762
2.28 -0.004761581
2.29 -0.003166553
2.3 0.001443306
2.31 0.005875039
2.32 0.006846801
2.33 0.004256928
2.34 0.0004608944
2.35 -0.0006698161
2.36 -0.0001737719
2.37 -6.603264e-05
2.38 -0.0001988203
2.39 -0.0001795506
2.4 -8.119895e-05
2.41 -4.967108e-05
2.42 -5.995557e-05
2.43 6.912825e-05
2.44 0.001323527
2.45 0.00249142
2.46 0.001910643
2.47 -0.001035376
2.48 -0.004335683
2.49 -0.003798882
2.5 -0.0008375758
2.51 0.0007991301
2.52 0.001401682
2.53 0.0005805369
2.54 -8.247057e-05
2.55 3.048398e-05
2.56 0.0001419566
2.57 9.912525e-05
2.58 7.426359e-05
2.59 -0.0005404371
2.6 -0.00261592
2.61 -0.003360572
2.62 -0.0009869054
2.63 0.0006582583
2.64 0.0004475671
2.65 0.0001534192
2.66 -0.001279281
2.67 -0.004006208
2.68 -0.004516713
2.69 -0.002630203
2.7 -0.0005589109
2.71 -0.001773396
2.72 -0.004201384
2.73 -0.00437172
2.74 -0.001679694
2.75 0.0007022216
2.76 0.0006940556
2.77 0.0003226024
2.78 0.0004990288
2.79 0.002487492
2.8 0.005090839
2.81 0.005450787
2.82 0.005068585
2.83 0.005039461
2.84 0.003594526
2.85 0.0008051067
2.86 0.0001448914
2.87 0.0005995977
2.88 0.0006437215
2.89 0.0005296208
2.9 0.0005399348
2.91 0.0007878801
2.92 0.003074182
2.93 0.005452405
2.94 0.005539048
2.95 0.005149829
2.96 0.005120772
2.97 0.003329686
2.98 0.0007226786
2.99 0.0003416897
3 0.0007361583
3.01 0.0006681012
3.02 -0.0009274051
3.03 -0.003617851
3.04 -0.004040263
3.05 -0.002330929
3.06 -0.001293651
3.07 -0.001476975
3.08 -0.001578365
3.09 -0.0005084114
3.1 0.000686867
3.11 -0.0001752343
3.12 -2.32495e-05
3.13 0.0003670119
3.14 -0.0009051039
3.15 -0.0006591401
3.16 0.0008241497
3.17 0.001384598
3.18 0.002035813
3.19 0.0007962866
3.2 -0.001319562
3.21 -0.0008392884
3.22 -0.0002938678
3.23 -0.001007409
3.24 -0.0003613886
3.25 -0.0006831851
3.26 -0.001400029
3.27 -0.001390199
3.28 -0.001255825
3.29 -0.001287314
3.3 -0.001318679
3.31 -0.001311241
3.32 -0.001310535
3.33 -0.00131806
3.34 -0.001322795
3.35 -0.001310877
3.36 -0.001243707
3.37 -0.0005795663
3.38 0.00155755
3.39 0.002553213
3.4 0.002568323
3.41 0.003599615
3.42 0.005234806
3.43 0.005847814
3.44 0.005565605
3.45 0.004460046
3.46 0.003111766
3.47 0.001333809
3.48 -0.001377382
3.49 -0.00489288
3.5 -0.009042033
3.51 -0.01195322
3.52 -0.01239768
3.53 -0.009504028
3.54 -0.007120084
3.55 -0.00530137
3.56 -0.003454674
3.57 -0.002276506
3.58 -0.002560093
3.59 -0.003088675
3.6 -0.001712425
3.61 -0.0008190847
3.62 -0.001069349
3.63 -0.001097119
3.64 0.0002454639
3.65 0.001363431
3.66 0.001292119
3.67 0.001150702
3.68 0.002036752
3.69 0.002400695
3.7 0.002320737
3.71 0.001664896
3.72 0.001607383
3.73 0.003129678
3.74 0.004710674
3.75 0.005970981
3.76 0.007325262
3.77 0.007557706
3.78 0.005317192
3.79 0.003240107
3.8 0.002789894
3.81 0.0006257774
3.82 -0.002380088
3.83 -0.005275357
3.84 -0.006285869
3.85 -0.005911149
3.86 -0.004557442
3.87 -0.00220272
3.88 -0.0002135714
3.89 0.002501881
3.9 0.003550397
3.91 0.00202117
3.92 -0.0006366416
3.93 -0.001786905
3.94 -0.001553123
3.95 -0.001386266
3.96 -0.0006013234
3.97 0.0007030264
3.98 0.0009397279
3.99 0.0007095387
4 0.0006896583
4.01 0.0007279131
4.02 0.0006664155
4.03 0.000585344
4.04 0.0005693813
4.05 0.0005877739
4.06 0.0006361938
4.07 0.0005697128
4.08 -0.0005118277
4.09 -0.00159635
4.1 -0.0003653209
4.11 0.0007975816
4.12 0.0006043601
4.13 0.0001513693
4.14 -0.001833632
4.15 -0.002804197
4.16 -0.001887893
4.17 -0.001036018
4.18 -0.000676858
4.19 -0.001790201
4.2 -0.00339333
4.21 -0.004314186
4.22 -0.004318048
4.23 -0.00419478
4.24 -0.003247476
4.25 -0.001915792
4.26 -0.001503053
4.27 1.104629e-05
4.28 0.002991401
4.29 0.004975075
4.3 0.004813287
4.31 0.002968629
4.32 0.0006050195
4.33 -0.0007612287
4.34 -0.001199315
4.35 -0.001375711
4.36 -0.00319404
4.37 -0.005322437
4.38 -0.006682633
4.39 -0.006802581
4.4 -0.004528273
4.41 -0.0006109759
4.42 0.002004037
4.43 0.002508487
4.44 0.002164115
4.45 0.000217108
4.46 -0.00256196
4.47 -0.004240828
4.48 -0.004865886
4.49 -0.004218837
4.5 -0.004613667
4.51 -0.006723089
4.52 -0.006421031
4.53 -0.006377854
4.54 -0.006457867
4.55 -0.004272456
4.56 -0.002184762
4.57 -0.0006124357
4.58 0.001892088
4.59 0.004152985
4.6 0.003683304
4.61 0.001756039
4.62 0.0002198827
4.63 -0.0005387213
4.64 -0.0005179055
4.65 -0.0004402462
4.66 -0.0004886856
4.67 -0.0005233922
4.68 -0.0005463179
4.69 -0.0006210163
4.7 -0.0006099072
4.71 -0.0004250462
4.72 0.0009140498
4.73 0.003664592
4.74 0.00655748
4.75 0.007093748
4.76 0.004191342
4.77 0.0008678506
4.78 -0.001016558
4.79 -0.0009907258
4.8 -0.000758363
4.81 -0.0009164601
4.82 -0.001897668
4.83 -0.001762602
4.84 -0.0003182611
4.85 0.001893583
4.86 0.003759317
4.87 0.005028943
4.88 0.006012373
4.89 0.006504469
4.9 0.007810128
4.91 0.008376769
4.92 0.006938981
4.93 0.004110565
4.94 0.001599897
4.95 0.0009115436
4.96 0.0003608554
4.97 -0.001016279
4.98 -0.001397991
4.99 -0.001182836
5 -0.001172234
5.01 -0.001358353
5.02 -0.002405008
5.03 -0.00362086
5.04 -0.004550251
5.05 -0.006624937
5.06 -0.005907653
5.07 -0.003620086
5.08 -0.002076474
5.09 -0.00132743
5.1 -0.001411015
5.11 -0.00151525
5.12 -0.0005082244
5.13 0.0006379551
5.14 -0.0008718433
5.15 -0.003553624
5.16 -0.004263172
5.17 -0.003792347
5.18 -0.002835022
5.19 -0.003124209
5.2 -0.004118068
5.21 -0.004081273
5.22 -0.002115699
5.23 0.0004995964
5.24 0.0008307487
5.25 0.0003469061
5.26 0.0003371077
5.27 0.000428587
5.28 0.0004346992
5.29 0.0009495656
5.3 0.003623596
5.31 0.005326986
5.32 0.005043431
5.33 0.004887876
5.34 0.006178198
5.35 0.00732427
5.36 0.007249207
5.37 0.007625146
5.38 0.007357291
5.39 0.004732615
5.4 0.0007809924
5.41 -0.004147169
5.42 -0.007021921
5.43 -0.007119026
5.44 -0.006703672
5.45 -0.005348436
5.46 -0.002893077
5.47 -0.001478477
5.48 -0.001169254
5.49 -0.002175462
5.5 -0.002668336
5.51 -0.001822229
5.52 0.0005082157
5.53 -0.0001773059
5.54 -0.002566639
5.55 -0.003010592
5.56 -0.002608133
5.57 -0.003018213
5.58 -0.003945617
5.59 -0.003123042
5.6 -0.002484681
5.61 -0.002701667
5.62 -0.002836948
5.63 -0.002786788
5.64 -0.002785918
5.65 -0.002859754
5.66 -0.002931826
5.67 -0.002926892
5.68 -0.002380051
5.69 -0.00157878
5.7 -0.0007050127
5.71 0.001330115
5.72 0.002567231
5.73 0.005038486
5.74 0.00720235
5.75 0.00754317
5.76 0.006357766
5.77 0.00592512
5.78 0.006842222
5.79 0.009728182
5.8 0.01039699
5.81 0.008482801
5.82 0.006423198
5.83 0.002977506
5.84 1.870257e-06
5.85 -0.003925488
5.86 -0.007644838
5.87 -0.007360581
5.88 -0.006891881
5.89 -0.007925998
5.9 -0.008199228
5.91 -0.007217195
5.92 -0.005817804
5.93 -0.005563097
5.94 -0.005786084
5.95 -0.005266271
5.96 -0.00309748
5.97 -0.001213735
5.98 -0.002348203
5.99 -0.005099121
6 -0.006155735
6.01 -0.005879658
6.02 -0.005834563
6.03 -0.00571139
6.04 -0.003278776
6.05 -0.0009538542
6.06 0.0001539055
6.07 0.003430641
6.08 0.00710593
6.09 0.01100978
6.1 0.01596166
6.11 0.0197767
6.12 0.02293026
6.13 0.02425253
6.14 0.02215455
6.15 0.02123499
6.16 0.02158008
6.17 0.02110127
6.18 0.01951285
6.19 0.01686009
6.2 0.01151466
6.21 0.006277518
6.22 0.004273535
6.23 0.002724624
6.24 0.0007305895
6.25 -0.001085205
6.26 -0.005031465
6.27 -0.01074967
6.28 -0.01515347
6.29 -0.01675859
6.3 -0.01758863
6.31 -0.01658735
6.32 -0.01367486
6.33 -0.01120494
6.34 -0.01003427
6.35 -0.008104248
6.36 -0.006490703
6.37 -0.007781958
6.38 -0.01080309
6.39 -0.01379015
6.4 -0.01722062
6.41 -0.02119724
6.42 -0.02318233
6.43 -0.02359964
6.44 -0.02022705
6.45 -0.01223839
6.46 -0.00350636
6.47 0.004392941
6.48 0.01103388
6.49 0.01571932
6.5 0.01819268
6.51 0.0206732
6.52 0.02150138
6.53 0.01965961
6.54 0.01544771
6.55 0.01212745
6.56 0.01237035
6.57 0.01593003
6.58 0.02012147
6.59 0.02137944
6.6 0.01939509
6.61 0.01581548
6.62 0.01157394
6.63 0.007447287
6.64 0.003592943
6.65 0.0009867902
6.66 -0.0001913408
6.67 -0.001980667
6.68 -0.004042969
6.69 -0.004203782
6.7 -0.001456478
6.71 0.002886142
6.72 0.007245093
6.73 0.009683315
6.74 0.008099443
6.75 0.003677316
6.76 -0.002142843
6.77 -0.007773541
6.78 -0.009385212
6.79 -0.007305612
6.8 -0.003227487
6.81 -0.0002057919
6.82 0.0007150495
6.83 9.816919e-05
6.84 -0.001389772
6.85 -0.002779407
6.86 -0.004032023
6.87 -0.004279522
6.88 -0.004041808
6.89 -0.003986684
6.9 -0.005192706
6.91 -0.008190255
6.92 -0.01108626
6.93 -0.01331063
6.94 -0.01357846
6.95 -0.01280749
6.96 -0.01064088
6.97 -0.007760115
6.98 -0.005945292
6.99 -0.004531167
7 -0.002359992
7.01 -0.0008559727
7.02 0.0004455025
7.03 0.001746
7.04 0.002992657
7.05 0.003216049
7.06 0.002692956
7.07 0.00129208
7.08 0.0005108741
7.09 -0.001203154
7.1 -0.005060599
7.11 -0.008011193
7.12 -0.008274857
7.13 -0.005937576
7.14 -0.002090506
7.15 0.003075817
7.16 0.008330335
7.17 0.01123594
7.18 0.01373071
7.19 0.01510791
7.2 0.01411395
7.21 0.01145038
7.22 0.00820301
7.23 0.001294691
7.24 -0.01273404
7.25 -0.03064509
7.26 -0.04376257
7.27 -0.04808237
7.28 -0.04687683
7.29 -0.04199638
7.3 -0.03665679
7.31 -0.02810847
7.32 -0.01668288
7.33 -0.006768751
7.34 -0.001176175
7.35 0.002161905
7.36 0.004616817
7.37 0.009644718
7.38 0.01825475
7.39 0.02463194
7.4 0.02544142
7.41 0.02049171
7.42 0.01099759
7.43 0.001685228
7.44 -0.0009014591
7.45 0.001283973
7.46 0.004357225
7.47 0.008019167
7.48 0.01191191
7.49 0.01342834
7.5 0.01310149
7.51 0.01403115
7.52 0.01818679
7.53 0.02535944
7.54 0.03378062
7.55 0.04022253
7.56 0.0430932
7.57 0.04521152
7.58 0.04565887
7.59 0.0436078
7.6 0.0376986
7.61 0.02840995
7.62 0.02087969
7.63 0.009965933
7.64 -0.004940824
7.65 -0.01590925
7.66 -0.02107942
7.67 -0.02288247
7.68 -0.02185514
7.69 -0.01919487
7.7 -0.01533717
7.71 -0.0125245
7.72 -0.01179566
7.73 -0.01248206
7.74 -0.01323988
7.75 -0.01217339
7.76 -0.01053259
7.77 -0.009907949
7.78 -0.01285239
7.79 -0.01675555
7.8 -0.02009707
7.81 -0.02464335
7.82 -0.02708054
7.83 -0.02580543
7.84 -0.02355871
7.85 -0.02137877
7.86 -0.02069709
7.87 -0.02096655
7.88 -0.02080937
7.89 -0.01841406
7.9 -0.01536143
7.91 -0.01167726
7.92 -0.006336523
7.93 -0.0006421557
7.94 0.004740219
7.95 0.01016391
7.96 0.01602183
7.97 0.02317548
7.98 0.02949807
7.99 0.03096754
8 0.03017262
8.01 0.03008648
8.02 0.02981994
8.03 0.02712687
8.04 0.02298052
8.05 0.01503983
8.06 0.007111797
8.07 0.000702635
8.08 -0.005022343
8.09 -0.007043896
8.1 -0.006472362
8.11 -0.004732966
8.12 -0.0008957774
8.13 0.003370746
8.14 0.006978245
8.15 0.008140826
8.16 0.007840655
8.17 0.00772359
8.18 0.006987107
8.19 0.005471651
8.2 0.00404872
8.21 0.003231012
8.22 0.002726751
8.23 0.0007413276
8.24 -0.002109196
8.25 -0.004956783
8.26 -0.008821015
8.27 -0.01261915
8.28 -0.01478888
8.29 -0.01511173
8.3 -0.01473109
8.31 -0.01326341
8.32 -0.009054258
8.33 -0.003241169
8.34 0.002301959
8.35 0.006868723
8.36 0.008864189
8.37 0.008755954
8.38 0.008223971
8.39 0.00650374
8.4 0.003743076
8.41 0.0009574252
8.42 -0.0007383333
8.43 -0.001654881
8.44 -0.001259265
8.45 0.0001495627
8.46 0.002383785
8.47 0.005969387
8.48 0.009057212
8.49 0.009137529
8.5 0.006694234
8.51 0.002973593
8.52 0.000416876
8.53 -0.001941534
8.54 -0.002544005
8.55 -0.0007565509
8.56 0.002502589
8.57 0.007259104
8.58 0.01131363
8.59 0.01026129
8.6 0.006564497
8.61 0.001410738
8.62 -0.007863187
8.63 -0.01730441
8.64 -0.02515262
8.65 -0.03076192
8.66 -0.03224373
8.67 -0.03008605
8.68 -0.0248429
8.69 -0.01524706
8.7 -8.32085e-05
8.71 0.01594885
8.72 0.03078163
8.73 0.04369955
8.74 0.0482639
8.75 0.04569862
8.76 0.04124697
8.77 0.03573388
8.78 0.0232252
8.79 0.00221917
8.8 -0.02163297
8.81 -0.03674763
8.82 -0.04303272
8.83 -0.04494898
8.84 -0.04206344
8.85 -0.03568429
8.86 -0.02851205
8.87 -0.02175231
8.88 -0.01483922
8.89 -0.00685548
8.9 0.0004946158
8.91 0.00419994
8.92 0.007009832
8.93 0.01109171
8.94 0.01304744
8.95 0.009315104
8.96 -0.00192947
8.97 -0.01660091
8.98 -0.02516982
8.99 -0.02732551
9 -0.02705418
9.01 -0.02463746
9.02 -0.02128604
9.03 -0.01760918
9.04 -0.01634809
9.05 -0.01774664
9.06 -0.02046899
9.07 -0.0230087
9.08 -0.02305185
9.09 -0.01811083
9.1 -0.01049975
9.11 -0.002680229
9.12 0.003925883
9.13 0.007844011
9.14 0.008723322
9.15 0.006498639
9.16 0.005979224
9.17 0.008825037
9.18 0.01235944
9.19 0.01583673
9.2 0.01808928
9.21 0.01847905
9.22 0.01732716
9.23 0.0148084
9.24 0.01198932
9.25 0.00977214
9.26 0.009083639
9.27 0.01006545
9.28 0.01351886
9.29 0.01871163
9.3 0.02166329
9.31 0.02273758
9.32 0.02335277
9.33 0.02199716
9.34 0.01880556
9.35 0.0146991
9.36 0.006493214
9.37 -0.006853723
9.38 -0.02016601
9.39 -0.02640692
9.4 -0.02624378
9.41 -0.01844948
9.42 0.001860159
9.43 0.02816082
9.44 0.0437866
9.45 0.04714989
9.46 0.04673209
9.47 0.04640816
9.48 0.04274351
9.49 0.03764737
9.5 0.03480633
9.51 0.03263659
9.52 0.03068422
9.53 0.02836366
9.54 0.02611917
9.55 0.02526758
9.56 0.0220005
9.57 0.01553805
9.58 0.00843935
9.59 0.002623882
9.6 -0.003630773
9.61 -0.01141017
9.62 -0.01803086
9.63 -0.02319191
9.64 -0.02823172
9.65 -0.03353135
9.66 -0.03731269
9.67 -0.03675231
9.68 -0.0340101
9.69 -0.0337649
9.7 -0.03715743
9.71 -0.04156564
9.72 -0.04448734
9.73 -0.04652307
9.74 -0.04740188
9.75 -0.04725999
9.76 -0.04562892
9.77 -0.0396979
9.78 -0.02858853
9.79 -0.01469578
9.8 -0.001597235
9.81 0.007638773
9.82 0.01569093
9.83 0.02436337
9.84 0.03141156
9.85 0.03634136
9.86 0.03985221
9.87 0.04080369
9.88 0.03916735
9.89 0.03738048
9.9 0.03400666
9.91 0.02855635
9.92 0.02327026
9.93 0.01857417
9.94 0.01107374
9.95 0.002727095
9.96 -0.007013011
9.97 -0.01541545
9.98 -0.02033709
9.99 -0.02347044
10 -0.02494958
10.01 -0.02387433
10.02 -0.02207505
10.03 -0.01845273
10.04 -0.01318362
10.05 -0.009656322
10.06 -0.008673075
10.07 -0.008342745
10.08 -0.009926892
10.09 -0.009441584
10.1 -0.004340676
10.11 -0.0002132543
10.12 -0.0002469896
10.13 -0.003438577
10.14 -0.007809998
10.15 -0.01170913
10.16 -0.01284645
10.17 -0.01199344
10.18 -0.01350321
10.19 -0.01606829
10.2 -0.01723367
10.21 -0.01714264
10.22 -0.01502178
10.23 -0.01350569
10.24 -0.01358247
10.25 -0.01440342
10.26 -0.01663064
10.27 -0.01957122
10.28 -0.02230612
10.29 -0.02406624
10.3 -0.02220808
10.31 -0.02028455
10.32 -0.02045954
10.33 -0.02086245
10.34 -0.02182508
10.35 -0.02288027
10.36 -0.02335065
10.37 -0.02457718
10.38 -0.02439393
10.39 -0.02091037
10.4 -0.01496129
10.41 -0.006333962
10.42 0.004750983
10.43 0.01531345
10.44 0.0253789
10.45 0.03601095
10.46 0.04350562
10.47 0.04789497
10.48 0.04985547
10.49 0.05046249
10.5 0.04950154
10.51 0.04877224
10.52 0.04745399
10.53 0.04313526
10.54 0.03476795
10.55 0.0228572
10.56 0.01022465
10.57 -0.002106306
10.58 -0.01055497
10.59 -0.01332022
10.6 -0.01482153
10.61 -0.01573238
10.62 -0.01417541
10.63 -0.009904369
10.64 -0.003057496
10.65 0.006352464
10.66 0.01677052
10.67 0.02682512
10.68 0.03438938
10.69 0.03791771
10.7 0.03776481
10.71 0.03513212
10.72 0.02662509
10.73 0.01342278
10.74 0.0005162088
10.75 -0.009509445
10.76 -0.01593838
10.77 -0.01816426
10.78 -0.01781355
10.79 -0.01691115
10.8 -0.01395657
10.81 -0.008450831
10.82 -0.001338709
10.83 0.006843164
10.84 0.01509086
10.85 0.02257798
10.86 0.02751699
10.87 0.02980993
10.88 0.02824269
10.89 0.02391692
10.9 0.0189763
10.91 0.01295519
10.92 0.00607255
10.93 0.00162262
10.94 0.0006943459
10.95 0.001065175
10.96 0.0004919701
10.97 -0.002805478
10.98 -0.01138195
10.99 -0.02347195
11 -0.03338668
11.01 -0.04333048
11.02 -0.05106138
11.03 -0.05454725
11.04 -0.05673431
11.05 -0.0602087
11.06 -0.06145314
11.07 -0.05922332
11.08 -0.05532574
11.09 -0.048483
11.1 -0.03785537
11.11 -0.02669148
11.12 -0.01687374
11.13 -0.006093986
11.14 0.003503344
11.15 0.01141409
11.16 0.0192013
11.17 0.02595409
11.18 0.03143274
11.19 0.03617775
11.2 0.03829016
11.21 0.03569594
11.22 0.0263614
11.23 0.01159874
11.24 -0.0042815
11.25 -0.0150038
11.26 -0.0212928
11.27 -0.02566078
11.28 -0.03011523
11.29 -0.0367528
11.3 -0.04329674
11.31 -0.04715534
11.32 -0.04745633
11.33 -0.04446235
11.34 -0.03879534
11.35 -0.03211574
11.36 -0.02385593
11.37 -0.01721061
11.38 -0.01237696
11.39 -0.009692217
11.4 -0.008440532
11.41 -0.00777064
11.42 -0.007799658
11.43 -0.008619971
11.44 -0.007373381
11.45 -0.0009403861
11.46 0.01065198
11.47 0.02545038
11.48 0.03963686
11.49 0.04896049
11.5 0.05699136
11.51 0.06723702
11.52 0.07401734
11.53 0.07493045
11.54 0.07113012
11.55 0.0654759
11.56 0.06052862
11.57 0.05841708
11.58 0.05744061
11.59 0.05703895
11.6 0.05697989
11.61 0.05577644
11.62 0.05458382
11.63 0.0536043
11.64 0.0494621
11.65 0.04345508
11.66 0.03825329
11.67 0.03576232
11.68 0.03418304
11.69 0.03090766
11.7 0.02566108
11.71 0.01895687
11.72 0.01088671
11.73 0.002523075
11.74 -0.005103033
11.75 -0.01124737
11.76 -0.01662369
11.77 -0.02200174
11.78 -0.02766315
11.79 -0.03446616
11.8 -0.04075829
11.81 -0.04603677
11.82 -0.05017169
11.83 -0.05147
11.84 -0.0492331
11.85 -0.04340365
11.86 -0.03246361
11.87 -0.01953708
11.88 -0.01093857
11.89 -0.00739515
11.9 -0.005560676
11.91 -0.004874269
11.92 -0.005875208
11.93 -0.009521949
11.94 -0.01596236
11.95 -0.02592249
11.96 -0.03656691
11.97 -0.04598937
11.98 -0.05247917
11.99 -0.05517445
12 -0.05536515
12.01 -0.0508863
12.02 -0.03729085
12.03 -0.01116775
12.04 0.01807271
12.05 0.04282807
12.06 0.05958828
12.07 0.06956017
12.08 0.07557522
12.09 0.07848751
12.1 0.07699949
12.11 0.06835651
12.12 0.04466559
12.13 0.005033294
12.14 -0.03351059
12.15 -0.05395825
12.16 -0.05926915
12.17 -0.05943087
12.18 -0.05577148
12.19 -0.0481459
12.2 -0.03538938
12.21 -0.01629871
12.22 0.006567033
12.23 0.02720423
12.24 0.04214012
12.25 0.04704473
12.26 0.0426783
12.27 0.03078176
12.28 0.01372416
12.29 -0.004939009
12.3 -0.02541328
12.31 -0.04546198
12.32 -0.06038916
12.33 -0.06837101
12.34 -0.0697374
12.35 -0.06777219
12.36 -0.06105411
12.37 -0.04784278
12.38 -0.03149077
12.39 -0.01821262
12.4 -0.005688925
12.41 0.01182947
12.42 0.02430665
12.43 0.0256086
12.44 0.02182932
12.45 0.01607111
12.46 0.01038569
12.47 0.009137313
12.48 0.0119
12.49 0.0145188
12.5 0.01428513
12.51 0.01089132
12.52 0.004260768
12.53 -0.005367095
12.54 -0.01864125
12.55 -0.03278646
12.56 -0.04438457
12.57 -0.04800069
12.58 -0.04205098
12.59 -0.02656871
12.6 -0.006099592
12.61 0.01143141
12.62 0.02488369
12.63 0.03465366
12.64 0.04146823
12.65 0.04779276
12.66 0.05386757
12.67 0.06024322
12.68 0.06424914
12.69 0.06563102
12.7 0.06549628
12.71 0.06390812
12.72 0.06068137
12.73 0.05463355
12.74 0.04526544
12.75 0.03640864
12.76 0.02985702
12.77 0.02496038
12.78 0.02146325
12.79 0.01819963
12.8 0.01249488
12.81 0.002295979
12.82 -0.01158825
12.83 -0.02653698
12.84 -0.04003601
12.85 -0.0528412
12.86 -0.06141365
12.87 -0.06528509
12.88 -0.06696951
12.89 -0.06505776
12.9 -0.05976381
12.91 -0.04860517
12.92 -0.0311969
12.93 -0.01322765
12.94 0.0001274928
12.95 0.009649843
12.96 0.01561235
12.97 0.01843215
12.98 0.01975608
12.99 0.01992104
13 0.01978604
13.01 0.01984
13.02 0.01924639
13.03 0.01687984
13.04 0.01389551
13.05 0.01144783
13.06 0.009790009
13.07 0.007145819
13.08 0.006556263
13.09 0.01023394
13.1 0.01601086
13.11 0.02106989
13.12 0.02285096
13.13 0.02248039
13.14 0.02220757
13.15 0.02020996
13.16 0.01502403
13.17 0.009878383
13.18 0.00773844
13.19 0.007373831
13.2 0.008358613
13.21 0.00891704
13.22 0.00858919
13.23 0.005994214
13.24 -0.00142396
13.25 -0.01013549
13.26 -0.01811756
13.27 -0.02284219
13.28 -0.02384422
13.29 -0.02420489
13.3 -0.02590812
13.31 -0.02455476
13.32 -0.02226818
13.33 -0.02108997
13.34 -0.0212255
13.35 -0.02266918
13.36 -0.02467418
13.37 -0.02886888
13.38 -0.03550248
13.39 -0.04247745
13.4 -0.04777441
13.41 -0.05066826
13.42 -0.05057939
13.43 -0.04578549
13.44 -0.03180321
13.45 -0.01129596
13.46 0.005951255
13.47 0.01707767
13.48 0.02658301
13.49 0.03524083
13.5 0.04217554
13.51 0.04762435
13.52 0.05260709
13.53 0.05671475
13.54 0.06142106
13.55 0.06681017
13.56 0.06888667
13.57 0.06688233
13.58 0.06130018
13.59 0.05236025
13.6 0.04101549
13.61 0.02726977
13.62 0.008355178
13.63 -0.01655593
13.64 -0.03855665
13.65 -0.05478231
13.66 -0.06315323
13.67 -0.06454732
13.68 -0.06139674
13.69 -0.05368781
13.7 -0.03974064
13.71 -0.02268631
13.72 -0.006203326
13.73 0.00652317
13.74 0.01210512
13.75 0.01251281
13.76 0.01209084
13.77 0.01155986
13.78 0.01013584
13.79 0.007629877
13.8 0.003708599
13.81 -0.001559498
13.82 -0.01103383
13.83 -0.02325584
13.84 -0.03169824
13.85 -0.03650614
13.86 -0.03996442
13.87 -0.04081186
13.88 -0.03813334
13.89 -0.03286459
13.9 -0.02718789
13.91 -0.02202434
13.92 -0.01898468
13.93 -0.01579402
13.94 -0.01132662
13.95 -0.008427972
13.96 -0.005348332
13.97 -0.00448759
13.98 -0.005772536
13.99 -0.006944178
14 -0.01128689
14.01 -0.0194461
14.02 -0.02795721
14.03 -0.03442708
14.04 -0.03793454
14.05 -0.03951507
14.06 -0.03869139
14.07 -0.0369616
14.08 -0.03448413
14.09 -0.03036773
14.1 -0.02479192
14.11 -0.01963744
14.12 -0.01572832
14.13 -0.01181538
14.14 -0.008573387
14.15 -0.004511842
14.16 0.00135575
14.17 0.009521151
14.18 0.02006972
14.19 0.03111789
14.2 0.03950718
14.21 0.04487855
14.22 0.04918498
14.23 0.05070517
14.24 0.05028582
14.25 0.0501161
14.26 0.05007688
14.27 0.04856568
14.28 0.04528967
14.29 0.03929855
14.3 0.03061813
14.31 0.01989018
14.32 0.00502248
14.33 -0.006647831
14.34 -0.01126535
14.35 -0.009281043
14.36 -0.001975653
14.37 0.009786305
14.38 0.02383955
14.39 0.03894022
14.4 0.05254079
14.41 0.06248289
14.42 0.06964017
14.43 0.07295708
14.44 0.07280194
14.45 0.06588462
14.46 0.04957228
14.47 0.02187988
14.48 -0.003276779
14.49 -0.01524738
14.5 -0.01801702
14.51 -0.0172057
14.52 -0.01622419
14.53 -0.01564153
14.54 -0.01437326
14.55 -0.01387209
14.56 -0.01382054
14.57 -0.01223917
14.58 -0.008909454
14.59 -0.004404228
14.6 0.002441703
14.61 0.01398339
14.62 0.02679407
14.63 0.0368831
14.64 0.0435946
14.65 0.04645377
14.66 0.04651992
14.67 0.04751156
14.68 0.04984832
14.69 0.04926068
14.7 0.0456151
14.71 0.03970212
14.72 0.03069263
14.73 0.01865587
14.74 0.006917205
14.75 4.857391e-05
14.76 -0.002138959
14.77 -0.002256159
14.78 -0.003062177
14.79 -0.0056656
14.8 -0.008349084
14.81 -0.009211251
14.82 -0.009554146
14.83 -0.01094199
14.84 -0.01169833
14.85 -0.01428458
14.86 -0.02270074
14.87 -0.03766499
14.88 -0.05340039
14.89 -0.06731305
14.9 -0.07745992
14.91 -0.08379636
14.92 -0.08766029
14.93 -0.09107784
14.94 -0.09309805
14.95 -0.09409677
14.96 -0.09217156
14.97 -0.08798212
14.98 -0.08301126
14.99 -0.07492309
15 -0.06163833
15.01 -0.04420909
15.02 -0.02444445
15.03 -0.008447896
15.04 0.001555495
15.05 0.009738837
15.06 0.01549333
15.07 0.01815066
15.08 0.01900566
15.09 0.01708292
15.1 0.01239467
15.11 0.0063344
15.12 0.0002533657
15.13 -0.003078616
15.14 -0.003783493
15.15 -0.00141732
15.16 0.005208774
15.17 0.01325905
15.18 0.01999366
15.19 0.02645183
15.2 0.03178172
15.21 0.03373608
15.22 0.03384729
15.23 0.03436757
15.24 0.03367497
15.25 0.03317377
15.26 0.03381756
15.27 0.03663556
15.28 0.03835308
15.29 0.03793054
15.3 0.03437001
15.31 0.02529099
15.32 0.01372556
15.33 0.002736291
15.34 -0.009231056
15.35 -0.02205118
15.36 -0.03135464
15.37 -0.03819281
15.38 -0.0412091
15.39 -0.03962552
15.4 -0.03337508
15.41 -0.02358809
15.42 -0.01231797
15.43 0.0004653459
15.44 0.01087802
15.45 0.01804168
15.46 0.02362786
15.47 0.02789921
15.48 0.03069837
15.49 0.03325976
15.5 0.03558062
15.51 0.03555798
15.52 0.03290817
15.53 0.02986762
15.54 0.02745205
15.55 0.02577656
15.56 0.02310521
15.57 0.02171023
15.58 0.02173587
15.59 0.01836825
15.6 0.01086427
15.61 -0.000384488
15.62 -0.01354525
15.63 -0.02438774
15.64 -0.03237404
15.65 -0.03868948
15.66 -0.04228943
15.67 -0.04379675
15.68 -0.04570681
15.69 -0.04632316
15.7 -0.04667935
15.71 -0.04455648
15.72 -0.04218656
15.73 -0.04161072
15.74 -0.03981065
15.75 -0.03671648
15.76 -0.03381269
15.77 -0.03142216
15.78 -0.02964083
15.79 -0.02628
15.8 -0.02168756
15.81 -0.01378339
15.82 -0.002685124
15.83 0.008370887
15.84 0.01666509
15.85 0.02127208
15.86 0.02377701
15.87 0.02515019
15.88 0.02680584
15.89 0.03023576
15.9 0.03554911
15.91 0.04228635
15.92 0.04997245
15.93 0.05481027
15.94 0.0549141
15.95 0.05212983
15.96 0.04825693
15.97 0.04392225
15.98 0.03805445
15.99 0.03026188
16 0.02208778
16.01 0.01105216
16.02 0.0004375124
16.03 -0.006411682
16.04 -0.01078569
16.05 -0.01236013
16.06 -0.01200771
16.07 -0.01198806
16.08 -0.01460401
16.09 -0.01958044
16.1 -0.02223663
16.11 -0.02364974
16.12 -0.02396554
16.13 -0.02178385
16.14 -0.02227893
16.15 -0.02514482
16.16 -0.02611101
16.17 -0.02569163
16.18 -0.0265913
16.19 -0.0291406
16.2 -0.03106586
16.21 -0.0336745
16.22 -0.03526329
16.23 -0.03501108
16.24 -0.03463023
16.25 -0.03335268
16.26 -0.03095283
16.27 -0.02941317
16.28 -0.02743483
16.29 -0.02337272
16.3 -0.01742414
16.31 -0.009236765
16.32 -0.001374396
16.33 0.006232236
16.34 0.0137762
16.35 0.0218222
16.36 0.03090501
16.37 0.03906754
16.38 0.04653176
16.39 0.05454588
16.4 0.06057931
16.41 0.06280727
16.42 0.06252054
16.43 0.06111665
16.44 0.05669776
16.45 0.04845655
16.46 0.03535783
16.47 0.022465
16.48 0.0144961
16.49 0.007646798
16.5 0.003272285
16.51 0.0001176827
16.52 -0.002671325
16.53 -0.005475899
16.54 -0.007047294
16.55 -0.006866641
16.56 -0.006472344
16.57 -0.005227122
16.58 -0.00282496
16.59 -0.00127433
16.6 0.0006152499
16.61 0.002641413
16.62 0.004248501
16.63 0.006680843
16.64 0.009600346
16.65 0.01232862
16.66 0.01425721
16.67 0.01561537
16.68 0.01766428
16.69 0.01727583
16.7 0.01422346
16.71 0.01046743
16.72 0.004590543
16.73 -0.002372353
16.74 -0.007747195
16.75 -0.0111654
16.76 -0.01368662
16.77 -0.01549863
16.78 -0.01574175
16.79 -0.0154839
16.8 -0.01548605
16.81 -0.01554161
16.82 -0.01552701
16.83 -0.01543707
16.84 -0.01430946
16.85 -0.01168962
16.86 -0.00900072
16.87 -0.00706601
16.88 -0.004378409
16.89 -0.001539182
16.9 0.001193002
16.91 0.003992682
16.92 0.006582881
16.93 0.009402149
16.94 0.01057006
16.95 0.01027954
16.96 0.00996112
16.97 0.008534099
16.98 0.006143272
16.99 0.004746285
17 0.0036162
17.01 0.003317773
17.02 0.004572598
17.03 0.005808721
17.04 0.006326746
17.05 0.00762182
17.06 0.008214093
17.07 0.007075817
17.08 0.005789255
17.09 0.005385886
17.1 0.004191673
17.11 0.003411401
17.12 0.003374867
17.13 0.001351629
17.14 -0.001643571
17.15 -0.005364716
17.16 -0.01069922
17.17 -0.01483695
17.18 -0.0171935
17.19 -0.019722
17.2 -0.02260768
17.21 -0.02422939
17.22 -0.02406527
17.23 -0.02373282
17.24 -0.02185589
17.25 -0.01882703
17.26 -0.01590421
17.27 -0.01385563
17.28 -0.01183585
17.29 -0.01004714
17.3 -0.01074516
17.31 -0.01263194
17.32 -0.01561809
17.33 -0.01960502
17.34 -0.02450951
17.35 -0.02916312
17.36 -0.03311067
17.37 -0.03661309
17.38 -0.03778034
17.39 -0.03696899
17.4 -0.03523608
17.41 -0.03194215
17.42 -0.02444243
17.43 -0.01440672
17.44 -0.004779616
17.45 0.004091921
17.46 0.01068875
17.47 0.01574861
17.48 0.01980874
17.49 0.02216568
17.5 0.02375254
17.51 0.02450465
17.52 0.0218156
17.53 0.01648872
17.54 0.01089833
17.55 0.005801078
17.56 0.002197583
17.57 0.0002536462
17.58 -0.0001172995
17.59 -0.0001431249
17.6 -0.002360405
17.61 -0.004730178
17.62 -0.004781141
17.63 -0.004318253
17.64 -0.004296305
17.65 -0.003419292
17.66 -0.002252593
17.67 -0.003613578
17.68 -0.006579978
17.69 -0.009314309
17.7 -0.01193455
17.71 -0.01454565
17.72 -0.0161077
17.73 -0.01734351
17.74 -0.01813943
17.75 -0.01807506
17.76 -0.01786011
17.77 -0.01679852
17.78 -0.01436974
17.79 -0.01233702
17.8 -0.009656827
17.81 -0.006884312
17.82 -0.003394249
17.83 -0.001268795
17.84 -0.001320963
17.85 -0.001283861
17.86 0.0001836727
17.87 0.001116549
17.88 0.002601395
17.89 0.005453859
17.9 0.008406514
17.91 0.01073765
17.92 0.0121724
17.93 0.0127607
17.94 0.01432846
17.95 0.01714817
17.96 0.01920173
17.97 0.02125004
17.98 0.0226316
17.99 0.02394939
18 0.02359042
18.01 0.02102412
18.02 0.01944369
18.03 0.01900056
18.04 0.01643029
18.05 0.01477393
18.06 0.01596097
18.07 0.01772147
18.08 0.01932977
18.09 0.02192946
18.1 0.02489451
18.11 0.02812331
18.12 0.03127163
18.13 0.03221062
18.14 0.0341797
18.15 0.03711563
18.16 0.04010943
18.17 0.04140061
18.18 0.04275912
18.19 0.0454306
18.2 0.04730327
18.21 0.04806783
18.22 0.04857805
18.23 0.05069003
18.24 0.05274961
18.25 0.05297726
18.26 0.05272971
18.27 0.05276407
18.28 0.05178263
18.29 0.04891311
18.3 0.04764395
18.31 0.04579569
18.32 0.04058223
18.33 0.03461129
18.34 0.02929304
18.35 0.02419765
18.36 0.01886748
18.37 0.01324084
18.38 0.006372137
18.39 -0.001842582
18.4 -0.01016004
18.41 -0.01731295
18.42 -0.02284454
18.43 -0.0279143
18.44 -0.03194386
18.45 -0.03425736
18.46 -0.03475304
18.47 -0.03447947
18.48 -0.03356742
18.49 -0.0309998
18.5 -0.02652982
18.51 -0.02097879
18.52 -0.01598295
18.53 -0.01272691
18.54 -0.009410346
18.55 -0.006612575
18.56 -0.006322069
18.57 -0.007402229
18.58 -0.01072841
18.59 -0.01504431
18.6 -0.02009437
18.61 -0.02527705
18.62 -0.0289965
18.63 -0.02993633
18.64 -0.02954663
18.65 -0.02802016
18.66 -0.02522616
18.67 -0.02447548
18.68 -0.02491063
18.69 -0.02497263
18.7 -0.02536666
18.71 -0.02743
18.72 -0.02949629
18.73 -0.03086897
18.74 -0.03301334
18.75 -0.03419776
18.76 -0.0334002
18.77 -0.03086238
18.78 -0.0271115
18.79 -0.02402624
18.8 -0.02070377
18.81 -0.01538826
18.82 -0.01088526
18.83 -0.009978315
18.84 -0.009544554
18.85 -0.008166165
18.86 -0.006578751
18.87 -0.005747542
18.88 -0.005834701
18.89 -0.006094311
18.9 -0.008078872
18.91 -0.01101591
18.92 -0.01389179
18.93 -0.01639287
18.94 -0.01903188
18.95 -0.01992152
18.96 -0.01975574
18.97 -0.02059142
18.98 -0.02119192
18.99 -0.02314073
19 -0.02447536
19.01 -0.02428857
19.02 -0.02407692
19.03 -0.02350515
19.04 -0.01982383
19.05 -0.01524092
19.06 -0.01421137
19.07 -0.01381195
19.08 -0.01231093
19.09 -0.01064623
19.1 -0.008846886
19.11 -0.006019345
19.12 -0.003190818
19.13 -0.0008328511
19.14 -0.0002272978
19.15 0.001267948
19.16 0.003605535
19.17 0.004283569
19.18 0.005013132
19.19 0.007395356
19.2 0.008808891
19.21 0.009095827
19.22 0.0103785
19.23 0.01032221
19.24 0.008825994
19.25 0.008457281
19.26 0.00836331
19.27 0.006940627
19.28 0.00693129
19.29 0.009555288
19.3 0.01157397
19.31 0.01271788
19.32 0.01346733
19.33 0.01354138
19.34 0.01345349
19.35 0.01358177
19.36 0.01504629
19.37 0.0175504
19.38 0.01904723
19.39 0.02093455
19.4 0.02275269
19.41 0.02316056
19.42 0.02421685
19.43 0.02572303
19.44 0.02715278
19.45 0.02759141
19.46 0.02741894
19.47 0.02711318
19.48 0.0258038
19.49 0.02497863
19.5 0.02512587
19.51 0.02525178
19.52 0.02503778
19.53 0.0237217
19.54 0.02178628
19.55 0.01892158
19.56 0.01695351
19.57 0.01492019
19.58 0.01305928
19.59 0.01034029
19.6 0.008169241
19.61 0.006834755
19.62 0.005510983
19.63 0.003066106
19.64 0.0001585714
19.65 -0.002586896
19.66 -0.005957214
19.67 -0.01009683
19.68 -0.01313621
19.69 -0.01416525
19.7 -0.01441767
19.71 -0.0163146
19.72 -0.01857295
19.73 -0.02001717
19.74 -0.02213952
19.75 -0.02343543
19.76 -0.02334351
19.77 -0.02374508
19.78 -0.02446968
19.79 -0.02449686
19.8 -0.02399806
19.81 -0.02318104
19.82 -0.02304452
19.83 -0.022381
19.84 -0.01993411
19.85 -0.01710606
19.86 -0.01565206
19.87 -0.01448971
19.88 -0.01381969
19.89 -0.01390086
19.9 -0.01401463
19.91 -0.01398998
19.92 -0.01397679
19.93 -0.01342912
19.94 -0.01274138
19.95 -0.01377662
19.96 -0.01542491
19.97 -0.01669637
19.98 -0.01802695
19.99 -0.01802779
20 -0.01641412
20.01 -0.01466271
20.02 -0.01218015
20.03 -0.009287799
20.04 -0.006607589
20.05 -0.004689996
20.06 -0.003463206
20.07 -0.002399478
20.08 -0.002251793
20.09 -0.002439803
20.1 -0.003116799
20.11 -0.004459146
20.12 -0.004838717
20.13 -0.004637775
20.14 -0.004189136
20.15 -0.002235128
20.16 -0.0001402071
20.17 0.0001932646
20.18 -7.309909e-05
20.19 -7.79262e-05
20.2 -0.000552997
20.21 -0.002010075
20.22 -0.002594848
20.23 -0.002227682
20.24 -0.0009405933
20.25 3.403755e-05
20.26 -2.47684e-05
20.27 -0.0001867989
20.28 -7.47386e-05
20.29 5.317029e-05
20.3 -0.0006986149
20.31 -0.003700948
20.32 -0.006641362
20.33 -0.009260628
20.34 -0.01194028
20.35 -0.014065
20.36 -0.01419433
20.37 -0.01388618
20.38 -0.01394155
20.39 -0.01376387
20.4 -0.01107535
20.41 -0.005518187
20.42 0.0007285164
20.43 0.007623262
20.44 0.01287603
20.45 0.01660429
20.46 0.02020373
20.47 0.02276124
20.48 0.02446126
20.49 0.02710168
20.5 0.03002614
20.51 0.03239738
20.52 0.03260359
20.53 0.03223637
20.54 0.03225433
20.55 0.03231878
20.56 0.03253405
20.57 0.03494717
20.58 0.03724055
20.59 0.03777446
20.6 0.03877799
20.61 0.03839145
20.62 0.0369211
20.63 0.03635573
20.64 0.03480227
20.65 0.03117705
20.66 0.02594411
20.67 0.0203097
20.68 0.01529294
20.69 0.01323654
20.7 0.01255369
20.71 0.009902903
20.72 0.006893741
20.73 0.004586895
20.74 0.003784048
20.75 0.001353043
20.76 -0.0004389574
20.77 -0.0002526871
20.78 1.995193e-05
20.79 -0.0003109797
20.8 -0.001992059
20.81 -0.00434527
20.82 -0.005046682
20.83 -0.004748987
20.84 -0.004697695
20.85 -0.00530522
20.86 -0.00806381
20.87 -0.01045525
20.88 -0.01242009
20.89 -0.01402772
20.9 -0.01444174
20.91 -0.01583385
20.92 -0.01921934
20.93 -0.02280634
20.94 -0.02378009
20.95 -0.02546034
20.96 -0.02786083
20.97 -0.02812479
20.98 -0.02657468
20.99 -0.02365383
21 -0.02161261
21.01 -0.01908289
21.02 -0.01527328
21.03 -0.01296413
21.04 -0.01117912
21.05 -0.009370871
21.06 -0.009062309
21.07 -0.009347816
21.08 -0.009364352
21.09 -0.00930742
21.1 -0.009326391
21.11 -0.009227416
21.12 -0.007799176
21.13 -0.00530472
21.14 -0.00319619
21.15 -0.0005730106
21.16 0.0003677232
21.17 2.71757e-05
21.18 -9.018207e-05
21.19 -1.069073e-05
21.2 -0.0006989364
21.21 -0.003082276
21.22 -0.006044793
21.23 -0.008989305
21.24 -0.01260581
21.25 -0.01438905
21.26 -0.01405618
21.27 -0.01269985
21.28 -0.009986085
21.29 -0.006168062
21.3 -0.004313387
21.31 -0.004463414
21.32 -0.003038855
21.33 -0.0002536631
21.34 0.0007556724
21.35 0.002964847
21.36 0.005917497
21.37 0.008736727
21.38 0.01045284
21.39 0.01165518
21.4 0.01309413
21.41 0.01400318
21.42 0.0145302
21.43 0.01665595
21.44 0.0185722
21.45 0.01869277
21.46 0.01844218
21.47 0.01848561
21.48 0.01853416
21.49 0.01842148
21.5 0.01728561
21.51 0.01577442
21.52 0.01479264
21.53 0.01556648
21.54 0.01631456
21.55 0.01536766
21.56 0.01523334
21.57 0.0176228
21.58 0.01897334
21.59 0.02003499
21.6 0.02272932
21.61 0.02485954
21.62 0.02693623
21.63 0.02878283
21.64 0.03141936
21.65 0.03113196
21.66 0.02784568
21.67 0.0245992
21.68 0.02121251
21.69 0.01880091
21.7 0.01764229
21.71 0.01557427
21.72 0.01263197
21.73 0.009797786
21.74 0.006826758
21.75 0.003289574
21.76 0.001986751
21.77 0.00230947
21.78 0.001512628
21.79 0.001400008
21.8 0.002407086
21.81 0.00260744
21.82 0.002355599
21.83 0.001316803
21.84 -0.0008407242
21.85 -0.002824354
21.86 -0.004664647
21.87 -0.006534939
21.88 -0.00792896
21.89 -0.01007599
21.9 -0.01181871
21.91 -0.01320348
21.92 -0.01387105
21.93 -0.01305906
21.94 -0.0114545
21.95 -0.009782391
21.96 -0.00752058
21.97 -0.006017771
21.98 -0.00474817
21.99 -0.005162321
22 -0.007700846
22.01 -0.00924121
22.02 -0.009067359
22.03 -0.008313459
22.04 -0.006272144
22.05 -0.004321069
22.06 -0.003993562
22.07 -0.003053275
22.08 -0.001926902
22.09 -0.001344478
22.1 -0.0007862051
22.11 -0.0007657244
22.12 -0.001065109
22.13 -0.001882101
22.14 -0.002066181
22.15 -0.002547071
22.16 -0.003233858
22.17 -0.003353081
22.18 -0.004042292
22.19 -0.004612814
22.2 -0.005940017
22.21 -0.00670163
22.22 -0.006472195
22.23 -0.005279995
22.24 -0.004113355
22.25 -0.004054197
22.26 -0.004260775
22.27 -0.004964018
22.28 -0.006245867
22.29 -0.006800197
22.3 -0.007960698
22.31 -0.00941993
22.32 -0.01078119
22.33 -0.01207725
22.34 -0.01330782
22.35 -0.01349074
22.36 -0.01285445
22.37 -0.01143116
22.38 -0.01000911
22.39 -0.008620311
22.4 -0.007236675
22.41 -0.005909133
22.42 -0.004006699
22.43 -0.001858958
22.44 -0.0004130974
22.45 0.001768067
22.46 0.003222304
22.47 0.003570411
22.48 0.004835325
22.49 0.005628661
22.5 0.005341311
22.51 0.004094675
22.52 0.002714801
22.53 0.0008515552
22.54 -0.001906729
22.55 -0.003797009
22.56 -0.003919894
22.57 -0.003666849
22.58 -0.004055364
22.59 -0.006035892
22.6 -0.008234881
22.61 -0.009453285
22.62 -0.01061149
22.63 -0.01215212
22.64 -0.01305684
22.65 -0.01295907
22.66 -0.01289244
22.67 -0.01390627
22.68 -0.01535669
22.69 -0.01681265
22.7 -0.01759062
22.71 -0.01750322
22.72 -0.01748617
22.73 -0.01964912
22.74 -0.02218349
22.75 -0.02272853
22.76 -0.02422367
22.77 -0.02642178
22.78 -0.02779113
22.79 -0.02894927
22.8 -0.03036825
22.81 -0.03122596
22.82 -0.03110319
22.83 -0.03008528
22.84 -0.02861244
22.85 -0.02711523
22.86 -0.02537323
22.87 -0.0213473
22.88 -0.01630538
22.89 -0.01211068
22.9 -0.007131071
22.91 -0.001439461
22.92 0.003630418
22.93 0.007693764
22.94 0.01157783
22.95 0.01375975
22.96 0.01611898
22.97 0.01848481
22.98 0.02109758
22.99 0.02443373
23 0.02732079
23.01 0.03085073
23.02 0.03360573
23.03 0.03480151
23.04 0.03540591
23.05 0.034527
23.06 0.03380941
23.07 0.03258931
23.08 0.02995117
23.09 0.02694271
23.1 0.02342925
23.11 0.01935282
23.12 0.01647389
23.13 0.01563154
23.14 0.01540706
23.15 0.01407209
23.16 0.0141381
23.17 0.01470157
23.18 0.0138133
23.19 0.0130195
23.2 0.01182402
23.21 0.01117045
23.22 0.01121461
23.23 0.01029045
23.24 0.009087212
23.25 0.008581773
23.26 0.00675022
23.27 0.004555989
23.28 0.003309892
23.29 0.002151859
23.3 0.0003175079
23.31 -0.001951769
23.32 -0.003971117
23.33 -0.006695419
23.34 -0.009534505
23.35 -0.01158089
23.36 -0.01165576
23.37 -0.01134416
23.38 -0.01133532
23.39 -0.01039052
23.4 -0.00880744
23.41 -0.00707565
23.42 -0.004497154
23.43 -0.002225722
23.44 -0.001810909
23.45 -0.002100192
23.46 -0.002319129
23.47 -0.003857519
23.48 -0.006258209
23.49 -0.007744011
23.5 -0.009734885
23.51 -0.01133893
23.52 -0.01167603
23.53 -0.0127352
23.54 -0.01354523
23.55 -0.01344538
23.56 -0.013303
23.57 -0.01310185
23.58 -0.01141245
23.59 -0.009031918
23.6 -0.008252408
23.61 -0.006682707
23.62 -0.00276205
23.63 0.0002895788
23.64 0.000965779
23.65 0.001253585
23.66 0.0009814889
23.67 -0.001312453
23.68 -0.003237299
23.69 -0.004328206
23.7 -0.006149013
23.71 -0.008906014
23.72 -0.01079417
23.73 -0.01088392
23.74 -0.01061804
23.75 -0.01064242
23.76 -0.01006217
23.77 -0.007714363
23.78 -0.00478979
23.79 -0.003321608
23.8 -0.003428292
23.81 -0.00361332
23.82 -0.004194169
23.83 -0.005708068
23.84 -0.007160568
23.85 -0.008124423
23.86 -0.00817466
23.87 -0.008017232
23.88 -0.007287605
23.89 -0.004873663
23.9 -0.002058214
23.91 -0.0006062377
23.92 0.001102462
23.93 0.004008084
23.94 0.006104576
23.95 0.007297976
23.96 0.009542601
23.97 0.01126565
23.98 0.01251769
23.99 0.01308088
24 0.0129998
24.01 0.01277459
24.02 0.01164267
24.03 0.01065842
24.04 0.01069627
24.05 0.01086665
24.06 0.01083758
24.07 0.0108167
24.08 0.01084132
24.09 0.01084582
24.1 0.0102459
24.11 0.00881837
24.12 0.00734019
24.13 0.006252463
24.14 0.006206651
24.15 0.005950671
24.16 0.004472586
24.17 0.002847648
24.18 0.0004857612
24.19 -0.002053982
24.2 -0.003407957
24.21 -0.004583933
24.22 -0.005209157
24.23 -0.005945033
24.24 -0.006042938
24.25 -0.005063731
24.26 -0.0043351
24.27 -0.003001964
24.28 -0.002280253
24.29 -0.001376561
24.3 -0.0001484152
24.31 3.976557e-05
24.32 -0.0001552048
24.33 -0.0001421674
24.34 -5.92907e-07
24.35 0.001075825
24.36 0.002561246
24.37 0.00448103
24.38 0.006650625
24.39 0.008049033
24.4 0.01013956
24.41 0.01287799
24.42 0.01423486
24.43 0.01408
24.44 0.0139422
24.45 0.01479674
24.46 0.01621864
24.47 0.01652672
24.48 0.0163093
24.49 0.01587318
24.5 0.01455135
24.51 0.01388237
24.52 0.01306012
24.53 0.01167092
24.54 0.01019624
24.55 0.009459676
24.56 0.009561099
24.57 0.009671159
24.58 0.009476889
24.59 0.008292979
24.6 0.007317019
24.61 0.007941836
24.62 0.01033417
24.63 0.01318248
24.64 0.01479949
24.65 0.01603448
24.66 0.01690078
24.67 0.01623898
24.68 0.01463612
24.69 0.01416803
24.7 0.01329288
24.71 0.01217688
24.72 0.01211609
24.73 0.01232143
24.74 0.01230738
24.75 0.01215758
24.76 0.01103498
24.77 0.009272253
24.78 0.00646026
24.79 0.004474411
24.8 0.002539465
24.81 0.0007854647
24.82 -0.0005570666
24.83 -0.001791921
24.84 -0.003226742
24.85 -0.004441723
24.86 -0.006648882
24.87 -0.009443577
24.88 -0.01097008
24.89 -0.01210686
24.9 -0.01288205
24.91 -0.01282757
24.92 -0.01263559
24.93 -0.01252009
24.94 -0.01116464
24.95 -0.008706739
24.96 -0.007455348
24.97 -0.006742738
24.98 -0.006107609
24.99 -0.00603098
25 -0.006123783
25.01 -0.006138844
25.02 -0.006977146
25.03 -0.009347358
25.04 -0.01066858
25.05 -0.009195799
25.06 -0.007430394
25.07 -0.006100404
25.08 -0.005703835
25.09 -0.005596147
25.1 -0.003289601
25.11 -0.001048438
25.12 -0.001067468
25.13 -0.001429911
25.14 -0.00118661
25.15 0.001013124
25.16 0.003599303
25.17 0.003839509
25.18 0.003423655
25.19 0.003385077
25.2 0.001715791
25.21 -0.0009697186
25.22 -0.001431414
25.23 -0.0009803039
25.24 -0.0009895562
25.25 -0.002356377
25.26 -0.005253408
25.27 -0.007286256
25.28 -0.009232191
25.29 -0.01038226
25.3 -0.01120904
25.31 -0.01330758
25.32 -0.01244046
25.33 -0.01018052
25.34 -0.009871046
25.35 -0.01026156
25.36 -0.009412484
25.37 -0.006428945
25.38 -0.005021908
25.39 -0.005401759
25.4 -0.00524765
25.41 -0.002643116
25.42 -4.42936e-05
25.43 0.001821532
25.44 0.003608371
25.45 0.004081308
25.46 0.003848534
25.47 0.003812438
25.48 0.003857654
25.49 0.00329608
25.5 0.00188413
25.51 0.001213286
25.52 -0.0006105112
25.53 -0.003050907
25.54 -0.004008496
25.55 -0.006429732
25.56 -0.008013091
25.57 -0.007774059
25.58 -0.007688642
25.59 -0.00893079
25.6 -0.0101389
25.61 -0.01019693
25.62 -0.009413373
25.63 -0.007216286
25.64 -0.006343687
25.65 -0.008830036
25.66 -0.01178837
25.67 -0.01339767
25.68 -0.01644541
25.69 -0.01930487
25.7 -0.0197201
25.71 -0.02045823
25.72 -0.02294233
25.73 -0.02430229
25.74 -0.02350545
25.75 -0.02112656
25.76 -0.0191357
25.77 -0.01802581
25.78 -0.01683121
25.79 -0.0150135
25.8 -0.01277953
25.81 -0.01209347
25.82 -0.01238023
25.83 -0.01236379
25.84 -0.01132895
25.85 -0.01115312
25.86 -0.01015552
25.87 -0.007306215
25.88 -0.005240259
25.89 -0.005229954
25.9 -0.005572172
25.91 -0.005507924
25.92 -0.004392645
25.93 -0.001560727
25.94 -0.0004070312
25.95 0.0004191895
25.96 0.003287204
25.97 0.007284616
25.98 0.009344287
25.99 0.01105293
26 0.0129251
26.01 0.01307353
26.02 0.01149465
26.03 0.01000088
26.04 0.008723214
26.05 0.007463149
26.06 0.006113651
26.07 0.005759464
26.08 0.005898841
26.09 0.005953434
26.1 0.006534001
26.11 0.007974901
26.12 0.009444526
26.13 0.01168361
26.14 0.01308134
26.15 0.01298413
26.16 0.01277823
26.17 0.0127999
26.18 0.01189866
26.19 0.009475213
26.2 0.007816104
26.21 0.006778628
26.22 0.005036788
26.23 0.003585081
26.24 0.003378359
26.25 0.003556595
26.26 0.003878485
26.27 0.005718732
26.28 0.008019279
26.29 0.008493526
26.3 0.008155215
26.31 0.008118755
26.32 0.008133648
26.33 0.007565226
26.34 0.006810787
26.35 0.007687887
26.36 0.008266353
26.37 0.008350156
26.38 0.009622155
26.39 0.01057967
26.4 0.01121836
26.41 0.01244819
26.42 0.01282154
26.43 0.01294997
26.44 0.01431164
26.45 0.01450791
26.46 0.01289598
26.47 0.01215206
26.48 0.01099418
26.49 0.008595829
26.5 0.006498487
26.51 0.003820789
26.52 0.001059579
26.53 -0.001466677
26.54 -0.003332812
26.55 -0.005407121
26.56 -0.006223136
26.57 -0.006003229
26.58 -0.005912297
26.59 -0.006000235
26.6 -0.00607517
26.61 -0.006557653
26.62 -0.007982943
26.63 -0.008479128
26.64 -0.007294516
26.65 -0.006035435
26.66 -0.005977063
26.67 -0.006101767
26.68 -0.005265899
26.69 -0.002958216
26.7 -0.001365113
26.71 -0.001737779
26.72 -0.003307562
26.73 -0.004716963
26.74 -0.006884808
26.75 -0.008818466
26.76 -0.01008351
26.77 -0.01089423
26.78 -0.01097598
26.79 -0.01169482
26.8 -0.01298504
26.81 -0.01219956
26.82 -0.01085004
26.83 -0.01034352
26.84 -0.008417887
26.85 -0.006189626
26.86 -0.004724127
26.87 -0.002677214
26.88 -0.00197432
26.89 -0.00350047
26.9 -0.004440134
26.91 -0.005289699
26.92 -0.006498892
26.93 -0.006728046
26.94 -0.006481983
26.95 -0.006410012
26.96 -0.005544303
26.97 -0.003200046
26.98 -0.001112468
26.99 0.001552321
27 0.003020457
27.01 0.003578647
27.02 0.004716904
27.03 0.005355201
27.04 0.006476775
27.05 0.007242121
27.06 0.007155117
27.07 0.007180249
27.08 0.008086763
27.09 0.008269491
27.1 0.008668081
27.11 0.009386524
27.12 0.009445447
27.13 0.009464129
27.14 0.01063226
27.15 0.01202723
27.16 0.01398053
27.17 0.01597561
27.18 0.01632957
27.19 0.01580305
27.2 0.0141068
27.21 0.01175146
27.22 0.01099611
27.23 0.01029236
27.24 0.00792762
27.25 0.006418518
27.26 0.006519483
27.27 0.007413184
27.28 0.008781013
27.29 0.009074292
27.3 0.008570908
27.31 0.007114868
27.32 0.006208214
27.33 0.004707451
27.34 0.00179708
27.35 -0.001453354
27.36 -0.004987722
27.37 -0.007377768
27.38 -0.009321188
27.39 -0.0118491
27.4 -0.01269262
27.41 -0.0133024
27.42 -0.01289818
27.43 -0.01217632
27.44 -0.01210126
27.45 -0.0109823
27.46 -0.008467948
27.47 -0.007354757
27.48 -0.006386713
27.49 -0.003728892
27.5 -0.002806474
27.51 -0.003246387
27.52 -0.002956539
27.53 -0.001464225
27.54 -0.001558053
27.55 -0.002152744
27.56 -0.001497143
27.57 -0.002383221
27.58 -0.003492809
27.59 -0.003494648
27.6 -0.003370676
27.61 -0.003441225
27.62 -0.003479343
27.63 -0.003493668
27.64 -0.003562115
27.65 -0.003429057
27.66 -0.00123202
27.67 0.001251982
27.68 0.001848712
27.69 0.003482746
27.7 0.005584861
27.71 0.006902351
27.72 0.008081948
27.73 0.009156767
27.74 0.008430631
27.75 0.006740934
27.76 0.005472855
27.77 0.005353588
27.78 0.005459825
27.79 0.005388839
27.8 0.00539271
27.81 0.006357888
27.82 0.007667381
27.83 0.008130521
27.84 0.009278131
27.85 0.01004839
27.86 0.009018515
27.87 0.007319028
27.88 0.005891988
27.89 0.005070927
27.9 0.004400098
27.91 0.00223023
27.92 0.0004054669
27.93 0.0002952204
27.94 0.0005105451
27.95 0.0004523173
27.96 0.0003937809
27.97 0.0003632187
27.98 0.0003040537
27.99 -0.0004241232
28 -0.003243295
28.01 -0.004759639
28.02 -0.004575322
28.03 -0.005499944
28.04 -0.00674972
28.05 -0.006386488
28.06 -0.004818292
28.07 -0.004248217
28.08 -0.004445805
28.09 -0.004539186
28.1 -0.004499452
28.11 -0.004529638
28.12 -0.005487846
28.13 -0.007943113
28.14 -0.009479317
28.15 -0.009739902
28.16 -0.01100265
28.17 -0.01182457
28.18 -0.01073613
28.19 -0.009293642
28.2 -0.008841104
28.21 -0.007133656
28.22 -0.004853061
28.23 -0.003429607
28.24 -0.001364934
28.25 -2.744474e-05
28.26 -0.0001766603
28.27 -0.0004205667
28.28 -0.0003566916
28.29 -0.0002755391
28.3 -0.0005199176
28.31 -0.001958237
28.32 -0.002888058
28.33 -0.002755845
28.34 -0.002539696
28.35 -0.001414165
28.36 7.509197e-05
28.37 0.001490454
28.38 0.002046998
28.39 0.002018864
28.4 0.003106016
28.41 0.004311999
28.42 0.0048603
28.43 0.006177134
28.44 0.007638157
28.45 0.008733605
28.46 0.008869514
28.47 0.008770923
28.48 0.0088086
28.49 0.008742351
28.5 0.0076005
28.51 0.006318214
28.52 0.005834881
28.53 0.004597395
28.54 0.00304201
28.55 0.001793514
28.56 0.001360239
28.57 0.0002273648
28.58 -0.0007150863
28.59 -0.001463177
28.6 -0.002766599
28.61 -0.002953862
28.62 -0.001747403
28.63 -0.001656633
28.64 -0.001146321
28.65 0.0003850221
28.66 0.001754029
28.67 0.001858732
28.68 0.002072199
28.69 0.004198882
28.7 0.006317329
28.71 0.006539332
28.72 0.006222376
28.73 0.006242289
28.74 0.006307525
28.75 0.006284975
28.76 0.006266875
28.77 0.006260839
28.78 0.006203034
28.79 0.006141787
28.8 0.005432673
28.81 0.003145986
28.82 0.001388825
28.83 0.001123577
28.84 -0.0003556461
28.85 -0.002732618
28.86 -0.003384122
28.87 -0.00305096
28.88 -0.00300231
28.89 -0.003414413
28.9 -0.00479123
28.91 -0.005583958
28.92 -0.005612273
28.93 -0.007652001
28.94 -0.01014626
28.95 -0.01031134
28.96 -0.009868984
28.97 -0.0091543
28.98 -0.007862168
28.99 -0.007515917
29 -0.007724837
29.01 -0.007744839
29.02 -0.006959036
29.03 -0.004681347
29.04 -0.00295131
29.05 -0.002871619
29.06 -0.003163387
29.07 -0.003137558
29.08 -0.002333109
29.09 -0.001900304
29.1 -0.002948456
29.11 -0.003350159
29.12 -0.003667021
29.13 -0.005094306
29.14 -0.006596092
29.15 -0.00755707
29.16 -0.006471559
29.17 -0.005267318
29.18 -0.005289001
29.19 -0.004726549
29.2 -0.003291625
29.21 -0.002932063
29.22 -0.003175174
29.23 -0.003202671
29.24 -0.003141962
29.25 -0.003150585
29.26 -0.003209618
29.27 -0.003023874
29.28 -0.001661701
29.29 -0.0006693316
29.3 -0.0007709673
29.31 -0.0008765536
29.32 0.000241436
29.33 0.001528819
29.34 0.00160284
29.35 0.001962097
29.36 0.003474518
29.37 0.004854691
29.38 0.004890821
29.39 0.003791575
29.4 0.003554624
29.41 0.003741711
29.42 0.00369012
29.43 0.003626451
29.44 0.003731491
29.45 0.003472687
29.46 0.002050704
29.47 0.001196297
29.48 0.0005302769
29.49 -0.0008471526
29.5 -0.002420816
29.51 -0.003383284
29.52 -0.003340619
29.53 -0.003201155
29.54 -0.003164405
29.55 -0.002172516
29.56 -0.0009050401
29.57 -0.0004131992
29.58 0.0008484211
29.59 0.001653397
29.6 0.001520361
29.61 0.001351501
29.62 0.001109999
29.63 -0.000180736
29.64 -0.001042671
29.65 -0.001639707
29.66 -0.002999102
29.67 -0.003444232
29.68 -0.002967292
29.69 -0.001548181
29.7 -0.000723561
29.71 -0.0008570847
29.72 -0.0009739172
29.73 -0.0009158344
29.74 -0.0008808377
29.75 -0.0008345736
29.76 -0.0008253076
29.77 -0.001625789
29.78 -0.00307335
29.79 -0.00340417
29.8 -0.003152072
29.81 -0.0026627
29.82 -0.00126995
29.83 -0.0005717277
29.84 -0.0007344988
29.85 -0.0007783516
29.86 -0.0006656463
29.87 -0.0006473042
29.88 -0.0006404096
29.89 -0.0005738015
29.9 -0.0005401417
29.91 -0.0004980591
29.92 -0.0004464162
29.93 -0.000437497
29.94 -0.0004108955
29.95 0.0004556967
29.96 0.001893087
29.97 0.002176077
29.98 0.001943948
29.99 0.001467989
30 1.867801e-05
30.01 -0.0005642112
30.02 -0.0001344928
30.03 0.0008741787
30.04 0.0009902277
30.05 0.001383575
30.06 0.002128955
30.07 0.002367784
30.08 0.003255894
30.09 0.004463148
30.1 0.004978955
30.11 0.00620345
30.12 0.007027581
30.13 0.006926861
30.14 0.006853637
30.15 0.007011635
30.16 0.006775544
30.17 0.005381835
30.18 0.004539261
30.19 0.003910196
30.2 0.002724307
30.21 0.002177236
30.22 0.001015294
30.23 6.244345e-05
30.24 0.0001169985
30.25 0.0003146898
30.26 0.0003389574
30.27 0.0003276508
30.28 0.0003545101
30.29 0.0008759156
30.3 0.002395401
30.31 0.003845272
30.32 0.005013386
30.33 0.005447407
30.34 0.006658259
30.35 0.007647904
30.36 0.007625334
30.37 0.008334685
30.38 0.009695963
30.39 0.008816888
30.4 0.00745163
30.41 0.007477887
30.42 0.007793184
30.43 0.007782892
30.44 0.007648411
30.45 0.006479093
30.46 0.004994413
30.47 0.003653285
30.48 0.003130665
30.49 0.003262288
30.5 0.003334078
30.51 0.00329967
30.52 0.003314998
30.53 0.003395259
30.54 0.003435599
30.55 0.003433189
30.56 0.003564089
30.57 0.004822377
30.58 0.006354322
30.59 0.007744094
30.6 0.007618593
30.61 0.006069015
30.62 0.005631369
30.63 0.005933223
30.64 0.006087206
30.65 0.005558267
30.66 0.004028067
30.67 0.002576154
30.68 0.001389626
30.69 0.0001009614
30.7 -0.001221565
30.71 -0.002682428
30.72 -0.003351117
30.73 -0.004041967
30.74 -0.005226375
30.75 -0.00547236
30.76 -0.005200117
30.77 -0.004612914
30.78 -0.003186686
30.79 -0.001697933
30.8 -0.0006597893
30.81 -0.001461557
30.82 -0.00130437
30.83 -0.000368248
30.84 -0.0003021985
30.85 -0.001303797
30.86 -0.001644261
30.87 -0.001779332
30.88 -0.002469037
30.89 -0.002605159
30.9 -0.002460851
30.91 -0.002445289
30.92 -0.00265815
30.93 -0.00392701
30.94 -0.004912539
30.95 -0.004803812
30.96 -0.004575836
30.97 -0.00471792
30.98 -0.005941866
30.99 -0.00704601
31 -0.007518347
31.01 -0.00869826
31.02 -0.009265282
31.03 -0.009093793
31.04 -0.009004701
31.05 -0.009048576
31.06 -0.00904884
31.07 -0.008954262
31.08 -0.007999264
31.09 -0.006644167
31.1 -0.006153447
31.11 -0.004935229
31.12 -0.00400537
31.13 -0.004086029
31.14 -0.004221268
31.15 -0.004114368
31.16 -0.00402848
31.17 -0.004034101
31.18 -0.004037143
31.19 -0.004022546
31.2 -0.004011848
31.21 -0.003987656
31.22 -0.003562698
31.23 -0.002149534
31.24 -0.001372102
31.25 -0.001511982
31.26 -0.001524474
31.27 -0.001349205
31.28 -0.001314436
31.29 -0.001340119
31.3 -0.001330878
31.31 -0.001314114
31.32 -0.001299544
31.33 -0.001238981
31.34 -0.001183985
31.35 -0.001176775
31.36 -0.001127204
31.37 -9.937326e-06
31.38 0.00250004
31.39 0.003561425
31.4 0.001557524
31.41 -0.0008492652
31.42 -0.001208479
31.43 -0.0009715019
31.44 -0.00216455
31.45 -0.003366088
31.46 -0.003829389
31.47 -0.004988125
31.48 -0.005561455
31.49 -0.005394645
31.5 -0.005098082
31.51 -0.003710068
31.52 -0.003327221
31.53 -0.00415196
31.54 -0.004341922
31.55 -0.00483978
31.56 -0.004113786
31.57 -0.003889451
31.58 -0.003207874
31.59 -0.001779735
31.6 -0.000356704
31.61 -0.0001042763
31.62 -0.0002723602
31.63 0.0008383047
31.64 0.003875563
31.65 0.005040969
31.66 0.004613229
31.67 0.004487015
31.68 0.004274401
31.69 0.002896308
31.7 0.002159445
31.71 0.002405159
31.72 0.002379251
31.73 0.001103354
31.74 6.421232e-05
31.75 0.0001410741
31.76 0.0003269599
31.77 0.0003366713
31.78 0.0005635597
31.79 0.001860723
31.8 0.003308566
31.81 0.004715876
31.82 0.005198569
31.83 0.005072804
31.84 0.005068497
31.85 0.005423704
31.86 0.006296472
31.87 0.005060774
31.88 0.003064574
31.89 0.003869649
31.9 0.006345988
31.91 0.006267843
31.92 0.005065909
31.93 0.004329722
31.94 0.003177774
31.95 0.002943909
31.96 0.004329671
31.97 0.005398901
31.98 0.005284687
31.99 0.00508814
32 0.005114947
32.01 0.004963518
32.02 0.004057192
32.03 0.004425633
32.04 0.005300843
32.05 0.005283517
32.06 0.00507519
32.07 0.005072431
32.08 0.005119951
32.09 0.005106466
32.1 0.005054371
32.11 0.005007963
32.12 0.004965495
32.13 0.004919097
32.14 0.004896065
32.15 0.004956185
32.16 0.004942487
32.17 0.004129193
32.18 0.002717294
32.19 0.001338041
32.2 0.0002357178
32.21 -0.001014772
32.22 -0.002227228
32.23 -0.003374173
32.24 -0.003565652
32.25 -0.003499436
32.26 -0.004619138
32.27 -0.005500785
32.28 -0.005373437
32.29 -0.005087613
32.3 -0.00415794
32.31 -0.003055721
32.32 -0.002913263
32.33 -0.003402388
32.34 -0.004574973
32.35 -0.005665672
32.36 -0.006663336
32.37 -0.006825116
32.38 -0.006595717
32.39 -0.006460151
32.4 -0.006395288
32.41 -0.006361419
32.42 -0.006953533
32.43 -0.006975011
32.44 -0.006009009
32.45 -0.005682784
32.46 -0.005285218
32.47 -0.004010189
32.48 -0.003422681
32.49 -0.002727935
32.5 -0.001590053
32.51 2.819592e-05
32.52 0.001802139
32.53 0.002807097
32.54 0.00377608
32.55 0.004876941
32.56 0.005830275
32.57 0.006792782
32.58 0.007304987
32.59 0.007171945
32.6 0.006968158
32.61 0.006128478
32.62 0.00508964
32.63 0.004906857
32.64 0.004971758
32.65 0.004422707
32.66 0.003243095
32.67 0.002120216
32.68 0.001313221
32.69 0.0012211
32.7 0.0012955
32.71 0.001227648
32.72 0.0006008528
32.73 -0.0003565694
32.74 -0.0006783362
32.75 -0.001439584
32.76 -0.002129531
32.77 -0.002093
32.78 -0.002446714
32.79 -0.003464736
32.8 -0.004470557
32.81 -0.00507337
32.82 -0.004991581
32.83 -0.004775777
32.84 -0.004675514
32.85 -0.004578934
32.86 -0.004484303
32.87 -0.004407529
32.88 -0.004571329
32.89 -0.005439439
32.9 -0.005839404
32.91 -0.005565033
32.92 -0.005305912
32.93 -0.005370546
32.94 -0.005924757
32.95 -0.005224192
32.96 -0.003605832
32.97 -0.002633701
32.98 -0.001898762
32.99 -0.001033399
33 -0.000373699
33.01 -0.0003333974
33.02 -3.696419e-05
33.03 0.001347294
33.04 0.002496107
33.05 0.00260532
33.06 0.003094744
33.07 0.003659897
33.08 0.0035972
33.09 0.003438969
33.1 0.003847353
33.11 0.003931586
33.12 0.003396584
33.13 0.003698372
33.14 0.003495856
33.15 0.002970343
33.16 0.002875435
33.17 0.002950513
33.18 0.003369308
33.19 0.003193055
33.2 0.002640581
33.21 0.002519459
33.22 0.002532687
33.23 0.002447832
33.24 0.002350166
33.25 0.002121613
33.26 0.001385794
33.27 0.0009675849
33.28 0.001396612
33.29 0.002019746
33.3 0.002033608
33.31 0.001877459
33.32 0.001849738
33.33 0.001806368
33.34 0.001713497
33.35 0.001626635
33.36 0.001652606
33.37 0.002148626
33.38 0.002008171
33.39 0.0006473875
33.4 3.581162e-05
33.41 -0.0003108497
33.42 -0.001271578
33.43 -0.001904381
33.44 -0.002313899
33.45 -0.002770263
33.46 -0.003564235
33.47 -0.004127923
33.48 -0.004477741
33.49 -0.004632408
33.5 -0.004482711
33.51 -0.004559811
33.52 -0.004891393
33.53 -0.004890407
33.54 -0.004952454
33.55 -0.004631291
33.56 -0.004150091
33.57 -0.003728145
33.58 -0.003194028
33.59 -0.002948915
33.6 -0.002871026
33.61 -0.002745302
33.62 -0.002596731
33.63 -0.002464766
33.64 -0.002337099
33.65 -0.00220469
33.66 -0.002061305
33.67 -0.001919473
33.68 -0.00178111
33.69 -0.00165511
33.7 -0.001512519
33.71 -0.001137486
33.72 -0.0007497437
33.73 -0.0005377429
33.74 -0.000194426
33.75 9.716012e-07
33.76 3.090809e-05
33.77 7.963525e-05
33.78 0.0002223235
33.79 0.0004440402
33.8 0.0003519146
33.81 0.0002622878
33.82 0.0003287787
33.83 0.0004415343
33.84 0.0006408517
33.85 0.0005803117
33.86 0.0005951003
33.87 0.0008648643
33.88 0.0009924461
33.89 0.001156591
33.9 0.001310255
33.91 0.00139048
33.92 0.001557932
33.93 0.001618583
33.94 0.001707161
33.95 0.001848797
33.96 0.001974467
33.97 0.00205371
33.98 0.002127105
33.99 0.002100701
34 0.002130633
34.01 0.002156278
34.02 0.002062292
34.03 0.001948764
34.04 0.001859969
34.05 0.001773789
34.06 0.001686487
34.07 0.001609666
34.08 0.001532407
34.09 0.001449365
34.1 0.001368118
34.11 0.001290508
34.12 0.00121493
34.13 0.001141262
34.14 0.001071553
34.15 0.001050154
34.16 0.001061512
34.17 0.001003337
34.18 0.0009154527
34.19 0.0008424404
34.2 0.0007735566
34.21 0.0006700464
34.22 0.0005452368
34.23 0.0004341529
34.24 0.0003396714
34.25 0.0002324191
34.26 0.000126515
34.27 6.061773e-05
34.28 6.437876e-06
34.29 -4.492608e-05
34.3 -7.529771e-05
34.31 -7.526614e-05
34.32 -7.257405e-05
34.33 -7.465309e-05
34.34 -7.631275e-05
34.35 -7.695923e-05
34.36 -6.965413e-05
34.37 -5.54339e-05
34.38 -7.212328e-05
34.39 -8.464158e-05
34.4 -8.302537e-05
34.41 -8.222173e-05
34.42 -8.383667e-05
34.43 -8.536195e-05
34.44 -9.59989e-05
34.45 -0.0001002388
34.46 -0.0001002374
34.47 -0.0001014774
34.48 -8.822804e-05
34.49 -8.074017e-05
34.5 -7.513698e-05
34.51 -6.802128e-05
34.52 -6.952674e-05
34.53 -7.374753e-05
34.54 -7.623544e-05
34.55 -7.778527e-05
34.56 -7.521218e-05
34.57 -7.170076e-05
34.58 -7.094683e-05
34.59 -7.715013e-05
34.6 -8.262331e-05
34.61 -8.420282e-05
34.62 -8.586602e-05
34.63 -9.003152e-05
34.64 -9.170411e-05
34.65 -8.894172e-05
34.66 -8.894625e-05
34.67 -9.107318e-05
34.68 -9.069772e-05
34.69 -8.909202e-05
34.7 -8.771958e-05
34.71 -8.633003e-05
34.72 -8.474295e-05
34.73 -8.35224e-05
34.74 -8.200084e-05
34.75 -7.956927e-05
34.76 -7.708765e-05
34.77 -7.457247e-05
34.78 -7.152716e-05
34.79 -6.858944e-05
34.8 -6.577131e-05
34.81 -6.285414e-05
34.82 -5.983731e-05
34.83 -5.674658e-05
34.84 -5.354637e-05
34.85 -5.034995e-05
34.86 -4.710382e-05
34.87 -4.375325e-05
34.88 -4.033038e-05
34.89 -3.682438e-05
34.9 -3.3258e-05
34.91 -2.964408e-05
34.92 -2.598157e-05
34.93 -2.226917e-05
34.94 -1.850911e-05
34.95 -1.470442e-05
34.96 -1.085706e-05
34.97 -6.968101e-06
34.98 -3.03954e-06
