0 -0.0001952425
0.01 -0.0001955956
0.02 -0.0001962707
0.03 -0.0001957089
0.04 -0.000196574
0.05 -0.000199004
0.06 -0.0001992631
0.07 -0.0002010755
0.08 -0.0002060571
0.09 -0.0002095485
0.1 -0.0002114887
0.11 -0.0002190592
0.12 -0.000231226
0.13 -0.0002392383
0.14 -0.0002550442
0.15 -0.0002645146
0.16 -0.0002544197
0.17 -0.0002165082
0.18 -0.000175906
0.19 -0.0001614407
0.2 -0.0001795528
0.21 -0.000188962
0.22 -0.0001944178
0.23 -0.0002024141
0.24 -0.0001874673
0.25 -0.0001705102
0.26 -0.0001528602
0.27 -0.0001475908
0.28 -0.0002072376
0.29 -0.0003384241
0.3 -0.0003977864
0.31 -0.0003784062
0.32 -0.0003457492
0.33 -0.0003209338
0.34 -0.0003178226
0.35 -0.0002749332
0.36 -0.0002555578
0.37 -0.0003064991
0.38 -0.0003426521
0.39 -0.0003316653
0.4 -0.0003550988
0.41 -0.0002994491
0.42 -0.0001977939
0.43 -0.0001671433
0.44 -0.0002353202
0.45 -0.0003074818
0.46 -0.0004281103
0.47 -0.0006006656
0.48 -0.0006359853
0.49 -0.0006224473
0.5 -0.0006400511
0.51 -0.0006634515
0.52 -0.0006221901
0.53 -0.0003952938
0.54 -0.0001839685
0.55 -0.0001190102
0.56 -2.268176e-05
0.57 -5.427557e-05
0.58 -0.0001755152
0.59 -0.0002185069
0.6 -0.0002112322
0.61 -0.0003122286
0.62 -0.0004768301
0.63 -0.0005886126
0.64 -0.0006818465
0.65 -0.0006703448
0.66 -0.0003734874
0.67 2.907723e-05
0.68 2.985082e-05
0.69 -0.0001676664
0.7 -0.0002014573
0.71 -0.0003428255
0.72 -0.0005315545
0.73 -0.0005468756
0.74 -0.0007317336
0.75 -0.0009174113
0.76 -0.0005042956
0.77 0.0001816068
0.78 0.0004551534
0.79 0.0001802918
0.8 -0.0001020673
0.81 -0.0006864368
0.82 -0.001499598
0.83 -0.00168581
0.84 -0.001700472
0.85 -0.001760758
0.86 -0.001484812
0.87 -0.0007872122
0.88 -0.0001257919
0.89 0.0004216395
0.9 0.0007084645
0.91 0.0007477102
0.92 0.0006322435
0.93 0.0004552061
0.94 0.0001323626
0.95 -0.0005565895
0.96 -0.001070908
0.97 -0.001313835
0.98 -0.001491547
0.99 -0.001695659
1 -0.001634656
1.01 -0.001507274
1.02 -0.001533006
1.03 -0.001357532
1.04 -0.0005437992
1.05 0.0004217281
1.06 0.001231218
1.07 0.001896822
1.08 0.002353463
1.09 0.00230006
1.1 0.001957588
1.11 0.001663769
1.12 0.001510913
1.13 0.001232535
1.14 0.0003961413
1.15 -0.0008671858
1.16 -0.001343396
1.17 -0.001539587
1.18 -0.001652616
1.19 -0.001644376
1.2 -0.001450403
1.21 -0.001137083
1.22 -0.0001191078
1.23 0.0003727865
1.24 0.0002630385
1.25 0.0006671107
1.26 0.001588314
1.27 0.002939896
1.28 0.003760308
1.29 0.002581755
1.3 0.001222049
1.31 0.0004009705
1.32 -0.001208258
1.33 -0.002356436
1.34 -0.001849873
1.35 -0.001387234
1.36 -0.0009171252
1.37 -0.0002571281
1.38 0.0005041986
1.39 0.0006264003
1.4 0.0005093098
1.41 0.0005151543
1.42 0.0005492259
1.43 0.0006973651
1.44 0.001558877
1.45 0.002599418
1.46 0.002862704
1.47 0.002800138
1.48 0.002526681
1.49 0.001495708
1.5 0.0005437666
1.51 -0.0006871087
1.52 -0.001598597
1.53 -0.001485064
1.54 -0.0005786394
1.55 0.0006005104
1.56 0.0001213619
1.57 -0.001365299
1.58 -0.00138066
1.59 -0.0001251168
1.6 0.001567992
1.61 0.003162919
1.62 0.003755975
1.63 0.003638416
1.64 0.003092348
1.65 0.002252276
1.66 0.002468515
1.67 0.003430654
1.68 0.003186914
1.69 0.001531596
1.7 -0.0002607156
1.71 -0.001667243
1.72 -0.002006545
1.73 -0.00151502
1.74 -0.0006347172
1.75 0.0008929379
1.76 0.002361375
1.77 0.003859199
1.78 0.004070472
1.79 0.00276259
1.8 0.001347999
1.81 0.001195539
1.82 0.001408168
1.83 0.001116669
1.84 0.001121373
1.85 0.001484607
1.86 0.001310046
1.87 -0.0002190232
1.88 -0.001966673
1.89 -0.003082029
1.9 -0.002386783
1.91 -0.001394927
1.92 -0.0007286247
1.93 0.0001463168
1.94 0.001687826
1.95 0.002787724
1.96 0.002909039
1.97 0.002407285
1.98 0.001780063
1.99 0.000412948
2 -0.0006569168
2.01 -0.0005890348
2.02 -0.0003586691
2.03 -0.0004627249
2.04 -0.001138102
2.05 -0.001608641
2.06 -0.001625421
2.07 -0.002012285
2.08 -0.001204664
2.09 0.0002940908
2.1 0.001562152
2.11 0.002422529
2.12 0.002480341
2.13 0.001715882
2.14 -0.0005963801
2.15 -0.003174425
2.16 -0.003605206
2.17 -0.002720306
2.18 -0.001407524
2.19 0.0001669566
2.2 0.002359827
2.21 0.003939965
2.22 0.004689088
2.23 0.005004329
2.24 0.004673728
2.25 0.003719378
2.26 0.002763255
2.27 0.001760086
2.28 0.0002962996
2.29 -0.001689683
2.3 -0.002795706
2.31 -0.003334326
2.32 -0.002923266
2.33 -0.002169255
2.34 -0.001188073
2.35 0.0001712813
2.36 0.001405873
2.37 0.002891603
2.38 0.004008705
2.39 0.00426524
2.4 0.003441495
2.41 0.002004363
2.42 0.0001267444
2.43 -0.002065712
2.44 -0.003998054
2.45 -0.00497945
2.46 -0.004674078
2.47 -0.0044461
2.48 -0.004013073
2.49 -0.002892784
2.5 -0.001618534
2.51 -0.00109806
2.52 -0.0005504885
2.53 0.0002486155
2.54 0.001058748
2.55 0.001671896
2.56 0.002507959
2.57 0.003346876
2.58 0.002796261
2.59 0.001170263
2.6 -0.0004716043
2.61 -0.001302265
2.62 -0.001805854
2.63 -0.003214656
2.64 -0.004759381
2.65 -0.005104204
2.66 -0.003863744
2.67 -0.001672039
2.68 -0.0001078815
2.69 0.0007333325
2.7 0.001457973
2.71 0.001659832
2.72 0.001563862
2.73 0.001545942
2.74 0.001371923
2.75 0.0006525164
2.76 0.0005189385
2.77 0.001394079
2.78 0.001738256
2.79 0.001299286
2.8 0.0009926462
2.81 0.000894147
2.82 0.0007030025
2.83 0.001144225
2.84 0.001816556
2.85 0.001401932
2.86 0.0005592629
2.87 0.0006335334
2.88 0.001603718
2.89 0.001530691
2.9 0.0003189222
2.91 -0.0006579555
2.92 -0.001612207
2.93 -0.002589844
2.94 -0.002678213
2.95 -0.002370861
2.96 -0.003092384
2.97 -0.004264843
2.98 -0.005102297
2.99 -0.005046967
3 -0.004172711
3.01 -0.003016323
3.02 -0.001464755
3.03 0.0002436043
3.04 0.001702968
3.05 0.00219395
3.06 0.002196805
3.07 0.001856237
3.08 0.001045115
3.09 0.0001074684
3.1 -0.000561579
3.11 -0.001182165
3.12 -0.00127267
3.13 -0.0008395501
3.14 7.651296e-05
3.15 0.001145898
3.16 0.002106466
3.17 0.00251614
3.18 0.002446127
3.19 0.002314951
3.2 0.001665187
3.21 0.001221643
3.22 0.001289027
3.23 0.001360613
3.24 0.001619564
3.25 0.002167427
3.26 0.002277231
3.27 0.002198104
3.28 0.002165388
3.29 0.00136238
3.3 -4.225626e-06
3.31 -0.000826909
3.32 -0.000436401
3.33 -0.001131579
3.34 -0.002263469
3.35 -0.002308549
3.36 -0.001920082
3.37 -0.00141754
3.38 -0.0003596858
3.39 0.0002940023
3.4 0.0001974906
3.41 -0.0005829661
3.42 -0.002060098
3.43 -0.002462267
3.44 -0.002226802
3.45 -0.001898112
3.46 -0.001168456
3.47 -0.000322963
3.48 -0.0003718964
3.49 -0.001038178
3.5 -0.0005275665
3.51 0.0008743597
3.52 0.002269055
3.53 0.002584288
3.54 0.002546085
3.55 0.002345946
3.56 0.0009663042
3.57 -0.001103086
3.58 -0.002395813
3.59 -0.003197029
3.6 -0.004182582
3.61 -0.004271536
3.62 -0.003295345
3.63 -0.002281197
3.64 -0.002085328
3.65 -0.00150579
3.66 0.0003120646
3.67 0.002193798
3.68 0.003407646
3.69 0.004787018
3.7 0.005265617
3.71 0.005085569
3.72 0.004846294
3.73 0.00347952
3.74 0.001110241
3.75 -0.001641082
3.76 -0.003673071
3.77 -0.004773805
3.78 -0.004592689
3.79 -0.00357899
3.8 -0.001381756
3.81 0.001117723
3.82 0.002653763
3.83 0.003827914
3.84 0.004961144
3.85 0.006044903
3.86 0.007179776
3.87 0.007340299
3.88 0.006838886
3.89 0.005710211
3.9 0.004623161
3.91 0.002979012
3.92 0.0004830922
3.93 -0.00218105
3.94 -0.004255949
3.95 -0.004918168
3.96 -0.00501119
3.97 -0.00486046
3.98 -0.004174092
3.99 -0.002431523
4 -0.0003931888
4.01 0.001423047
4.02 0.002308432
4.03 0.001545183
4.04 0.0006732486
4.05 0.0009889272
4.06 0.002633895
4.07 0.004316521
4.08 0.00489102
4.09 0.004651722
4.1 0.003226682
4.11 0.0005409886
4.12 -0.002483229
4.13 -0.004664707
4.14 -0.006060105
4.15 -0.006572337
4.16 -0.003921718
4.17 -0.0001219388
4.18 0.003691084
4.19 0.006008346
4.2 0.00742589
4.21 0.008054218
4.22 0.007518177
4.23 0.006141343
4.24 0.004621102
4.25 0.00356036
4.26 0.002390164
4.27 0.001063649
4.28 -0.0009477152
4.29 -0.002499587
4.3 -0.002307537
4.31 -0.0007202872
4.32 -0.0002183689
4.33 -0.0004869838
4.34 -0.0005459655
4.35 -0.0009347136
4.36 -0.001946578
4.37 -0.002848938
4.38 -0.002979364
4.39 -0.002682142
4.4 -0.002642937
4.41 -0.003714603
4.42 -0.005677039
4.43 -0.007570581
4.44 -0.007975515
4.45 -0.00659768
4.46 -0.00459785
4.47 -0.002264659
4.48 0.001197903
4.49 0.004677976
4.5 0.006789016
4.51 0.006903632
4.52 0.005629144
4.53 0.004554204
4.54 0.003605733
4.55 0.001937078
4.56 -0.0003007765
4.57 -0.002396406
4.58 -0.002297278
4.59 -0.0008751157
4.6 0.0006780028
4.61 0.002700151
4.62 0.004262482
4.63 0.005051576
4.64 0.005230072
4.65 0.003645346
4.66 0.001005144
4.67 -0.001737306
4.68 -0.005597836
4.69 -0.01050263
4.7 -0.01366313
4.71 -0.01454023
4.72 -0.01345307
4.73 -0.01008925
4.74 -0.005832985
4.75 -0.00220341
4.76 0.0006406596
4.77 0.003249608
4.78 0.004959179
4.79 0.006229947
4.8 0.007469742
4.81 0.008222588
4.82 0.008260516
4.83 0.007814619
4.84 0.006729979
4.85 0.00627987
4.86 0.005576217
4.87 0.004304122
4.88 0.002005304
4.89 -0.001878444
4.9 -0.006115753
4.91 -0.009495109
4.92 -0.01106608
4.93 -0.01092537
4.94 -0.009259769
4.95 -0.005800741
4.96 -0.0009220343
4.97 0.003006581
4.98 0.004465424
4.99 0.004029676
5 0.002941911
5.01 0.001128721
5.02 -0.0008620722
5.03 -0.002980517
5.04 -0.005426089
5.05 -0.007431353
5.06 -0.008950338
5.07 -0.009253676
5.08 -0.008111804
5.09 -0.005936577
5.1 -0.002525107
5.11 0.001421147
5.12 0.004258629
5.13 0.005797842
5.14 0.006453877
5.15 0.007128383
5.16 0.007616303
5.17 0.007055876
5.18 0.004983474
5.19 0.00225806
5.2 -0.0004387919
5.21 -0.002364397
5.22 -0.004181359
5.23 -0.005485324
5.24 -0.006313213
5.25 -0.006481869
5.26 -0.006446686
5.27 -0.006484321
5.28 -0.006963043
5.29 -0.007065887
5.3 -0.006077169
5.31 -0.004324617
5.32 -0.002520678
5.33 -0.001387808
5.34 3.493274e-05
5.35 0.002289264
5.36 0.003561441
5.37 0.004735853
5.38 0.005328149
5.39 0.004082271
5.4 0.001648565
5.41 -0.0007941297
5.42 -0.002318883
5.43 -0.002843318
5.44 -0.001469189
5.45 0.0009270665
5.46 0.001729648
5.47 0.0007841042
5.48 -0.0005667074
5.49 -0.002036539
5.5 -0.002547722
5.51 -0.002329595
5.52 -0.002311044
5.53 -0.002692886
5.54 -0.002825306
5.55 -0.002125203
5.56 -0.0009680956
5.57 0.0007193034
5.58 0.002109802
5.59 0.002875836
5.6 0.004181158
5.61 0.003922939
5.62 0.002006645
5.63 0.0002582795
5.64 -0.00182013
5.65 -0.003244225
5.66 -0.003260094
5.67 -0.00283289
5.68 -0.003174953
5.69 -0.004403546
5.7 -0.005972414
5.71 -0.007207662
5.72 -0.006681086
5.73 -0.005582206
5.74 -0.004534858
5.75 -0.003800567
5.76 -0.002596866
5.77 0.0009363073
5.78 0.004787147
5.79 0.005459227
5.8 0.003668003
5.81 0.001547962
5.82 -0.000317297
5.83 -0.001707977
5.84 -0.001949089
5.85 -0.0018352
5.86 -0.002195005
5.87 -0.001940601
5.88 -0.0004793343
5.89 0.0007698985
5.9 0.00279634
5.91 0.00517768
5.92 0.00643321
5.93 0.006457916
5.94 0.005146881
5.95 0.004063563
5.96 0.002729588
5.97 0.0008090202
5.98 -0.0004698664
5.99 -0.002230176
6 -0.005183178
6.01 -0.007478098
6.02 -0.007454064
6.03 -0.00564394
6.04 -0.003069974
6.05 -5.621537e-05
6.06 0.002628961
6.07 0.004337622
6.08 0.005449906
6.09 0.005648262
6.1 0.004109328
6.11 0.001181927
6.12 -0.00112545
6.13 -0.00221118
6.14 -0.003549263
6.15 -0.005053688
6.16 -0.005838687
6.17 -0.005856506
6.18 -0.006135536
6.19 -0.005715194
6.2 -0.002711487
6.21 0.001370725
6.22 0.004328391
6.23 0.005692994
6.24 0.004916076
6.25 0.003013173
6.26 0.0009286227
6.27 -0.001194347
6.28 -0.002992603
6.29 -0.005046837
6.3 -0.005640238
6.31 -0.003597296
6.32 -0.0001563237
6.33 0.003260721
6.34 0.00656414
6.35 0.008093147
6.36 0.007335397
6.37 0.005694651
6.38 0.004560961
6.39 0.003544043
6.4 0.001702222
6.41 -0.0003688903
6.42 -0.001759681
6.43 -0.002190566
6.44 -0.0016572
6.45 -0.001138247
6.46 -0.001265907
6.47 -0.00208693
6.48 -0.001998395
6.49 -0.0005175289
6.5 0.0001465047
6.51 0.0003204282
6.52 0.001374473
6.53 0.002452861
6.54 0.004101179
6.55 0.006153549
6.56 0.00696053
6.57 0.006732693
6.58 0.006537075
6.59 0.005873069
6.6 0.004384824
6.61 0.002482938
6.62 0.0009878995
6.63 -0.0001197409
6.64 -0.0007584155
6.65 -0.0003973224
6.66 0.001699315
6.67 0.003655242
6.68 0.003739094
6.69 0.002505669
6.7 0.001224112
6.71 0.0006422071
6.72 0.0009461259
6.73 0.001203554
6.74 0.001935036
6.75 0.003354136
6.76 0.004459786
6.77 0.003941572
6.78 0.001649163
6.79 -0.001068841
6.8 -0.003755561
6.81 -0.004499945
6.82 -0.004461551
6.83 -0.004502876
6.84 -0.004353683
6.85 -0.004458234
6.86 -0.004993621
6.87 -0.005572315
6.88 -0.00495143
6.89 -0.004029094
6.9 -0.002132612
6.91 0.0002557769
6.92 0.002791551
6.93 0.004917293
6.94 0.005279572
6.95 0.004012493
6.96 0.0008207102
6.97 -0.003348593
6.98 -0.005190241
6.99 -0.004826454
7 -0.003724403
7.01 -0.0007036789
7.02 0.002768391
7.03 0.004756357
7.04 0.004929244
7.05 0.004945769
7.06 0.004839812
7.07 0.00309387
7.08 -2.613781e-05
7.09 -0.00373341
7.1 -0.007232002
7.11 -0.01062911
7.12 -0.01387203
7.13 -0.01668073
7.14 -0.01946401
7.15 -0.0204644
7.16 -0.01869419
7.17 -0.01479924
7.18 -0.008772967
7.19 -0.002635693
7.2 0.002642841
7.21 0.006922807
7.22 0.00994113
7.23 0.01152194
7.24 0.01129597
7.25 0.009439588
7.26 0.00605835
7.27 0.002625503
7.28 -0.0005325176
7.29 -0.003697817
7.3 -0.00555839
7.31 -0.00501904
7.32 -0.003101645
7.33 -0.0009847419
7.34 0.001075014
7.35 0.004582533
7.36 0.008219604
7.37 0.009330215
7.38 0.008467852
7.39 0.006045401
7.4 0.001727992
7.41 -0.002163074
7.42 -0.004048819
7.43 -0.003203322
7.44 0.00123548
7.45 0.0077005
7.46 0.01355764
7.47 0.01759943
7.48 0.01857738
7.49 0.01626907
7.5 0.01056181
7.51 0.003014573
7.52 -0.003610679
7.53 -0.008597615
7.54 -0.01090481
7.55 -0.01081734
7.56 -0.009414908
7.57 -0.00543515
7.58 -0.0003825921
7.59 0.004852601
7.6 0.009000088
7.61 0.009881556
7.62 0.007838947
7.63 0.003203093
7.64 -0.004694917
7.65 -0.01581314
7.66 -0.02695363
7.67 -0.03719211
7.68 -0.04508055
7.69 -0.04860374
7.7 -0.0470066
7.71 -0.0401263
7.72 -0.02680065
7.73 -0.007349272
7.74 0.013748
7.75 0.03202071
7.76 0.04448312
7.77 0.04877766
7.78 0.04529613
7.79 0.03501749
7.8 0.02285287
7.81 0.01179215
7.82 0.001555494
7.83 -0.007359055
7.84 -0.01394749
7.85 -0.01712917
7.86 -0.01771249
7.87 -0.01605548
7.88 -0.01057297
7.89 -0.001229438
7.9 0.008759126
7.91 0.0154288
7.92 0.01819001
7.93 0.01829734
7.94 0.0167934
7.95 0.01448306
7.96 0.01204817
7.97 0.009127794
7.98 0.005385411
7.99 0.001599184
8 -0.001353818
8.01 -0.004063244
8.02 -0.007863534
8.03 -0.01259816
8.04 -0.01831017
8.05 -0.02394959
8.06 -0.02754075
8.07 -0.02799039
8.08 -0.02337919
8.09 -0.01646648
8.1 -0.009557479
8.11 -0.003822827
8.12 -0.0003064952
8.13 0.00263619
8.14 0.006346024
8.15 0.01129793
8.16 0.01673051
8.17 0.02032712
8.18 0.02109591
8.19 0.01907685
8.2 0.01483763
8.21 0.009122154
8.22 0.00340042
8.23 -0.0007289559
8.24 -0.002517005
8.25 -0.001775505
8.26 0.001098002
8.27 0.004867305
8.28 0.007775475
8.29 0.009515062
8.3 0.01064913
8.31 0.01074675
8.32 0.00880316
8.33 0.004307793
8.34 -0.001344155
8.35 -0.007423082
8.36 -0.01184272
8.37 -0.0132898
8.38 -0.01127335
8.39 -0.006953053
8.4 -0.001967999
8.41 0.002248015
8.42 0.004778253
8.43 0.006325805
8.44 0.008653837
8.45 0.01073929
8.46 0.01416252
8.47 0.01816982
8.48 0.02094585
8.49 0.02084104
8.5 0.0171182
8.51 0.009881402
8.52 -0.001148837
8.53 -0.01057874
8.54 -0.01439223
8.55 -0.01399488
8.56 -0.01087208
8.57 -0.005747586
8.58 -0.001141916
8.59 0.001598957
8.6 0.002830959
8.61 0.002325909
8.62 0.0003457552
8.63 -0.002706192
8.64 -0.006506309
8.65 -0.009976876
8.66 -0.01163286
8.67 -0.01157466
8.68 -0.01106585
8.69 -0.009507949
8.7 -0.006397467
8.71 -0.001684113
8.72 0.003844678
8.73 0.009122851
8.74 0.01244663
8.75 0.01329559
8.76 0.01357711
8.77 0.01511715
8.78 0.01876624
8.79 0.02318292
8.8 0.02804875
8.81 0.03030418
8.82 0.02889686
8.83 0.02242595
8.84 0.01175878
8.85 0.001062588
8.86 -0.003756298
8.87 -0.0016724
8.88 0.004084928
8.89 0.00937842
8.9 0.01065121
8.91 0.006039395
8.92 -0.003083485
8.93 -0.01311809
8.94 -0.01800141
8.95 -0.01688954
8.96 -0.01137505
8.97 -0.003366393
8.98 0.00297383
8.99 0.00642044
9 0.007319604
9.01 0.007069219
9.02 0.006627703
9.03 0.005805067
9.04 0.004570933
9.05 0.004128633
9.06 0.004282641
9.07 0.00430552
9.08 0.00335557
9.09 7.70526e-05
9.1 -0.005736801
9.11 -0.01223201
9.12 -0.01735823
9.13 -0.01998487
9.14 -0.01995425
9.15 -0.01730975
9.16 -0.01284136
9.17 -0.007821546
9.18 -0.004250073
9.19 -0.002392998
9.2 -0.001157676
9.21 -0.0001226212
9.22 -0.001686151
9.23 -0.006571925
9.24 -0.01287816
9.25 -0.0184135
9.26 -0.02153454
9.27 -0.02142483
9.28 -0.01882749
9.29 -0.01572123
9.3 -0.0113381
9.31 -0.003863757
9.32 0.003936289
9.33 0.00931921
9.34 0.01270717
9.35 0.01473023
9.36 0.01561957
9.37 0.01542042
9.38 0.01497234
9.39 0.01361737
9.4 0.01054981
9.41 0.005680975
9.42 2.106317e-05
9.43 -0.004240262
9.44 -0.005557216
9.45 -0.002530818
9.46 0.003476853
9.47 0.01031234
9.48 0.01545842
9.49 0.01826511
9.5 0.01829864
9.51 0.0150739
9.52 0.008569209
9.53 0.002325735
9.54 -0.001925772
9.55 -0.004261545
9.56 -0.003882671
9.57 -0.001823885
9.58 0.0003429366
9.59 0.001888969
9.6 0.001245858
9.61 -0.001915689
9.62 -0.006096837
9.63 -0.009650927
9.64 -0.01162658
9.65 -0.01222642
9.66 -0.01091252
9.67 -0.01014439
9.68 -0.01030256
9.69 -0.01101198
9.7 -0.01325462
9.71 -0.01571717
9.72 -0.01798272
9.73 -0.01921868
9.74 -0.01846011
9.75 -0.014972
9.76 -0.00964655
9.77 -0.003977958
9.78 0.0004165924
9.79 0.00363273
9.8 0.005900388
9.81 0.007563903
9.82 0.008936582
9.83 0.01026952
9.84 0.01265172
9.85 0.01599608
9.86 0.01969937
9.87 0.02309598
9.88 0.02623502
9.89 0.02843889
9.9 0.02852549
9.91 0.02541577
9.92 0.01993322
9.93 0.01425301
9.94 0.009347293
9.95 0.005710371
9.96 0.002912487
9.97 -0.0005218038
9.98 -0.004440083
9.99 -0.007984334
10 -0.009586314
10.01 -0.009431682
10.02 -0.009213953
10.03 -0.008225305
10.04 -0.005741871
10.05 -0.004188447
10.06 -0.004198525
10.07 -0.005183411
10.08 -0.007520684
10.09 -0.008967198
10.1 -0.008230591
10.11 -0.006220252
10.12 -0.003689872
10.13 -0.0006439221
10.14 0.0007289112
10.15 0.001188152
10.16 0.003682631
10.17 0.007016222
10.18 0.008262607
10.19 0.006618988
10.2 0.002269773
10.21 -0.004607113
10.22 -0.01407554
10.23 -0.02356856
10.24 -0.02837626
10.25 -0.02840917
10.26 -0.02356212
10.27 -0.01143114
10.28 0.00414953
10.29 0.01804717
10.3 0.02298301
10.31 0.0197276
10.32 0.01108426
10.33 -0.0005914033
10.34 -0.01157864
10.35 -0.01830538
10.36 -0.0203794
10.37 -0.02039809
10.38 -0.01981698
10.39 -0.01850579
10.4 -0.01768614
10.41 -0.01776623
10.42 -0.01788334
10.43 -0.01781083
10.44 -0.01737678
10.45 -0.0155014
10.46 -0.01386291
10.47 -0.01237932
10.48 -0.01033883
10.49 -0.008132235
10.5 -0.005773717
10.51 -0.002197579
10.52 0.002980727
10.53 0.007807027
10.54 0.01320066
10.55 0.01968281
10.56 0.02501935
10.57 0.02671823
10.58 0.02501137
10.59 0.01914432
10.6 0.009043581
10.61 -0.001934549
10.62 -0.01039247
10.63 -0.01448913
10.64 -0.01500065
10.65 -0.01250502
10.66 -0.007263671
10.67 -0.0004137235
10.68 0.004779289
10.69 0.007076923
10.7 0.008014969
10.71 0.008992586
10.72 0.009987707
10.73 0.01133303
10.74 0.01160342
10.75 0.01015978
10.76 0.004832694
10.77 -0.003874687
10.78 -0.01351729
10.79 -0.02230356
10.8 -0.02697403
10.81 -0.02496294
10.82 -0.01868205
10.83 -0.01186544
10.84 -0.007847907
10.85 -0.007902689
10.86 -0.0110954
10.87 -0.01512051
10.88 -0.01668243
10.89 -0.01309188
10.9 -0.005161
10.91 0.003459147
10.92 0.008548567
10.93 0.009456061
10.94 0.007981406
10.95 0.00691397
10.96 0.007720767
10.97 0.01007268
10.98 0.01209741
10.99 0.01234392
11 0.01056877
11.01 0.006064099
11.02 -0.0006709709
11.03 -0.006334527
11.04 -0.008029774
11.05 -0.005994432
11.06 -0.001376407
11.07 0.00591295
11.08 0.01327013
11.09 0.01786252
11.1 0.01968966
11.11 0.02042176
11.12 0.0212114
11.13 0.02155409
11.14 0.0225814
11.15 0.02551188
11.16 0.02813276
11.17 0.02832731
11.18 0.02478223
11.19 0.01801312
11.2 0.01129593
11.21 0.004401386
11.22 -0.003099685
11.23 -0.01067327
11.24 -0.01772087
11.25 -0.02327492
11.26 -0.02622617
11.27 -0.02419207
11.28 -0.01990884
11.29 -0.01387252
11.3 -0.006003764
11.31 0.0008971494
11.32 0.004638547
11.33 0.006631266
11.34 0.007725338
11.35 0.009512993
11.36 0.01187403
11.37 0.01214213
11.38 0.008938063
11.39 0.001728685
11.4 -0.009017296
11.41 -0.0213229
11.42 -0.03294011
11.43 -0.04189599
11.44 -0.04497669
11.45 -0.03941898
11.46 -0.02527644
11.47 -0.008083032
11.48 0.008057325
11.49 0.01970078
11.5 0.02251653
11.51 0.01877934
11.52 0.0124164
11.53 0.00779239
11.54 0.007052133
11.55 0.009259762
11.56 0.0123668
11.57 0.01554067
11.58 0.01745435
11.59 0.0173784
11.6 0.01669938
11.61 0.01591667
11.62 0.01663581
11.63 0.0173666
11.64 0.01728436
11.65 0.01716143
11.66 0.01716631
11.67 0.01593344
11.68 0.0128574
11.69 0.01019688
11.7 0.00894315
11.71 0.008768231
11.72 0.009450649
11.73 0.01144009
11.74 0.01282981
11.75 0.01289738
11.76 0.01233558
11.77 0.01025381
11.78 0.005998378
11.79 0.0001190348
11.8 -0.005301388
11.81 -0.007264326
11.82 -0.006836342
11.83 -0.006442725
11.84 -0.005475845
11.85 -0.004772065
11.86 -0.006161985
11.87 -0.007036942
11.88 -0.00681327
11.89 -0.006680422
11.9 -0.007400234
11.91 -0.01048639
11.92 -0.0163927
11.93 -0.02465207
11.94 -0.03330284
11.95 -0.0386794
11.96 -0.03931994
11.97 -0.0364713
11.98 -0.03247305
11.99 -0.02806791
12 -0.02223544
12.01 -0.01421902
12.02 -0.003975388
12.03 0.00778097
12.04 0.0191727
12.05 0.0265809
12.06 0.02818978
12.07 0.02532055
12.08 0.01946183
12.09 0.01214232
12.1 0.005703727
12.11 0.002644676
12.12 0.002653823
12.13 0.003483934
12.14 0.005990894
12.15 0.01018596
12.16 0.01589527
12.17 0.02073798
12.18 0.02289682
12.19 0.02225187
12.2 0.01940988
12.21 0.0157299
12.22 0.01166699
12.23 0.008816605
12.24 0.008039462
12.25 0.008729692
12.26 0.01065933
12.27 0.01292763
12.28 0.01281114
12.29 0.00937731
12.3 0.002961292
12.31 -0.004157041
12.32 -0.01088048
12.33 -0.01724417
12.34 -0.02131295
12.35 -0.02304179
12.36 -0.02231005
12.37 -0.01917504
12.38 -0.0155697
12.39 -0.01377525
12.4 -0.0139728
12.41 -0.01623859
12.42 -0.01985957
12.43 -0.02368645
12.44 -0.02738941
12.45 -0.02979136
12.46 -0.03014251
12.47 -0.02933176
12.48 -0.0262598
12.49 -0.02090549
12.5 -0.01172553
12.51 -0.002151553
12.52 0.007262399
12.53 0.01452492
12.54 0.01800313
12.55 0.01841278
12.56 0.01786337
12.57 0.01573633
12.58 0.01256622
12.59 0.009090373
12.6 0.00467439
12.61 -0.000286875
12.62 -0.004901371
12.63 -0.009057853
12.64 -0.01244333
12.65 -0.01448237
12.66 -0.01436766
12.67 -0.01344399
12.68 -0.01200986
12.69 -0.009443623
12.7 -0.004971514
12.71 5.792133e-05
12.72 0.004404852
12.73 0.008496027
12.74 0.01294302
12.75 0.01739109
12.76 0.02166743
12.77 0.02650472
12.78 0.02933581
12.79 0.0306295
12.8 0.0320365
12.81 0.03314878
12.82 0.03289611
12.83 0.02928183
12.84 0.02277591
12.85 0.01380959
12.86 0.0005175752
12.87 -0.0143429
12.88 -0.02591688
12.89 -0.03181749
12.9 -0.03369839
12.91 -0.0328648
12.92 -0.0295682
12.93 -0.02536638
12.94 -0.02230609
12.95 -0.02110333
12.96 -0.02095704
12.97 -0.02221382
12.98 -0.02398606
12.99 -0.02570325
13 -0.02812316
13.01 -0.032431
13.02 -0.03876315
13.03 -0.04705239
13.04 -0.05535148
13.05 -0.05944888
13.06 -0.05807769
13.07 -0.04982419
13.08 -0.03270819
13.09 -0.01105747
13.1 0.01087124
13.11 0.02809732
13.12 0.03977574
13.13 0.04724929
13.14 0.05004755
13.15 0.04861055
13.16 0.04667841
13.17 0.04418454
13.18 0.0405261
13.19 0.03822822
13.2 0.03857767
13.21 0.04140656
13.22 0.04671415
13.23 0.05236617
13.24 0.05569553
13.25 0.05624179
13.26 0.05205734
13.27 0.04443791
13.28 0.03315007
13.29 0.01893231
13.3 0.006598443
13.31 -0.004297631
13.32 -0.01584522
13.33 -0.02908152
13.34 -0.04625086
13.35 -0.06261848
13.36 -0.076243
13.37 -0.0842011
13.38 -0.08807433
13.39 -0.08885939
13.4 -0.08620589
13.41 -0.07939736
13.42 -0.06680325
13.43 -0.04957592
13.44 -0.02690683
13.45 -0.003071386
13.46 0.01582708
13.47 0.02688247
13.48 0.03023954
13.49 0.02847043
13.5 0.02302071
13.51 0.01322943
13.52 -0.0006620345
13.53 -0.01318108
13.54 -0.02311073
13.55 -0.03085476
13.56 -0.03517328
13.57 -0.03486315
13.58 -0.02986827
13.59 -0.02087006
13.6 -0.004759085
13.61 0.01673868
13.62 0.03892165
13.63 0.05473685
13.64 0.06353295
13.65 0.06532571
13.66 0.06222626
13.67 0.05483203
13.68 0.04442939
13.69 0.03450542
13.7 0.0293601
13.71 0.02797523
13.72 0.02847174
13.73 0.02957992
13.74 0.02994788
13.75 0.03018233
13.76 0.03184364
13.77 0.03446974
13.78 0.03672489
13.79 0.03643313
13.8 0.03295955
13.81 0.026236
13.82 0.01550714
13.83 0.001814638
13.84 -0.01351927
13.85 -0.0278977
13.86 -0.03758387
13.87 -0.04257017
13.88 -0.04295285
13.89 -0.03852018
13.9 -0.03183892
13.91 -0.02688482
13.92 -0.02445333
13.93 -0.02243355
13.94 -0.01759767
13.95 -0.00931679
13.96 -0.0006133628
13.97 0.004651192
13.98 0.004470978
13.99 -0.0009927607
14 -0.00842258
14.01 -0.01628778
14.02 -0.02249729
14.03 -0.02418469
14.04 -0.02001788
14.05 -0.008643966
14.06 0.01106221
14.07 0.03265731
14.08 0.0495739
14.09 0.05878196
14.1 0.061788
14.11 0.05879153
14.12 0.05166576
14.13 0.04414236
14.14 0.03854078
14.15 0.03551654
14.16 0.03503115
14.17 0.03350134
14.18 0.02880403
14.19 0.02117543
14.2 0.01071849
14.21 -0.002271941
14.22 -0.01385149
14.23 -0.02347088
14.24 -0.03235063
14.25 -0.03734058
14.26 -0.03728858
14.27 -0.03274687
14.28 -0.02328818
14.29 -0.01349833
14.3 -0.004102956
14.31 0.004955753
14.32 0.01365671
14.33 0.02061403
14.34 0.02487401
14.35 0.0267152
14.36 0.02645888
14.37 0.02438445
14.38 0.01895739
14.39 0.01037526
14.4 -0.0007707671
14.41 -0.009531137
14.42 -0.01315238
14.43 -0.01346845
14.44 -0.01177995
14.45 -0.008408173
14.46 -0.006149403
14.47 -0.005877809
14.48 -0.006971679
14.49 -0.009131468
14.5 -0.0111016
14.51 -0.01095585
14.52 -0.008609368
14.53 -0.003910276
14.54 0.002950987
14.55 0.009672629
14.56 0.01566714
14.57 0.02076343
14.58 0.02407114
14.59 0.02363207
14.6 0.01938303
14.61 0.01223807
14.62 0.004230363
14.63 -0.001574425
14.64 -0.004548186
14.65 -0.005534442
14.66 -0.00540533
14.67 -0.006421233
14.68 -0.009379374
14.69 -0.01475694
14.7 -0.02033862
14.71 -0.0251258
14.72 -0.02907932
14.73 -0.03103619
14.74 -0.03057788
14.75 -0.02770658
14.76 -0.02387327
14.77 -0.02108257
14.78 -0.02039318
14.79 -0.02331586
14.8 -0.02790183
14.81 -0.03216756
14.82 -0.03622794
14.83 -0.03881033
14.84 -0.03763157
14.85 -0.03316289
14.86 -0.02633249
14.87 -0.0177773
14.88 -0.008649533
14.89 -0.0007916877
14.9 0.005731524
14.91 0.01167454
14.92 0.01586507
14.93 0.01934867
14.94 0.02326035
14.95 0.02723836
14.96 0.02960262
14.97 0.0305942
14.98 0.02943931
14.99 0.02760814
15 0.02619675
15.01 0.02392429
15.02 0.01974423
15.03 0.01502444
15.04 0.01008821
15.05 0.006218864
15.06 0.004710806
15.07 0.006738279
15.08 0.01129465
15.09 0.01585865
15.1 0.01865891
15.11 0.01893875
15.12 0.01684436
15.13 0.01305383
15.14 0.008915731
15.15 0.005110439
15.16 0.00225433
15.17 0.0002743006
15.18 -0.003136486
15.19 -0.009024254
15.2 -0.01650524
15.21 -0.0234231
15.22 -0.0285946
15.23 -0.03079366
15.24 -0.03091758
15.25 -0.02856237
15.26 -0.02309593
15.27 -0.01476569
15.28 -0.005796133
15.29 0.003538625
15.3 0.0116992
15.31 0.01757737
15.32 0.01969099
15.33 0.01628575
15.34 0.007313306
15.35 -0.005991288
15.36 -0.01856811
15.37 -0.02871805
15.38 -0.03698845
15.39 -0.0431228
15.4 -0.04730627
15.41 -0.04920496
15.42 -0.04886848
15.43 -0.04526934
15.44 -0.03530234
15.45 -0.01879927
15.46 -0.0009735255
15.47 0.01569497
15.48 0.02824427
15.49 0.03323659
15.5 0.03246195
15.51 0.02937441
15.52 0.02534571
15.53 0.02190806
15.54 0.01967133
15.55 0.01688332
15.56 0.01116978
15.57 0.001007084
15.58 -0.01093517
15.59 -0.01918735
15.6 -0.02198661
15.61 -0.02073559
15.62 -0.01636003
15.63 -0.009897627
15.64 -0.003407282
15.65 0.0001704655
15.66 0.0002926237
15.67 -0.002024943
15.68 -0.006436485
15.69 -0.01131616
15.7 -0.01392692
15.71 -0.01393792
15.72 -0.01232225
15.73 -0.008863964
15.74 -0.004311779
15.75 -0.002586606
15.76 -0.005072096
15.77 -0.009236028
15.78 -0.01324657
15.79 -0.01680596
15.8 -0.01906814
15.81 -0.01972986
15.82 -0.01932233
15.83 -0.01874587
15.84 -0.01628782
15.85 -0.01075855
15.86 -0.0020949
15.87 0.007644372
15.88 0.01673118
15.89 0.02548813
15.9 0.03281808
15.91 0.03801399
15.92 0.04108024
15.93 0.04230421
15.94 0.04183468
15.95 0.03910566
15.96 0.03333361
15.97 0.02524347
15.98 0.01373576
15.99 0.002899076
16 -0.003266332
16.01 -0.004769414
16.02 -0.003102223
16.03 -0.0001299708
16.04 0.003450085
16.05 0.006181581
16.06 0.006014681
16.07 0.004153716
16.08 0.001452475
16.09 -0.001680089
16.1 -0.003456826
16.11 -0.003116497
16.12 -0.001013304
16.13 0.00126145
16.14 0.003049218
16.15 0.004059578
16.16 0.003831072
16.17 0.001575506
16.18 -0.001911069
16.19 -0.005742528
16.2 -0.01026583
16.21 -0.01451232
16.22 -0.01757394
16.23 -0.01877199
16.24 -0.01707146
16.25 -0.01316355
16.26 -0.008958244
16.27 -0.004327568
16.28 -0.0008440152
16.29 -0.0005076422
16.3 -0.0009287112
16.31 -0.0009422589
16.32 -0.0001249497
16.33 0.001044045
16.34 0.002136634
16.35 0.001985168
16.36 0.0004058829
16.37 -0.001628412
16.38 -0.003645325
16.39 -0.004308926
16.4 -0.003547217
16.41 -0.001464336
16.42 0.002434889
16.43 0.008030936
16.44 0.01388515
16.45 0.01763159
16.46 0.02027376
16.47 0.02245962
16.48 0.02456633
16.49 0.0269675
16.5 0.03033565
16.51 0.03422242
16.52 0.0379615
16.53 0.03957886
16.54 0.03819905
16.55 0.03306232
16.56 0.0233683
16.57 0.009694562
16.58 -0.00522872
16.59 -0.0194326
16.6 -0.03076307
16.61 -0.03669298
16.62 -0.03811225
16.63 -0.0366204
16.64 -0.03279885
16.65 -0.0263337
16.66 -0.01597133
16.67 -0.004155784
16.68 0.002930045
16.69 0.004463619
16.7 0.002290125
16.71 -0.001892209
16.72 -0.007479895
16.73 -0.01333959
16.74 -0.01793816
16.75 -0.02084941
16.76 -0.02274503
16.77 -0.02287928
16.78 -0.0218833
16.79 -0.02175125
16.8 -0.02230292
16.81 -0.0198445
16.82 -0.01436329
16.83 -0.005939019
16.84 0.005175792
16.85 0.01655094
16.86 0.0255731
16.87 0.03001572
16.88 0.02996187
16.89 0.02585104
16.9 0.01836307
16.91 0.008253156
16.92 -0.0004930387
16.93 -0.005798955
16.94 -0.007686225
16.95 -0.005258105
16.96 0.0009358054
16.97 0.01010452
16.98 0.0197493
16.99 0.0270006
17 0.03030178
17.01 0.03069817
17.02 0.03045018
17.03 0.03014124
17.04 0.02836938
17.05 0.02457856
17.06 0.01844546
17.07 0.01045028
17.08 0.001668347
17.09 -0.008030841
17.1 -0.01635646
17.11 -0.02293336
17.12 -0.02697195
17.13 -0.02826024
17.14 -0.02776168
17.15 -0.02499202
17.16 -0.01921821
17.17 -0.0136698
17.18 -0.01051547
17.19 -0.01012297
17.2 -0.0121685
17.21 -0.01482193
17.22 -0.01672064
17.23 -0.01748641
17.24 -0.01802857
17.25 -0.01913843
17.26 -0.02049741
17.27 -0.01974407
17.28 -0.01731022
17.29 -0.01378235
17.3 -0.007444656
17.31 0.001368324
17.32 0.009293974
17.33 0.01498682
17.34 0.01840982
17.35 0.01863391
17.36 0.01550979
17.37 0.01104948
17.38 0.004964416
17.39 -0.001609484
17.4 -0.005518775
17.41 -0.006491227
17.42 -0.004891662
17.43 -0.001311545
17.44 0.002303483
17.45 0.005136603
17.46 0.007279449
17.47 0.00912835
17.48 0.01154737
17.49 0.01399895
17.5 0.01545191
17.51 0.01653945
17.52 0.0176534
17.53 0.01766373
17.54 0.01784998
17.55 0.01908171
17.56 0.02055865
17.57 0.02208617
17.58 0.02283969
17.59 0.02267213
17.6 0.02183058
17.61 0.01999095
17.62 0.01722937
17.63 0.01360404
17.64 0.008530014
17.65 0.003562005
17.66 0.0009340365
17.67 -0.001265854
17.68 -0.003378771
17.69 -0.005207885
17.7 -0.007202975
17.71 -0.01073201
17.72 -0.01528574
17.73 -0.01957093
17.74 -0.02342228
17.75 -0.02570724
17.76 -0.02634742
17.77 -0.02588546
17.78 -0.02526429
17.79 -0.02447794
17.8 -0.0221888
17.81 -0.01887002
17.82 -0.01640055
17.83 -0.01590788
17.84 -0.0169267
17.85 -0.01975176
17.86 -0.02254344
17.87 -0.024534
17.88 -0.02346556
17.89 -0.01893106
17.9 -0.01307978
17.91 -0.006175443
17.92 -8.932175e-05
17.93 0.003323884
17.94 0.004291661
17.95 0.003491555
17.96 0.001662981
17.97 -0.000297905
17.98 -0.001273828
17.99 -0.0005531607
18 0.002190701
18.01 0.007684947
18.02 0.01337495
18.03 0.01725736
18.04 0.01816186
18.05 0.01527935
18.06 0.01011447
18.07 0.004897095
18.08 0.0003788039
18.09 -0.002883847
18.1 -0.005003237
18.11 -0.006073694
18.12 -0.006802425
18.13 -0.0074227
18.14 -0.006887852
18.15 -0.004315103
18.16 -0.0001170423
18.17 0.00469669
18.18 0.007752106
18.19 0.009725595
18.2 0.01116969
18.21 0.01087929
18.22 0.009993632
18.23 0.00879628
18.24 0.007391627
18.25 0.006355441
18.26 0.006670821
18.27 0.009149299
18.28 0.01364404
18.29 0.01692543
18.3 0.01740406
18.31 0.01692882
18.32 0.0157579
18.33 0.01285463
18.34 0.009563438
18.35 0.006631621
18.36 0.003833985
18.37 0.001851629
18.38 -0.0007599432
18.39 -0.005263643
18.4 -0.01088579
18.41 -0.01639471
18.42 -0.02097147
18.43 -0.02468123
18.44 -0.02638065
18.45 -0.02602006
18.46 -0.02340618
18.47 -0.0182701
18.48 -0.01057524
18.49 -0.003631841
18.5 0.000303765
18.51 0.001251906
18.52 -0.0005244064
18.53 -0.002580057
18.54 -0.003998089
18.55 -0.004685356
18.56 -0.003315221
18.57 -0.0006739281
18.58 0.00346922
18.59 0.008925659
18.6 0.01483528
18.61 0.02030754
18.62 0.02339442
18.63 0.02372337
18.64 0.02148538
18.65 0.01720952
18.66 0.0132476
18.67 0.009031715
18.68 0.004229599
18.69 4.478758e-05
18.7 -0.002050902
18.71 -0.003007827
18.72 -0.003093659
18.73 -0.002531528
18.74 -0.001301018
18.75 -0.0001791908
18.76 0.001288136
18.77 0.00395129
18.78 0.005583689
18.79 0.005575925
18.8 0.005532088
18.81 0.005308021
18.82 0.00421093
18.83 0.002051588
18.84 0.0005735472
18.85 0.0005332816
18.86 0.0008159346
18.87 0.001839953
18.88 0.00346403
18.89 0.005205482
18.9 0.006062327
18.91 0.006434997
18.92 0.0070831
18.93 0.00804159
18.94 0.009037806
18.95 0.00986064
18.96 0.01120988
18.97 0.01269249
18.98 0.0133524
18.99 0.01231086
19 0.01050543
19.01 0.008278837
19.02 0.005667745
19.03 0.002653905
19.04 -0.0007861526
19.05 -0.003513387
19.06 -0.004935929
19.07 -0.00542577
19.08 -0.005831007
19.09 -0.007066525
19.1 -0.008008743
19.11 -0.008837988
19.12 -0.009874623
19.13 -0.009914625
19.14 -0.009979716
19.15 -0.01000894
19.16 -0.008112581
19.17 -0.004272049
19.18 -0.0004424881
19.19 0.002018646
19.2 0.00340682
19.21 0.003368124
19.22 0.002005624
19.23 0.001258622
19.24 -0.0001086635
19.25 -0.001577699
19.26 -0.00263974
19.27 -0.003060131
19.28 -0.004614414
19.29 -0.007371019
19.3 -0.009766195
19.31 -0.01086171
19.32 -0.01134854
19.33 -0.01095744
19.34 -0.0098217
19.35 -0.007856126
19.36 -0.005029316
19.37 -0.002626423
19.38 -0.0009988363
19.39 -0.0006790718
19.4 -0.001523005
19.41 -0.002438573
19.42 -0.002825609
19.43 -0.002462371
19.44 -0.001642669
19.45 -0.00125165
19.46 -0.00119731
19.47 -0.001519165
19.48 -0.001409477
19.49 -0.0002767574
19.5 0.001475755
19.51 0.003942448
19.52 0.007661811
19.53 0.01213594
19.54 0.01577013
19.55 0.01680622
19.56 0.01622626
19.57 0.01458922
19.58 0.01216048
19.59 0.009921071
19.6 0.008097541
19.61 0.006203583
19.62 0.004621066
19.63 0.004030292
19.64 0.003273457
19.65 0.002901411
19.66 0.004042846
19.67 0.006055379
19.68 0.007961402
19.69 0.01024817
19.7 0.01241897
19.71 0.01292171
19.72 0.01174427
19.73 0.009442919
19.74 0.005684406
19.75 0.001298502
19.76 -0.001603673
19.77 -0.001464099
19.78 0.0005475014
19.79 0.002311924
19.8 0.003640059
19.81 0.004077385
19.82 0.003213924
19.83 0.001653724
19.84 -0.0006593262
19.85 -0.003244141
19.86 -0.006445775
19.87 -0.01047269
19.88 -0.0148168
19.89 -0.01905371
19.9 -0.02303224
19.91 -0.02606154
19.92 -0.02837584
19.93 -0.02931062
19.94 -0.02859689
19.95 -0.02602059
19.96 -0.02286541
19.97 -0.0184709
19.98 -0.01340349
19.99 -0.008688358
20 -0.004003165
20.01 0.0004315761
20.02 0.0054339
20.03 0.01009753
20.04 0.01342761
20.05 0.01587659
20.06 0.01702228
20.07 0.01503338
20.08 0.01093313
20.09 0.005783657
20.1 0.0003571604
20.11 -0.004707056
20.12 -0.008198255
20.13 -0.01011888
20.14 -0.01086341
20.15 -0.009626304
20.16 -0.005497099
20.17 -0.0004496878
20.18 0.00291993
20.19 0.004026096
20.2 0.004375228
20.21 0.003646648
20.22 0.001934057
20.23 -0.001401807
20.24 -0.005175118
20.25 -0.009330041
20.26 -0.01210442
20.27 -0.01399982
20.28 -0.01592871
20.29 -0.01818969
20.3 -0.01978322
20.31 -0.01934295
20.32 -0.0171791
20.33 -0.01366046
20.34 -0.00850779
20.35 -0.003168994
20.36 0.001820884
20.37 0.006246137
20.38 0.008892191
20.39 0.01047852
20.4 0.01227328
20.41 0.01359698
20.42 0.01471619
20.43 0.01620419
20.44 0.01718457
20.45 0.01686151
20.46 0.01434226
20.47 0.01042578
20.48 0.006420864
20.49 0.002170313
20.5 -0.0014434
20.51 -0.003569136
20.52 -0.004468943
20.53 -0.00371435
20.54 -0.002023194
20.55 -0.001119122
20.56 -0.001255492
20.57 -0.00109636
20.58 -0.0007739939
20.59 -0.002468703
20.6 -0.005792197
20.61 -0.008952354
20.62 -0.01113377
20.63 -0.01249568
20.64 -0.01398736
20.65 -0.01404181
20.66 -0.01263158
20.67 -0.01281505
20.68 -0.01459261
20.69 -0.01592877
20.7 -0.01716278
20.71 -0.01818963
20.72 -0.01793022
20.73 -0.01594779
20.74 -0.01254712
20.75 -0.008261601
20.76 -0.004110761
20.77 0.0007058268
20.78 0.004728624
20.79 0.007249414
20.8 0.009014385
20.81 0.01079691
20.82 0.01235765
20.83 0.01330438
20.84 0.0136576
20.85 0.01425515
20.86 0.01428139
20.87 0.01340781
20.88 0.01305419
20.89 0.01319936
20.9 0.01302238
20.91 0.01295191
20.92 0.01312232
20.93 0.01201372
20.94 0.009468766
20.95 0.006402298
20.96 0.003672757
20.97 0.001094451
20.98 -0.0009907491
20.99 -0.002490916
21 -0.003314818
21.01 -0.003315054
21.02 -0.003407459
21.03 -0.003617416
21.04 -0.003336518
21.05 -0.001891068
21.06 -0.0009731521
21.07 -0.001101982
21.08 -0.0009965022
21.09 -0.0009332643
21.1 -0.001881942
21.11 -0.004096727
21.12 -0.006352096
21.13 -0.008831052
21.14 -0.01135687
21.15 -0.01413249
21.16 -0.01561878
21.17 -0.01430108
21.18 -0.01178251
21.19 -0.009408972
21.2 -0.00574522
21.21 -0.001095657
21.22 0.003183574
21.23 0.005409517
21.24 0.006441178
21.25 0.007344396
21.26 0.007727324
21.27 0.008046452
21.28 0.008317967
21.29 0.00856784
21.3 0.008765347
21.31 0.01008559
21.32 0.01255678
21.33 0.0151231
21.34 0.01741672
21.35 0.01868339
21.36 0.01983076
21.37 0.02034491
21.38 0.01909615
21.39 0.01782487
21.4 0.01576206
21.41 0.01121949
21.42 0.004969071
21.43 -0.001973346
21.44 -0.009475604
21.45 -0.01557457
21.46 -0.0194356
21.47 -0.02184115
21.48 -0.02234695
21.49 -0.02066659
21.5 -0.01741152
21.51 -0.01296899
21.52 -0.007682684
21.53 -0.003804231
21.54 -0.0003530761
21.55 0.002956525
21.56 0.005674968
21.57 0.009127052
21.58 0.01232418
21.59 0.01534042
21.6 0.01766989
21.61 0.01830473
21.62 0.01735658
21.63 0.01514367
21.64 0.01261638
21.65 0.01008036
21.66 0.009711199
21.67 0.01196244
21.68 0.01377347
21.69 0.01376498
21.7 0.01349344
21.71 0.0129513
21.72 0.01068261
21.73 0.007778241
21.74 0.004238753
21.75 0.0001699727
21.76 -0.004703189
21.77 -0.008683902
21.78 -0.0111359
21.79 -0.01433015
21.8 -0.01729089
21.81 -0.01786127
21.82 -0.01649603
21.83 -0.01349401
21.84 -0.009710774
21.85 -0.007080654
21.86 -0.005628921
21.87 -0.005577709
21.88 -0.00693218
21.89 -0.008670224
21.9 -0.01045261
21.91 -0.01104524
21.92 -0.01034746
21.93 -0.008994188
21.94 -0.005676484
21.95 -0.002053228
21.96 0.001606325
21.97 0.004650533
21.98 0.006422631
21.99 0.007471304
22 0.008379101
22.01 0.009394479
22.02 0.01092038
22.03 0.01227539
22.04 0.01297454
22.05 0.01260136
22.06 0.01167951
22.07 0.01154634
22.08 0.01202581
22.09 0.01219526
22.1 0.01265692
22.11 0.01252118
22.12 0.01160863
22.13 0.01083045
22.14 0.009490075
22.15 0.006807184
22.16 0.003758969
22.17 -9.936925e-05
22.18 -0.005607816
22.19 -0.01016848
22.2 -0.01454916
22.21 -0.01994005
22.22 -0.02437645
22.23 -0.02739513
22.24 -0.02900305
22.25 -0.02909289
22.26 -0.02863607
22.27 -0.02613813
22.28 -0.02251611
22.29 -0.01973582
22.3 -0.01795162
22.31 -0.01593211
22.32 -0.01335759
22.33 -0.01023128
22.34 -0.007632084
22.35 -0.004949604
22.36 -0.002032551
22.37 0.0006672049
22.38 0.003253406
22.39 0.00519423
22.4 0.006796955
22.41 0.008624976
22.42 0.01058077
22.43 0.0130556
22.44 0.01510085
22.45 0.01737957
22.46 0.01972198
22.47 0.02067465
22.48 0.02101805
22.49 0.02005499
22.5 0.01826122
22.51 0.01564641
22.52 0.01205058
22.53 0.008632803
22.54 0.005760711
22.55 0.003341733
22.56 0.000955587
22.57 -0.0007742617
22.58 -0.002611599
22.59 -0.003862247
22.6 -0.004703446
22.61 -0.006258342
22.62 -0.007977649
22.63 -0.009392818
22.64 -0.01168576
22.65 -0.01377045
22.66 -0.01384617
22.67 -0.01182471
22.68 -0.01020179
22.69 -0.008740439
22.7 -0.006628614
22.71 -0.004580808
22.72 -0.002387382
22.73 0.0001257283
22.74 0.001549665
22.75 0.002816685
22.76 0.003741503
22.77 0.005699845
22.78 0.008967719
22.79 0.01146847
22.8 0.01428931
22.81 0.01846947
22.82 0.02222095
22.83 0.02520697
22.84 0.02824419
22.85 0.03066495
22.86 0.03261379
22.87 0.03362429
22.88 0.03231973
22.89 0.0295201
22.9 0.02544362
22.91 0.01953185
22.92 0.01253873
22.93 0.005673939
22.94 -0.002237693
22.95 -0.01027407
22.96 -0.01754885
22.97 -0.02258785
22.98 -0.02605355
22.99 -0.0284231
23 -0.03004933
23.01 -0.03127489
23.02 -0.03089616
23.03 -0.0288208
23.04 -0.02517776
23.05 -0.01965816
23.06 -0.01357681
23.07 -0.007333112
23.08 -0.002780958
23.09 0.0001163867
23.1 0.002457268
23.11 0.004410643
23.12 0.00618079
23.13 0.008666885
23.14 0.01096515
23.15 0.01201866
23.16 0.01441555
23.17 0.01672572
23.18 0.01670331
23.19 0.01562329
23.2 0.01537036
23.21 0.01464695
23.22 0.01340456
23.23 0.01230358
23.24 0.01135816
23.25 0.009617635
23.26 0.006329171
23.27 0.002651707
23.28 -0.002148175
23.29 -0.008612443
23.3 -0.01444424
23.31 -0.01847473
23.32 -0.02137205
23.33 -0.02278414
23.34 -0.02261481
23.35 -0.02157551
23.36 -0.01992155
23.37 -0.01777967
23.38 -0.01509477
23.39 -0.01240853
23.4 -0.01014223
23.41 -0.008255341
23.42 -0.007364087
23.43 -0.006365695
23.44 -0.0063903
23.45 -0.007468354
23.46 -0.007789697
23.47 -0.007910733
23.48 -0.007952301
23.49 -0.007030998
23.5 -0.005193304
23.51 -0.003706442
23.52 -0.00277523
23.53 -0.002318506
23.54 -0.002070152
23.55 -0.002351229
23.56 -0.002261543
23.57 -0.002306786
23.58 -0.00298347
23.59 -0.003168382
23.6 -0.003009806
23.61 -0.002586382
23.62 -0.00134941
23.63 0.0007270527
23.64 0.001452289
23.65 0.001449728
23.66 0.001912621
23.67 0.002051767
23.68 0.001958626
23.69 0.001946653
23.7 0.001972703
23.71 0.001869524
23.72 0.0005069186
23.73 -0.002068721
23.74 -0.003373653
23.75 -0.004272555
23.76 -0.004265767
23.77 -0.002886209
23.78 -0.001313855
23.79 0.0001910886
23.8 0.00178817
23.81 0.002197978
23.82 0.002054807
23.83 0.003091733
23.84 0.004712948
23.85 0.006265176
23.86 0.007202492
23.87 0.00814847
23.88 0.00920023
23.89 0.008307577
23.9 0.006602777
23.91 0.004805381
23.92 0.002425268
23.93 0.001863441
23.94 0.002346258
23.95 0.004089117
23.96 0.007248473
23.97 0.01075632
23.98 0.0130155
23.99 0.01552982
24 0.01616682
24.01 0.01377708
24.02 0.01165126
24.03 0.009873993
24.04 0.006951904
24.05 0.003569507
24.06 0.001046499
24.07 -0.001446908
24.08 -0.003570612
24.09 -0.005397513
24.1 -0.007004581
24.11 -0.007818914
24.12 -0.009093805
24.13 -0.01027695
24.14 -0.01180339
24.15 -0.01318687
24.16 -0.01415457
24.17 -0.01441845
24.18 -0.01564902
24.19 -0.0170403
24.2 -0.01838348
24.21 -0.01982675
24.22 -0.02117504
24.23 -0.02174108
24.24 -0.02115718
24.25 -0.01984893
24.26 -0.01818955
24.27 -0.01647687
24.28 -0.01375553
24.29 -0.01154738
24.3 -0.01020271
24.31 -0.008218984
24.32 -0.0067888
24.33 -0.00588097
24.34 -0.004801551
24.35 -0.004465726
24.36 -0.004612732
24.37 -0.004639842
24.38 -0.00430883
24.39 -0.003327234
24.4 -0.002747219
24.41 -0.002655529
24.42 -0.002749783
24.43 -0.003303603
24.44 -0.003663719
24.45 -0.002865689
24.46 -0.0020377
24.47 -0.001898993
24.48 -0.001960418
24.49 -0.001242167
24.5 6.896477e-05
24.51 0.001669129
24.52 0.003347959
24.53 0.005057936
24.54 0.007177438
24.55 0.009988768
24.56 0.01234102
24.57 0.01387731
24.58 0.01581101
24.59 0.01597103
24.6 0.01545988
24.61 0.01505274
24.62 0.01319326
24.63 0.01116263
24.64 0.007972287
24.65 0.003357918
24.66 -0.001144987
24.67 -0.004851839
24.68 -0.008815139
24.69 -0.01220376
24.7 -0.01468889
24.71 -0.01573834
24.72 -0.01537312
24.73 -0.01363577
24.74 -0.01027466
24.75 -0.006259249
24.76 -0.001601263
24.77 0.004117465
24.78 0.009083882
24.79 0.01188481
24.8 0.01387929
24.81 0.01710951
24.82 0.02063525
24.83 0.02280653
24.84 0.02450641
24.85 0.02577993
24.86 0.02502934
24.87 0.0229704
24.88 0.02067897
24.89 0.01783516
24.9 0.01468266
24.91 0.01238883
24.92 0.01002208
24.93 0.007439479
24.94 0.004472875
24.95 0.001467971
24.96 -0.001798748
24.97 -0.005217009
24.98 -0.009005449
24.99 -0.01283763
25 -0.01714768
25.01 -0.02098862
25.02 -0.02384613
25.03 -0.02552649
25.04 -0.02563538
25.05 -0.0248375
25.06 -0.0222703
25.07 -0.01824719
25.08 -0.01375328
25.09 -0.009096407
25.1 -0.004312045
25.11 -0.0008351983
25.12 0.002062746
25.13 0.004469633
25.14 0.005514648
25.15 0.006546864
25.16 0.008199607
25.17 0.008744032
25.18 0.009202968
25.19 0.01027163
25.2 0.01040554
25.21 0.008930262
25.22 0.007919645
25.23 0.006275265
25.24 0.00374491
25.25 0.001145275
25.26 -0.0008772758
25.27 -0.00215508
25.28 -0.004461538
25.29 -0.006051142
25.3 -0.005965151
25.31 -0.005723993
25.32 -0.005459264
25.33 -0.003525101
25.34 -0.0005340984
25.35 0.00230873
25.36 0.005971691
25.37 0.009334672
25.38 0.01308112
25.39 0.01593114
25.4 0.01843289
25.41 0.01968544
25.42 0.0198866
25.43 0.02026068
25.44 0.01988008
25.45 0.01935148
25.46 0.01875098
25.47 0.01795488
25.48 0.0155713
25.49 0.01357692
25.5 0.01227343
25.51 0.009935848
25.52 0.008381211
25.53 0.008344349
25.54 0.008872441
25.55 0.007578102
25.56 0.005331927
25.57 0.00397083
25.58 0.003875013
25.59 0.003146455
25.6 0.001956023
25.61 0.001546192
25.62 0.0006636716
25.63 0.0002592955
25.64 -0.000189841
25.65 7.544649e-05
25.66 0.002521775
25.67 0.00436291
25.68 0.004437725
25.69 0.004195859
25.7 0.004002037
25.71 0.002696977
25.72 0.0006013134
25.73 -0.0007650629
25.74 -0.002644498
25.75 -0.004530157
25.76 -0.005232099
25.77 -0.00514281
25.78 -0.005121996
25.79 -0.005847103
25.8 -0.006184011
25.81 -0.005503212
25.82 -0.003784643
25.83 -0.0008311303
25.84 0.00216595
25.85 0.004722579
25.86 0.006642334
25.87 0.007643313
25.88 0.007633802
25.89 0.006943623
25.9 0.006808375
25.91 0.007309891
25.92 0.007516049
25.93 0.007648523
25.94 0.008115696
25.95 0.008197053
25.96 0.007835558
25.97 0.007216243
25.98 0.006903963
25.99 0.006397045
26 0.005311602
26.01 0.004545795
26.02 0.004565697
26.03 0.004439974
26.04 0.003209434
26.05 0.000931493
26.06 -0.0009441478
26.07 -0.003339441
26.08 -0.00498577
26.09 -0.005357548
26.1 -0.005238366
26.11 -0.004803701
26.12 -0.004522189
26.13 -0.003688617
26.14 -0.00388478
26.15 -0.004671611
26.16 -0.004307797
26.17 -0.00330373
26.18 -0.003509987
26.19 -0.004678179
26.2 -0.005284397
26.21 -0.007129242
26.22 -0.009547673
26.23 -0.01100072
26.24 -0.01166931
26.25 -0.0113395
26.26 -0.009903656
26.27 -0.00744236
26.28 -0.003780922
26.29 -0.0005455678
26.3 0.002298144
26.31 0.005571861
26.32 0.008006804
26.33 0.009320973
26.34 0.009977166
26.35 0.01039117
26.36 0.01119723
26.37 0.0119354
26.38 0.01211563
26.39 0.01216361
26.4 0.01269423
26.41 0.01406816
26.42 0.01518048
26.43 0.01564678
26.44 0.01672893
26.45 0.01724614
26.46 0.01601356
26.47 0.01451703
26.48 0.01200959
26.49 0.00955579
26.5 0.007186374
26.51 0.005229231
26.52 0.004656704
26.53 0.003263723
26.54 0.001006099
26.55 0.0002117554
26.56 8.790159e-05
26.57 3.113269e-05
26.58 0.0004998386
26.59 0.0012493
26.6 0.003030204
26.61 0.0047386
26.62 0.005141537
26.63 0.004853843
26.64 0.004068748
26.65 0.003418418
26.66 0.003963953
26.67 0.004392965
26.68 0.004025028
26.69 0.002475406
26.7 0.001406836
26.71 0.0006011587
26.72 -0.001506561
26.73 -0.004524042
26.74 -0.007753712
26.75 -0.01073279
26.76 -0.01338276
26.77 -0.01427994
26.78 -0.01550595
26.79 -0.01800321
26.8 -0.01879432
26.81 -0.01841111
26.82 -0.01832899
26.83 -0.01843217
26.84 -0.01859181
26.85 -0.01966033
26.86 -0.02156786
26.87 -0.02283491
26.88 -0.02358947
26.89 -0.02385976
26.9 -0.02416805
26.91 -0.02453945
26.92 -0.02455139
26.93 -0.02445656
26.94 -0.02393299
26.95 -0.02329223
26.96 -0.02298387
26.97 -0.02134403
26.98 -0.0184207
26.99 -0.01566398
27 -0.01272475
27.01 -0.009567586
27.02 -0.005810458
27.03 -0.002911678
27.04 -0.0007646386
27.05 0.0007486588
27.06 0.001006218
27.07 0.0008475734
27.08 0.0005084515
27.09 -0.0003925427
27.1 -0.002154017
27.11 -0.003857392
27.12 -0.005401897
27.13 -0.007774351
27.14 -0.01007592
27.15 -0.0126496
27.16 -0.01378888
27.17 -0.01353672
27.18 -0.01354007
27.19 -0.0142879
27.2 -0.01413182
27.21 -0.01351407
27.22 -0.01316574
27.23 -0.01147652
27.24 -0.009179827
27.25 -0.006692459
27.26 -0.003515707
27.27 0.0006025179
27.28 0.004004261
27.29 0.005595518
27.3 0.007450779
27.31 0.009892677
27.32 0.01167753
27.33 0.01327373
27.34 0.01488911
27.35 0.01550634
27.36 0.01536691
27.37 0.01522831
27.38 0.01447177
27.39 0.01246646
27.4 0.01026018
27.41 0.008728423
27.42 0.007274964
27.43 0.006762673
27.44 0.006933638
27.45 0.00721398
27.46 0.008213354
27.47 0.009246107
27.48 0.009335882
27.49 0.00850675
27.5 0.007239085
27.51 0.006193218
27.52 0.004391967
27.53 0.001737931
27.54 -0.0004091477
27.55 -0.003234336
27.56 -0.005244847
27.57 -0.005800987
27.58 -0.005577752
27.59 -0.00593305
27.6 -0.007240444
27.61 -0.008189815
27.62 -0.00906988
27.63 -0.01131115
27.64 -0.0142866
27.65 -0.01739112
27.66 -0.01962272
27.67 -0.02098593
27.68 -0.0221888
27.69 -0.02305907
27.7 -0.02238457
27.71 -0.02076136
27.72 -0.01926522
27.73 -0.01824531
27.74 -0.01672021
27.75 -0.01424494
27.76 -0.01141405
27.77 -0.008170505
27.78 -0.004864568
27.79 -0.00313644
27.8 -0.001452575
27.81 0.0001584689
27.82 0.0007976821
27.83 0.000690609
27.84 0.0006182088
27.85 0.0006598702
27.86 0.0005547419
27.87 -0.0004043518
27.88 -0.001985423
27.89 -0.00349095
27.9 -0.004314156
27.91 -0.004311532
27.92 -0.004100115
27.93 -0.003447417
27.94 -0.003042023
27.95 -0.002995187
27.96 -0.001981695
27.97 8.561259e-05
27.98 0.001831923
27.99 0.00354587
28 0.005090622
28.01 0.005835744
28.02 0.006887867
28.03 0.00824664
28.04 0.009277246
28.05 0.01002134
28.06 0.01014125
28.07 0.01004004
28.08 0.01004959
28.09 0.01075763
28.1 0.01260324
28.11 0.01446941
28.12 0.01550376
28.13 0.01665859
28.14 0.01813724
28.15 0.0193459
28.16 0.02055323
28.17 0.02183639
28.18 0.0213807
28.19 0.01991199
28.2 0.01837459
28.21 0.01558286
28.22 0.01110224
28.23 0.005687481
28.24 0.0005640629
28.25 -0.00358079
28.26 -0.005153678
28.27 -0.005416402
28.28 -0.006647336
28.29 -0.007504332
28.3 -0.006687184
28.31 -0.005338958
28.32 -0.004719916
28.33 -0.004823395
28.34 -0.004901022
28.35 -0.004755689
28.36 -0.003849253
28.37 -0.002381072
28.38 -0.000914712
28.39 -8.26885e-05
28.4 -0.0004591456
28.41 -0.001941168
28.42 -0.003509919
28.43 -0.004237161
28.44 -0.004139177
28.45 -0.003127691
28.46 -0.001534953
28.47 -0.0004885051
28.48 1.108912e-05
28.49 0.0008157115
28.5 0.002480156
28.51 0.003962062
28.52 0.004525364
28.53 0.004448758
28.54 0.004342742
28.55 0.004317849
28.56 0.00432127
28.57 0.004320205
28.58 0.00426479
28.59 0.004134929
28.6 0.004097736
28.61 0.004599286
28.62 0.006133572
28.63 0.007226089
28.64 0.008369649
28.65 0.008890482
28.66 0.009810204
28.67 0.0122343
28.68 0.0140925
28.69 0.01495816
28.7 0.01618351
28.71 0.01697447
28.72 0.01668703
28.73 0.01568448
28.74 0.01526578
28.75 0.01559903
28.76 0.01566324
28.77 0.01569884
28.78 0.01505567
28.79 0.01349283
28.8 0.01217826
28.81 0.01081792
28.82 0.009644951
28.83 0.008775846
28.84 0.008485863
28.85 0.008269625
28.86 0.008022749
28.87 0.007302159
28.88 0.006117485
28.89 0.004662172
28.9 0.003279808
28.91 0.002439241
28.92 0.0006852438
28.93 -0.001262596
28.94 -0.002274866
28.95 -0.003638367
28.96 -0.00525717
28.97 -0.006207031
28.98 -0.006473086
28.99 -0.006924933
29 -0.008423361
29.01 -0.01011791
29.02 -0.01116349
29.03 -0.01128588
29.04 -0.0103663
29.05 -0.009557335
29.06 -0.008509317
29.07 -0.00800763
29.08 -0.007787755
29.09 -0.007229267
29.1 -0.006701608
29.11 -0.006669323
29.12 -0.006163038
29.13 -0.004891257
29.14 -0.004357188
29.15 -0.004151669
29.16 -0.002143497
29.17 0.001146429
29.18 0.004347401
29.19 0.006831395
29.2 0.009256916
29.21 0.01135911
29.22 0.01240195
29.23 0.01282964
29.24 0.01296308
29.25 0.01303181
29.26 0.01231139
29.27 0.01164279
29.28 0.01019902
29.29 0.007728128
29.3 0.006075908
29.31 0.004329348
29.32 0.002255361
29.33 0.001698096
29.34 0.00144749
29.35 0.0005560476
29.36 0.0003660133
29.37 0.0007490302
29.38 0.000541534
29.39 5.064992e-05
29.4 -0.0007492581
29.41 -0.001058543
29.42 -0.0004304831
29.43 0.000411066
29.44 -7.078495e-05
29.45 -0.0009799859
29.46 -0.002148835
29.47 -0.003184498
29.48 -0.004442975
29.49 -0.007222296
29.5 -0.009143704
29.51 -0.01118517
29.52 -0.01304725
29.53 -0.01380596
29.54 -0.01510782
29.55 -0.0171082
29.56 -0.01811146
29.57 -0.01801528
29.58 -0.01790728
29.59 -0.01802565
29.6 -0.01808185
29.61 -0.0181312
29.62 -0.01824849
29.63 -0.01806751
29.64 -0.01805367
29.65 -0.01735408
29.66 -0.01449293
29.67 -0.01159171
29.68 -0.008914703
29.69 -0.00557983
29.7 -0.002948762
29.71 -0.0009925634
29.72 0.0005507891
29.73 0.002304721
29.74 0.004056031
29.75 0.00619219
29.76 0.009518373
29.77 0.01337239
29.78 0.01553285
29.79 0.01713317
29.8 0.01940738
29.81 0.02152837
29.82 0.02307543
29.83 0.02405864
29.84 0.02408787
29.85 0.02298057
29.86 0.02091513
29.87 0.01855474
29.88 0.01577005
29.89 0.01289143
29.9 0.009892604
29.91 0.007268018
29.92 0.005216953
29.93 0.003809936
29.94 0.002809897
29.95 0.00173681
29.96 0.001174179
29.97 0.001121054
29.98 0.0007683076
29.99 0.0001825994
30 -0.0004018
30.01 -0.001397222
30.02 -0.002814576
30.03 -0.004329597
30.04 -0.005419744
30.05 -0.005795329
30.06 -0.006524575
30.07 -0.007778396
30.08 -0.009089095
30.09 -0.01002379
30.1 -0.01052281
30.11 -0.01053631
30.12 -0.01053701
30.13 -0.01058298
30.14 -0.01060991
30.15 -0.01065836
30.16 -0.01026205
30.17 -0.009237861
30.18 -0.00816999
30.19 -0.008718074
30.2 -0.009640614
30.21 -0.01024738
30.22 -0.01085767
30.23 -0.01107949
30.24 -0.01179566
30.25 -0.01263063
30.26 -0.01337992
30.27 -0.01345091
30.28 -0.0129679
30.29 -0.01391047
30.3 -0.0145573
30.31 -0.0137784
30.32 -0.01258057
30.33 -0.0116617
30.34 -0.01106718
30.35 -0.009919131
30.36 -0.008233287
30.37 -0.007442164
30.38 -0.006961714
30.39 -0.006582258
30.4 -0.005994585
30.41 -0.006251486
30.42 -0.006161852
30.43 -0.005517367
30.44 -0.00482075
30.45 -0.003535502
30.46 -0.00267103
30.47 -0.002152291
30.48 -0.0009416547
30.49 0.0003193123
30.5 0.001164334
30.51 0.001528264
30.52 0.002217083
30.53 0.002444659
30.54 0.002327785
30.55 0.002526515
30.56 0.002552868
30.57 0.002738963
30.58 0.002811868
30.59 0.002592741
30.6 0.00315
30.61 0.004198419
30.62 0.005143796
30.63 0.0057595
30.64 0.006356623
30.65 0.006726806
30.66 0.007609225
30.67 0.01010283
30.68 0.01221903
30.69 0.01323997
30.7 0.01446829
30.71 0.01489686
30.72 0.01439492
30.73 0.0135909
30.74 0.01245314
30.75 0.01193111
30.76 0.01149767
30.77 0.01147821
30.78 0.01118959
30.79 0.01012685
30.8 0.008011797
30.81 0.006092848
30.82 0.005703114
30.83 0.00529123
30.84 0.004228885
30.85 0.003648933
30.86 0.003530848
30.87 0.004045946
30.88 0.004515985
30.89 0.00464436
30.9 0.003828733
30.91 0.002543118
30.92 0.001984145
30.93 0.001486525
30.94 0.0005144161
30.95 -0.000655133
30.96 -0.002789118
30.97 -0.004615681
30.98 -0.005572558
30.99 -0.007139878
31 -0.009014694
31.01 -0.009332633
31.02 -0.009286442
31.03 -0.009997088
31.04 -0.00997796
31.05 -0.00929715
31.06 -0.008450482
31.07 -0.007117053
31.08 -0.005641733
31.09 -0.004430029
31.1 -0.00240146
31.11 -0.0005584469
31.12 0.0003836371
31.13 0.001139793
31.14 0.001757749
31.15 0.00268009
31.16 0.004586517
31.17 0.007062828
31.18 0.009290784
31.19 0.01027738
31.2 0.01061471
31.21 0.01094956
31.22 0.0107716
31.23 0.009821726
31.24 0.009287326
31.25 0.007985635
31.26 0.005510471
31.27 0.003795779
31.28 0.001048586
31.29 -0.002418038
31.3 -0.005330849
31.31 -0.008103127
31.32 -0.009990883
31.33 -0.01194434
31.34 -0.01383562
31.35 -0.01484334
31.36 -0.01566007
31.37 -0.01614831
31.38 -0.01616109
31.39 -0.01614006
31.4 -0.0161625
31.41 -0.0158962
31.42 -0.0153608
31.43 -0.01492694
31.44 -0.01480364
31.45 -0.01415091
31.46 -0.0137387
31.47 -0.01347326
31.48 -0.01223632
31.49 -0.01075718
31.5 -0.008905584
31.51 -0.007510833
31.52 -0.005832861
31.53 -0.003594129
31.54 -0.002710063
31.55 -0.002469832
31.56 -0.00135988
31.57 0.0001550196
31.58 0.0009318863
31.59 0.001394679
31.6 0.001538337
31.61 0.001423941
31.62 0.001375253
31.63 0.001396695
31.64 0.001044558
31.65 0.0004015185
31.66 0.000660042
31.67 0.001257124
31.68 0.001375115
31.69 0.001275375
31.7 0.001269855
31.71 0.001292459
31.72 0.001361026
31.73 0.001693843
31.74 0.001668742
31.75 0.002223393
31.76 0.002385383
31.77 0.002570935
31.78 0.003969669
31.79 0.003852266
31.8 0.002673188
31.81 0.002400095
31.82 0.001862908
31.83 0.000819377
31.84 0.0001018787
31.85 -0.0006199194
31.86 -0.00185827
31.87 -0.002937011
31.88 -0.003127325
31.89 -0.00301334
31.9 -0.002652498
31.91 -0.00211767
31.92 -0.002025153
31.93 -0.001175842
31.94 0.0007214852
31.95 0.001819544
31.96 0.003071168
31.97 0.005633149
31.98 0.006902961
31.99 0.008492761
32 0.01096945
32.01 0.01123606
32.02 0.01100381
32.03 0.01112206
32.04 0.01118281
32.05 0.01114611
32.06 0.01116083
32.07 0.01166945
32.08 0.01201511
32.09 0.0122315
32.1 0.01236711
32.11 0.01235394
32.12 0.01234525
32.13 0.01224068
32.14 0.01176264
32.15 0.01039159
32.16 0.008597943
32.17 0.007622277
32.18 0.006976482
32.19 0.005328006
32.2 0.003299569
32.21 0.00168739
32.22 0.0003734614
32.23 -0.001068356
32.24 -0.001798323
32.25 -0.002131674
32.26 -0.003157715
32.27 -0.004191206
32.28 -0.004532206
32.29 -0.005300048
32.3 -0.006297196
32.31 -0.006690294
32.32 -0.006594655
32.33 -0.006963807
32.34 -0.008280736
32.35 -0.00943504
32.36 -0.01053687
32.37 -0.01168699
32.38 -0.0128674
32.39 -0.01373172
32.4 -0.01310122
32.41 -0.01178696
32.42 -0.01037839
32.43 -0.00862118
32.44 -0.006868629
32.45 -0.00561553
32.46 -0.004554637
32.47 -0.0033281
32.48 -0.002098341
32.49 -0.001416118
32.5 -0.001433008
32.51 -0.001512616
32.52 -0.001436913
32.53 -0.0008131962
32.54 3.406029e-05
32.55 0.00080164
32.56 0.001750965
32.57 0.003146784
32.58 0.004646865
32.59 0.006223341
32.6 0.008430383
32.61 0.009842137
32.62 0.01005192
32.63 0.01064394
32.64 0.0108098
32.65 0.0110161
32.66 0.01204164
32.67 0.01358345
32.68 0.01463911
32.69 0.01520405
32.7 0.01597238
32.71 0.01732782
32.72 0.01854447
32.73 0.01923901
32.74 0.01966959
32.75 0.01973931
32.76 0.01971802
32.77 0.02012473
32.78 0.02034587
32.79 0.0198751
32.8 0.01957296
32.81 0.01897316
32.82 0.01841805
32.83 0.01685308
32.84 0.01496829
32.85 0.01346116
32.86 0.0114732
32.87 0.009641189
32.88 0.007973807
32.89 0.005994295
32.9 0.004907092
32.91 0.00408746
32.92 0.002474986
32.93 0.001437688
32.94 0.001164624
32.95 0.001159656
32.96 0.0009110745
32.97 -2.719497e-05
32.98 -0.001167133
32.99 -0.002162593
33 -0.002387596
33.01 -0.002246102
33.02 -0.002478916
33.03 -0.003323614
33.04 -0.003756045
33.05 -0.004380907
33.06 -0.005145347
33.07 -0.006322697
33.08 -0.007167082
33.09 -0.007392336
33.1 -0.007545587
33.11 -0.007394519
33.12 -0.007121794
33.13 -0.006294748
33.14 -0.005814106
33.15 -0.006604241
33.16 -0.006196028
33.17 -0.004492326
33.18 -0.004006718
33.19 -0.004239285
33.2 -0.003638826
33.21 -0.002960517
33.22 -0.002959783
33.23 -0.003029653
33.24 -0.002509165
33.25 -0.0007268074
33.26 0.001180985
33.27 0.002829558
33.28 0.004078725
33.29 0.004361336
33.3 0.004231332
33.31 0.004031491
33.32 0.003611852
33.33 0.002989504
33.34 0.002148165
33.35 0.001797814
33.36 0.001887635
33.37 0.001463846
33.38 0.001006558
33.39 0.0006761225
33.4 -0.0002219379
33.41 -0.001674666
33.42 -0.002154742
33.43 -0.002711747
33.44 -0.003159549
33.45 -0.003105229
33.46 -0.002988718
33.47 -0.00302221
33.48 -0.003449493
33.49 -0.004124154
33.5 -0.004867134
33.51 -0.006281094
33.52 -0.006755134
33.53 -0.006787924
33.54 -0.006540072
33.55 -0.006358786
33.56 -0.006632491
33.57 -0.007098597
33.58 -0.007278905
33.59 -0.007350433
33.6 -0.007335535
33.61 -0.007732283
33.62 -0.009303385
33.63 -0.01065658
33.64 -0.01157851
33.65 -0.01248784
33.66 -0.01318738
33.67 -0.01307322
33.68 -0.01347243
33.69 -0.01375881
33.7 -0.0141281
33.71 -0.01522834
33.72 -0.01578557
33.73 -0.01557365
33.74 -0.01540912
33.75 -0.01541599
33.76 -0.01530627
33.77 -0.01476678
33.78 -0.01348156
33.79 -0.01347558
33.8 -0.01358806
33.81 -0.01272474
33.82 -0.01210892
33.83 -0.01150501
33.84 -0.01083523
33.85 -0.01024614
33.86 -0.009503921
33.87 -0.009273109
33.88 -0.009080682
33.89 -0.007926325
33.9 -0.006837794
33.91 -0.005679419
33.92 -0.004481238
33.93 -0.004167041
33.94 -0.003031825
33.95 -0.001112424
33.96 0.0001107836
33.97 0.001011547
33.98 0.002677184
33.99 0.004068477
34 0.004605127
34.01 0.004593143
34.02 0.004549906
34.03 0.004559714
34.04 0.004555264
34.05 0.004538975
34.06 0.004531535
34.07 0.00485422
34.08 0.005878875
34.09 0.007109604
34.1 0.008152201
34.11 0.008505022
34.12 0.008370686
34.13 0.008317197
34.14 0.00830661
34.15 0.008238108
34.16 0.008160045
34.17 0.00809419
34.18 0.008028642
34.19 0.007995973
34.2 0.007802386
34.21 0.006522007
34.22 0.00556414
34.23 0.00508584
34.24 0.004324645
34.25 0.004021678
34.26 0.004131003
34.27 0.004971262
34.28 0.005253958
34.29 0.004218123
34.3 0.003553232
34.31 0.003055993
34.32 0.001783051
34.33 0.0003355088
34.34 -0.0005825031
34.35 -0.00182168
34.36 -0.003137496
34.37 -0.00371941
34.38 -0.003620052
34.39 -0.003474084
34.4 -0.003086324
34.41 -0.001982403
34.42 -0.0005840316
34.43 0.0003654616
34.44 0.0008467557
34.45 0.001679384
34.46 0.002371384
34.47 0.002677429
34.48 0.003382551
34.49 0.003868822
34.5 0.003801202
34.51 0.004042878
34.52 0.00404751
34.53 0.003835923
34.54 0.003612533
34.55 0.003522367
34.56 0.003000448
34.57 0.001949899
34.58 0.001312114
34.59 0.0003861564
34.6 -5.154382e-05
34.61 6.274503e-05
34.62 -0.000242154
34.63 -0.001254016
34.64 -0.002239341
34.65 -0.002923466
34.66 -0.002916018
34.67 -0.002691707
34.68 -0.002192886
34.69 -0.001666658
34.7 -0.001105284
34.71 -0.0007171662
34.72 0.000151532
34.73 0.0006510342
34.74 0.0005634598
34.75 0.000498623
34.76 0.0005412893
34.77 0.0005589896
34.78 0.0005534851
34.79 0.0005275998
34.8 0.0005079931
34.81 0.0005167901
34.82 0.0005288923
34.83 0.0005353939
34.84 0.0005720336
34.85 0.001158424
34.86 0.001959749
34.87 0.002163575
34.88 0.002285657
34.89 0.002292342
34.9 0.00211532
34.91 0.002330606
34.92 0.002668384
34.93 0.002890834
34.94 0.003038882
34.95 0.003103407
34.96 0.003843614
34.97 0.005049641
34.98 0.005686563
34.99 0.006210613
35 0.006665637
35.01 0.007060441
35.02 0.00707436
35.03 0.006628974
35.04 0.005865173
35.05 0.005379328
35.06 0.004969529
35.07 0.004141619
35.08 0.003682112
35.09 0.003646117
35.1 0.003567259
35.11 0.003414527
35.12 0.003284328
35.13 0.003149862
35.14 0.002859883
35.15 0.002086623
35.16 0.00161775
35.17 0.00175166
35.18 0.00156725
35.19 0.0007449893
35.2 0.0002738917
35.21 -0.0001292248
35.22 -0.0007528482
35.23 -0.001392281
35.24 -0.001731388
35.25 -0.001693928
35.26 -0.001586632
35.27 -0.001091562
35.28 -0.0006961904
35.29 -0.000746045
35.3 -0.000832077
35.31 -0.0008147272
35.32 -0.000813128
35.33 -0.0008458864
35.34 -0.0008730829
35.35 -0.0009477378
35.36 -0.001340259
35.37 -0.001701741
35.38 -0.001765067
35.39 -0.001715409
35.4 -0.001903253
35.41 -0.002322891
35.42 -0.002476664
35.43 -0.002721221
35.44 -0.002939705
35.45 -0.00290525
35.46 -0.002796215
35.47 -0.00273368
35.48 -0.002736643
35.49 -0.002995787
35.5 -0.003067058
35.51 -0.002986008
35.52 -0.002911219
35.53 -0.002726712
35.54 -0.002324861
35.55 -0.002197319
35.56 -0.002163291
35.57 -0.002059393
35.58 -0.001981927
35.59 -0.00192814
35.6 -0.0018674
35.61 -0.001803614
35.62 -0.001742942
35.63 -0.001683532
35.64 -0.00162432
35.65 -0.00156322
35.66 -0.001338588
35.67 -0.0008449264
35.68 -0.0005616645
35.69 -0.0005546367
35.7 -0.0004167426
35.71 -0.0002032921
35.72 -1.29157e-05
35.73 0.0001208866
35.74 0.0001620097
35.75 0.0002991356
35.76 0.000386018
35.77 0.0004908729
35.78 0.0004128854
35.79 0.0001449164
35.8 -0.0001187211
35.81 -0.0002288048
35.82 -0.0003668535
35.83 -0.0005560645
35.84 -0.0007306334
35.85 -0.0008077059
35.86 -0.0009212027
35.87 -0.00111034
35.88 -0.001231931
35.89 -0.001373334
35.9 -0.001487664
35.91 -0.001571826
35.92 -0.001660134
35.93 -0.001651645
35.94 -0.00165583
35.95 -0.001691625
35.96 -0.001642947
35.97 -0.001514234
35.98 -0.001394031
35.99 -0.001290424
36 -0.001200207
36.01 -0.001131782
36.02 -0.001049141
36.03 -0.0009535291
36.04 -0.0008116023
36.05 -0.0006948968
36.06 -0.0005821587
36.07 -0.0004235302
36.08 -0.0002768579
36.09 -0.000167271
36.1 -4.376123e-05
36.11 5.725248e-05
36.12 0.0001284972
36.13 0.0001982952
36.14 0.0002400137
36.15 0.0002895118
36.16 0.0003371257
36.17 0.0003842781
36.18 0.0004267233
36.19 0.000442781
36.2 0.0004547386
36.21 0.0004571001
36.22 0.0004512229
36.23 0.0004511714
36.24 0.000463604
36.25 0.0004766875
36.26 0.0004860128
36.27 0.000494802
36.28 0.0004887324
36.29 0.0004698078
36.3 0.0004544191
36.31 0.000440489
36.32 0.0004254745
36.33 0.0004108961
36.34 0.0003890783
36.35 0.0003646169
36.36 0.0003483787
36.37 0.0003391179
36.38 0.0003343738
36.39 0.0003270347
36.4 0.0003190839
36.41 0.0003135389
36.42 0.0003120451
36.43 0.0003124622
36.44 0.0003084732
36.45 0.0003027055
36.46 0.000297681
36.47 0.0002959402
36.48 0.0002942177
36.49 0.0002878993
36.5 0.0002795379
36.51 0.0002715137
36.52 0.0002648657
36.53 0.0002589564
36.54 0.0002535206
36.55 0.0002479162
36.56 0.0002425695
36.57 0.00023696
36.58 0.0002321028
36.59 0.0002273606
36.6 0.0002225782
36.61 0.0002176996
36.62 0.0002121615
36.63 0.0002066729
36.64 0.0002014002
36.65 0.0001962763
36.66 0.000191379
36.67 0.0001865103
36.68 0.0001814246
36.69 0.0001761351
36.7 0.0001709114
36.71 0.0001657172
36.72 0.0001604504
36.73 0.0001551812
36.74 0.0001499783
36.75 0.0001447767
36.76 0.0001395841
36.77 0.0001344471
36.78 0.0001293472
36.79 0.0001242771
36.8 0.0001192593
36.81 0.0001142976
36.82 0.0001093826
36.83 0.0001045102
36.84 9.967902e-05
36.85 9.488798e-05
36.86 9.013663e-05
36.87 8.542497e-05
