0 0.0003072098
0.01 0.0003113679
0.02 0.0003154891
0.03 0.0003184866
0.04 0.0003199571
0.05 0.0003228044
0.06 0.0003281138
0.07 0.000329638
0.08 0.0003277398
0.09 0.0003284394
0.1 0.0003296596
0.11 0.0003311051
0.12 0.000339957
0.13 0.0003495073
0.14 0.0003555661
0.15 0.0003534854
0.16 0.0003502822
0.17 0.0003620374
0.18 0.0003568542
0.19 0.0003423106
0.2 0.0003412702
0.21 0.0003332523
0.22 0.0003204382
0.23 0.0003227731
0.24 0.0003292579
0.25 0.0003379298
0.26 0.0003257099
0.27 0.0002917013
0.28 0.0002706548
0.29 0.0002894529
0.3 0.000314416
0.31 0.0003366568
0.32 0.0003712859
0.33 0.0003893987
0.34 0.0003524827
0.35 0.0003127077
0.36 0.0002831063
0.37 0.000304544
0.38 0.0002986513
0.39 0.0002735845
0.4 0.0002455438
0.41 0.0002392678
0.42 0.0002799793
0.43 0.0002865974
0.44 0.0002784256
0.45 0.0002823248
0.46 0.0003233346
0.47 0.0003147877
0.48 0.000275791
0.49 0.0002755629
0.5 0.0002980592
0.51 0.0002929325
0.52 0.0001638749
0.53 -6.435484e-05
0.54 -8.646748e-05
0.55 0.0002307348
0.56 0.0003785138
0.57 0.000315522
0.58 0.000300034
0.59 0.000342059
0.6 0.0003489116
0.61 0.0003432431
0.62 0.0003552333
0.63 0.0003595163
0.64 0.0003716888
0.65 0.0004681467
0.66 0.0004458919
0.67 0.000237896
0.68 -0.0001488966
0.69 -0.0003117222
0.7 -0.0002682033
0.71 -0.0002497133
0.72 -0.0002773454
0.73 -0.000194962
0.74 1.533168e-05
0.75 3.955806e-05
0.76 -0.0001683958
0.77 -0.0002905987
0.78 -0.0001169667
0.79 0.0002022088
0.8 0.0004411746
0.81 0.0004737142
0.82 0.0001396622
0.83 -0.0002403907
0.84 -0.0003436825
0.85 -0.0003161158
0.86 -0.0003952621
0.87 -0.0004491699
0.88 -0.0004534987
0.89 -0.000700088
0.9 -0.000557837
0.91 -0.0002467421
0.92 -0.0002000767
0.93 -6.145864e-05
0.94 0.0004371684
0.95 0.0007860768
0.96 0.0006447591
0.97 0.0006687469
0.98 0.0005714749
0.99 0.0001060455
1 -0.0001792735
1.01 -0.0001191758
1.02 6.867555e-05
1.03 -0.0001593441
1.04 -0.000662217
1.05 -0.0008019962
1.06 -0.0008356379
1.07 -0.0009538619
1.08 -0.0009398388
1.09 -0.0006381764
1.1 -0.0001828634
1.11 -7.273492e-05
1.12 -4.974476e-06
1.13 0.0003025447
1.14 0.000739057
1.15 0.001211258
1.16 0.001720773
1.17 0.001704891
1.18 0.000649983
1.19 -0.0004550513
1.2 -0.0007995181
1.21 -0.0005741682
1.22 -0.0005550172
1.23 -1.74193e-06
1.24 0.0004623463
1.25 0.0001300521
1.26 -0.0002473861
1.27 -0.000296677
1.28 -0.0006519061
1.29 -0.0006477004
1.3 -0.0004099032
1.31 -0.0004604378
1.32 -0.0004395627
1.33 -0.0007313297
1.34 -0.001076871
1.35 -0.001035909
1.36 -0.0009517942
1.37 -0.0009693132
1.38 -0.0009070105
1.39 -0.0007988737
1.4 -0.0001555066
1.41 0.001150857
1.42 0.002439517
1.43 0.002746117
1.44 0.001802803
1.45 0.0006940678
1.46 -0.0003553489
1.47 -0.0007215757
1.48 -0.000660185
1.49 -0.001275422
1.5 -0.002304146
1.51 -0.002055372
1.52 -0.001324848
1.53 -0.001283002
1.54 -0.001802886
1.55 -0.001216551
1.56 0.0002003674
1.57 0.001096654
1.58 0.00145019
1.59 0.001739881
1.6 0.002035005
1.61 0.002107474
1.62 0.001099267
1.63 -0.0005061361
1.64 -0.00159439
1.65 -0.001920025
1.66 -0.001634757
1.67 -0.001275911
1.68 -0.0006754468
1.69 0.0004190862
1.7 0.001137103
1.71 0.001237598
1.72 0.001711739
1.73 0.002029088
1.74 0.00201968
1.75 0.00131499
1.76 0.000460353
1.77 -0.0002758566
1.78 -0.0007157356
1.79 -0.0006028916
1.8 -0.0004542328
1.81 -0.0002524429
1.82 4.480479e-05
1.83 9.698633e-05
1.84 -0.0003688176
1.85 -0.001170152
1.86 -0.0001339056
1.87 0.001955336
1.88 0.003226883
1.89 0.003762654
1.9 0.003333476
1.91 0.002131951
1.92 0.0005011645
1.93 -0.00136248
1.94 -0.00297163
1.95 -0.003757875
1.96 -0.003295638
1.97 -0.001558227
1.98 0.001734467
1.99 0.004961275
2 0.006189474
2.01 0.005469414
2.02 0.003227926
2.03 -7.968577e-05
2.04 -0.003114705
2.05 -0.004395729
2.06 -0.00409772
2.07 -0.003424195
2.08 -0.002832907
2.09 -0.002158941
2.1 -0.001439317
2.11 -0.0006969912
2.12 0.00024459
2.13 0.001431749
2.14 0.002114659
2.15 0.002516953
2.16 0.003345007
2.17 0.003566683
2.18 0.003753014
2.19 0.003347205
2.2 0.001678013
2.21 -0.0004868691
2.22 -0.001614312
2.23 -0.001412713
2.24 0.0002043977
2.25 0.00180904
2.26 0.001861822
2.27 0.00149366
2.28 0.00114311
2.29 0.001456331
2.3 0.002200406
2.31 0.002685368
2.32 0.002263481
2.33 0.001228636
2.34 -0.0005321919
2.35 -0.002441139
2.36 -0.002346426
2.37 -0.001042306
2.38 2.116247e-05
2.39 0.001278648
2.4 0.002737627
2.41 0.003909302
2.42 0.004363771
2.43 0.003139184
2.44 0.0009745833
2.45 -0.001712159
2.46 -0.00353757
2.47 -0.004179299
2.48 -0.004277511
2.49 -0.003351011
2.5 -0.001929976
2.51 -0.001355281
2.52 -0.001776493
2.53 -0.002164654
2.54 -0.00188505
2.55 -0.0002327876
2.56 0.001705671
2.57 0.003069163
2.58 0.003551908
2.59 0.003034617
2.6 0.002023074
2.61 0.0003476099
2.62 -0.001912134
2.63 -0.003490657
2.64 -0.003805822
2.65 -0.002780447
2.66 -0.001207353
2.67 0.0007916104
2.68 0.001302213
2.69 0.0006884746
2.7 -3.799969e-05
2.71 0.0001063685
2.72 0.0004972057
2.73 0.0007667751
2.74 0.0010846
2.75 0.002007144
2.76 0.003322243
2.77 0.003352071
2.78 0.002053565
2.79 0.001052874
2.8 0.0005917545
2.81 -0.0004467246
2.82 -0.001923399
2.83 -0.002541175
2.84 -0.001683058
2.85 -0.0009059728
2.86 3.292296e-05
2.87 0.001394394
2.88 0.002960117
2.89 0.004198169
2.9 0.003234183
2.91 0.001033976
2.92 -0.001054869
2.93 -0.002106242
2.94 -0.00168128
2.95 -0.0005181707
2.96 0.0004168408
2.97 0.001800879
2.98 0.002512037
2.99 0.001761273
3 -8.594019e-05
3.01 -0.002125682
3.02 -0.0037758
3.03 -0.005049498
3.04 -0.005953119
3.05 -0.004332777
3.06 -0.0007357208
3.07 0.003086418
3.08 0.005481944
3.09 0.005848553
3.1 0.004615614
3.11 0.002383473
3.12 0.000258165
3.13 -0.001394186
3.14 -0.002536956
3.15 -0.003513143
3.16 -0.002870467
3.17 -0.00150769
3.18 -0.001764967
3.19 -0.001829676
3.2 -0.0009593584
3.21 -0.0006737482
3.22 -0.0005214395
3.23 0.0006951558
3.24 0.001745989
3.25 0.001456484
3.26 -0.0005965247
3.27 -0.002955968
3.28 -0.004404578
3.29 -0.005038909
3.3 -0.0051498
3.31 -0.004945966
3.32 -0.004018116
3.33 -0.002615932
3.34 -0.0006816575
3.35 0.001753289
3.36 0.00351064
3.37 0.004337146
3.38 0.004131383
3.39 0.00329205
3.4 0.001906155
3.41 0.001416526
3.42 0.001061996
3.43 0.0002156732
3.44 -0.0002526638
3.45 -0.0005849708
3.46 -0.001139232
3.47 -0.001878462
3.48 -0.002615826
3.49 -0.003095275
3.5 -0.003098311
3.51 -0.002079254
3.52 0.0004702578
3.53 0.002536343
3.54 0.002909162
3.55 0.003087594
3.56 0.003399932
3.57 0.003015977
3.58 0.002190007
3.59 0.00111643
3.6 0.0006772932
3.61 -0.0003075352
3.62 -0.00118703
3.63 -0.001828345
3.64 -0.001989991
3.65 -0.001202888
3.66 0.0002620221
3.67 0.001557944
3.68 0.001789498
3.69 0.002193017
3.7 0.003367758
3.71 0.003718369
3.72 0.0030701
3.73 0.001824491
3.74 8.4953e-05
3.75 -0.0006692896
3.76 -0.0008591964
3.77 -0.001755411
3.78 -0.003218083
3.79 -0.004192976
3.8 -0.003941424
3.81 -0.002105127
3.82 -0.0005019454
3.83 -0.0006127358
3.84 -0.0012384
3.85 -0.001607889
3.86 -0.001458631
3.87 -0.0007190626
3.88 0.0001752374
3.89 0.001642849
3.9 0.002781463
3.91 0.002494407
3.92 0.001137062
3.93 0.0003256268
3.94 0.0004525748
3.95 0.0009202374
3.96 0.00185607
3.97 0.003227831
3.98 0.004032894
3.99 0.003060505
4 0.0007052223
4.01 -0.001154684
4.02 -0.002172185
4.03 -0.003489369
4.04 -0.005398133
4.05 -0.005782282
4.06 -0.003530251
4.07 -0.001104307
4.08 0.0001454175
4.09 -0.0005728002
4.1 -0.002354477
4.11 -0.003528218
4.12 -0.003633631
4.13 -0.003618388
4.14 -0.00306812
4.15 -0.00116486
4.16 0.001557807
4.17 0.003487647
4.18 0.002716351
4.19 0.0006369495
4.2 -0.0009360859
4.21 -0.002514217
4.22 -0.002837881
4.23 -0.001403021
4.24 0.0001478157
4.25 0.001821538
4.26 0.003533497
4.27 0.00461736
4.28 0.00396228
4.29 0.002472202
4.3 0.001965904
4.31 0.001941669
4.32 0.001119835
4.33 -0.0001445511
4.34 -0.0007101391
4.35 -0.00130669
4.36 -0.002292045
4.37 -0.002600858
4.38 -0.002428024
4.39 -0.00238248
4.4 -0.00201687
4.41 -0.001193516
4.42 -0.0006712793
4.43 0.0001163013
4.44 0.0003738862
4.45 -0.0004317212
4.46 -0.00177352
4.47 -0.001806636
4.48 -0.001160214
4.49 -0.0003618673
4.5 0.0003084677
4.51 0.0006400725
4.52 0.001319733
4.53 0.001362612
4.54 0.0006257328
4.55 0.0005504806
4.56 0.001534452
4.57 0.002182951
4.58 0.001739557
4.59 0.001436224
4.6 0.0009528539
4.61 -0.0004330838
4.62 -0.001980106
4.63 -0.00335685
4.64 -0.002837891
4.65 -0.0009424467
4.66 0.001505477
4.67 0.002207094
4.68 -0.0001920569
4.69 -0.001546668
4.7 -0.0001823099
4.71 0.001270761
4.72 0.003107276
4.73 0.003926724
4.74 0.003647199
4.75 0.003295461
4.76 0.003100788
4.77 0.00194406
4.78 0.0003188486
4.79 -0.001306037
4.8 -0.002969979
4.81 -0.003753689
4.82 -0.003017576
4.83 -0.0007905955
4.84 0.001516725
4.85 0.002979135
4.86 0.003221157
4.87 0.002831108
4.88 0.002521816
4.89 0.00125966
4.9 -0.0005418135
4.91 -0.001176485
4.92 -0.002085606
4.93 -0.003531098
4.94 -0.004484259
4.95 -0.005360602
4.96 -0.004893442
4.97 -0.003183338
4.98 -0.001577017
4.99 -0.0004739387
5 -0.0004974966
5.01 -0.001589599
5.02 -0.004042176
5.03 -0.006738604
5.04 -0.00738911
5.05 -0.004422753
5.06 -0.0001054146
5.07 0.003018704
5.08 0.003999177
5.09 0.003091262
5.1 0.001514005
5.11 0.0008870294
5.12 0.002167098
5.13 0.003748387
5.14 0.00472063
5.15 0.005151979
5.16 0.004520741
5.17 0.003469884
5.18 0.001993767
5.19 0.0006388754
5.2 0.0004385323
5.21 -0.0001134525
5.22 -0.001097786
5.23 -0.001624096
5.24 -0.002101195
5.25 -0.003122557
5.26 -0.003726998
5.27 -0.003640635
5.28 -0.002457644
5.29 -0.0004648176
5.3 0.001043784
5.31 0.001860847
5.32 0.001380113
5.33 0.0004311962
5.34 0.001127738
5.35 0.003215906
5.36 0.004224631
5.37 0.004050919
5.38 0.003287165
5.39 0.001961194
5.4 0.0008649865
5.41 -6.160444e-05
5.42 -0.0005893505
5.43 -0.0005259341
5.44 0.0003091098
5.45 0.0007931887
5.46 0.001752375
5.47 0.00348327
5.48 0.003013781
5.49 0.0003881524
5.5 -0.002611691
5.51 -0.00608902
5.52 -0.008687748
5.53 -0.008703046
5.54 -0.007197474
5.55 -0.005262056
5.56 -0.003191267
5.57 -0.001796501
5.58 -0.0002430037
5.59 0.001848414
5.6 0.003977323
5.61 0.004617848
5.62 0.004104399
5.63 0.003368152
5.64 0.003859236
5.65 0.004727381
5.66 0.004626703
5.67 0.003232421
5.68 0.0006998294
5.69 -0.001032789
5.7 -0.002426198
5.71 -0.004727237
5.72 -0.007639902
5.73 -0.009997645
5.74 -0.008909281
5.75 -0.00507747
5.76 -0.0009473897
5.77 0.001928585
5.78 0.002859744
5.79 0.002919733
5.8 0.00165037
5.81 -0.0004157828
5.82 -0.002463185
5.83 -0.003085585
5.84 -0.001602973
5.85 0.0004490424
5.86 0.001046763
5.87 0.0008326043
5.88 0.000767463
5.89 0.0007857583
5.9 0.0007958392
5.91 -0.0002650641
5.92 -0.003410343
5.93 -0.00629078
5.94 -0.007533312
5.95 -0.009384021
5.96 -0.01182415
5.97 -0.01200606
5.98 -0.009024337
5.99 -0.004784962
6 -0.001811665
6.01 -0.0007626811
6.02 -0.0005052114
6.03 -0.001109469
6.04 -0.002363974
6.05 -0.002140857
6.06 5.243799e-05
6.07 0.001261779
6.08 0.001040645
6.09 0.0001850737
6.1 -0.001893187
6.11 -0.004164359
6.12 -0.006270173
6.13 -0.007225275
6.14 -0.007012425
6.15 -0.004658198
6.16 -0.000200155
6.17 0.002429005
6.18 0.00151917
6.19 0.0007192614
6.2 0.001396807
6.21 0.003245586
6.22 0.006102778
6.23 0.007596246
6.24 0.005399107
6.25 0.001727256
6.26 -0.001088119
6.27 -0.0018894
6.28 -0.000695736
6.29 0.001181609
6.3 0.001898556
6.31 0.0009511934
6.32 -0.001172739
6.33 -0.002155832
6.34 -0.001819723
6.35 -0.001569739
6.36 -0.001080422
6.37 -0.0001652787
6.38 0.0002114568
6.39 6.024447e-05
6.4 -0.001013281
6.41 -0.0009316011
6.42 0.0006010985
6.43 0.0009167646
6.44 -0.001239131
6.45 -0.003253897
6.46 -0.003982118
6.47 -0.004654094
6.48 -0.004861781
6.49 -0.003384037
6.5 -0.0009863517
6.51 0.0008402534
6.52 0.001269657
6.53 0.0009356166
6.54 0.0006766846
6.55 0.001661603
6.56 0.003187799
6.57 0.00319757
6.58 0.002179407
6.59 0.0003965252
6.6 -0.001484086
6.61 -0.001547898
6.62 -4.602825e-05
6.63 0.001800416
6.64 0.002853704
6.65 0.003533766
6.66 0.003628732
6.67 0.002762855
6.68 0.002139447
6.69 0.002356257
6.7 0.002928507
6.71 0.004248441
6.72 0.006800805
6.73 0.009825748
6.74 0.01368361
6.75 0.01658216
6.76 0.0175247
6.77 0.01829196
6.78 0.01792008
6.79 0.01642487
6.8 0.0134029
6.81 0.008112581
6.82 0.0002345487
6.83 -0.007601541
6.84 -0.01255529
6.85 -0.01451783
6.86 -0.01476226
6.87 -0.01369785
6.88 -0.01251878
6.89 -0.01227087
6.9 -0.01208173
6.91 -0.01197291
6.92 -0.01179675
6.93 -0.01144296
6.94 -0.00898393
6.95 -0.006234988
6.96 -0.003790237
6.97 -0.002087745
6.98 -0.0007185031
6.99 -0.0006975261
7 -0.002320952
7.01 -0.004617515
7.02 -0.00848317
7.03 -0.01151898
7.04 -0.01087272
7.05 -0.005326558
7.06 0.004599995
7.07 0.01376936
7.08 0.01779303
7.09 0.01699088
7.1 0.01215102
7.11 0.003696779
7.12 -0.00501057
7.13 -0.009215793
7.14 -0.009135357
7.15 -0.006857888
7.16 -0.003003153
7.17 0.0008084441
7.18 0.003693721
7.19 0.006858136
7.2 0.009935978
7.21 0.01244455
7.22 0.01491128
7.23 0.01816715
7.24 0.02086457
7.25 0.02016071
7.26 0.01563894
7.27 0.00787498
7.28 -0.0006659283
7.29 -0.006837076
7.3 -0.009909744
7.31 -0.01164688
7.32 -0.01195767
7.33 -0.01150903
7.34 -0.00857235
7.35 -0.00164412
7.36 0.003801192
7.37 0.005432387
7.38 0.003152562
7.39 -0.002758293
7.4 -0.009637039
7.41 -0.01236026
7.42 -0.009192987
7.43 0.0001238601
7.44 0.009946769
7.45 0.01379855
7.46 0.01083826
7.47 0.002991768
7.48 -0.008116935
7.49 -0.01897236
7.5 -0.02272551
7.51 -0.02053499
7.52 -0.0149977
7.53 -0.008087933
7.54 -0.003844205
7.55 -0.002951564
7.56 -0.005381884
7.57 -0.00904712
7.58 -0.01245305
7.59 -0.01543268
7.6 -0.01677449
7.61 -0.01659495
7.62 -0.01538675
7.63 -0.01172232
7.64 -0.0049472
7.65 0.003492988
7.66 0.01019561
7.67 0.01164414
7.68 0.007612211
7.69 0.002909209
7.7 0.001689723
7.71 0.003359037
7.72 0.005173949
7.73 0.006869111
7.74 0.008124592
7.75 0.008800024
7.76 0.008865845
7.77 0.009527171
7.78 0.01290473
7.79 0.01829662
7.8 0.02280015
7.81 0.02367706
7.82 0.01915501
7.83 0.008638414
7.84 -0.00398698
7.85 -0.01341729
7.86 -0.01630444
7.87 -0.0140387
7.88 -0.008762196
7.89 -0.004677735
7.9 -0.004183806
7.91 -0.006001612
7.92 -0.008514328
7.93 -0.0100078
7.94 -0.009298852
7.95 -0.008152927
7.96 -0.007793336
7.97 -0.006842651
7.98 -0.001711957
7.99 0.008225349
8 0.01947286
8.01 0.02554886
8.02 0.02165747
8.03 0.01228908
8.04 -0.0009342989
8.05 -0.01479914
8.06 -0.0260364
8.07 -0.03390414
8.08 -0.03628392
8.09 -0.03405109
8.1 -0.03101869
8.11 -0.02873226
8.12 -0.02819331
8.13 -0.0270984
8.14 -0.02100332
8.15 -0.007648809
8.16 0.009319099
8.17 0.02063618
8.18 0.02704006
8.19 0.02936829
8.2 0.02857286
8.21 0.02517478
8.22 0.01984797
8.23 0.0153863
8.24 0.01558631
8.25 0.01927736
8.26 0.02488494
8.27 0.0292363
8.28 0.03147993
8.29 0.03306034
8.3 0.03320043
8.31 0.03102988
8.32 0.02691172
8.33 0.01887855
8.34 0.00688704
8.35 -0.002988538
8.36 -0.00516572
8.37 -0.00181756
8.38 0.005601383
8.39 0.01254054
8.4 0.0149366
8.41 0.01343367
8.42 0.01027601
8.43 0.00715763
8.44 0.005607322
8.45 0.00603921
8.46 0.007960373
8.47 0.01061033
8.48 0.0113166
8.49 0.008458155
8.5 -6.839918e-05
8.51 -0.01094237
8.52 -0.01923246
8.53 -0.02387591
8.54 -0.02656971
8.55 -0.02714364
8.56 -0.02639252
8.57 -0.02464045
8.58 -0.02312935
8.59 -0.02157124
8.6 -0.02083267
8.61 -0.02282811
8.62 -0.02726999
8.63 -0.03208447
8.64 -0.03374477
8.65 -0.0316355
8.66 -0.02565725
8.67 -0.01790841
8.68 -0.0129704
8.69 -0.01160818
8.7 -0.01245417
8.71 -0.01474531
8.72 -0.01711391
8.73 -0.01415628
8.74 -0.002350714
8.75 0.01421504
8.76 0.02967529
8.77 0.04022638
8.78 0.04248128
8.79 0.03700978
8.8 0.02632225
8.81 0.0157396
8.82 0.01170157
8.83 0.01191591
8.84 0.01320629
8.85 0.01496246
8.86 0.01569726
8.87 0.01451546
8.88 0.0116765
8.89 0.007262705
8.9 0.002067069
8.91 -0.001584225
8.92 -0.001597782
8.93 0.001260547
8.94 0.006694181
8.95 0.01259383
8.96 0.01669572
8.97 0.01605173
8.98 0.01169566
8.99 0.008501991
9 0.007481495
9.01 0.007226409
9.02 0.006854836
9.03 0.006204029
9.04 0.004714627
9.05 0.002652417
9.06 -0.001884813
9.07 -0.008556291
9.08 -0.01279893
9.09 -0.01069709
9.1 -0.002075626
9.11 0.008835054
9.12 0.01460939
9.13 0.01297896
9.14 0.005256608
9.15 -0.007587987
9.16 -0.0212821
9.17 -0.03055248
9.18 -0.03239326
9.19 -0.0270353
9.2 -0.01564175
9.21 -0.001186876
9.22 0.01096999
9.23 0.01777226
9.24 0.01958579
9.25 0.01537021
9.26 0.007836291
9.27 0.001420769
9.28 -0.003244119
9.29 -0.006096488
9.3 -0.006606188
9.31 -0.004899678
9.32 -0.001541942
9.33 0.002134826
9.34 0.005257698
9.35 0.00716109
9.36 0.007390678
9.37 0.005348938
9.38 0.001189727
9.39 -0.00366607
9.4 -0.00761955
9.41 -0.008353274
9.42 -0.006784996
9.43 -0.004810537
9.44 -0.003986743
9.45 -0.00405267
9.46 -0.004098896
9.47 -0.003801654
9.48 -0.002376204
9.49 -0.001539951
9.5 -0.00335682
9.51 -0.006316296
9.52 -0.007625398
9.53 -0.007274303
9.54 -0.006992781
9.55 -0.006946464
9.56 -0.005455673
9.57 -0.001420313
9.58 0.006089684
9.59 0.01379987
9.6 0.01717911
9.61 0.01451177
9.62 0.008218128
9.63 -0.003159522
9.64 -0.01696238
9.65 -0.02842933
9.66 -0.03295821
9.67 -0.03085637
9.68 -0.02277543
9.69 -0.008194388
9.7 0.006508697
9.71 0.01414836
9.72 0.0113401
9.73 0.002567393
9.74 -0.003339554
9.75 0.0003641263
9.76 0.01461662
9.77 0.03254499
9.78 0.0459652
9.79 0.04957608
9.8 0.0446618
9.81 0.03610634
9.82 0.02579389
9.83 0.01365289
9.84 0.0009755933
9.85 -0.009124129
9.86 -0.01213278
9.87 -0.007499726
9.88 0.003127651
9.89 0.0136717
9.9 0.01817757
9.91 0.01708507
9.92 0.01174371
9.93 0.001451192
9.94 -0.008855552
9.95 -0.01355238
9.96 -0.01359268
9.97 -0.01091844
9.98 -0.006916268
9.99 -0.003740745
10 -0.00307642
10.01 -0.003582104
10.02 -0.00295202
10.03 0.001236118
10.04 0.008305427
10.05 0.01617414
10.06 0.01973573
10.07 0.01523895
10.08 0.001992534
10.09 -0.01789701
10.1 -0.03979368
10.11 -0.05357751
10.12 -0.05617067
10.13 -0.05287874
10.14 -0.04572266
10.15 -0.03363698
10.16 -0.01635486
10.17 0.002410928
10.18 0.01447039
10.19 0.01717699
10.2 0.01399161
10.21 0.01065503
10.22 0.009585941
10.23 0.008644626
10.24 0.003121367
10.25 -0.009018554
10.26 -0.02129033
10.27 -0.02682828
10.28 -0.02663229
10.29 -0.02360564
10.3 -0.01816547
10.31 -0.01261262
10.32 -0.009981813
10.33 -0.008663171
10.34 -0.007170885
10.35 -0.006006122
10.36 -0.004996888
10.37 -0.003488107
10.38 -0.001979526
10.39 -0.003502146
10.4 -0.008862227
10.41 -0.01526736
10.42 -0.01910394
10.43 -0.01677706
10.44 -0.009239741
10.45 0.001379875
10.46 0.01530438
10.47 0.03098172
10.48 0.04466621
10.49 0.05444499
10.5 0.0592641
10.51 0.06067675
10.52 0.0597105
10.53 0.0561615
10.54 0.04976343
10.55 0.03868108
10.56 0.02177345
10.57 0.003747387
10.58 -0.009089848
10.59 -0.01470974
10.6 -0.01513944
10.61 -0.01400996
10.62 -0.01465028
10.63 -0.02161052
10.64 -0.03453326
10.65 -0.04928007
10.66 -0.05881633
10.67 -0.06168339
10.68 -0.06131678
10.69 -0.05723824
10.7 -0.04971794
10.71 -0.0409077
10.72 -0.03161824
10.73 -0.02111586
10.74 -0.008328728
10.75 0.007324333
10.76 0.01791663
10.77 0.01713204
10.78 0.004707631
10.79 -0.01311985
10.8 -0.02807836
10.81 -0.03372989
10.82 -0.03341578
10.83 -0.03062027
10.84 -0.02537096
10.85 -0.01522193
10.86 0.003273868
10.87 0.02539268
10.88 0.0419926
10.89 0.04745178
10.9 0.04196278
10.91 0.03097098
10.92 0.02313965
10.93 0.02219082
10.94 0.02512288
10.95 0.0290514
10.96 0.0335801
10.97 0.03780574
10.98 0.04036038
10.99 0.04000629
11 0.03792347
11.01 0.03605882
11.02 0.03251191
11.03 0.02336223
11.04 0.01074771
11.05 0.001770494
11.06 -0.002738764
11.07 -0.004640497
11.08 -0.003570027
11.09 -0.002125998
11.1 -0.002194617
11.11 -0.003369967
11.12 -0.002942423
11.13 -0.0006383597
11.14 0.0007281698
11.15 -6.539408e-05
11.16 -0.001907859
11.17 -0.006686339
11.18 -0.01674918
11.19 -0.02751539
11.2 -0.03590976
11.21 -0.04063242
11.22 -0.04238144
11.23 -0.03990088
11.24 -0.03141475
11.25 -0.0171023
11.26 -0.001475976
11.27 0.0103901
11.28 0.01886975
11.29 0.02443106
11.3 0.02584782
11.31 0.022228
11.32 0.01349799
11.33 0.002454275
11.34 -0.006376236
11.35 -0.009513698
11.36 -0.00728062
11.37 -0.001977672
11.38 0.002970317
11.39 0.004610584
11.4 0.002416841
11.41 -0.002061332
11.42 -0.004298755
11.43 -0.001000316
11.44 0.009718754
11.45 0.01906088
11.46 0.02276417
11.47 0.0237614
11.48 0.02381831
11.49 0.02195501
11.5 0.01614914
11.51 0.005838408
11.52 -0.004489457
11.53 -0.008871193
11.54 -0.00571817
11.55 0.004838031
11.56 0.01831871
11.57 0.02760977
11.58 0.0313719
11.59 0.03136959
11.6 0.02768327
11.61 0.0167554
11.62 0.003335877
11.63 -0.00606557
11.64 -0.007606703
11.65 -0.002015441
11.66 0.006535591
11.67 0.01377597
11.68 0.01694044
11.69 0.01769591
11.7 0.01490667
11.71 0.004970392
11.72 -0.01366429
11.73 -0.03420174
11.74 -0.04873212
11.75 -0.05509924
11.76 -0.05666995
11.77 -0.05592449
11.78 -0.05267294
11.79 -0.04663961
11.8 -0.03661337
11.81 -0.02135098
11.82 -0.002776471
11.83 0.01360073
11.84 0.02141505
11.85 0.02026737
11.86 0.01220497
11.87 -0.0004084598
11.88 -0.01313214
11.89 -0.02044829
11.9 -0.02100597
11.91 -0.01725172
11.92 -0.01314702
11.93 -0.009987608
11.94 -0.00708274
11.95 -0.001643267
11.96 0.006538413
11.97 0.01174484
11.98 0.01191853
11.99 0.01010822
12 0.01075517
12.01 0.01672511
12.02 0.02639932
12.03 0.03372576
12.04 0.03564683
12.05 0.03512431
12.06 0.03465597
12.07 0.03369648
12.08 0.03279206
12.09 0.03274257
12.1 0.03319668
12.11 0.03486156
12.12 0.03575368
12.13 0.03182266
12.14 0.01702562
12.15 -0.01002783
12.16 -0.03676602
12.17 -0.0532607
12.18 -0.06034146
12.19 -0.05768395
12.2 -0.04309226
12.21 -0.01922819
12.22 0.004328145
12.23 0.01637778
12.24 0.01899167
12.25 0.01820347
12.26 0.01608402
12.27 0.01296561
12.28 0.008408547
12.29 0.003383283
12.3 -0.0003821165
12.31 -0.001804128
12.32 -0.0008475115
12.33 0.001105769
12.34 0.002894562
12.35 0.003722019
12.36 0.003467864
12.37 0.001548817
12.38 -0.001875036
12.39 -0.005322862
12.4 -0.007266596
12.41 -0.007650282
12.42 -0.008081713
12.43 -0.009262144
12.44 -0.01041001
12.45 -0.01165394
12.46 -0.01189447
12.47 -0.01143405
12.48 -0.00784593
12.49 0.000620548
12.5 0.01171934
12.51 0.0199556
12.52 0.02341356
12.53 0.02449086
12.54 0.02327671
12.55 0.02024037
12.56 0.01363565
12.57 -0.0004649015
12.58 -0.01580721
12.59 -0.02375823
12.6 -0.02540227
12.61 -0.02160484
12.62 -0.01144423
12.63 0.003038414
12.64 0.01265337
12.65 0.01295146
12.66 0.007114862
12.67 -0.000910587
12.68 -0.006282136
12.69 -0.004658334
12.7 0.006253826
12.71 0.02125915
12.72 0.03147992
12.73 0.03433871
12.74 0.0284871
12.75 0.01348686
12.76 -0.004929682
12.77 -0.01921209
12.78 -0.02327351
12.79 -0.01758725
12.8 -0.005590263
12.81 0.002990005
12.82 0.005037906
12.83 0.002717724
12.84 -0.004038447
12.85 -0.01152307
12.86 -0.01561357
12.87 -0.01365787
12.88 -0.004011348
12.89 0.01335154
12.9 0.03129958
12.91 0.04331573
12.92 0.0458813
12.93 0.03892833
12.94 0.02330123
12.95 0.00192593
12.96 -0.01847044
12.97 -0.03384918
12.98 -0.04608082
12.99 -0.05600908
13 -0.06293228
13.01 -0.06485517
13.02 -0.06170635
13.03 -0.05602928
13.04 -0.04918952
13.05 -0.04260667
13.06 -0.03898361
13.07 -0.03733568
13.08 -0.03689667
13.09 -0.03573359
13.1 -0.03332528
13.11 -0.03123815
13.12 -0.03003096
13.13 -0.02861819
13.14 -0.02522084
13.15 -0.01854665
13.16 -0.005960822
13.17 0.007106851
13.18 0.01823392
13.19 0.02627915
13.2 0.03193734
13.21 0.03671125
13.22 0.04137474
13.23 0.04591542
13.24 0.05064545
13.25 0.05420821
13.26 0.05434712
13.27 0.05133633
13.28 0.04331396
13.29 0.02988343
13.3 0.01638579
13.31 0.006785537
13.32 0.001019829
13.33 -0.00525389
13.34 -0.01286659
13.35 -0.01973412
13.36 -0.02374907
13.37 -0.02395764
13.38 -0.02173081
13.39 -0.01847037
13.4 -0.01459087
13.41 -0.007969718
13.42 0.001004347
13.43 0.008193955
13.44 0.01070736
13.45 0.008152462
13.46 0.001800156
13.47 -0.005460014
13.48 -0.007762257
13.49 -0.003177051
13.5 0.006569347
13.51 0.01787356
13.52 0.02450505
13.53 0.0249502
13.54 0.02204129
13.55 0.02023768
13.56 0.02054612
13.57 0.02209138
13.58 0.02374764
13.59 0.02417817
13.6 0.02440509
13.61 0.02488424
13.62 0.02687986
13.63 0.03094139
13.64 0.0356351
13.65 0.03955262
13.66 0.04106454
13.67 0.03798897
13.68 0.02779465
13.69 0.008574685
13.7 -0.01440624
13.71 -0.03628629
13.72 -0.05063538
13.73 -0.05697228
13.74 -0.05875823
13.75 -0.05924604
13.76 -0.05943876
13.77 -0.05753921
13.78 -0.0506836
13.79 -0.03639148
13.8 -0.02002911
13.81 -0.006384123
13.82 0.004219628
13.83 0.01329688
13.84 0.02241142
13.85 0.0319411
13.86 0.04232726
13.87 0.05168183
13.88 0.05733653
13.89 0.05796054
13.9 0.05427693
13.91 0.04546705
13.92 0.03074327
13.93 0.01325235
13.94 -0.002659294
13.95 -0.01104979
13.96 -0.01238028
13.97 -0.009098627
13.98 -0.006123991
13.99 -0.006716648
14 -0.01049428
14.01 -0.01487896
14.02 -0.01450726
14.03 -0.006329564
14.04 0.007869215
14.05 0.01912906
14.06 0.01813192
14.07 0.006056892
14.08 -0.008885493
14.09 -0.01941864
14.1 -0.02403724
14.11 -0.02586745
14.12 -0.02512396
14.13 -0.01871003
14.14 -0.002527685
14.15 0.0209059
14.16 0.0400003
14.17 0.04813781
14.18 0.05003235
14.19 0.04945865
14.2 0.04280173
14.21 0.02788218
14.22 0.01103658
14.23 -0.004691185
14.24 -0.0176911
14.25 -0.02517869
14.26 -0.03039665
14.27 -0.03750641
14.28 -0.0457908
14.29 -0.05298272
14.3 -0.05806271
14.31 -0.05937578
14.32 -0.0555222
14.33 -0.04494374
14.34 -0.02278542
14.35 0.005321027
14.36 0.02282271
14.37 0.02560629
14.38 0.01964609
14.39 0.01035499
14.4 -0.001742767
14.41 -0.01144993
14.42 -0.01324295
14.43 -0.008845345
14.44 -0.0006909957
14.45 0.008688761
14.46 0.01644867
14.47 0.02155592
14.48 0.02012753
14.49 0.01164897
14.5 0.001818079
14.51 -0.002724337
14.52 0.001122843
14.53 0.01029518
14.54 0.02113582
14.55 0.03137657
14.56 0.03800493
14.57 0.0428317
14.58 0.04740683
14.59 0.04926798
14.6 0.04575364
14.61 0.03669918
14.62 0.02378239
14.63 0.01023724
14.64 -0.001231563
14.65 -0.005463342
14.66 -0.003543522
14.67 -0.001172115
14.68 -0.0008470921
14.69 -0.001409948
14.7 -0.003150599
14.71 -0.007089911
14.72 -0.01071231
14.73 -0.013622
14.74 -0.01481275
14.75 -0.0132705
14.76 -0.009572858
14.77 -0.003925034
14.78 0.001765283
14.79 0.006328155
14.8 0.008175078
14.81 0.004490379
14.82 -0.001998424
14.83 -0.006989446
14.84 -0.009604263
14.85 -0.01127296
14.86 -0.01241121
14.87 -0.01388851
14.88 -0.01999094
14.89 -0.03211129
14.9 -0.04785815
14.91 -0.06413428
14.92 -0.07792254
14.93 -0.08736621
14.94 -0.09144821
14.95 -0.0862593
14.96 -0.06456946
14.97 -0.02249759
14.98 0.02376882
14.99 0.05438922
15 0.06869123
15.01 0.07632097
15.02 0.08021983
15.03 0.07758123
15.04 0.06535436
15.05 0.0482314
15.06 0.03343285
15.07 0.02689436
15.08 0.02586832
15.09 0.02253541
15.1 0.01518943
15.11 0.006342356
15.12 -0.001592779
15.13 -0.009305447
15.14 -0.01700909
15.15 -0.02333949
15.16 -0.02575181
15.17 -0.02685956
15.18 -0.02955464
15.19 -0.03306011
15.2 -0.03720747
15.21 -0.04389016
15.22 -0.05276544
15.23 -0.06200873
15.24 -0.06946296
15.25 -0.07396548
15.26 -0.07259717
15.27 -0.06033053
15.28 -0.03083946
15.29 0.009493266
15.3 0.02972388
15.31 0.02924001
15.32 0.02183345
15.33 0.01179976
15.34 0.001551235
15.35 -0.00326324
15.36 -0.002340168
15.37 0.00179565
15.38 0.006994116
15.39 0.008947308
15.4 0.006288155
15.41 -0.002865054
15.42 -0.01650437
15.43 -0.03003518
15.44 -0.03917899
15.45 -0.04075702
15.46 -0.03445843
15.47 -0.02095687
15.48 -0.0009463544
15.49 0.01798844
15.5 0.02769808
15.51 0.0304965
15.52 0.02963149
15.53 0.02301475
15.54 0.007992028
15.55 -0.007125885
15.56 -0.01405719
15.57 -0.01368514
15.58 -0.01078388
15.59 -0.007549684
15.6 -0.004976073
15.61 -0.002011359
15.62 0.003923445
15.63 0.01295338
15.64 0.01993993
15.65 0.02337011
15.66 0.02533612
15.67 0.02429897
15.68 0.01804511
15.69 0.01034815
15.7 0.004050006
15.71 0.002168598
15.72 0.005744973
15.73 0.01160211
15.74 0.01612046
15.75 0.01686095
15.76 0.01353958
15.77 0.005901186
15.78 -0.007228774
15.79 -0.02241951
15.8 -0.03243594
15.81 -0.03520172
15.82 -0.02850044
15.83 -0.01066179
15.84 0.01179987
15.85 0.02871163
15.86 0.0352906
15.87 0.03504829
15.88 0.03178996
15.89 0.02538858
15.9 0.01852197
15.91 0.0150597
15.92 0.01403642
15.93 0.01258887
15.94 0.00743527
15.95 -0.001996563
15.96 -0.01345483
15.97 -0.02071491
15.98 -0.02125552
15.99 -0.01560218
16 -0.00316525
16.01 0.01351964
16.02 0.02603674
16.03 0.02709
16.04 0.01844898
16.05 0.005890989
16.06 -0.003779311
16.07 -0.009270642
16.08 -0.01162035
16.09 -0.012524
16.1 -0.01334581
16.11 -0.01246388
16.12 -0.009315213
16.13 -0.002582112
16.14 0.00482252
16.15 0.01017645
16.16 0.01297769
16.17 0.01308885
16.18 0.01186803
16.19 0.01193954
16.2 0.01433795
16.21 0.0198873
16.22 0.02854407
16.23 0.03629224
16.24 0.0381732
16.25 0.0331556
16.26 0.02102607
16.27 0.005756781
16.28 -0.007077352
16.29 -0.01501538
16.3 -0.01860122
16.31 -0.01919089
16.32 -0.01862192
16.33 -0.01766013
16.34 -0.01588868
16.35 -0.01373031
16.36 -0.01050322
16.37 -0.005505309
16.38 0.001230201
16.39 0.007545353
16.4 0.01099703
16.41 0.01174877
16.42 0.01072589
16.43 0.009282916
16.44 0.006528732
16.45 0.002738856
16.46 -0.002136995
16.47 -0.008538872
16.48 -0.01409451
16.49 -0.01743561
16.5 -0.01964008
16.51 -0.02036784
16.52 -0.01915737
16.53 -0.01850041
16.54 -0.02053463
16.55 -0.02514053
16.56 -0.0303327
16.57 -0.03324748
16.58 -0.03151662
16.59 -0.02627815
16.6 -0.01899979
16.61 -0.01131421
16.62 -0.00624349
16.63 -0.00480985
16.64 -0.005355046
16.65 -0.007583386
16.66 -0.009917207
16.67 -0.01369354
16.68 -0.01836296
16.69 -0.02021305
16.7 -0.017183
16.71 -0.009442316
16.72 0.0007210857
16.73 0.007564631
16.74 0.01033324
16.75 0.009307623
16.76 0.005397687
16.77 -0.0004943841
16.78 -0.00577665
16.79 -0.005361014
16.8 0.003190926
16.81 0.01725844
16.82 0.03245584
16.83 0.04524686
16.84 0.05194621
16.85 0.05166218
16.86 0.04444231
16.87 0.03203685
16.88 0.01471301
16.89 -0.004156364
16.9 -0.0185127
16.91 -0.02438293
16.92 -0.02018342
16.93 -0.007575209
16.94 0.01108126
16.95 0.02886673
16.96 0.03770205
16.97 0.03784992
16.98 0.03421964
16.99 0.02848206
17 0.02057215
17.01 0.01262683
17.02 0.006088262
17.03 0.000240536
17.04 -0.002939375
17.05 -0.001831464
17.06 0.001322894
17.07 0.002942539
17.08 -0.001566518
17.09 -0.01170367
17.1 -0.02316315
17.11 -0.03181711
17.12 -0.03530088
17.13 -0.03441868
17.14 -0.02870079
17.15 -0.01722368
17.16 -0.002843852
17.17 0.00589493
17.18 0.005230289
17.19 0.0003549361
17.2 -0.005895825
17.21 -0.01166975
17.22 -0.01670522
17.23 -0.02099525
17.24 -0.02209472
17.25 -0.02015358
17.26 -0.01613928
17.27 -0.0120588
17.28 -0.009175313
17.29 -0.009618232
17.3 -0.01097553
17.31 -0.01070747
17.32 -0.009080047
17.33 -0.007639214
17.34 -0.00709256
17.35 -0.008285447
17.36 -0.01223095
17.37 -0.0181109
17.38 -0.02144729
17.39 -0.02053951
17.4 -0.01656438
17.41 -0.008200715
17.42 0.005131746
17.43 0.02040389
17.44 0.03367797
17.45 0.04324843
17.46 0.04906599
17.47 0.0510074
17.48 0.04960052
17.49 0.04448835
17.5 0.03743816
17.51 0.03035832
17.52 0.02490386
17.53 0.02003716
17.54 0.01497866
17.55 0.01009597
17.56 0.006118654
17.57 0.004552396
17.58 0.005618307
17.59 0.01115235
17.6 0.02096822
17.61 0.02793085
17.62 0.02858106
17.63 0.02301118
17.64 0.01381073
17.65 0.005244533
17.66 0.0003194448
17.67 -0.002937037
17.68 -0.007391212
17.69 -0.01286299
17.7 -0.02043167
17.71 -0.02890576
17.72 -0.03772129
17.73 -0.04553839
17.74 -0.04947334
17.75 -0.0490925
17.76 -0.04662387
17.77 -0.04223914
17.78 -0.03647255
17.79 -0.03072734
17.8 -0.02548848
17.81 -0.02203254
17.82 -0.02163707
17.83 -0.02269536
17.84 -0.0253743
17.85 -0.02841017
17.86 -0.03014032
17.87 -0.03029446
17.88 -0.02862873
17.89 -0.02555168
17.9 -0.02034182
17.91 -0.01227434
17.92 -0.003376203
17.93 0.00391007
17.94 0.008921472
17.95 0.0126196
17.96 0.0147892
17.97 0.01625714
17.98 0.01856844
17.99 0.02294485
18 0.02919944
18.01 0.03575997
18.02 0.04038409
18.03 0.04303262
18.04 0.04484025
18.05 0.04723752
18.06 0.04863865
18.07 0.04830049
18.08 0.04528717
18.09 0.03960291
18.1 0.03308939
18.11 0.02733636
18.12 0.02290888
18.13 0.01825153
18.14 0.0122683
18.15 0.00753702
18.16 0.002889414
18.17 -0.002960149
18.18 -0.009127925
18.19 -0.01355506
18.2 -0.01488407
18.21 -0.01407935
18.22 -0.01162109
18.23 -0.008795556
18.24 -0.006400504
18.25 -0.005756275
18.26 -0.00793006
18.27 -0.01086159
18.28 -0.01435618
18.29 -0.01826375
18.3 -0.02200643
18.31 -0.02557512
18.32 -0.02885893
18.33 -0.03068875
18.34 -0.03020829
18.35 -0.02777275
18.36 -0.02218663
18.37 -0.01395303
18.38 -0.005243297
18.39 0.002699993
18.4 0.006384956
18.41 0.005818876
18.42 0.003314675
18.43 -0.0005127258
18.44 -0.006078397
18.45 -0.01193144
18.46 -0.01703692
18.47 -0.02298364
18.48 -0.02791473
18.49 -0.03109856
18.5 -0.03147073
18.51 -0.02800024
18.52 -0.02098554
18.53 -0.01284675
18.54 -0.00483249
18.55 0.003186314
18.56 0.01059655
18.57 0.01769588
18.58 0.02444094
18.59 0.02933361
18.6 0.03216427
18.61 0.03455925
18.62 0.03593959
18.63 0.03602132
18.64 0.03593188
18.65 0.03720788
18.66 0.03992688
18.67 0.04161531
18.68 0.04299087
18.69 0.04345204
18.7 0.0416869
18.71 0.03787382
18.72 0.03187385
18.73 0.02639752
18.74 0.02268001
18.75 0.02043181
18.76 0.01979558
18.77 0.01918287
18.78 0.01639623
18.79 0.009652652
18.8 -0.000562606
18.81 -0.01236282
18.82 -0.02228969
18.83 -0.02921883
18.84 -0.03255971
18.85 -0.03340856
18.86 -0.03274603
18.87 -0.03192325
18.88 -0.03225564
18.89 -0.03458709
18.9 -0.03856173
18.91 -0.0425746
18.92 -0.04438691
18.93 -0.04180892
18.94 -0.03402742
18.95 -0.02275977
18.96 -0.01274564
18.97 -0.005183676
18.98 -0.0002751028
18.99 0.0023286
19 0.002071884
19.01 -0.001131897
19.02 -0.005467231
19.03 -0.008799837
19.04 -0.01065741
19.05 -0.01055199
19.06 -0.0101313
19.07 -0.01092951
19.08 -0.0131405
19.09 -0.01594364
19.1 -0.01829679
19.11 -0.02032611
19.12 -0.02047265
19.13 -0.01846561
19.14 -0.0149019
19.15 -0.009593962
19.16 -0.001537395
19.17 0.007312709
19.18 0.01652497
19.19 0.02441649
19.2 0.0295829
19.21 0.03221028
19.22 0.03317963
19.23 0.03205684
19.24 0.02952043
19.25 0.0260634
19.26 0.02028564
19.27 0.01379197
19.28 0.0069369
19.29 -0.0005571496
19.3 -0.007993355
19.31 -0.0139556
19.32 -0.01763846
19.33 -0.02001142
19.34 -0.02238568
19.35 -0.02386732
19.36 -0.02373914
19.37 -0.02249677
19.38 -0.01930042
19.39 -0.01427892
19.4 -0.009030035
19.41 -0.004957425
19.42 -0.001815619
19.43 0.0004076354
19.44 0.002694642
19.45 0.00513658
19.46 0.007027436
19.47 0.007719852
19.48 0.007671311
19.49 0.00761552
19.5 0.007041773
19.51 0.005554336
19.52 0.005020238
19.53 0.00488342
19.54 0.002660573
19.55 0.0005907715
19.56 0.0001256975
19.57 0.000763648
19.58 0.002951649
19.59 0.006810994
19.6 0.01192482
19.61 0.01618924
19.62 0.01970053
19.63 0.02343755
19.64 0.02715794
19.65 0.03063525
19.66 0.03287897
19.67 0.033256
19.68 0.03002198
19.69 0.02354906
19.7 0.01749024
19.71 0.01212119
19.72 0.005780288
19.73 -0.0009130033
19.74 -0.007302778
19.75 -0.01240788
19.76 -0.013901
19.77 -0.012586
19.78 -0.009668903
19.79 -0.006972695
19.8 -0.005399909
19.81 -0.003996618
19.82 -0.002564048
19.83 3.830949e-05
19.84 0.002883687
19.85 0.004657966
19.86 0.005564767
19.87 0.006215357
19.88 0.00510977
19.89 0.001958806
19.9 -0.00275491
19.91 -0.008165107
19.92 -0.01379284
19.93 -0.02020066
19.94 -0.02564839
19.95 -0.0275879
19.96 -0.02732255
19.97 -0.02684956
19.98 -0.02570261
19.99 -0.02362846
20 -0.02020359
20.01 -0.01507709
20.02 -0.008842639
20.03 -0.00335686
20.04 0.0005432352
20.05 0.003551285
20.06 0.005301209
20.07 0.005486615
20.08 0.005280713
20.09 0.00563262
20.1 0.006656547
20.11 0.007709015
20.12 0.009168538
20.13 0.01176102
20.14 0.01470551
20.15 0.0177344
20.16 0.02150741
20.17 0.0236065
20.18 0.02300956
20.19 0.02035179
20.2 0.01698446
20.21 0.01400037
20.22 0.01243449
20.23 0.01194639
20.24 0.01323563
20.25 0.01541495
20.26 0.01785604
20.27 0.019091
20.28 0.02045112
20.29 0.02118397
20.3 0.02063066
20.31 0.01916974
20.32 0.01835203
20.33 0.01789294
20.34 0.01806697
20.35 0.01844592
20.36 0.01880347
20.37 0.01943364
20.38 0.0202969
20.39 0.02003785
20.4 0.01829667
20.41 0.01449635
20.42 0.007293813
20.43 -0.002347269
20.44 -0.01309054
20.45 -0.02199601
20.46 -0.02709294
20.47 -0.02887053
20.48 -0.02887057
20.49 -0.02913278
20.5 -0.02873988
20.51 -0.02831306
20.52 -0.02731788
20.53 -0.02480872
20.54 -0.02027362
20.55 -0.01333882
20.56 -0.004825009
20.57 0.003394743
20.58 0.01003286
20.59 0.01511994
20.6 0.01840011
20.61 0.01850537
20.62 0.01394025
20.63 0.003428617
20.64 -0.01071129
20.65 -0.02408584
20.66 -0.03364933
20.67 -0.04065562
20.68 -0.0463742
20.69 -0.04901644
20.7 -0.04879143
20.71 -0.04764501
20.72 -0.04616952
20.73 -0.0443573
20.74 -0.04275642
20.75 -0.04008901
20.76 -0.03508289
20.77 -0.0283941
20.78 -0.02104377
20.79 -0.01496575
20.8 -0.00930609
20.81 -0.00319781
20.82 0.004978347
20.83 0.01594382
20.84 0.02718723
20.85 0.03850141
20.86 0.04898845
20.87 0.05684607
20.88 0.06298111
20.89 0.06786132
20.9 0.07131023
20.91 0.07149077
20.92 0.06740755
20.93 0.05874027
20.94 0.04872489
20.95 0.04036938
20.96 0.03364064
20.97 0.02872124
20.98 0.02607107
20.99 0.02469474
21 0.02546242
21.01 0.02705693
21.02 0.02845393
21.03 0.02886058
21.04 0.02747323
21.05 0.02626573
21.06 0.02458523
21.07 0.02177638
21.08 0.01802261
21.09 0.01443408
21.1 0.0104501
21.11 0.006026194
21.12 0.001332782
21.13 -0.004384167
21.14 -0.00974535
21.15 -0.01308242
21.16 -0.0152077
21.17 -0.01738781
21.18 -0.02063779
21.19 -0.02254534
21.2 -0.02182205
21.21 -0.02053697
21.22 -0.01910533
21.23 -0.01867274
21.24 -0.01972751
21.25 -0.02196131
21.26 -0.02404018
21.27 -0.02435985
21.28 -0.0222917
21.29 -0.01797291
21.3 -0.01199996
21.31 -0.006041821
21.32 -0.001065146
21.33 0.0006497859
21.34 -0.0001309973
21.35 -0.001947405
21.36 -0.004303176
21.37 -0.005861631
21.38 -0.005844376
21.39 -0.004920872
21.4 -0.002723673
21.41 0.0007191828
21.42 0.004696546
21.43 0.008687792
21.44 0.01138063
21.45 0.01284149
21.46 0.0143526
21.47 0.01554905
21.48 0.01685016
21.49 0.01895493
21.5 0.01981442
21.51 0.01832528
21.52 0.01551065
21.53 0.01230273
21.54 0.007852626
21.55 0.002834533
21.56 -0.002247959
21.57 -0.00888796
21.58 -0.01660295
21.59 -0.02398159
21.6 -0.03088103
21.61 -0.0367112
21.62 -0.04062315
21.63 -0.04366757
21.64 -0.04624487
21.65 -0.04692477
21.66 -0.04452888
21.67 -0.03948957
21.68 -0.03224437
21.69 -0.02441792
21.7 -0.01647061
21.71 -0.01152676
21.72 -0.01078306
21.73 -0.01240932
21.74 -0.01520123
21.75 -0.01924111
21.76 -0.02329319
21.77 -0.02711069
21.78 -0.02922334
21.79 -0.0290143
21.8 -0.02753682
21.81 -0.02455093
21.82 -0.02025651
21.83 -0.01530704
21.84 -0.01066109
21.85 -0.006679774
21.86 -0.004950666
21.87 -0.005738013
21.88 -0.00763023
21.89 -0.008538916
21.9 -0.008335909
21.91 -0.007707079
21.92 -0.007094495
21.93 -0.005505638
21.94 -0.004289041
21.95 -0.004322739
21.96 -0.005519369
21.97 -0.00757017
21.98 -0.009990952
21.99 -0.0123426
22 -0.01422985
22.01 -0.01585044
22.02 -0.0151976
22.03 -0.01256181
22.04 -0.01026539
22.05 -0.006510202
22.06 -0.002959112
22.07 -0.0009489925
22.08 0.0004849119
22.09 0.001361194
22.1 0.002128594
22.11 0.002725152
22.12 0.003348369
22.13 0.003720014
22.14 0.003416976
22.15 0.003459998
22.16 0.004388859
22.17 0.005847511
22.18 0.00667663
22.19 0.008447047
22.2 0.0110058
22.21 0.01369371
22.22 0.01602714
22.23 0.0176829
22.24 0.01865229
22.25 0.01743137
22.26 0.01614801
22.27 0.01661065
22.28 0.01832104
22.29 0.02026212
22.3 0.02252687
22.31 0.02492869
22.32 0.02688589
22.33 0.02671685
22.34 0.02441427
22.35 0.02025412
22.36 0.01498137
22.37 0.01078657
22.38 0.007467125
22.39 0.004926325
22.4 0.003428849
22.41 0.00224788
22.42 0.0006439381
22.43 -0.001616855
22.44 -0.004113198
22.45 -0.007075792
22.46 -0.0097021
22.47 -0.01227039
22.48 -0.01427365
22.49 -0.01467919
22.5 -0.01388491
22.51 -0.01194058
22.52 -0.009744691
22.53 -0.00920746
22.54 -0.01060791
22.55 -0.01296157
22.56 -0.01477957
22.57 -0.01630254
22.58 -0.01629962
22.59 -0.01248699
22.6 -0.00543496
22.61 0.001515419
22.62 0.006064179
22.63 0.007899369
22.64 0.008241422
22.65 0.008667026
22.66 0.01013071
22.67 0.01128655
22.68 0.01128916
22.69 0.01115345
22.7 0.01169035
22.71 0.01275845
22.72 0.01479723
22.73 0.01804744
22.74 0.02240523
22.75 0.02678723
22.76 0.03035125
22.77 0.03247899
22.78 0.03376455
22.79 0.03402685
22.8 0.03351072
22.81 0.03203264
22.82 0.03059475
22.83 0.02803554
22.84 0.02505545
22.85 0.02136607
22.86 0.01662242
22.87 0.01171195
22.88 0.006731684
22.89 0.002941886
22.9 0.00163748
22.91 0.001469339
22.92 0.001652603
22.93 0.002130886
22.94 0.002574127
22.95 0.001600642
22.96 -0.0008542929
22.97 -0.004376922
22.98 -0.008945723
22.99 -0.01509944
23 -0.02052349
23.01 -0.02488664
23.02 -0.02932962
23.03 -0.03223604
23.04 -0.03376978
23.05 -0.03421313
23.06 -0.03355844
23.07 -0.03320742
23.08 -0.0330839
23.09 -0.03299494
23.1 -0.03202581
23.11 -0.02953216
23.12 -0.02485824
23.13 -0.01728483
23.14 -0.008190675
23.15 -0.0001168139
23.16 0.005143982
23.17 0.006080551
23.18 0.003315888
23.19 -9.030395e-05
23.2 -0.002190811
23.21 -0.003743574
23.22 -0.004286878
23.23 -0.004622044
23.24 -0.005407663
23.25 -0.00697949
23.26 -0.009843239
23.27 -0.01262323
23.28 -0.01504171
23.29 -0.0152456
23.3 -0.01354
23.31 -0.01031431
23.32 -0.005977167
23.33 -7.081654e-05
23.34 0.006811155
23.35 0.01366862
23.36 0.01922853
23.37 0.02198572
23.38 0.02316572
23.39 0.02324479
23.4 0.02288049
23.41 0.02289595
23.42 0.023014
23.43 0.02405336
23.44 0.0246608
23.45 0.02467348
23.46 0.02549001
23.47 0.02590515
23.48 0.02559471
23.49 0.0255873
23.5 0.02613106
23.51 0.0269406
23.52 0.02739227
23.53 0.02620766
23.54 0.02478093
23.55 0.02392864
23.56 0.0212838
23.57 0.01695426
23.58 0.01087995
23.59 0.003174668
23.6 -0.005734202
23.61 -0.01458909
23.62 -0.02288867
23.63 -0.02983743
23.64 -0.03572753
23.65 -0.04048116
23.66 -0.04331101
23.67 -0.04582757
23.68 -0.04954298
23.69 -0.05247275
23.7 -0.05362802
23.71 -0.05432837
23.72 -0.05438453
23.73 -0.05280365
23.74 -0.05021958
23.75 -0.04717052
23.76 -0.04276
23.77 -0.03725077
23.78 -0.03127199
23.79 -0.02584847
23.8 -0.02082431
23.81 -0.01623558
23.82 -0.0118729
23.83 -0.007741993
23.84 -0.00385095
23.85 0.0004131471
23.86 0.004245049
23.87 0.007868013
23.88 0.01134183
23.89 0.01417352
23.9 0.01728887
23.91 0.02090967
23.92 0.02443947
23.93 0.02819479
23.94 0.03241531
23.95 0.03630142
23.96 0.03924475
23.97 0.04179949
23.98 0.04423637
23.99 0.0463562
24 0.04719957
24.01 0.0470398
24.02 0.04592121
24.03 0.0409272
24.04 0.03328963
24.05 0.02615504
24.06 0.02167673
24.07 0.01863287
24.08 0.01754028
24.09 0.01781139
24.1 0.01793112
24.11 0.01792779
24.12 0.01673791
24.13 0.01325084
24.14 0.009197952
24.15 0.00577155
24.16 0.003533279
24.17 0.002738746
24.18 0.001487494
24.19 -4.638322e-05
24.2 -0.001351138
24.21 -0.002182791
24.22 -0.003685145
24.23 -0.004137624
24.24 -0.003510813
24.25 -0.00225822
24.26 -7.53329e-05
24.27 0.002682263
24.28 0.004808902
24.29 0.006489425
24.3 0.0081758
24.31 0.009173642
24.32 0.009176002
24.33 0.009083062
24.34 0.009059046
24.35 0.008132544
24.36 0.005039847
24.37 0.0007822972
24.38 -0.00352723
24.39 -0.008232877
24.4 -0.01267199
24.41 -0.01591856
24.42 -0.01885376
24.43 -0.0215547
24.44 -0.02368993
24.45 -0.02485265
24.46 -0.02476907
24.47 -0.02428854
24.48 -0.02292673
24.49 -0.02035156
24.5 -0.01662272
24.51 -0.01295932
24.52 -0.009810536
24.53 -0.006602851
24.54 -0.003898919
24.55 -0.0007888474
24.56 0.003394462
24.57 0.007099111
24.58 0.009703365
24.59 0.01142578
24.6 0.0127077
24.61 0.01176046
24.62 0.009141341
24.63 0.005638053
24.64 0.0006301282
24.65 -0.00414039
24.66 -0.007389651
24.67 -0.009031261
24.68 -0.009224778
24.69 -0.008178202
24.7 -0.006337458
24.71 -0.004542445
24.72 -0.003638981
24.73 -0.004723336
24.74 -0.006334908
24.75 -0.007198524
24.76 -0.007925261
24.77 -0.008366632
24.78 -0.00842058
24.79 -0.009392261
24.8 -0.01060053
24.81 -0.01136623
24.82 -0.01213153
24.83 -0.01295653
24.84 -0.01366802
24.85 -0.01449678
24.86 -0.01541663
24.87 -0.01655952
24.88 -0.01763271
24.89 -0.01846269
24.9 -0.01946613
24.91 -0.01982395
24.92 -0.01887619
24.93 -0.01766103
24.94 -0.01509475
24.95 -0.01150122
24.96 -0.007812843
24.97 -0.003518125
24.98 0.0008529798
24.99 0.005500559
25 0.0100008
25.01 0.01342191
25.02 0.0162501
25.03 0.01888965
25.04 0.02125109
25.05 0.02440813
25.06 0.02823223
25.07 0.03126736
25.08 0.03363829
25.09 0.0361876
25.1 0.03781339
25.11 0.03806288
25.12 0.03810309
25.13 0.03767055
25.14 0.03589002
25.15 0.0330829
25.16 0.02949682
25.17 0.022895
25.18 0.013558
25.19 0.00413525
25.2 -0.004070094
25.21 -0.0104284
25.22 -0.01465146
25.23 -0.01632616
25.24 -0.01617189
25.25 -0.01555813
25.26 -0.01503639
25.27 -0.01416157
25.28 -0.01448722
25.29 -0.01523385
25.3 -0.01538437
25.31 -0.01516207
25.32 -0.01492049
25.33 -0.01340584
25.34 -0.0111133
25.35 -0.009276999
25.36 -0.006552415
25.37 -0.004406468
25.38 -0.002997165
25.39 -0.001298772
25.4 -7.832624e-05
25.41 0.0001496466
25.42 0.0008909316
25.43 0.00177127
25.44 0.002204709
25.45 0.002443223
25.46 0.003504187
25.47 0.005839463
25.48 0.008311436
25.49 0.009789816
25.5 0.01000166
25.51 0.008366671
25.52 0.004909283
25.53 0.0004291172
25.54 -0.003765935
25.55 -0.007093664
25.56 -0.009483987
25.57 -0.01233738
25.58 -0.01620865
25.59 -0.01959525
25.6 -0.02159406
25.61 -0.02271626
25.62 -0.02270043
25.63 -0.02166141
25.64 -0.0205075
25.65 -0.01797155
25.66 -0.0139215
25.67 -0.00932849
25.68 -0.004239081
25.69 0.001060305
25.7 0.005946064
25.71 0.009825069
25.72 0.01259745
25.73 0.01402035
25.74 0.01440034
25.75 0.01439124
25.76 0.01406937
25.77 0.01449357
25.78 0.0150813
25.79 0.01437849
25.8 0.01377193
25.81 0.01239368
25.82 0.009527525
25.83 0.005769392
25.84 0.002201957
25.85 -0.0006090978
25.86 -0.002516479
25.87 -0.003087168
25.88 -0.003480434
25.89 -0.00462792
25.9 -0.006070951
25.91 -0.007834614
25.92 -0.008705303
25.93 -0.00823303
25.94 -0.005980747
25.95 -0.0013197
25.96 0.003427871
25.97 0.006546247
25.98 0.007872702
25.99 0.008060069
26 0.00654611
26.01 0.003410162
26.02 -0.00104924
26.03 -0.005976651
26.04 -0.00919077
26.05 -0.009173057
26.06 -0.005270457
26.07 0.000523009
26.08 0.005544961
26.09 0.009347742
26.1 0.01289224
26.11 0.01493362
26.12 0.01545858
26.13 0.01494128
26.14 0.01455322
26.15 0.01495644
26.16 0.01634309
26.17 0.01829563
26.18 0.01875094
26.19 0.01868445
26.2 0.01882164
26.21 0.01862357
26.22 0.01713775
26.23 0.01380217
26.24 0.009543085
26.25 0.004780397
26.26 0.0008687205
26.27 -0.002344885
26.28 -0.004781575
26.29 -0.006308987
26.3 -0.008251796
26.31 -0.01029522
26.32 -0.01293517
26.33 -0.01679248
26.34 -0.02037663
26.35 -0.02317506
26.36 -0.0253035
26.37 -0.02641683
26.38 -0.02632155
26.39 -0.0248823
26.4 -0.02310696
26.41 -0.0211605
26.42 -0.01847196
26.43 -0.01502057
26.44 -0.0122416
26.45 -0.009646061
26.46 -0.006961711
26.47 -0.003795621
26.48 -0.0005945206
26.49 0.002936359
26.5 0.00626159
26.51 0.009633673
26.52 0.0125378
26.53 0.01411964
26.54 0.01497755
26.55 0.01629994
26.56 0.01784681
26.57 0.0192315
26.58 0.01976875
26.59 0.0199057
26.6 0.01980465
26.61 0.0190264
26.62 0.01807828
26.63 0.01755881
26.64 0.01756613
26.65 0.01888515
26.66 0.0205873
26.67 0.02103767
26.68 0.02010676
26.69 0.01846987
26.7 0.01715985
26.71 0.015488
26.72 0.01464025
26.73 0.01452756
26.74 0.01501633
26.75 0.01641277
26.76 0.01705051
26.77 0.01698205
26.78 0.01573771
26.79 0.01352596
26.8 0.01047803
26.81 0.006735408
26.82 0.002307432
26.83 -0.001512211
26.84 -0.003996696
26.85 -0.006067084
26.86 -0.007432838
26.87 -0.008197155
26.88 -0.009005439
26.89 -0.009269085
26.9 -0.008817997
26.91 -0.008435552
26.92 -0.006550454
26.93 -0.003709382
26.94 -0.002386678
26.95 -0.001802109
26.96 -0.000736119
26.97 0.0004282538
26.98 -0.0004990246
26.99 -0.002822407
27 -0.005061802
27.01 -0.007691365
27.02 -0.01145062
27.03 -0.01541834
27.04 -0.01927398
27.05 -0.02189112
27.06 -0.02333403
27.07 -0.02452968
27.08 -0.02562979
27.09 -0.02585151
27.1 -0.02527914
27.11 -0.02383618
27.12 -0.02274463
27.13 -0.02188237
27.14 -0.02108901
27.15 -0.01971588
27.16 -0.0179297
27.17 -0.01658142
27.18 -0.0162018
27.19 -0.015181
27.2 -0.0131378
27.21 -0.01131895
27.22 -0.00967261
27.23 -0.008844468
27.24 -0.008958973
27.25 -0.008900327
27.26 -0.008692166
27.27 -0.00866591
27.28 -0.007851058
27.29 -0.006568599
27.3 -0.005105021
27.31 -0.003954177
27.32 -0.003121235
27.33 -0.001607856
27.34 0.0004219167
27.35 0.003195407
27.36 0.006269484
27.37 0.008938326
27.38 0.01177101
27.39 0.01476471
27.4 0.01769657
27.41 0.01964614
27.42 0.01989059
27.43 0.01941835
27.44 0.01821601
27.45 0.01616011
27.46 0.01395079
27.47 0.01253368
27.48 0.01113806
27.49 0.01023097
27.5 0.009872793
27.51 0.009105157
27.52 0.00799474
27.53 0.007436424
27.54 0.006930199
27.55 0.006130275
27.56 0.005939672
27.57 0.005954898
27.58 0.006473484
27.59 0.007950373
27.6 0.009837405
27.61 0.01108407
27.62 0.01162347
27.63 0.01247773
27.64 0.01375772
27.65 0.01424796
27.66 0.01408072
27.67 0.01362125
27.68 0.01295757
27.69 0.01125085
27.7 0.008821363
27.71 0.005325162
27.72 0.001124831
27.73 -0.003228475
27.74 -0.008455425
27.75 -0.01410254
27.76 -0.01864247
27.77 -0.02292964
27.78 -0.02644863
27.79 -0.02892363
27.8 -0.0306943
27.81 -0.03232124
27.82 -0.03306925
27.83 -0.03324551
27.84 -0.03284177
27.85 -0.03275087
27.86 -0.03221894
27.87 -0.03170611
27.88 -0.03140011
27.89 -0.02981043
27.9 -0.02838038
27.91 -0.02764093
27.92 -0.02713172
27.93 -0.0268989
27.94 -0.02700394
27.95 -0.02611595
27.96 -0.02522648
27.97 -0.02477698
27.98 -0.02392732
27.99 -0.02285381
28 -0.0220247
28.01 -0.020381
28.02 -0.01704267
28.03 -0.01459806
28.04 -0.0136598
28.05 -0.01211638
28.06 -0.01047987
28.07 -0.009281546
28.08 -0.007861363
28.09 -0.006511762
28.1 -0.006198431
28.11 -0.00604495
28.12 -0.005503629
28.13 -0.005093852
28.14 -0.004275281
28.15 -0.003348861
28.16 -0.002670891
28.17 -0.001420978
28.18 0.001199549
28.19 0.00421334
28.2 0.00796933
28.21 0.0126493
28.22 0.01715047
28.23 0.02088954
28.24 0.02424625
28.25 0.02641088
28.26 0.02758054
28.27 0.02816297
28.28 0.02809392
28.29 0.02646548
28.3 0.02449966
28.31 0.02319693
28.32 0.02259871
28.33 0.02189227
28.34 0.02084993
28.35 0.02029482
28.36 0.01974274
28.37 0.01878282
28.38 0.01772645
28.39 0.01623269
28.4 0.0151722
28.41 0.01513932
28.42 0.01557281
28.43 0.01736231
28.44 0.02014208
28.45 0.02270891
28.46 0.02572198
28.47 0.02914792
28.48 0.03249767
28.49 0.03457619
28.5 0.03702816
28.51 0.03835456
28.52 0.03813167
28.53 0.03690488
28.54 0.03453851
28.55 0.03263712
28.56 0.03024616
28.57 0.02558647
28.58 0.01957556
28.59 0.01282942
28.6 0.00538894
28.61 -0.0009110603
28.62 -0.006164915
28.63 -0.01086313
28.64 -0.01522431
28.65 -0.01996073
28.66 -0.02387343
28.67 -0.02788198
28.68 -0.03304235
28.69 -0.03792616
28.7 -0.04084121
28.71 -0.04240021
28.72 -0.04289756
28.73 -0.04196874
28.74 -0.0396608
28.75 -0.03520867
28.76 -0.02808756
28.77 -0.02056481
28.78 -0.01394586
28.79 -0.008434111
28.8 -0.003963515
28.81 -0.001259225
28.82 -0.0009048068
28.83 -0.002170126
28.84 -0.004745067
28.85 -0.007764233
28.86 -0.01126801
28.87 -0.01440513
28.88 -0.01651399
28.89 -0.018094
28.9 -0.01944984
28.91 -0.0206518
28.92 -0.02088927
28.93 -0.01953857
28.94 -0.01698959
28.95 -0.01350807
28.96 -0.009514695
28.97 -0.004802636
28.98 -0.0008108081
28.99 0.001564193
29 0.003213743
29.01 0.004078054
29.02 0.004012564
29.03 0.003887484
29.04 0.003903783
29.05 0.004220724
29.06 0.004892262
29.07 0.005210621
29.08 0.004686749
29.09 0.004737303
29.1 0.004540126
29.11 0.005383948
29.12 0.006975841
29.13 0.00860408
29.14 0.009431016
29.15 0.01060109
29.16 0.01185349
29.17 0.01195985
29.18 0.009984791
29.19 0.007614942
29.2 0.005918135
29.21 0.004568659
29.22 0.004216928
29.23 0.004990346
29.24 0.006170508
29.25 0.007269546
29.26 0.008500564
29.27 0.01036059
29.28 0.01242124
29.29 0.01388826
29.3 0.01503512
29.31 0.01632553
29.32 0.01789746
29.33 0.01885178
29.34 0.02002111
29.35 0.02201591
29.36 0.02322656
29.37 0.02355984
29.38 0.02342175
29.39 0.02279456
29.4 0.02161977
29.41 0.01985308
29.42 0.01852211
29.43 0.01784668
29.44 0.01666632
29.45 0.01516857
29.46 0.01326138
29.47 0.01007167
29.48 0.005481183
29.49 0.0002777357
29.5 -0.005674477
29.51 -0.01168454
29.52 -0.01683013
29.53 -0.02036503
29.54 -0.02204457
29.55 -0.02154925
29.56 -0.02001483
29.57 -0.01739153
29.58 -0.01450488
29.59 -0.01224495
29.6 -0.01076241
29.61 -0.009183279
29.62 -0.007512149
29.63 -0.006377532
29.64 -0.004897636
29.65 -0.002426848
29.66 0.0002074135
29.67 0.002488894
29.68 0.0034715
29.69 0.003787416
29.7 0.004409205
29.71 0.003632016
29.72 0.001551788
29.73 -0.001726383
29.74 -0.005393911
29.75 -0.008815315
29.76 -0.01240254
29.77 -0.01612637
29.78 -0.01927589
29.79 -0.02264789
29.8 -0.02562741
29.81 -0.02816827
29.82 -0.03031261
29.83 -0.03185686
29.84 -0.03301113
29.85 -0.03385465
29.86 -0.03358953
29.87 -0.03241849
29.88 -0.03004804
29.89 -0.02627613
29.9 -0.02168941
29.91 -0.01506888
29.92 -0.00834905
29.93 -0.003180252
29.94 0.001873958
29.95 0.007328003
29.96 0.01183294
29.97 0.01557539
29.98 0.01937102
29.99 0.02292423
30 0.02508475
30.01 0.02587756
30.02 0.02592137
30.03 0.02490617
30.04 0.02292182
30.05 0.02154708
30.06 0.01998054
30.07 0.01727616
30.08 0.01527269
30.09 0.01382367
30.1 0.01196002
30.11 0.01027984
30.12 0.008942195
30.13 0.007641759
30.14 0.006925205
30.15 0.007458995
30.16 0.00950507
30.17 0.01127352
30.18 0.01187197
30.19 0.01267025
30.2 0.01557331
30.21 0.01732192
30.22 0.01805684
30.23 0.01874565
30.24 0.01888717
30.25 0.01796177
30.26 0.01689978
30.27 0.01576594
30.28 0.01415337
30.29 0.01351239
30.3 0.01255814
30.31 0.01085878
30.32 0.008996804
30.33 0.006608147
30.34 0.003555972
30.35 0.0001073832
30.36 -0.003192897
30.37 -0.00568835
30.38 -0.007934226
30.39 -0.0100858
30.4 -0.01224457
30.41 -0.013473
30.42 -0.01405697
30.43 -0.01497167
30.44 -0.01563356
30.45 -0.0159308
30.46 -0.01549675
30.47 -0.0144624
30.48 -0.0136197
30.49 -0.01316034
30.5 -0.01298594
30.51 -0.01235868
30.52 -0.01211571
30.53 -0.01311049
30.54 -0.01391002
30.55 -0.01387884
30.56 -0.01382117
30.57 -0.01390037
30.58 -0.01395341
30.59 -0.01400136
30.6 -0.01402412
30.61 -0.01407952
30.62 -0.01412508
30.63 -0.01368514
30.64 -0.01220049
30.65 -0.01088346
30.66 -0.009416235
30.67 -0.008209982
30.68 -0.007871942
30.69 -0.007077414
30.7 -0.00580293
30.71 -0.004706762
30.72 -0.004525213
30.73 -0.004678093
30.74 -0.004384755
30.75 -0.004403217
30.76 -0.004787166
30.77 -0.004405871
30.78 -0.003356196
30.79 -0.00211869
30.8 -0.0007101198
30.81 0.0009698976
30.82 0.002871478
30.83 0.004660525
30.84 0.006510851
30.85 0.008610831
30.86 0.009938573
30.87 0.01037041
30.88 0.01097866
30.89 0.01198276
30.9 0.01298079
30.91 0.01389161
30.92 0.01459592
30.93 0.01486364
30.94 0.01468548
30.95 0.01484662
30.96 0.01477885
30.97 0.01463373
30.98 0.01462363
30.99 0.0140531
31 0.01228632
31.01 0.01016005
31.02 0.008886418
31.03 0.007756476
31.04 0.005596991
31.05 0.004456489
31.06 0.004268027
31.07 0.003895391
31.08 0.002618844
31.09 0.001684445
31.1 0.001493783
31.11 0.002603593
31.12 0.004221975
31.13 0.006059267
31.14 0.008922445
31.15 0.01229537
31.16 0.01535172
31.17 0.01707306
31.18 0.01773862
31.19 0.01827777
31.2 0.01830695
31.21 0.01764889
31.22 0.01732892
31.23 0.01672739
31.24 0.01627304
31.25 0.01596782
31.26 0.01550291
31.27 0.01404518
31.28 0.01206398
31.29 0.01010155
31.3 0.008180957
31.31 0.006032883
31.32 0.003732459
31.33 0.002041975
31.34 0.0006576897
31.35 -5.466603e-05
31.36 -0.002990924
31.37 -0.005401088
31.38 -0.00666051
31.39 -0.00776405
31.4 -0.008818098
31.41 -0.01009074
31.42 -0.01065964
31.43 -0.0104361
31.44 -0.009607924
31.45 -0.009281311
31.46 -0.01020719
31.47 -0.01144348
31.48 -0.01318649
31.49 -0.015763
31.5 -0.01804575
31.51 -0.01982239
31.52 -0.02182135
31.53 -0.02424221
31.54 -0.02581561
31.55 -0.02590022
31.56 -0.02568788
31.57 -0.02565918
31.58 -0.02547915
31.59 -0.02499854
31.6 -0.02428611
31.61 -0.02367777
31.62 -0.0238122
31.63 -0.02334343
31.64 -0.02261943
31.65 -0.02168519
31.66 -0.02023729
31.67 -0.01850031
31.68 -0.01696831
31.69 -0.01516736
31.7 -0.01291742
31.71 -0.01042601
31.72 -0.008380598
31.73 -0.005821081
31.74 -0.002158296
31.75 0.002037029
31.76 0.006435812
31.77 0.0107781
31.78 0.01425136
31.79 0.0170024
31.8 0.01887853
31.81 0.01997493
31.82 0.02074423
31.83 0.02089841
31.84 0.02046866
31.85 0.0194131
31.86 0.01721229
31.87 0.01536639
31.88 0.01361069
31.89 0.01186751
31.9 0.01045514
31.91 0.01001431
31.92 0.009762486
31.93 0.009329878
31.94 0.009238771
31.95 0.009728033
31.96 0.01075824
31.97 0.01169594
31.98 0.01184517
31.99 0.01225332
32 0.01302573
32.01 0.01382255
32.02 0.01466146
32.03 0.01445617
32.04 0.01383635
32.05 0.01375614
32.06 0.01384384
32.07 0.01354665
32.08 0.01240079
32.09 0.01120428
32.1 0.009924726
32.11 0.008057098
32.12 0.006508485
32.13 0.006136999
32.14 0.005331095
32.15 0.004279596
32.16 0.003877263
32.17 0.003661162
32.18 0.002272473
32.19 0.001195321
32.2 0.001221099
32.21 0.001061386
32.22 7.163054e-05
32.23 -0.001067827
32.24 -0.002045157
32.25 -0.003564053
32.26 -0.005585823
32.27 -0.008102384
32.28 -0.01036431
32.29 -0.01279666
32.3 -0.01487325
32.31 -0.01656288
32.32 -0.01733746
32.33 -0.01716742
32.34 -0.01641047
32.35 -0.01654191
32.36 -0.01703021
32.37 -0.01736132
32.38 -0.01756724
32.39 -0.01751692
32.4 -0.01721024
32.41 -0.01730391
32.42 -0.01660884
32.43 -0.01593089
32.44 -0.01558156
32.45 -0.01468561
32.46 -0.01374846
32.47 -0.0135213
32.48 -0.01314038
32.49 -0.01244884
32.5 -0.0123482
32.51 -0.01248972
32.52 -0.01227965
32.53 -0.01218317
32.54 -0.01253111
32.55 -0.01223358
32.56 -0.01132427
32.57 -0.01111485
32.58 -0.01093026
32.59 -0.01060415
32.6 -0.01016375
32.61 -0.008846172
32.62 -0.007500539
32.63 -0.006029746
32.64 -0.004306661
32.65 -0.002565434
32.66 -0.0002848734
32.67 0.001218387
32.68 0.001464693
32.69 0.001428653
32.7 0.002172499
32.71 0.003246789
32.72 0.003788035
32.73 0.004647322
32.74 0.005365156
32.75 0.005762849
32.76 0.006040166
32.77 0.007284539
32.78 0.008630653
32.79 0.01001247
32.8 0.01103799
32.81 0.01189048
32.82 0.01301893
32.83 0.0138818
32.84 0.01526288
32.85 0.01583284
32.86 0.01565768
32.87 0.0160525
32.88 0.01642267
32.89 0.01598112
32.9 0.01601846
32.91 0.01606282
32.92 0.01555922
32.93 0.01551708
32.94 0.01600118
32.95 0.01568005
32.96 0.01472416
32.97 0.01455637
32.98 0.01447509
32.99 0.0140485
33 0.01336188
33.01 0.01232866
33.02 0.01085628
33.03 0.009137981
33.04 0.006692132
33.05 0.004817201
33.06 0.002989915
33.07 0.00110265
33.08 -0.0007007793
33.09 -0.002688338
33.1 -0.004487448
33.11 -0.006037615
33.12 -0.007521722
33.13 -0.008612813
33.14 -0.008057938
33.15 -0.006772847
33.16 -0.005380172
33.17 -0.004345538
33.18 -0.00381536
33.19 -0.0036201
33.2 -0.003188804
33.21 -0.002486163
33.22 -0.002367971
33.23 -0.002297194
33.24 -0.001528061
33.25 -0.001009718
33.26 -0.0003179432
33.27 0.0004194145
33.28 0.001216226
33.29 0.001726808
33.3 0.002379075
33.31 0.002698893
33.32 0.002657862
33.33 0.002505569
33.34 0.001555567
33.35 -0.000865971
33.36 -0.003662047
33.37 -0.007166824
33.38 -0.01040389
33.39 -0.01296642
33.4 -0.0143697
33.41 -0.01457616
33.42 -0.01504741
33.43 -0.01655598
33.44 -0.01682252
33.45 -0.01668883
33.46 -0.01674375
33.47 -0.01676332
33.48 -0.01674157
33.49 -0.01673775
33.5 -0.01684601
33.51 -0.01712515
33.52 -0.01707051
33.53 -0.01695351
33.54 -0.01614297
33.55 -0.01405676
33.56 -0.0114097
33.57 -0.009211792
33.58 -0.007909163
33.59 -0.006063011
33.6 -0.004579159
33.61 -0.00388037
33.62 -0.002641525
33.63 -0.001567589
33.64 -0.0008619768
33.65 0.0001025895
33.66 0.001808056
33.67 0.003457922
33.68 0.005036306
33.69 0.00643237
33.7 0.008052979
33.71 0.009061241
33.72 0.01011369
33.73 0.01050586
33.74 0.01026116
33.75 0.009672256
33.76 0.008757918
33.77 0.008011923
33.78 0.006656185
33.79 0.005836943
33.8 0.005696465
33.81 0.004387244
33.82 0.002420881
33.83 0.001041383
33.84 -9.682958e-05
33.85 -0.000559742
33.86 -0.0009465582
33.87 -0.0009351629
33.88 -0.0003259885
33.89 -0.0003142562
33.9 -8.124147e-05
33.91 1.240201e-05
33.92 0.0002573641
33.93 0.0003950506
33.94 0.0004231714
33.95 0.0004459241
33.96 0.0004424739
33.97 1.920511e-05
33.98 -0.0007556717
33.99 -0.001234454
34 -0.00158366
34.01 -0.001663043
34.02 -0.002100913
34.03 -0.003881548
34.04 -0.005881428
34.05 -0.006038325
34.06 -0.004628066
34.07 -0.003972322
34.08 -0.003468848
34.09 -0.002097577
34.1 -7.558286e-05
34.11 0.002487955
34.12 0.005444139
34.13 0.009180928
34.14 0.01266974
34.15 0.01577033
34.16 0.01891634
34.17 0.02069077
34.18 0.02155736
34.19 0.02256194
34.2 0.02286247
34.21 0.02223422
34.22 0.0209893
34.23 0.01948565
34.24 0.01787402
34.25 0.01595911
34.26 0.0138306
34.27 0.0111347
34.28 0.009127071
34.29 0.006903729
34.3 0.004704404
34.31 0.003643497
34.32 0.003662403
34.33 0.004154947
34.34 0.004841226
34.35 0.00565744
34.36 0.005975643
34.37 0.005856881
34.38 0.005294504
34.39 0.004262634
34.4 0.00228997
34.41 0.0009312023
34.42 0.0002569261
34.43 -0.0009436647
34.44 -0.001459146
34.45 -0.00133707
34.46 -0.001475324
34.47 -0.001479712
34.48 -0.001390648
34.49 -0.001526642
34.5 -0.001789516
34.51 -0.001987879
34.52 -0.002096219
34.53 -0.002262551
34.54 -0.002103372
34.55 -0.0002421009
34.56 0.002529587
34.57 0.00458213
34.58 0.006166644
34.59 0.008032691
34.6 0.01013797
34.61 0.01096874
34.62 0.01196004
34.63 0.01308542
34.64 0.01317439
34.65 0.01271075
34.66 0.01280818
34.67 0.01213583
34.68 0.01077498
34.69 0.009662194
34.7 0.008678881
34.71 0.007744017
34.72 0.006373226
34.73 0.004363866
34.74 0.002307781
34.75 0.0009764372
34.76 -0.0003840531
34.77 -0.00141024
34.78 -0.001806476
34.79 -0.00278332
34.8 -0.003708054
34.81 -0.004029902
34.82 -0.00540949
34.83 -0.006711092
34.84 -0.007799275
34.85 -0.009281814
34.86 -0.01046937
34.87 -0.01074201
34.88 -0.01058635
34.89 -0.009951651
34.9 -0.008404293
34.91 -0.007395565
34.92 -0.005995642
34.93 -0.004180423
34.94 -0.002535476
34.95 -0.001241083
34.96 -0.0004210859
34.97 -8.569851e-05
34.98 -8.260544e-05
34.99 -0.0005747095
35 -0.001705661
35.01 -0.003031699
35.02 -0.00461542
35.03 -0.006581541
35.04 -0.007963096
35.05 -0.008268103
35.06 -0.007456834
35.07 -0.006725038
35.08 -0.00528066
35.09 -0.003019144
35.1 -0.001905652
35.11 -0.0009165992
35.12 0.0003208296
35.13 0.001882731
35.14 0.002874076
35.15 0.003051164
35.16 0.004318018
35.17 0.005724695
35.18 0.005515459
35.19 0.004482922
35.2 0.003564835
35.21 0.002596439
35.22 0.001043945
35.23 0.0003227341
35.24 0.0005019305
35.25 0.0006041566
35.26 0.0008661171
35.27 0.002138732
35.28 0.00323275
35.29 0.004183609
35.3 0.005281047
35.31 0.005619696
35.32 0.005479816
35.33 0.005404547
35.34 0.004888319
35.35 0.004841889
35.36 0.004722841
35.37 0.004465278
35.38 0.004067164
35.39 0.003371826
35.4 0.00290347
35.41 0.002065475
35.42 0.001224129
35.43 0.001064383
35.44 0.0005428759
35.45 -0.0004973037
35.46 -0.001481254
35.47 -0.001758401
35.48 -0.001638029
35.49 -0.001701334
35.5 -0.003012978
35.51 -0.004384894
35.52 -0.005202406
35.53 -0.006184092
35.54 -0.008041444
35.55 -0.009604687
35.56 -0.01074143
35.57 -0.01183696
35.58 -0.01356338
35.59 -0.01572689
35.6 -0.01709057
35.61 -0.01846269
35.62 -0.01998821
35.63 -0.02077988
35.64 -0.02079629
35.65 -0.02076408
35.66 -0.0204628
35.67 -0.02060248
35.68 -0.02107114
35.69 -0.02110247
35.7 -0.02083431
35.71 -0.01998373
35.72 -0.01949308
35.73 -0.01941674
35.74 -0.01866744
35.75 -0.01796355
35.76 -0.01783409
35.77 -0.01733573
35.78 -0.01688003
35.79 -0.01605689
35.8 -0.01574767
35.81 -0.0158646
35.82 -0.01589594
35.83 -0.01582429
35.84 -0.01543167
35.85 -0.01473347
35.86 -0.0136034
35.87 -0.01258398
35.88 -0.01189893
35.89 -0.01100248
35.9 -0.009725915
35.91 -0.007861509
35.92 -0.005360814
35.93 -0.003459926
35.94 -0.001871548
35.95 -0.0003951934
35.96 0.000484579
35.97 0.0007828749
35.98 0.00159852
35.99 0.003164648
36 0.00476193
36.01 0.006003872
36.02 0.007855301
36.03 0.009252438
36.04 0.009571092
36.05 0.01070454
36.06 0.01290599
36.07 0.01423957
36.08 0.01367526
36.09 0.01227576
36.1 0.01140229
36.11 0.01007025
36.12 0.008625051
36.13 0.006879303
36.14 0.005443893
36.15 0.004758014
36.16 0.00463722
36.17 0.003743677
36.18 0.001902224
36.19 0.0006542394
36.2 0.0007652219
36.21 0.001317371
36.22 0.001762928
36.23 0.002781599
36.24 0.004366565
36.25 0.005192091
36.26 0.006308318
36.27 0.007225635
36.28 0.00819081
36.29 0.009574925
36.3 0.01060212
36.31 0.01189388
36.32 0.01365305
36.33 0.01519065
36.34 0.01637952
36.35 0.01768856
36.36 0.01916498
36.37 0.01993181
36.38 0.02108109
36.39 0.02274107
36.4 0.02407582
36.41 0.02475796
36.42 0.02525667
36.43 0.02574664
36.44 0.02584007
36.45 0.02571941
36.46 0.02536687
36.47 0.02477494
36.48 0.02388411
36.49 0.02319427
36.5 0.02202467
36.51 0.02036217
36.52 0.01905887
36.53 0.01842052
36.54 0.01777737
36.55 0.01832582
36.56 0.01976319
36.57 0.02066775
36.58 0.02085459
36.59 0.02132349
36.6 0.02167371
36.61 0.02147058
36.62 0.02093964
36.63 0.02027993
36.64 0.01905628
36.65 0.01750187
36.66 0.01684385
36.67 0.01622851
36.68 0.01434206
36.69 0.01201981
36.7 0.0106939
36.71 0.01026054
36.72 0.008704948
36.73 0.006680339
36.74 0.004839987
36.75 0.002465128
36.76 0.00103693
36.77 0.0001540221
36.78 -0.001173382
36.79 -0.002623709
36.8 -0.00372638
36.81 -0.004534944
36.82 -0.005398125
36.83 -0.006807863
36.84 -0.007627831
36.85 -0.009602784
36.86 -0.01226573
36.87 -0.01459696
36.88 -0.01652495
36.89 -0.01875123
36.9 -0.02019563
36.91 -0.02094847
36.92 -0.02186369
36.93 -0.02245553
36.94 -0.02295149
36.95 -0.02328364
36.96 -0.02348549
36.97 -0.02370807
36.98 -0.02383441
36.99 -0.02366435
37 -0.02343173
37.01 -0.0232905
37.02 -0.02314077
37.03 -0.02293267
37.04 -0.02261473
37.05 -0.02138169
37.06 -0.01944229
37.07 -0.0179237
37.08 -0.01691149
37.09 -0.01487178
37.1 -0.01265477
37.11 -0.01090502
37.12 -0.009068027
37.13 -0.007186201
37.14 -0.005487126
37.15 -0.003906368
37.16 -0.002076932
37.17 -0.0009674874
37.18 -0.00106357
37.19 -0.001458592
37.2 -0.001620635
37.21 -0.001743028
37.22 -0.002293965
37.23 -0.003409327
37.24 -0.00390382
37.25 -0.003739441
37.26 -0.003827355
37.27 -0.003598997
37.28 -0.002502271
37.29 -0.001692281
37.3 -0.001643968
37.31 -0.001349791
37.32 -0.001314832
37.33 -0.001263222
37.34 -0.001582997
37.35 -0.0017628
37.36 -0.001691191
37.37 -0.001623941
37.38 -0.001385495
37.39 -0.001455804
37.4 -0.001633581
37.41 -0.001455346
37.42 -0.001140431
37.43 -0.0005954423
37.44 -6.540998e-05
37.45 0.0009933267
37.46 0.00211839
37.47 0.002932228
37.48 0.003810628
37.49 0.004767491
37.5 0.005079838
37.51 0.004608293
37.52 0.003976424
37.53 0.003138588
37.54 0.002081987
37.55 0.001222395
37.56 0.0002616817
37.57 -0.0005860458
37.58 -0.001421337
37.59 -0.002491099
37.6 -0.003396954
37.61 -0.003463051
37.62 -0.00324891
37.63 -0.003127506
37.64 -0.00302464
37.65 -0.002102194
37.66 -0.0007788245
37.67 -0.0001073351
37.68 -0.0004859778
37.69 -0.0003006643
37.7 0.0001372669
37.71 0.0001284467
37.72 3.121971e-05
37.73 3.30066e-05
37.74 -0.0001284349
37.75 -0.0001654052
37.76 1.236633e-05
37.77 -3.61372e-05
37.78 -0.0004875709
37.79 -0.0009470933
37.8 -0.001045516
37.81 -0.001345292
37.82 -0.002145952
37.83 -0.002807234
37.84 -0.003128472
37.85 -0.003605421
37.86 -0.003872067
37.87 -0.003823891
37.88 -0.003712887
37.89 -0.003908685
37.9 -0.004564905
37.91 -0.004881278
37.92 -0.004715315
37.93 -0.004553229
37.94 -0.004475098
37.95 -0.004379704
37.96 -0.004268409
37.97 -0.004261038
37.98 -0.00444688
37.99 -0.004788201
38 -0.004946854
38.01 -0.00484946
38.02 -0.004641624
38.03 -0.004223121
38.04 -0.003852984
38.05 -0.002933076
38.06 -0.001682159
38.07 -0.0008720035
38.08 -0.0002622927
38.09 0.0004754164
38.1 0.0009249256
38.11 0.001417673
38.12 0.001690781
38.13 0.001640641
38.14 0.00175911
38.15 0.0021342
38.16 0.002285
38.17 0.002256371
38.18 0.002102398
38.19 0.001638048
38.2 0.00145992
38.21 0.00153063
38.22 0.001533288
38.23 0.001487941
38.24 0.001464375
38.25 0.001447878
38.26 0.00142512
38.27 0.001402287
38.28 0.001508725
38.29 0.001758076
38.3 0.00187265
38.31 0.001966878
38.32 0.002107346
38.33 0.002117022
38.34 0.002207521
38.35 0.002587661
38.36 0.002794097
38.37 0.002685498
38.38 0.002591641
38.39 0.002709697
38.4 0.002683061
38.41 0.002521037
38.42 0.002413354
38.43 0.002191976
38.44 0.001812094
38.45 0.001224961
38.46 0.000535979
38.47 -0.0001918362
38.48 -0.0009452194
38.49 -0.001654005
38.5 -0.002204835
38.51 -0.002575795
38.52 -0.002794853
38.53 -0.003066762
38.54 -0.003106622
38.55 -0.002807761
38.56 -0.002187282
38.57 -0.001657746
38.58 -0.001267979
38.59 -0.00090978
38.6 -0.0007134172
38.61 -0.0005352248
38.62 -0.0002054582
38.63 -2.051366e-05
38.64 -8.365825e-06
38.65 3.88025e-05
38.66 0.0001467735
38.67 7.676998e-05
38.68 -0.0002055585
38.69 -0.0004463569
38.7 -0.0006026058
38.71 -0.0007380249
38.72 -0.0007719304
38.73 -0.0007504913
38.74 -0.0008649133
38.75 -0.0008503184
38.76 -0.0007113079
38.77 -0.0005941809
38.78 -0.0004467272
38.79 -0.000152959
38.8 6.771969e-05
38.81 0.0003101527
38.82 0.0006215147
38.83 0.0008800886
38.84 0.001067272
38.85 0.001166147
38.86 0.001279755
38.87 0.001314887
38.88 0.001220058
38.89 0.001176409
38.9 0.00114271
38.91 0.001087746
38.92 0.001092391
38.93 0.001149873
38.94 0.001195553
38.95 0.001331382
38.96 0.001484649
38.97 0.001566366
38.98 0.001615291
38.99 0.001665995
39 0.001721883
39.01 0.001710753
39.02 0.001665262
39.03 0.001645169
39.04 0.001626568
39.05 0.001634628
39.06 0.001655063
39.07 0.001625516
39.08 0.00163219
39.09 0.001649976
39.1 0.001625634
39.11 0.001613053
39.12 0.001630021
39.13 0.001621165
39.14 0.001575931
39.15 0.001510906
39.16 0.001447837
39.17 0.001374475
39.18 0.00125654
39.19 0.001135729
39.2 0.001032988
39.21 0.0009524165
39.22 0.0008828028
39.23 0.0008183651
39.24 0.0007825759
39.25 0.000753303
39.26 0.0007097318
39.27 0.0006844925
39.28 0.0006712336
39.29 0.0006568945
39.3 0.0006412428
39.31 0.0006375584
39.32 0.0006308394
39.33 0.0006178274
39.34 0.0006052483
39.35 0.0005936907
39.36 0.0005817976
39.37 0.0005691654
39.38 0.0005559533
39.39 0.0005427182
39.4 0.0005295607
39.41 0.0005163967
39.42 0.0005041147
39.43 0.0004935451
39.44 0.0004784152
39.45 0.0004636525
39.46 0.0004508012
39.47 0.0004378817
39.48 0.0004223082
39.49 0.0004023894
39.5 0.0003879821
39.51 0.0003777536
39.52 0.0003670667
39.53 0.000355756
39.54 0.0003441795
39.55 0.0003333325
39.56 0.0003258575
39.57 0.0003190579
39.58 0.0003086672
39.59 0.0002976456
39.6 0.0002865237
39.61 0.0002750826
39.62 0.000261466
39.63 0.0002461427
39.64 0.0002310476
39.65 0.0002162717
39.66 0.0002011767
39.67 0.0001870014
39.68 0.0001735235
39.69 0.0001601099
39.7 0.0001476868
39.71 0.0001361751
39.72 0.0001248283
39.73 0.0001138912
39.74 0.0001032266
39.75 9.275784e-05
39.76 8.252709e-05
39.77 7.25139e-05
39.78 6.257836e-05
39.79 5.280837e-05
39.8 4.321735e-05
39.81 3.3763e-05
39.82 2.441519e-05
39.83 1.521244e-05
39.84 6.190165e-06
39.85 -2.629086e-06
39.86 -1.130661e-05
39.87 -1.983975e-05
39.88 -2.822717e-05
39.89 -3.64718e-05
39.9 -4.457848e-05
39.91 -5.254904e-05
39.92 -6.038337e-05
39.93 -6.807869e-05
39.94 -7.563227e-05
39.95 -8.30404e-05
39.96 -9.029986e-05
39.97 -9.740839e-05
39.98 -0.0001043646
