0 -7.114293e-05
0.01 -7.007952e-05
0.02 -6.909258e-05
0.03 -6.972683e-05
0.04 -7.046202e-05
0.05 -6.624103e-05
0.06 -6.598597e-05
0.07 -7.407498e-05
0.08 -7.790017e-05
0.09 -7.743374e-05
0.1 -7.826585e-05
0.11 -8.064676e-05
0.12 -8.318824e-05
0.13 -8.580742e-05
0.14 -8.880134e-05
0.15 -9.186684e-05
0.16 -8.008087e-05
0.17 -4.361174e-05
0.18 -2.785358e-05
0.19 -3.12954e-05
0.2 -2.972548e-05
0.21 -2.416444e-05
0.22 -2.065498e-05
0.23 -1.772224e-05
0.24 -2.327103e-05
0.25 -8.860214e-05
0.26 -0.0001491343
0.27 -0.0001900542
0.28 -0.0002246569
0.29 -9.615937e-05
0.3 3.59846e-05
0.31 3.823534e-05
0.32 2.010091e-05
0.33 3.119917e-05
0.34 4.164104e-05
0.35 4.463538e-05
0.36 5.081045e-05
0.37 6.413869e-05
0.38 7.107592e-05
0.39 -2.990305e-05
0.4 -0.00019791
0.41 -0.0001051278
0.42 -0.0001005915
0.43 -0.0001680675
0.44 3.442701e-05
0.45 0.0001649777
0.46 0.0001375604
0.47 0.0001250532
0.48 0.0001490448
0.49 0.0001718047
0.5 0.0001819469
0.51 0.0001889751
0.52 0.0001483743
0.53 -0.0001402171
0.54 -0.0003642877
0.55 -0.0003405113
0.56 -9.962779e-05
0.57 -5.226695e-05
0.58 -0.0002327159
0.59 5.799767e-05
0.6 0.0003520733
0.61 0.0003623325
0.62 0.0003370157
0.63 0.0003613764
0.64 0.0003810908
0.65 0.0003888123
0.66 0.0003999345
0.67 0.0004121023
0.68 0.0004082237
0.69 0.0004025459
0.7 0.0004141316
0.71 0.000449118
0.72 0.000507058
0.73 0.0005349382
0.74 0.0005419851
0.75 0.0005546428
0.76 0.000570814
0.77 0.0005850712
0.78 0.0005489242
0.79 4.163524e-05
0.8 -0.0004662569
0.81 -0.0004547154
0.82 -0.0003694562
0.83 -0.0003555713
0.84 0.0001570891
0.85 0.000788079
0.86 0.0006118352
0.87 -0.0002474122
0.88 -0.0005709748
0.89 -0.0004429351
0.9 -0.0004057737
0.91 -0.0004150645
0.92 -8.590338e-05
0.93 0.000752649
0.94 0.001612079
0.95 0.002302115
0.96 0.002198859
0.97 0.001290329
0.98 0.0004287127
0.99 -0.0003482286
1 -0.0005341165
1.01 -0.0004307469
1.02 -0.0004090755
1.03 -0.0004001816
1.04 -0.0003833665
1.05 -0.0003852834
1.06 -0.0003918214
1.07 -0.0003938713
1.08 -0.0003767792
1.09 0.0001450889
1.1 0.0004639904
1.11 -0.0002659703
1.12 -0.0005536517
1.13 -0.0004054153
1.14 -0.0003503516
1.15 -0.0003477468
1.16 -0.0001959506
1.17 0.000539656
1.18 0.0002665211
1.19 0.0001190266
1.2 0.00132389
1.21 0.001857112
1.22 0.001656301
1.23 0.00155319
1.24 0.001116009
1.25 -8.852704e-05
1.26 -0.0005574431
1.27 -0.001290411
1.28 -0.002298513
1.29 -0.002411116
1.3 -0.00163344
1.31 -0.0003730869
1.32 -7.289711e-05
1.33 -0.0002698636
1.34 -0.0002880289
1.35 -0.0002353965
1.36 -0.0002322343
1.37 -0.0001631107
1.38 -5.993225e-05
1.39 -4.531253e-05
1.4 -5.957819e-05
1.41 -5.541698e-05
1.42 -0.0001566913
1.43 -0.001281559
1.44 -0.002106269
1.45 -0.0007236566
1.46 0.0002396634
1.47 3.86507e-05
1.48 7.818371e-05
1.49 0.001429138
1.5 0.002028573
1.51 0.0005539097
1.52 -0.0002016175
1.53 5.48126e-05
1.54 0.0001651889
1.55 9.030225e-05
1.56 8.322797e-05
1.57 0.0001086651
1.58 0.0001124908
1.59 0.0001114823
1.6 -0.0002306397
1.61 -0.001616216
1.62 -0.00231756
1.63 -0.001235471
1.64 0.0002532876
1.65 0.0004314168
1.66 0.0001955404
1.67 0.0002153411
1.68 0.0002748812
1.69 0.0002668633
1.7 0.0005271928
1.71 0.001964421
1.72 0.002866141
1.73 0.001961652
1.74 0.0003288597
1.75 -0.001097842
1.76 -0.002064297
1.77 -0.00210039
1.78 -0.001954908
1.79 -0.001968678
1.8 -0.001946235
1.81 -0.00162292
1.82 -0.0002414572
1.83 0.0006352365
1.84 0.0005695052
1.85 0.000629855
1.86 0.001594855
1.87 0.001477906
1.88 0.0005116018
1.89 0.0003582614
1.9 -0.00036935
1.91 -0.001752632
1.92 -0.001920029
1.93 -0.001605439
1.94 -0.001656445
1.95 -0.00170549
1.96 -0.0005266958
1.97 0.002066168
1.98 0.003307149
1.99 0.003100432
2 0.003066318
2.01 0.003031158
2.02 0.0007456463
2.03 -0.001857095
2.04 -0.002326541
2.05 -0.003319208
2.06 -0.003307924
2.07 -0.001710431
2.08 -0.0009832697
2.09 0.0001009622
2.1 0.00155401
2.11 0.002268526
2.12 0.001152303
2.13 -0.0005628746
2.14 -0.001669763
2.15 -0.001550793
2.16 -0.001284177
2.17 -0.0005053421
2.18 0.0008296199
2.19 0.001168869
2.2 0.001000315
2.21 0.0009850052
2.22 0.001031349
2.23 0.001027539
2.24 0.001017362
2.25 0.00100771
2.26 0.0005621065
2.27 -0.0008300231
2.28 -0.001523675
2.29 -0.001407003
2.3 -0.001332828
2.31 -0.001375898
2.32 -0.0008515583
2.33 -7.220415e-05
2.34 -0.0009816749
2.35 -0.001593906
2.36 -0.001157818
2.37 0.0003650497
2.38 0.00122725
2.39 0.00107203
2.4 0.0009466081
2.41 0.001013811
2.42 0.001086533
2.43 0.001110742
2.44 0.001104186
2.45 0.001099842
2.46 0.001099679
2.47 0.0008189864
2.48 -0.001077017
2.49 -0.00342391
2.5 -0.003173871
2.51 -0.001298203
2.52 0.0001893947
2.53 0.001052114
2.54 0.001576687
2.55 0.002313133
2.56 0.001528335
2.57 0.0008892385
2.58 0.0007803978
2.59 -0.0001205083
2.6 -0.0002345504
2.61 -0.0007903825
2.62 -0.0004407694
2.63 0.0009574932
2.64 0.001271918
2.65 0.001026431
2.66 0.0003754359
2.67 -0.001919013
2.68 -0.0038969
2.69 -0.00374311
2.7 -0.001715119
2.71 0.0006883146
2.72 0.00131082
2.73 0.0009987431
2.74 0.0009474327
2.75 0.001025981
2.76 0.001018763
2.77 0.0009931466
2.78 0.000206009
2.79 -0.002215929
2.8 -0.003929163
2.81 -0.003813599
2.82 -0.003499047
2.83 -0.002282929
2.84 0.0005616421
2.85 0.001500733
2.86 0.001059273
2.87 0.0006017204
2.88 -0.0006787186
2.89 -0.0007088786
2.9 0.0009193647
2.91 0.00141858
2.92 0.001108322
2.93 0.0009960749
2.94 0.001031066
2.95 0.00103015
2.96 0.001012967
2.97 0.001009189
2.98 0.001007223
2.99 0.001002055
3 0.001021628
3.01 0.001079691
3.02 0.001096717
3.03 0.001082352
3.04 0.001075115
3.05 0.001072976
3.06 0.001036402
3.07 6.158318e-05
3.08 -0.002411271
3.09 -0.003707432
3.1 -0.001869423
3.11 0.0007101056
3.12 0.00131602
3.13 0.001075878
3.14 0.001072492
3.15 0.001084882
3.16 0.001021531
3.17 0.001003654
3.18 0.001011644
3.19 0.001007642
3.2 0.0008104027
3.21 -0.0008081975
3.22 -0.003250594
3.23 -0.004026386
3.24 -0.003640123
3.25 -0.002509159
3.26 -0.001099906
3.27 0.0003538832
3.28 0.001200768
3.29 0.001133692
3.3 0.001006576
3.31 0.001036918
3.32 0.0007844165
3.33 -0.0005488348
3.34 -0.001519896
3.35 -0.001455358
3.36 -0.001235461
3.37 -0.0002260077
3.38 0.001049398
3.39 0.001184046
3.4 0.0009679271
3.41 0.0009779025
3.42 0.001021425
3.43 0.001006004
3.44 0.0009928144
3.45 0.0009933589
3.46 0.0009790194
3.47 0.0002789829
3.48 -0.001154479
3.49 -0.001533889
3.5 -0.001307064
3.51 -0.001304627
3.52 -0.001978355
3.53 -0.00337816
3.54 -0.00301477
3.55 -0.001474518
3.56 -0.0008443133
3.57 0.0002777945
3.58 0.001110954
3.59 0.001063605
3.6 0.0009866259
3.61 0.001042306
3.62 0.001371248
3.63 0.002324181
3.64 0.001718191
3.65 0.0008760136
3.66 0.0009330628
3.67 0.001082819
3.68 0.001026435
3.69 0.001426176
3.7 0.002951058
3.71 0.002809656
3.72 0.00116976
3.73 0.0005592337
3.74 -0.0004911174
3.75 -0.001510584
3.76 -0.001477194
3.77 -0.0004450592
3.78 0.0009501644
3.79 0.001430615
3.8 0.002196805
3.81 0.0022145
3.82 0.002832103
3.83 0.002516353
3.84 0.001099882
3.85 0.000509504
3.86 -0.0006646108
3.87 -0.001567031
3.88 -0.001491746
3.89 -0.001387457
3.9 -0.001474478
3.91 -0.001396418
3.92 -0.001303961
3.93 -0.001370303
3.94 -0.00141761
3.95 -0.001403926
3.96 -0.00139545
3.97 -0.001031006
3.98 0.0004520068
3.99 0.00192227
4 0.002314761
4.01 0.001204928
4.02 0.0005383372
4.03 -0.0006353983
4.04 -0.001531388
4.05 -0.001483564
4.06 -0.001341727
4.07 -0.001204079
4.08 0.0003110933
4.09 0.00278468
4.1 0.003025577
4.11 0.0003742729
4.12 -0.001704062
4.13 -0.00187251
4.14 -0.003177494
4.15 -0.004757825
4.16 -0.003188812
4.17 -0.002162917
4.18 -0.001541176
4.19 -0.001533854
4.2 -0.002586754
4.21 -0.002130972
4.22 -0.001255022
4.23 -0.001243694
4.24 -0.0004414683
4.25 -0.0001418068
4.26 -0.0001898879
4.27 -0.0009091158
4.28 -0.001312763
4.29 0.0008366572
4.3 0.003488204
4.31 0.003699114
4.32 0.003264784
4.33 0.003326872
4.34 0.003460952
4.35 0.003476433
4.36 0.003476833
4.37 0.002986458
4.38 0.0007815481
4.39 -0.001315677
4.4 -0.001536714
4.41 -0.00122741
4.42 -0.001239797
4.43 -0.0006795305
4.44 0.001516205
4.45 0.00144464
4.46 -0.001204124
4.47 -0.001813345
4.48 -0.001304526
4.49 -0.001233967
4.5 -0.001291909
4.51 -0.00125768
4.52 -0.001233673
4.53 -0.0007781998
4.54 7.702389e-05
4.55 -0.0007494015
4.56 -0.001470494
4.57 -0.001376909
4.58 -0.001263811
4.59 -0.001303326
4.6 -0.001314163
4.61 -0.001253427
4.62 -0.001188837
4.63 -0.00118007
4.64 -0.001183993
4.65 -0.001117282
4.66 0.0005779869
4.67 0.003378502
4.68 0.003899063
4.69 0.003518767
4.7 0.003582491
4.71 0.003662114
4.72 0.003579241
4.73 0.003352834
4.74 0.001687804
4.75 -0.0007573389
4.76 -0.00143239
4.77 -0.001095342
4.78 -0.001081061
4.79 -0.001216451
4.8 -0.001209851
4.81 -0.001174294
4.82 -0.001173743
4.83 -0.001165683
4.84 -0.001100253
4.85 -0.0005858885
4.86 0.001591927
4.87 0.003707344
4.88 0.003902807
4.89 0.003574131
4.9 0.003088887
4.91 0.001018396
4.92 -0.001096091
4.93 -0.001361108
4.94 -0.001043621
4.95 -0.001033153
4.96 -0.001035506
4.97 -0.0008334843
4.98 0.001254029
4.99 0.003805914
5 0.003639701
5.01 0.001188934
5.02 -0.001106233
5.03 -0.002389003
5.04 -0.003592573
5.05 -0.004721338
5.06 -0.003450902
5.07 -0.00110565
5.08 -0.0006183061
5.09 -0.0009705359
5.1 -0.0009985727
5.11 -0.000966077
5.12 -0.00100503
5.13 -0.001012014
5.14 -0.0009966781
5.15 -0.0009908747
5.16 -0.0009887532
5.17 -0.0009354796
5.18 6.789364e-05
5.19 0.001639786
5.2 0.003147029
5.21 0.003967362
5.22 0.003875114
5.23 0.003703232
5.24 0.003730272
5.25 0.003762327
5.26 0.003290762
5.27 0.001113478
5.28 -0.0009958309
5.29 -0.001171607
5.3 -0.00079675
5.31 -0.001269954
5.32 -0.002884506
5.33 -0.002686058
5.34 -0.001013368
5.35 -0.0006498961
5.36 -0.0009533722
5.37 -0.000996871
5.38 -0.00174518
5.39 -0.003123589
5.4 -0.003405412
5.41 -0.003174088
5.42 -0.003184685
5.43 -0.003302016
5.44 -0.00318806
5.45 -0.001916864
5.46 -2.46585e-05
5.47 0.002837202
5.48 0.004189146
5.49 0.004048815
5.5 0.005119606
5.51 0.006355235
5.52 0.006302547
5.53 0.004518867
5.54 0.001688944
5.55 0.0008276558
5.56 -0.0003915682
5.57 -0.002821524
5.58 -0.003643966
5.59 -0.003299607
5.6 -0.003016444
5.61 -0.001776909
5.62 -0.0002658097
5.63 0.001192128
5.64 0.001588868
5.65 0.000342663
5.66 -0.0009447709
5.67 -0.001512935
5.68 -0.003470508
5.69 -0.003780522
5.7 -0.0009135115
5.71 0.002386009
5.72 0.004084576
5.73 0.004589577
5.74 0.004988297
5.75 0.003887922
5.76 0.0009890764
5.77 -0.001542355
5.78 -0.003533186
5.79 -0.005473754
5.8 -0.004855526
5.81 -0.002048376
5.82 -0.0003009586
5.83 0.001324748
5.84 0.003458411
5.85 0.00408421
5.86 0.003793403
5.87 0.003727922
5.88 0.003408584
5.89 0.001295924
5.9 -0.000989316
5.91 -0.00130922
5.92 -0.0009789934
5.93 -0.0009989863
5.94 -0.001085394
5.95 -0.001077374
5.96 -0.001073472
5.97 -0.001133161
5.98 -0.001199364
5.99 -0.001176956
6 -0.001079371
6.01 -0.001092619
6.02 -0.00102877
6.03 0.000133359
6.04 0.001347684
6.05 0.001378084
6.06 0.001166362
6.07 0.001187795
6.08 0.001217985
6.09 0.0009138462
6.1 -0.0005927569
6.11 -0.001533965
6.12 -0.001335648
6.13 -0.001073524
6.14 -2.750674e-05
6.15 0.0014749
6.16 0.002944833
6.17 0.003508989
6.18 0.002482015
6.19 0.001058124
6.2 0.0005878552
6.21 -0.0006925928
6.22 -0.002249652
6.23 -0.003609229
6.24 -0.003966988
6.25 -0.003816553
6.26 -0.004122905
6.27 -0.005558881
6.28 -0.006382994
6.29 -0.0062436
6.3 -0.005936915
6.31 -0.003378097
6.32 0.0002825925
6.33 0.00124182
6.34 0.001441368
6.35 0.002841468
6.36 0.003352286
6.37 0.003089195
6.38 0.003002788
6.39 0.002454268
6.4 0.0001987055
6.41 -0.001785748
6.42 -0.001967585
6.43 -0.001743001
6.44 -0.001380556
6.45 2.275431e-05
6.46 0.0007502488
6.47 0.0004465986
6.48 -0.000799606
6.49 -0.002255094
6.5 -0.003737506
6.51 -0.004455288
6.52 -0.004412621
6.53 -0.004351312
6.54 -0.004303307
6.55 -0.00423548
6.56 -0.004267678
6.57 -0.00436403
6.58 -0.00440658
6.59 -0.004413409
6.6 -0.004163984
6.61 -0.002751047
6.62 -0.001202003
6.63 0.0009885142
6.64 0.003850841
6.65 0.006560341
6.66 0.00767944
6.67 0.007481883
6.68 0.006640782
6.69 0.005152763
6.7 0.004869651
6.71 0.006565575
6.72 0.009098935
6.73 0.01001445
6.74 0.009676537
6.75 0.008491326
6.76 0.004933695
6.77 0.001581996
6.78 -0.001192794
6.79 -0.0025551
6.8 -0.001598978
6.81 0.0001295269
6.82 0.001733784
6.83 0.003673036
6.84 0.00329787
6.85 0.001584725
6.86 7.541837e-05
6.87 -0.001366596
6.88 -0.003732706
6.89 -0.004790655
6.9 -0.00271466
6.91 -0.0001431898
6.92 0.0002575686
6.93 -0.0001384759
6.94 -0.0001552238
6.95 -9.94772e-05
6.96 -0.0001944515
6.97 -0.0002039401
6.98 -8.359473e-05
6.99 0.0001073316
7 0.001306555
7.01 0.002395137
7.02 0.002353809
7.03 0.001278429
7.04 -0.001428259
7.05 -0.00580897
7.06 -0.01076909
7.07 -0.01359446
7.08 -0.01610114
7.09 -0.01702506
7.1 -0.01470257
7.11 -0.01154587
7.12 -0.008672032
7.13 -0.006598075
7.14 -0.004563286
7.15 -0.002602935
7.16 -0.0001367716
7.17 0.002125855
7.18 0.00269406
7.19 0.003766231
7.2 0.003717275
7.21 0.001926225
7.22 -0.0008375717
7.23 -0.002302426
7.24 0.0004845053
7.25 0.003166335
7.26 0.005135165
7.27 0.008663711
7.28 0.0118704
7.29 0.01328179
7.3 0.01377931
7.31 0.01372615
7.32 0.01283154
7.33 0.01121438
7.34 0.008028684
7.35 0.003201106
7.36 0.0001609275
7.37 -0.002316023
7.38 -0.003170941
7.39 -0.001574428
7.4 0.001407041
7.41 0.004323119
7.42 0.006373713
7.43 0.006698273
7.44 0.004280407
7.45 -0.0007767803
7.46 -0.004136501
7.47 -0.00660118
7.48 -0.007902668
7.49 -0.00777062
7.5 -0.007591873
7.51 -0.007668404
7.52 -0.007706651
7.53 -0.007666126
7.54 -0.006177005
7.55 -0.002141954
7.56 0.002606342
7.57 0.007723434
7.58 0.01158222
7.59 0.01298498
7.6 0.01172084
7.61 0.008792454
7.62 0.003622878
7.63 -0.002086296
7.64 -0.007637523
7.65 -0.01317975
7.66 -0.01869733
7.67 -0.02207327
7.68 -0.02218417
7.69 -0.0210772
7.7 -0.01740502
7.71 -0.01147028
7.72 -0.005590465
7.73 -0.0002382948
7.74 0.003831295
7.75 0.006924332
7.76 0.01058312
7.77 0.0134365
7.78 0.01608322
7.79 0.01890965
7.8 0.02115194
7.81 0.02040841
7.82 0.01700387
7.83 0.01395461
7.84 0.01062192
7.85 0.008634809
7.86 0.007455009
7.87 0.006632553
7.88 0.00529776
7.89 0.00139265
7.9 -0.004420438
7.91 -0.01105804
7.92 -0.01603837
7.93 -0.01739178
7.94 -0.01604216
7.95 -0.01051919
7.96 -0.001036084
7.97 0.006503209
7.98 0.01079531
7.99 0.01197385
8 0.01082274
8.01 0.008278527
8.02 0.006680537
8.03 0.006813458
8.04 0.00709709
8.05 0.007577063
8.06 0.007995748
8.07 0.004853425
8.08 -0.001108601
8.09 -0.008282351
8.1 -0.0152108
8.11 -0.02072946
8.12 -0.02025721
8.13 -0.01639927
8.14 -0.01258908
8.15 -0.005791076
8.16 0.003647478
8.17 0.01221141
8.18 0.01625676
8.19 0.01931039
8.2 0.02177131
8.21 0.02105138
8.22 0.015884
8.23 0.006698964
8.24 -0.003231482
8.25 -0.009091895
8.26 -0.01143588
8.27 -0.01287822
8.28 -0.01219978
8.29 -0.01042246
8.3 -0.007962643
8.31 -0.006259421
8.32 -0.004963383
8.33 -0.00471764
8.34 -0.006320858
8.35 -0.00890544
8.36 -0.0126636
8.37 -0.01552397
8.38 -0.01663839
8.39 -0.01782673
8.4 -0.01765182
8.41 -0.0139049
8.42 -0.007986599
8.43 -0.002159184
8.44 0.003293221
8.45 0.007495648
8.46 0.008345893
8.47 0.007784037
8.48 0.006653764
8.49 0.00527123
8.5 0.00373577
8.51 0.002459825
8.52 0.001214529
8.53 0.0008619121
8.54 0.001035632
8.55 0.00145504
8.56 0.003428665
8.57 0.006379937
8.58 0.008189574
8.59 0.007196699
8.6 0.005474349
8.61 0.003616675
8.62 0.0009195369
8.63 -0.002021355
8.64 -0.004781675
8.65 -0.007308999
8.66 -0.00834244
8.67 -0.007553246
8.68 -0.006411828
8.69 -0.005723957
8.7 -0.004452179
8.71 -0.001671767
8.72 0.001325919
8.73 0.00354925
8.74 0.005564482
8.75 0.009298367
8.76 0.01256077
8.77 0.01396517
8.78 0.0147665
8.79 0.01351023
8.8 0.01040242
8.81 0.006542673
8.82 0.001251597
8.83 -0.00406288
8.84 -0.006431234
8.85 -0.007945572
8.86 -0.009118297
8.87 -0.008045819
8.88 -0.005797059
8.89 -0.00176233
8.9 0.002157387
8.91 0.004891017
8.92 0.007481373
8.93 0.0103737
8.94 0.01299379
8.95 0.01443228
8.96 0.01568995
8.97 0.01643825
8.98 0.01638889
8.99 0.01615971
9 0.01472726
9.01 0.01225549
9.02 0.009675176
9.03 0.003945507
9.04 -0.003627393
9.05 -0.01124105
9.06 -0.01526951
9.07 -0.01593377
9.08 -0.01495048
9.09 -0.0142024
9.1 -0.01326233
9.11 -0.01087
9.12 -0.009303861
9.13 -0.009781756
9.14 -0.01146352
9.15 -0.01212034
9.16 -0.01189001
9.17 -0.01199713
9.18 -0.01334152
9.19 -0.01392215
9.2 -0.01232562
9.21 -0.01057152
9.22 -0.007162518
9.23 -0.001479213
9.24 0.004097564
9.25 0.007663821
9.26 0.01019143
9.27 0.01207474
9.28 0.01238375
9.29 0.01213648
9.3 0.01213559
9.31 0.01219778
9.32 0.01219065
9.33 0.0121806
9.34 0.01206539
9.35 0.01087466
9.36 0.009419737
9.37 0.007525396
9.38 0.004034266
9.39 -0.001202436
9.4 -0.00579472
9.41 -0.008399421
9.42 -0.009257373
9.43 -0.009114209
9.44 -0.008962486
9.45 -0.008982998
9.46 -0.009251306
9.47 -0.01214766
9.48 -0.01776228
9.49 -0.02295704
9.5 -0.02493354
9.51 -0.02339525
9.52 -0.02016583
9.53 -0.01325319
9.54 -0.002371463
9.55 0.009563386
9.56 0.01685652
9.57 0.01966076
9.58 0.01963978
9.59 0.01696355
9.6 0.01398295
9.61 0.01117931
9.62 0.009997217
9.63 0.01025659
9.64 0.01045121
9.65 0.01041348
9.66 0.009268622
9.67 0.002671656
9.68 -0.008868627
9.69 -0.02054351
9.7 -0.02700401
9.71 -0.02749984
9.72 -0.02310254
9.73 -0.01508025
9.74 -0.006372487
9.75 0.0008676908
9.76 0.004882283
9.77 0.004245336
9.78 -0.0002126048
9.79 -0.004690435
9.8 -0.008730905
9.81 -0.01176245
9.82 -0.01184571
9.83 -0.008933204
9.84 -0.005745314
9.85 -0.001844722
9.86 0.005537471
9.87 0.01419833
9.88 0.02199734
9.89 0.02595307
9.9 0.02664831
9.91 0.02563509
9.92 0.02323146
9.93 0.01712651
9.94 0.008633819
9.95 0.001916607
9.96 -0.002871209
9.97 -0.00624223
9.98 -0.009594899
9.99 -0.01273193
10 -0.01435852
10.01 -0.01546746
10.02 -0.01693334
10.03 -0.01756857
10.04 -0.01582644
10.05 -0.01263218
10.06 -0.009042678
10.07 -0.002405744
10.08 0.004065248
10.09 0.006777975
10.1 0.008370288
10.11 0.0109257
10.12 0.01134616
10.13 0.009632609
10.14 0.008696717
10.15 0.008933139
10.16 0.009144936
10.17 0.01012458
10.18 0.01141231
10.19 0.01118322
10.2 0.008950258
10.21 0.00542745
10.22 0.00216592
10.23 0.001596777
10.24 0.002059168
10.25 0.002800185
10.26 0.006153688
10.27 0.01007477
10.28 0.013657
10.29 0.01650682
10.3 0.01810817
10.31 0.01802243
10.32 0.013274
10.33 0.005558323
10.34 -0.0003970221
10.35 -0.004147505
10.36 -0.006602189
10.37 -0.007501085
10.38 -0.007340459
10.39 -0.00728272
10.4 -0.00841016
10.41 -0.01090577
10.42 -0.01226144
10.43 -0.01159254
10.44 -0.009830089
10.45 -0.009230373
10.46 -0.009480865
10.47 -0.009540918
10.48 -0.009133108
10.49 -0.007209837
10.5 -0.004087612
10.51 0.0006612468
10.52 0.007259099
10.53 0.01214772
10.54 0.01599327
10.55 0.01897196
10.56 0.01883149
10.57 0.01691978
10.58 0.01526634
10.59 0.01305543
10.6 0.01148419
10.61 0.009645461
10.62 0.007515766
10.63 0.004926387
10.64 -9.364958e-05
10.65 -0.00608814
10.66 -0.01388092
10.67 -0.02386301
10.68 -0.032259
10.69 -0.03757671
10.7 -0.03965534
10.71 -0.0366732
10.72 -0.03193888
10.73 -0.02692728
10.74 -0.02068849
10.75 -0.01349603
10.76 -0.006083331
10.77 0.0008064331
10.78 0.00664602
10.79 0.009881875
10.8 0.01315287
10.81 0.01640813
10.82 0.0182486
10.83 0.02075571
10.84 0.02364858
10.85 0.0265871
10.86 0.02734549
10.87 0.02457664
10.88 0.01867416
10.89 0.01037369
10.9 -0.0004056303
10.91 -0.008845915
10.92 -0.01511647
10.93 -0.01824357
10.94 -0.01817837
10.95 -0.01742113
10.96 -0.01553246
10.97 -0.01248311
10.98 -0.00852455
10.99 -0.003263611
11 0.001031724
11.01 0.004546111
11.02 0.01126191
11.03 0.01935499
11.04 0.02323701
11.05 0.02303298
11.06 0.02210997
11.07 0.01861705
11.08 0.01259888
11.09 0.005020463
11.1 -0.006335823
11.11 -0.01776073
11.12 -0.02436924
11.13 -0.02832625
11.14 -0.0296775
11.15 -0.02856082
11.16 -0.02683175
11.17 -0.02537428
11.18 -0.02369848
11.19 -0.01987217
11.2 -0.01328027
11.21 -0.004486842
11.22 0.005219245
11.23 0.01264425
11.24 0.01631701
11.25 0.01709725
11.26 0.01327368
11.27 0.006201794
11.28 -0.001965407
11.29 -0.008443238
11.3 -0.01041865
11.31 -0.008792693
11.32 -0.005591215
11.33 -0.002559433
11.34 0.002050032
11.35 0.004929234
11.36 0.004738911
11.37 0.004303727
11.38 0.003677643
11.39 0.002296114
11.4 0.0007732708
11.41 -0.0002686354
11.42 -0.0002644271
11.43 -1.565303e-05
11.44 0.0001251915
11.45 0.001254767
11.46 0.003759786
11.47 0.005818881
11.48 0.009143052
11.49 0.01277898
11.5 0.01561021
11.51 0.01817213
11.52 0.0197429
11.53 0.0206094
11.54 0.01988316
11.55 0.01827316
11.56 0.01572619
11.57 0.01148803
11.58 0.005819486
11.59 0.0002524137
11.6 -0.005063315
11.61 -0.01059402
11.62 -0.0140369
11.63 -0.01416941
11.64 -0.01370617
11.65 -0.01374968
11.66 -0.01311227
11.67 -0.01148178
11.68 -0.009939456
11.69 -0.008401896
11.7 -0.004873694
11.71 0.00156016
11.72 0.008905674
11.73 0.01408578
11.74 0.01752763
11.75 0.01824362
11.76 0.01497555
11.77 0.009667108
11.78 0.003957177
11.79 0.0006481374
11.8 0.0006746259
11.81 0.001482189
11.82 0.002823567
11.83 0.002897634
11.84 0.001160172
11.85 -0.001893583
11.86 -0.006971063
11.87 -0.01109204
11.88 -0.01299167
11.89 -0.01233634
11.9 -0.008560904
11.91 -0.003941074
11.92 1.693069e-05
11.93 0.002649469
11.94 0.005362952
11.95 0.006261731
11.96 0.003756627
11.97 0.0006207815
11.98 -0.002225516
11.99 -0.004193572
12 -0.005491605
12.01 -0.005706426
12.02 -0.004384482
12.03 -0.002785282
12.04 -0.001266479
12.05 8.321396e-05
12.06 0.001534837
12.07 0.002891842
12.08 0.003026916
12.09 0.003330831
12.1 0.004203421
12.11 0.004374576
12.12 0.005436144
12.13 0.009318575
12.14 0.01429203
12.15 0.02041888
12.16 0.02611209
12.17 0.02835359
12.18 0.02690848
12.19 0.02195338
12.2 0.0123604
12.21 -0.0007172975
12.22 -0.01201926
12.23 -0.01919606
12.24 -0.02228519
12.25 -0.02494926
12.26 -0.02864243
12.27 -0.03107333
12.28 -0.03287212
12.29 -0.03431425
12.3 -0.03200771
12.31 -0.02681307
12.32 -0.02033548
12.33 -0.01179766
12.34 -0.001600862
12.35 0.008400069
12.36 0.01751061
12.37 0.02377535
12.38 0.02752961
12.39 0.03064276
12.4 0.03124778
12.41 0.02816629
12.42 0.02173199
12.43 0.01164559
12.44 -0.001362336
12.45 -0.01228023
12.46 -0.01933654
12.47 -0.02421434
12.48 -0.02589734
12.49 -0.02349762
12.5 -0.01998648
12.51 -0.01621964
12.52 -0.01241128
12.53 -0.0110607
12.54 -0.01187784
12.55 -0.01412935
12.56 -0.01511254
12.57 -0.0125665
12.58 -0.00753841
12.59 0.0002291678
12.6 0.0110919
12.61 0.02203908
12.62 0.02942241
12.63 0.03204197
12.64 0.03140151
12.65 0.02825758
12.66 0.01956173
12.67 0.00337848
12.68 -0.0138534
12.69 -0.02115363
12.7 -0.0208737
12.71 -0.01910997
12.72 -0.01487615
12.73 -0.008846724
12.74 -0.00329382
12.75 0.0006546236
12.76 0.003917495
12.77 0.008891869
12.78 0.01483944
12.79 0.02021395
12.8 0.02280208
12.81 0.02229483
12.82 0.0199414
12.83 0.01614254
12.84 0.008073873
12.85 -0.003127631
12.86 -0.01220754
12.87 -0.01880211
12.88 -0.02203844
12.89 -0.02436533
12.9 -0.0251737
12.91 -0.0249127
12.92 -0.02481015
12.93 -0.02394411
12.94 -0.02089172
12.95 -0.01859338
12.96 -0.01651414
12.97 -0.01460894
12.98 -0.01173695
12.99 -0.009471084
13 -0.008099508
13.01 -0.006879141
13.02 -0.005312272
13.03 -0.001343415
13.04 0.005522214
13.05 0.01222973
13.06 0.01683972
13.07 0.0195209
13.08 0.02066441
13.09 0.02062306
13.1 0.01998662
13.11 0.01866027
13.12 0.01803221
13.13 0.01700471
13.14 0.01586802
13.15 0.01587233
13.16 0.01610709
13.17 0.01607439
13.18 0.01615439
13.19 0.01789189
13.2 0.02180732
13.21 0.02429232
13.22 0.02466955
13.23 0.02323424
13.24 0.0188826
13.25 0.009881921
13.26 -0.00416047
13.27 -0.01919364
13.28 -0.03049547
13.29 -0.03543767
13.3 -0.0361274
13.31 -0.03388381
13.32 -0.02804344
13.33 -0.01668241
13.34 -0.001202861
13.35 0.01432442
13.36 0.02653987
13.37 0.03555759
13.38 0.04293263
13.39 0.04727555
13.4 0.04749041
13.41 0.04528912
13.42 0.04056691
13.43 0.0325827
13.44 0.02036663
13.45 0.006043004
13.46 -0.003711633
13.47 -0.008626535
13.48 -0.01248268
13.49 -0.01617879
13.5 -0.01815505
13.51 -0.02110821
13.52 -0.02445307
13.53 -0.02730787
13.54 -0.02887458
13.55 -0.02802578
13.56 -0.02354313
13.57 -0.01535957
13.58 -0.006953317
13.59 -0.002410269
13.6 -0.0009821968
13.61 0.0007383585
13.62 -0.0004831331
13.63 -0.002906058
13.64 -0.006059222
13.65 -0.01115605
13.66 -0.01586339
13.67 -0.02082841
13.68 -0.02751304
13.69 -0.03405008
13.7 -0.03624254
13.71 -0.03560887
13.72 -0.03538839
13.73 -0.03550695
13.74 -0.0342215
13.75 -0.0312775
13.76 -0.02774958
13.77 -0.02147211
13.78 -0.01048284
13.79 0.006504476
13.8 0.02435932
13.81 0.03481648
13.82 0.03996907
13.83 0.04182652
13.84 0.04154114
13.85 0.03925164
13.86 0.03701115
13.87 0.03284946
13.88 0.02862518
13.89 0.02597019
13.9 0.02347127
13.91 0.02038525
13.92 0.01699714
13.93 0.00991494
13.94 -0.000421475
13.95 -0.01123896
13.96 -0.01900116
13.97 -0.02429377
13.98 -0.02817943
13.99 -0.0308004
14 -0.03300675
14.01 -0.0333197
14.02 -0.03242867
14.03 -0.02938823
14.04 -0.02264195
14.05 -0.01372157
14.06 -0.004072075
14.07 0.004104321
14.08 0.01084957
14.09 0.0147507
14.1 0.0148986
14.11 0.01474174
14.12 0.01574169
14.13 0.01512565
14.14 0.01431208
14.15 0.01399927
14.16 0.01151288
14.17 0.009406162
14.18 0.009520879
14.19 0.00988604
14.2 0.009834363
14.21 0.009499807
14.22 0.007612623
14.23 0.005161785
14.24 0.003682228
14.25 0.001524551
14.26 3.67129e-05
14.27 0.0001469118
14.28 0.0003904881
14.29 0.0006944378
14.3 0.00364453
14.31 0.007833151
14.32 0.009995732
14.33 0.009733084
14.34 0.006725243
14.35 0.002555483
14.36 -0.001310933
14.37 -0.005419397
14.38 -0.007203005
14.39 -0.006852769
14.4 -0.006633814
14.41 -0.006777288
14.42 -0.006822828
14.43 -0.007197719
14.44 -0.009973144
14.45 -0.01561723
14.46 -0.02186317
14.47 -0.02767734
14.48 -0.03318385
14.49 -0.03879252
14.5 -0.04252128
14.51 -0.04306021
14.52 -0.04357094
14.53 -0.04293867
14.54 -0.03990062
14.55 -0.03250996
14.56 -0.0202928
14.57 -0.00354832
14.58 0.01385582
14.59 0.0265811
14.6 0.03286751
14.61 0.03525394
14.62 0.03772814
14.63 0.03869508
14.64 0.0384143
14.65 0.03826657
14.66 0.0366513
14.67 0.03154928
14.68 0.02491301
14.69 0.0170501
14.7 0.008854007
14.71 0.003401269
14.72 -0.0003120022
14.73 -0.001775055
14.74 0.001153607
14.75 0.006004202
14.76 0.01048748
14.77 0.01442495
14.78 0.01690747
14.79 0.01899825
14.8 0.02153261
14.81 0.02204624
14.82 0.02043755
14.83 0.01636822
14.84 0.01034512
14.85 0.003324573
14.86 -0.002141993
14.87 -0.005229488
14.88 -0.00777565
14.89 -0.009320346
14.9 -0.008768388
14.91 -0.006993948
14.92 -0.004310452
14.93 -0.0003110035
14.94 0.002985342
14.95 0.004996803
14.96 0.005592033
14.97 0.007863267
14.98 0.01070843
14.99 0.01293802
15 0.01464748
15.01 0.0148902
15.02 0.01391259
15.03 0.01036642
15.04 0.005510186
15.05 -0.0002781118
15.06 -0.007997446
15.07 -0.01590222
15.08 -0.02093952
15.09 -0.02427182
15.1 -0.02441357
15.11 -0.02272739
15.12 -0.02030727
15.13 -0.01646214
15.14 -0.01358225
15.15 -0.01305907
15.16 -0.01252035
15.17 -0.0112422
15.18 -0.008812189
15.19 -0.006457611
15.2 -0.003589861
15.21 -0.0006502317
15.22 0.0008113384
15.23 -0.000129145
15.24 -0.003239105
15.25 -0.005449272
15.26 -0.007461665
15.27 -0.008945961
15.28 -0.00899968
15.29 -0.0081332
15.3 -0.005023736
15.31 -0.0005389896
15.32 0.002757994
15.33 0.004520469
15.34 0.003273203
15.35 0.0008184889
15.36 -0.0007488227
15.37 -0.00266729
15.38 -0.002310527
15.39 0.0003685238
15.4 0.002722932
15.41 0.005338697
15.42 0.007376346
15.43 0.01027678
15.44 0.01415738
15.45 0.01561951
15.46 0.01516729
15.47 0.01498871
15.48 0.01446932
15.49 0.01164323
15.5 0.008651422
15.51 0.00595801
15.52 0.003995876
15.53 0.001811614
15.54 0.0002515838
15.55 -0.001707924
15.56 -0.002900216
15.57 -0.00291229
15.58 -0.003322313
15.59 -0.002173838
15.6 -0.0005231671
15.61 0.0007851329
15.62 0.001162693
15.63 0.0006351815
15.64 -0.002108536
15.65 -0.004091411
15.66 -0.005441477
15.67 -0.008263869
15.68 -0.01196158
15.69 -0.01652144
15.7 -0.0184014
15.71 -0.01951829
15.72 -0.02213567
15.73 -0.02275163
15.74 -0.02066855
15.75 -0.01814637
15.76 -0.01618087
15.77 -0.01248191
15.78 -0.00789603
15.79 -0.003654978
15.8 0.0002058133
15.81 0.001609224
15.82 -0.0003795996
15.83 -0.004492156
15.84 -0.007868647
15.85 -0.01124467
15.86 -0.01320956
15.87 -0.01372619
15.88 -0.01493166
15.89 -0.01561178
15.9 -0.01657942
15.91 -0.01756495
15.92 -0.01652481
15.93 -0.01258552
15.94 -0.006985502
15.95 0.000774865
15.96 0.008238476
15.97 0.01438052
15.98 0.01652897
15.99 0.01595832
16 0.01571797
16.01 0.01570228
16.02 0.01471931
16.03 0.01508429
16.04 0.01741764
16.05 0.02223187
16.06 0.02725447
16.07 0.03241001
16.08 0.03512937
16.09 0.03233519
16.1 0.02655226
16.11 0.01889568
16.12 0.009568543
16.13 0.002820176
16.14 0.001288342
16.15 0.003193691
16.16 0.008761585
16.17 0.01607322
16.18 0.02090081
16.19 0.02427043
16.2 0.02488301
16.21 0.02108836
16.22 0.01631288
16.23 0.009909195
16.24 0.0002666228
16.25 -0.009508721
16.26 -0.01669486
16.27 -0.02034049
16.28 -0.02170073
16.29 -0.02153246
16.3 -0.01986939
16.31 -0.01655033
16.32 -0.01211221
16.33 -0.00943318
16.34 -0.008403104
16.35 -0.007360891
16.36 -0.007111795
16.37 -0.00727148
16.38 -0.007285639
16.39 -0.007157914
16.4 -0.006051251
16.41 -0.004428667
16.42 -0.002864624
16.43 -0.002134102
16.44 -0.001449893
16.45 -0.0002023368
16.46 -0.0009846664
16.47 -0.00273531
16.48 -0.004653621
16.49 -0.006713642
16.5 -0.007163124
16.51 -0.005645553
16.52 -0.002522664
16.53 0.001389488
16.54 0.003637422
16.55 0.004834824
16.56 0.006087753
16.57 0.006508246
16.58 0.006732206
16.59 0.007567662
16.6 0.008997724
16.61 0.01345983
16.62 0.01739502
16.63 0.01765775
16.64 0.01676194
16.65 0.01497973
16.66 0.01146428
16.67 0.006975673
16.68 0.002685119
16.69 -0.0009149536
16.7 -0.002029394
16.71 -0.001553389
16.72 -0.000667613
16.73 0.0006556064
16.74 0.0008567491
16.75 -0.0005646183
16.76 -0.0024785
16.77 -0.006512711
16.78 -0.01240338
16.79 -0.01686207
16.8 -0.01800862
16.81 -0.01623431
16.82 -0.01235317
16.83 -0.004119
16.84 0.007736001
16.85 0.01613789
16.86 0.0194745
16.87 0.0188892
16.88 0.01677926
16.89 0.01246741
16.9 0.005210109
16.91 -0.00339546
16.92 -0.01088918
16.93 -0.01917369
16.94 -0.02770841
16.95 -0.03171013
16.96 -0.03361145
16.97 -0.0321312
16.98 -0.02739076
16.99 -0.02077893
17 -0.01242756
17.01 -0.004458599
17.02 0.001268178
17.03 0.003222295
17.04 0.001788654
17.05 -0.001096352
17.06 -0.006546105
17.07 -0.01165016
17.08 -0.01556588
17.09 -0.01843659
17.1 -0.01938955
17.11 -0.0179112
17.12 -0.01622188
17.13 -0.0140446
17.14 -0.0110928
17.15 -0.008013301
17.16 -0.003980246
17.17 0.000189105
17.18 0.00496366
17.19 0.01060727
17.2 0.01539382
17.21 0.01829618
17.22 0.02085635
17.23 0.02338183
17.24 0.02421015
17.25 0.02394515
17.26 0.02376304
17.27 0.02250037
17.28 0.01933997
17.29 0.01442423
17.3 0.009409308
17.31 0.006918719
17.32 0.006169613
17.33 0.005421593
17.34 0.005369038
17.35 0.007527468
17.36 0.01066597
17.37 0.01359945
17.38 0.01643407
17.39 0.01899417
17.4 0.0203731
17.41 0.02163678
17.42 0.02223722
17.43 0.02201383
17.44 0.02070092
17.45 0.01885233
17.46 0.01492773
17.47 0.009850906
17.48 0.005642166
17.49 0.001679145
17.5 -0.002804308
17.51 -0.007929612
17.52 -0.01162503
17.53 -0.01411334
17.54 -0.01577734
17.55 -0.01691805
17.56 -0.01612073
17.57 -0.01359254
17.58 -0.01271094
17.59 -0.01306535
17.6 -0.01314382
17.61 -0.01302703
17.62 -0.01342294
17.63 -0.01541916
17.64 -0.01680006
17.65 -0.01556167
17.66 -0.01367161
17.67 -0.01197467
17.68 -0.008718722
17.69 -0.004949674
17.7 -0.001337448
17.71 0.001747491
17.72 0.003661287
17.73 0.005787878
17.74 0.007300126
17.75 0.009363896
17.76 0.01126559
17.77 0.01129416
17.78 0.009401867
17.79 0.005100336
17.8 -0.002404224
17.81 -0.009687777
17.82 -0.0170794
17.83 -0.02177699
17.84 -0.0233993
17.85 -0.02239142
17.86 -0.01998629
17.87 -0.01500633
17.88 -0.008908946
17.89 -0.00319995
17.9 0.002313477
17.91 0.00661152
17.92 0.00827746
17.93 0.009055401
17.94 0.008069613
17.95 0.006451992
17.96 0.005038759
17.97 0.004514135
17.98 0.00465205
17.99 0.00472303
18 0.004688585
18.01 0.004690258
18.02 0.00473614
18.03 0.004917277
18.04 0.006019815
18.05 0.007518368
18.06 0.008629179
18.07 0.007956369
18.08 0.006392925
18.09 0.003907274
18.1 7.596599e-05
18.11 -0.002969318
18.12 -0.00567394
18.13 -0.007131281
18.14 -0.007732607
18.15 -0.008095323
18.16 -0.008215322
18.17 -0.009328288
18.18 -0.01149236
18.19 -0.01445618
18.2 -0.01806161
18.21 -0.0211739
18.22 -0.02275391
18.23 -0.02341306
18.24 -0.02283845
18.25 -0.02046478
18.26 -0.01731892
18.27 -0.01322514
18.28 -0.007140168
18.29 0.001546197
18.3 0.008923742
18.31 0.01419852
18.32 0.01934926
18.33 0.02262074
18.34 0.02385689
18.35 0.02489829
18.36 0.0264133
18.37 0.02782935
18.38 0.02910173
18.39 0.02936382
18.4 0.02918853
18.41 0.02872722
18.42 0.02726353
18.43 0.02471802
18.44 0.01863702
18.45 0.01040709
18.46 0.004129265
18.47 0.00167909
18.48 -0.0007069525
18.49 -0.001827617
18.5 -0.0003831884
18.51 0.002811166
18.52 0.00668874
18.53 0.008354044
18.54 0.007378859
18.55 0.004762645
18.56 0.0006409742
18.57 -0.004888399
18.58 -0.01064685
18.59 -0.01623747
18.6 -0.02093667
18.61 -0.02395852
18.62 -0.02635871
18.63 -0.02770175
18.64 -0.0276768
18.65 -0.02801665
18.66 -0.02949413
18.67 -0.03016505
18.68 -0.03087329
18.69 -0.03085858
18.7 -0.02950199
18.71 -0.02724027
18.72 -0.02358782
18.73 -0.01826074
18.74 -0.01246803
18.75 -0.006637014
18.76 0.0003637175
18.77 0.00630965
18.78 0.01025522
18.79 0.01404932
18.8 0.01589251
18.81 0.01568308
18.82 0.01545044
18.83 0.01614946
18.84 0.01769034
18.85 0.01840313
18.86 0.02046536
18.87 0.0234781
18.88 0.02656935
18.89 0.02851405
18.9 0.02975201
18.91 0.03114576
18.92 0.03231011
18.93 0.03272066
18.94 0.03396845
18.95 0.03420251
18.96 0.0325096
18.97 0.02954975
18.98 0.02424905
18.99 0.01839906
19 0.01215602
19.01 0.003690173
19.02 -0.003231847
19.03 -0.008445386
19.04 -0.01364088
19.05 -0.01756362
19.06 -0.02050361
19.07 -0.02458066
19.08 -0.02724349
19.09 -0.02715399
19.1 -0.02549558
19.11 -0.02361917
19.12 -0.01972916
19.13 -0.01528889
19.14 -0.0126077
19.15 -0.01031926
19.16 -0.008803754
19.17 -0.009344524
19.18 -0.01032674
19.19 -0.01102498
19.2 -0.01239373
19.21 -0.01266423
19.22 -0.01110722
19.23 -0.009078806
19.24 -0.005732506
19.25 -0.002276139
19.26 -0.0005034226
19.27 -0.0004863155
19.28 -0.0006924601
19.29 -0.000638215
19.3 -0.0005964933
19.31 -0.0006141158
19.32 -0.0006116527
19.33 -0.0005152742
19.34 -0.000185621
19.35 0.001071462
19.36 0.001457461
19.37 -2.74023e-05
19.38 -0.001664563
19.39 -0.003879113
19.4 -0.00566956
19.41 -0.008283393
19.42 -0.01018229
19.43 -0.01074108
19.44 -0.01192566
19.45 -0.01247214
19.46 -0.01209895
19.47 -0.01067858
19.48 -0.008722046
19.49 -0.005660852
19.5 -0.002860023
19.51 0.0006943673
19.52 0.003712584
19.53 0.004766756
19.54 0.004599065
19.55 0.00453174
19.56 0.005325161
19.57 0.005769486
19.58 0.004764577
19.59 0.004120731
19.6 0.002489434
19.61 -0.0003416684
19.62 -0.002479696
19.63 -0.00362334
19.64 -0.004686626
19.65 -0.004919003
19.66 -0.004380392
19.67 -0.002361993
19.68 -0.0001076695
19.69 0.001317194
19.7 0.00348661
19.71 0.004972143
19.72 0.004909592
19.73 0.004695214
19.74 0.004795342
19.75 0.005786673
19.76 0.008307437
19.77 0.01018598
19.78 0.01177408
19.79 0.01298743
19.8 0.01081776
19.81 0.009244176
19.82 0.008506038
19.83 0.006222646
19.84 0.004377913
19.85 0.003200235
19.86 0.002041756
19.87 0.0005458462
19.88 -6.615347e-07
19.89 -0.0008602462
19.9 -0.002289252
19.91 -0.004262192
19.92 -0.006425558
19.93 -0.006951799
19.94 -0.006637499
19.95 -0.006460682
19.96 -0.005283226
19.97 -0.003377926
19.98 -0.0004734623
19.99 0.001597915
20 0.003703503
20.01 0.005573437
20.02 0.006927374
20.03 0.00813001
20.04 0.009608985
20.05 0.01165758
20.06 0.01450171
20.07 0.01546043
20.08 0.01623473
20.09 0.01704813
20.1 0.01576594
20.11 0.01410516
20.12 0.01196004
20.13 0.009224749
20.14 0.006602727
20.15 0.005146284
20.16 0.004279565
20.17 0.004728143
20.18 0.004667822
20.19 0.003603021
20.2 0.001500037
20.21 -0.0004582703
20.22 -0.0009702816
20.23 -0.002979398
20.24 -0.005357896
20.25 -0.005479521
20.26 -0.0050067
20.27 -0.004939921
20.28 -0.003806563
20.29 -0.001025462
20.3 0.001957537
20.31 0.004662328
20.32 0.007426759
20.33 0.009419739
20.34 0.01077609
20.35 0.0130319
20.36 0.01434541
20.37 0.01423071
20.38 0.01414035
20.39 0.01337364
20.4 0.01165145
20.41 0.008428488
20.42 0.003059339
20.43 -0.002585311
20.44 -0.007390612
20.45 -0.009585503
20.46 -0.009522716
20.47 -0.009037273
20.48 -0.007414434
20.49 -0.004550713
20.5 -0.001623828
20.51 0.000293733
20.52 0.001421146
20.53 0.00123435
20.54 0.0002320818
20.55 9.564858e-05
20.56 0.0002587962
20.57 -0.0006501896
20.58 -0.003124766
20.59 -0.004916547
20.6 -0.006447558
20.61 -0.009068508
20.62 -0.01203478
20.63 -0.0147846
20.64 -0.01751451
20.65 -0.02037865
20.66 -0.02312145
20.67 -0.02577033
20.68 -0.02718353
20.69 -0.02596498
20.7 -0.02407013
20.71 -0.02155833
20.72 -0.01864721
20.73 -0.01578413
20.74 -0.01310298
20.75 -0.01042199
20.76 -0.007562834
20.77 -0.004662396
20.78 -0.002217591
20.79 -0.0009121081
20.8 0.0003439001
20.81 0.001784839
20.82 0.004094091
20.83 0.005589924
20.84 0.005170063
20.85 0.003526896
20.86 0.002170371
20.87 0.0009632334
20.88 0.0006928244
20.89 0.0003943323
20.9 -0.002323368
20.91 -0.003906893
20.92 -0.002897723
20.93 -0.00330458
20.94 -0.002858435
20.95 -0.000254286
20.96 0.001225469
20.97 0.0009678918
20.98 -0.000541767
20.99 -0.003358327
21 -0.004479218
21.01 -0.006414383
21.02 -0.008769315
21.03 -0.008980264
21.04 -0.008593556
21.05 -0.00863662
21.06 -0.00865609
21.07 -0.008576958
21.08 -0.007957123
21.09 -0.005184872
21.1 -0.003532027
21.11 -0.003773735
21.12 -0.003911231
21.13 -0.003778657
21.14 -0.003771775
21.15 -0.003390031
21.16 -0.001302644
21.17 0.001786127
21.18 0.005709842
21.19 0.010922
21.2 0.01542239
21.21 0.01907035
21.22 0.02037973
21.23 0.02003104
21.24 0.01964405
21.25 0.01744634
21.26 0.01471773
21.27 0.0126435
21.28 0.01068945
21.29 0.01006094
21.3 0.008458073
21.31 0.00677877
21.32 0.006252181
21.33 0.005685999
21.34 0.005571468
21.35 0.005556
21.36 0.003455558
21.37 0.0008460686
21.38 0.0006364048
21.39 0.001063568
21.4 0.00100346
21.41 0.0008939
21.42 0.0009074038
21.43 0.0009116435
21.44 0.0009035061
21.45 0.0009368429
21.46 0.0002977335
21.47 -0.001280687
21.48 -0.002783812
21.49 -0.003819111
21.5 -0.003902874
21.51 -0.003772553
21.52 -0.003889954
21.53 -0.005778859
21.54 -0.008564805
21.55 -0.009020256
21.56 -0.007739527
21.57 -0.004226663
21.58 -0.0005565313
21.59 0.00213476
21.6 0.004738825
21.61 0.007046729
21.62 0.006616963
21.63 0.005488166
21.64 0.005475639
21.65 0.003862865
21.66 0.0007087852
21.67 -0.002323391
21.68 -0.003988981
21.69 -0.003875734
21.7 -0.003654009
21.71 -0.00352115
21.72 -0.001271529
21.73 0.001502478
21.74 0.003483572
21.75 0.006089018
21.76 0.009018205
21.77 0.01071064
21.78 0.01065676
21.79 0.01037807
21.8 0.01042242
21.81 0.01047069
21.82 0.01053273
21.83 0.01061797
21.84 0.009680541
21.85 0.006627989
21.86 0.005316415
21.87 0.005564612
21.88 0.004449429
21.89 0.003271847
21.9 0.003358646
21.91 0.004417377
21.92 0.005787991
21.93 0.006298478
21.94 0.007563309
21.95 0.008486407
21.96 0.008321531
21.97 0.008139482
21.98 0.008192817
21.99 0.007810287
22 0.006371637
22.01 0.005513112
22.02 0.003615141
22.03 0.001147863
22.04 0.0008263142
22.05 6.071766e-05
22.06 -0.002906154
22.07 -0.004276036
22.08 -0.006256733
22.09 -0.008782754
22.1 -0.01092467
22.11 -0.01287999
22.12 -0.01330726
22.13 -0.01327231
22.14 -0.01455207
22.15 -0.01494414
22.16 -0.01328409
22.17 -0.01262325
22.18 -0.01297522
22.19 -0.01307346
22.2 -0.01298088
22.21 -0.01291724
22.22 -0.01271507
22.23 -0.01140398
22.24 -0.008912803
22.25 -0.007812957
22.26 -0.007990326
22.27 -0.006894315
22.28 -0.004272109
22.29 -0.002043172
22.3 0.0007926784
22.31 0.003612889
22.32 0.006096076
22.33 0.006607649
22.34 0.005849434
22.35 0.00421483
22.36 0.002648553
22.37 0.001548011
22.38 0.001475197
22.39 0.002788784
22.4 0.004080144
22.41 0.002195831
22.42 0.001223622
22.43 0.001640289
22.44 0.001787359
22.45 0.001578982
22.46 0.0006398118
22.47 0.0007380576
22.48 0.001729324
22.49 0.001917294
22.5 0.0016183
22.51 9.12816e-05
22.52 -0.002402221
22.53 -0.003964552
22.54 -0.006007506
22.55 -0.008044662
22.56 -0.0106252
22.57 -0.01270308
22.58 -0.01274394
22.59 -0.01233278
22.6 -0.01107175
22.61 -0.008515867
22.62 -0.006296234
22.63 -0.00355321
22.64 -0.0005604222
22.65 0.001854074
22.66 0.002066521
22.67 0.001708692
22.68 0.001747008
22.69 0.001697086
22.7 0.0004445565
22.71 -0.0006633367
22.72 -0.0006518797
22.73 -0.0005263803
22.74 -0.0003135135
22.75 0.0009952437
22.76 0.002001729
22.77 0.001978676
22.78 0.002098859
22.79 0.004583406
22.8 0.007269582
22.81 0.008725656
22.82 0.009934935
22.83 0.01116763
22.84 0.01027129
22.85 0.008939896
22.86 0.008277413
22.87 0.005286047
22.88 0.001607026
22.89 -0.001215084
22.9 -0.003883699
22.91 -0.006882669
22.92 -0.007967614
22.93 -0.007620113
22.94 -0.007485215
22.95 -0.007519365
22.96 -0.006753285
22.97 -0.004552169
22.98 -0.004990914
22.99 -0.007478707
23 -0.007907745
23.01 -0.008889142
23.02 -0.01187633
23.03 -0.01276307
23.04 -0.01148606
23.05 -0.008464495
23.06 -0.006288504
23.07 -0.004029348
23.08 -0.001019727
23.09 0.001885913
23.1 0.00474261
23.11 0.007785755
23.12 0.0104998
23.13 0.01232235
23.14 0.01509811
23.15 0.01672934
23.16 0.0164332
23.17 0.01633759
23.18 0.01799781
23.19 0.02056237
23.2 0.02140436
23.21 0.02108369
23.22 0.0210421
23.23 0.02118521
23.24 0.02116692
23.25 0.01983802
23.26 0.01693544
23.27 0.01601523
23.28 0.01587874
23.29 0.01312309
23.3 0.01119737
23.31 0.01147676
23.32 0.01177333
23.33 0.01111103
23.34 0.007788246
23.35 0.003969328
23.36 0.002053533
23.37 0.001975009
23.38 0.002182642
23.39 0.002182588
23.4 0.001596175
23.41 -0.0006164293
23.42 -0.002638258
23.43 -0.003037416
23.44 -0.004414011
23.45 -0.007365652
23.46 -0.01117519
23.47 -0.01540491
23.48 -0.01742231
23.49 -0.01868016
23.5 -0.0209269
23.51 -0.02186036
23.52 -0.0206423
23.53 -0.01802779
23.54 -0.01613549
23.55 -0.01301818
23.56 -0.00925468
23.57 -0.006355092
23.58 -0.003687924
23.59 -0.0008188068
23.6 0.00170378
23.61 0.001794749
23.62 -0.0007617573
23.63 -0.002747447
23.64 -0.002823807
23.65 -0.002599892
23.66 -0.002671383
23.67 -0.002728325
23.68 -0.002709871
23.69 -0.002662843
23.7 -0.00262837
23.71 -0.002612044
23.72 -0.001292305
23.73 -0.0001892606
23.74 -0.002200137
23.75 -0.003171847
23.76 -0.002699674
23.77 -0.002559861
23.78 -0.002820678
23.79 -0.004802208
23.8 -0.007458601
23.81 -0.007808803
23.82 -0.008474762
23.83 -0.0114905
23.84 -0.01276738
23.85 -0.01266911
23.86 -0.01503513
23.87 -0.01732973
23.88 -0.01729803
23.89 -0.01698826
23.9 -0.01680766
23.91 -0.01448441
23.92 -0.012118
23.93 -0.0120979
23.94 -0.01245159
23.95 -0.01230236
23.96 -0.01225432
23.97 -0.0123277
23.98 -0.01234742
23.99 -0.01234379
24 -0.01230758
24.01 -0.01121129
24.02 -0.008679692
24.03 -0.00664294
24.04 -0.003956882
24.05 -0.001801465
24.06 0.0003230638
24.07 0.003159949
24.08 0.006096312
24.09 0.009234158
24.1 0.01407853
24.11 0.01926295
24.12 0.02346367
24.13 0.02730785
24.14 0.0305656
24.15 0.03413067
24.16 0.03559271
24.17 0.03506328
24.18 0.03265923
24.19 0.02868548
24.2 0.02519977
24.21 0.02119656
24.22 0.01691881
24.23 0.01261185
24.24 0.008594218
24.25 0.005775043
24.26 0.003007276
24.27 0.0008739649
24.28 -0.0004635867
24.29 -0.001635822
24.3 -0.001514133
24.31 0.0005498742
24.32 0.0003793324
24.33 -0.001334934
24.34 -0.002807624
24.35 -0.003095182
24.36 -0.002971145
24.37 -0.003022876
24.38 -0.003077741
24.39 -0.00298434
24.4 -0.00123474
24.41 0.0015746
24.42 0.002102561
24.43 0.001649975
24.44 0.001686873
24.45 0.00182354
24.46 0.001793363
24.47 0.00175763
24.48 0.001295623
24.49 -0.001401347
24.5 -0.003961461
24.51 -0.005996347
24.52 -0.007707605
24.53 -0.007974117
24.54 -0.007466536
24.55 -0.005613798
24.56 -0.002657657
24.57 0.0002049835
24.58 0.001834308
24.59 0.001937183
24.6 0.001741985
24.61 0.001767599
24.62 0.001749003
24.63 0.0001284099
24.64 -0.002772886
24.65 -0.003443555
24.66 -0.003300692
24.67 -0.005110168
24.68 -0.007555423
24.69 -0.00800575
24.7 -0.006476407
24.71 -0.00386438
24.72 -0.002662253
24.73 -0.002952077
24.74 -0.003081455
24.75 -0.002867947
24.76 -0.002854489
24.77 -0.002956879
24.78 -0.002967046
24.79 -0.002946635
24.8 -0.002948609
24.81 -0.003037498
24.82 -0.004111786
24.83 -0.005328813
24.84 -0.005754495
24.85 -0.006959853
24.86 -0.006379328
24.87 -0.003353291
24.88 -0.002446255
24.89 -0.002389382
24.9 0.0003718547
24.91 0.002312373
24.92 0.002026955
24.93 0.001553425
24.94 -0.0005166765
24.95 -0.00294103
24.96 -0.003072068
24.97 -0.003218815
24.98 -0.003996779
24.99 -0.003167111
25 -0.00220392
25.01 0.000358977
25.02 0.002422709
25.03 0.003470136
25.04 0.006028119
25.05 0.00713253
25.06 0.007041716
25.07 0.008566446
25.08 0.01157364
25.09 0.01396186
25.1 0.01608633
25.11 0.01971011
25.12 0.02152063
25.13 0.02128907
25.14 0.02001757
25.15 0.01706356
25.16 0.01416445
25.17 0.01058739
25.18 0.007620482
25.19 0.006653119
25.2 0.005897285
25.21 0.003024671
25.22 0.001785561
25.23 0.002014191
25.24 -0.0003243048
25.25 -0.003484336
25.26 -0.006374611
25.27 -0.008258455
25.28 -0.01037515
25.29 -0.01196781
25.3 -0.01199263
25.31 -0.01173563
25.32 -0.01179367
25.33 -0.0118971
25.34 -0.011893
25.35 -0.01186616
25.36 -0.01183951
25.37 -0.01136055
25.38 -0.009310618
25.39 -0.006977051
25.4 -0.004722981
25.41 -0.002249024
25.42 -0.001777353
25.43 -0.002145804
25.44 -0.002151682
25.45 -0.002046064
25.46 -0.001965184
25.47 -0.001860617
25.48 -0.001827671
25.49 -0.001003407
25.5 0.001918131
25.51 0.003417034
25.52 0.00308339
25.53 0.002889082
25.54 0.003020504
25.55 0.003058414
25.56 0.003035651
25.57 0.00304751
25.58 0.003108045
25.59 0.003174988
25.6 0.003194187
25.61 0.004137918
25.62 0.007204308
25.63 0.008582688
25.64 0.00818415
25.65 0.008255672
25.66 0.009755857
25.67 0.0102239
25.68 0.008611853
25.69 0.007998885
25.7 0.009240538
25.71 0.009415577
25.72 0.008330553
25.73 0.008115371
25.74 0.006930982
25.75 0.003870962
25.76 0.0008561955
25.77 -0.002685516
25.78 -0.005695535
25.79 -0.008312245
25.8 -0.01034668
25.81 -0.01248232
25.82 -0.01494691
25.83 -0.01538839
25.84 -0.01537512
25.85 -0.01689498
25.86 -0.01849048
25.87 -0.01971041
25.88 -0.01993881
25.89 -0.01949008
25.9 -0.01755717
25.91 -0.01515169
25.92 -0.01455647
25.93 -0.01486862
25.94 -0.01454512
25.95 -0.01188025
25.96 -0.009681736
25.97 -0.009773435
25.98 -0.01010965
25.99 -0.009994183
26 -0.00970101
26.01 -0.008589922
26.02 -0.006694194
26.03 -0.005164165
26.04 -0.004764797
26.05 -0.002822803
26.06 0.001279439
26.07 0.004194246
26.08 0.005349592
26.09 0.007246314
26.1 0.00944412
26.11 0.01099204
26.12 0.01323965
26.13 0.01454194
26.14 0.01439755
26.15 0.01416268
26.16 0.01255981
26.17 0.009798492
26.18 0.00923845
26.19 0.008983522
26.2 0.006139727
26.21 0.004496032
26.22 0.003990087
26.23 0.001777253
26.24 0.0001148461
26.25 0.0002492879
26.26 0.0005245132
26.27 0.0004537881
26.28 0.000416192
26.29 0.0004541096
26.3 0.0004712312
26.31 0.000491344
26.32 0.0005624748
26.33 0.0006045699
26.34 0.0006064756
26.35 0.0006117244
26.36 0.000903154
26.37 0.002824374
26.38 0.00526654
26.39 0.005855232
26.4 0.005645784
26.41 0.006788198
26.42 0.007781492
26.43 0.006450408
26.44 0.00543035
26.45 0.005623525
26.46 0.005796522
26.47 0.005502565
26.48 0.003808069
26.49 0.001423478
26.5 0.0007421831
26.51 0.001072188
26.52 0.001185294
26.53 0.0006850866
26.54 -0.002016049
26.55 -0.003906045
26.56 -0.003672738
26.57 -0.003369374
26.58 -0.003472582
26.59 -0.003516109
26.6 -0.003474507
26.61 -0.003459556
26.62 -0.003395827
26.63 -0.003269316
26.64 -0.003057582
26.65 -0.001531741
26.66 0.0009541504
26.67 0.001866218
26.68 0.00163839
26.69 0.002652465
26.7 0.005236698
26.71 0.00659435
26.72 0.006460022
26.73 0.007009728
26.74 0.008710165
26.75 0.01007746
26.76 0.009876026
26.77 0.009224643
26.78 0.009523988
26.79 0.008277565
26.8 0.008293677
26.81 0.00786305
26.82 0.006627257
26.83 0.006411144
26.84 0.00547011
26.85 0.002528148
26.86 0.001230224
26.87 -0.0006079905
26.88 -0.002853621
26.89 -0.003007589
26.9 -0.002562402
26.91 -0.002538776
26.92 -0.002610707
26.93 -0.002596999
26.94 -0.002200131
26.95 -0.0006768014
26.96 0.0001793373
26.97 0.0009150012
26.98 0.002186325
26.99 0.002481945
27 0.002265638
27.01 0.002242652
27.02 0.002357312
27.03 0.002467534
27.04 0.002477434
27.05 0.002454591
27.06 0.002461542
27.07 0.00321363
27.08 0.004675012
27.09 0.003999581
27.1 0.002523541
27.11 0.002402632
27.12 0.002061586
27.13 0.0005238924
27.14 1.706712e-05
27.15 0.000159893
27.16 -0.001161778
27.17 -0.002331018
27.18 -0.002174091
27.19 -0.001981141
27.2 -0.002972151
27.21 -0.003093161
27.22 -0.002038617
27.23 -0.001842288
27.24 -0.002040453
27.25 -0.001960656
27.26 -0.001849396
27.27 -0.001870967
27.28 -0.001461158
27.29 0.0006150533
27.3 0.002803259
27.31 0.003188864
27.32 0.002886993
27.33 0.002863147
27.34 0.002915089
27.35 0.002860815
27.36 0.002042103
27.37 -0.0003366596
27.38 -0.0020805
27.39 -0.001991597
27.4 -0.001651094
27.41 -0.001705105
27.42 -0.001788558
27.43 -0.001788735
27.44 -0.002016699
27.45 -0.003297067
27.46 -0.004224134
27.47 -0.004111917
27.48 -0.003072215
27.49 -0.001753574
27.5 -0.001566776
27.51 -0.001802258
27.52 -0.001850118
27.53 -0.002559121
27.54 -0.003917361
27.55 -0.004448872
27.56 -0.005538425
27.57 -0.006555761
27.58 -0.007251649
27.59 -0.009422491
27.6 -0.01145193
27.61 -0.01302454
27.62 -0.01524509
27.63 -0.01673012
27.64 -0.01867564
27.65 -0.02061303
27.66 -0.02089275
27.67 -0.02062196
27.68 -0.02028325
27.69 -0.01835989
27.7 -0.01609308
27.71 -0.0154906
27.72 -0.01358737
27.73 -0.01107294
27.74 -0.01082824
27.75 -0.01063231
27.76 -0.008294442
27.77 -0.006256659
27.78 -0.006165798
27.79 -0.006484996
27.8 -0.005544844
27.81 -0.00254369
27.82 -0.001249671
27.83 -0.001587266
27.84 -0.001743706
27.85 -0.001991825
27.86 -0.003441671
27.87 -0.004287551
27.88 -0.004034551
27.89 -0.003890975
27.9 -0.00376001
27.91 -0.00244446
27.92 -0.001461476
27.93 -0.00158313
27.94 -0.001766953
27.95 -0.001477925
27.96 0.001070571
27.97 0.003418623
27.98 0.003361253
27.99 0.002951312
28 0.003021026
28.01 0.003162187
28.02 0.003443182
28.03 0.005095716
28.04 0.007481149
28.05 0.008158341
28.06 0.007891359
28.07 0.007925347
28.08 0.008013279
28.09 0.007973667
28.1 0.007933418
28.11 0.007923006
28.12 0.007915828
28.13 0.00798925
28.14 0.008077614
28.15 0.008068117
28.16 0.008034665
28.17 0.007980005
28.18 0.007169134
28.19 0.006910634
28.2 0.007995934
28.21 0.008365087
28.22 0.008176765
28.23 0.008925344
28.24 0.01041438
28.25 0.01074756
28.26 0.01054736
28.27 0.0105626
28.28 0.01058601
28.29 0.009797112
28.3 0.008393301
28.31 0.008069982
28.32 0.008288916
28.33 0.008320219
28.34 0.008345519
28.35 0.008439871
28.36 0.008463179
28.37 0.008443726
28.38 0.008453576
28.39 0.008505899
28.4 0.007880251
28.41 0.005699671
28.42 0.004800366
28.43 0.006056973
28.44 0.006198688
28.45 0.004616976
28.46 0.003771338
28.47 0.003141299
28.48 0.0007446358
28.49 -0.002329557
28.5 -0.00476118
28.51 -0.005538291
28.52 -0.005379016
28.53 -0.006861117
28.54 -0.009746526
28.55 -0.0103996
28.56 -0.009900343
28.57 -0.009317686
28.58 -0.007874926
28.59 -0.00720515
28.6 -0.007492603
28.61 -0.008482637
28.62 -0.008180252
28.63 -0.007565744
28.64 -0.00828119
28.65 -0.00683251
28.66 -0.004627899
28.67 -0.004117611
28.68 -0.002778691
28.69 -0.0002502339
28.7 0.001336349
28.71 0.003468677
28.72 0.006433848
28.73 0.009060837
28.74 0.01016796
28.75 0.01011001
28.76 0.01004776
28.77 0.01016402
28.78 0.01026174
28.79 0.01029212
28.8 0.01036269
28.81 0.009974326
28.82 0.00788956
28.83 0.005802531
28.84 0.005570434
28.85 0.005719668
28.86 0.004452116
28.87 0.003850868
28.88 0.005508222
28.89 0.006468337
28.9 0.006249976
28.91 0.006147125
28.92 0.006263238
28.93 0.006348279
28.94 0.006481111
28.95 0.006574481
28.96 0.006597895
28.97 0.006805685
28.98 0.007907141
28.99 0.008461649
29 0.01050285
29.01 0.01198378
29.02 0.01183108
29.03 0.01163593
29.04 0.01176886
29.05 0.01149738
29.06 0.01010402
29.07 0.008634613
29.08 0.007356849
29.09 0.006090989
29.1 0.005037478
29.11 0.004592617
29.12 0.003409561
29.13 0.002794083
29.14 0.002995901
29.15 0.003129698
29.16 0.003108356
29.17 0.002303529
29.18 -0.0005310286
29.19 -0.001999791
29.2 -0.003407358
29.21 -0.005899422
29.22 -0.006421658
29.23 -0.005844374
29.24 -0.005693387
29.25 -0.005816745
29.26 -0.006788582
29.27 -0.009190176
29.28 -0.01087792
29.29 -0.01250856
29.3 -0.01453877
29.31 -0.01519007
29.32 -0.01668426
29.33 -0.01931703
29.34 -0.0195488
29.35 -0.01719827
29.36 -0.01468467
29.37 -0.01414316
29.38 -0.01442889
29.39 -0.01441422
29.4 -0.01429798
29.41 -0.01384373
29.42 -0.01178316
29.43 -0.009464217
29.44 -0.009006956
29.45 -0.009123913
29.46 -0.007540056
29.47 -0.004844386
29.48 -0.003906939
29.49 -0.004215368
29.5 -0.004271362
29.51 -0.004223477
29.52 -0.005367923
29.53 -0.006857936
29.54 -0.008213788
29.55 -0.008696502
29.56 -0.008531612
29.57 -0.008443181
29.58 -0.008458379
29.59 -0.008418521
29.6 -0.008292839
29.61 -0.008173046
29.62 -0.008043251
29.63 -0.006692113
29.64 -0.004109316
29.65 -0.002520839
29.66 -0.0007077845
29.67 0.0006705526
29.68 -0.0003215573
29.69 -0.002126271
29.7 -0.003122549
29.71 -0.003002175
29.72 -0.002811109
29.73 -0.002778366
29.74 -0.00275859
29.75 -0.002729405
29.76 -0.002707306
29.77 -0.00268805
29.78 -0.002665022
29.79 -0.002577608
29.8 -0.00243739
29.81 -0.002390026
29.82 -0.002390291
29.83 -0.002373323
29.84 -0.002350109
29.85 -0.002332574
29.86 -0.002308739
29.87 -0.002197704
29.88 -0.00207476
29.89 -0.002052077
29.9 -0.00205351
29.91 -0.002076719
29.92 -0.003019734
29.93 -0.005399359
29.94 -0.006915925
29.95 -0.006805891
29.96 -0.006534854
29.97 -0.006465186
29.98 -0.00635845
29.99 -0.00539268
30 -0.005049476
30.01 -0.004793017
30.02 -0.003523113
30.03 -0.001829889
30.04 -0.0004822697
30.05 0.0008172125
30.06 0.001130124
30.07 0.001291306
30.08 0.002716766
30.09 0.003618672
30.1 0.003470937
30.11 0.003345442
30.12 0.003431894
30.13 0.003567266
30.14 0.003225318
30.15 0.001753836
30.16 0.0009846148
30.17 0.0002985468
30.18 -0.0009260809
30.19 -0.000942439
30.2 0.0002812543
30.21 0.0003142814
30.22 0.001649661
30.23 0.003844566
30.24 0.004215187
30.25 0.003857118
30.26 0.003860977
30.27 0.003976168
30.28 0.004564692
30.29 0.006699722
30.3 0.008806134
30.31 0.009095534
30.32 0.008845366
30.33 0.008912359
30.34 0.008987805
30.35 0.008967884
30.36 0.008958421
30.37 0.008969264
30.38 0.009029198
30.39 0.009859189
30.4 0.01173564
30.41 0.01352554
30.42 0.01407668
30.43 0.01512251
30.44 0.01814449
30.45 0.0192646
30.46 0.01880358
30.47 0.01887056
30.48 0.02000884
30.49 0.0196612
30.5 0.01882813
30.51 0.0188809
30.52 0.01904787
30.53 0.01878536
30.54 0.01646015
30.55 0.01409071
30.56 0.01369191
30.57 0.01268832
30.58 0.01115275
30.59 0.009736401
30.6 0.009339413
30.61 0.008391492
30.62 0.005986691
30.63 0.004615672
30.64 0.004839931
30.65 0.005064553
30.66 0.005001688
30.67 0.004941525
30.68 0.00388874
30.69 0.002616147
30.7 0.002337771
30.71 0.001196904
30.72 -0.0002791792
30.73 -0.001685426
30.74 -0.002147038
30.75 -0.001992957
30.76 -0.002060357
30.77 -0.003068204
30.78 -0.003241694
30.79 -0.003536843
30.8 -0.004350383
30.81 -0.005072651
30.82 -0.006289661
30.83 -0.006654537
30.84 -0.005322323
30.85 -0.002847901
30.86 -0.001565328
30.87 -0.001389693
30.88 -0.0001514024
30.89 0.0008391182
30.9 0.0007654592
30.91 0.0005965736
30.92 0.0006297239
30.93 0.0004761046
30.94 -0.0007852609
30.95 -0.001854885
30.96 -0.001825511
30.97 -0.001682635
30.98 -0.002349054
30.99 -0.003807035
31 -0.005272111
31.01 -0.006455577
31.02 -0.006557649
31.03 -0.006710754
31.04 -0.007708903
31.05 -0.007650867
31.06 -0.0082778
31.07 -0.00893992
31.08 -0.008864818
31.09 -0.008670389
31.1 -0.008464191
31.11 -0.006856131
31.12 -0.00445443
31.13 -0.003716596
31.14 -0.003993585
31.15 -0.004106183
31.16 -0.004974628
31.17 -0.006502259
31.18 -0.007903594
31.19 -0.008865386
31.2 -0.008928099
31.21 -0.008820471
31.22 -0.008868797
31.23 -0.008858606
31.24 -0.008757337
31.25 -0.008754329
31.26 -0.008807321
31.27 -0.008840602
31.28 -0.008854974
31.29 -0.008196157
31.3 -0.005885565
31.31 -0.004018791
31.32 -0.00399983
31.33 -0.004313808
31.34 -0.003816482
31.35 -0.002797223
31.36 -0.002074197
31.37 -0.0008097264
31.38 -0.0004114194
31.39 -0.001278741
31.4 -0.003628093
31.41 -0.00465059
31.42 -0.00436226
31.43 -0.0042934
31.44 -0.005591591
31.45 -0.008153627
31.46 -0.009414472
31.47 -0.009234158
31.48 -0.009773061
31.49 -0.01127241
31.5 -0.01102056
31.51 -0.009495815
31.52 -0.009497484
31.53 -0.01071868
31.54 -0.01070647
31.55 -0.01057469
31.56 -0.009739664
31.57 -0.009314997
31.58 -0.009215093
31.59 -0.007924226
31.6 -0.006441439
31.61 -0.00505802
31.62 -0.005314475
31.63 -0.006802792
31.64 -0.007168156
31.65 -0.007186878
31.66 -0.008607652
31.67 -0.009499507
31.68 -0.009279962
31.69 -0.009039512
31.7 -0.0079904
31.71 -0.006508177
31.72 -0.005047826
31.73 -0.003700377
31.74 -0.001583368
31.75 0.0002617843
31.76 0.000518962
31.77 0.0003437234
31.78 0.0003666282
31.79 0.0004012256
31.8 0.000427146
31.81 0.001388601
31.82 0.00253655
31.83 0.001434656
31.84 0.0006636905
31.85 0.002232533
31.86 0.003951282
31.87 0.005045224
31.88 0.005442292
31.89 0.007047481
31.9 0.009341514
31.91 0.01145649
31.92 0.01391219
31.93 0.01444238
31.94 0.01398196
31.95 0.01384812
31.96 0.01385346
31.97 0.01378753
31.98 0.01372594
31.99 0.01364286
32 0.0135298
32.01 0.01285674
32.02 0.01064432
32.03 0.008725609
32.04 0.008535561
32.05 0.008723846
32.06 0.008193308
32.07 0.007320756
32.08 0.008060808
32.09 0.008612528
32.1 0.008391598
32.11 0.008252869
32.12 0.008253924
32.13 0.00820287
32.14 0.008147535
32.15 0.008070533
32.16 0.007972315
32.17 0.007875584
32.18 0.007781669
32.19 0.007685825
32.2 0.007593373
32.21 0.007542307
32.22 0.007487242
32.23 0.007386913
32.24 0.00724434
32.25 0.006316242
32.26 0.004068699
32.27 0.002374472
32.28 0.0008493726
32.29 -0.001050653
32.3 -0.001605808
32.31 -0.00134767
32.32 -0.001689842
32.33 -0.003821293
32.34 -0.004104315
32.35 -0.003147875
32.36 -0.002210305
32.37 -0.001239999
32.38 -0.001092199
32.39 -0.001232785
32.4 -0.001188877
32.41 -0.001139956
32.42 -0.0009894861
32.43 -0.0001650427
32.44 -8.243578e-05
32.45 -0.000108612
32.46 0.0005784947
32.47 0.001576258
32.48 0.001283903
32.49 0.002027038
32.5 0.0028179
32.51 0.003461885
32.52 0.005293782
32.53 0.006474095
32.54 0.006268129
32.55 0.006015117
32.56 0.006071138
32.57 0.006031211
32.58 0.005528092
32.59 0.003357418
32.6 0.001815161
32.61 0.001911434
32.62 0.002084
32.63 0.001949246
32.64 0.001615412
32.65 0.0002101433
32.66 -0.001539612
32.67 -0.002021516
32.68 -0.003377498
32.69 -0.005169882
32.7 -0.005228907
32.71 -0.004737656
32.72 -0.003472928
32.73 -0.001501661
32.74 -0.001052541
32.75 -0.00167131
32.76 -0.003234964
32.77 -0.004580751
32.78 -0.004636035
32.79 -0.004367094
32.8 -0.004306034
32.81 -0.004241457
32.82 -0.004143358
32.83 -0.004039458
32.84 -0.00394882
32.85 -0.003883429
32.86 -0.003820471
32.87 -0.003752467
32.88 -0.003684045
32.89 -0.003599422
32.9 -0.003468032
32.91 -0.003348276
32.92 -0.003050373
32.93 -0.002404944
32.94 -0.002322278
32.95 -0.001777474
32.96 -0.00142204
32.97 -0.001461784
32.98 -0.001476326
32.99 -0.00139437
33 -0.001317671
33.01 -0.001285088
33.02 -0.001258023
33.03 -0.001204281
33.04 -0.001135969
33.05 -0.001091936
33.06 -0.001310469
33.07 -0.002503502
33.08 -0.003130946
33.09 -0.002373578
33.1 -0.001980243
33.11 -0.002000376
33.12 -0.001898541
33.13 -0.001200484
33.14 -0.0006223331
33.15 -0.001324912
33.16 -0.001876165
33.17 -0.001641584
33.18 -0.0008406359
33.19 -0.0002432181
33.2 0.0001041127
33.21 0.0007979377
33.22 0.001080005
33.23 0.000991949
33.24 0.001187069
33.25 0.001959336
33.26 0.002184163
33.27 0.001419868
33.28 0.0008044715
33.29 0.001161066
33.3 0.001456257
33.31 0.0009526696
33.32 0.0005465549
33.33 2.818923e-06
33.34 -0.0002541076
33.35 -0.0001844716
33.36 -0.0001433271
33.37 -0.0001604402
33.38 -0.0001615341
33.39 -0.0003136496
33.4 -0.001384051
33.41 -0.002172656
33.42 -0.002026307
33.43 -0.001801351
33.44 -0.001750934
33.45 -0.001883187
33.46 -0.002393206
33.47 -0.002880307
33.48 -0.003180804
33.49 -0.003089862
33.5 -0.002906134
33.51 -0.00277577
33.52 -0.002645431
33.53 -0.002515502
33.54 -0.002200881
33.55 -0.00186276
33.56 -0.00204932
33.57 -0.002100027
33.58 -0.002055056
33.59 -0.002144073
33.6 -0.001787639
33.61 -0.001502037
33.62 -0.001299105
33.63 -0.0007858344
33.64 -0.0005091495
33.65 -0.0005011985
33.66 -0.0004562564
33.67 -0.0001998406
33.68 0.0004400315
33.69 0.0007339763
33.7 0.0007775573
33.71 0.0009442442
33.72 0.001000635
33.73 0.0009741676
33.74 0.0009660178
33.75 0.0009736613
33.76 0.000983322
33.77 0.0009839709
33.78 0.0009859581
33.79 0.0009900689
33.8 0.001074572
33.81 0.001354116
33.82 0.00161142
33.83 0.001784872
33.84 0.001758277
33.85 0.001748423
33.86 0.001933637
33.87 0.001966858
33.88 0.00185125
33.89 0.001766341
33.9 0.001707215
33.91 0.001724472
33.92 0.001842462
33.93 0.00181334
33.94 0.001702342
33.95 0.001614419
33.96 0.001525832
33.97 0.001329325
33.98 0.001064461
33.99 0.0008379981
34 0.0007001374
34.01 0.0006588095
34.02 0.0006166878
34.03 0.0004668665
34.04 0.0002933974
34.05 0.0001407575
34.06 7.709751e-05
34.07 7.630067e-05
34.08 -4.252039e-07
34.09 -3.279218e-05
34.1 -3.142971e-05
34.11 2.157032e-05
34.12 5.51095e-05
34.13 -1.516009e-05
34.14 -3.928785e-05
34.15 -5.865736e-05
34.16 -9.950309e-05
34.17 -9.901016e-05
34.18 -9.206516e-05
34.19 -0.0001513727
34.2 -0.0002007982
34.21 -0.0001874232
34.22 -0.0001965819
34.23 -0.0001941535
34.24 -0.0001388254
34.25 -0.000114832
34.26 -0.0001132747
34.27 -0.0001055706
34.28 -9.130373e-05
34.29 -4.029945e-05
34.3 3.734666e-05
34.31 6.130737e-05
34.32 4.490189e-05
34.33 3.548728e-05
34.34 3.303222e-05
34.35 2.62473e-05
34.36 1.78581e-05
34.37 4.690188e-07
34.38 -3.043445e-05
34.39 -3.985114e-05
34.4 -3.641018e-05
34.41 -3.662614e-05
34.42 -4.442007e-05
34.43 -6.323653e-05
34.44 -6.838245e-05
34.45 -6.237316e-05
34.46 -5.831969e-05
34.47 -5.595309e-05
34.48 -5.272498e-05
34.49 -4.976157e-05
34.5 -4.71975e-05
34.51 -4.468051e-05
34.52 -4.260031e-05
34.53 -4.066749e-05
34.54 -3.856765e-05
34.55 -3.67835e-05
34.56 -3.52824e-05
34.57 -3.365032e-05
34.58 -3.211037e-05
34.59 -3.39827e-05
34.6 -4.118944e-05
34.61 -4.09417e-05
34.62 -3.581486e-05
34.63 -3.199714e-05
34.64 -2.913632e-05
34.65 -2.623642e-05
34.66 -2.34514e-05
34.67 -2.089611e-05
34.68 -1.864865e-05
34.69 -1.668964e-05
34.7 -1.40813e-05
34.71 -1.034978e-05
34.72 -8.859912e-06
34.73 -8.780837e-06
34.74 -8.577763e-06
34.75 -8.612501e-06
34.76 -8.465138e-06
34.77 -8.050167e-06
34.78 -7.232515e-06
34.79 -6.30326e-06
34.8 -5.467402e-06
34.81 -4.684609e-06
34.82 -3.894117e-06
34.83 -3.115972e-06
34.84 -2.439168e-06
34.85 -1.840773e-06
34.86 -1.280652e-06
34.87 -6.9214e-07
34.88 -9.924156e-08
34.89 5.038224e-07
34.9 1.126003e-06
34.91 1.78222e-06
34.92 2.473466e-06
34.93 3.194945e-06
34.94 3.942553e-06
34.95 4.712761e-06
34.96 5.502542e-06
34.97 6.30881e-06
34.98 7.129197e-06
